3.040874842554330826e-03,2.707628300413489342e-03,2.384795574471354485e-03,2.822181675583124161e-03,2.822181675583124161e-03,2.936735283583402634e-03,2.468107268214225769e-03,2.738869981840252876e-03
1.353814150206744671e-03,2.749284030869603157e-03,2.311897929757833481e-03,2.020307118073105812e-03,2.728456165641546249e-03,2.645144471898674965e-03,2.551418961957097054e-03,1.270502456463873386e-03
9.893256938084959984e-04,1.916167675517499447e-03,1.280916389077901840e-03,1.499609439633786678e-03,2.145274775102734566e-03,2.478521317243576050e-03,1.843270030803978443e-03,5.519395926967263222e-04
1.010153559036552906e-03,8.227024227380752563e-04,7.810465758666396141e-04,2.020307118073105812e-03,1.603748998604714870e-03,7.289768545888364315e-04,1.645404845476150513e-03,1.239260658621788025e-03
1.010153559036552906e-03,1.926581608131527901e-03,1.707888557575643063e-03,2.020307118073105812e-03,1.676646759733557701e-03,1.114293118007481098e-03,1.291330438107252121e-03,1.103879185393452644e-03
6.560791516676545143e-04,1.083051320165395737e-03,7.393907872028648853e-04,1.010153559036552906e-03,1.270502456463873386e-03,1.270502456463873386e-03,6.664930842816829681e-04,3.644884272944182158e-04
1.041395444190129638e-04,1.051809405907988548e-03,1.562093151733279228e-03,1.114293118007481098e-03,4.998698132112622261e-04,1.197604811750352383e-03,1.541265286505222321e-03,4.686279571615159512e-04
6.560791516676545143e-04,1.301744370721280575e-03,1.270502456463873386e-03,4.061442450620234013e-04,7.289768545888364315e-04,1.489195507019758224e-03,1.353814150206744671e-03,3.957302833441644907e-04
1.041395473293960094e-03,9.997396264225244522e-04,5.102838040329515934e-04,0.000000000000000000e+00,1.457953621866181493e-04,8.435303461737930775e-04,4.790419188793748617e-04,2.603488683234900236e-04
1.114293118007481098e-03,1.103879185393452644e-03,1.062223338522017002e-03,2.707628300413489342e-04,1.218432676978409290e-03,7.498047198168933392e-04,6.664930842816829681e-04,1.135121099650859833e-03
2.103618811815977097e-03,2.488935133442282677e-03,1.468367641791701317e-03,1.385055948048830032e-03,2.280656015500426292e-03,1.968237338587641716e-03,9.060140582732856274e-04,1.874511828646063805e-03
1.926581608131527901e-03,1.510023488663136959e-03,1.312158303335309029e-03,1.332986168563365936e-03,1.197604811750352383e-03,1.062223338522017002e-03,5.831814487464725971e-04,1.457953709177672863e-03
1.791200251318514347e-03,1.874511828646063805e-03,1.385055948048830032e-03,9.060140582732856274e-04,1.010153559036552906e-03,9.684977703727781773e-04,2.291069977218285203e-04,4.373861011117696762e-04
1.926581608131527901e-03,3.332465421408414841e-03,2.311897929757833481e-03,9.060140582732856274e-04,1.551679219119250774e-03,2.416037488728761673e-03,1.374642015434801579e-03,9.372558997711166739e-05
3.020046977326273918e-03,2.541004912927746773e-03,1.478781574405729771e-03,5.415256600826978683e-04,1.468367641791701317e-03,1.666232710704207420e-03,5.102838040329515934e-04,1.187190879136323929e-03
2.103618811815977097e-03,1.343400101177394390e-03,1.395469880662858486e-03,1.791200251318514347e-03,1.332986168563365936e-03,7.393907872028648853e-04,9.372559143230319023e-04,1.270502456463873386e-03
1.124707050621509552e-03,3.228326095268130302e-04,1.687060692347586155e-03,1.353814150206744671e-03,1.062223338522017002e-03,1.499609439633786678e-03,1.936995540745556355e-03,1.582921133376657963e-03
1.697474624961614609e-03,1.572507200762629509e-03,6.456652190536260605e-04,4.373861011117696762e-04,1.103879185393452644e-03,1.249674591235816479e-03,1.124707050621509552e-03,1.270502456463873386e-03
1.916167675517499447e-03,1.593335065990686417e-03,6.456652190536260605e-04,8.018744993023574352e-04,1.364228082820773125e-03,1.572507200762629509e-03,7.393907872028648853e-04,8.747722022235393524e-04
2.228586236014962196e-03,1.208018744364380836e-03,1.770372269675135612e-03,1.353814150206744671e-03,3.332465421408414841e-04,1.624576980248093605e-03,1.468367641791701317e-03,1.249674591235816479e-03
7.602187106385827065e-04,1.572507200762629509e-03,1.822442049160599709e-03,1.322572235949337482e-03,9.893256938084959984e-04,1.447539660148322582e-03,1.291330438107252121e-03,7.289768545888364315e-04
1.447539660148322582e-03,1.530851353891193867e-03,1.353814150206744671e-03,1.364228082820773125e-03,2.249414101243019104e-03,1.864097896032035351e-03,7.810465758666396141e-04,1.155948964878916740e-03
1.801614183932542801e-03,1.801614183932542801e-03,1.228846609592437744e-03,1.280916389077901840e-03,2.457693219184875488e-03,2.509762998670339584e-03,7.602187106385827065e-04,1.208018744364380836e-03
9.476699051447212696e-04,5.935954395681619644e-04,4.478000628296285868e-04,2.145274775102734566e-03,2.374381758272647858e-03,1.853683963418006897e-03,1.447539660148322582e-03,1.176776830106973648e-03
4.686279571615159512e-04,1.145535032264888287e-03,1.832855981774628162e-03,1.666232710704207420e-03,8.122884901240468025e-04,4.373861011117696762e-04,1.322572235949337482e-03,9.893256938084959984e-04
1.291330438107252121e-03,1.135121099650859833e-03,1.051809405907988548e-03,1.676646759733557701e-03,1.551679219119250774e-03,1.645404845476150513e-03,1.551679219119250774e-03,2.030721167102456093e-03
1.426711794920265675e-03,1.530851353891193867e-03,1.062223338522017002e-03,9.997396264225244522e-04,1.707888557575643063e-03,1.572507200762629509e-03,1.530851353891193867e-03,1.405883929692208767e-03
1.936995540745556355e-03,1.541265286505222321e-03,4.478000628296285868e-04,1.166362897492945194e-03,1.989065436646342278e-03,1.093465252779424191e-03,8.956001256592571735e-04,1.176776830106973648e-03
7.914605666883289814e-04,2.020307118073105812e-03,1.426711794920265675e-03,4.894558805972337723e-04,1.124707050621509552e-03,2.186930505558848381e-03,2.239000285044312477e-03,1.239260658621788025e-03
1.312158303335309029e-03,2.478521317243576050e-03,2.030721167102456093e-03,8.227024227380752563e-04,1.239260658621788025e-03,2.124446677044034004e-03,1.884925761260092258e-03,1.072637387551367283e-03
1.718302490189671516e-03,1.780786202289164066e-03,1.812028116546571255e-03,1.676646759733557701e-03,1.353814150206744671e-03,1.218432676978409290e-03,9.476699051447212696e-04,2.061963081359863281e-03
1.614162931218743324e-03,2.155688591301441193e-03,2.405623439699411392e-03,1.520437421277165413e-03,1.197604811750352383e-03,2.041135216131806374e-03,3.165842266753315926e-03,2.509762998670339584e-03
8.018744993023574352e-04,2.114032860845327377e-03,3.124186303466558456e-03,2.239000285044312477e-03,1.385055948048830032e-03,2.332725794985890388e-03,2.780525945127010345e-03,1.614162931218743324e-03
3.644884272944182158e-04,3.509502625092864037e-03,3.967716824263334274e-03,2.645144471898674965e-03,2.249414101243019104e-03,3.259567776694893837e-03,3.363707335665822029e-03,2.239000285044312477e-03
2.291069977218285203e-04,4.269721452146768570e-03,5.363186821341514587e-03,2.405623439699411392e-03,1.176776830106973648e-03,1.999479252845048904e-03,3.145014401525259018e-03,3.040874842554330826e-03
1.895339810289442539e-03,5.071595776826143265e-03,8.008331060409545898e-03,4.582140129059553146e-03,1.707888557575643063e-03,3.082530573010444641e-03,4.425930790603160858e-03,4.634209908545017242e-03
4.686279688030481339e-03,5.988024175167083740e-03,9.580838494002819061e-03,8.133298717439174652e-03,4.405102692544460297e-03,3.540744539350271225e-03,6.133819464594125748e-03,6.748242769390344620e-03
4.415516741573810577e-03,6.175475195050239563e-03,9.330903179943561554e-03,7.196042686700820923e-03,3.165842266753315926e-03,3.655298147350549698e-03,5.029940046370029449e-03,6.352512165904045105e-03
1.499609439633786678e-03,5.748502910137176514e-03,8.122884668409824371e-03,4.769591148942708969e-03,1.208018744364380836e-03,2.686800202354788780e-03,3.998958505690097809e-03,3.946888726204633713e-03
3.519916674122214317e-03,7.800051942467689514e-03,1.155949011445045471e-02,7.487633265554904938e-03,3.426191164180636406e-03,3.342879470437765121e-03,5.498568061739206314e-03,7.789637893438339233e-03
9.560010395944118500e-03,1.303827110677957535e-02,1.375683397054672241e-02,8.997656404972076416e-03,6.894038058817386627e-03,3.103358438238501549e-03,9.674564003944396973e-03,1.247591804713010788e-02
1.104920636862516403e-02,1.485029980540275574e-02,1.034105662256479263e-02,5.758916959166526794e-03,5.946367979049682617e-03,1.064306125044822693e-02,1.452746707946062088e-02,1.040354091674089432e-02
3.103358438238501549e-03,5.977610126137733459e-03,7.862536236643791199e-03,8.758136071264743805e-03,4.457172472029924393e-03,8.133298717439174652e-03,1.265295501798391342e-02,8.601926267147064209e-03
7.893777452409267426e-03,4.186409991234540939e-03,1.254881545901298523e-02,1.388180162757635117e-02,5.696433130651712418e-03,4.405102692544460297e-03,1.152824796736240387e-02,1.316323876380920410e-02
2.287945896387100220e-02,7.425149902701377869e-03,2.230669185519218445e-02,2.379588596522808075e-02,1.367352250963449478e-02,1.072637364268302917e-02,3.886488080024719238e-02,4.480083286762237549e-02
5.130955576896667480e-02,2.115074172616004944e-02,5.180942639708518982e-02,3.900026157498359680e-02,2.701379917562007904e-02,2.390002645552158356e-02,8.275970071554183960e-02,9.881801903247833252e-02
5.271543934941291809e-02,3.024212457239627838e-02,5.638115108013153076e-02,4.032283276319503784e-02,2.795105427503585815e-02,2.732621692121028900e-02,8.357198536396026611e-02,9.842228889465332031e-02
2.656599879264831543e-02,3.891694918274879456e-02,4.317625612020492554e-02,3.793803602457046509e-02,2.441030927002429962e-02,2.660765498876571655e-02,4.737307876348495483e-02,3.998958691954612732e-02
3.979172185063362122e-02,6.221296638250350952e-02,8.252017945051193237e-02,6.805519759654998779e-02,4.563394933938980103e-02,3.146055713295936584e-02,9.631866961717605591e-02,9.579797089099884033e-02
6.826347112655639648e-02,6.152564287185668945e-02,9.316323697566986084e-02,1.017026826739311218e-01,9.414215385913848877e-02,3.401197493076324463e-02,1.534912735223770142e-01,1.676230132579803467e-01
1.217703744769096375e-01,1.899505406618118286e-02,9.977609664201736450e-02,1.930955499410629272e-01,1.675188690423965454e-01,2.520176954567432404e-02,1.951158493757247925e-01,2.366571277379989624e-01
1.707888543605804443e-01,5.218432843685150146e-02,1.836292594671249390e-01,2.892788350582122803e-01,2.119656354188919067e-01,5.148659273982048035e-02,2.832804024219512939e-01,3.225201666355133057e-01
1.083155423402786255e-01,6.657641381025314331e-02,1.494506597518920898e-01,1.892736256122589111e-01,1.209476664662361145e-01,6.924238801002502441e-02,2.083728164434432983e-01,2.112887203693389893e-01
5.871387571096420288e-02,4.667534679174423218e-02,6.427492946386337280e-02,7.739651203155517578e-02,6.979432702064514160e-02,3.464722633361816406e-02,7.326216995716094971e-02,9.235095232725143433e-02
4.079145938158035278e-02,1.374641992151737213e-02,3.771934285759925842e-02,5.910960584878921509e-02,4.266597330570220947e-02,1.539182476699352264e-02,6.788857281208038330e-02,7.776100188493728638e-02
2.367091923952102661e-02,8.247852325439453125e-03,3.252277895808219910e-02,5.820359289646148682e-02,3.771934285759925842e-02,3.243947029113769531e-02,7.733402401208877563e-02,6.897161900997161865e-02
2.052590437233448029e-02,2.087997831404209137e-02,4.494662955403327942e-02,5.973444506525993347e-02,2.744077146053314209e-02,4.165581986308097839e-02,8.526945859193801880e-02,7.019005715847015381e-02
1.742254570126533508e-02,2.456652000546455383e-02,3.938557580113410950e-02,3.842749446630477905e-02,8.810205385088920593e-03,3.831293806433677673e-02,6.698255985975265503e-02,5.390262976288795471e-02
1.888049952685832977e-02,1.466284785419702530e-02,1.054933574050664902e-02,5.498568061739206314e-03,1.204894576221704483e-02,2.333767339587211609e-02,2.787815593183040619e-02,2.325436100363731384e-02
1.854725368320941925e-02,1.819317974150180817e-02,1.860973797738552094e-02,2.409789152443408966e-02,2.116115577518939972e-02,1.965113170444965363e-02,1.869304850697517395e-02,1.954699307680130005e-02
6.508721504360437393e-03,1.775579340755939484e-02,3.447018936276435852e-02,3.719864785671234131e-02,2.116115577518939972e-02,2.056756056845188141e-02,2.246290072798728943e-02,1.992189511656761169e-02
1.194480620324611664e-02,1.674563996493816376e-02,2.821140363812446594e-02,3.208539262413978577e-02,2.362926304340362549e-02,2.109867148101329803e-02,2.484769560396671295e-02,1.627701148390769958e-02
1.677688024938106537e-02,3.814631700515747070e-02,4.141629859805107117e-02,2.855506353080272675e-02,1.304868515580892563e-02,4.321791231632232666e-02,5.052850767970085144e-02,2.193178795278072357e-02
2.724290639162063599e-02,5.656860023736953735e-02,4.904972761869430542e-02,3.168966248631477356e-02,1.127831265330314636e-02,4.958083853125572205e-02,6.481645256280899048e-02,3.197083994746208191e-02
2.234834618866443634e-02,4.378026723861694336e-02,3.481385111808776855e-02,1.738088950514793396e-02,1.251757331192493439e-02,3.212704882025718689e-02,4.414475336670875549e-02,2.117156982421875000e-02
9.487112984061241150e-03,1.992189511656761169e-02,2.420203015208244324e-02,1.675605401396751404e-02,6.633689161390066147e-03,1.105961948633193970e-02,1.927622966468334198e-02,1.490236911922693253e-02
1.313199661672115326e-02,2.650351449847221375e-02,4.819578304886817932e-02,4.027076438069343567e-02,1.477740146219730377e-02,1.033064350485801697e-02,2.933610975742340088e-02,3.382452577352523804e-02
1.809945330023765564e-02,1.151783391833305359e-02,3.656339645385742188e-02,4.238479584455490112e-02,2.150481566786766052e-02,1.089299656450748444e-02,2.723249234259128571e-02,3.015881218016147614e-02
4.017703607678413391e-02,1.134079694747924805e-02,4.384274780750274658e-02,5.674564093351364136e-02,2.619109675288200378e-02,2.179640717804431915e-02,5.895339697599411011e-02,6.399375200271606445e-02
1.500338464975357056e-01,1.907107532024383545e-01,2.736370861530303955e-01,1.634366065263748169e-01,6.303566694259643555e-02,2.055298089981079102e-01,4.543608427047729492e-01,4.359906315803527832e-01
2.265347540378570557e-01,5.113564133644104004e-01,6.570580601692199707e-01,3.334235846996307373e-01,8.151002228260040283e-02,4.883832335472106934e-01,1.000000000000000000e+00,9.051809310913085938e-01
1.469409018754959106e-01,4.854465126991271973e-01,6.146524548530578613e-01,3.164176046848297119e-01,5.988023802638053894e-02,4.198385775089263916e-01,8.541942238807678223e-01,7.641447782516479492e-01
1.072220802307128906e-01,2.460296750068664551e-01,3.369851708412170410e-01,2.031450122594833374e-01,5.411090701818466187e-02,1.342254579067230225e-01,3.421609103679656982e-01,3.502317070960998535e-01
1.623952090740203857e-01,1.317365318536758423e-01,2.490913867950439453e-01,2.303670942783355713e-01,9.507940709590911865e-02,8.749804645776748657e-02,1.015048176050186157e-01,2.067065834999084473e-01
1.030773222446441650e-01,1.216870620846748352e-01,2.495912462472915649e-01,2.079354375600814819e-01,6.291069835424423218e-02,8.453007042407989502e-02,1.320385336875915527e-01,1.870658695697784424e-01
2.843009680509567261e-02,7.836500555276870728e-02,1.313928663730621338e-01,9.994272142648696899e-02,1.815152354538440704e-02,4.177037253975868225e-02,7.460556924343109131e-02,8.298880606889724731e-02
3.771934285759925842e-02,4.795626178383827209e-02,1.029106974601745605e-01,9.965113550424575806e-02,3.939599171280860901e-02,2.723249234259128571e-02,6.683675944805145264e-02,7.229367643594741821e-02
5.954699218273162842e-02,4.066649451851844788e-02,9.935954213142395020e-02,9.796407073736190796e-02,4.585264250636100769e-02,1.494402531534433365e-02,7.341837882995605469e-02,9.793283045291900635e-02
5.536058172583580017e-02,3.231450170278549194e-02,8.589430153369903564e-02,7.466805726289749146e-02,3.057537041604518890e-02,1.618328504264354706e-02,7.083571702241897583e-02,9.778703749179840088e-02
3.418901190161705017e-02,2.464983053505420685e-02,6.627440452575683594e-02,6.191096082329750061e-02,2.347305417060852051e-02,1.032022945582866669e-02,3.608435392379760742e-02,5.678729340434074402e-02
2.224420756101608276e-02,1.531892735511064529e-02,3.710491955280303955e-02,3.489716351032257080e-02,1.555844862014055252e-02,1.247591804713010788e-02,2.292111515998840332e-02,3.184587508440017700e-02
2.650351449847221375e-02,2.382712811231613159e-02,3.252277895808219910e-02,2.234834618866443634e-02,6.331684533506631851e-03,1.227805297821760178e-02,2.363967709243297577e-02,3.515751287341117859e-02
5.135121196508407593e-02,7.984378933906555176e-02,7.861494272947311401e-02,4.585264250636100769e-02,2.002603560686111450e-02,2.481645345687866211e-02,3.360583260655403137e-02,3.589690104126930237e-02
7.267899066209793091e-02,1.457224637269973755e-01,1.348398923873901367e-01,5.934912711381912231e-02,3.180421888828277588e-02,6.511846184730529785e-02,1.000676900148391724e-01,6.169226765632629395e-02
1.112106218934059143e-01,1.657172590494155884e-01,1.251444965600967407e-01,5.033064261078834534e-02,4.264514520764350891e-02,6.147357448935508728e-02,8.723770081996917725e-02,5.904712155461311340e-02
1.452642530202865601e-01,2.282114028930664062e-01,1.693413108587265015e-01,3.932309150695800781e-02,6.952355802059173584e-02,5.602707713842391968e-02,7.993751764297485352e-02,2.032803930342197418e-02
1.360062509775161743e-01,2.452069818973541260e-01,2.134548276662826538e-01,6.656599789857864380e-02,8.459255099296569824e-02,1.098984628915786743e-01,7.846914976835250854e-02,3.826086968183517456e-02
6.596198678016662598e-02,1.341942250728607178e-01,1.530538946390151978e-01,7.172090560197830200e-02,6.189013272523880005e-02,1.364644616842269897e-01,1.416297852993011475e-01,9.925540536642074585e-02
1.327779237180948257e-02,9.364227950572967529e-02,1.106690987944602966e-01,7.177297770977020264e-02,3.402239084243774414e-02,1.358604580163955688e-01,1.849205940961837769e-01,1.246654540300369263e-01
2.548294700682163239e-02,9.971361607313156128e-02,1.016297861933708191e-01,8.156209439039230347e-02,1.601666212081909180e-02,1.331528276205062866e-01,1.810778379440307617e-01,1.045352742075920105e-01
3.199166804552078247e-02,4.404061287641525269e-02,8.886227756738662720e-02,7.706326246261596680e-02,2.103618904948234558e-02,9.371517598628997803e-02,1.187086701393127441e-01,7.286643981933593750e-02
1.839104481041431427e-02,3.864618763327598572e-02,6.552460044622421265e-02,4.339494928717613220e-02,1.385055948048830032e-02,4.575891792774200439e-02,6.611819565296173096e-02,6.228586286306381226e-02
2.011976018548011780e-02,4.144753888249397278e-02,5.448581278324127197e-02,3.378286957740783691e-02,1.218432653695344925e-02,2.584743499755859375e-02,5.653735995292663574e-02,5.546472221612930298e-02
2.368133328855037689e-02,3.769851475954055786e-02,4.496745765209197998e-02,3.487633541226387024e-02,2.672220766544342041e-02,3.782348334789276123e-02,4.336370900273323059e-02,3.595938533544540405e-02
3.138766065239906311e-02,3.232491388916969299e-02,3.545951470732688904e-02,2.970059961080551147e-02,4.396771639585494995e-02,5.217391252517700195e-02,4.599843919277191162e-02,3.997917100787162781e-02
1.916167698800563812e-02,2.527466788887977600e-02,2.975266799330711365e-02,2.927362732589244843e-02,3.813590109348297119e-02,4.091642796993255615e-02,3.785472363233566284e-02,3.533454984426498413e-02
7.081489078700542450e-03,2.481645345687866211e-02,2.545170485973358154e-02,1.950533688068389893e-02,2.619109675288200378e-02,2.869044430553913116e-02,3.645925596356391907e-02,2.886748313903808594e-02
2.900286391377449036e-02,3.227284550666809082e-02,4.133298620581626892e-02,2.890913747251033783e-02,1.668315567076206207e-02,3.387659415602684021e-02,5.025774613022804260e-02,4.710231721401214600e-02
3.950012847781181335e-02,3.323093056678771973e-02,4.480083286762237549e-02,4.415516927838325500e-02,9.601666592061519623e-03,3.297058120369911194e-02,4.389481991529464722e-02,4.714397341012954712e-02
4.297839105129241943e-02,2.671179361641407013e-02,3.967716917395591736e-02,5.135121196508407593e-02,2.265035174787044525e-02,2.244207262992858887e-02,3.032543696463108063e-02,4.118718951940536499e-02
3.131476044654846191e-02,9.518354199826717377e-03,2.340015582740306854e-02,3.403280302882194519e-02,1.857849583029747009e-02,6.331684533506631851e-03,1.634990796446800232e-02,3.123144991695880890e-02
1.460036449134349823e-02,8.029159158468246460e-03,1.379849016666412354e-02,2.328560315072536469e-02,2.265035174787044525e-02,4.530070349574089050e-03,1.458995044231414795e-02,2.116115577518939972e-02
2.635771967470645905e-02,1.541265286505222321e-02,1.856808178126811981e-02,2.746159769594669342e-02,2.230669185519218445e-02,6.644103210419416428e-03,3.112731128931045532e-02,4.080187529325485229e-02
2.865920402109622955e-02,9.060140699148178101e-03,2.690965868532657623e-02,1.797448657453060150e-02,1.418380625545978546e-02,1.128872670233249664e-02,3.249153867363929749e-02,4.644623771309852600e-02
2.866961807012557983e-02,1.183025259524583817e-02,2.393126860260963440e-02,2.185889147222042084e-02,1.412132289260625839e-02,1.595417782664299011e-02,1.778703555464744568e-02,3.190835565328598022e-02
3.410570323467254639e-02,1.561051793396472931e-02,2.104660309851169586e-02,3.439729288220405579e-02,2.926321327686309814e-02,1.809945330023765564e-02,2.356677874922752380e-02,3.357458859682083130e-02
1.756834238767623901e-02,1.717261038720607758e-02,1.958864927291870117e-02,2.158812806010246277e-02,1.831814646720886230e-02,9.830772876739501953e-03,2.177557907998561859e-02,2.530591003596782684e-02
9.591252543032169342e-03,1.174694113433361053e-02,1.790158823132514954e-02,1.287164818495512009e-02,8.185368031263351440e-03,6.050507538020610809e-03,1.863056421279907227e-02,1.901588216423988342e-02
1.168445684015750885e-02,1.666232757270336151e-02,2.147357538342475891e-02,1.111168973147869110e-02,8.976829238235950470e-03,8.341577835381031036e-03,2.009893208742141724e-02,2.269200794398784637e-02
1.636032201349735260e-02,1.494402531534433365e-02,1.636032201349735260e-02,8.695651777088642120e-03,1.141369435936212540e-02,8.102056570351123810e-03,1.642280630767345428e-02,2.424368634819984436e-02
1.904712244868278503e-02,1.339234597980976105e-02,1.820359192788600922e-02,1.271543838083744049e-02,1.169487088918685913e-02,4.904972855001688004e-03,2.129653654992580414e-02,2.917990088462829590e-02
2.736787311732769012e-02,2.174433693289756775e-02,2.572246827185153961e-02,2.151522971689701080e-02,1.236136443912982941e-02,1.041395496577024460e-02,2.602447196841239929e-02,3.078364953398704529e-02
3.363707289099693298e-02,2.252538315951824188e-02,2.508721686899662018e-02,2.679510600864887238e-02,2.180682122707366943e-02,1.435042917728424072e-02,2.015100233256816864e-02,2.849257923662662506e-02
3.601145371794700623e-02,2.420203015208244324e-02,1.532934140413999557e-02,2.311898022890090942e-02,3.099192865192890167e-02,2.329601719975471497e-02,1.094506680965423584e-02,3.097110055387020111e-02
3.957302868366241455e-02,2.710752375423908234e-02,1.596459187567234039e-02,3.028378076851367950e-02,4.724811390042304993e-02,3.161676600575447083e-02,2.446237951517105103e-02,4.156209155917167664e-02
3.203332424163818359e-02,3.019005432724952698e-02,2.774277515709400177e-02,1.188232190907001495e-02,3.423066809773445129e-02,3.362666070461273193e-02,2.812809124588966370e-02,3.089820407330989838e-02
1.496485248208045959e-02,2.547253295779228210e-02,3.165842220187187195e-02,2.701379917562007904e-02,4.467586521059274673e-03,3.135641664266586304e-02,3.790679574012756348e-02,2.180682122707366943e-02
1.856808178126811981e-02,3.483467921614646912e-02,3.127310425043106079e-02,4.024993628263473511e-02,1.364228036254644394e-02,3.254360705614089966e-02,5.656860023736953735e-02,3.608435392379760742e-02
1.545430906116962433e-02,3.030460886657238007e-02,3.015881218016147614e-02,3.183545917272567749e-02,1.281957793980836868e-02,2.126529626548290253e-02,3.986461833119392395e-02,2.896120771765708923e-02
1.745378784835338593e-02,2.519135549664497375e-02,2.028638310730457306e-02,1.560010388493537903e-02,1.334027573466300964e-02,1.496485248208045959e-02,2.259828150272369385e-02,1.900546811521053314e-02
2.669096551835536957e-02,2.932569570839405060e-02,1.502733677625656128e-02,3.853163216263055801e-03,1.675605401396751404e-02,1.770372316241264343e-02,1.206977386027574539e-02,9.674564003944396973e-03
1.846394129097461700e-02,1.803696900606155396e-02,1.148659177124500275e-02,7.872949354350566864e-03,1.487112697213888168e-02,1.452746707946062088e-02,1.071595959365367889e-02,8.320749737322330475e-03
8.372819982469081879e-03,8.247852325439453125e-03,1.254881545901298523e-02,8.299921639263629913e-03,5.102837923914194107e-03,6.404581945389509201e-03,1.005988009274005890e-02,1.152824796736240387e-02
1.192397810518741608e-02,5.894298199564218521e-03,9.258005768060684204e-03,4.790419247001409531e-03,4.550897981971502304e-03,5.290288943797349930e-03,1.244467590004205704e-02,1.711012795567512512e-02
8.081228472292423248e-03,6.373340263962745667e-03,3.998958505690097809e-03,8.539442787878215313e-04,3.790679620578885078e-03,6.237959023565053940e-03,8.049987256526947021e-03,8.810205385088920593e-03
1.373600587248802185e-02,2.030721167102456093e-03,9.695392102003097534e-03,1.421504840254783630e-02,1.543348096311092377e-02,7.456391584128141403e-03,1.416297815740108490e-02,2.156729996204376221e-02
2.480603940784931183e-02,5.300702992826700211e-03,1.334027573466300964e-02,2.342098392546176910e-02,2.234834618866443634e-02,8.237438276410102844e-03,2.349388226866722107e-02,3.526164963841438293e-02
1.170528493821620941e-02,3.530330723151564598e-03,1.162197347730398178e-02,1.766206696629524231e-02,1.618328504264354706e-02,1.759958337061107159e-03,1.893256977200508118e-02,2.485810965299606323e-02
