posz,velx,vely,velz,accx,accy,accz,p1x,p1y,p1z,p2x,p2y,p2z,p3x,p3y,p3z,p4x,p4y,p4z,p5x,p5y,p5z,heatmap
0.5828624367713928,-0.1590435802936554,-0.2581588625907898,0.119029700756073,-0.161542147397995,-0.2786511778831482,0.1908603012561798,0.1277327537536621,0.7870674133300781,18.0,0.14203786849975586,0.5942344665527344,20.5,0.21742582321166992,0.6746292114257812,16.25,0.24489164352416992,0.5337238311767578,20.0,0.5448698997497559,-0.8480072021484375,15.75,"[574, 641, 708, 622, 529, 619, 708, 643, 606, 743, 622, 669, 648, 721, 739, 625, 537, 604, 521, 550, 575, 591, 570, 526, 568, 473, 478, 486, 458, 490, 430, 553, 516, 490, 567, 545, 475, 479, 550, 576, 548, 539, 544, 498, 493, 583, 563, 576, 518, 508, 467, 443, 504, 504, 541, 521, 510, 379, 479, 591, 588, 457, 450, 557, 508, 530, 460, 440, 550, 522, 452, 429, 390, 451, 476, 461, 501, 471, 426, 393, 462, 507, 497, 490, 491, 489, 516, 486, 567, 564, 463, 487, 573, 546, 488, 484, 448, 519, 492, 481, 536, 490, 487, 493, 491, 583, 592, 503, 571, 539, 509, 556, 561, 578, 555, 504, 487, 609, 537, 475, 595, 628, 506, 562, 662, 653, 577, 558, 653, 569, 513, 472, 556, 648, 544, 579, 607, 588, 521, 512, 533, 622, 563, 534, 522, 541, 548, 535, 476, 544, 537, 496, 609, 613, 514, 527, 535, 573, 542, 566, 543, 596, 606, 614, 569, 547, 543, 565, 504, 538, 585, 515, 522, 530, 584, 572, 577, 575, 462, 463, 543, 481, 503, 555, 652, 550, 512, 539, 543, 608, 489, 532, 596, 582, 509, 577, 621, 585, 540, 549, 628, 611, 594, 678, 622, 564, 564, 573, 560, 601, 620, 669, 680, 599, 596, 625, 497, 558, 629, 595, 603, 539, 567, 577, 533, 547, 582, 557, 497, 464, 477, 486, 629, 696, 630, 510, 490, 564, 537, 551, 565, 641, 582, 579, 517, 536, 603, 598, 527, 584, 513, 491, 524, 499, 517, 500, 408, 483, 504, 466, 388, 428, 476, 402, 556, 618, 600, 610, 559, 557, 546, 449, 522, 604, 601, 656, 669, 613, 631, 567, 455, 467, 486, 570, 547, 510, 504, 491, 491, 432, 417, 493, 442, 447, 437, 455, 438, 465, 540, 598, 593, 496, 492, 519, 558, 612, 524, 549, 607, 489, 471, 541, 582, 607, 615, 620, 645, 628, 627, 605, 656, 539, 562, 618, 626, 574, 566, 635, 711, 617, 551, 580, 669, 678, 575, 627, 603, 656, 597, 612, 567, 511, 552, 543, 522, 523, 536, 609, 542, 448, 538, 552, 598, 523, 516, 565, 620, 536, 562, 566, 596, 557, 556, 626, 696, 665, 628, 631, 638, 590, 565, 692, 701, 655, 631, 655, 635, 648, 641, 629, 621, 598, 606, 665, 597, 661, 605, 558, 504, 519, 618, 590, 528, 595, 615, 576, 544, 551, 562, 534, 528, 591, 600, 527, 587, 540, 447, 497, 496, 517, 640, 670, 547, 581, 581, 521, 668, 571, 668, 841, 727, 631, 968, 960, 756, 574, 742, 976, 842, 626, 951, 1004, 765, 658, 846, 623, 565, 638, 1065, 1114, 1256, 1181, 817, 1023, 1139, 1162, 1055, 1033, 1378, 2554, 3238, 1977, 888, 2386, 4562, 4161, 2249, 2921, 4500, 2635, 1066, 2527, 6261, 6421, 1750, 3520, 4785, 2809, 1023, 2958, 5922, 5583, 1802, 2608, 3317, 2095, 1296, 2330, 3898, 3692, 1678, 1047, 1413, 1128, 1040, 984, 1879, 2521, 957, 843, 1086, 703, 692, 684, 1296, 1552, 625, 813, 896, 645, 574, 722, 950, 920, 555, 567, 593, 588, 582, 621, 634, 577, 524, 518, 536, 497, 490, 491, 545, 564, 459, 536, 569, 547, 544, 536, 561, 521, 499, 447, 608, 594, 568, 625, 627, 641, 576, 595, 585, 531, 608, 600, 533, 518, 580, 576, 560, 586, 613, 605, 590, 574, 528, 576, 579, 545, 580, 659, 665, 593, 654, 628, 693, 723, 701, 633, 624, 591, 793, 659, 786, 927, 794, 650, 631, 730, 615, 1625, 2035, 1331, 688, 715, 982, 1049, 1747, 3786, 3757, 1903, 1093, 1215, 2014, 1600, 1889, 3740, 3589, 1821, 914, 1220, 1892, 1325, 1122, 1977, 1915, 1139, 720, 856, 1147, 857, 727, 775, 885, 755, 663, 679, 585, 665, 882, 859, 673, 592, 781, 851, 603, 613, 942, 937, 790, 864, 921, 745, 637, 809, 673, 585, 773, 950, 666, 803, 825, 585, 1145, 887, 906, 1057, 940, 1082, 857, 853, 863, 696, 817, 863, 884, 809, 627, 818, 627, 657, 729, 754, 756, 690, 675, 672, 600, 627, 525, 536, 638, 610, 541, 527, 574, 556, 471, 517, 571, 489, 457, 536, 615, 552, 566, 592, 580, 534, 519, 600, 608, 603, 631, 585, 533, 643, 648, 615, 496, 564, 541, 463, 529, 564, 543, 530, 482, 538, 544, 502, 503, 580, 553, 496, 651, 552, 540, 551, 665, 566, 497, 607, 623, 531, 511, 566, 630, 534, 492, 629, 547, 566, 501, 509, 553, 497, 570, 603, 634, 623, 594, 589, 556, 545, 564, 595, 644, 652, 684, 674, 596, 508, 572, 589, 625, 633, 639, 583, 646, 574, 474, 550, 589, 672, 638, 501, 575, 613, 508, 521, 563, 590, 650, 610, 611, 683, 596, 527, 542, 559, 697, 742, 638, 682, 736, 602, 520, 611, 657, 613, 565, 620, 652, 537, 547, 570, 610, 601, 506, 532, 666, 617, 582, 632, 534, 512, 532, 573, 669, 623, 689, 647, 531, 615, 640, 556, 646, 708, 624, 651, 568, 478, 596, 586, 569, 644, 621, 622, 714, 627, 618, 578, 570, 632, 593, 602, 720, 636, 629, 676, 587, 589, 635, 663, 681, 666, 729, 662, 591, 594, 590, 559, 608, 668, 592, 532, 572, 590, 560, 515, 494, 533, 546, 516, 531, 547, 502, 507, 536, 559, 601, 570, 536, 559, 540, 505, 594, 642, 622, 522, 566, 605, 593, 528, 640, 700, 586, 536, 533, 555, 545, 573, 601, 624, 537, 612, 717, 638, 586, 635, 675, 541, 509, 647, 673, 609, 600, 566, 637, 539, 434, 624, 577, 561, 520, 527, 650, 562, 428, 586, 594, 551, 523, 693, 898, 730, 504, 549, 765, 723, 482, 697, 776, 593, 466, 544, 739, 664, 587, 571, 561, 518, 493, 584, 600, 573, 524, 446, 518, 520, 444, 535, 519, 532, 468, 420, 481, 498, 430, 437, 532, 529, 473, 486, 477, 433, 410, 472, 520, 484, 455, 445, 474, 433, 408, 423, 458, 488, 354, 467, 491, 415, 394, 433, 489, 453, 426, 488, 484, 442, 444, 422, 465, 462, 409, 448, 393, 397, 465, 452, 380, 354, 429, 415, 387, 437, 437, 415, 374, 346, 347, 382, 426, 445, 390, 364, 452, 439, 349, 358, 458, 490, 419, 318, 473, 496]"
0.6823409199714661,-0.1586976945400238,-0.4397923946380615,0.33660316467285156,-0.18952611088752747,-0.5516295433044434,0.4098033905029297,-1.289643406867981,1.4562606811523438,17.25,-0.5452052354812622,1.3908863067626953,23.25,-0.39085304737091064,1.2345314025878906,18.75,-0.08829987049102783,0.9594440460205078,30.0,0.19780242443084717,0.8234024047851562,20.0,"[662, 516, 610, 711, 562, 710, 612, 510, 632, 596, 567, 673, 701, 740, 678, 605, 583, 555, 497, 548, 593, 600, 512, 511, 539, 480, 448, 444, 428, 442, 535, 525, 480, 478, 499, 403, 405, 533, 553, 537, 509, 567, 588, 518, 505, 525, 551, 497, 474, 512, 502, 510, 534, 516, 532, 495, 558, 552, 504, 515, 529, 422, 460, 550, 623, 618, 564, 560, 615, 603, 524, 577, 640, 588, 531, 529, 557, 624, 541, 543, 626, 537, 540, 563, 594, 605, 520, 561, 564, 530, 467, 464, 524, 531, 449, 516, 482, 546, 506, 504, 581, 519, 528, 528, 535, 576, 514, 513, 554, 514, 540, 561, 503, 541, 512, 559, 568, 470, 487, 539, 538, 540, 589, 609, 508, 534, 545, 526, 578, 546, 507, 538, 521, 456, 515, 586, 610, 577, 569, 578, 561, 626, 584, 599, 590, 513, 470, 557, 594, 625, 448, 463, 527, 495, 530, 550, 568, 604, 489, 464, 496, 444, 503, 477, 466, 535, 536, 569, 635, 480, 471, 549, 609, 496, 464, 587, 632, 532, 437, 535, 653, 597, 506, 576, 550, 667, 636, 492, 519, 499, 501, 505, 516, 554, 553, 559, 522, 415, 485, 544, 560, 486, 567, 671, 561, 491, 545, 585, 584, 547, 484, 476, 530, 503, 518, 604, 657, 505, 417, 480, 605, 592, 502, 638, 627, 601, 537, 520, 508, 546, 490, 533, 685, 613, 568, 580, 599, 620, 547, 601, 590, 503, 507, 561, 536, 496, 510, 598, 605, 580, 593, 542, 552, 664, 594, 558, 533, 545, 594, 511, 613, 658, 549, 518, 601, 467, 446, 533, 585, 536, 520, 591, 571, 468, 485, 530, 443, 478, 489, 520, 582, 549, 570, 629, 568, 481, 551, 589, 598, 632, 578, 526, 527, 469, 549, 609, 551, 552, 602, 558, 563, 566, 562, 633, 482, 503, 520, 467, 474, 534, 541, 557, 493, 554, 568, 510, 527, 577, 554, 555, 476, 564, 591, 564, 569, 551, 548, 529, 611, 616, 526, 536, 645, 636, 543, 529, 621, 537, 503, 558, 670, 626, 532, 592, 532, 503, 507, 536, 619, 640, 594, 580, 530, 445, 533, 480, 586, 623, 583, 635, 662, 531, 607, 634, 566, 637, 588, 594, 712, 606, 596, 632, 624, 598, 568, 655, 616, 588, 622, 590, 632, 538, 530, 594, 547, 591, 575, 555, 544, 559, 557, 518, 537, 543, 629, 692, 572, 497, 576, 510, 528, 586, 690, 698, 620, 554, 597, 584, 891, 754, 1009, 1102, 842, 935, 1633, 1607, 1965, 1038, 1942, 2517, 1735, 1435, 4017, 4237, 1848, 1489, 2217, 2515, 1628, 1924, 4816, 4748, 3041, 3447, 4526, 3140, 2106, 3618, 8142, 7870, 7842, 6439, 10212, 6657, 4880, 6492, 17256, 18191, 7649, 4789, 8474, 5048, 4216, 5247, 15259, 16715, 5453, 3020, 6364, 3821, 2275, 3023, 9869, 11495, 3788, 2914, 5621, 3672, 1644, 2701, 7402, 8403, 2799, 3746, 5637, 3232, 1542, 3648, 8588, 8459, 2073, 3280, 4807, 2921, 1439, 2832, 6939, 6816, 844, 1234, 1552, 1090, 765, 1123, 2342, 2261, 676, 621, 644, 669, 642, 629, 763, 777, 651, 603, 506, 544, 560, 643, 589, 509, 481, 541, 481, 505, 566, 554, 518, 455, 525, 527, 485, 483, 551, 649, 589, 434, 525, 566, 602, 530, 467, 615, 710, 546, 570, 584, 585, 580, 501, 530, 662, 565, 579, 528, 440, 469, 550, 588, 540, 523, 525, 536, 482, 548, 611, 596, 609, 613, 672, 619, 617, 677, 709, 651, 779, 754, 613, 500, 635, 880, 687, 444, 746, 766, 901, 1576, 2020, 1536, 727, 662, 892, 1024, 1447, 3112, 3315, 1981, 942, 957, 1521, 1546, 1473, 2647, 2369, 1102, 976, 1165, 1466, 1160, 1294, 1390, 1028, 931, 881, 1164, 1269, 1007, 912, 779, 689, 804, 729, 837, 872, 709, 655, 728, 831, 736, 786, 757, 667, 787, 1528, 1323, 1594, 1289, 1088, 1532, 1152, 1375, 2216, 1882, 2308, 2440, 1738, 2125, 1416, 1901, 1671, 1388, 1954, 2117, 1497, 1547, 875, 1365, 832, 749, 992, 988, 847, 895, 608, 684, 598, 495, 598, 694, 639, 624, 766, 716, 649, 563, 645, 609, 656, 620, 656, 696, 631, 558, 487, 551, 588, 569, 537, 595, 591, 594, 647, 632, 573, 646, 584, 535, 646, 703, 722, 628, 604, 670, 575, 554, 655, 660, 608, 646, 658, 551, 597, 670, 788, 673, 544, 621, 671, 811, 754, 694, 866, 569, 922, 845, 531, 647, 822, 1000, 787, 580, 1055, 964, 650, 697, 860, 1050, 605, 652, 751, 677, 556, 687, 689, 654, 540, 558, 532, 564, 508, 507, 535, 483, 531, 535, 490, 602, 645, 633, 624, 531, 568, 546, 560, 571, 567, 554, 563, 586, 493, 530, 536, 503, 416, 505, 559, 486, 537, 621, 537, 459, 505, 525, 470, 451, 581, 605, 539, 542, 600, 549, 502, 560, 520, 536, 410, 491, 536, 508, 461, 465, 530, 596, 558, 514, 525, 537, 499, 518, 580, 561, 518, 416, 407, 570, 519, 507, 591, 560, 471, 495, 416, 504, 526, 509, 596, 544, 508, 542, 570, 566, 636, 634, 536, 545, 491, 523, 607, 586, 604, 588, 571, 601, 581, 610, 621, 591, 601, 598, 612, 638, 577, 590, 551, 601, 537, 544, 615, 529, 587, 600, 546, 588, 566, 588, 613, 585, 567, 610, 647, 614, 593, 573, 553, 523, 521, 587, 577, 546, 523, 521, 521, 549, 594, 558, 614, 625, 584, 593, 502, 541, 647, 638, 619, 653, 583, 586, 567, 563, 575, 654, 637, 693, 675, 563, 627, 557, 564, 637, 592, 610, 654, 603, 515, 595, 578, 465, 554, 558, 589, 586, 480, 529, 571, 533, 610, 610, 655, 645, 502, 548, 626, 601, 598, 585, 608, 609, 577, 621, 747, 739, 650, 679, 736, 776, 600, 658, 726, 698, 634, 567, 663, 710, 418, 589, 607, 507, 517, 519, 505, 458, 492, 532, 556, 493, 516, 477, 491, 528, 508, 452, 448, 380, 512, 463, 455, 551, 497, 527, 421, 428, 478, 523, 547, 554, 432, 467, 441, 501, 456, 439, 562, 546, 484, 469, 443, 460, 470, 492, 476, 459, 394, 399, 389, 358, 404, 462, 413, 397, 366, 383, 491, 411, 352, 451, 405, 437, 384, 392, 363, 360, 430, 431, 397, 394, 464, 443, 461, 442, 420, 444, 448, 452]"
0.6720579266548157,-0.12038066238164902,-0.5461003184318542,0.22759737074375153,-0.16119450330734253,-0.6795819997787476,0.18262308835983276,-0.7191458940505981,1.3279438018798828,25.5,-0.6158629655838013,1.3215065002441406,19.5,-0.2299109697341919,0.9820461273193359,24.0,-0.026635289192199707,0.8191108703613281,27.25,0.11927688121795654,0.91552734375,26.0,"[552, 651, 550, 642, 837, 642, 551, 654, 630, 577, 491, 580, 753, 700, 538, 606, 520, 462, 527, 582, 606, 528, 518, 573, 606, 474, 607, 652, 594, 459, 549, 713, 563, 489, 519, 579, 581, 541, 585, 614, 492, 537, 486, 464, 502, 490, 541, 558, 613, 587, 557, 587, 606, 505, 509, 576, 571, 592, 588, 535, 447, 448, 506, 538, 517, 542, 540, 503, 495, 493, 555, 527, 480, 512, 529, 494, 453, 557, 636, 589, 532, 500, 511, 517, 540, 545, 566, 633, 607, 519, 529, 557, 544, 482, 505, 614, 567, 602, 516, 546, 550, 482, 478, 525, 474, 547, 549, 470, 455, 490, 503, 519, 573, 508, 510, 513, 523, 518, 380, 498, 581, 546, 504, 558, 627, 540, 434, 487, 513, 515, 508, 504, 514, 494, 462, 466, 532, 527, 512, 563, 591, 525, 529, 548, 439, 504, 525, 562, 548, 458, 475, 494, 528, 558, 529, 608, 589, 487, 465, 534, 535, 554, 535, 541, 580, 560, 547, 565, 522, 557, 509, 577, 604, 563, 586, 569, 539, 551, 457, 478, 535, 559, 496, 502, 596, 537, 527, 482, 566, 674, 545, 509, 507, 471, 574, 544, 498, 597, 569, 549, 473, 602, 568, 496, 511, 560, 563, 507, 478, 541, 534, 527, 547, 566, 570, 497, 541, 560, 609, 671, 576, 553, 598, 544, 566, 510, 505, 584, 615, 582, 524, 571, 531, 516, 545, 556, 648, 603, 432, 533, 426, 483, 524, 462, 491, 514, 424, 481, 544, 504, 517, 542, 499, 410, 495, 541, 489, 585, 548, 468, 504, 501, 534, 504, 551, 626, 615, 495, 569, 580, 532, 547, 592, 539, 497, 517, 562, 619, 590, 608, 544, 550, 513, 557, 488, 561, 547, 464, 491, 565, 609, 641, 485, 515, 600, 463, 574, 543, 644, 692, 508, 590, 625, 514, 508, 507, 561, 636, 546, 555, 641, 596, 598, 616, 598, 719, 640, 578, 696, 716, 547, 588, 692, 697, 625, 590, 666, 597, 547, 628, 668, 654, 632, 597, 569, 561, 566, 581, 602, 574, 543, 606, 605, 559, 585, 589, 543, 596, 565, 516, 542, 564, 548, 485, 534, 585, 552, 556, 644, 636, 504, 561, 528, 530, 588, 600, 585, 572, 615, 695, 691, 557, 647, 623, 670, 649, 690, 579, 554, 565, 592, 647, 576, 634, 603, 541, 546, 563, 507, 546, 573, 614, 500, 542, 533, 586, 569, 504, 564, 591, 577, 819, 877, 836, 638, 820, 1275, 1070, 2325, 1711, 2814, 3337, 2203, 1961, 5562, 5701, 5284, 2258, 4946, 6379, 4581, 2969, 10363, 11356, 4964, 1320, 4253, 6101, 4509, 1822, 8065, 9415, 7263, 4206, 8647, 8200, 5533, 4433, 12293, 13902, 11529, 7222, 14457, 12106, 7958, 7642, 21522, 23802, 8819, 5936, 12498, 9436, 6014, 5496, 17621, 19700, 3603, 7927, 11869, 8038, 3209, 6096, 14417, 13753, 1798, 5092, 6005, 3703, 1436, 4367, 8440, 7047, 1396, 708, 1343, 1462, 973, 742, 926, 1460, 867, 1568, 2177, 1493, 692, 1183, 2397, 2330, 616, 1188, 1481, 1022, 632, 850, 1617, 1533, 566, 834, 972, 756, 577, 796, 1054, 936, 568, 702, 715, 620, 631, 734, 788, 726, 645, 665, 705, 679, 586, 635, 755, 753, 669, 613, 583, 633, 625, 653, 761, 742, 624, 559, 565, 655, 596, 540, 700, 707, 538, 526, 647, 741, 582, 499, 611, 599, 507, 501, 506, 578, 588, 528, 524, 547, 635, 675, 618, 561, 648, 715, 589, 519, 762, 582, 485, 589, 805, 757, 577, 732, 922, 760, 703, 873, 978, 786, 681, 882, 1532, 2335, 2434, 1913, 1358, 1189, 1386, 1376, 2205, 4738, 5601, 3595, 1673, 1620, 3016, 2672, 2148, 4761, 5338, 3248, 1389, 1627, 2921, 2363, 1134, 2034, 2506, 1807, 1023, 1052, 1749, 1451, 971, 1413, 1444, 1259, 884, 1061, 1473, 1201, 1338, 1084, 1367, 1583, 906, 1013, 1151, 1068, 1610, 951, 1549, 1901, 1056, 1473, 1361, 1107, 1940, 1314, 1691, 2334, 1795, 1940, 1414, 1219, 1396, 901, 1719, 2094, 1634, 1276, 933, 1299, 1056, 702, 1026, 1311, 1021, 837, 667, 837, 949, 769, 826, 961, 783, 880, 785, 771, 619, 740, 669, 595, 716, 765, 782, 598, 634, 738, 599, 553, 654, 696, 654, 494, 554, 658, 671, 670, 653, 656, 780, 618, 637, 642, 647, 665, 590, 673, 720, 620, 618, 743, 717, 669, 581, 664, 705, 586, 618, 685, 511, 512, 584, 582, 605, 503, 616, 635, 545, 529, 578, 596, 694, 669, 643, 736, 621, 536, 489, 605, 709, 634, 632, 737, 717, 535, 597, 757, 710, 621, 637, 532, 531, 472, 544, 594, 561, 639, 632, 626, 559, 622, 589, 527, 593, 587, 569, 574, 597, 614, 541, 621, 648, 589, 588, 638, 597, 552, 612, 640, 579, 531, 536, 648, 621, 622, 612, 651, 643, 544, 596, 582, 551, 571, 539, 535, 658, 621, 602, 592, 508, 518, 494, 544, 612, 548, 644, 611, 622, 591, 633, 697, 672, 643, 514, 564, 533, 545, 623, 608, 540, 548, 552, 550, 542, 584, 611, 599, 613, 608, 546, 488, 556, 568, 559, 498, 510, 634, 514, 495, 575, 589, 532, 550, 543, 548, 607, 581, 564, 599, 610, 618, 560, 585, 527, 535, 611, 629, 591, 660, 652, 564, 673, 687, 676, 696, 708, 708, 667, 717, 697, 584, 665, 685, 604, 607, 671, 723, 617, 555, 687, 642, 558, 592, 654, 687, 622, 590, 540, 555, 620, 522, 568, 617, 553, 570, 573, 602, 727, 583, 547, 593, 597, 626, 647, 587, 634, 688, 651, 572, 539, 551, 592, 522, 452, 601, 653, 630, 640, 761, 849, 668, 588, 697, 780, 787, 676, 971, 1017, 669, 609, 843, 1029, 916, 773, 1173, 1278, 850, 647, 869, 1422, 1277, 689, 1142, 1350, 876, 582, 877, 1536, 1400, 648, 956, 1040, 742, 560, 765, 1177, 1054, 537, 636, 687, 558, 562, 568, 739, 761, 534, 743, 734, 544, 530, 643, 733, 617, 505, 550, 533, 466, 427, 470, 528, 478, 507, 536, 498, 467, 346, 412, 448, 481, 495, 526, 583, 572, 452, 495, 543, 509, 398, 423, 576, 646, 546, 463, 499, 501, 451, 438, 488, 540, 471, 450, 478, 465, 483, 487, 548, 593, 445, 470, 508, 486, 471, 474, 458, 428, 377, 449, 470, 421, 398, 425, 402, 376, 414, 412, 449, 393]"
0.6853001713752747,-0.22192522883415222,-0.5030698776245117,0.20108462870121002,-0.32531899213790894,-0.5398302674293518,0.10710178315639496,-1.2267131805419922,1.4774322509765625,19.0,-0.5665321350097656,1.2096405029296875,16.25,-0.09045791625976562,0.8769035339355469,20.5,0.1969318389892578,0.7853507995605469,24.5,0.3830413818359375,0.4486083984375,22.5,"[384, 532, 657, 597, 539, 597, 658, 530, 494, 528, 509, 614, 715, 634, 590, 576, 473, 489, 445, 477, 566, 536, 492, 430, 424, 459, 470, 566, 520, 454, 463, 448, 431, 423, 422, 499, 515, 454, 401, 437, 607, 509, 421, 499, 567, 508, 424, 506, 554, 538, 538, 557, 516, 478, 489, 519, 533, 637, 640, 596, 574, 605, 554, 536, 544, 557, 527, 543, 480, 563, 543, 478, 543, 513, 535, 524, 474, 594, 568, 530, 538, 494, 478, 471, 449, 559, 527, 484, 570, 585, 530, 488, 518, 591, 594, 455, 555, 558, 595, 548, 524, 609, 612, 553, 522, 438, 576, 593, 491, 474, 475, 509, 622, 512, 560, 627, 528, 480, 491, 557, 557, 498, 541, 659, 584, 526, 514, 539, 558, 543, 505, 574, 618, 550, 519, 563, 564, 510, 478, 518, 542, 543, 603, 636, 536, 479, 492, 515, 543, 508, 542, 588, 500, 556, 542, 595, 558, 493, 520, 484, 575, 560, 537, 588, 568, 535, 500, 493, 553, 515, 546, 600, 604, 587, 580, 538, 553, 447, 514, 550, 540, 519, 523, 604, 499, 460, 597, 602, 535, 494, 480, 599, 539, 497, 566, 541, 446, 472, 540, 581, 672, 590, 457, 536, 594, 518, 554, 633, 683, 654, 541, 551, 573, 551, 601, 640, 681, 692, 610, 577, 536, 579, 635, 670, 607, 616, 603, 529, 498, 578, 645, 641, 548, 570, 609, 581, 548, 501, 658, 716, 576, 607, 636, 579, 512, 500, 690, 742, 446, 561, 585, 510, 458, 478, 576, 510, 440, 510, 467, 494, 516, 533, 560, 477, 590, 486, 473, 552, 610, 596, 550, 572, 586, 505, 527, 572, 552, 551, 576, 637, 574, 543, 553, 563, 587, 509, 472, 558, 532, 530, 587, 511, 526, 559, 421, 468, 452, 584, 620, 510, 581, 642, 532, 502, 530, 607, 622, 498, 588, 610, 580, 588, 533, 519, 537, 521, 466, 491, 536, 570, 558, 516, 477, 520, 490, 486, 490, 588, 549, 498, 569, 625, 490, 442, 568, 619, 488, 542, 587, 585, 554, 537, 558, 568, 557, 554, 594, 603, 571, 572, 555, 543, 567, 575, 553, 523, 558, 593, 520, 565, 541, 550, 493, 494, 608, 624, 553, 572, 648, 689, 586, 555, 659, 665, 576, 553, 623, 612, 623, 648, 618, 655, 648, 576, 604, 604, 586, 596, 670, 641, 502, 576, 554, 620, 714, 679, 697, 737, 675, 583, 693, 670, 920, 981, 709, 730, 1114, 1018, 1599, 744, 1550, 1832, 1320, 884, 2468, 2781, 2143, 1125, 2228, 2494, 1871, 1168, 3158, 3684, 3038, 2086, 3352, 3100, 2269, 1968, 4439, 5096, 3447, 2594, 3977, 3641, 2489, 2446, 5244, 6057, 1849, 5106, 6025, 3316, 1539, 4716, 8590, 7320, 3974, 6036, 8302, 5222, 2569, 6114, 12372, 11403, 4460, 4746, 7045, 5342, 2866, 5289, 11268, 11024, 2935, 2550, 4087, 3438, 1886, 2871, 6324, 6421, 1648, 1157, 2078, 1794, 1105, 1283, 2694, 2977, 1049, 902, 1288, 1093, 883, 745, 1555, 1798, 805, 874, 966, 753, 649, 714, 955, 1105, 761, 836, 1021, 809, 531, 699, 856, 969, 602, 680, 833, 637, 456, 670, 773, 702, 626, 669, 736, 664, 483, 635, 696, 626, 675, 759, 855, 672, 610, 750, 774, 641, 536, 644, 653, 556, 515, 565, 598, 629, 613, 607, 590, 601, 613, 584, 544, 593, 635, 574, 555, 645, 621, 580, 548, 545, 591, 581, 580, 559, 538, 584, 594, 654, 754, 938, 872, 699, 719, 749, 813, 728, 1032, 1760, 1699, 968, 910, 936, 830, 647, 1860, 3275, 2901, 1376, 1070, 1281, 1408, 927, 2498, 4018, 3237, 1439, 1075, 1390, 1825, 1216, 1793, 2735, 2257, 1251, 921, 1000, 1390, 1069, 1339, 1737, 1670, 1386, 1219, 925, 999, 1185, 1384, 1915, 2167, 1863, 1260, 1088, 1336, 1115, 1452, 1860, 3011, 2673, 1071, 1408, 1703, 1509, 2205, 1553, 2892, 3108, 1551, 2013, 1766, 1800, 2094, 1230, 2035, 2395, 1384, 1772, 1355, 1535, 1178, 798, 983, 1173, 832, 1006, 831, 997, 709, 610, 720, 722, 677, 711, 641, 717, 712, 650, 616, 675, 655, 659, 703, 708, 674, 655, 614, 590, 688, 625, 536, 652, 508, 581, 633, 613, 568, 565, 526, 511, 687, 730, 595, 656, 771, 708, 590, 579, 735, 638, 643, 890, 965, 699, 589, 744, 671, 648, 761, 887, 831, 688, 621, 756, 684, 651, 694, 739, 670, 649, 672, 699, 635, 623, 745, 765, 606, 616, 760, 775, 598, 646, 716, 606, 536, 673, 790, 735, 673, 611, 602, 593, 633, 630, 718, 684, 671, 588, 541, 584, 587, 508, 587, 745, 773, 675, 653, 660, 631, 594, 597, 760, 653, 667, 670, 735, 716, 731, 675, 668, 630, 675, 661, 710, 716, 771, 725, 666, 556, 575, 526, 576, 624, 605, 536, 538, 680, 585, 512, 621, 671, 639, 581, 636, 587, 581, 562, 571, 582, 491, 531, 609, 527, 556, 556, 541, 553, 559, 585, 535, 572, 550, 567, 615, 615, 589, 628, 647, 589, 561, 517, 599, 632, 548, 577, 632, 512, 519, 531, 629, 628, 590, 539, 505, 613, 494, 514, 686, 734, 711, 591, 612, 718, 653, 545, 651, 695, 622, 592, 652, 760, 686, 597, 618, 635, 623, 691, 758, 595, 587, 609, 561, 500, 531, 653, 683, 659, 555, 700, 690, 618, 709, 737, 729, 553, 574, 598, 606, 608, 722, 758, 601, 612, 560, 575, 650, 640, 629, 655, 657, 610, 535, 601, 608, 636, 628, 670, 704, 753, 620, 611, 604, 621, 693, 602, 680, 644, 701, 725, 642, 717, 652, 659, 684, 645, 795, 809, 687, 577, 744, 825, 703, 761, 953, 927, 676, 605, 875, 1054, 853, 735, 1131, 1193, 719, 648, 978, 1460, 1250, 478, 990, 1157, 652, 468, 759, 1257, 1127, 565, 681, 699, 601, 554, 617, 868, 820, 463, 491, 440, 490, 504, 448, 489, 476, 523, 465, 536, 566, 535, 392, 480, 573, 485, 437, 514, 586, 430, 454, 562, 515, 586, 483, 571, 547, 397, 481, 565, 567, 641, 510, 502, 550, 487, 386, 408, 598, 517, 510, 510, 549, 486, 448, 502, 524, 362, 479, 481, 483, 397, 381, 485, 426, 508, 500, 502, 494, 437, 426, 457, 493, 501, 462, 519, 505, 429, 480, 426, 455, 359, 397, 449, 384, 373, 413, 379, 413]"
0.7372302412986755,-0.2734406292438507,-0.6504164934158325,0.2702012360095978,-0.406604528427124,-0.7284289598464966,0.14476726949214935,-0.441280722618103,1.3242244720458984,24.75,-0.3939307928085327,1.0561466217041016,17.25,-0.1096881628036499,1.0319709777832031,-28.75,-0.02514493465423584,0.9720325469970703,-29.0,0.3171764612197876,0.6490230560302734,18.25,"[464, 550, 587, 669, 797, 668, 589, 548, 431, 496, 521, 629, 662, 636, 577, 492, 481, 523, 512, 557, 559, 583, 556, 530, 515, 530, 563, 588, 544, 464, 452, 513, 574, 542, 513, 531, 514, 482, 391, 472, 474, 469, 467, 443, 493, 482, 451, 464, 555, 543, 546, 471, 496, 459, 496, 503, 537, 639, 621, 492, 598, 599, 600, 556, 568, 627, 581, 536, 521, 511, 586, 557, 541, 599, 587, 559, 509, 550, 584, 586, 682, 620, 499, 586, 575, 559, 473, 585, 579, 591, 583, 528, 583, 582, 546, 595, 541, 467, 548, 513, 510, 484, 532, 604, 515, 479, 516, 571, 526, 485, 569, 581, 509, 438, 460, 548, 524, 506, 518, 590, 414, 383, 443, 538, 520, 428, 498, 514, 526, 491, 470, 523, 501, 557, 581, 557, 497, 487, 534, 585, 598, 585, 560, 504, 477, 478, 602, 559, 541, 559, 530, 556, 520, 544, 625, 578, 493, 670, 561, 483, 565, 472, 547, 594, 475, 479, 547, 556, 547, 533, 661, 711, 533, 469, 609, 671, 574, 522, 642, 622, 492, 484, 614, 654, 415, 472, 544, 525, 473, 487, 520, 507, 504, 461, 526, 597, 571, 527, 495, 512, 528, 544, 652, 662, 561, 533, 534, 505, 533, 571, 530, 519, 618, 584, 548, 521, 500, 566, 546, 467, 621, 678, 575, 529, 428, 463, 487, 422, 468, 580, 527, 488, 577, 573, 534, 525, 545, 610, 596, 591, 534, 533, 584, 569, 545, 553, 590, 575, 579, 541, 526, 555, 604, 544, 570, 596, 533, 622, 520, 483, 568, 468, 426, 457, 596, 581, 574, 575, 586, 583, 527, 509, 592, 490, 496, 557, 582, 579, 562, 597, 611, 617, 475, 533, 555, 633, 572, 437, 603, 573, 451, 550, 574, 594, 567, 473, 435, 480, 498, 544, 571, 547, 502, 501, 528, 507, 558, 598, 572, 558, 505, 506, 567, 494, 516, 614, 618, 537, 544, 552, 545, 560, 614, 611, 520, 514, 513, 551, 591, 539, 575, 632, 621, 590, 598, 575, 580, 533, 571, 661, 548, 477, 573, 641, 567, 540, 515, 564, 563, 527, 497, 571, 540, 568, 589, 584, 545, 608, 601, 541, 577, 582, 650, 620, 594, 613, 652, 595, 556, 583, 657, 552, 505, 607, 638, 594, 501, 565, 624, 546, 479, 592, 606, 535, 640, 579, 701, 712, 675, 720, 860, 843, 1397, 944, 1394, 1602, 1333, 1200, 2262, 2449, 2631, 1071, 2040, 2548, 2211, 1232, 3378, 4098, 4578, 4610, 6205, 4887, 3363, 5185, 10050, 9721, 12664, 12406, 19193, 13086, 8549, 13145, 31820, 31981, 14504, 12916, 21541, 14870, 9653, 13036, 34279, 35586, 4877, 4663, 7143, 5630, 3315, 4572, 11008, 11203, 4489, 3525, 6756, 4446, 2392, 3123, 8842, 9995, 4767, 5332, 9507, 6508, 2751, 4050, 11323, 12288, 2053, 3762, 5476, 3342, 1170, 2896, 6754, 6626, 1183, 1424, 1441, 1077, 842, 1234, 1867, 1751, 1456, 1421, 1914, 1580, 966, 1126, 2185, 2460, 1319, 1918, 2321, 1550, 856, 1414, 2679, 2624, 913, 1503, 1546, 932, 784, 1253, 1882, 1576, 632, 780, 781, 703, 669, 852, 993, 824, 736, 734, 724, 842, 747, 619, 872, 795, 661, 666, 692, 849, 690, 599, 672, 606, 733, 666, 546, 643, 543, 569, 617, 599, 581, 697, 642, 544, 521, 538, 640, 531, 619, 713, 687, 696, 582, 641, 856, 801, 751, 761, 794, 897, 771, 821, 914, 825, 780, 910, 1012, 1092, 821, 956, 1134, 824, 1394, 2509, 2307, 1391, 1124, 873, 1315, 955, 2023, 4490, 4468, 2058, 1419, 1617, 1786, 1451, 2303, 5652, 5953, 2889, 1704, 2631, 3286, 2317, 4055, 8293, 7324, 2747, 2066, 3680, 5138, 2734, 3386, 5891, 4826, 2565, 1906, 2871, 3710, 1906, 1815, 2851, 2537, 1577, 1210, 1505, 1679, 1086, 1625, 1737, 1918, 1838, 1348, 1068, 1266, 1347, 1907, 1441, 2368, 2682, 1593, 1371, 1136, 1730, 1502, 1079, 2005, 2012, 1007, 1366, 1175, 1369, 1095, 921, 1445, 1368, 871, 1122, 1056, 949, 997, 834, 1196, 1221, 982, 941, 979, 1015, 973, 789, 1046, 1121, 957, 838, 863, 1018, 996, 954, 1188, 1137, 912, 880, 792, 928, 880, 954, 1356, 1211, 883, 888, 876, 1040, 796, 907, 1126, 946, 752, 869, 819, 797, 741, 804, 905, 899, 781, 864, 907, 813, 760, 793, 837, 711, 719, 746, 793, 754, 717, 771, 841, 803, 642, 570, 643, 789, 554, 567, 669, 660, 561, 546, 631, 661, 665, 688, 783, 683, 567, 650, 751, 732, 968, 856, 799, 768, 767, 766, 878, 1036, 1075, 972, 887, 742, 799, 909, 895, 1042, 817, 718, 712, 722, 694, 678, 718, 839, 703, 710, 739, 650, 677, 632, 663, 697, 594, 630, 666, 629, 626, 574, 647, 714, 665, 659, 542, 630, 694, 642, 564, 604, 616, 524, 533, 667, 678, 540, 564, 667, 721, 593, 585, 722, 678, 597, 524, 692, 635, 528, 631, 719, 640, 613, 570, 600, 574, 617, 656, 719, 609, 570, 568, 584, 648, 671, 687, 790, 737, 619, 644, 623, 707, 658, 693, 762, 634, 646, 758, 692, 629, 720, 763, 774, 662, 589, 597, 668, 638, 614, 730, 838, 763, 655, 714, 719, 664, 599, 691, 781, 772, 588, 674, 740, 624, 581, 644, 721, 796, 674, 644, 681, 518, 504, 623, 652, 639, 636, 586, 584, 555, 568, 665, 688, 627, 629, 667, 639, 617, 597, 501, 554, 634, 611, 647, 656, 675, 624, 522, 603, 723, 758, 697, 732, 695, 697, 706, 657, 608, 722, 776, 769, 611, 676, 693, 604, 543, 575, 775, 760, 774, 676, 753, 758, 662, 583, 677, 852, 953, 729, 995, 883, 623, 702, 930, 1125, 744, 888, 940, 721, 750, 772, 1135, 1123, 588, 839, 822, 654, 651, 720, 1132, 1063, 540, 875, 841, 692, 652, 864, 1313, 1044, 549, 704, 657, 700, 608, 827, 1209, 989, 639, 645, 608, 695, 565, 658, 1002, 893, 672, 643, 670, 585, 580, 644, 661, 663, 566, 630, 576, 515, 550, 670, 679, 525, 493, 609, 615, 535, 541, 598, 889, 801, 509, 560, 605, 559, 489, 487, 731, 722, 427, 509, 575, 539, 447, 480, 619, 566, 488, 597, 610, 543, 493, 474, 528, 551, 530, 592, 553, 446, 466, 510, 479, 457, 634, 602, 440, 465, 560, 577, 508, 477, 520, 443, 449, 462, 447, 497, 434, 453]"
0.7548721432685852,-0.42404571175575256,-0.6703301668167114,0.2337483912706375,-0.6290290951728821,-0.6877297163009644,0.03838455677032471,-0.2703958749771118,1.1180877685546875,19.0,-0.21246016025543213,1.1521339416503906,24.5,-0.19944250583648682,0.9837627410888672,19.25,-0.04809439182281494,0.9397029876708984,30.75,-0.018768906593322754,0.9349822998046875,-31.75,"[465, 617, 716, 752, 780, 752, 721, 622, 438, 517, 580, 675, 657, 634, 669, 582, 475, 509, 597, 606, 544, 590, 584, 552, 607, 474, 575, 596, 610, 556, 587, 642, 506, 387, 497, 487, 466, 502, 524, 555, 489, 539, 465, 465, 528, 509, 560, 492, 456, 476, 536, 489, 464, 502, 548, 490, 464, 462, 470, 511, 568, 554, 551, 525, 579, 527, 478, 599, 643, 468, 460, 541, 649, 544, 573, 641, 602, 469, 441, 591, 612, 519, 463, 560, 624, 540, 407, 605, 478, 456, 484, 514, 505, 491, 535, 525, 425, 510, 587, 506, 426, 500, 591, 498, 587, 654, 629, 599, 506, 501, 705, 649, 519, 594, 704, 705, 601, 658, 725, 592, 669, 623, 625, 686, 674, 656, 618, 639, 566, 501, 503, 638, 700, 605, 515, 594, 518, 496, 511, 595, 652, 649, 540, 529, 589, 522, 547, 620, 603, 599, 603, 600, 533, 523, 634, 566, 552, 639, 699, 628, 572, 522, 608, 585, 634, 620, 548, 586, 634, 637, 698, 638, 661, 567, 512, 643, 558, 599, 604, 597, 572, 545, 558, 533, 541, 528, 604, 572, 517, 549, 621, 639, 522, 576, 597, 526, 512, 551, 535, 553, 602, 664, 618, 555, 568, 666, 631, 517, 622, 599, 597, 545, 553, 650, 597, 526, 618, 659, 621, 592, 568, 652, 597, 536, 605, 549, 531, 566, 540, 537, 523, 520, 642, 530, 533, 556, 529, 497, 627, 690, 601, 567, 573, 622, 528, 545, 718, 704, 529, 685, 562, 504, 474, 663, 682, 495, 395, 501, 561, 514, 497, 491, 540, 471, 546, 608, 612, 600, 599, 588, 638, 533, 589, 562, 507, 503, 613, 596, 551, 607, 672, 627, 538, 608, 657, 595, 583, 652, 456, 431, 563, 588, 533, 538, 525, 504, 537, 522, 597, 579, 466, 483, 625, 608, 516, 526, 611, 571, 522, 486, 576, 553, 663, 646, 542, 589, 655, 655, 584, 568, 610, 580, 545, 560, 578, 612, 571, 607, 643, 575, 506, 557, 585, 654, 634, 591, 490, 465, 471, 503, 513, 529, 564, 548, 535, 474, 485, 469, 450, 570, 568, 574, 633, 577, 560, 616, 566, 542, 586, 579, 668, 649, 754, 868, 624, 642, 820, 824, 1268, 1090, 1671, 1810, 1090, 1429, 2860, 2713, 2187, 1822, 2879, 3009, 1852, 2134, 5273, 5308, 2011, 2139, 3046, 2851, 1635, 2339, 5187, 4989, 3675, 4494, 5939, 4650, 2804, 4935, 9742, 9081, 10238, 9778, 14962, 11424, 7156, 10628, 24616, 24634, 13743, 10473, 17541, 14656, 9542, 11512, 29155, 30376, 9012, 6503, 10246, 8697, 6124, 6374, 16552, 17692, 3600, 3841, 4390, 3690, 2582, 3133, 6786, 7079, 2676, 1936, 3726, 3469, 1854, 1907, 4197, 4711, 2664, 2188, 4445, 3617, 1540, 1868, 4842, 5609, 1941, 1807, 3313, 2540, 1143, 1643, 3926, 4303, 1173, 1731, 2530, 1862, 881, 1415, 2489, 2547, 1442, 2369, 3296, 2214, 858, 1586, 3132, 3252, 1322, 2449, 3322, 2115, 855, 1743, 3363, 3336, 945, 1488, 1847, 1234, 589, 1107, 1850, 1791, 739, 1017, 1067, 905, 602, 862, 1211, 1067, 705, 809, 856, 813, 725, 880, 1052, 934, 645, 746, 804, 898, 779, 803, 996, 896, 568, 667, 659, 693, 753, 823, 887, 813, 641, 849, 752, 545, 706, 807, 809, 693, 691, 925, 780, 542, 561, 671, 697, 585, 729, 820, 753, 676, 661, 610, 750, 762, 953, 946, 799, 729, 716, 816, 891, 850, 908, 949, 918, 836, 818, 957, 989, 923, 1487, 2735, 2992, 1929, 1070, 1366, 1711, 1445, 3335, 6142, 6369, 3637, 1739, 2550, 3701, 2483, 4110, 6899, 6687, 3795, 1963, 3375, 4293, 2414, 2844, 4708, 4214, 2419, 1402, 2805, 2950, 1829, 2732, 4118, 3751, 2168, 1835, 2325, 2361, 2023, 2907, 3964, 3802, 2649, 1786, 2444, 2491, 2322, 1856, 2142, 2408, 2005, 1436, 1689, 1581, 1661, 1121, 1150, 1379, 1233, 1064, 1145, 982, 1012, 1334, 1975, 1903, 1088, 1276, 1504, 1244, 899, 1307, 2297, 2098, 1055, 1235, 1399, 1248, 925, 909, 1455, 1316, 770, 931, 1086, 923, 683, 896, 857, 813, 734, 886, 934, 819, 840, 853, 747, 770, 841, 826, 807, 801, 812, 829, 830, 900, 902, 685, 716, 843, 863, 705, 841, 802, 750, 738, 814, 923, 798, 816, 733, 781, 708, 801, 795, 788, 871, 826, 747, 793, 797, 694, 694, 648, 844, 779, 954, 997, 826, 637, 674, 764, 636, 664, 839, 982, 872, 659, 680, 866, 749, 770, 688, 791, 829, 802, 753, 943, 943, 857, 701, 669, 876, 878, 815, 941, 976, 761, 636, 598, 732, 857, 753, 784, 784, 772, 682, 510, 532, 729, 666, 604, 709, 659, 623, 617, 521, 673, 695, 610, 645, 582, 474, 535, 532, 564, 498, 526, 604, 600, 519, 540, 549, 537, 548, 554, 605, 625, 528, 602, 643, 504, 494, 628, 656, 642, 571, 607, 628, 584, 620, 718, 724, 655, 548, 555, 656, 675, 655, 699, 723, 708, 630, 596, 724, 716, 626, 634, 648, 605, 651, 618, 677, 666, 642, 639, 669, 669, 699, 732, 720, 612, 650, 777, 851, 610, 509, 621, 667, 636, 588, 640, 781, 602, 591, 679, 769, 721, 630, 709, 751, 779, 687, 699, 702, 678, 700, 805, 881, 747, 690, 748, 667, 678, 728, 808, 866, 810, 729, 715, 727, 724, 728, 588, 651, 723, 963, 931, 746, 840, 819, 889, 802, 658, 879, 885, 665, 690, 779, 925, 679, 731, 673, 642, 633, 698, 754, 712, 691, 806, 588, 691, 723, 667, 702, 794, 901, 740, 620, 676, 677, 535, 642, 680, 640, 625, 653, 749, 691, 581, 592, 735, 745, 710, 743, 735, 652, 585, 652, 713, 736, 792, 816, 859, 727, 656, 688, 879, 934, 765, 944, 898, 706, 693, 878, 1090, 962, 662, 735, 717, 739, 539, 778, 946, 739, 691, 733, 856, 813, 611, 797, 1003, 867, 533, 748, 808, 635, 575, 793, 941, 820, 648, 710, 757, 644, 637, 698, 738, 774, 561, 584, 680, 613, 535, 625, 645, 608, 553, 560, 674, 571, 491, 618, 661, 603, 591, 572, 561, 587, 514, 459, 603, 654, 627, 547, 532, 549, 458, 431, 474, 574, 514, 489, 487, 512, 441, 403, 391, 456, 529, 566, 464, 340, 461, 539, 492, 465, 499, 637, 596, 435, 488, 513, 585, 511, 535, 524, 516, 496, 498, 470, 508, 545]"
0.7767157554626465,-0.6352307796478271,-0.6650635600090027,0.2046383023262024,-0.9152794480323792,-0.6184684038162231,-0.053021520376205444,-1.0689361095428467,1.281595230102539,18.75,-0.16513895988464355,0.9085178375244141,17.5,-0.01665186882019043,0.8960723876953125,18.75,0.01253056526184082,0.7744789123535156,15.75,0.059165239334106445,0.7880687713623047,18.25,"[641, 653, 682, 663, 709, 660, 684, 648, 567, 687, 654, 641, 771, 709, 669, 620, 469, 567, 624, 533, 542, 604, 622, 472, 530, 571, 564, 530, 497, 568, 561, 469, 525, 568, 564, 505, 421, 532, 525, 488, 503, 544, 507, 484, 446, 445, 531, 508, 541, 443, 498, 475, 463, 506, 557, 550, 470, 505, 522, 490, 487, 498, 524, 519, 531, 542, 451, 480, 516, 478, 476, 465, 447, 532, 570, 495, 455, 476, 509, 392, 472, 592, 585, 557, 511, 501, 527, 465, 573, 553, 490, 515, 517, 634, 588, 457, 490, 528, 514, 503, 452, 464, 521, 488, 559, 559, 522, 521, 501, 541, 573, 523, 546, 534, 535, 501, 521, 501, 580, 587, 460, 577, 491, 461, 545, 565, 602, 476, 523, 553, 548, 563, 576, 557, 492, 496, 530, 491, 560, 633, 553, 488, 512, 583, 569, 540, 510, 567, 557, 579, 583, 583, 494, 562, 560, 585, 595, 605, 613, 564, 503, 620, 627, 581, 592, 646, 611, 496, 578, 602, 605, 578, 521, 518, 555, 515, 562, 570, 564, 583, 593, 571, 550, 527, 472, 452, 594, 627, 529, 561, 581, 521, 494, 546, 587, 502, 533, 604, 598, 567, 592, 653, 603, 587, 657, 622, 625, 626, 696, 812, 605, 575, 647, 681, 595, 541, 624, 657, 614, 588, 597, 586, 550, 536, 502, 559, 583, 544, 608, 628, 527, 555, 552, 528, 494, 487, 565, 616, 557, 510, 561, 459, 486, 602, 521, 484, 495, 564, 563, 471, 517, 650, 620, 522, 514, 499, 547, 594, 518, 566, 525, 576, 573, 490, 560, 658, 649, 579, 533, 538, 541, 546, 593, 591, 606, 573, 614, 573, 562, 604, 481, 566, 579, 512, 545, 589, 622, 589, 576, 489, 519, 501, 519, 471, 542, 645, 534, 515, 591, 553, 480, 570, 620, 611, 674, 710, 742, 587, 573, 666, 638, 671, 687, 518, 537, 595, 647, 639, 598, 694, 626, 510, 575, 626, 636, 614, 514, 574, 640, 873, 1017, 869, 594, 984, 1520, 1318, 1278, 1947, 2570, 2224, 1068, 2391, 4774, 4262, 1840, 2589, 3601, 2944, 1424, 3041, 6327, 5788, 1530, 1892, 2547, 2268, 1236, 2231, 4445, 4120, 1484, 1474, 2008, 2140, 1345, 1825, 3728, 3585, 1781, 1483, 1857, 1613, 1389, 1652, 3020, 3165, 4435, 3651, 4518, 3204, 2878, 3888, 7009, 7259, 7986, 7517, 10021, 7375, 5332, 8243, 17003, 16881, 8113, 6819, 9939, 8358, 5680, 7828, 18413, 18650, 4948, 3417, 5187, 4642, 3250, 3412, 9035, 9666, 1822, 2263, 2821, 2024, 1230, 1349, 2214, 2420, 1060, 2453, 3300, 2101, 780, 1288, 2108, 2078, 1005, 2071, 2927, 1998, 780, 1262, 2238, 2376, 1250, 1247, 2191, 1815, 942, 915, 1979, 2353, 1338, 1557, 2426, 1918, 977, 1212, 2431, 2570, 1941, 3817, 4878, 3040, 1290, 2488, 4700, 4358, 2571, 4772, 5837, 3490, 1513, 2798, 5570, 5164, 2071, 3209, 3811, 2294, 1243, 2151, 4252, 3983, 1352, 1770, 1732, 1233, 964, 1409, 2256, 2050, 958, 1546, 1762, 1102, 741, 1285, 1881, 1569, 846, 1471, 1588, 1026, 692, 1171, 1491, 1234, 781, 1205, 1212, 887, 640, 939, 1084, 941, 674, 918, 940, 697, 597, 868, 900, 690, 701, 816, 700, 607, 645, 685, 751, 660, 659, 719, 711, 719, 701, 682, 819, 747, 576, 791, 756, 711, 656, 693, 786, 667, 766, 999, 902, 775, 695, 782, 839, 601, 799, 1049, 917, 717, 684, 751, 865, 674, 2064, 2711, 2610, 1909, 1575, 2035, 2100, 1580, 5136, 6320, 5873, 4400, 3379, 4863, 5088, 3767, 6377, 7934, 7364, 5592, 3996, 5945, 6323, 4691, 4891, 6774, 6013, 4016, 3211, 4303, 4519, 3585, 3028, 4313, 3918, 2575, 2313, 2679, 2824, 2279, 2085, 2899, 3206, 2124, 1467, 2405, 2627, 1835, 1959, 2462, 2837, 1762, 1280, 2269, 2145, 1503, 1594, 2100, 2070, 1135, 1248, 1518, 1413, 1077, 1094, 1452, 1194, 891, 1062, 1050, 1145, 869, 945, 1407, 1347, 837, 1061, 1227, 1146, 862, 1116, 2218, 2102, 875, 1129, 1522, 1379, 939, 979, 1884, 1842, 824, 1066, 1354, 1265, 982, 733, 1090, 1250, 893, 895, 949, 1050, 1012, 810, 964, 927, 658, 784, 792, 831, 867, 783, 905, 851, 608, 688, 759, 841, 836, 683, 863, 887, 613, 584, 749, 806, 778, 728, 851, 897, 687, 737, 851, 782, 790, 671, 809, 835, 663, 707, 812, 820, 746, 629, 852, 959, 725, 639, 819, 903, 759, 932, 954, 1040, 925, 762, 892, 1174, 1154, 1123, 848, 831, 893, 816, 654, 1070, 1302, 798, 682, 707, 694, 711, 693, 889, 888, 681, 703, 679, 693, 691, 595, 672, 667, 695, 741, 679, 671, 610, 581, 709, 667, 686, 719, 655, 560, 669, 703, 696, 647, 666, 809, 901, 672, 682, 710, 881, 880, 598, 838, 871, 620, 560, 736, 900, 751, 499, 804, 806, 674, 699, 803, 809, 549, 560, 740, 663, 580, 691, 700, 608, 496, 532, 644, 662, 581, 495, 532, 613, 620, 569, 667, 768, 785, 617, 543, 730, 720, 756, 662, 660, 715, 732, 644, 673, 789, 750, 654, 591, 602, 695, 660, 613, 717, 967, 589, 723, 808, 781, 577, 918, 1253, 1434, 714, 1167, 1258, 1054, 862, 1741, 2155, 2021, 751, 1626, 1767, 1468, 810, 2343, 3105, 2087, 777, 1617, 1907, 1499, 686, 2392, 3190, 1640, 742, 1246, 1560, 1395, 686, 1935, 2553, 1091, 716, 812, 908, 1074, 785, 897, 1310, 766, 671, 710, 852, 792, 727, 730, 755, 905, 658, 768, 855, 770, 706, 960, 1100, 889, 968, 927, 681, 712, 741, 1025, 1023, 713, 914, 876, 719, 750, 739, 856, 788, 706, 925, 732, 666, 747, 729, 729, 704, 753, 919, 853, 791, 735, 848, 1012, 711, 688, 883, 895, 849, 705, 883, 1023, 661, 652, 684, 704, 819, 726, 770, 914, 641, 640, 960, 1058, 805, 559, 824, 1180, 1012, 672, 1082, 1367, 968, 596, 810, 1291, 1241, 666, 791, 965, 832, 611, 675, 911, 909, 730, 610, 735, 672, 573, 715, 798, 855, 540, 600, 701, 691, 435, 734, 915, 673, 542, 666, 834, 736, 544, 633, 855, 685, 521, 563, 737, 714, 560, 578, 725, 686, 458, 500, 674, 610, 490, 554, 671, 577, 405, 507, 592, 520, 498, 573, 565, 413, 532, 675, 674, 530, 529, 565, 595, 521, 617, 820, 676, 496, 463, 525, 591, 468, 727, 749, 601, 516, 467, 503, 594, 549]"
0.7661731839179993,-0.9050441980361938,-0.748052179813385,0.07670152932405472,-1.27378249168396,-0.7205720543861389,-0.3005499541759491,-0.2941139340400696,0.8730411529541016,23.25,-0.13218003511428833,0.7049560546875,26.75,-0.11844712495803833,0.7156848907470703,25.25,-0.023032009601593018,0.6410121917724609,22.5,0.1009933352470398,0.4676342010498047,17.0,"[466, 550, 604, 574, 568, 577, 606, 547, 462, 486, 593, 637, 604, 607, 663, 596, 573, 647, 687, 576, 515, 662, 652, 567, 528, 613, 585, 500, 544, 598, 619, 510, 502, 552, 540, 467, 538, 537, 483, 440, 492, 542, 492, 496, 559, 572, 543, 534, 505, 570, 572, 514, 475, 526, 561, 499, 635, 614, 609, 639, 570, 523, 596, 593, 560, 524, 583, 595, 554, 522, 558, 600, 543, 602, 590, 512, 558, 620, 576, 497, 508, 488, 535, 469, 485, 534, 516, 453, 523, 507, 553, 460, 456, 477, 556, 583, 553, 541, 555, 528, 470, 455, 503, 542, 612, 542, 556, 535, 512, 421, 443, 536, 518, 449, 490, 484, 463, 442, 462, 509, 536, 610, 511, 440, 476, 487, 513, 570, 542, 478, 447, 441, 552, 542, 477, 556, 610, 556, 557, 596, 602, 555, 551, 576, 504, 589, 590, 511, 541, 562, 567, 544, 553, 576, 561, 548, 560, 584, 589, 563, 493, 588, 502, 466, 481, 564, 562, 501, 499, 558, 524, 558, 579, 635, 705, 585, 576, 571, 534, 620, 657, 653, 638, 650, 582, 599, 547, 571, 583, 523, 524, 539, 554, 596, 574, 496, 544, 519, 477, 539, 594, 583, 553, 500, 495, 467, 449, 547, 541, 630, 586, 510, 527, 584, 548, 447, 522, 561, 569, 539, 597, 615, 536, 493, 625, 522, 533, 601, 593, 549, 496, 538, 483, 618, 597, 546, 573, 591, 575, 482, 633, 698, 752, 620, 605, 588, 594, 675, 560, 627, 593, 507, 586, 539, 602, 614, 500, 505, 476, 515, 492, 437, 509, 506, 580, 600, 569, 605, 543, 548, 542, 524, 594, 625, 545, 505, 529, 578, 567, 483, 638, 614, 493, 456, 600, 600, 463, 503, 939, 1325, 1364, 920, 827, 1455, 2165, 1873, 2305, 3896, 4872, 2847, 1603, 4045, 7853, 7055, 3610, 5559, 7473, 4463, 2360, 5690, 12015, 11209, 3053, 4406, 5914, 3948, 2118, 4750, 10150, 9449, 2164, 3165, 4141, 3019, 1607, 3486, 7220, 6627, 1685, 2451, 3305, 2413, 1249, 2673, 5310, 4859, 889, 1443, 1919, 1492, 865, 1562, 2637, 2382, 1137, 1067, 1240, 1110, 882, 975, 1601, 1699, 1895, 1661, 2850, 2171, 1209, 1529, 3927, 4189, 1915, 2044, 3463, 2514, 1212, 2043, 4789, 4868, 1304, 1672, 2459, 1745, 818, 1753, 3723, 3559, 991, 1541, 1812, 1327, 829, 1351, 2118, 1829, 1489, 2912, 3255, 1796, 1129, 1845, 2106, 1497, 2117, 4990, 5486, 2700, 1528, 2778, 3427, 2532, 1644, 4175, 4548, 2341, 1188, 2256, 3190, 2384, 1104, 2093, 2244, 1351, 836, 1307, 1821, 1497, 1868, 2482, 2303, 1298, 1030, 1544, 2015, 1645, 3570, 5380, 4679, 2085, 1543, 3067, 4439, 3343, 4305, 7238, 7289, 3576, 1691, 4372, 7463, 6061, 3283, 5846, 6968, 3994, 1368, 3910, 7516, 6783, 2135, 3621, 4521, 2704, 1065, 2554, 4769, 4381, 1135, 1913, 2276, 1542, 848, 1345, 2223, 2001, 1205, 1773, 1952, 1436, 927, 1150, 1622, 1522, 1222, 2318, 2458, 1469, 901, 1436, 2076, 1705, 889, 1669, 1770, 1022, 725, 1162, 1661, 1352, 793, 883, 885, 758, 660, 814, 907, 820, 1126, 1374, 1077, 653, 861, 971, 977, 817, 2015, 2647, 1948, 873, 1291, 1193, 1124, 919, 2849, 3603, 2709, 1283, 1670, 1524, 1402, 1322, 2728, 3133, 2454, 1467, 1493, 1442, 1282, 1484, 3222, 3679, 3147, 2628, 2543, 2125, 2171, 2178, 6507, 6929, 6366, 6341, 4782, 4338, 4938, 4647, 7562, 7861, 7257, 7174, 5115, 5422, 5877, 5279, 4507, 6114, 5502, 3788, 2979, 4005, 4335, 3340, 2796, 5218, 5169, 2681, 1793, 3216, 3853, 2557, 1459, 3010, 3199, 1740, 966, 1851, 2398, 1664, 1099, 1519, 1558, 1124, 823, 1085, 1234, 1172, 969, 1568, 1692, 1113, 808, 1048, 1174, 979, 931, 1201, 1243, 971, 826, 887, 981, 897, 900, 1045, 1029, 948, 887, 719, 848, 925, 842, 1136, 1140, 893, 873, 819, 939, 876, 989, 1229, 1332, 980, 851, 1030, 1106, 1004, 830, 972, 1233, 940, 618, 898, 981, 931, 802, 863, 867, 807, 792, 892, 862, 798, 701, 670, 764, 761, 790, 775, 766, 694, 646, 682, 692, 657, 694, 795, 783, 740, 685, 721, 701, 592, 642, 744, 655, 622, 702, 766, 795, 696, 728, 759, 691, 676, 609, 851, 888, 672, 639, 827, 816, 727, 729, 854, 741, 656, 599, 722, 804, 683, 824, 929, 863, 731, 747, 740, 785, 723, 811, 968, 849, 668, 730, 760, 750, 672, 591, 739, 748, 540, 592, 609, 698, 641, 690, 696, 669, 668, 652, 572, 647, 725, 780, 862, 777, 718, 808, 612, 664, 740, 805, 907, 836, 778, 798, 617, 728, 749, 784, 817, 849, 838, 746, 675, 733, 839, 798, 866, 868, 793, 767, 689, 750, 804, 833, 796, 696, 713, 808, 740, 705, 768, 705, 772, 731, 675, 830, 794, 675, 688, 725, 706, 612, 671, 760, 773, 677, 642, 675, 639, 684, 695, 751, 719, 643, 687, 633, 580, 588, 632, 692, 654, 613, 645, 683, 591, 616, 646, 698, 706, 632, 693, 728, 597, 605, 736, 741, 617, 581, 730, 718, 547, 686, 737, 624, 565, 634, 783, 568, 582, 761, 721, 677, 713, 843, 846, 580, 661, 835, 699, 656, 813, 1206, 1143, 772, 768, 1090, 1151, 778, 801, 1442, 1458, 1322, 769, 1327, 1510, 1048, 859, 1586, 1879, 1399, 803, 1104, 1199, 996, 930, 1364, 1772, 824, 859, 836, 821, 725, 950, 1031, 888, 638, 1117, 1190, 823, 603, 904, 1211, 1061, 869, 1168, 1290, 1033, 880, 873, 1145, 1160, 932, 990, 981, 1024, 884, 813, 1198, 1194, 1025, 1005, 1000, 1097, 1027, 962, 1468, 1495, 941, 932, 1066, 1107, 859, 871, 1224, 1240, 705, 1141, 1211, 912, 670, 987, 1438, 1167, 653, 954, 1016, 889, 683, 983, 1650, 1375, 792, 954, 943, 893, 733, 782, 1200, 1117, 787, 1016, 939, 738, 650, 793, 952, 835, 570, 781, 824, 671, 578, 663, 844, 764, 448, 678, 830, 670, 554, 625, 867, 836, 718, 741, 733, 589, 600, 721, 774, 780, 773, 799, 635, 499, 595, 784, 754, 583, 698, 738, 659, 559, 590, 668, 739, 715, 541, 600, 613, 495, 541, 564, 602, 604, 445, 560, 606, 523, 402, 558, 670, 549, 445, 571, 574, 463, 417, 546, 592, 458, 456, 491, 523, 444, 494, 548, 606, 559, 414, 420, 524, 485, 436, 489, 611, 610, 500, 488, 506, 447, 399, 394, 475, 570]"
0.5863140821456909,-1.2626622915267944,-0.36068254709243774,-0.3776128888130188,-1.3708773851394653,0.0945473313331604,-0.6850078701972961,-0.1280500888824463,-0.6530284881591797,19.0,-0.10344529151916504,0.4539012908935547,15.5,-0.04407906532287598,0.22072792053222656,20.0,-0.02719902992248535,0.0,18.5,0.06993269920349121,-0.07939338684082031,16.5,"[560, 605, 631, 567, 589, 573, 631, 602, 564, 573, 609, 620, 658, 624, 618, 594, 455, 552, 589, 555, 592, 664, 638, 499, 503, 548, 621, 573, 534, 562, 544, 523, 554, 585, 574, 478, 521, 582, 537, 495, 563, 586, 585, 534, 498, 548, 584, 562, 534, 529, 534, 559, 673, 662, 583, 477, 581, 630, 603, 552, 612, 674, 651, 550, 534, 512, 536, 555, 527, 567, 523, 525, 608, 524, 498, 472, 467, 552, 585, 600, 538, 542, 529, 512, 550, 625, 596, 503, 599, 533, 613, 675, 543, 530, 566, 574, 489, 546, 573, 619, 574, 492, 560, 523, 555, 526, 633, 567, 490, 573, 615, 596, 599, 681, 736, 700, 538, 609, 692, 586, 586, 666, 587, 481, 594, 634, 507, 541, 570, 605, 498, 424, 460, 504, 482, 435, 602, 577, 612, 575, 509, 507, 494, 540, 477, 434, 509, 524, 506, 498, 531, 572, 548, 412, 452, 547, 549, 482, 466, 605, 564, 449, 494, 491, 505, 445, 516, 609, 558, 490, 563, 667, 695, 636, 692, 692, 477, 545, 546, 528, 513, 572, 597, 546, 543, 611, 591, 593, 471, 476, 522, 559, 493, 616, 574, 515, 421, 453, 572, 533, 550, 630, 607, 528, 436, 475, 556, 540, 641, 649, 654, 644, 555, 570, 630, 550, 572, 611, 559, 515, 535, 577, 525, 499, 596, 582, 590, 544, 561, 615, 609, 609, 648, 598, 573, 525, 543, 584, 511, 575, 1014, 1274, 1237, 865, 672, 1236, 1643, 1428, 1625, 3338, 3208, 1566, 934, 3007, 4787, 3772, 1410, 4055, 3868, 1663, 714, 3407, 5728, 4386, 863, 2643, 2506, 1112, 592, 2015, 3480, 2710, 1130, 3084, 3089, 1477, 796, 2461, 3817, 2764, 1915, 5054, 5232, 2508, 1010, 3686, 6255, 4756, 1700, 5641, 5975, 2886, 843, 4074, 7003, 5422, 1354, 3830, 3831, 1879, 783, 2831, 4665, 3618, 1240, 1938, 1657, 841, 696, 1628, 2240, 1709, 1037, 1404, 1118, 644, 684, 1260, 1377, 1081, 871, 1282, 1213, 786, 603, 967, 1413, 1178, 889, 1711, 1616, 929, 644, 1184, 1826, 1337, 562, 1291, 1307, 839, 624, 1182, 1725, 1308, 630, 1220, 1329, 873, 669, 1043, 1604, 1357, 809, 1832, 1934, 1105, 681, 1641, 2884, 2371, 1915, 1895, 2072, 1461, 999, 2244, 4063, 3773, 7645, 10074, 7217, 2124, 2837, 4219, 4563, 3253, 16592, 26222, 19918, 6311, 6021, 12444, 16481, 8780, 15409, 24737, 18805, 6273, 5584, 12157, 16942, 9554, 6025, 9511, 7237, 2576, 2363, 4819, 6809, 4152, 1401, 2774, 2556, 1422, 944, 1958, 2872, 2204, 1500, 2938, 3067, 1651, 1055, 2325, 3661, 2974, 1135, 2894, 3066, 1607, 790, 1958, 3397, 2722, 985, 2436, 2497, 1277, 792, 1523, 2366, 1827, 889, 1603, 1545, 816, 646, 992, 1285, 987, 840, 954, 967, 754, 701, 833, 802, 666, 910, 1402, 1342, 745, 874, 924, 769, 683, 1467, 2169, 1883, 820, 1063, 1243, 1205, 928, 2816, 4094, 3642, 1643, 2227, 2992, 2238, 1462, 3788, 5482, 5884, 3054, 3313, 4811, 3221, 2419, 2649, 4127, 4867, 2698, 2537, 3984, 2443, 2085, 1473, 2099, 2467, 1413, 1376, 2003, 1223, 1061, 941, 1114, 1152, 808, 774, 1071, 985, 756, 1185, 1462, 1424, 855, 1010, 1204, 954, 898, 1953, 2816, 2377, 1160, 1605, 1750, 1077, 1075, 1892, 2603, 2223, 1320, 1424, 1446, 984, 1032, 1110, 1479, 1458, 1045, 849, 1089, 943, 814, 924, 1170, 1124, 768, 737, 1042, 888, 736, 956, 1182, 1065, 669, 752, 1001, 917, 723, 895, 1132, 1116, 709, 722, 936, 912, 779, 1001, 1066, 1014, 756, 842, 934, 796, 680, 907, 991, 758, 588, 665, 798, 741, 599, 620, 832, 734, 581, 526, 705, 705, 581, 710, 862, 900, 694, 722, 715, 795, 800, 830, 972, 938, 736, 870, 856, 836, 855, 788, 1145, 1040, 689, 846, 850, 781, 718, 858, 1242, 1177, 735, 795, 817, 901, 783, 848, 1266, 1099, 621, 799, 846, 844, 656, 797, 1247, 1143, 731, 852, 837, 847, 704, 800, 947, 785, 738, 888, 793, 716, 654, 953, 1081, 916, 839, 999, 949, 721, 754, 1032, 1058, 839, 940, 1055, 1039, 822, 785, 871, 885, 842, 736, 738, 881, 927, 917, 926, 1008, 977, 837, 808, 864, 891, 969, 765, 961, 1035, 845, 752, 823, 844, 874, 657, 847, 973, 831, 632, 795, 893, 830, 577, 725, 861, 809, 618, 679, 855, 729, 570, 617, 662, 645, 647, 681, 714, 675, 540, 626, 628, 471, 561, 624, 624, 604, 565, 636, 579, 526, 578, 587, 658, 608, 672, 610, 545, 549, 621, 602, 590, 625, 657, 658, 592, 665, 709, 709, 651, 642, 751, 656, 543, 604, 709, 761, 719, 698, 1144, 865, 686, 802, 912, 877, 927, 1180, 1166, 825, 779, 924, 906, 841, 1009, 1216, 703, 742, 756, 749, 754, 843, 880, 770, 681, 697, 732, 682, 566, 595, 633, 634, 698, 668, 599, 632, 649, 653, 713, 727, 718, 589, 592, 653, 620, 672, 646, 681, 748, 620, 724, 746, 712, 709, 824, 861, 798, 727, 764, 733, 739, 701, 1003, 1044, 1006, 800, 806, 869, 764, 778, 1163, 1226, 1190, 879, 817, 802, 848, 826, 1096, 1369, 1162, 876, 759, 731, 935, 869, 1075, 1377, 1172, 949, 1197, 1016, 943, 1017, 1796, 1893, 1962, 1304, 2136, 1576, 1249, 1238, 3048, 3583, 2309, 1780, 2629, 1556, 1361, 1490, 3619, 4265, 1813, 2316, 3378, 2301, 1316, 1886, 4032, 4215, 1320, 2000, 3060, 2238, 1075, 1638, 3507, 3520, 1022, 1395, 1810, 1266, 736, 1080, 1974, 1856, 1259, 1164, 1171, 836, 858, 1088, 1512, 1577, 1149, 1372, 1559, 1363, 923, 1220, 1838, 1699, 1237, 1476, 1560, 1390, 931, 1346, 1824, 1544, 1131, 1186, 1226, 1085, 885, 1181, 1318, 1083, 1270, 1073, 1297, 1364, 934, 999, 1556, 1636, 1533, 1525, 2044, 1571, 951, 1213, 2137, 2249, 971, 1545, 1908, 1239, 695, 1360, 2138, 1861, 1026, 1269, 1257, 1114, 895, 1208, 1388, 998, 1192, 1072, 1161, 1237, 994, 1090, 1025, 1063, 949, 951, 1253, 1175, 760, 989, 1103, 1074, 672, 826, 900, 704, 615, 1070, 1177, 860, 578, 711, 680, 578, 585, 918, 1037, 764, 614, 759, 764, 557, 572, 658, 734, 669, 751, 675, 708, 559, 613, 615, 708, 841, 608, 518, 613, 511, 453, 482, 645, 793, 533, 631, 550, 424, 449, 552, 596, 508, 459, 491, 459, 421, 491, 544, 499, 419, 432, 488, 443, 459, 482, 509, 440, 422]"
0.24150270223617554,-1.3158197402954102,0.12365269660949707,-1.1395611763000488,-1.267593264579773,0.8031677603721619,-1.4841176271438599,-0.19096696376800537,0.27365684509277344,24.5,-0.16807878017425537,0.0,23.5,-0.13832414150238037,-0.15048980712890625,18.5,-0.09040200710296631,0.0,16.0,1.5645567178726196,1.2479782104492188,15.75,"[548, 620, 707, 685, 640, 681, 713, 623, 516, 589, 583, 660, 638, 644, 665, 588, 487, 519, 541, 580, 565, 585, 613, 538, 565, 631, 584, 508, 545, 540, 537, 555, 463, 546, 518, 421, 497, 491, 472, 519, 493, 531, 548, 516, 525, 552, 538, 514, 503, 515, 545, 519, 486, 469, 475, 496, 427, 498, 529, 429, 474, 573, 553, 490, 555, 491, 436, 533, 504, 519, 526, 479, 551, 579, 569, 549, 580, 610, 499, 480, 564, 467, 498, 527, 490, 544, 471, 491, 606, 596, 560, 536, 563, 555, 513, 549, 514, 517, 544, 537, 520, 515, 591, 563, 567, 551, 508, 536, 475, 449, 542, 564, 653, 699, 543, 498, 527, 529, 504, 452, 592, 658, 556, 532, 622, 598, 519, 516, 568, 591, 583, 536, 539, 566, 499, 549, 504, 503, 533, 516, 580, 575, 489, 491, 567, 534, 535, 481, 549, 512, 465, 570, 654, 523, 516, 562, 582, 511, 532, 666, 594, 564, 581, 597, 569, 528, 556, 625, 585, 602, 533, 604, 638, 557, 561, 560, 611, 601, 563, 588, 549, 517, 475, 601, 566, 534, 617, 612, 550, 444, 549, 637, 497, 551, 624, 591, 567, 516, 547, 547, 536, 672, 596, 532, 559, 575, 571, 483, 593, 705, 607, 527, 601, 665, 580, 488, 545, 569, 651, 553, 516, 611, 638, 617, 739, 2059, 2177, 1082, 743, 2007, 2806, 2010, 2478, 6546, 5831, 2240, 2009, 6056, 7847, 4606, 4229, 7871, 6359, 2550, 2773, 7443, 8845, 4699, 2890, 3186, 2381, 1546, 1760, 3379, 3330, 1938, 1512, 4162, 4406, 2064, 871, 2754, 4744, 3776, 4241, 8832, 7814, 3067, 1880, 6086, 8637, 5559, 3807, 7391, 6371, 2423, 1767, 4939, 6640, 4136, 1877, 4078, 3562, 1433, 1023, 2852, 4507, 3263, 950, 2471, 2273, 1032, 647, 1884, 3173, 2474, 674, 1111, 1161, 699, 558, 991, 1481, 1295, 872, 1120, 968, 593, 658, 969, 958, 625, 851, 1230, 1042, 632, 736, 1047, 1128, 770, 766, 923, 789, 624, 689, 833, 766, 643, 840, 901, 729, 612, 763, 744, 779, 698, 882, 1125, 937, 629, 664, 873, 903, 658, 1056, 1643, 1365, 777, 799, 1001, 1014, 710, 1751, 2921, 2478, 1006, 1108, 1502, 2047, 1368, 3697, 6599, 5312, 1607, 1945, 2965, 4106, 1956, 4247, 7171, 5555, 1617, 2143, 3079, 4156, 1715, 2888, 4553, 3411, 1111, 1533, 2072, 2569, 1096, 2148, 3310, 2537, 1039, 1247, 1597, 1874, 983, 2018, 2895, 2186, 1131, 1351, 1514, 1650, 1000, 2388, 3256, 2324, 1028, 1393, 1676, 1898, 1063, 2772, 3960, 2813, 990, 1741, 1839, 2155, 1137, 2981, 4183, 2915, 985, 1919, 1831, 2059, 1115, 2432, 3379, 2260, 969, 1724, 1472, 1451, 954, 1814, 2503, 1783, 968, 1312, 1205, 1063, 807, 2346, 3039, 2299, 1211, 1599, 1772, 1315, 1121, 3299, 4182, 3298, 1610, 2128, 2620, 1657, 1535, 2639, 3558, 2921, 1506, 1752, 1956, 1361, 1335, 2532, 3505, 2483, 1097, 1815, 1781, 1555, 1012, 3453, 4444, 2919, 1388, 2342, 2216, 2096, 1274, 3521, 4322, 2761, 1787, 2363, 2355, 2144, 1515, 2576, 3387, 2402, 1512, 1907, 1980, 1839, 1402, 1837, 2406, 1934, 1149, 1384, 1402, 1360, 1351, 1263, 1473, 1084, 769, 924, 818, 755, 914, 1070, 1225, 924, 704, 823, 727, 716, 727, 1045, 1190, 1037, 657, 702, 743, 885, 830, 1062, 1188, 918, 586, 761, 891, 845, 799, 907, 1141, 894, 516, 731, 814, 744, 587, 845, 987, 873, 661, 765, 804, 678, 656, 901, 1018, 924, 750, 810, 802, 751, 827, 819, 1094, 920, 675, 616, 769, 817, 630, 801, 978, 802, 655, 721, 692, 642, 657, 794, 930, 743, 497, 610, 707, 762, 679, 955, 1073, 892, 601, 682, 896, 902, 773, 1044, 1161, 922, 562, 778, 836, 789, 804, 919, 944, 834, 617, 733, 833, 747, 764, 689, 759, 708, 571, 599, 816, 789, 698, 664, 739, 654, 620, 721, 715, 682, 627, 592, 710, 758, 650, 746, 723, 642, 663, 634, 838, 840, 633, 759, 809, 670, 568, 917, 1040, 801, 677, 936, 933, 693, 662, 1009, 970, 717, 796, 938, 787, 642, 774, 874, 867, 716, 700, 718, 670, 678, 754, 742, 790, 739, 716, 706, 680, 709, 702, 685, 726, 823, 794, 694, 654, 728, 668, 725, 786, 832, 809, 831, 931, 803, 709, 683, 628, 807, 798, 724, 806, 822, 779, 553, 620, 668, 650, 613, 624, 700, 657, 606, 618, 568, 531, 540, 587, 616, 632, 598, 642, 624, 595, 587, 605, 763, 661, 594, 703, 818, 759, 559, 699, 920, 760, 668, 866, 914, 791, 522, 742, 949, 825, 628, 737, 795, 638, 538, 650, 718, 669, 649, 620, 617, 561, 523, 660, 650, 641, 794, 699, 722, 745, 542, 647, 777, 781, 766, 702, 696, 733, 653, 652, 675, 702, 541, 633, 636, 615, 531, 659, 682, 544, 638, 685, 676, 549, 541, 653, 676, 633, 607, 711, 654, 612, 597, 625, 678, 672, 635, 803, 670, 566, 736, 721, 633, 710, 767, 685, 586, 651, 729, 734, 583, 661, 795, 653, 610, 654, 643, 644, 563, 714, 648, 589, 620, 622, 600, 608, 576, 652, 975, 739, 631, 682, 590, 665, 615, 885, 1183, 691, 772, 508, 738, 754, 1054, 1419, 1466, 1272, 1275, 747, 901, 1304, 2320, 2367, 1420, 1875, 2238, 1455, 878, 1714, 3145, 2894, 1588, 1744, 2699, 2098, 1098, 1694, 3278, 3350, 2115, 1985, 3323, 2712, 1265, 2173, 3891, 4183, 2094, 2002, 2887, 2408, 1300, 1873, 3083, 3429, 1695, 2120, 2393, 1755, 1271, 1459, 2260, 2274, 1359, 2113, 2143, 1400, 1007, 1347, 1935, 1629, 1301, 1601, 1690, 1269, 907, 1133, 1725, 1721, 1273, 1144, 1760, 1330, 753, 959, 1858, 2098, 1253, 1731, 2188, 1348, 770, 1196, 2384, 2461, 1356, 1607, 1879, 1222, 828, 1173, 1975, 2050, 1044, 1131, 1264, 851, 769, 792, 1157, 1351, 815, 933, 1063, 815, 696, 707, 1127, 1247, 667, 818, 1139, 1045, 666, 843, 1071, 1017, 823, 852, 978, 925, 610, 858, 1090, 1033, 700, 664, 708, 711, 576, 699, 986, 955, 606, 698, 728, 692, 601, 664, 909, 905, 569, 695, 779, 682, 576, 689, 929, 798, 572, 605, 812, 669, 573, 692, 1014, 965, 545, 585, 619, 530, 500, 472, 702, 773, 527, 650, 558, 427, 464, 489, 509, 442, 697, 673, 578, 538, 462, 492, 534, 556, 605, 486, 474, 519, 468, 485, 449, 532]"
0.10943606495857239,-1.3361104726791382,0.008214235305786133,-1.3023802042007446,-1.1153792142868042,0.44661009311676025,-1.4976450204849243,-1.0852916240692139,-0.7337093353271484,27.25,-0.7425410747528076,-0.6364345550537109,19.5,-0.5871875286102295,-0.6681919097900391,20.5,-0.4804713726043701,-0.39496421813964844,20.0,-0.20695757865905762,0.06709098815917969,21.5,"[555, 502, 631, 634, 628, 631, 629, 503, 489, 596, 726, 653, 708, 794, 673, 523, 489, 564, 673, 591, 527, 578, 563, 505, 524, 580, 576, 508, 445, 540, 563, 514, 593, 557, 485, 488, 516, 575, 546, 507, 628, 549, 507, 501, 549, 553, 439, 553, 419, 469, 550, 490, 414, 444, 510, 500, 420, 381, 487, 494, 484, 450, 491, 528, 420, 438, 522, 489, 382, 413, 525, 516, 589, 507, 480, 420, 470, 540, 555, 619, 524, 540, 536, 547, 511, 465, 559, 532, 516, 473, 543, 553, 555, 544, 582, 561, 518, 432, 510, 565, 512, 504, 566, 578, 532, 591, 525, 559, 595, 609, 566, 498, 484, 559, 550, 469, 597, 618, 530, 443, 417, 471, 558, 537, 592, 601, 501, 404, 470, 466, 538, 531, 574, 586, 503, 462, 559, 568, 564, 535, 551, 584, 509, 541, 470, 562, 516, 488, 498, 567, 538, 439, 547, 547, 637, 638, 625, 562, 604, 606, 528, 581, 575, 545, 538, 570, 561, 512, 583, 612, 619, 538, 509, 527, 569, 569, 525, 588, 556, 518, 525, 509, 534, 500, 411, 464, 502, 421, 466, 562, 572, 486, 782, 1041, 1034, 728, 676, 1068, 1054, 780, 4056, 7203, 5706, 1772, 2227, 5336, 6144, 2823, 9106, 15402, 11240, 2200, 4489, 10603, 11912, 4004, 8452, 12774, 8635, 1528, 4050, 8300, 8693, 2311, 4454, 5153, 4903, 2683, 1937, 2669, 4736, 5093, 2882, 6436, 6646, 3077, 884, 4058, 7369, 6055, 2405, 4748, 4137, 1834, 911, 3516, 4888, 2983, 1519, 2783, 2100, 952, 1121, 2573, 3139, 1670, 1536, 2799, 2253, 909, 1180, 2779, 3524, 2169, 1215, 1866, 1475, 818, 1017, 1860, 2188, 1460, 1100, 1419, 1103, 725, 850, 990, 1140, 867, 979, 1254, 1002, 717, 696, 868, 975, 752, 942, 1072, 746, 639, 545, 686, 823, 601, 1071, 1309, 920, 621, 702, 784, 914, 612, 3566, 4863, 3098, 811, 1853, 1948, 2057, 774, 6045, 8233, 5149, 1133, 3072, 2838, 3251, 1112, 3981, 5346, 3379, 1058, 2014, 1834, 2221, 1130, 1695, 2155, 1495, 824, 1213, 1222, 1268, 898, 1985, 2811, 2095, 989, 1397, 1410, 1493, 859, 2123, 3207, 2563, 1149, 1440, 1726, 1972, 1182, 2300, 3504, 2818, 1206, 1481, 1863, 2223, 1280, 1937, 2473, 1901, 965, 1290, 1406, 1520, 1025, 1919, 2281, 1445, 822, 1225, 1308, 1214, 891, 1614, 1855, 1170, 740, 1049, 1007, 1017, 872, 1058, 1228, 905, 613, 719, 798, 814, 722, 827, 908, 741, 737, 599, 721, 825, 664, 778, 920, 730, 665, 725, 764, 694, 619, 775, 974, 801, 665, 869, 864, 627, 610, 1165, 1392, 954, 689, 1009, 970, 685, 644, 2208, 2736, 1823, 1024, 1722, 1645, 1150, 1088, 2876, 3866, 2793, 1419, 2377, 2295, 1356, 1278, 2621, 3616, 2676, 1360, 2372, 2103, 1106, 1225, 2219, 3131, 2341, 1130, 2063, 1922, 1133, 1000, 1773, 2554, 1975, 852, 1592, 1760, 1287, 771, 1455, 2170, 1695, 742, 1229, 1472, 1241, 614, 1205, 1624, 1222, 713, 1054, 1125, 935, 763, 910, 1268, 1093, 774, 892, 943, 857, 778, 918, 1264, 1168, 697, 956, 1006, 832, 742, 939, 1110, 939, 652, 856, 879, 692, 664, 847, 961, 865, 609, 687, 709, 675, 698, 743, 887, 783, 572, 575, 653, 710, 690, 620, 744, 762, 688, 554, 527, 703, 724, 740, 905, 843, 672, 673, 719, 800, 733, 877, 1027, 947, 812, 727, 836, 877, 763, 1087, 1042, 783, 771, 723, 818, 743, 782, 889, 796, 702, 732, 746, 723, 671, 775, 689, 777, 712, 679, 633, 658, 767, 740, 784, 926, 790, 581, 660, 733, 676, 706, 849, 1082, 936, 566, 745, 891, 838, 731, 820, 1043, 918, 670, 754, 891, 764, 686, 782, 879, 796, 625, 733, 871, 768, 742, 839, 875, 763, 530, 706, 785, 683, 580, 823, 927, 790, 574, 665, 675, 647, 578, 823, 943, 868, 651, 699, 790, 728, 687, 813, 920, 836, 714, 657, 785, 713, 642, 1004, 1109, 944, 831, 809, 1002, 891, 673, 1315, 1292, 1343, 1087, 896, 1543, 1319, 975, 1586, 1325, 1556, 1376, 971, 1781, 1590, 1220, 1261, 1096, 1274, 1264, 819, 1361, 1351, 1105, 769, 919, 970, 999, 726, 935, 1045, 782, 754, 791, 843, 861, 614, 811, 972, 703, 694, 770, 759, 814, 661, 863, 1025, 769, 715, 861, 732, 680, 708, 832, 1005, 854, 602, 744, 625, 589, 595, 748, 804, 603, 707, 730, 605, 522, 660, 727, 674, 585, 576, 670, 749, 675, 663, 600, 610, 645, 587, 563, 693, 614, 633, 637, 574, 668, 725, 748, 729, 666, 697, 760, 781, 800, 726, 867, 801, 597, 642, 821, 809, 686, 632, 822, 828, 567, 627, 728, 818, 825, 744, 661, 764, 694, 712, 696, 1038, 1062, 1006, 736, 776, 754, 706, 720, 1170, 1276, 821, 771, 742, 650, 635, 730, 953, 957, 684, 681, 731, 695, 592, 636, 622, 688, 786, 776, 745, 769, 637, 551, 580, 706, 744, 773, 736, 775, 679, 696, 878, 849, 734, 643, 623, 769, 807, 753, 924, 997, 750, 590, 594, 586, 750, 725, 766, 818, 896, 739, 746, 717, 738, 697, 698, 860, 761, 852, 787, 654, 685, 681, 801, 861, 927, 860, 615, 626, 694, 878, 1013, 918, 1300, 1150, 1171, 902, 673, 903, 1643, 1798, 1135, 1510, 1575, 883, 732, 1229, 2108, 1831, 1143, 1874, 1885, 1161, 893, 1819, 3154, 2616, 1054, 1655, 2028, 1751, 978, 1916, 3102, 2428, 2100, 1260, 1931, 1970, 1428, 1431, 2166, 2759, 1988, 1211, 1281, 1173, 1266, 1519, 2392, 2893, 1311, 1289, 1066, 857, 1034, 1394, 1845, 1761, 1105, 1340, 1164, 1059, 866, 1321, 1959, 1639, 1049, 1494, 1538, 1353, 751, 1676, 2271, 1603, 1044, 1433, 1671, 1149, 882, 1591, 1796, 1203, 1253, 1404, 1271, 1202, 1102, 1325, 1270, 1120, 1196, 1083, 1048, 1230, 1035, 1034, 959, 1033, 1542, 1150, 1063, 1030, 898, 1103, 1122, 1358, 1611, 1286, 1147, 951, 834, 1131, 1449, 1645, 1129, 1145, 1162, 997, 697, 1020, 1589, 1489, 776, 941, 924, 943, 635, 922, 1214, 998, 951, 1046, 1020, 943, 756, 1061, 1220, 1019, 1167, 1001, 906, 992, 822, 1011, 1109, 1059, 1024, 853, 625, 625, 637, 881, 755, 822, 704, 676, 587, 530, 583, 744, 580, 553, 622, 616, 724, 587, 507, 636, 724, 682, 513, 534, 631, 576, 424, 583, 679, 641, 492, 564, 652, 559, 414, 590, 624, 519]"
-0.09099002182483673,-1.4048404693603516,-0.40318989753723145,-1.5759973526000977,-1.0819079875946045,-0.3667067289352417,-1.6491947174072266,-0.9487091302871704,0.7158279418945312,27.25,-0.20913469791412354,-0.22301673889160156,28.25,-0.18524515628814697,-0.05164146423339844,27.0,-0.17322885990142822,-0.22974014282226562,29.5,-0.11185991764068604,-0.116729736328125,18.5,"[652, 611, 638, 681, 703, 677, 638, 615, 582, 609, 633, 605, 686, 702, 617, 589, 696, 611, 588, 627, 624, 664, 570, 564, 684, 602, 533, 552, 567, 578, 532, 576, 549, 551, 437, 498, 606, 525, 446, 488, 497, 519, 463, 432, 514, 545, 502, 474, 634, 566, 476, 446, 571, 522, 469, 596, 578, 543, 493, 540, 619, 615, 550, 554, 477, 475, 524, 533, 519, 540, 502, 538, 507, 508, 487, 594, 586, 508, 560, 577, 486, 529, 554, 529, 474, 556, 628, 535, 520, 569, 599, 539, 496, 606, 573, 533, 496, 512, 498, 554, 628, 601, 564, 535, 688, 636, 565, 646, 630, 546, 561, 642, 643, 649, 546, 570, 691, 533, 427, 533, 589, 578, 539, 533, 616, 557, 448, 519, 546, 521, 514, 510, 524, 578, 537, 528, 581, 510, 522, 558, 490, 530, 512, 510, 563, 588, 547, 487, 542, 557, 525, 513, 585, 584, 683, 608, 568, 625, 606, 584, 1486, 1381, 981, 959, 1137, 1235, 928, 952, 5292, 6700, 3866, 1445, 3506, 6231, 5473, 1328, 9177, 13086, 8242, 1836, 6127, 12503, 11842, 2592, 7371, 13274, 9957, 2578, 5420, 12482, 13527, 5496, 4062, 11947, 10824, 3523, 3490, 9839, 13411, 8562, 7443, 16278, 12942, 3502, 4028, 12965, 16745, 8565, 6920, 11052, 7962, 1997, 3962, 9203, 9986, 4099, 4012, 5319, 3592, 976, 2576, 4605, 3990, 1361, 2184, 2741, 1948, 871, 1373, 2274, 2095, 1242, 1161, 1668, 1387, 763, 709, 1470, 1706, 1129, 758, 1182, 1009, 563, 733, 1142, 1154, 714, 845, 967, 851, 550, 715, 936, 846, 664, 1524, 1855, 1234, 575, 880, 1331, 1220, 622, 5523, 8022, 5433, 1066, 2604, 4344, 4627, 1323, 12075, 18103, 12453, 2196, 5615, 9123, 10410, 2868, 11151, 16856, 11782, 2525, 5339, 7843, 9345, 3079, 5031, 7602, 5452, 1694, 2683, 3381, 3997, 1981, 2367, 3550, 2619, 1027, 1626, 1721, 1877, 1115, 1531, 2271, 1813, 749, 1051, 1225, 1308, 801, 1160, 1518, 1142, 684, 851, 993, 982, 695, 1139, 1329, 925, 607, 750, 866, 873, 634, 927, 1193, 994, 610, 717, 857, 841, 579, 929, 1159, 978, 642, 765, 940, 939, 716, 941, 1048, 865, 668, 732, 903, 915, 684, 929, 1110, 929, 628, 527, 836, 934, 724, 1033, 1233, 965, 639, 621, 784, 949, 728, 1088, 1369, 1131, 781, 970, 952, 893, 736, 949, 1207, 1031, 800, 939, 876, 701, 663, 763, 975, 969, 736, 771, 566, 617, 639, 965, 1266, 1077, 633, 932, 830, 687, 659, 1009, 1519, 1281, 731, 1113, 1079, 835, 782, 1452, 2036, 1647, 1162, 1535, 1489, 996, 950, 1515, 2070, 1776, 1237, 1362, 1413, 1098, 826, 1319, 1962, 1878, 1093, 1135, 1438, 1099, 827, 1465, 2005, 1813, 1097, 1315, 1710, 1322, 980, 1832, 2758, 2196, 950, 1596, 1751, 1296, 974, 2534, 3792, 2763, 737, 1884, 1909, 1407, 832, 2726, 3870, 2727, 896, 1995, 1853, 1321, 979, 2257, 3202, 2351, 903, 1678, 1606, 1343, 923, 1737, 2302, 1683, 817, 1455, 1402, 1063, 816, 1130, 1236, 877, 664, 881, 868, 758, 701, 817, 901, 733, 621, 634, 730, 770, 649, 790, 867, 839, 665, 766, 799, 808, 760, 939, 1131, 1016, 738, 843, 796, 784, 850, 961, 1304, 1147, 664, 869, 908, 808, 802, 1067, 1342, 1067, 606, 816, 910, 830, 768, 880, 1124, 986, 642, 723, 801, 747, 650, 672, 1019, 908, 543, 626, 777, 789, 637, 587, 856, 746, 568, 673, 828, 797, 586, 659, 768, 631, 515, 664, 745, 705, 553, 779, 756, 708, 519, 652, 765, 681, 647, 843, 934, 767, 513, 648, 815, 700, 633, 803, 937, 777, 559, 614, 725, 736, 661, 681, 827, 747, 608, 652, 689, 640, 667, 751, 745, 665, 688, 673, 656, 708, 679, 700, 729, 643, 662, 666, 688, 685, 646, 636, 618, 647, 639, 611, 708, 738, 669, 726, 814, 842, 801, 701, 1008, 990, 801, 778, 920, 980, 823, 824, 1243, 1264, 840, 924, 1105, 1079, 907, 898, 1185, 1285, 989, 900, 1017, 1014, 919, 827, 994, 1087, 953, 788, 810, 960, 862, 771, 838, 873, 842, 750, 702, 785, 710, 792, 854, 777, 748, 827, 831, 770, 693, 877, 902, 742, 771, 764, 797, 773, 632, 675, 690, 692, 721, 638, 829, 808, 693, 579, 686, 750, 624, 705, 741, 681, 672, 655, 687, 758, 715, 573, 669, 682, 603, 597, 679, 601, 547, 565, 619, 689, 603, 610, 711, 637, 587, 756, 716, 656, 680, 657, 726, 704, 752, 891, 798, 780, 742, 669, 751, 791, 873, 890, 821, 675, 671, 674, 796, 827, 790, 845, 910, 800, 780, 757, 917, 890, 696, 923, 793, 903, 919, 842, 1039, 899, 820, 832, 735, 815, 739, 712, 841, 780, 792, 728, 675, 693, 613, 674, 794, 697, 666, 719, 561, 600, 645, 659, 712, 636, 718, 699, 627, 670, 676, 612, 617, 808, 818, 928, 845, 758, 692, 682, 707, 757, 872, 876, 966, 892, 778, 705, 681, 716, 800, 824, 836, 879, 789, 621, 653, 749, 818, 746, 894, 970, 771, 635, 923, 937, 794, 801, 831, 885, 772, 818, 937, 906, 777, 864, 859, 809, 808, 858, 967, 883, 723, 770, 902, 923, 757, 728, 840, 844, 724, 1005, 1131, 1572, 1006, 793, 1019, 1707, 1812, 1852, 1145, 2224, 1592, 1172, 1016, 2534, 3281, 1824, 1066, 2006, 1626, 1073, 910, 1990, 2809, 1922, 1238, 2176, 1745, 1213, 1213, 2817, 3404, 1645, 1148, 1729, 1202, 1314, 1165, 2468, 2978, 1359, 976, 1077, 871, 1269, 1057, 1351, 1739, 1028, 886, 936, 861, 903, 1053, 1348, 1357, 847, 1036, 1052, 737, 801, 1032, 1070, 977, 2151, 1570, 1412, 1020, 1347, 1629, 2305, 2466, 2517, 2074, 1743, 1220, 1459, 1829, 2503, 2710, 1427, 2243, 2160, 1370, 837, 1471, 1844, 1393, 802, 1753, 2197, 1411, 740, 1508, 2346, 1934, 811, 1162, 1490, 1109, 766, 1330, 1534, 1127, 785, 995, 1184, 934, 629, 824, 1036, 989, 763, 839, 967, 840, 555, 862, 1245, 1177, 757, 699, 806, 822, 642, 993, 1295, 1143, 674, 824, 1104, 1014, 639, 1073, 1468, 1181, 575, 616, 945, 846, 510, 849, 1228, 1043, 563, 595, 741, 724, 540, 750, 1046, 959, 607, 489, 496, 520, 499, 566, 732, 775, 550, 493, 557, 516, 506, 610, 697, 648, 555, 501, 567, 498, 506, 600, 560, 562, 627, 522, 542, 519, 509, 555, 590, 657]"
-0.4865330755710602,-1.1024537086486816,-0.6862192749977112,-2.0294089317321777,-0.32991015911102295,-0.630225658416748,-1.804979681968689,-0.7730391621589661,0.9701728820800781,15.5,-0.21728545427322388,-0.3437519073486328,15.75,-0.07938414812088013,-0.14820098876953125,15.5,-0.0762370228767395,-0.2552032470703125,17.5,-0.057783424854278564,-0.2886772155761719,17.0,"[512, 582, 594, 612, 687, 612, 596, 581, 516, 595, 532, 513, 623, 656, 621, 509, 537, 503, 586, 661, 626, 560, 564, 537, 553, 502, 533, 575, 561, 463, 467, 540, 503, 504, 476, 449, 451, 393, 461, 496, 537, 515, 573, 547, 600, 555, 521, 548, 510, 556, 546, 524, 605, 550, 469, 525, 446, 529, 634, 547, 491, 499, 481, 567, 493, 565, 570, 490, 474, 534, 558, 539, 509, 536, 526, 542, 535, 557, 623, 520, 551, 524, 530, 602, 567, 444, 521, 600, 528, 510, 498, 582, 561, 503, 524, 513, 511, 539, 544, 516, 510, 627, 582, 474, 576, 587, 566, 460, 491, 613, 500, 475, 642, 611, 528, 505, 507, 566, 594, 630, 540, 465, 548, 655, 532, 455, 589, 572, 512, 547, 631, 641, 522, 594, 628, 565, 502, 518, 587, 559, 532, 585, 561, 594, 508, 494, 471, 490, 626, 626, 488, 572, 704, 834, 768, 655, 735, 774, 761, 698, 1620, 1973, 2060, 1636, 1633, 2116, 2118, 1654, 2036, 2923, 3344, 2556, 2432, 3204, 3418, 2417, 2123, 3443, 3295, 2129, 1998, 4036, 4196, 2254, 2312, 3274, 2731, 1494, 1826, 4008, 3975, 1749, 1382, 1962, 1501, 971, 1338, 2353, 2283, 1221, 1098, 1914, 1621, 867, 960, 2021, 2379, 1356, 1992, 3074, 2346, 878, 1219, 2478, 2710, 1164, 3268, 4471, 2944, 825, 1839, 2753, 2725, 912, 3684, 4888, 2988, 823, 1882, 2391, 2425, 951, 3344, 4406, 2679, 840, 1745, 1901, 2020, 967, 2218, 2944, 1908, 776, 1329, 1229, 1296, 816, 1218, 1569, 1194, 647, 890, 834, 743, 619, 723, 941, 736, 550, 681, 628, 575, 533, 666, 777, 705, 568, 635, 690, 656, 561, 667, 760, 646, 593, 600, 525, 588, 558, 684, 756, 620, 573, 711, 581, 632, 629, 801, 871, 681, 513, 638, 574, 670, 617, 848, 926, 676, 563, 649, 612, 636, 621, 765, 909, 740, 627, 633, 745, 708, 647, 695, 867, 750, 603, 639, 647, 667, 602, 733, 765, 617, 560, 586, 588, 497, 524, 777, 759, 697, 649, 689, 682, 599, 651, 775, 848, 676, 602, 670, 681, 704, 649, 796, 742, 659, 685, 825, 775, 675, 706, 592, 713, 773, 629, 668, 812, 674, 603, 804, 789, 782, 607, 721, 922, 831, 759, 818, 1040, 915, 678, 816, 984, 969, 781, 950, 1062, 986, 751, 765, 814, 855, 797, 1057, 1203, 1109, 821, 966, 1065, 855, 783, 1272, 1400, 1198, 892, 1227, 1349, 935, 838, 1403, 1622, 1092, 905, 1365, 1328, 928, 788, 1510, 1589, 1000, 914, 1278, 1239, 956, 1013, 1603, 1797, 1246, 925, 1182, 1236, 981, 906, 1462, 1769, 1299, 988, 978, 1006, 921, 875, 1247, 1440, 1102, 909, 949, 776, 868, 892, 1030, 1260, 900, 696, 892, 801, 736, 703, 1000, 1133, 818, 670, 847, 668, 628, 592, 967, 1135, 820, 720, 812, 737, 658, 605, 949, 1133, 818, 708, 822, 769, 681, 599, 1060, 1154, 858, 726, 889, 812, 718, 696, 872, 972, 763, 662, 809, 851, 713, 611, 811, 838, 812, 669, 684, 725, 683, 662, 810, 749, 695, 694, 699, 615, 635, 704, 787, 816, 638, 632, 690, 624, 567, 660, 623, 729, 629, 570, 611, 602, 595, 583, 647, 709, 645, 593, 668, 656, 646, 607, 721, 707, 618, 643, 621, 632, 587, 628, 839, 715, 711, 714, 659, 667, 608, 793, 876, 778, 611, 659, 672, 723, 628, 648, 811, 736, 527, 616, 719, 719, 645, 602, 761, 706, 627, 690, 775, 723, 688, 758, 653, 593, 703, 700, 669, 777, 686, 696, 634, 707, 659, 580, 607, 755, 686, 550, 609, 708, 685, 552, 552, 670, 695, 636, 657, 624, 627, 544, 618, 643, 629, 655, 647, 656, 604, 682, 683, 633, 721, 678, 531, 647, 688, 679, 573, 594, 683, 597, 611, 552, 629, 756, 684, 642, 658, 697, 739, 760, 718, 625, 714, 769, 758, 743, 957, 966, 901, 827, 858, 961, 956, 1006, 1031, 885, 807, 867, 926, 777, 842, 1080, 861, 818, 808, 797, 847, 770, 873, 1053, 691, 654, 752, 725, 679, 535, 851, 935, 613, 538, 671, 687, 614, 549, 655, 769, 626, 540, 738, 708, 613, 618, 622, 743, 656, 577, 664, 683, 656, 639, 508, 694, 699, 584, 600, 629, 579, 526, 525, 661, 641, 621, 667, 655, 492, 524, 699, 699, 652, 715, 764, 657, 525, 734, 737, 616, 685, 630, 736, 702, 642, 735, 657, 668, 721, 696, 680, 552, 589, 631, 551, 633, 649, 620, 647, 537, 467, 560, 691, 702, 611, 623, 641, 559, 519, 499, 717, 739, 796, 664, 637, 717, 750, 664, 750, 917, 979, 688, 653, 787, 903, 702, 676, 1049, 789, 595, 690, 755, 781, 686, 698, 926, 746, 612, 633, 653, 650, 668, 704, 841, 705, 697, 640, 642, 630, 662, 643, 701, 757, 707, 744, 711, 762, 774, 658, 805, 728, 666, 660, 672, 675, 728, 688, 779, 836, 863, 688, 586, 705, 785, 696, 689, 943, 929, 819, 658, 825, 952, 825, 845, 882, 895, 809, 710, 729, 905, 1028, 928, 693, 795, 780, 613, 653, 921, 945, 763, 691, 738, 802, 614, 587, 857, 872, 745, 767, 752, 784, 622, 629, 803, 756, 753, 684, 683, 602, 517, 530, 760, 671, 554, 759, 827, 806, 625, 728, 923, 1026, 909, 1022, 1111, 1243, 880, 831, 1506, 2112, 1888, 1198, 1515, 1626, 1064, 923, 1893, 3091, 2746, 1366, 1932, 1689, 954, 1161, 2099, 3068, 2603, 1379, 1474, 1314, 923, 1089, 1428, 1845, 1712, 1176, 922, 1003, 940, 894, 1112, 926, 1098, 1076, 762, 861, 1029, 885, 920, 782, 1021, 1012, 1041, 963, 1002, 963, 1019, 1042, 968, 1006, 1063, 1180, 962, 864, 1004, 1231, 1184, 875, 1322, 1647, 1175, 747, 1047, 1552, 1528, 1166, 1561, 1410, 937, 849, 1437, 1422, 980, 1129, 1303, 1112, 801, 839, 1180, 1180, 881, 955, 1104, 1139, 890, 930, 1140, 1035, 888, 779, 970, 1091, 898, 911, 1003, 899, 842, 791, 864, 835, 731, 783, 741, 653, 775, 851, 678, 770, 710, 643, 729, 662, 825, 696, 715, 786, 713, 552, 669, 752, 707, 545, 736, 758, 573, 519, 711, 766, 562, 604, 654, 584, 527, 546, 711, 768, 672, 704, 559, 564, 633, 561, 670, 852, 858, 682, 662, 769, 695, 534, 672, 834, 864]"
0.6707195043563843,-0.5310044288635254,0.03329005092382431,-0.4163115620613098,-0.765907883644104,-0.25784075260162354,-0.5482935905456543,-0.7468287944793701,1.2983322143554688,20.5,-0.35486865043640137,1.0685920715332031,23.0,-0.03429102897644043,0.7036685943603516,26.75,0.10747265815734863,0.4631996154785156,18.75,0.12978863716125488,0.38781166076660156,28.5,"[547, 653, 637, 626, 674, 626, 639, 652, 496, 616, 631, 622, 640, 642, 577, 581, 401, 526, 646, 633, 542, 569, 595, 523, 452, 534, 539, 551, 478, 539, 548, 501, 557, 503, 513, 578, 575, 577, 541, 511, 517, 487, 526, 563, 570, 560, 526, 493, 490, 456, 542, 540, 561, 507, 553, 621, 587, 484, 563, 534, 502, 491, 554, 651, 519, 376, 437, 519, 529, 560, 556, 574, 556, 504, 568, 506, 435, 531, 609, 617, 528, 505, 520, 531, 463, 532, 538, 556, 505, 562, 527, 476, 552, 548, 489, 495, 566, 540, 529, 560, 536, 494, 523, 562, 481, 484, 560, 618, 493, 451, 574, 540, 455, 452, 590, 610, 490, 482, 540, 542, 589, 580, 565, 509, 481, 546, 534, 605, 525, 576, 506, 463, 560, 539, 513, 509, 573, 593, 606, 564, 556, 587, 521, 531, 459, 505, 572, 603, 622, 501, 491, 486, 484, 577, 607, 546, 575, 628, 491, 455, 521, 538, 563, 518, 465, 568, 504, 418, 550, 506, 530, 529, 515, 566, 501, 493, 536, 549, 612, 563, 554, 600, 562, 592, 539, 552, 675, 638, 511, 538, 650, 629, 537, 520, 472, 541, 586, 571, 526, 507, 555, 534, 443, 503, 544, 549, 493, 478, 497, 514, 520, 558, 499, 500, 475, 486, 541, 522, 539, 688, 675, 584, 498, 496, 533, 475, 600, 653, 551, 505, 519, 564, 523, 534, 597, 542, 510, 552, 536, 543, 600, 562, 555, 619, 568, 499, 525, 572, 609, 643, 540, 598, 536, 510, 584, 607, 592, 546, 575, 593, 541, 478, 518, 630, 550, 596, 578, 495, 564, 539, 529, 538, 527, 588, 591, 494, 542, 561, 497, 551, 582, 603, 598, 492, 617, 630, 552, 539, 514, 568, 558, 501, 573, 643, 612, 554, 454, 507, 541, 506, 512, 565, 552, 499, 501, 510, 541, 527, 515, 582, 508, 457, 573, 547, 516, 502, 449, 472, 415, 455, 515, 508, 546, 571, 506, 413, 469, 496, 494, 582, 607, 597, 527, 573, 700, 632, 591, 525, 536, 606, 555, 574, 677, 658, 570, 534, 583, 585, 534, 585, 641, 613, 495, 531, 571, 573, 629, 626, 599, 592, 608, 605, 581, 542, 623, 662, 631, 620, 625, 543, 574, 574, 555, 575, 636, 662, 601, 607, 608, 629, 632, 660, 639, 662, 552, 572, 721, 608, 531, 597, 557, 616, 518, 545, 633, 619, 670, 615, 527, 597, 611, 537, 598, 669, 620, 549, 509, 637, 655, 687, 735, 712, 757, 606, 759, 845, 1661, 910, 1852, 2087, 1635, 916, 2970, 3382, 3239, 1385, 3208, 3782, 2890, 1499, 5890, 6689, 4408, 2340, 4441, 4218, 3283, 2689, 8010, 8919, 7089, 5044, 8245, 6570, 4776, 5345, 12347, 13439, 8160, 7075, 11413, 8199, 4993, 6973, 16184, 17129, 5739, 4434, 8146, 5914, 3316, 4067, 10975, 12169, 2699, 2218, 4546, 3509, 1606, 1764, 5307, 6007, 1210, 2397, 2920, 1855, 790, 2032, 3725, 3240, 1013, 1773, 1580, 848, 599, 1266, 1725, 1188, 839, 998, 915, 756, 619, 728, 756, 688, 525, 799, 843, 746, 653, 631, 792, 711, 589, 798, 845, 675, 562, 590, 855, 865, 574, 807, 802, 605, 554, 626, 800, 769, 635, 633, 709, 682, 614, 566, 631, 687, 647, 541, 609, 652, 593, 504, 659, 711, 668, 573, 584, 630, 649, 734, 618, 599, 703, 595, 700, 742, 683, 650, 591, 620, 673, 607, 714, 800, 708, 639, 567, 623, 627, 562, 576, 607, 707, 537, 546, 728, 720, 826, 982, 966, 818, 632, 918, 992, 1313, 2906, 3169, 1822, 719, 1059, 1457, 1131, 2199, 5735, 6264, 3394, 1035, 1546, 2623, 2075, 1529, 4861, 6029, 3747, 1122, 1692, 2286, 2208, 838, 1968, 3559, 2906, 891, 1615, 1835, 1711, 1147, 1145, 2223, 2227, 1131, 1294, 1590, 1368, 1101, 1244, 2132, 2034, 1191, 1156, 1236, 1287, 1071, 1200, 1734, 1654, 1122, 1106, 1022, 1010, 993, 1144, 1270, 1348, 1107, 962, 767, 787, 887, 861, 813, 881, 890, 888, 682, 746, 703, 606, 713, 653, 675, 693, 609, 747, 888, 797, 684, 564, 761, 886, 618, 709, 834, 794, 718, 616, 737, 800, 722, 772, 750, 673, 670, 698, 742, 699, 690, 749, 566, 636, 760, 722, 635, 698, 710, 652, 538, 556, 705, 671, 591, 627, 592, 553, 661, 694, 801, 755, 639, 668, 566, 530, 593, 604, 603, 593, 568, 536, 603, 624, 590, 501, 693, 706, 598, 629, 569, 676, 515, 500, 587, 636, 569, 552, 546, 552, 548, 527, 611, 601, 563, 536, 648, 660, 566, 614, 566, 573, 528, 456, 532, 590, 550, 531, 529, 591, 612, 547, 494, 544, 632, 600, 572, 586, 527, 517, 446, 506, 659, 641, 537, 572, 579, 555, 524, 506, 534, 539, 482, 517, 566, 508, 516, 557, 508, 518, 594, 632, 642, 585, 544, 609, 455, 579, 668, 578, 569, 685, 630, 488, 464, 625, 736, 568, 517, 653, 668, 533, 560, 657, 687, 593, 548, 584, 610, 621, 561, 660, 606, 509, 517, 616, 677, 566, 589, 626, 516, 493, 558, 632, 565, 516, 565, 543, 591, 618, 534, 530, 606, 582, 500, 478, 602, 617, 559, 562, 625, 652, 540, 594, 634, 580, 529, 464, 498, 568, 654, 697, 681, 673, 628, 582, 567, 577, 482, 530, 545, 600, 598, 532, 576, 546, 545, 546, 570, 651, 577, 495, 576, 621, 658, 613, 542, 638, 579, 501, 576, 635, 523, 596, 614, 621, 592, 634, 614, 551, 503, 551, 657, 574, 554, 554, 576, 580, 566, 639, 577, 556, 554, 631, 606, 566, 562, 639, 569, 498, 540, 564, 528, 479, 733, 685, 534, 594, 558, 638, 598, 560, 865, 771, 587, 624, 587, 692, 622, 703, 664, 677, 607, 518, 512, 572, 529, 483, 592, 742, 649, 567, 557, 682, 741, 646, 732, 705, 554, 563, 617, 699, 654, 633, 659, 522, 557, 597, 602, 640, 619, 635, 509, 463, 463, 521, 481, 490, 512, 542, 528, 464, 476, 501, 492, 473, 436, 525, 428, 446, 524, 570, 540, 461, 462, 499, 562, 454, 520, 610, 533, 433, 395, 506, 574, 462, 456, 536, 502, 413, 413, 479, 411, 399, 419, 428, 385, 441, 510, 443, 347, 383, 402, 381, 384, 417, 442, 407, 544, 456, 427, 445, 471, 506, 498, 525]"
0.6557793617248535,-0.4867106080055237,-0.03615361824631691,-0.3953234553337097,-0.5791333913803101,-0.27935492992401123,-0.4382554292678833,-0.17696607112884521,0.8893489837646484,21.5,-0.06424176692962646,0.7674694061279297,28.25,0.04805338382720947,0.5783557891845703,26.0,0.17794382572174072,0.1297473907470703,19.0,0.45732271671295166,-0.4122734069824219,18.0,"[456, 578, 586, 547, 631, 546, 589, 575, 524, 650, 569, 588, 669, 625, 654, 578, 602, 647, 615, 556, 565, 576, 582, 578, 497, 597, 639, 516, 527, 520, 511, 554, 516, 526, 531, 512, 541, 477, 446, 508, 571, 610, 570, 562, 547, 526, 500, 510, 436, 478, 524, 483, 451, 435, 491, 501, 427, 519, 536, 465, 505, 422, 501, 506, 435, 507, 532, 496, 458, 454, 484, 483, 384, 470, 529, 530, 469, 475, 530, 475, 455, 515, 531, 545, 523, 545, 538, 448, 410, 510, 598, 550, 481, 515, 642, 561, 546, 632, 630, 546, 476, 517, 518, 495, 576, 596, 641, 522, 497, 594, 678, 613, 452, 490, 502, 389, 406, 539, 661, 582, 507, 501, 470, 492, 496, 454, 525, 582, 495, 536, 514, 527, 510, 448, 410, 496, 515, 571, 606, 621, 543, 501, 561, 569, 441, 504, 568, 580, 558, 581, 551, 472, 537, 478, 435, 486, 522, 508, 469, 487, 593, 545, 537, 561, 564, 504, 472, 542, 589, 536, 497, 456, 556, 527, 578, 641, 572, 527, 495, 549, 606, 499, 590, 626, 505, 544, 544, 519, 490, 548, 663, 592, 498, 537, 602, 534, 486, 463, 516, 562, 628, 650, 570, 568, 656, 619, 558, 558, 599, 583, 610, 544, 569, 603, 619, 556, 527, 557, 551, 460, 548, 568, 551, 500, 585, 549, 549, 553, 654, 585, 523, 569, 568, 616, 613, 575, 621, 682, 578, 527, 573, 636, 640, 541, 566, 569, 505, 512, 667, 631, 599, 579, 565, 524, 525, 636, 527, 561, 574, 478, 484, 526, 523, 471, 414, 526, 525, 489, 508, 577, 545, 413, 553, 665, 594, 496, 594, 609, 521, 482, 582, 611, 573, 544, 544, 502, 523, 573, 493, 543, 595, 527, 448, 488, 572, 515, 513, 557, 545, 562, 502, 514, 611, 569, 485, 540, 579, 488, 480, 507, 590, 584, 516, 555, 551, 456, 485, 516, 579, 581, 541, 595, 638, 506, 503, 573, 591, 564, 583, 564, 708, 664, 610, 621, 609, 663, 569, 581, 581, 582, 546, 556, 551, 550, 638, 559, 508, 508, 626, 631, 515, 579, 512, 448, 478, 480, 520, 529, 466, 491, 520, 480, 520, 544, 551, 546, 532, 495, 586, 477, 464, 472, 538, 547, 522, 575, 571, 480, 536, 574, 590, 588, 548, 595, 575, 545, 628, 567, 515, 573, 582, 567, 597, 615, 646, 540, 510, 538, 535, 569, 489, 506, 582, 613, 575, 520, 572, 567, 838, 851, 1091, 1138, 760, 864, 1643, 1580, 1587, 1023, 1720, 2193, 1532, 1204, 3198, 3363, 943, 681, 1160, 1627, 1209, 775, 1495, 1580, 3362, 1982, 3903, 3184, 2110, 1952, 5745, 6578, 7009, 4276, 8071, 6257, 4447, 4461, 12669, 14171, 6714, 4421, 7948, 5714, 4266, 4778, 12362, 13633, 3397, 2302, 3879, 2838, 1880, 2642, 6073, 6597, 1661, 1217, 2283, 2125, 949, 1099, 1768, 2302, 1902, 4489, 6136, 3819, 901, 2134, 4639, 4786, 1726, 5009, 6343, 3543, 743, 2283, 5202, 5052, 790, 2830, 3381, 1739, 592, 1293, 2916, 2709, 707, 1223, 1385, 877, 600, 767, 1413, 1415, 608, 751, 740, 572, 510, 625, 787, 697, 608, 603, 592, 538, 515, 609, 635, 614, 604, 792, 756, 640, 541, 568, 751, 687, 702, 720, 660, 682, 640, 514, 554, 559, 664, 662, 601, 584, 615, 560, 498, 538, 629, 592, 578, 505, 596, 667, 620, 649, 746, 605, 791, 672, 633, 778, 707, 818, 671, 896, 1085, 809, 647, 763, 929, 945, 590, 922, 1152, 1036, 717, 781, 928, 817, 637, 622, 687, 772, 774, 655, 629, 580, 736, 1252, 1770, 1246, 559, 1049, 1005, 878, 1168, 1832, 2974, 2328, 755, 1785, 1658, 1352, 1346, 1157, 2241, 2132, 848, 1870, 1954, 1260, 1326, 1240, 1046, 1030, 957, 1366, 1116, 793, 1775, 1899, 1777, 1825, 1405, 1752, 1726, 1151, 2297, 2635, 2267, 1994, 1520, 2525, 2472, 1288, 1885, 2076, 1497, 1258, 1296, 2042, 1936, 1093, 1114, 1109, 938, 832, 850, 1159, 1148, 993, 793, 683, 784, 645, 649, 614, 788, 1009, 671, 689, 718, 614, 556, 638, 739, 732, 580, 687, 824, 785, 534, 645, 795, 661, 614, 668, 813, 753, 561, 606, 720, 732, 628, 708, 927, 765, 627, 748, 714, 717, 646, 745, 929, 855, 731, 819, 732, 651, 679, 641, 785, 850, 727, 711, 665, 695, 603, 580, 643, 735, 625, 524, 684, 753, 562, 621, 562, 631, 608, 641, 697, 638, 590, 622, 608, 607, 710, 684, 614, 598, 672, 687, 591, 598, 643, 681, 612, 587, 630, 623, 559, 580, 663, 615, 505, 525, 652, 585, 597, 714, 689, 554, 575, 651, 612, 582, 576, 662, 690, 561, 505, 620, 569, 596, 554, 591, 578, 568, 529, 519, 472, 542, 609, 627, 611, 555, 547, 552, 606, 614, 642, 672, 700, 579, 536, 616, 707, 729, 526, 545, 691, 618, 575, 580, 611, 541, 499, 580, 600, 531, 621, 590, 548, 514, 550, 549, 548, 554, 617, 640, 630, 591, 580, 570, 611, 606, 545, 625, 521, 567, 657, 590, 492, 534, 570, 590, 622, 503, 562, 578, 560, 547, 611, 664, 678, 574, 580, 620, 522, 580, 571, 596, 629, 538, 656, 683, 518, 571, 576, 632, 489, 567, 632, 569, 501, 550, 625, 597, 580, 600, 602, 547, 558, 607, 630, 616, 468, 477, 512, 540, 576, 569, 589, 538, 545, 636, 704, 573, 592, 650, 562, 541, 549, 631, 721, 632, 556, 610, 590, 524, 533, 608, 603, 615, 573, 518, 558, 500, 568, 554, 429, 522, 561, 562, 558, 536, 640, 540, 473, 511, 497, 514, 491, 580, 562, 521, 704, 673, 577, 618, 591, 568, 549, 613, 756, 711, 526, 530, 716, 676, 704, 651, 674, 777, 780, 641, 622, 613, 679, 656, 824, 915, 853, 685, 668, 746, 571, 621, 830, 782, 623, 664, 789, 726, 538, 530, 625, 571, 529, 654, 724, 615, 519, 493, 528, 486, 494, 635, 602, 547, 453, 534, 612, 527, 422, 535, 585, 509, 460, 463, 562, 531, 415, 452, 495, 480, 456, 454, 458, 471, 446, 433, 423, 434, 421, 421, 521, 438, 375, 458, 466, 451, 494, 463, 387, 427, 402, 461, 450, 457, 412, 517, 456, 427, 356, 391, 466, 386, 351, 422, 447, 452, 453, 385, 405, 332]"
0.6783919930458069,-0.4213932156562805,-0.1295562982559204,-0.27417004108428955,-0.38386672735214233,-0.32434743642807007,-0.21336787939071655,-0.2641105651855469,0.9156703948974609,15.5,-0.19845008850097656,0.9305477142333984,25.75,-0.1878643035888672,0.8714675903320312,28.25,0.10596275329589844,0.8590221405029297,16.5,0.22240638732910156,0.8255481719970703,15.5,"[656, 650, 582, 589, 648, 590, 584, 651, 541, 593, 614, 603, 693, 691, 680, 626, 516, 624, 674, 658, 717, 697, 666, 615, 544, 501, 560, 532, 594, 599, 530, 573, 509, 472, 474, 471, 486, 519, 497, 532, 514, 484, 472, 475, 471, 447, 492, 578, 530, 492, 485, 500, 580, 583, 478, 539, 540, 546, 518, 600, 579, 535, 565, 576, 472, 510, 566, 590, 570, 466, 520, 496, 513, 502, 522, 521, 512, 557, 572, 558, 536, 468, 541, 609, 607, 529, 601, 636, 529, 519, 550, 551, 617, 577, 610, 641, 419, 510, 563, 489, 501, 420, 459, 528, 571, 445, 505, 552, 548, 473, 469, 636, 488, 522, 586, 678, 627, 549, 661, 602, 538, 544, 543, 669, 681, 608, 597, 558, 567, 540, 559, 619, 525, 496, 466, 489, 536, 569, 628, 590, 520, 557, 534, 468, 567, 598, 576, 534, 585, 577, 567, 586, 525, 542, 485, 485, 536, 565, 537, 495, 646, 588, 511, 482, 502, 552, 610, 618, 648, 566, 561, 596, 603, 577, 620, 598, 575, 515, 521, 570, 591, 564, 555, 588, 577, 562, 576, 650, 555, 578, 563, 566, 684, 745, 731, 653, 533, 521, 501, 539, 646, 809, 717, 567, 576, 602, 561, 562, 568, 603, 577, 654, 593, 525, 590, 614, 560, 634, 561, 566, 530, 514, 608, 596, 606, 635, 665, 667, 492, 450, 627, 602, 600, 612, 650, 572, 459, 536, 582, 601, 674, 585, 548, 633, 563, 546, 559, 593, 647, 637, 562, 576, 541, 581, 548, 548, 532, 470, 493, 576, 501, 483, 519, 543, 542, 472, 497, 630, 586, 492, 516, 513, 540, 591, 502, 509, 622, 550, 541, 557, 540, 569, 536, 479, 488, 544, 570, 537, 617, 538, 520, 596, 602, 597, 584, 596, 559, 518, 511, 592, 611, 549, 549, 519, 605, 557, 549, 661, 521, 464, 478, 500, 576, 553, 553, 655, 569, 480, 598, 540, 525, 447, 554, 593, 529, 540, 538, 578, 547, 562, 549, 552, 568, 585, 532, 514, 482, 595, 592, 532, 541, 555, 531, 538, 533, 614, 594, 564, 565, 514, 536, 531, 543, 613, 591, 556, 492, 470, 521, 513, 663, 736, 617, 589, 631, 592, 541, 557, 595, 630, 503, 526, 636, 530, 481, 498, 535, 605, 562, 533, 523, 476, 507, 551, 474, 489, 541, 550, 503, 496, 598, 599, 594, 544, 641, 619, 512, 575, 651, 676, 947, 747, 938, 1090, 869, 759, 1368, 1409, 1475, 897, 1297, 1702, 1476, 1070, 2500, 2586, 1905, 1138, 2002, 2250, 1743, 1145, 2763, 3196, 5282, 3632, 6216, 5050, 3750, 3681, 9263, 10304, 7903, 4664, 8283, 7144, 5487, 4612, 12167, 14202, 5336, 3143, 4986, 4858, 3775, 2792, 6466, 8102, 2421, 2239, 3479, 2952, 1694, 1863, 3763, 4189, 1468, 3098, 4663, 3104, 993, 2574, 5325, 5082, 1319, 4437, 5476, 3261, 993, 2938, 5344, 4557, 2496, 5439, 6358, 3787, 1265, 3197, 5523, 4820, 2292, 4134, 4668, 2634, 1093, 2327, 4205, 3949, 1379, 1940, 2226, 1317, 842, 1229, 2371, 2416, 933, 1183, 1321, 809, 650, 1005, 1611, 1519, 647, 827, 921, 688, 566, 840, 1050, 881, 564, 626, 719, 617, 610, 679, 691, 664, 589, 725, 651, 569, 667, 734, 626, 561, 574, 573, 586, 628, 639, 636, 575, 544, 707, 616, 627, 716, 710, 712, 567, 597, 884, 654, 645, 720, 767, 839, 550, 697, 983, 885, 749, 786, 755, 862, 718, 707, 833, 925, 1026, 993, 699, 737, 840, 761, 732, 885, 1004, 905, 638, 593, 647, 683, 1263, 1884, 1627, 1010, 967, 1067, 1073, 800, 1329, 2584, 2378, 1232, 902, 1195, 1522, 1036, 778, 1588, 1505, 832, 761, 919, 1050, 845, 819, 1031, 1252, 1110, 986, 719, 1081, 1210, 745, 990, 1378, 1374, 879, 744, 1015, 966, 1378, 1351, 2067, 2322, 1591, 941, 712, 1270, 1518, 1554, 2034, 2133, 1663, 1077, 818, 1497, 965, 1120, 1106, 1053, 1164, 920, 982, 1064, 763, 1047, 981, 981, 795, 782, 1183, 1056, 778, 977, 976, 884, 736, 828, 962, 815, 802, 736, 576, 639, 607, 751, 697, 638, 887, 724, 692, 782, 753, 696, 747, 788, 767, 718, 926, 978, 753, 700, 786, 729, 635, 690, 842, 768, 629, 718, 775, 682, 564, 733, 758, 603, 698, 721, 683, 665, 623, 713, 704, 635, 670, 667, 604, 610, 580, 536, 635, 742, 616, 581, 611, 596, 661, 527, 563, 654, 628, 552, 465, 677, 611, 531, 604, 669, 589, 524, 521, 571, 629, 603, 683, 647, 597, 631, 695, 664, 491, 555, 615, 562, 594, 635, 561, 602, 560, 631, 607, 626, 694, 600, 645, 665, 510, 492, 632, 746, 689, 602, 617, 612, 615, 578, 602, 670, 585, 561, 625, 589, 620, 577, 562, 551, 552, 621, 617, 575, 467, 527, 580, 494, 551, 570, 507, 515, 632, 605, 707, 654, 614, 623, 570, 624, 605, 593, 654, 591, 564, 630, 598, 592, 721, 649, 697, 710, 685, 695, 658, 694, 700, 728, 797, 729, 740, 748, 722, 766, 630, 685, 744, 736, 728, 640, 685, 722, 507, 560, 614, 587, 649, 609, 549, 617, 479, 601, 614, 560, 581, 568, 528, 475, 547, 555, 529, 614, 672, 596, 632, 623, 586, 549, 503, 612, 736, 567, 607, 660, 569, 538, 689, 708, 745, 577, 650, 743, 572, 586, 656, 746, 739, 637, 676, 758, 615, 679, 618, 649, 647, 633, 692, 660, 504, 631, 633, 586, 570, 580, 595, 599, 537, 621, 679, 656, 579, 611, 582, 591, 574, 556, 630, 634, 587, 642, 594, 580, 625, 606, 600, 582, 555, 604, 787, 787, 798, 710, 824, 759, 526, 603, 784, 875, 662, 671, 665, 662, 607, 575, 540, 639, 661, 963, 1213, 839, 703, 614, 1271, 1376, 599, 780, 852, 688, 664, 745, 1145, 1066, 646, 611, 507, 452, 552, 718, 686, 570, 689, 558, 587, 634, 586, 596, 508, 645, 504, 494, 578, 504, 464, 463, 491, 510, 466, 537, 534, 499, 562, 573, 489, 519, 445, 522, 544, 507, 578, 520, 445, 466, 439, 426, 504, 538, 489, 482, 447, 461, 472, 478, 503, 495, 488, 486, 493, 509, 548, 549, 504, 512, 468, 471, 470, 522, 482, 468, 389, 446, 394, 383, 435, 500, 452, 466, 419, 443, 450, 455, 393, 391]"
0.5718945264816284,-0.4074615240097046,-0.07522712647914886,-0.5001567602157593,-0.3060652017593384,-0.1974436640739441,-0.46991491317749023,-0.603804349899292,1.1637210845947266,17.25,0.07869267463684082,0.4952430725097656,22.25,0.1888420581817627,0.5135536193847656,17.25,0.21115803718566895,0.5068302154541016,17.5,0.5418922901153564,0.5145549774169922,18.0,"[495, 585, 706, 668, 595, 666, 707, 586, 434, 558, 621, 641, 569, 713, 727, 497, 446, 525, 548, 560, 487, 568, 591, 505, 485, 596, 624, 551, 523, 498, 563, 550, 445, 465, 518, 479, 460, 515, 543, 521, 483, 407, 497, 428, 447, 523, 575, 594, 472, 506, 543, 436, 493, 516, 520, 508, 541, 456, 524, 526, 502, 556, 544, 584, 565, 519, 569, 520, 487, 542, 522, 551, 620, 617, 615, 518, 527, 605, 557, 594, 548, 661, 694, 561, 528, 550, 635, 682, 531, 651, 719, 591, 545, 589, 578, 600, 495, 540, 632, 550, 457, 469, 514, 535, 552, 630, 650, 612, 525, 573, 582, 591, 491, 539, 613, 558, 513, 557, 573, 571, 577, 527, 479, 490, 511, 566, 557, 575, 436, 448, 527, 498, 416, 520, 573, 499, 591, 546, 662, 616, 523, 591, 638, 674, 607, 489, 581, 640, 526, 540, 660, 715, 611, 585, 554, 631, 575, 588, 717, 682, 513, 572, 543, 525, 496, 602, 589, 508, 539, 565, 558, 562, 496, 551, 566, 492, 587, 545, 623, 579, 534, 617, 616, 542, 610, 608, 614, 518, 543, 525, 473, 571, 672, 679, 567, 516, 600, 590, 508, 545, 575, 695, 571, 518, 677, 669, 584, 457, 436, 520, 598, 562, 622, 596, 572, 512, 495, 463, 506, 537, 496, 413, 469, 550, 547, 560, 515, 510, 534, 507, 470, 470, 591, 603, 557, 520, 608, 598, 496, 487, 552, 522, 511, 461, 535, 453, 517, 584, 555, 444, 490, 515, 519, 508, 513, 597, 618, 448, 612, 642, 505, 491, 510, 587, 617, 566, 505, 641, 679, 622, 494, 509, 554, 692, 593, 503, 552, 632, 644, 546, 536, 637, 658, 564, 518, 753, 846, 642, 526, 456, 531, 517, 523, 577, 615, 613, 556, 545, 559, 526, 554, 558, 580, 573, 542, 604, 533, 490, 570, 504, 559, 558, 511, 536, 513, 454, 476, 565, 567, 508, 760, 616, 413, 521, 630, 550, 478, 621, 743, 720, 610, 613, 602, 556, 562, 673, 660, 716, 655, 608, 575, 632, 661, 650, 546, 546, 623, 640, 658, 604, 575, 605, 498, 475, 615, 614, 592, 575, 493, 531, 544, 491, 558, 582, 597, 583, 582, 620, 564, 495, 589, 664, 591, 573, 572, 625, 630, 595, 556, 592, 643, 735, 774, 686, 655, 626, 534, 695, 722, 649, 643, 697, 1098, 722, 1245, 1487, 1111, 826, 1918, 2030, 2201, 1025, 2242, 2752, 2031, 1287, 4018, 4397, 2258, 866, 2091, 2624, 2011, 1084, 3730, 4240, 1186, 1253, 1521, 1245, 843, 1283, 2299, 2214, 3532, 2432, 4173, 4259, 2789, 2823, 7911, 8254, 3886, 2892, 4788, 5021, 3377, 3056, 8115, 8450, 2925, 3867, 4835, 3803, 2504, 4080, 7345, 6685, 2679, 2942, 4057, 3089, 2032, 3122, 6021, 5826, 1629, 1369, 2449, 1998, 1312, 1386, 3207, 3512, 1740, 1553, 2875, 2152, 1112, 1179, 3150, 3658, 1182, 1558, 2355, 1725, 897, 1316, 2614, 2624, 854, 1366, 1655, 1220, 688, 1256, 2019, 1825, 786, 1546, 1710, 962, 704, 1136, 1871, 1624, 463, 785, 867, 559, 502, 673, 874, 729, 590, 660, 788, 722, 564, 624, 738, 734, 556, 583, 734, 684, 476, 558, 609, 625, 593, 611, 600, 583, 459, 535, 563, 594, 561, 556, 560, 543, 484, 485, 559, 549, 696, 721, 623, 613, 551, 622, 692, 656, 704, 689, 639, 578, 607, 742, 675, 590, 794, 843, 765, 722, 704, 836, 719, 621, 894, 1010, 1189, 1028, 689, 824, 785, 899, 805, 1269, 1453, 1032, 648, 618, 710, 814, 1410, 2094, 1822, 1185, 904, 848, 1224, 808, 4096, 5749, 4632, 3153, 1766, 3726, 4679, 2024, 6171, 8407, 6821, 5162, 2990, 6138, 7256, 2819, 3929, 5459, 4887, 3985, 2541, 4110, 4759, 2003, 1065, 1631, 1769, 1479, 1015, 1160, 1343, 1004, 1746, 1937, 1478, 1073, 1205, 1424, 1300, 1078, 1559, 1613, 1484, 1141, 1042, 1385, 1111, 965, 1024, 1002, 1251, 1054, 763, 954, 730, 879, 849, 632, 812, 799, 732, 881, 838, 909, 996, 801, 596, 689, 832, 1055, 818, 815, 852, 769, 676, 709, 692, 836, 787, 779, 757, 673, 670, 652, 582, 717, 710, 762, 644, 578, 687, 663, 615, 731, 659, 710, 752, 705, 632, 648, 677, 681, 638, 649, 648, 671, 699, 717, 649, 517, 546, 652, 624, 624, 714, 725, 557, 507, 580, 624, 663, 602, 614, 653, 525, 521, 669, 703, 615, 577, 557, 573, 551, 572, 636, 646, 617, 580, 663, 609, 514, 516, 601, 653, 595, 518, 621, 615, 633, 550, 555, 698, 570, 470, 546, 649, 632, 509, 494, 611, 587, 550, 508, 546, 591, 579, 532, 547, 561, 589, 541, 543, 619, 596, 553, 548, 674, 671, 537, 533, 595, 654, 604, 592, 614, 495, 588, 535, 603, 627, 608, 653, 601, 468, 519, 566, 569, 548, 546, 644, 625, 555, 568, 503, 539, 548, 533, 644, 600, 668, 669, 635, 602, 635, 643, 563, 576, 587, 580, 609, 568, 585, 659, 581, 592, 569, 550, 631, 612, 559, 609, 547, 643, 723, 626, 604, 661, 651, 638, 532, 722, 834, 775, 707, 822, 726, 710, 704, 675, 758, 766, 742, 706, 634, 638, 647, 632, 645, 640, 782, 731, 545, 727, 760, 705, 741, 547, 577, 652, 628, 629, 623, 589, 552, 606, 639, 600, 602, 575, 566, 605, 538, 619, 592, 592, 549, 508, 628, 736, 585, 599, 664, 608, 577, 629, 774, 622, 542, 546, 588, 626, 591, 681, 669, 498, 535, 589, 523, 504, 520, 591, 636, 545, 572, 626, 537, 496, 553, 643, 573, 722, 722, 620, 641, 652, 672, 694, 692, 828, 809, 868, 750, 718, 653, 795, 963, 839, 908, 1154, 889, 805, 669, 1258, 1430, 754, 889, 1089, 858, 715, 762, 1381, 1416, 627, 739, 749, 729, 645, 687, 875, 829, 469, 557, 647, 566, 504, 506, 621, 642, 568, 656, 718, 553, 522, 520, 669, 732, 450, 481, 539, 481, 446, 481, 529, 522, 465, 460, 508, 520, 485, 539, 531, 418, 599, 594, 534, 500, 555, 603, 491, 459, 442, 462, 482, 443, 445, 434, 444, 412, 368, 437, 483, 421, 387, 369, 439, 468, 411, 489, 540, 489, 407, 450, 485, 438, 438, 461, 453, 416, 429, 474, 416, 410, 366, 409, 452, 496, 421, 434, 442, 392]"
0.6516422629356384,-0.36996617913246155,-0.26457953453063965,-0.19727399945259094,-0.19665133953094482,-0.40302205085754395,-0.01324164867401123,-1.169525146484375,1.3538360595703125,18.75,-0.4501209259033203,1.0863304138183594,22.75,-0.30835723876953125,1.1349678039550781,-28.25,-0.24798965454101562,1.0585784912109375,26.25,0.49616241455078125,2.021026611328125,17.25,"[506, 662, 714, 579, 513, 579, 721, 663, 590, 583, 583, 643, 636, 679, 731, 681, 534, 545, 580, 505, 592, 624, 570, 543, 506, 604, 624, 534, 587, 571, 551, 614, 476, 470, 456, 564, 557, 466, 424, 434, 602, 574, 517, 617, 646, 584, 496, 537, 633, 615, 527, 546, 568, 571, 517, 522, 579, 543, 488, 509, 572, 489, 456, 519, 534, 517, 492, 503, 544, 486, 423, 489, 586, 607, 545, 560, 562, 539, 510, 530, 611, 568, 530, 514, 551, 520, 579, 556, 552, 534, 567, 507, 577, 559, 518, 526, 504, 498, 555, 510, 459, 492, 429, 498, 554, 587, 526, 546, 566, 550, 493, 563, 490, 514, 496, 539, 639, 538, 518, 588, 479, 492, 567, 526, 528, 484, 532, 568, 497, 485, 489, 497, 503, 517, 503, 485, 546, 526, 553, 604, 617, 558, 561, 584, 619, 533, 510, 510, 622, 627, 543, 622, 487, 639, 677, 507, 599, 674, 653, 538, 514, 546, 485, 487, 574, 627, 534, 401, 622, 601, 517, 566, 558, 548, 546, 565, 578, 556, 569, 515, 497, 550, 523, 547, 551, 606, 584, 547, 504, 462, 472, 480, 542, 546, 579, 602, 570, 551, 567, 589, 524, 622, 630, 588, 606, 564, 614, 605, 558, 641, 535, 582, 650, 624, 587, 527, 581, 569, 506, 489, 554, 637, 533, 515, 526, 492, 571, 561, 477, 547, 522, 507, 497, 481, 557, 562, 527, 546, 518, 507, 557, 500, 590, 648, 611, 572, 636, 612, 570, 583, 467, 544, 522, 523, 530, 506, 536, 542, 480, 508, 500, 510, 513, 482, 514, 591, 622, 565, 514, 558, 650, 603, 519, 451, 545, 558, 580, 441, 490, 617, 521, 546, 597, 547, 587, 570, 523, 578, 509, 706, 695, 535, 610, 730, 605, 485, 482, 659, 650, 503, 550, 585, 577, 500, 576, 516, 595, 514, 502, 554, 586, 607, 528, 540, 558, 454, 465, 549, 533, 536, 494, 548, 531, 569, 616, 498, 446, 575, 611, 522, 451, 603, 580, 458, 536, 621, 592, 591, 580, 578, 579, 612, 625, 558, 502, 581, 535, 526, 636, 647, 660, 586, 549, 641, 596, 528, 563, 633, 641, 586, 578, 655, 665, 594, 620, 632, 621, 639, 583, 471, 475, 614, 667, 566, 499, 618, 741, 705, 851, 982, 797, 950, 1319, 1241, 2242, 1217, 2317, 2998, 2018, 1713, 4629, 4859, 3664, 1682, 3721, 4800, 3315, 2095, 7156, 7800, 5140, 4935, 7213, 6690, 4285, 5654, 11874, 11588, 13115, 13246, 20167, 15545, 9343, 15017, 34885, 34322, 22818, 16316, 29114, 23900, 16486, 18373, 51376, 53997, 16605, 9826, 19448, 17140, 12425, 10966, 33581, 36630, 5134, 3691, 6720, 6458, 4238, 4250, 10491, 11021, 1046, 1898, 2285, 1984, 1189, 1908, 2692, 2169, 1433, 1019, 1524, 1382, 946, 990, 1192, 1730, 1810, 1413, 2736, 2183, 1269, 1065, 2778, 3320, 1568, 2431, 3648, 2530, 1134, 1601, 3694, 3805, 949, 1882, 2437, 1651, 830, 1316, 2161, 1976, 698, 876, 1043, 805, 605, 867, 1188, 1091, 647, 948, 1054, 792, 587, 794, 1032, 965, 609, 679, 671, 599, 480, 674, 783, 667, 607, 682, 802, 700, 514, 559, 807, 774, 555, 658, 712, 731, 565, 555, 686, 612, 669, 563, 609, 750, 685, 576, 658, 698, 732, 583, 725, 781, 651, 584, 716, 713, 614, 641, 778, 712, 602, 675, 759, 659, 643, 799, 812, 740, 600, 646, 774, 692, 764, 905, 897, 785, 636, 759, 852, 815, 773, 1093, 1279, 1011, 652, 790, 911, 817, 1136, 2740, 3301, 1960, 859, 1554, 1203, 1063, 2513, 5031, 4842, 2068, 1475, 2306, 2130, 1332, 3516, 5422, 4250, 2438, 1885, 2403, 3047, 1514, 1978, 2722, 3074, 2596, 1471, 1738, 2118, 1444, 2329, 1855, 2973, 3450, 3085, 2148, 1790, 2684, 3417, 3397, 4667, 5255, 4373, 2907, 2993, 3792, 2048, 2098, 3318, 3866, 2986, 1894, 2426, 2615, 980, 1252, 1483, 1735, 1313, 1195, 1763, 1323, 763, 1154, 1233, 1067, 804, 946, 1351, 1144, 750, 890, 1036, 964, 800, 860, 1143, 1040, 700, 659, 839, 800, 744, 823, 921, 882, 675, 582, 615, 669, 672, 730, 735, 709, 671, 852, 837, 711, 656, 665, 722, 637, 700, 839, 844, 783, 733, 618, 666, 658, 669, 789, 886, 798, 591, 633, 761, 715, 641, 845, 870, 710, 618, 732, 863, 814, 601, 768, 718, 696, 683, 625, 694, 674, 583, 639, 689, 686, 600, 560, 627, 646, 559, 662, 762, 662, 597, 687, 706, 638, 645, 648, 582, 568, 610, 578, 491, 583, 665, 600, 506, 592, 671, 624, 572, 591, 570, 508, 531, 623, 715, 632, 545, 582, 668, 527, 507, 663, 687, 567, 545, 641, 643, 615, 624, 617, 610, 572, 538, 651, 701, 658, 751, 660, 760, 689, 534, 686, 599, 706, 779, 749, 775, 759, 706, 780, 702, 767, 737, 687, 735, 673, 618, 657, 624, 587, 571, 681, 696, 666, 702, 631, 688, 668, 579, 724, 707, 669, 722, 660, 759, 696, 656, 707, 611, 628, 584, 655, 690, 605, 651, 655, 595, 647, 589, 630, 614, 488, 535, 723, 654, 606, 694, 660, 536, 480, 585, 704, 650, 569, 618, 624, 631, 544, 593, 681, 671, 579, 644, 695, 654, 593, 727, 731, 665, 638, 769, 799, 638, 545, 636, 713, 685, 666, 745, 783, 694, 568, 564, 655, 647, 606, 579, 719, 766, 634, 596, 669, 723, 595, 596, 760, 700, 604, 697, 764, 781, 676, 628, 795, 605, 574, 646, 680, 607, 591, 620, 715, 713, 530, 623, 762, 749, 767, 779, 742, 658, 513, 709, 756, 540, 680, 833, 766, 815, 580, 900, 922, 612, 684, 855, 1052, 630, 585, 715, 642, 555, 625, 792, 812, 636, 632, 738, 630, 534, 546, 726, 820, 667, 618, 668, 602, 490, 517, 639, 707, 628, 1007, 1020, 699, 521, 719, 1002, 813, 553, 1230, 1397, 902, 561, 874, 1388, 1218, 481, 872, 987, 683, 462, 757, 1105, 946, 460, 485, 511, 520, 507, 501, 688, 669, 424, 478, 573, 555, 569, 549, 501, 479, 485, 468, 521, 569, 440, 503, 504, 493, 436, 418, 431, 403, 437, 476, 459, 438, 436, 402, 412, 435, 412, 407, 454, 472, 399, 362, 510, 499, 411, 391, 419, 469, 373, 488, 513, 448, 407, 414, 439, 368, 442, 425, 428, 403, 399, 418, 478, 484]"
0.6934317350387573,-0.277878075838089,-0.439016193151474,-0.03235764801502228,-0.03293752670288086,-0.5677498579025269,0.20887316763401031,-0.2825237512588501,1.0444164276123047,25.5,-0.15535128116607666,0.8750438690185547,22.75,-0.06665956974029541,0.8644580841064453,20.0,0.2965472936630249,0.31256675720214844,18.5,0.48594701290130615,0.49996376037597656,18.5,"[420, 455, 523, 571, 562, 565, 519, 455, 526, 474, 510, 610, 640, 584, 582, 529, 565, 466, 506, 563, 521, 497, 529, 569, 557, 571, 453, 498, 509, 475, 519, 481, 486, 484, 451, 556, 537, 450, 488, 488, 497, 445, 488, 483, 472, 447, 524, 535, 600, 575, 503, 465, 443, 506, 492, 514, 509, 522, 574, 560, 526, 512, 507, 551, 392, 435, 545, 574, 515, 455, 529, 504, 561, 484, 543, 547, 511, 544, 535, 586, 517, 422, 537, 553, 432, 451, 496, 628, 510, 500, 514, 496, 478, 500, 560, 556, 507, 503, 534, 572, 491, 460, 462, 509, 588, 523, 538, 597, 580, 582, 539, 520, 580, 475, 540, 594, 545, 618, 621, 587, 523, 499, 472, 496, 516, 535, 617, 617, 492, 487, 465, 531, 539, 488, 526, 572, 471, 428, 534, 600, 518, 437, 477, 532, 520, 511, 656, 599, 478, 576, 572, 560, 612, 551, 573, 536, 566, 557, 561, 621, 514, 524, 537, 509, 485, 462, 490, 490, 552, 580, 603, 511, 463, 553, 568, 502, 568, 568, 592, 535, 476, 609, 624, 589, 563, 571, 625, 667, 546, 594, 720, 658, 555, 561, 489, 501, 543, 533, 635, 622, 550, 593, 581, 576, 581, 579, 651, 580, 562, 494, 540, 582, 493, 501, 569, 530, 538, 551, 625, 593, 508, 561, 640, 628, 527, 523, 562, 557, 470, 496, 570, 546, 607, 617, 554, 579, 570, 601, 573, 531, 587, 602, 590, 575, 601, 572, 573, 588, 600, 570, 588, 585, 499, 496, 575, 575, 446, 525, 603, 558, 502, 571, 644, 533, 515, 501, 588, 681, 626, 587, 680, 619, 514, 496, 492, 586, 559, 573, 573, 571, 632, 526, 558, 544, 539, 586, 574, 579, 689, 611, 585, 588, 632, 668, 598, 633, 464, 493, 608, 525, 536, 564, 581, 538, 450, 464, 600, 536, 469, 557, 551, 512, 520, 567, 622, 675, 587, 559, 632, 518, 634, 580, 580, 620, 694, 700, 659, 589, 676, 613, 524, 658, 682, 576, 602, 669, 613, 538, 485, 581, 608, 564, 595, 598, 563, 540, 531, 506, 469, 533, 628, 629, 608, 586, 606, 635, 604, 640, 662, 555, 609, 625, 691, 696, 573, 645, 662, 593, 817, 707, 858, 915, 782, 772, 1046, 1065, 1073, 744, 1249, 1399, 896, 1048, 2287, 2281, 1091, 782, 1018, 1036, 917, 833, 1616, 1676, 2751, 2785, 3939, 2579, 1689, 2729, 5747, 5818, 5102, 4372, 7391, 5022, 2928, 3982, 10196, 11073, 4561, 2971, 5785, 4572, 2759, 2652, 7826, 9061, 2373, 1624, 2514, 2235, 1595, 1836, 3785, 4094, 2038, 1772, 2587, 2165, 1491, 2105, 4317, 4442, 2647, 2432, 3876, 2831, 1767, 2311, 5969, 6238, 2240, 2468, 3739, 2640, 1415, 2169, 5225, 5434, 1664, 1609, 2520, 1803, 978, 1542, 3337, 3533, 1503, 2089, 2729, 1841, 1008, 1547, 2954, 2865, 937, 2317, 3077, 2051, 961, 1515, 2403, 2308, 698, 1480, 1808, 1231, 660, 909, 1236, 1203, 713, 821, 723, 626, 571, 584, 733, 636, 712, 791, 890, 792, 567, 658, 719, 687, 547, 702, 880, 652, 511, 679, 775, 678, 607, 765, 776, 591, 585, 690, 693, 629, 530, 667, 733, 594, 494, 547, 584, 665, 771, 746, 647, 678, 658, 634, 670, 724, 789, 654, 696, 862, 771, 824, 786, 713, 589, 589, 659, 640, 609, 661, 628, 621, 618, 621, 746, 613, 562, 609, 651, 698, 659, 862, 974, 706, 561, 709, 841, 760, 975, 1316, 1334, 1150, 862, 1108, 1187, 904, 2726, 3721, 2733, 1953, 1630, 2625, 3040, 1475, 4516, 5998, 4613, 3428, 2559, 4083, 4726, 2219, 3668, 4747, 3837, 3217, 2559, 3222, 3615, 2156, 1955, 2332, 1895, 1954, 1735, 1691, 1748, 1490, 988, 1339, 1451, 1589, 1226, 1082, 1343, 1049, 1104, 1327, 1355, 1265, 955, 1005, 1272, 1050, 1257, 935, 1151, 1114, 899, 987, 1019, 1240, 1002, 1041, 1075, 842, 885, 970, 935, 1046, 800, 961, 1045, 897, 837, 837, 849, 917, 757, 843, 841, 787, 727, 745, 766, 803, 742, 763, 707, 636, 558, 710, 801, 794, 764, 823, 860, 795, 737, 724, 781, 793, 767, 671, 822, 762, 755, 788, 677, 715, 778, 678, 731, 726, 578, 557, 681, 823, 754, 793, 844, 792, 598, 590, 821, 824, 669, 761, 752, 746, 646, 620, 768, 740, 611, 730, 758, 680, 565, 636, 735, 681, 661, 680, 625, 630, 562, 630, 679, 668, 669, 666, 553, 597, 622, 643, 562, 576, 716, 612, 630, 834, 713, 565, 679, 680, 726, 572, 643, 789, 713, 527, 525, 698, 728, 700, 580, 656, 718, 638, 533, 678, 720, 669, 588, 626, 703, 652, 604, 643, 612, 624, 598, 568, 560, 544, 627, 647, 462, 521, 635, 579, 552, 546, 623, 638, 570, 549, 568, 522, 545, 576, 447, 542, 577, 513, 496, 519, 500, 500, 480, 544, 807, 664, 595, 650, 688, 561, 568, 765, 724, 649, 600, 808, 718, 494, 610, 652, 586, 557, 600, 741, 683, 502, 564, 621, 680, 750, 719, 690, 750, 596, 665, 807, 715, 699, 697, 655, 674, 589, 664, 776, 733, 665, 602, 667, 690, 619, 591, 724, 680, 709, 578, 529, 560, 665, 604, 582, 620, 740, 665, 639, 655, 687, 626, 555, 710, 632, 680, 637, 676, 662, 612, 627, 774, 600, 630, 734, 729, 666, 544, 691, 617, 639, 598, 603, 638, 647, 632, 656, 724, 671, 731, 641, 615, 745, 727, 711, 671, 716, 727, 630, 587, 649, 604, 594, 602, 1043, 1158, 837, 549, 680, 903, 761, 626, 1078, 1221, 851, 570, 755, 1103, 949, 579, 874, 957, 718, 593, 776, 1012, 867, 591, 692, 744, 640, 649, 700, 770, 753, 660, 554, 709, 719, 742, 558, 723, 840, 605, 669, 777, 666, 588, 678, 788, 822, 742, 870, 1099, 868, 645, 769, 1147, 1186, 778, 873, 1139, 786, 597, 798, 1204, 1287, 618, 779, 917, 695, 515, 676, 867, 879, 531, 534, 680, 648, 514, 575, 719, 660, 522, 545, 647, 631, 522, 561, 742, 713, 542, 443, 578, 665, 600, 508, 650, 719, 475, 390, 460, 516, 527, 426, 418, 551, 430, 337, 440, 519, 392, 351, 479, 511, 446, 374, 381, 472, 402, 401, 480, 490, 491, 425, 469, 559, 467, 379, 512, 560, 438, 471, 492, 459, 485, 489, 501, 472]"
0.770308792591095,-0.40928614139556885,-0.6576086282730103,0.17146961390972137,-0.3051924705505371,-0.8773897290229797,0.3846343755722046,-0.7163290977478027,1.2386798858642578,19.25,-0.6944422721862793,1.2229442596435547,21.25,-0.29075193405151367,1.0085105895996094,17.75,-0.25513219833374023,1.1093616485595703,23.75,-0.21736669540405273,1.0754585266113281,15.5,"[534, 563, 600, 583, 576, 582, 599, 564, 574, 561, 596, 597, 582, 633, 687, 698, 605, 572, 577, 580, 567, 565, 601, 569, 470, 470, 451, 499, 465, 524, 531, 447, 476, 548, 463, 494, 531, 548, 516, 489, 483, 479, 484, 532, 516, 513, 532, 554, 548, 570, 542, 547, 539, 493, 474, 535, 573, 591, 539, 494, 492, 590, 517, 422, 576, 548, 578, 545, 515, 577, 636, 621, 537, 546, 533, 559, 508, 528, 583, 567, 490, 524, 508, 458, 462, 497, 538, 502, 560, 547, 523, 537, 566, 575, 557, 601, 460, 546, 541, 490, 471, 511, 585, 561, 480, 566, 597, 526, 521, 615, 627, 517, 579, 556, 645, 529, 541, 525, 494, 622, 579, 552, 624, 578, 506, 510, 576, 616, 578, 622, 601, 553, 550, 597, 531, 478, 643, 694, 545, 575, 694, 596, 525, 502, 595, 567, 560, 596, 578, 508, 520, 612, 562, 624, 642, 505, 476, 589, 557, 564, 553, 568, 656, 628, 578, 611, 637, 622, 531, 536, 534, 569, 575, 515, 529, 496, 560, 571, 524, 542, 582, 554, 501, 422, 595, 577, 629, 651, 526, 504, 501, 554, 558, 514, 523, 529, 485, 466, 500, 584, 506, 531, 528, 515, 574, 563, 505, 513, 481, 554, 495, 532, 666, 623, 548, 452, 489, 477, 525, 536, 613, 642, 607, 572, 541, 493, 528, 495, 487, 552, 516, 576, 551, 533, 570, 590, 484, 488, 518, 573, 494, 491, 490, 475, 487, 483, 496, 552, 532, 537, 545, 534, 533, 484, 494, 516, 551, 544, 503, 495, 528, 441, 455, 535, 533, 523, 501, 439, 480, 499, 483, 498, 496, 506, 602, 566, 518, 575, 513, 520, 570, 510, 500, 502, 579, 542, 521, 571, 600, 576, 575, 583, 567, 544, 585, 596, 506, 528, 663, 654, 507, 632, 681, 578, 563, 637, 668, 611, 490, 526, 618, 590, 538, 529, 536, 541, 493, 492, 532, 420, 532, 477, 584, 609, 529, 544, 568, 527, 623, 663, 674, 656, 641, 629, 654, 618, 673, 1123, 1089, 1075, 706, 1123, 1792, 1528, 1354, 1827, 2397, 2382, 1402, 2094, 4238, 3881, 2190, 2319, 3384, 3443, 1904, 2914, 6350, 5980, 1816, 1905, 2844, 2793, 1604, 2339, 5156, 4937, 1203, 1611, 2146, 1759, 1013, 1895, 3519, 3154, 4546, 4959, 6915, 5033, 3173, 5469, 11396, 10996, 12738, 11233, 17346, 13426, 8897, 12232, 28760, 29332, 13602, 11747, 18830, 15598, 10063, 12823, 31441, 32150, 5673, 5585, 8477, 8011, 4894, 6379, 14703, 14412, 1463, 1524, 1941, 2241, 1500, 1793, 3059, 2623, 1127, 740, 1375, 1366, 891, 767, 1313, 1529, 2060, 1532, 3169, 2683, 1275, 1261, 3285, 3871, 2292, 2310, 4120, 3146, 1409, 1926, 4589, 5004, 1828, 3021, 4198, 2723, 1076, 2268, 4713, 4610, 1522, 4110, 5325, 3023, 864, 2588, 5656, 5321, 1346, 4270, 5212, 2802, 772, 2652, 5420, 4940, 1060, 3021, 3425, 1737, 775, 1879, 3464, 3035, 737, 1811, 2230, 1329, 595, 1297, 2107, 1888, 613, 1233, 1546, 1062, 562, 932, 1503, 1384, 669, 849, 991, 818, 635, 728, 1161, 1127, 840, 887, 1008, 977, 763, 756, 990, 1060, 906, 894, 959, 956, 830, 821, 855, 951, 694, 845, 873, 723, 629, 764, 880, 829, 604, 912, 851, 576, 619, 854, 973, 745, 622, 756, 702, 563, 572, 720, 750, 651, 729, 684, 645, 610, 652, 713, 690, 716, 574, 761, 755, 625, 612, 783, 740, 569, 1251, 2012, 1755, 988, 795, 1034, 1285, 891, 3661, 4877, 3840, 2579, 2141, 2817, 3113, 1862, 4804, 5842, 5068, 4417, 3156, 4108, 4254, 2750, 3765, 4232, 4652, 4158, 2714, 3755, 3282, 2849, 2780, 3458, 4141, 3183, 1926, 2769, 2175, 2448, 2185, 2542, 2892, 2188, 1378, 1999, 1811, 1611, 1556, 1757, 2097, 1578, 1082, 1383, 1359, 1335, 1094, 1428, 1502, 1020, 781, 1180, 1252, 1043, 1028, 1242, 1228, 960, 1018, 1116, 1011, 949, 1248, 1760, 1527, 899, 1087, 1051, 1146, 961, 1222, 1642, 1464, 818, 833, 995, 1171, 1025, 855, 1164, 1163, 812, 852, 896, 866, 871, 834, 1141, 1184, 851, 841, 840, 907, 819, 744, 1002, 941, 661, 811, 844, 785, 697, 683, 867, 901, 752, 802, 814, 851, 801, 706, 815, 885, 750, 665, 715, 874, 884, 639, 665, 816, 787, 660, 709, 880, 840, 671, 712, 737, 732, 605, 667, 724, 630, 745, 737, 678, 628, 716, 670, 577, 678, 727, 782, 763, 644, 656, 656, 642, 679, 729, 749, 674, 612, 621, 649, 598, 627, 708, 661, 691, 704, 663, 676, 642, 658, 738, 644, 742, 736, 695, 632, 698, 718, 686, 678, 739, 731, 656, 635, 715, 798, 675, 533, 694, 804, 752, 628, 758, 893, 775, 634, 684, 723, 750, 618, 676, 848, 879, 630, 675, 710, 667, 682, 657, 864, 622, 486, 583, 595, 617, 591, 608, 732, 674, 573, 684, 728, 767, 630, 564, 757, 701, 588, 687, 816, 768, 553, 587, 720, 717, 682, 734, 894, 928, 693, 543, 708, 742, 670, 657, 790, 917, 680, 589, 750, 770, 664, 710, 783, 807, 640, 626, 821, 885, 686, 696, 740, 751, 715, 761, 934, 1013, 679, 851, 895, 816, 749, 1009, 1293, 1175, 659, 1042, 1248, 949, 792, 1449, 1689, 1135, 722, 1257, 1574, 1042, 966, 2100, 2166, 1113, 853, 830, 968, 908, 926, 1242, 1382, 1301, 931, 710, 968, 1133, 891, 849, 1235, 1320, 1008, 711, 936, 1128, 985, 861, 1226, 1270, 939, 786, 942, 1212, 1001, 934, 1280, 1031, 813, 744, 978, 1108, 826, 664, 999, 745, 618, 656, 840, 858, 685, 800, 841, 770, 699, 752, 866, 828, 685, 826, 808, 797, 647, 788, 870, 738, 655, 964, 1015, 831, 609, 701, 723, 654, 655, 991, 1053, 683, 772, 850, 659, 620, 796, 971, 905, 679, 666, 809, 693, 588, 672, 742, 792, 562, 566, 700, 700, 628, 576, 620, 669, 584, 542, 694, 709, 611, 530, 601, 668, 516, 569, 669, 719, 574, 589, 776, 666, 628, 585, 660, 737, 615, 612, 780, 681, 558, 537, 596, 546, 488, 462, 525, 584, 509, 536, 489, 463, 472, 544, 630, 550, 425, 502, 515, 457, 455, 490, 628, 532, 468, 509, 523, 514, 468, 460, 476, 442, 506, 576, 553, 477, 422, 474, 512, 456, 538, 536, 425, 468, 472, 459, 429, 419, 544, 503, 484, 471, 383, 366, 456, 475]"
0.777348518371582,-0.5322495698928833,-0.7655298709869385,0.1578608602285385,-0.48691293597221375,-0.9541710019111633,0.2740461528301239,-0.6542105674743652,1.105356216430664,16.5,-0.3402132987976074,0.8992195129394531,17.0,-0.3329176902770996,0.8847713470458984,18.0,0.11511850357055664,0.6375789642333984,16.75,0.6730179786682129,0.3238677978515625,15.0,"[675, 622, 602, 695, 763, 693, 596, 617, 670, 569, 563, 629, 664, 677, 620, 600, 580, 528, 549, 587, 658, 658, 583, 614, 562, 486, 488, 582, 505, 577, 619, 593, 508, 506, 519, 538, 516, 496, 513, 462, 543, 564, 569, 540, 473, 543, 547, 489, 490, 486, 545, 619, 548, 463, 506, 501, 537, 549, 510, 590, 647, 551, 509, 534, 450, 625, 626, 526, 495, 545, 583, 511, 549, 493, 526, 547, 477, 452, 577, 630, 520, 527, 512, 492, 487, 512, 540, 571, 483, 492, 529, 552, 542, 503, 532, 551, 552, 526, 502, 536, 656, 623, 498, 516, 560, 571, 586, 551, 539, 564, 524, 568, 522, 557, 566, 569, 569, 557, 564, 595, 585, 515, 539, 580, 524, 584, 642, 604, 609, 580, 579, 600, 544, 529, 613, 624, 576, 586, 643, 612, 567, 556, 616, 539, 554, 533, 549, 656, 573, 516, 592, 628, 582, 655, 548, 557, 559, 594, 624, 532, 543, 693, 712, 598, 482, 536, 563, 559, 565, 617, 617, 542, 615, 636, 509, 549, 550, 556, 558, 583, 575, 540, 496, 490, 470, 380, 500, 541, 466, 452, 488, 498, 522, 434, 536, 611, 519, 434, 511, 602, 619, 534, 612, 601, 599, 588, 610, 719, 570, 505, 578, 575, 586, 587, 549, 636, 547, 523, 602, 507, 491, 583, 562, 605, 475, 525, 478, 459, 571, 537, 432, 419, 427, 537, 579, 518, 547, 538, 558, 504, 522, 540, 640, 652, 558, 525, 482, 551, 476, 519, 614, 567, 544, 547, 484, 458, 546, 529, 529, 528, 599, 530, 484, 520, 592, 566, 543, 561, 590, 532, 581, 651, 508, 505, 560, 582, 470, 473, 588, 619, 489, 509, 528, 602, 605, 606, 586, 484, 472, 507, 568, 544, 575, 709, 719, 617, 855, 1014, 1232, 1011, 734, 1198, 2067, 1916, 1466, 1785, 2501, 1883, 1116, 2013, 4086, 3849, 1539, 1672, 2500, 1957, 1149, 1783, 3720, 3591, 1180, 1564, 2193, 1806, 1002, 1691, 3538, 3326, 990, 1499, 1743, 1428, 913, 1462, 2921, 2621, 738, 1038, 1127, 929, 742, 891, 1529, 1380, 706, 698, 832, 841, 632, 654, 949, 959, 1501, 1535, 1788, 1343, 1073, 1550, 2671, 2632, 4072, 4402, 6276, 4023, 2495, 4265, 9439, 9488, 5646, 6042, 9622, 6210, 3314, 5846, 14293, 14557, 3331, 3853, 6153, 4383, 2222, 3716, 9258, 9294, 1122, 1658, 2120, 1699, 931, 1518, 3178, 2983, 779, 767, 910, 821, 685, 667, 1087, 1083, 664, 737, 872, 817, 630, 777, 911, 791, 715, 659, 779, 785, 662, 670, 695, 707, 727, 711, 1004, 849, 552, 598, 908, 1057, 1129, 1424, 2041, 1440, 756, 1013, 2055, 2223, 2143, 2575, 3914, 2701, 1295, 1670, 3741, 4218, 2914, 4487, 5656, 3568, 1652, 3498, 6304, 5913, 3159, 7999, 8397, 4226, 1476, 5224, 8833, 7066, 2720, 7057, 7105, 3419, 1221, 4384, 7279, 5707, 1557, 3162, 3289, 1700, 834, 2206, 3439, 2844, 1207, 1651, 1989, 1334, 828, 1226, 2189, 2183, 1279, 1955, 2113, 1332, 757, 1474, 2364, 2130, 1116, 1603, 1694, 1132, 716, 1224, 1734, 1473, 763, 1183, 1278, 921, 703, 861, 1169, 942, 779, 1109, 1172, 864, 704, 894, 1074, 974, 805, 861, 1002, 916, 842, 890, 878, 866, 1350, 1364, 1602, 1461, 1245, 1216, 874, 1262, 1506, 1565, 1965, 1758, 1155, 968, 791, 1475, 2075, 2216, 1921, 1804, 1700, 1331, 1333, 1552, 6708, 7414, 6032, 5290, 4685, 3768, 4565, 4600, 9618, 10411, 7909, 6868, 6050, 5556, 6359, 6251, 6669, 7248, 4793, 4171, 3893, 4116, 4308, 4162, 2711, 3219, 2467, 1931, 1609, 2367, 2377, 1790, 1485, 1822, 1746, 1317, 1038, 1554, 1348, 1186, 1268, 1645, 1703, 1157, 885, 1035, 1118, 1086, 1075, 1597, 1652, 1063, 912, 946, 1027, 1049, 1287, 1953, 1751, 889, 995, 1092, 1180, 975, 1171, 1775, 1578, 1011, 951, 1084, 1358, 916, 1144, 1601, 1408, 1049, 832, 1270, 1494, 1036, 1192, 1421, 1334, 1137, 981, 1151, 1389, 1168, 1153, 1105, 1315, 1192, 923, 977, 1369, 1376, 920, 1024, 1164, 1017, 674, 803, 1180, 1187, 722, 811, 923, 826, 698, 699, 916, 899, 600, 804, 911, 789, 643, 593, 764, 681, 619, 663, 693, 759, 675, 633, 690, 674, 670, 747, 701, 726, 666, 707, 739, 743, 640, 736, 830, 770, 670, 774, 782, 777, 656, 799, 836, 759, 660, 735, 867, 724, 760, 1108, 1072, 746, 908, 952, 803, 756, 1105, 1589, 1401, 824, 1265, 1313, 937, 810, 1063, 1378, 1325, 953, 1103, 1187, 955, 860, 829, 993, 858, 814, 855, 773, 716, 665, 849, 1060, 917, 761, 828, 830, 834, 679, 923, 1000, 855, 710, 833, 820, 709, 680, 898, 820, 639, 796, 837, 780, 751, 753, 837, 697, 649, 834, 779, 749, 816, 758, 801, 686, 717, 797, 786, 730, 673, 734, 748, 657, 675, 755, 730, 705, 757, 745, 715, 637, 681, 810, 847, 720, 767, 761, 601, 571, 574, 616, 683, 616, 608, 620, 694, 599, 581, 656, 676, 648, 589, 693, 701, 641, 563, 637, 663, 568, 553, 701, 810, 695, 512, 626, 738, 658, 538, 652, 659, 597, 642, 693, 726, 731, 811, 800, 1077, 739, 983, 1213, 1047, 849, 1330, 1459, 1793, 884, 1900, 2121, 1548, 905, 2447, 2977, 2201, 826, 2155, 2358, 1784, 808, 2806, 3625, 1341, 827, 1445, 1625, 1359, 800, 1877, 2299, 901, 817, 1060, 1150, 973, 709, 1219, 1321, 771, 711, 806, 779, 663, 642, 915, 1050, 995, 808, 922, 918, 893, 774, 1129, 1374, 1494, 1107, 1000, 1053, 1220, 1032, 1404, 1780, 1393, 1029, 957, 965, 1031, 946, 1260, 1594, 723, 779, 926, 830, 717, 758, 1066, 1001, 800, 722, 944, 936, 674, 702, 1022, 1055, 739, 687, 785, 877, 695, 719, 999, 1072, 857, 777, 1156, 1064, 681, 659, 1165, 1287, 884, 1229, 1527, 1132, 698, 819, 1324, 1366, 833, 1138, 1143, 709, 622, 786, 942, 912, 745, 770, 806, 613, 557, 672, 798, 762, 641, 712, 743, 636, 588, 742, 812, 689, 546, 623, 645, 587, 587, 607, 664, 605, 663, 688, 642, 595, 572, 566, 676, 691, 570, 632, 667, 539, 486, 462, 569, 569, 520, 674, 597, 461, 433, 484, 566, 541, 473, 606, 530, 464, 431, 486, 547, 442, 439, 623, 554, 477, 446, 443, 562, 454, 450, 581, 545, 523, 487, 468, 555, 497, 478, 533, 498, 491, 443, 442, 565, 498]"
0.5673381686210632,-0.43216946721076965,-0.35445135831832886,-0.3262171149253845,-0.0961364209651947,-0.10378396511077881,-0.23170331120491028,-0.10386013984680176,0.08254051208496094,20.5,-0.07267498970031738,0.0,23.25,-0.029187440872192383,0.1277446746826172,22.0,0.0035712718963623047,0.1743793487548828,21.0,0.06279444694519043,0.08854866027832031,15.75,"[640, 684, 668, 626, 575, 622, 668, 686, 595, 600, 561, 570, 617, 616, 610, 640, 486, 517, 499, 508, 549, 614, 565, 474, 523, 548, 538, 499, 469, 509, 596, 532, 490, 460, 448, 467, 465, 448, 505, 476, 501, 493, 486, 443, 481, 471, 466, 507, 578, 502, 487, 543, 630, 491, 417, 583, 526, 595, 608, 559, 653, 621, 524, 521, 492, 509, 584, 502, 563, 582, 526, 532, 488, 536, 557, 593, 530, 527, 552, 571, 554, 491, 484, 494, 520, 522, 458, 499, 576, 485, 536, 563, 539, 491, 467, 546, 588, 526, 462, 512, 548, 483, 471, 546, 580, 516, 517, 573, 563, 571, 556, 600, 542, 557, 535, 515, 561, 500, 504, 576, 545, 520, 606, 627, 552, 519, 530, 614, 502, 451, 539, 546, 468, 478, 526, 550, 524, 509, 644, 620, 496, 555, 605, 547, 666, 624, 620, 624, 636, 639, 539, 517, 597, 636, 559, 554, 583, 575, 528, 472, 514, 548, 525, 535, 471, 580, 638, 471, 503, 531, 621, 620, 504, 590, 630, 560, 584, 575, 547, 518, 541, 549, 515, 592, 548, 541, 599, 587, 589, 521, 629, 617, 514, 591, 524, 561, 508, 552, 610, 487, 557, 611, 542, 513, 499, 490, 493, 468, 591, 553, 601, 559, 494, 464, 506, 606, 519, 561, 587, 555, 528, 590, 572, 536, 520, 572, 564, 519, 568, 568, 465, 465, 558, 565, 555, 487, 532, 505, 521, 609, 564, 600, 605, 496, 503, 550, 632, 650, 550, 514, 614, 595, 506, 561, 610, 581, 495, 546, 590, 578, 503, 498, 520, 536, 545, 527, 552, 558, 558, 548, 507, 513, 1060, 729, 1109, 913, 637, 855, 1547, 1722, 2564, 2341, 4164, 2803, 1105, 2306, 5540, 5909, 2852, 3725, 6084, 3911, 1347, 3296, 7769, 7958, 1771, 3944, 5639, 3379, 1133, 3065, 6750, 6482, 1519, 4134, 5444, 3135, 1055, 2898, 6105, 5669, 934, 3144, 3695, 1985, 823, 2181, 4108, 3494, 638, 1314, 1503, 958, 550, 1052, 1581, 1322, 672, 747, 1155, 891, 532, 677, 1263, 1312, 842, 844, 1185, 963, 682, 781, 1414, 1475, 838, 1048, 1246, 895, 679, 851, 1485, 1510, 761, 949, 1208, 853, 550, 852, 1473, 1452, 726, 966, 1123, 837, 575, 806, 1299, 1267, 605, 774, 901, 762, 590, 857, 1144, 1035, 541, 725, 789, 562, 554, 829, 934, 817, 576, 635, 666, 614, 582, 656, 655, 594, 554, 642, 798, 720, 555, 592, 697, 723, 574, 726, 829, 616, 654, 662, 743, 777, 784, 1016, 923, 689, 657, 710, 855, 794, 1569, 2662, 2452, 1280, 911, 1308, 1952, 1427, 2708, 5861, 5592, 2456, 1211, 2782, 4560, 3212, 2876, 7920, 8022, 3543, 1342, 3688, 6276, 4490, 2274, 6816, 7115, 3288, 1211, 3209, 5286, 3881, 1508, 3735, 3938, 2003, 991, 1928, 2901, 2241, 993, 2026, 2040, 1166, 732, 1111, 1613, 1364, 1005, 1427, 1571, 1130, 705, 953, 1169, 1130, 1648, 1594, 1722, 1441, 1105, 1560, 1574, 1594, 2292, 1936, 1960, 1744, 1338, 1976, 1894, 1971, 1964, 1768, 1716, 1379, 1212, 1674, 1433, 1546, 1560, 1997, 1715, 964, 1252, 1374, 972, 891, 1559, 2250, 1812, 894, 1127, 1296, 1135, 778, 1868, 2557, 2037, 1134, 1559, 1889, 1626, 1065, 2223, 3084, 2925, 1787, 2082, 2695, 2141, 1470, 1706, 2416, 2240, 1534, 1581, 1918, 1499, 1247, 1043, 1433, 1287, 978, 1021, 1045, 1021, 904, 1147, 1391, 1077, 895, 945, 1031, 1040, 878, 1275, 1630, 1392, 1021, 829, 1066, 1213, 1008, 1478, 2357, 2378, 1426, 812, 1389, 1655, 1210, 1448, 2696, 2783, 1511, 900, 1696, 1904, 1237, 1203, 1957, 1859, 955, 799, 1248, 1274, 761, 1149, 1756, 1552, 820, 761, 1004, 1077, 601, 1330, 2185, 1803, 846, 840, 1248, 1487, 873, 1419, 2193, 2053, 1145, 825, 1402, 1739, 1209, 1246, 1976, 1838, 1084, 769, 1423, 1822, 1309, 1159, 1612, 1347, 742, 762, 1126, 1251, 942, 937, 1259, 1156, 781, 718, 802, 905, 831, 788, 934, 864, 692, 598, 756, 814, 764, 686, 705, 689, 724, 669, 703, 854, 764, 717, 766, 757, 780, 752, 755, 904, 762, 618, 713, 781, 719, 653, 777, 814, 681, 603, 734, 802, 745, 703, 778, 764, 624, 633, 794, 818, 739, 780, 816, 795, 707, 929, 1113, 960, 861, 975, 928, 816, 656, 1037, 1174, 877, 833, 1008, 835, 737, 738, 660, 811, 708, 648, 791, 687, 724, 761, 640, 751, 679, 550, 660, 684, 735, 708, 951, 1191, 993, 524, 833, 874, 801, 674, 1070, 1254, 1054, 569, 876, 839, 766, 720, 870, 827, 798, 728, 761, 727, 671, 826, 1784, 1160, 1093, 1659, 1294, 939, 1182, 1559, 3326, 1747, 1867, 2962, 1973, 1554, 2027, 2802, 2874, 1462, 1575, 2416, 1694, 1425, 1785, 2483, 1286, 952, 920, 1039, 982, 1027, 1025, 1179, 739, 725, 671, 719, 708, 772, 659, 614, 703, 586, 676, 754, 653, 591, 705, 672, 644, 595, 631, 644, 611, 593, 621, 686, 761, 690, 702, 699, 688, 664, 759, 844, 748, 651, 648, 645, 587, 562, 786, 830, 806, 628, 632, 768, 782, 656, 762, 918, 904, 679, 743, 695, 644, 643, 756, 908, 857, 846, 1102, 998, 710, 774, 1089, 1134, 1264, 1125, 1703, 1438, 839, 1183, 2148, 2238, 1577, 1113, 1686, 1308, 1095, 1163, 2317, 2671, 1262, 895, 1184, 1163, 1096, 918, 1916, 2089, 1287, 912, 1192, 1328, 975, 870, 1540, 1796, 1766, 1081, 1193, 1280, 1198, 877, 1765, 2488, 1602, 1134, 1189, 1168, 1161, 800, 1738, 2273, 1430, 1112, 1155, 1082, 1074, 964, 1557, 1863, 1362, 874, 1019, 1158, 993, 914, 1484, 1793, 1377, 906, 1265, 1372, 930, 856, 1517, 1813, 1632, 1176, 1690, 1683, 1078, 985, 1618, 2054, 1700, 1439, 1735, 1688, 1131, 1139, 1502, 1988, 1578, 1240, 1337, 1182, 917, 939, 1143, 1590, 1180, 826, 915, 935, 863, 787, 896, 1202, 1023, 833, 955, 1040, 842, 790, 968, 1038, 841, 842, 990, 809, 577, 721, 1007, 934, 963, 865, 1024, 761, 544, 731, 887, 938, 823, 830, 995, 773, 559, 639, 886, 894, 622, 699, 801, 678, 628, 639, 949, 937, 614, 659, 635, 631, 601, 673, 933, 837, 625, 655, 560, 582, 545, 531, 654, 628, 490, 567, 509, 646, 544, 480, 663, 604, 479, 543, 541, 544, 464, 576, 690, 596, 513, 555, 529, 416, 502, 596, 536, 477, 408, 552, 554, 437, 463, 511, 537, 452]"
0.311572790145874,-0.5101715326309204,0.048749953508377075,-0.9025067090988159,-0.154631108045578,0.49064916372299194,-0.9170260429382324,-0.09667050838470459,-0.16422271728515625,20.25,-0.06591451168060303,-0.08254051208496094,21.5,-0.05447041988372803,-0.25177001953125,15.75,-0.03730428218841553,0.18439292907714844,17.5,-0.032297492027282715,0.37250518798828125,18.5,"[407, 524, 658, 617, 602, 622, 660, 521, 466, 559, 593, 625, 641, 694, 636, 510, 485, 507, 507, 525, 538, 547, 459, 463, 502, 451, 461, 530, 559, 469, 465, 573, 528, 456, 499, 571, 584, 463, 453, 523, 464, 482, 517, 476, 471, 521, 563, 489, 476, 424, 503, 521, 493, 543, 550, 537, 564, 580, 572, 587, 594, 592, 550, 578, 502, 525, 547, 545, 473, 511, 591, 545, 562, 558, 531, 500, 538, 527, 568, 549, 522, 527, 527, 465, 510, 585, 531, 457, 523, 600, 562, 466, 530, 521, 509, 450, 573, 571, 477, 434, 488, 520, 513, 521, 580, 533, 473, 532, 590, 587, 512, 564, 620, 522, 463, 504, 492, 488, 515, 552, 625, 579, 490, 480, 495, 541, 495, 482, 572, 611, 563, 555, 545, 567, 496, 459, 566, 600, 606, 658, 637, 558, 540, 566, 494, 578, 603, 620, 570, 562, 558, 563, 497, 594, 578, 587, 541, 555, 626, 573, 511, 500, 493, 540, 504, 427, 517, 524, 536, 533, 504, 548, 562, 529, 524, 562, 629, 606, 564, 565, 548, 544, 499, 583, 561, 529, 558, 633, 647, 554, 527, 585, 538, 573, 575, 514, 528, 613, 529, 532, 554, 671, 592, 443, 568, 622, 542, 537, 552, 617, 534, 372, 442, 525, 557, 537, 548, 514, 419, 482, 603, 587, 492, 551, 552, 523, 491, 535, 501, 473, 474, 533, 598, 526, 494, 495, 553, 538, 484, 573, 490, 614, 647, 555, 622, 654, 553, 478, 512, 558, 576, 492, 611, 604, 521, 568, 545, 563, 602, 520, 501, 569, 558, 582, 542, 575, 695, 576, 561, 652, 668, 654, 914, 1476, 1704, 1124, 651, 1238, 1934, 1715, 1443, 4497, 4634, 2217, 696, 3252, 5340, 3979, 1447, 5120, 5003, 2155, 783, 3947, 6135, 4184, 990, 2437, 2218, 1100, 704, 2286, 3179, 2021, 1411, 1651, 1841, 1187, 737, 1072, 1771, 1741, 2334, 4546, 5518, 3237, 1129, 2702, 5317, 5005, 3035, 9538, 11080, 5908, 1330, 5947, 11210, 9501, 2018, 7865, 8772, 4343, 1063, 5467, 9757, 7739, 1625, 2954, 3365, 1986, 1030, 2846, 4759, 4004, 1313, 1292, 1512, 1280, 834, 1493, 2576, 2417, 868, 1034, 1063, 842, 714, 993, 1251, 1103, 798, 1001, 1038, 794, 615, 747, 893, 818, 750, 1038, 1090, 753, 596, 705, 927, 829, 723, 1022, 1091, 743, 634, 738, 922, 839, 567, 707, 780, 623, 524, 560, 673, 681, 839, 982, 958, 706, 592, 698, 819, 747, 2507, 4671, 3994, 1606, 1143, 2394, 3385, 1954, 5299, 10107, 8587, 3212, 2260, 5386, 7600, 4272, 4652, 8735, 7248, 2601, 1895, 4896, 6748, 3707, 1750, 3028, 2452, 1070, 882, 1918, 2532, 1615, 837, 1159, 1053, 626, 669, 867, 943, 790, 788, 1136, 1179, 787, 636, 900, 1020, 841, 1079, 1776, 1734, 979, 717, 889, 1364, 1192, 1613, 2315, 2039, 1118, 896, 1018, 1353, 1195, 1752, 2458, 2095, 1107, 840, 1025, 1205, 1052, 1354, 1643, 1319, 837, 803, 842, 977, 894, 1507, 1698, 1816, 1258, 1071, 1495, 1137, 1014, 2138, 2749, 3076, 1885, 1554, 2341, 1695, 1374, 1779, 2563, 2675, 1421, 1426, 1897, 1414, 1110, 1080, 1425, 1311, 798, 954, 1120, 1085, 829, 814, 1112, 967, 606, 801, 856, 897, 732, 712, 923, 915, 717, 693, 720, 898, 829, 884, 1526, 1530, 844, 666, 848, 763, 751, 1522, 3060, 2886, 1164, 1031, 1304, 1230, 904, 1812, 3564, 3375, 1398, 1145, 1481, 1416, 1019, 1367, 2190, 2027, 983, 936, 1093, 939, 905, 929, 1020, 920, 619, 683, 817, 730, 740, 907, 991, 880, 723, 780, 783, 703, 700, 1015, 1268, 1102, 720, 774, 901, 912, 797, 1350, 1846, 1570, 831, 893, 1041, 1219, 928, 1002, 1400, 1194, 738, 745, 749, 966, 723, 940, 1339, 1124, 644, 821, 906, 861, 605, 1084, 1550, 1349, 803, 844, 890, 770, 606, 806, 1169, 1136, 725, 668, 821, 832, 735, 772, 1042, 944, 690, 765, 845, 724, 683, 742, 858, 971, 794, 669, 784, 793, 728, 860, 1129, 1140, 907, 877, 886, 798, 684, 1051, 1096, 1029, 1017, 972, 800, 699, 819, 954, 1019, 874, 848, 938, 787, 654, 719, 945, 1007, 764, 685, 805, 800, 644, 620, 970, 917, 800, 840, 769, 768, 790, 740, 990, 1039, 920, 823, 796, 813, 893, 795, 864, 1052, 882, 683, 783, 819, 779, 754, 708, 803, 675, 627, 630, 561, 643, 651, 748, 709, 651, 674, 597, 505, 588, 677, 760, 768, 630, 646, 658, 638, 583, 618, 664, 729, 679, 698, 668, 601, 689, 638, 607, 669, 747, 654, 516, 555, 668, 659, 636, 617, 664, 591, 547, 573, 651, 728, 629, 546, 622, 570, 588, 602, 617, 703, 806, 664, 686, 739, 656, 590, 684, 827, 810, 680, 756, 766, 671, 669, 763, 835, 697, 561, 629, 600, 576, 595, 724, 815, 676, 523, 644, 649, 534, 627, 889, 900, 614, 537, 620, 608, 516, 711, 785, 702, 618, 591, 557, 514, 526, 615, 728, 608, 753, 707, 705, 571, 546, 674, 782, 809, 737, 740, 743, 675, 706, 725, 758, 810, 810, 806, 748, 641, 703, 761, 792, 838, 898, 853, 756, 590, 771, 828, 824, 876, 893, 1281, 1506, 877, 769, 1023, 1388, 1350, 1335, 1891, 2618, 1521, 813, 1259, 2748, 2926, 1635, 1813, 2841, 1746, 772, 1313, 3253, 3635, 1795, 1131, 2154, 1605, 978, 966, 2717, 3332, 2060, 1331, 1962, 1683, 1366, 1276, 3038, 3574, 1587, 1325, 1606, 1569, 1097, 1407, 2669, 2755, 968, 1060, 1170, 1248, 727, 985, 1662, 1484, 921, 978, 994, 1072, 676, 923, 1560, 1323, 1074, 818, 1302, 1158, 654, 820, 1274, 1587, 1001, 1019, 1585, 1216, 794, 933, 1756, 1903, 941, 1252, 1628, 1068, 692, 929, 1663, 1723, 1225, 1129, 1419, 1083, 849, 894, 1236, 1522, 1188, 846, 1210, 1225, 757, 846, 1008, 1304, 887, 1066, 1218, 1123, 649, 999, 1361, 1148, 707, 1090, 1193, 853, 630, 1049, 1420, 1089, 752, 728, 753, 683, 611, 701, 757, 824, 618, 698, 628, 567, 589, 705, 731, 650, 784, 879, 910, 780, 721, 786, 868, 862, 709, 662, 803, 778, 615, 676, 806, 825, 618, 590, 686, 676, 507, 666, 945, 849, 494, 473, 571, 540, 436, 590, 793, 726, 509, 538, 607, 494, 423, 550, 687, 608, 530, 495, 546, 541, 463, 566, 648, 560, 466, 437, 483, 492, 412, 458, 527, 512]"
0.12275686860084534,-0.650871753692627,0.16415643692016602,-1.2282243967056274,-0.3651808500289917,0.5327272415161133,-1.2299200296401978,-0.6804726123809814,-0.6923675537109375,18.25,-0.07350659370422363,-0.3510475158691406,19.25,1.298353910446167,1.483154296875,17.75,1.417372465133667,1.3675689697265625,16.5,1.4704444408416748,0.9820461273193359,17.0,"[540, 564, 520, 477, 454, 476, 521, 566, 589, 534, 505, 526, 590, 626, 549, 550, 553, 549, 425, 452, 521, 568, 495, 438, 563, 540, 521, 519, 550, 583, 537, 565, 562, 539, 513, 492, 527, 548, 535, 570, 554, 573, 569, 544, 584, 606, 648, 648, 561, 543, 516, 521, 584, 570, 526, 522, 439, 433, 448, 557, 558, 535, 541, 481, 456, 413, 443, 525, 519, 482, 495, 511, 502, 509, 490, 505, 555, 569, 599, 564, 519, 558, 590, 557, 585, 583, 590, 575, 533, 473, 565, 616, 521, 522, 584, 568, 487, 475, 527, 457, 453, 455, 515, 547, 459, 465, 539, 539, 518, 539, 544, 527, 484, 479, 480, 547, 559, 544, 454, 456, 485, 501, 491, 514, 516, 501, 486, 486, 577, 479, 419, 502, 626, 631, 531, 531, 617, 584, 461, 585, 570, 555, 591, 615, 525, 543, 479, 536, 574, 505, 563, 509, 537, 589, 555, 557, 679, 598, 588, 570, 540, 467, 585, 567, 585, 568, 519, 565, 559, 553, 557, 518, 644, 637, 497, 532, 538, 620, 599, 537, 605, 649, 594, 482, 545, 554, 568, 541, 541, 526, 534, 492, 560, 513, 476, 582, 541, 543, 559, 565, 630, 555, 428, 546, 659, 573, 538, 582, 620, 514, 463, 578, 696, 559, 525, 659, 511, 563, 586, 541, 549, 569, 609, 587, 540, 628, 637, 510, 518, 548, 549, 494, 647, 573, 586, 637, 632, 628, 587, 593, 554, 500, 563, 682, 641, 543, 527, 618, 542, 539, 515, 511, 592, 564, 436, 518, 500, 499, 561, 528, 536, 543, 540, 548, 697, 875, 831, 629, 673, 808, 875, 762, 1602, 2783, 2277, 867, 780, 1818, 2378, 1491, 2745, 4557, 3326, 949, 1153, 2672, 3252, 1487, 2745, 4453, 3415, 1164, 1108, 2415, 3133, 1672, 2218, 5025, 4521, 1765, 1089, 2943, 4386, 2694, 2024, 5450, 5046, 1931, 1007, 3417, 5305, 3472, 1418, 4140, 3919, 1710, 841, 2799, 4293, 2853, 1335, 2951, 2706, 1266, 779, 2061, 2890, 1886, 1429, 2898, 2482, 1125, 678, 1814, 2489, 1449, 900, 1384, 1325, 808, 594, 1044, 1332, 993, 669, 877, 767, 586, 682, 787, 866, 746, 702, 854, 744, 571, 657, 698, 817, 724, 685, 777, 687, 624, 592, 604, 714, 668, 571, 648, 653, 557, 537, 498, 592, 663, 659, 764, 797, 683, 646, 652, 660, 697, 755, 1192, 1180, 816, 662, 806, 1077, 846, 1253, 1980, 1739, 1007, 768, 1163, 1580, 1212, 1921, 2908, 2439, 1168, 922, 1448, 2000, 1450, 1988, 3066, 2461, 1054, 957, 1518, 2021, 1360, 1341, 2150, 1746, 796, 822, 1083, 1455, 940, 1366, 2050, 1682, 862, 889, 1216, 1497, 1086, 1243, 2035, 1722, 784, 881, 1084, 1327, 896, 1252, 1721, 1298, 718, 953, 1009, 1092, 669, 1768, 2440, 1792, 718, 1287, 1409, 1266, 668, 2531, 3594, 2872, 1123, 1696, 1851, 1634, 1026, 3383, 4631, 3702, 1576, 2191, 2282, 1556, 1476, 2733, 3692, 2938, 1399, 1728, 1742, 1212, 1269, 1276, 1771, 1428, 790, 919, 903, 777, 755, 948, 1327, 1026, 555, 765, 734, 643, 556, 2248, 3514, 2552, 791, 1788, 1677, 1287, 718, 3821, 5855, 4194, 887, 2864, 2847, 2144, 960, 3048, 4696, 3476, 950, 2361, 2605, 1994, 922, 1623, 2354, 1919, 802, 1323, 1501, 1259, 739, 1241, 1708, 1380, 663, 940, 1106, 1008, 695, 1232, 1702, 1277, 602, 941, 998, 963, 728, 1208, 1610, 1114, 539, 870, 849, 817, 670, 1060, 1431, 1073, 594, 839, 824, 791, 615, 1025, 1263, 1015, 615, 817, 751, 679, 670, 903, 1117, 967, 674, 796, 759, 715, 799, 767, 988, 837, 568, 729, 691, 724, 731, 813, 895, 738, 627, 651, 646, 646, 597, 780, 854, 766, 659, 692, 682, 772, 674, 754, 911, 789, 677, 848, 898, 812, 685, 721, 834, 805, 668, 714, 755, 660, 686, 879, 1080, 895, 665, 657, 715, 701, 694, 785, 1093, 997, 644, 707, 849, 775, 594, 858, 947, 955, 696, 639, 759, 706, 666, 1088, 1294, 1014, 765, 871, 888, 843, 753, 1179, 1334, 899, 793, 1002, 911, 793, 759, 867, 1112, 898, 703, 946, 1007, 686, 546, 732, 745, 753, 673, 683, 846, 665, 579, 787, 699, 588, 643, 539, 632, 673, 648, 641, 608, 517, 631, 508, 622, 724, 596, 716, 704, 654, 670, 558, 613, 737, 781, 720, 803, 748, 642, 636, 691, 783, 733, 709, 680, 628, 636, 606, 666, 645, 660, 661, 584, 664, 721, 591, 644, 588, 613, 586, 555, 685, 648, 559, 604, 662, 612, 586, 603, 561, 582, 569, 613, 670, 599, 544, 541, 581, 598, 509, 586, 623, 554, 592, 596, 677, 613, 543, 596, 593, 564, 520, 580, 594, 569, 515, 634, 647, 586, 579, 559, 617, 598, 572, 536, 608, 662, 658, 560, 492, 584, 568, 553, 610, 624, 649, 681, 640, 587, 525, 539, 629, 632, 682, 587, 762, 784, 569, 482, 701, 791, 749, 565, 591, 734, 652, 554, 659, 769, 688, 618, 556, 610, 593, 614, 643, 614, 689, 615, 639, 744, 639, 582, 625, 535, 745, 655, 644, 682, 650, 634, 633, 643, 715, 659, 646, 646, 594, 656, 699, 633, 597, 682, 762, 505, 552, 639, 1048, 1051, 1622, 1192, 1862, 891, 877, 993, 2726, 3216, 2086, 1593, 2761, 1664, 900, 1375, 4005, 4553, 2379, 1749, 3295, 2360, 1086, 1826, 4672, 5109, 1894, 1572, 2930, 2133, 1071, 1613, 4060, 4340, 1245, 1234, 1967, 1608, 830, 1079, 2194, 2428, 1557, 1083, 1306, 1270, 914, 984, 1274, 1733, 1341, 1068, 1248, 871, 910, 991, 1290, 1638, 1046, 1422, 1389, 823, 842, 1232, 1754, 1525, 1392, 1694, 1628, 1263, 900, 1404, 2035, 1816, 1555, 1325, 1333, 1318, 1030, 1241, 1962, 1990, 1676, 1310, 982, 831, 941, 1112, 1653, 1921, 1897, 1117, 1072, 1147, 954, 906, 1388, 2163, 1595, 861, 1137, 1183, 869, 811, 1229, 1848, 968, 829, 806, 716, 755, 849, 872, 922, 745, 752, 766, 699, 535, 795, 863, 801, 644, 671, 763, 660, 544, 796, 1047, 997, 708, 759, 690, 658, 711, 777, 968, 906, 648, 665, 591, 649, 660, 666, 772, 665, 452, 566, 536, 565, 547, 581, 655, 505, 483, 467, 495, 573, 479, 565, 569, 448, 506, 477, 541, 555, 523, 617, 551, 433, 513, 467, 466, 451, 410, 426, 411, 444, 497, 470, 429, 405, 463, 455, 332, 439]"
-0.007780033629387617,-0.7654181122779846,-0.023246929049491882,-1.3305381536483765,-0.5573460459709167,0.07535058259963989,-1.1953576803207397,-1.0080235004425049,-0.8369922637939453,19.5,-0.5814449787139893,-0.7122516632080078,27.25,-0.48231053352355957,-0.6435871124267578,28.75,-0.10351109504699707,-0.23775100708007812,27.5,-0.06574559211730957,-0.08039474487304688,29.0,"[556, 536, 493, 572, 619, 578, 499, 534, 536, 585, 497, 553, 651, 678, 548, 477, 483, 423, 526, 523, 533, 638, 583, 492, 444, 439, 421, 443, 439, 443, 463, 431, 512, 524, 416, 517, 540, 502, 438, 407, 561, 516, 508, 544, 523, 552, 541, 548, 517, 590, 605, 546, 570, 563, 535, 549, 481, 446, 517, 536, 509, 546, 529, 508, 450, 487, 615, 557, 470, 559, 642, 538, 460, 578, 650, 589, 488, 541, 611, 547, 585, 538, 595, 580, 528, 552, 620, 623, 603, 607, 564, 577, 685, 625, 573, 549, 517, 527, 506, 525, 587, 558, 552, 546, 511, 505, 515, 556, 501, 484, 508, 417, 533, 615, 617, 594, 580, 674, 617, 533, 500, 571, 539, 525, 540, 610, 647, 539, 545, 549, 543, 511, 479, 565, 546, 496, 490, 467, 524, 534, 541, 598, 555, 472, 525, 442, 422, 526, 543, 537, 549, 525, 466, 427, 428, 454, 480, 529, 506, 459, 531, 545, 511, 529, 645, 644, 511, 505, 575, 583, 558, 538, 627, 629, 556, 569, 498, 555, 579, 502, 559, 596, 541, 494, 517, 530, 627, 624, 593, 547, 583, 560, 464, 490, 569, 533, 505, 520, 518, 492, 532, 583, 648, 562, 482, 517, 577, 577, 684, 633, 620, 635, 572, 606, 552, 591, 606, 586, 629, 643, 595, 553, 532, 557, 486, 546, 514, 488, 583, 504, 460, 473, 507, 557, 483, 518, 615, 531, 472, 486, 529, 509, 497, 491, 543, 574, 480, 504, 835, 1116, 1067, 727, 712, 1040, 1167, 998, 2937, 5364, 4320, 1452, 1809, 3887, 4607, 2359, 5445, 9776, 7820, 2494, 2488, 6578, 8337, 4469, 5702, 12840, 11337, 4317, 2233, 8725, 12515, 7736, 6664, 15104, 13444, 5176, 2545, 9965, 14517, 8853, 4726, 8928, 7235, 2505, 1983, 6010, 8097, 4744, 2927, 3932, 2563, 979, 1241, 2469, 2821, 1632, 2320, 2919, 1967, 1023, 1016, 1828, 1982, 1434, 1983, 2459, 1617, 927, 789, 1462, 1646, 1087, 1087, 1381, 1091, 732, 626, 842, 976, 679, 737, 1103, 1018, 628, 590, 719, 984, 816, 819, 1278, 1254, 828, 677, 909, 1241, 1094, 1496, 2116, 1774, 958, 896, 1355, 1703, 1210, 2578, 3522, 2694, 1130, 1342, 2024, 2292, 1303, 2596, 3367, 2436, 1010, 1428, 1899, 2089, 1157, 1991, 2552, 1738, 745, 1225, 1381, 1495, 834, 2333, 3095, 1989, 766, 1442, 1427, 1544, 708, 2254, 3090, 2092, 848, 1369, 1469, 1646, 802, 2766, 4050, 2828, 968, 1505, 1734, 2053, 1128, 3089, 4562, 3209, 1010, 1633, 1834, 2260, 1245, 1924, 2836, 2052, 715, 1108, 1148, 1550, 1075, 929, 1461, 1228, 581, 704, 787, 985, 805, 846, 1174, 1147, 728, 837, 891, 788, 810, 811, 979, 1038, 764, 898, 878, 785, 769, 1372, 2145, 1953, 1063, 1348, 1429, 1021, 918, 2041, 3161, 2776, 1420, 1665, 1645, 1178, 1265, 1687, 2434, 2127, 1223, 1422, 1383, 959, 1096, 1662, 2051, 1503, 818, 1417, 1402, 935, 810, 1963, 2956, 2155, 861, 1869, 1841, 1473, 888, 2204, 3617, 2769, 1077, 2067, 2104, 1641, 1043, 1832, 2689, 1981, 938, 1589, 1623, 1145, 914, 1583, 2039, 1449, 759, 1253, 1386, 1104, 805, 1606, 2088, 1479, 780, 1349, 1501, 1129, 893, 1264, 1553, 1127, 642, 1069, 1066, 791, 669, 954, 1200, 910, 641, 793, 835, 713, 600, 784, 985, 909, 603, 612, 668, 755, 599, 776, 971, 807, 604, 605, 686, 717, 647, 771, 898, 784, 592, 640, 700, 690, 670, 760, 837, 780, 764, 765, 664, 641, 662, 809, 892, 756, 738, 822, 706, 592, 639, 873, 857, 620, 685, 767, 634, 613, 692, 829, 855, 652, 683, 677, 569, 553, 630, 747, 730, 768, 649, 661, 696, 702, 662, 619, 753, 805, 665, 666, 703, 653, 663, 696, 942, 785, 571, 743, 743, 662, 600, 748, 950, 795, 557, 633, 655, 692, 551, 770, 1032, 902, 613, 619, 724, 784, 666, 813, 951, 778, 630, 640, 706, 771, 679, 660, 824, 760, 673, 654, 738, 710, 616, 761, 830, 755, 673, 670, 677, 603, 673, 700, 693, 716, 767, 668, 699, 682, 608, 683, 636, 770, 702, 624, 707, 811, 750, 710, 673, 755, 775, 582, 697, 754, 747, 669, 642, 690, 733, 607, 646, 709, 724, 709, 701, 678, 716, 747, 611, 698, 758, 638, 668, 675, 644, 645, 576, 635, 704, 714, 738, 704, 730, 742, 730, 697, 666, 687, 710, 581, 695, 677, 642, 672, 621, 720, 759, 660, 639, 624, 625, 627, 611, 629, 758, 724, 649, 586, 613, 576, 503, 535, 576, 581, 635, 537, 551, 565, 511, 591, 601, 618, 645, 525, 506, 592, 597, 676, 643, 700, 702, 606, 593, 626, 681, 669, 669, 619, 562, 543, 612, 739, 742, 952, 732, 738, 679, 705, 697, 932, 1049, 901, 822, 728, 733, 692, 711, 898, 970, 722, 631, 735, 719, 682, 704, 813, 882, 672, 633, 608, 541, 635, 693, 543, 554, 629, 568, 551, 573, 580, 631, 654, 626, 726, 482, 604, 620, 596, 678, 758, 829, 805, 727, 621, 560, 621, 752, 682, 716, 582, 688, 789, 635, 517, 683, 856, 796, 729, 683, 743, 663, 642, 753, 817, 853, 776, 709, 710, 669, 681, 793, 850, 788, 800, 836, 1083, 886, 770, 901, 1070, 1030, 643, 1165, 1517, 1129, 750, 1162, 1545, 1291, 989, 1618, 2086, 1411, 736, 1409, 2305, 2080, 1031, 1474, 1848, 1200, 723, 1302, 2468, 2276, 691, 1217, 1294, 976, 676, 1199, 1875, 1510, 765, 1068, 1103, 937, 728, 1079, 1409, 1144, 941, 910, 1151, 1139, 727, 1029, 1055, 1025, 902, 1080, 1359, 1222, 590, 960, 1247, 1106, 1170, 1786, 1656, 1260, 665, 1320, 1837, 1205, 1355, 2033, 1720, 1116, 882, 1275, 1700, 1231, 1571, 1581, 1766, 1458, 1154, 1268, 1481, 1488, 1458, 1552, 1921, 1510, 1141, 1350, 1762, 1758, 911, 1435, 1479, 1048, 905, 1085, 1367, 1320, 964, 1388, 1299, 875, 853, 1086, 1137, 885, 945, 1186, 1011, 821, 914, 1194, 1173, 833, 738, 1087, 856, 652, 772, 950, 1166, 897, 634, 970, 916, 692, 664, 653, 860, 745, 662, 877, 761, 558, 554, 653, 757, 552, 578, 583, 561, 538, 551, 622, 570, 582, 636, 541, 583, 587, 553, 699, 674, 570, 594, 594, 527, 573, 531, 706, 696, 472, 539, 638, 720, 579, 431, 557, 462, 468, 564, 592, 674, 571, 485, 484, 589, 641]"
-0.20923173427581787,-0.7174352407455444,-0.22492799162864685,-1.5949403047561646,-0.4648262858390808,-0.26027607917785645,-1.3723547458648682,-1.1002212762832642,-0.99334716796875,26.5,-1.1002212762832642,-0.9385585784912109,21.25,-1.1002212762832642,1.0202407836914062,26.25,-0.9102493524551392,0.7648944854736328,18.5,-0.7106930017471313,-0.9023666381835938,18.0,"[637, 614, 570, 696, 739, 695, 572, 613, 636, 688, 579, 581, 724, 808, 683, 580, 585, 552, 481, 532, 678, 626, 545, 577, 574, 470, 532, 621, 602, 545, 477, 599, 565, 411, 432, 506, 531, 458, 433, 549, 542, 508, 467, 553, 593, 567, 496, 533, 401, 462, 513, 461, 445, 529, 431, 428, 546, 535, 626, 568, 454, 547, 528, 516, 543, 496, 525, 613, 553, 517, 488, 517, 544, 557, 514, 536, 558, 494, 558, 527, 514, 522, 498, 528, 559, 516, 495, 483, 584, 510, 555, 633, 622, 542, 504, 627, 452, 511, 584, 593, 625, 580, 583, 591, 558, 558, 568, 659, 635, 605, 653, 626, 532, 582, 593, 619, 594, 589, 664, 627, 486, 595, 558, 497, 489, 529, 562, 503, 626, 618, 552, 532, 552, 493, 484, 559, 682, 557, 574, 641, 633, 596, 537, 585, 525, 470, 546, 699, 638, 527, 549, 570, 585, 571, 549, 598, 633, 641, 569, 577, 638, 527, 508, 584, 571, 634, 595, 557, 509, 577, 609, 577, 540, 549, 581, 492, 542, 638, 553, 486, 640, 634, 527, 528, 495, 597, 562, 526, 615, 547, 475, 488, 461, 450, 553, 566, 571, 521, 513, 499, 445, 509, 590, 593, 530, 532, 669, 583, 552, 587, 617, 597, 571, 530, 578, 678, 498, 505, 509, 501, 517, 499, 587, 591, 697, 816, 775, 596, 635, 771, 843, 700, 2397, 4610, 3794, 1288, 1603, 3488, 4286, 2232, 6078, 11219, 8735, 2281, 3679, 8221, 9540, 4143, 6837, 11648, 8841, 2046, 4117, 8191, 9155, 3823, 3810, 6315, 4753, 1134, 2586, 4556, 4691, 1913, 1861, 2724, 1984, 743, 1295, 1873, 1927, 1080, 1175, 1654, 1307, 642, 838, 968, 1175, 913, 1045, 1414, 1098, 655, 756, 806, 1043, 845, 1462, 1883, 1333, 738, 751, 1114, 1295, 920, 2067, 2768, 1950, 961, 1037, 1726, 1959, 1269, 2393, 3190, 2384, 1186, 1216, 2073, 2437, 1657, 1932, 2626, 2144, 1178, 1069, 1966, 2375, 1739, 1171, 1424, 1276, 814, 1024, 1548, 1565, 1104, 864, 1106, 1006, 787, 899, 1084, 1049, 779, 895, 1185, 995, 748, 757, 892, 962, 827, 928, 1196, 856, 552, 808, 702, 828, 736, 1299, 1698, 1210, 645, 945, 1012, 929, 605, 1215, 1663, 1178, 558, 759, 932, 979, 508, 776, 1044, 870, 650, 714, 783, 805, 557, 678, 752, 752, 632, 557, 664, 677, 601, 612, 801, 741, 552, 587, 653, 717, 598, 647, 800, 758, 641, 656, 695, 694, 573, 1305, 1538, 1049, 712, 943, 937, 813, 664, 2538, 3148, 1807, 972, 1959, 1580, 1157, 1019, 2725, 3342, 2058, 1374, 2315, 1915, 1231, 1233, 2105, 2726, 2130, 1460, 2038, 2157, 1439, 1161, 1951, 2896, 2464, 1139, 2382, 2921, 1983, 1050, 1963, 2701, 2392, 1106, 2393, 2906, 1940, 1063, 1384, 1967, 1742, 923, 1471, 1590, 1166, 973, 963, 1224, 1089, 749, 818, 773, 913, 768, 969, 1233, 936, 629, 796, 886, 860, 605, 1187, 1488, 1057, 604, 793, 856, 948, 604, 1231, 1838, 1525, 677, 876, 931, 1054, 664, 1714, 2476, 1748, 659, 1102, 1021, 1160, 625, 2677, 4387, 3236, 794, 1671, 1534, 1788, 715, 2278, 3934, 3105, 876, 1580, 1509, 1468, 676, 1321, 2132, 1734, 716, 1035, 1108, 993, 620, 950, 1171, 910, 559, 750, 813, 807, 693, 804, 928, 727, 567, 677, 635, 689, 657, 783, 928, 793, 587, 717, 728, 711, 736, 795, 842, 636, 546, 672, 741, 753, 698, 735, 807, 731, 590, 651, 755, 703, 635, 650, 825, 713, 558, 640, 716, 738, 649, 749, 763, 713, 651, 657, 739, 760, 755, 753, 753, 684, 613, 641, 696, 719, 729, 660, 772, 679, 573, 645, 751, 770, 617, 675, 802, 699, 620, 627, 761, 758, 662, 793, 876, 882, 713, 665, 712, 688, 707, 856, 848, 724, 816, 917, 786, 684, 707, 875, 930, 723, 699, 941, 825, 643, 709, 789, 729, 565, 593, 699, 619, 618, 741, 765, 901, 723, 675, 777, 782, 705, 603, 912, 900, 853, 769, 932, 959, 777, 796, 1296, 1059, 1273, 1103, 1102, 1490, 1255, 1241, 1525, 1306, 1556, 1316, 1158, 1839, 1630, 1487, 1354, 1229, 1360, 1164, 960, 1531, 1364, 1322, 875, 889, 989, 850, 682, 948, 957, 936, 1021, 884, 717, 760, 818, 887, 699, 807, 761, 766, 748, 749, 721, 944, 818, 616, 745, 717, 756, 713, 639, 844, 756, 717, 783, 864, 718, 607, 569, 768, 787, 748, 702, 717, 706, 604, 603, 779, 803, 682, 597, 785, 883, 682, 660, 726, 775, 687, 685, 827, 803, 642, 636, 791, 791, 654, 576, 742, 709, 611, 588, 736, 775, 609, 561, 652, 582, 518, 549, 704, 724, 558, 625, 636, 589, 570, 565, 717, 780, 675, 715, 819, 775, 600, 663, 824, 841, 697, 583, 664, 664, 513, 624, 725, 751, 660, 561, 664, 711, 576, 599, 720, 774, 654, 674, 636, 714, 630, 624, 688, 684, 672, 798, 749, 746, 621, 682, 848, 761, 739, 998, 771, 666, 755, 801, 866, 804, 876, 1037, 791, 750, 820, 776, 877, 856, 1006, 949, 735, 717, 873, 815, 859, 751, 934, 955, 819, 683, 636, 705, 958, 739, 832, 902, 740, 656, 575, 690, 824, 790, 890, 1146, 844, 1056, 796, 733, 916, 1465, 1673, 1438, 1159, 1746, 1268, 767, 1110, 2004, 2297, 1873, 1541, 2503, 1882, 1180, 1318, 3065, 3533, 2495, 1602, 3220, 2314, 1302, 1397, 4005, 4799, 1718, 1437, 2783, 2250, 1004, 1555, 2878, 3340, 1209, 1293, 1969, 1600, 812, 1726, 2380, 2230, 1442, 1092, 1284, 1129, 997, 1377, 1770, 1982, 1247, 1007, 1275, 1204, 1009, 911, 1422, 1603, 1275, 1188, 1404, 1272, 978, 1182, 1450, 1457, 1079, 1485, 1452, 1003, 1003, 1472, 1794, 1465, 1447, 2113, 1939, 1109, 898, 2010, 2595, 1880, 1603, 2578, 2560, 1438, 740, 2162, 2819, 2108, 1100, 1882, 2199, 1313, 786, 1489, 1895, 1581, 965, 1035, 1518, 1098, 720, 934, 1135, 1296, 926, 882, 1081, 847, 669, 862, 958, 1050, 729, 910, 933, 681, 624, 866, 910, 771, 676, 872, 863, 698, 635, 707, 766, 704, 618, 655, 769, 784, 567, 538, 599, 672, 603, 536, 698, 760, 541, 492, 657, 720, 569, 521, 639, 618, 462, 465, 505, 641, 537, 565, 713, 677, 546, 627, 621, 604, 569, 678, 725, 624, 526, 618, 682, 669, 564, 611, 652, 515, 448, 536, 638, 666]"
-0.5813454389572144,-0.9437981843948364,-0.6426588892936707,-1.7858905792236328,-0.2782556712627411,-0.5487934350967407,-0.052495211362838745,-0.24784398078918457,-0.5736351013183594,18.75,-0.20364117622375488,-0.5503177642822266,27.0,-0.1170952320098877,-0.4734992980957031,19.75,-0.08877110481262207,-0.6245613098144531,15.75,-0.04013371467590332,-0.5013942718505859,17.25,"[474, 492, 506, 506, 484, 507, 508, 495, 572, 581, 574, 598, 625, 567, 522, 514, 612, 660, 608, 610, 636, 654, 512, 475, 537, 589, 510, 515, 520, 515, 489, 469, 559, 515, 537, 501, 579, 543, 467, 503, 581, 514, 484, 434, 525, 558, 469, 517, 493, 508, 474, 425, 477, 555, 550, 489, 472, 516, 511, 442, 485, 476, 515, 561, 465, 494, 502, 466, 494, 477, 512, 553, 537, 539, 537, 487, 560, 577, 555, 544, 489, 503, 534, 515, 567, 637, 502, 478, 470, 490, 447, 428, 586, 632, 490, 456, 520, 498, 490, 433, 535, 607, 484, 486, 540, 489, 483, 529, 542, 457, 470, 541, 514, 528, 579, 574, 499, 520, 554, 518, 543, 542, 572, 566, 589, 556, 586, 627, 538, 645, 557, 509, 527, 534, 684, 642, 544, 623, 592, 583, 511, 518, 677, 652, 578, 576, 429, 540, 557, 471, 454, 489, 468, 558, 532, 470, 478, 503, 496, 412, 442, 452, 597, 602, 575, 614, 560, 500, 472, 546, 590, 524, 584, 662, 576, 529, 579, 594, 564, 563, 577, 641, 654, 627, 637, 553, 538, 536, 571, 555, 547, 643, 727, 696, 753, 618, 605, 698, 803, 895, 3069, 4616, 3704, 1876, 2285, 4399, 4916, 3094, 6840, 12098, 9039, 3196, 5115, 11551, 12820, 5769, 5865, 11621, 8644, 2541, 4477, 11441, 13048, 5517, 2999, 4910, 3375, 1211, 2240, 5104, 5720, 2671, 2602, 3596, 2392, 1049, 2159, 4289, 4133, 1540, 2842, 4374, 3254, 1363, 2208, 4537, 4566, 1637, 3361, 5173, 3815, 1396, 2295, 4305, 4400, 1535, 3178, 4849, 3530, 1182, 2049, 3312, 3456, 1500, 2556, 3888, 2927, 1066, 1693, 2423, 2657, 1386, 1899, 2899, 2196, 896, 1222, 1599, 1860, 1024, 1414, 1980, 1468, 804, 1087, 1111, 1084, 648, 1284, 1527, 939, 822, 1220, 1004, 700, 695, 1007, 1084, 695, 769, 1014, 882, 662, 648, 790, 873, 691, 596, 704, 804, 768, 516, 859, 958, 747, 567, 684, 780, 706, 546, 1016, 1229, 896, 645, 748, 817, 787, 619, 901, 1019, 801, 605, 662, 682, 630, 661, 764, 806, 723, 638, 701, 616, 560, 701, 740, 713, 680, 638, 673, 616, 600, 720, 750, 824, 682, 529, 658, 655, 616, 643, 699, 702, 557, 553, 627, 660, 602, 623, 1419, 1526, 804, 651, 811, 979, 902, 720, 3419, 3895, 1946, 1117, 1877, 1725, 1537, 1152, 4285, 5019, 2481, 1378, 2409, 1992, 1882, 1226, 2862, 3412, 1817, 966, 1640, 1536, 1570, 1046, 1668, 2096, 1403, 867, 1575, 1748, 1316, 1021, 1942, 2505, 1602, 836, 1665, 1886, 1316, 950, 2086, 2585, 1623, 909, 1762, 1792, 1292, 975, 1701, 1841, 1208, 1156, 1525, 1302, 1017, 1054, 1111, 1274, 1175, 973, 1152, 1154, 980, 1038, 1287, 1335, 1137, 1025, 1079, 1039, 956, 1068, 1744, 2037, 1405, 1104, 1400, 1160, 935, 1032, 1879, 2328, 1428, 1002, 1411, 1291, 1110, 858, 1325, 1625, 1044, 815, 1036, 1069, 1041, 718, 1154, 1209, 896, 789, 921, 918, 916, 810, 1087, 1174, 890, 701, 814, 786, 781, 751, 921, 1148, 822, 630, 747, 732, 837, 737, 795, 1092, 854, 571, 730, 784, 853, 755, 854, 1114, 946, 701, 838, 737, 824, 792, 718, 874, 828, 724, 774, 698, 683, 723, 682, 787, 831, 632, 695, 701, 580, 720, 722, 924, 891, 652, 614, 708, 658, 676, 699, 798, 793, 668, 566, 683, 709, 649, 676, 630, 601, 714, 678, 704, 735, 696, 717, 760, 682, 570, 595, 615, 677, 679, 705, 673, 600, 548, 554, 671, 669, 599, 678, 708, 551, 439, 552, 708, 751, 652, 547, 577, 543, 499, 490, 527, 659, 663, 664, 671, 716, 671, 659, 582, 657, 772, 639, 608, 603, 630, 644, 526, 625, 669, 553, 566, 530, 554, 567, 532, 530, 564, 648, 612, 639, 615, 562, 560, 516, 578, 688, 732, 623, 524, 601, 679, 588, 570, 634, 688, 680, 631, 609, 652, 671, 614, 606, 681, 768, 659, 586, 751, 822, 706, 595, 658, 667, 613, 631, 749, 731, 600, 721, 714, 676, 638, 715, 792, 750, 624, 674, 615, 672, 672, 725, 774, 661, 517, 973, 807, 669, 664, 750, 834, 837, 882, 1017, 843, 652, 609, 728, 798, 816, 1029, 898, 855, 738, 575, 747, 818, 735, 794, 787, 816, 702, 666, 956, 948, 694, 736, 836, 812, 693, 685, 917, 832, 773, 815, 786, 798, 675, 699, 815, 750, 685, 701, 678, 698, 565, 562, 655, 623, 548, 539, 591, 578, 488, 619, 623, 554, 523, 500, 584, 491, 492, 578, 606, 624, 576, 533, 648, 494, 565, 591, 622, 604, 572, 616, 654, 652, 639, 595, 691, 768, 684, 622, 589, 642, 664, 600, 749, 806, 662, 580, 772, 698, 670, 638, 813, 839, 725, 775, 762, 644, 785, 765, 763, 817, 793, 842, 789, 605, 961, 950, 798, 743, 885, 1030, 666, 633, 869, 717, 729, 826, 871, 936, 750, 811, 764, 644, 767, 778, 714, 790, 659, 780, 701, 616, 578, 598, 691, 605, 727, 841, 808, 612, 621, 837, 837, 614, 871, 916, 792, 565, 713, 965, 811, 656, 836, 787, 732, 711, 682, 802, 689, 606, 641, 644, 718, 641, 609, 701, 733, 741, 664, 871, 858, 669, 716, 849, 853, 799, 848, 853, 750, 670, 701, 784, 863, 801, 739, 727, 651, 674, 690, 706, 658, 643, 954, 879, 1003, 863, 743, 1063, 1346, 1303, 1202, 1290, 1405, 1020, 869, 1531, 1785, 1584, 1146, 1259, 1390, 979, 867, 1404, 1781, 1602, 636, 741, 807, 715, 538, 788, 1070, 951, 803, 678, 580, 613, 689, 691, 686, 855, 1080, 785, 860, 788, 691, 775, 929, 1259, 1359, 1313, 1108, 997, 942, 1262, 1447, 1463, 1344, 1726, 1567, 927, 1133, 1753, 1898, 1524, 1623, 1696, 1467, 808, 1351, 1874, 1922, 1696, 1882, 1480, 1043, 849, 1379, 1793, 1542, 1577, 1275, 1197, 860, 751, 945, 1321, 1138, 1019, 933, 862, 809, 760, 781, 896, 881, 933, 853, 785, 741, 636, 706, 916, 877, 761, 672, 716, 795, 612, 694, 925, 766, 619, 707, 677, 774, 747, 565, 796, 761, 675, 552, 517, 697, 657, 581, 606, 629, 551, 513, 582, 607, 519, 574, 567, 506, 520, 628, 685, 575, 503, 654, 620, 518, 528, 626, 642, 524, 565, 603, 470, 519, 574, 634, 555, 476, 553, 502, 462, 566, 628]"
-0.7084577083587646,-0.9840993285179138,-0.9045639038085938,-1.6393721103668213,-0.30667179822921753,-0.8297911286354065,0.17643868923187256,-0.5848429203033447,-0.6534576416015625,17.75,-0.3738424777984619,-0.8487224578857422,23.5,-0.057413339614868164,-0.6198406219482422,28.5,0.0397183895111084,-0.4547595977783203,15.75,0.05631232261657715,-0.46219825744628906,26.5,"[537, 550, 583, 514, 541, 515, 584, 548, 465, 602, 729, 638, 576, 611, 711, 686, 589, 584, 623, 587, 547, 619, 641, 664, 439, 473, 442, 419, 436, 497, 503, 427, 486, 496, 539, 460, 479, 545, 543, 507, 447, 455, 523, 501, 484, 447, 481, 541, 565, 564, 555, 501, 557, 546, 494, 532, 619, 702, 545, 432, 524, 616, 556, 492, 484, 588, 547, 475, 531, 632, 601, 503, 518, 577, 567, 533, 535, 560, 575, 495, 523, 566, 543, 472, 502, 494, 524, 530, 617, 641, 503, 439, 554, 554, 534, 605, 560, 657, 603, 512, 493, 495, 520, 511, 539, 565, 547, 484, 425, 498, 553, 550, 480, 512, 571, 577, 506, 466, 578, 566, 426, 548, 571, 487, 431, 578, 663, 501, 520, 600, 596, 495, 461, 542, 571, 487, 577, 518, 560, 575, 533, 519, 496, 515, 559, 503, 551, 653, 547, 503, 531, 545, 589, 574, 529, 585, 619, 666, 639, 592, 587, 541, 562, 559, 603, 585, 588, 648, 627, 483, 558, 602, 561, 562, 638, 692, 489, 619, 598, 556, 487, 505, 688, 629, 544, 607, 533, 478, 461, 523, 599, 564, 567, 640, 529, 485, 491, 590, 668, 555, 2512, 3295, 1801, 657, 1641, 3365, 3170, 807, 7492, 9825, 5183, 1246, 5454, 11602, 10615, 2016, 8509, 11956, 7153, 1903, 6749, 14705, 13817, 3302, 4912, 7546, 5063, 1379, 3536, 8132, 8110, 2484, 3017, 4271, 2918, 875, 1556, 3026, 3022, 1239, 1461, 1884, 1479, 927, 885, 1180, 1278, 885, 997, 1287, 1246, 927, 828, 1216, 1284, 748, 1146, 1401, 1025, 668, 818, 1203, 1213, 634, 1507, 1757, 1125, 784, 1006, 1291, 1233, 801, 1853, 1962, 1194, 997, 1368, 1517, 1321, 892, 1487, 1703, 1073, 825, 1124, 1181, 1130, 745, 1121, 1288, 903, 666, 821, 1136, 1043, 640, 895, 924, 786, 774, 879, 867, 784, 654, 861, 1097, 955, 738, 833, 793, 731, 622, 887, 1077, 916, 751, 825, 796, 674, 728, 1261, 1323, 968, 1189, 1385, 1035, 837, 930, 1423, 1440, 1034, 1319, 1598, 1197, 894, 985, 1096, 1066, 832, 999, 1067, 862, 823, 853, 819, 904, 794, 649, 714, 765, 694, 637, 572, 703, 678, 531, 556, 700, 703, 523, 769, 818, 694, 615, 644, 799, 774, 626, 940, 1026, 808, 702, 832, 1025, 978, 738, 1537, 1679, 1215, 1005, 1267, 1680, 1637, 1137, 1750, 2061, 1387, 1072, 1440, 2107, 2041, 1290, 1581, 1946, 1356, 1132, 1424, 1713, 1569, 1129, 1980, 1819, 1162, 1600, 1717, 1257, 1121, 1379, 2875, 2542, 1241, 2159, 2371, 1523, 1280, 1775, 2896, 2768, 1169, 1912, 2449, 1628, 1111, 1625, 1980, 2181, 1307, 1279, 1720, 1346, 919, 1177, 1553, 1696, 1188, 1034, 1324, 1123, 877, 1082, 1097, 1365, 1044, 787, 996, 976, 888, 924, 810, 896, 861, 836, 798, 767, 735, 808, 844, 1017, 924, 795, 794, 762, 808, 865, 759, 929, 881, 749, 718, 696, 871, 823, 614, 781, 789, 688, 738, 589, 722, 778, 837, 778, 747, 665, 683, 763, 640, 680, 896, 898, 787, 750, 711, 812, 708, 704, 714, 848, 688, 695, 768, 796, 698, 597, 651, 705, 757, 601, 626, 711, 675, 602, 719, 901, 946, 718, 726, 872, 751, 765, 711, 791, 823, 621, 654, 881, 905, 817, 508, 627, 719, 596, 509, 729, 874, 749, 665, 675, 606, 639, 657, 685, 645, 611, 689, 802, 775, 751, 639, 731, 753, 669, 585, 664, 698, 770, 639, 589, 700, 692, 540, 571, 624, 640, 613, 548, 661, 632, 683, 595, 588, 575, 628, 632, 618, 694, 681, 603, 593, 635, 592, 582, 663, 728, 645, 567, 502, 557, 515, 574, 583, 589, 652, 571, 584, 584, 594, 544, 541, 637, 670, 618, 678, 626, 668, 706, 623, 638, 514, 577, 611, 546, 552, 640, 585, 541, 546, 529, 593, 539, 527, 622, 614, 570, 633, 739, 718, 650, 597, 693, 716, 565, 620, 633, 592, 582, 626, 764, 660, 515, 578, 530, 466, 501, 588, 585, 460, 468, 693, 641, 580, 594, 616, 670, 669, 647, 736, 671, 568, 593, 625, 732, 666, 610, 693, 598, 562, 673, 669, 634, 576, 630, 697, 671, 519, 652, 770, 725, 633, 621, 715, 642, 591, 775, 809, 746, 653, 641, 651, 532, 526, 698, 688, 576, 560, 598, 570, 505, 479, 488, 610, 559, 522, 545, 637, 577, 566, 615, 621, 621, 607, 616, 717, 551, 589, 669, 587, 638, 690, 764, 665, 571, 588, 595, 619, 689, 719, 745, 621, 673, 658, 563, 542, 784, 843, 688, 744, 642, 540, 568, 596, 678, 687, 697, 775, 626, 601, 726, 701, 675, 600, 726, 653, 681, 628, 599, 630, 585, 480, 555, 582, 664, 657, 567, 540, 610, 676, 704, 681, 648, 668, 637, 652, 642, 877, 913, 814, 700, 750, 702, 764, 726, 866, 1024, 681, 685, 698, 693, 739, 748, 697, 761, 738, 593, 589, 591, 647, 695, 646, 712, 707, 671, 580, 686, 595, 667, 659, 659, 858, 707, 662, 886, 702, 539, 695, 743, 970, 775, 735, 834, 776, 701, 834, 1005, 988, 776, 834, 855, 759, 741, 1092, 1219, 910, 729, 704, 785, 694, 662, 986, 1029, 850, 848, 707, 741, 632, 781, 960, 801, 848, 761, 715, 709, 631, 734, 841, 758, 659, 668, 704, 740, 651, 576, 656, 577, 604, 623, 522, 537, 545, 574, 540, 472, 809, 742, 649, 678, 681, 776, 734, 706, 1008, 862, 712, 780, 802, 921, 1034, 1105, 958, 766, 773, 792, 814, 860, 1071, 1147, 870, 714, 733, 659, 707, 808, 1091, 1132, 749, 762, 774, 577, 704, 892, 1076, 995, 709, 719, 755, 614, 656, 829, 891, 832, 747, 737, 652, 615, 670, 855, 772, 752, 964, 757, 752, 803, 963, 940, 797, 975, 832, 675, 738, 808, 876, 808, 721, 847, 653, 669, 744, 802, 833, 775, 758, 742, 803, 743, 700, 771, 788, 728, 771, 773, 654, 696, 709, 642, 643, 777, 867, 700, 685, 732, 869, 706, 621, 763, 765, 715, 711, 636, 793, 770, 668, 593, 682, 799, 675, 649, 579, 608, 640, 641, 650, 659, 541, 582, 628, 606, 573, 561, 632, 563, 515, 592, 612, 583, 539, 509, 639, 686, 511, 553, 522, 526, 486, 515, 618, 615, 571, 549, 566, 558, 506, 555, 600, 562]"
0.7822383642196655,-0.20916754007339478,-0.36058861017227173,0.07693856954574585,-0.17691922187805176,-0.3475528359413147,0.05407718941569328,-0.3266414403915405,1.1391162872314453,19.25,-0.11664235591888428,0.9615898132324219,24.5,-0.010784506797790527,0.8411407470703125,27.0,0.1285473108291626,1.0159492492675781,26.0,0.20322000980377197,0.8255481719970703,29.75,"[496, 544, 629, 613, 515, 620, 633, 543, 520, 605, 550, 601, 634, 701, 673, 506, 529, 648, 583, 529, 565, 737, 690, 467, 544, 527, 545, 599, 557, 557, 553, 584, 594, 491, 495, 508, 598, 558, 436, 540, 501, 499, 526, 464, 565, 568, 456, 480, 594, 582, 576, 612, 560, 534, 546, 560, 484, 485, 589, 572, 542, 532, 530, 507, 458, 529, 559, 532, 487, 429, 446, 498, 549, 612, 607, 538, 516, 547, 536, 520, 574, 611, 582, 560, 591, 660, 553, 499, 532, 524, 463, 516, 605, 652, 592, 492, 484, 488, 475, 502, 516, 575, 549, 521, 543, 478, 482, 518, 499, 527, 543, 500, 464, 522, 541, 502, 447, 493, 529, 492, 583, 564, 479, 505, 530, 593, 547, 518, 585, 555, 467, 549, 564, 604, 569, 440, 629, 661, 598, 652, 636, 600, 563, 534, 552, 584, 590, 597, 566, 588, 595, 567, 589, 565, 516, 558, 469, 560, 635, 598, 552, 520, 519, 525, 525, 542, 578, 626, 573, 528, 622, 603, 507, 553, 571, 543, 583, 592, 625, 610, 572, 544, 525, 577, 529, 474, 510, 478, 538, 527, 502, 591, 492, 490, 479, 490, 498, 506, 465, 444, 545, 576, 610, 573, 543, 569, 582, 563, 594, 551, 486, 500, 536, 546, 501, 530, 573, 546, 481, 579, 545, 534, 564, 600, 572, 626, 558, 590, 580, 548, 578, 581, 652, 669, 581, 616, 589, 589, 603, 527, 550, 599, 650, 694, 596, 521, 532, 550, 557, 585, 580, 534, 450, 517, 517, 509, 505, 616, 543, 438, 420, 499, 505, 440, 609, 634, 640, 581, 540, 539, 549, 596, 593, 556, 602, 667, 583, 629, 649, 647, 515, 476, 656, 672, 537, 522, 582, 627, 508, 522, 553, 485, 515, 496, 486, 542, 552, 560, 525, 483, 551, 546, 484, 541, 529, 537, 605, 575, 529, 577, 549, 590, 662, 549, 578, 621, 618, 613, 511, 607, 596, 543, 586, 608, 606, 548, 481, 523, 696, 638, 625, 626, 698, 683, 525, 620, 746, 651, 632, 691, 694, 544, 605, 705, 694, 630, 614, 759, 706, 495, 532, 625, 672, 723, 603, 606, 634, 607, 578, 554, 619, 575, 566, 567, 569, 655, 679, 625, 551, 568, 568, 607, 575, 617, 628, 538, 613, 575, 581, 585, 603, 629, 616, 570, 555, 529, 504, 512, 611, 621, 527, 567, 556, 571, 636, 593, 592, 545, 483, 562, 593, 565, 592, 643, 581, 538, 651, 678, 604, 634, 590, 587, 576, 542, 650, 661, 638, 622, 651, 602, 479, 649, 744, 652, 1263, 831, 1197, 1447, 1088, 890, 1890, 2139, 2691, 1385, 2633, 3207, 2341, 1495, 4904, 5443, 5136, 3315, 5649, 5477, 4071, 3530, 9052, 9923, 6911, 5322, 9343, 7658, 4828, 5167, 12238, 13443, 5666, 2695, 7217, 6684, 3884, 1915, 7832, 10045, 3160, 7351, 9017, 5289, 2191, 6952, 14326, 12823, 5789, 12270, 16679, 9227, 3333, 10866, 24389, 22878, 5922, 9781, 14653, 8599, 3313, 7991, 19736, 19601, 2954, 5448, 8152, 4939, 1668, 4341, 10329, 10163, 820, 2512, 3227, 2109, 842, 2217, 4257, 3684, 626, 816, 965, 867, 647, 930, 1370, 1143, 565, 594, 668, 573, 565, 671, 679, 652, 686, 655, 575, 567, 565, 631, 717, 655, 599, 578, 520, 619, 629, 558, 620, 588, 589, 589, 614, 676, 599, 601, 645, 599, 580, 567, 666, 709, 609, 506, 567, 613, 687, 626, 641, 706, 657, 637, 560, 569, 678, 645, 567, 593, 620, 594, 551, 600, 563, 519, 596, 670, 666, 571, 648, 692, 853, 1372, 1363, 846, 690, 750, 901, 905, 1494, 3093, 3312, 2023, 851, 1074, 1627, 1350, 1168, 2827, 3605, 2545, 931, 1246, 1733, 1449, 602, 1647, 2589, 2031, 716, 1251, 1443, 1263, 1009, 1538, 1809, 1371, 833, 1111, 1225, 992, 1124, 1145, 1166, 1049, 941, 1222, 977, 787, 904, 1040, 1376, 1146, 748, 1036, 1039, 817, 776, 977, 1552, 1544, 1062, 710, 870, 998, 800, 917, 1058, 1203, 1054, 691, 656, 792, 822, 652, 658, 710, 703, 612, 647, 810, 887, 633, 694, 752, 676, 674, 848, 1026, 853, 590, 719, 782, 776, 708, 689, 896, 683, 656, 880, 847, 631, 695, 656, 718, 872, 792, 862, 794, 645, 757, 683, 732, 794, 858, 762, 672, 737, 759, 684, 665, 504, 696, 763, 661, 605, 643, 725, 577, 548, 636, 691, 683, 608, 662, 692, 617, 635, 601, 717, 769, 641, 663, 640, 630, 693, 567, 705, 757, 646, 673, 701, 664, 609, 636, 630, 681, 583, 639, 756, 664, 569, 619, 580, 613, 574, 633, 726, 601, 585, 646, 522, 540, 594, 621, 716, 646, 479, 525, 514, 576, 613, 517, 572, 607, 560, 612, 563, 450, 539, 565, 563, 533, 622, 653, 569, 531, 599, 627, 522, 520, 606, 630, 542, 555, 640, 604, 477, 535, 529, 537, 526, 588, 522, 529, 556, 527, 551, 561, 539, 573, 576, 578, 577, 519, 573, 595, 546, 533, 613, 618, 535, 478, 524, 561, 606, 609, 591, 592, 588, 535, 530, 506, 588, 611, 564, 545, 597, 602, 553, 478, 575, 639, 584, 587, 619, 642, 555, 568, 663, 627, 577, 512, 527, 613, 552, 620, 659, 633, 661, 582, 538, 576, 594, 582, 589, 589, 582, 633, 574, 566, 689, 803, 696, 568, 673, 733, 588, 516, 742, 695, 607, 571, 640, 728, 582, 515, 538, 613, 693, 601, 497, 660, 597, 490, 544, 588, 536, 506, 511, 543, 509, 484, 542, 589, 567, 619, 601, 571, 538, 488, 606, 669, 604, 586, 598, 619, 616, 569, 671, 697, 574, 568, 579, 605, 622, 510, 617, 676, 587, 555, 517, 525, 532, 549, 652, 853, 821, 525, 557, 741, 800, 682, 566, 780, 873, 591, 580, 721, 791, 706, 693, 696, 726, 633, 512, 559, 620, 699, 617, 579, 555, 560, 563, 573, 622, 621, 461, 539, 596, 538, 541, 618, 604, 497, 468, 504, 586, 539, 493, 479, 563, 554, 516, 456, 477, 511, 444, 478, 499, 504, 549, 537, 487, 414, 397, 438, 465, 500, 539, 488, 535, 472, 410, 457, 468, 548, 522, 429, 435, 424, 478, 496, 362, 539, 564, 493, 519, 462, 496, 551, 438, 511, 466, 486, 441, 413, 456, 481, 431, 402, 434, 468, 477, 431, 414, 441, 391, 390]"
0.7231895327568054,-0.24634413421154022,-0.26205089688301086,-0.0911903977394104,-0.23191487789154053,-0.21611537039279938,-0.16449911892414093,0.06296777725219727,0.6448745727539062,17.25,0.09687089920043945,0.5887985229492188,22.75,0.20144128799438477,0.6693363189697266,27.75,0.23992204666137695,0.39811134338378906,26.25,0.31345033645629883,0.4706382751464844,23.5,"[463, 614, 638, 585, 610, 584, 642, 611, 597, 706, 598, 587, 711, 742, 633, 555, 503, 592, 617, 629, 612, 596, 623, 545, 575, 591, 590, 534, 525, 509, 546, 588, 569, 514, 485, 527, 509, 509, 455, 511, 603, 548, 563, 614, 513, 499, 548, 537, 538, 583, 567, 544, 583, 542, 560, 551, 576, 655, 577, 505, 565, 623, 527, 453, 459, 560, 597, 548, 590, 623, 557, 444, 441, 448, 479, 491, 474, 548, 528, 428, 521, 515, 519, 533, 424, 448, 499, 517, 618, 616, 497, 492, 477, 527, 505, 543, 483, 501, 446, 525, 562, 437, 514, 543, 543, 520, 497, 535, 650, 538, 471, 543, 493, 506, 550, 515, 494, 482, 471, 550, 515, 470, 541, 518, 529, 519, 456, 445, 514, 561, 539, 511, 561, 512, 520, 531, 563, 553, 525, 566, 569, 580, 577, 543, 554, 546, 625, 548, 538, 605, 584, 564, 617, 541, 607, 621, 698, 630, 546, 571, 495, 606, 657, 563, 597, 644, 594, 506, 631, 694, 669, 594, 661, 669, 583, 576, 572, 597, 676, 597, 535, 590, 559, 541, 515, 573, 655, 667, 561, 527, 587, 525, 499, 451, 478, 574, 591, 508, 540, 568, 620, 516, 485, 483, 588, 562, 555, 581, 502, 570, 564, 470, 438, 567, 630, 503, 521, 604, 554, 479, 583, 650, 597, 570, 518, 574, 535, 503, 535, 494, 552, 579, 604, 592, 572, 589, 580, 538, 508, 515, 580, 524, 546, 633, 593, 544, 580, 626, 645, 540, 625, 687, 609, 483, 565, 697, 572, 595, 528, 573, 572, 510, 574, 571, 599, 581, 536, 583, 549, 548, 637, 646, 657, 576, 502, 576, 643, 565, 582, 644, 638, 550, 443, 575, 629, 497, 476, 536, 551, 601, 500, 478, 555, 501, 523, 523, 607, 652, 504, 522, 542, 523, 553, 556, 563, 568, 572, 545, 526, 468, 560, 620, 664, 595, 611, 619, 689, 637, 560, 688, 621, 574, 541, 617, 645, 548, 621, 744, 566, 610, 604, 590, 540, 494, 637, 616, 498, 636, 591, 487, 421, 530, 617, 523, 558, 686, 695, 588, 518, 582, 537, 497, 580, 620, 562, 543, 591, 607, 436, 424, 508, 526, 551, 554, 542, 596, 539, 450, 520, 634, 628, 637, 562, 569, 618, 551, 630, 549, 602, 661, 620, 532, 569, 669, 634, 571, 530, 587, 585, 665, 549, 607, 610, 623, 661, 632, 612, 659, 578, 549, 671, 622, 662, 649, 623, 599, 699, 701, 553, 642, 723, 683, 620, 569, 721, 634, 649, 662, 676, 776, 609, 673, 819, 777, 988, 927, 1013, 1057, 827, 959, 1556, 1552, 1001, 791, 1050, 1188, 911, 826, 1553, 1584, 2101, 1465, 2882, 2784, 1829, 1515, 3660, 4030, 3930, 2381, 5051, 4614, 2753, 2502, 6917, 7829, 5277, 4192, 7879, 6148, 3147, 4613, 12142, 12767, 5980, 6885, 11067, 7337, 3406, 7132, 17269, 17160, 3096, 4694, 6866, 4068, 1794, 4804, 10620, 10107, 1005, 1709, 2568, 2003, 1075, 1656, 2934, 2607, 790, 1337, 1785, 1312, 716, 1114, 1911, 1757, 823, 1376, 1647, 1042, 695, 1150, 1896, 1718, 771, 754, 821, 790, 586, 788, 870, 854, 690, 626, 694, 694, 582, 622, 805, 864, 593, 630, 650, 602, 621, 602, 652, 699, 501, 621, 576, 583, 677, 667, 666, 547, 607, 638, 757, 796, 724, 542, 654, 662, 564, 582, 762, 702, 497, 519, 626, 595, 611, 576, 653, 682, 592, 553, 559, 527, 664, 652, 822, 843, 673, 683, 790, 755, 795, 733, 954, 1055, 768, 765, 899, 882, 1307, 1578, 1499, 1123, 1017, 937, 1240, 1127, 1464, 2101, 2903, 2172, 1098, 1510, 1730, 1785, 898, 1845, 3038, 2308, 728, 1041, 1290, 1600, 1255, 2130, 2276, 1510, 831, 910, 1259, 1073, 1503, 1939, 1876, 1495, 1118, 1359, 1335, 965, 1720, 2022, 1729, 1441, 1489, 1890, 1491, 901, 1749, 1880, 1489, 1182, 1362, 1825, 1433, 1098, 1192, 1018, 1009, 651, 1043, 1362, 1056, 1109, 722, 812, 748, 633, 930, 889, 822, 925, 751, 833, 692, 878, 782, 664, 938, 773, 631, 589, 528, 556, 611, 613, 676, 696, 581, 643, 685, 656, 582, 656, 659, 579, 618, 729, 879, 799, 643, 627, 752, 714, 747, 854, 837, 650, 610, 601, 655, 704, 848, 845, 683, 614, 685, 733, 611, 744, 758, 657, 745, 727, 647, 756, 852, 805, 504, 640, 731, 701, 573, 715, 864, 718, 665, 725, 1045, 958, 741, 704, 720, 856, 654, 601, 1049, 1000, 773, 586, 688, 883, 693, 631, 806, 828, 617, 589, 711, 781, 604, 535, 685, 715, 547, 631, 701, 623, 615, 644, 722, 712, 569, 613, 758, 670, 610, 654, 678, 709, 670, 503, 613, 656, 605, 524, 650, 648, 560, 510, 514, 645, 560, 550, 610, 523, 487, 440, 425, 531, 501, 582, 673, 582, 508, 597, 547, 454, 483, 524, 656, 621, 520, 539, 627, 589, 609, 566, 512, 587, 638, 601, 607, 591, 570, 598, 531, 653, 751, 672, 615, 574, 547, 528, 562, 685, 669, 568, 521, 486, 638, 612, 584, 576, 562, 574, 541, 536, 666, 681, 671, 623, 629, 682, 700, 687, 674, 670, 614, 662, 635, 641, 665, 663, 673, 675, 630, 669, 622, 606, 614, 549, 559, 573, 566, 667, 602, 562, 594, 545, 553, 593, 566, 635, 622, 580, 551, 582, 621, 564, 556, 648, 633, 581, 496, 536, 730, 742, 631, 619, 785, 724, 603, 551, 616, 637, 608, 550, 646, 616, 611, 623, 655, 702, 708, 645, 553, 560, 671, 656, 683, 674, 609, 624, 597, 552, 625, 666, 623, 652, 685, 674, 654, 626, 596, 662, 653, 530, 622, 698, 577, 637, 625, 618, 1003, 661, 1049, 1035, 622, 921, 844, 1008, 1248, 1166, 2061, 1471, 698, 1040, 1779, 2168, 969, 1419, 2060, 1253, 708, 1052, 2057, 2254, 602, 991, 1169, 755, 555, 734, 1208, 1152, 568, 578, 605, 579, 594, 578, 615, 579, 465, 525, 523, 499, 492, 589, 649, 584, 417, 392, 388, 434, 474, 498, 466, 443, 463, 407, 381, 517, 479, 410, 497, 458, 507, 502, 513, 531, 462, 453, 487, 528, 538, 494, 493, 498, 422, 472, 440, 507, 477, 402, 498, 463, 417, 458, 478, 527, 441, 408, 447, 425, 411, 487, 462, 442, 443, 397, 423, 478, 439, 447, 440, 498]"
0.7244607210159302,-0.33993589878082275,-0.25117427110671997,-0.0996730849146843,-0.36432236433029175,-0.2233111709356308,-0.1823868751525879,-0.10375964641571045,0.8717536926269531,23.75,-0.048541903495788574,0.8146762847900391,29.25,0.011682629585266113,1.0608673095703125,27.75,0.037288784980773926,1.0541439056396484,30.0,0.09551060199737549,0.8444309234619141,26.25,"[428, 558, 524, 551, 669, 547, 526, 558, 502, 526, 605, 639, 732, 603, 516, 652, 544, 508, 565, 578, 597, 617, 515, 601, 526, 522, 532, 490, 520, 492, 441, 509, 468, 434, 377, 435, 532, 428, 356, 457, 506, 464, 412, 534, 469, 411, 479, 533, 507, 528, 477, 585, 578, 456, 523, 519, 492, 478, 451, 533, 593, 462, 425, 499, 501, 486, 449, 473, 525, 400, 369, 490, 575, 572, 499, 433, 529, 543, 460, 548, 539, 474, 509, 507, 565, 446, 456, 620, 558, 475, 526, 592, 569, 572, 553, 575, 552, 567, 503, 544, 597, 567, 542, 544, 594, 514, 504, 560, 539, 535, 492, 589, 558, 478, 526, 553, 521, 485, 477, 560, 599, 518, 579, 578, 519, 456, 514, 562, 572, 527, 484, 525, 508, 516, 575, 578, 562, 566, 541, 563, 606, 619, 566, 564, 581, 582, 643, 688, 603, 565, 578, 589, 428, 498, 625, 600, 571, 597, 570, 504, 607, 545, 494, 617, 616, 541, 588, 549, 621, 618, 605, 618, 620, 546, 566, 565, 644, 568, 587, 676, 598, 559, 551, 561, 535, 588, 635, 581, 561, 612, 552, 530, 506, 572, 555, 493, 511, 492, 473, 513, 543, 616, 522, 446, 514, 502, 478, 453, 478, 551, 554, 514, 590, 515, 483, 551, 496, 547, 525, 525, 575, 513, 471, 544, 550, 544, 469, 476, 569, 564, 492, 554, 613, 570, 507, 554, 561, 544, 552, 589, 603, 608, 488, 492, 642, 589, 504, 518, 534, 577, 511, 512, 659, 633, 431, 423, 574, 531, 440, 486, 576, 517, 439, 451, 488, 522, 569, 494, 517, 520, 547, 494, 490, 520, 624, 591, 527, 590, 619, 581, 552, 574, 650, 644, 536, 625, 614, 553, 500, 389, 499, 589, 475, 459, 553, 603, 612, 598, 577, 569, 502, 524, 562, 550, 473, 637, 672, 553, 538, 589, 587, 503, 477, 530, 519, 512, 550, 491, 465, 423, 536, 479, 498, 524, 477, 493, 509, 521, 595, 589, 581, 588, 573, 559, 595, 617, 669, 674, 588, 575, 638, 754, 597, 524, 689, 616, 517, 582, 566, 621, 580, 605, 579, 609, 530, 573, 589, 534, 548, 551, 539, 522, 626, 667, 549, 600, 728, 637, 602, 515, 609, 641, 566, 547, 555, 649, 582, 565, 577, 612, 602, 649, 580, 577, 546, 567, 642, 558, 512, 582, 631, 651, 604, 659, 664, 517, 558, 649, 583, 591, 707, 754, 739, 715, 692, 803, 899, 726, 1051, 701, 851, 1037, 977, 726, 1190, 1435, 1658, 969, 1570, 1832, 1551, 1006, 2067, 2535, 4517, 3529, 5959, 5238, 3451, 3543, 8572, 9148, 8182, 6228, 11150, 9582, 5849, 6440, 16483, 17545, 7079, 5144, 9363, 8524, 5131, 5377, 13789, 14754, 5250, 6921, 8744, 6121, 3473, 7098, 14367, 13612, 4875, 10327, 12229, 6616, 2950, 10360, 20033, 17328, 3534, 7181, 9191, 4984, 2079, 7114, 15007, 13632, 1930, 2762, 4094, 2527, 1145, 2494, 5724, 5647, 1102, 1177, 1915, 1429, 711, 942, 2130, 2338, 660, 708, 928, 748, 560, 609, 1064, 1128, 622, 654, 827, 805, 540, 617, 800, 801, 525, 538, 712, 686, 482, 551, 694, 697, 567, 499, 580, 600, 592, 522, 635, 703, 631, 554, 639, 636, 627, 602, 665, 735, 524, 545, 597, 609, 570, 507, 557, 592, 616, 507, 499, 731, 708, 559, 593, 612, 793, 715, 633, 659, 567, 579, 600, 622, 993, 776, 702, 836, 751, 727, 547, 783, 993, 908, 703, 713, 741, 774, 655, 728, 699, 753, 746, 755, 640, 649, 698, 680, 877, 927, 778, 683, 732, 675, 689, 714, 1331, 2004, 1593, 732, 789, 952, 1189, 812, 1372, 2278, 2218, 1171, 747, 1295, 1596, 1094, 1213, 1941, 2285, 1673, 1057, 1456, 1644, 1226, 1387, 1946, 2118, 1667, 1247, 1555, 1709, 1263, 1320, 1753, 1783, 1580, 1483, 1473, 1464, 1152, 1124, 1092, 1226, 1353, 1107, 991, 1133, 1045, 1087, 778, 890, 1090, 917, 891, 842, 959, 847, 737, 886, 932, 830, 744, 772, 893, 781, 793, 749, 745, 703, 798, 767, 776, 605, 594, 780, 771, 645, 686, 654, 626, 843, 628, 650, 732, 783, 772, 529, 763, 826, 820, 844, 730, 686, 858, 735, 751, 670, 765, 741, 630, 577, 706, 810, 752, 616, 692, 743, 590, 563, 596, 844, 827, 815, 697, 686, 700, 721, 628, 670, 839, 880, 743, 935, 884, 684, 705, 829, 1023, 831, 828, 950, 906, 719, 635, 868, 962, 669, 764, 755, 676, 661, 677, 762, 698, 627, 734, 732, 640, 695, 707, 688, 660, 579, 638, 638, 592, 606, 524, 612, 623, 682, 603, 613, 719, 557, 582, 600, 588, 692, 602, 661, 676, 569, 624, 589, 679, 662, 646, 712, 715, 576, 593, 626, 695, 667, 637, 657, 670, 588, 645, 772, 740, 671, 643, 572, 604, 612, 620, 690, 679, 628, 610, 586, 618, 534, 468, 540, 585, 706, 660, 597, 645, 626, 571, 534, 651, 760, 630, 625, 848, 894, 691, 731, 758, 688, 662, 600, 760, 759, 665, 634, 572, 627, 638, 616, 647, 686, 663, 659, 679, 652, 536, 574, 702, 712, 555, 577, 631, 553, 631, 591, 670, 698, 637, 600, 597, 601, 758, 766, 650, 647, 676, 643, 624, 662, 816, 741, 609, 681, 770, 762, 606, 690, 769, 722, 618, 596, 689, 779, 740, 695, 647, 650, 629, 574, 566, 638, 659, 714, 712, 723, 666, 557, 695, 658, 581, 550, 542, 655, 571, 522, 624, 706, 656, 665, 573, 547, 568, 585, 608, 674, 684, 637, 583, 573, 633, 609, 633, 578, 591, 583, 619, 765, 620, 548, 626, 699, 741, 578, 617, 735, 681, 580, 606, 686, 682, 605, 677, 912, 771, 636, 651, 792, 783, 702, 680, 817, 717, 710, 646, 733, 867, 682, 690, 869, 892, 814, 687, 725, 828, 589, 617, 781, 880, 772, 602, 686, 650, 490, 466, 647, 754, 614, 454, 568, 577, 468, 466, 477, 488, 512, 446, 513, 593, 470, 476, 510, 567, 583, 539, 516, 551, 478, 485, 444, 451, 448, 482, 471, 458, 468, 526, 529, 553, 544, 442, 541, 518, 482, 457, 524, 528, 493, 404, 490, 512, 437, 529, 558, 443, 438, 423, 508, 476, 464, 529, 447, 422, 419, 476, 526, 493, 371, 386, 440, 469, 438, 473, 557, 464]"
0.7338384389877319,-0.39847803115844727,-0.3647642135620117,-0.09673215448856354,-0.4670414626598358,-0.41375792026519775,-0.20473630726337433,-1.2614706754684448,1.6895771026611328,20.25,-0.2538183927536011,1.0291099548339844,25.25,-0.21319186687469482,1.0766029357910156,28.25,-0.20417964458465576,0.9068012237548828,23.5,-0.1093367338180542,0.9050846099853516,-31.25,"[474, 561, 600, 570, 590, 569, 601, 564, 508, 623, 576, 621, 650, 656, 655, 572, 575, 562, 612, 591, 624, 589, 606, 585, 523, 559, 605, 554, 491, 508, 564, 592, 562, 599, 544, 581, 611, 538, 522, 525, 577, 494, 477, 571, 611, 531, 517, 576, 530, 498, 513, 557, 595, 471, 481, 571, 564, 534, 550, 615, 579, 522, 496, 516, 536, 573, 513, 506, 614, 672, 575, 496, 622, 626, 553, 471, 533, 595, 545, 492, 593, 476, 453, 455, 531, 558, 458, 534, 568, 535, 523, 496, 530, 550, 503, 506, 435, 501, 498, 489, 505, 525, 521, 500, 469, 557, 568, 563, 557, 544, 633, 615, 569, 586, 593, 589, 562, 473, 524, 567, 510, 475, 527, 615, 548, 462, 545, 510, 518, 497, 591, 592, 469, 547, 532, 543, 574, 553, 589, 625, 545, 598, 636, 647, 541, 569, 647, 627, 585, 621, 669, 673, 530, 550, 659, 596, 556, 537, 582, 556, 560, 547, 567, 599, 552, 484, 426, 573, 581, 652, 615, 517, 613, 529, 557, 647, 665, 641, 626, 588, 499, 499, 470, 581, 652, 640, 536, 584, 594, 569, 509, 559, 499, 550, 459, 450, 567, 540, 539, 511, 519, 499, 497, 452, 515, 550, 541, 562, 572, 500, 535, 523, 522, 574, 556, 562, 596, 513, 464, 576, 613, 572, 526, 511, 470, 446, 418, 544, 621, 523, 578, 532, 514, 432, 520, 599, 622, 562, 521, 594, 660, 534, 528, 603, 649, 678, 578, 580, 627, 625, 684, 624, 620, 672, 593, 573, 534, 598, 542, 540, 526, 538, 546, 467, 589, 632, 482, 530, 578, 580, 523, 405, 536, 518, 432, 518, 638, 684, 649, 474, 590, 508, 538, 626, 610, 628, 587, 575, 583, 488, 603, 625, 580, 588, 552, 593, 548, 571, 588, 570, 612, 537, 583, 650, 480, 559, 617, 554, 515, 530, 601, 630, 559, 574, 579, 609, 601, 588, 587, 597, 591, 655, 609, 556, 655, 611, 587, 575, 591, 700, 590, 626, 646, 654, 613, 568, 590, 650, 657, 661, 671, 658, 593, 582, 534, 602, 655, 650, 657, 656, 707, 688, 569, 575, 577, 659, 575, 668, 687, 583, 579, 640, 541, 564, 642, 621, 722, 581, 564, 558, 594, 589, 615, 635, 683, 591, 712, 954, 1118, 1250, 841, 1091, 1773, 1618, 2061, 2118, 3293, 3408, 1862, 2521, 6112, 5883, 3508, 2803, 4679, 5131, 3109, 3434, 8983, 8994, 2711, 2646, 4001, 4142, 2433, 3130, 6717, 6520, 5549, 7322, 10218, 6972, 3817, 7520, 16656, 15819, 12398, 11908, 19443, 12760, 7973, 11694, 30477, 31413, 10812, 8370, 15417, 10581, 6827, 7937, 23274, 25197, 3672, 3364, 5862, 4545, 2668, 2987, 8260, 8821, 1721, 2681, 4192, 3122, 1377, 2086, 4670, 4690, 3173, 3709, 5999, 4045, 1648, 2744, 6994, 7524, 2872, 3607, 5848, 3909, 1551, 2862, 7147, 7556, 2249, 3339, 5144, 3475, 1399, 2455, 5882, 6144, 1592, 3955, 5292, 3289, 1102, 2787, 5853, 5441, 841, 2392, 2599, 1525, 638, 1904, 3080, 2401, 614, 928, 1078, 844, 601, 770, 1155, 1075, 679, 942, 1059, 804, 652, 791, 1229, 1156, 607, 892, 934, 682, 646, 712, 972, 912, 548, 783, 788, 613, 658, 645, 739, 696, 715, 705, 821, 762, 750, 633, 603, 783, 739, 861, 862, 754, 751, 728, 684, 769, 925, 929, 801, 678, 771, 821, 681, 786, 894, 896, 731, 761, 805, 908, 880, 730, 659, 751, 649, 696, 676, 798, 860, 635, 643, 703, 746, 680, 648, 709, 724, 620, 970, 1557, 1636, 1013, 692, 1001, 1000, 798, 2045, 3721, 3485, 1784, 1347, 2382, 2740, 1560, 5122, 7932, 6885, 4332, 2840, 4497, 5475, 3060, 5533, 7884, 7184, 5156, 3460, 4189, 5217, 3404, 3541, 5160, 4381, 3108, 2452, 2583, 3606, 2450, 3504, 4821, 4621, 3073, 2251, 3025, 3289, 2983, 2601, 3447, 3596, 2536, 1916, 2033, 2188, 2257, 1490, 1758, 1734, 1392, 1077, 1167, 1315, 1285, 1058, 1144, 1158, 1084, 894, 1030, 1043, 947, 891, 744, 798, 871, 777, 829, 788, 886, 833, 818, 837, 803, 788, 849, 812, 781, 874, 747, 742, 863, 980, 883, 726, 786, 894, 762, 711, 848, 895, 871, 816, 811, 813, 737, 736, 871, 651, 726, 831, 840, 951, 962, 906, 802, 799, 927, 991, 800, 818, 998, 914, 764, 836, 806, 881, 761, 628, 870, 873, 741, 794, 753, 736, 652, 711, 868, 851, 765, 731, 703, 763, 701, 812, 802, 813, 761, 652, 673, 740, 801, 750, 705, 770, 681, 672, 747, 902, 973, 754, 659, 632, 673, 737, 689, 766, 884, 742, 694, 604, 666, 630, 612, 579, 613, 635, 616, 614, 638, 677, 666, 644, 613, 699, 587, 611, 651, 624, 661, 585, 713, 640, 563, 558, 551, 584, 661, 599, 575, 509, 506, 548, 545, 541, 568, 628, 564, 641, 514, 530, 587, 615, 586, 598, 692, 717, 579, 579, 575, 608, 689, 623, 704, 683, 619, 571, 581, 558, 704, 620, 627, 776, 596, 568, 774, 701, 598, 633, 682, 800, 649, 632, 836, 803, 617, 644, 746, 743, 713, 727, 825, 762, 622, 730, 731, 682, 665, 602, 668, 663, 590, 589, 609, 589, 569, 548, 616, 637, 555, 567, 569, 559, 610, 592, 574, 630, 544, 624, 674, 666, 716, 667, 559, 588, 626, 625, 630, 616, 599, 644, 670, 603, 698, 742, 693, 547, 501, 573, 662, 635, 559, 575, 639, 619, 600, 553, 592, 609, 630, 552, 560, 584, 664, 694, 641, 729, 779, 668, 574, 655, 725, 817, 696, 739, 773, 763, 718, 876, 879, 898, 886, 694, 787, 988, 789, 996, 893, 911, 957, 630, 884, 951, 850, 910, 808, 928, 788, 683, 742, 857, 1031, 709, 888, 1059, 807, 653, 676, 1101, 1192, 704, 799, 790, 689, 639, 691, 942, 928, 622, 695, 671, 709, 678, 665, 814, 795, 730, 554, 567, 667, 691, 559, 639, 782, 609, 515, 664, 676, 636, 592, 654, 738, 548, 541, 642, 606, 563, 543, 614, 657, 518, 472, 619, 702, 611, 548, 591, 579, 512, 440, 530, 607, 542, 456, 506, 556, 515, 435, 441, 475, 428, 397, 536, 608, 443, 391, 493, 480, 309, 316, 538, 562, 526, 502, 520, 505, 449, 533, 638, 607, 378, 436, 491, 408, 401, 357, 420, 487, 444, 557, 507, 416, 431, 437, 434, 415]"
0.6321026682853699,-0.3618103265762329,-0.23380979895591736,-0.3407815098762512,-0.3358632028102875,-0.17349761724472046,-0.4471239447593689,-1.292021632194519,1.4402389526367188,18.0,-0.018580317497253418,0.6405830383300781,18.0,0.1088782548904419,0.23374557495117188,15.5,0.22174561023712158,0.4627704620361328,16.75,0.4434748888015747,0.1380443572998047,17.25,"[503, 574, 643, 670, 571, 672, 639, 566, 538, 460, 538, 692, 642, 617, 601, 589, 533, 544, 534, 546, 539, 465, 467, 511, 553, 617, 519, 464, 545, 504, 535, 503, 474, 533, 503, 580, 574, 533, 557, 548, 481, 461, 438, 520, 601, 506, 420, 463, 610, 552, 511, 525, 557, 554, 530, 509, 638, 480, 428, 559, 534, 486, 443, 555, 584, 543, 594, 557, 516, 497, 515, 600, 527, 505, 507, 522, 493, 481, 481, 521, 479, 561, 523, 480, 506, 510, 475, 411, 655, 579, 571, 586, 625, 531, 593, 667, 523, 461, 499, 498, 441, 483, 562, 583, 603, 546, 560, 510, 576, 514, 494, 586, 564, 543, 436, 520, 556, 451, 453, 545, 601, 615, 548, 523, 540, 529, 576, 462, 519, 513, 533, 537, 559, 515, 484, 509, 493, 549, 589, 459, 467, 540, 523, 535, 520, 598, 590, 523, 551, 624, 594, 508, 565, 559, 591, 593, 588, 618, 486, 526, 505, 551, 638, 618, 515, 515, 596, 599, 487, 591, 577, 480, 506, 516, 497, 489, 522, 501, 478, 457, 558, 514, 394, 477, 517, 549, 551, 531, 531, 518, 523, 520, 470, 636, 630, 603, 544, 506, 567, 515, 559, 605, 589, 610, 567, 556, 542, 548, 492, 546, 528, 457, 512, 579, 542, 519, 495, 519, 547, 566, 527, 464, 524, 562, 574, 560, 547, 511, 495, 512, 485, 521, 534, 591, 609, 558, 598, 598, 580, 557, 587, 643, 556, 507, 610, 624, 589, 558, 489, 468, 539, 472, 519, 583, 513, 554, 563, 512, 538, 508, 519, 554, 524, 570, 648, 561, 472, 506, 581, 534, 488, 540, 582, 594, 582, 551, 603, 606, 598, 546, 592, 650, 559, 506, 628, 612, 575, 551, 567, 552, 505, 553, 626, 601, 431, 474, 644, 540, 431, 527, 568, 547, 543, 537, 620, 650, 602, 530, 553, 635, 613, 568, 677, 674, 626, 604, 591, 610, 667, 672, 680, 616, 545, 649, 673, 607, 621, 660, 632, 549, 567, 601, 662, 627, 606, 636, 618, 609, 680, 741, 679, 684, 787, 733, 757, 1106, 1342, 1329, 787, 1357, 2202, 1933, 1531, 1879, 2585, 2375, 1343, 2173, 4368, 4031, 2106, 2359, 3437, 2891, 1648, 2715, 5937, 5657, 1889, 1748, 2601, 2444, 1510, 2161, 4735, 4618, 1166, 1308, 1766, 1665, 1041, 1608, 3048, 2803, 890, 1112, 1436, 1318, 752, 1276, 2215, 2056, 2930, 2878, 3660, 2684, 1966, 3353, 6311, 6081, 6526, 6154, 9063, 6301, 4310, 6566, 14572, 14717, 6221, 5617, 8915, 6757, 4293, 5858, 13915, 14281, 3064, 2131, 3720, 3550, 2269, 2494, 5929, 6267, 1030, 928, 1280, 1444, 975, 865, 1561, 1634, 803, 898, 967, 902, 676, 637, 723, 824, 1597, 997, 2021, 1680, 860, 678, 2132, 2728, 2226, 2092, 3963, 2843, 1126, 1520, 4361, 4998, 2592, 3224, 5515, 3572, 1331, 2348, 6545, 7018, 2089, 4358, 6222, 3582, 1206, 3233, 7688, 7540, 2966, 6211, 8893, 5400, 1580, 4398, 10117, 10021, 2865, 7511, 9721, 5382, 1556, 4932, 10747, 10111, 2061, 4863, 5579, 2803, 1085, 3332, 6490, 5630, 1480, 2320, 2375, 1388, 962, 1844, 2848, 2351, 1058, 1034, 1038, 903, 809, 924, 1111, 1195, 731, 821, 837, 784, 688, 813, 877, 755, 712, 853, 964, 845, 629, 650, 738, 666, 847, 936, 974, 781, 630, 832, 847, 852, 829, 987, 961, 661, 624, 843, 892, 801, 841, 856, 763, 597, 611, 763, 813, 754, 704, 753, 823, 630, 565, 752, 726, 675, 1347, 2307, 2789, 1721, 1156, 1498, 1365, 1467, 3082, 6341, 6964, 3943, 2254, 3076, 2845, 2914, 4414, 8091, 7712, 3985, 2858, 3504, 3618, 3200, 3942, 5965, 5228, 3037, 2633, 3002, 3418, 2381, 2239, 4102, 4268, 2602, 1750, 2567, 2780, 2008, 2087, 3527, 3460, 1810, 1303, 2323, 2670, 1900, 2296, 3113, 2950, 1885, 1236, 2476, 2513, 1840, 2661, 3800, 3352, 1698, 1377, 2325, 2447, 1732, 2407, 3517, 2850, 1323, 1374, 1886, 2067, 1274, 1487, 2079, 1700, 976, 1026, 1109, 1289, 976, 1041, 1372, 1328, 975, 884, 920, 836, 763, 883, 1327, 1258, 796, 583, 699, 842, 707, 870, 1133, 986, 680, 650, 831, 884, 682, 781, 826, 852, 704, 676, 708, 855, 850, 760, 847, 961, 852, 671, 709, 908, 867, 655, 838, 941, 783, 727, 728, 922, 849, 656, 846, 828, 650, 694, 733, 785, 747, 584, 677, 714, 599, 564, 774, 844, 608, 688, 641, 690, 671, 594, 668, 935, 901, 824, 733, 731, 690, 693, 716, 960, 1004, 722, 727, 701, 643, 694, 661, 805, 801, 666, 626, 656, 679, 649, 680, 639, 674, 764, 643, 651, 672, 610, 663, 670, 700, 747, 589, 626, 712, 676, 676, 580, 729, 710, 641, 577, 601, 749, 642, 575, 731, 745, 822, 714, 660, 725, 740, 783, 797, 683, 708, 739, 717, 571, 597, 748, 711, 657, 696, 651, 647, 653, 694, 688, 616, 861, 857, 698, 645, 688, 711, 616, 755, 926, 860, 650, 709, 731, 773, 666, 777, 689, 691, 744, 717, 604, 638, 701, 757, 647, 649, 713, 777, 755, 628, 755, 782, 988, 696, 1047, 1179, 1085, 668, 1425, 1701, 1796, 846, 1592, 1964, 1720, 834, 2657, 3219, 2080, 922, 1616, 1733, 1663, 849, 2242, 3082, 2279, 1092, 1462, 1997, 1655, 766, 1432, 2489, 1397, 1108, 1025, 1383, 1203, 1061, 1144, 1206, 829, 961, 1163, 1275, 740, 1164, 1623, 1278, 764, 798, 999, 1027, 705, 927, 1084, 949, 887, 799, 848, 837, 712, 742, 1006, 1109, 987, 970, 998, 935, 896, 987, 1145, 1250, 741, 845, 926, 917, 790, 947, 1105, 982, 651, 896, 1042, 920, 674, 803, 1087, 955, 686, 783, 903, 913, 760, 633, 901, 921, 630, 832, 880, 656, 617, 767, 975, 776, 644, 892, 937, 595, 540, 779, 1298, 1226, 679, 843, 1010, 709, 578, 734, 1412, 1431, 772, 676, 734, 763, 651, 656, 1051, 1107, 874, 731, 769, 737, 639, 784, 937, 996, 1008, 778, 997, 841, 674, 844, 1039, 1237, 748, 833, 1004, 818, 699, 784, 1045, 1009, 616, 647, 654, 660, 648, 643, 596, 596, 581, 599, 540, 548, 567, 556, 561, 578, 420, 464, 500, 468, 435, 472, 536, 512, 372, 417, 461, 450, 413, 484, 522, 458, 480, 479, 595, 505, 460, 518, 596, 611, 434, 491, 500, 433, 404, 465, 550, 508, 573, 550, 587, 473, 454, 444, 596, 656]"
0.6316083669662476,-0.5228648781776428,-0.37510019540786743,-0.3037089407444,-0.574713945388794,-0.4128884971141815,-0.3923001289367676,-0.3997068405151367,0.8567333221435547,18.25,-0.31316089630126953,0.74615478515625,25.5,-0.22933292388916016,0.6480216979980469,18.5,-0.1875619888305664,0.5624771118164062,25.0,0.2614755630493164,2.4044036865234375,16.5,"[522, 545, 485, 631, 668, 634, 483, 544, 530, 504, 588, 667, 676, 632, 550, 588, 464, 527, 530, 452, 531, 598, 508, 444, 487, 551, 450, 379, 461, 468, 433, 423, 474, 540, 551, 560, 490, 484, 467, 480, 519, 535, 556, 537, 506, 456, 449, 490, 511, 534, 603, 586, 489, 487, 558, 548, 457, 502, 614, 575, 518, 500, 604, 522, 516, 453, 563, 626, 521, 491, 580, 551, 590, 520, 585, 505, 479, 520, 574, 592, 628, 531, 589, 579, 554, 591, 589, 643, 688, 662, 668, 610, 625, 576, 511, 598, 600, 556, 654, 678, 608, 495, 559, 608, 453, 494, 535, 556, 480, 452, 520, 535, 574, 521, 492, 578, 607, 563, 556, 556, 580, 543, 495, 540, 624, 518, 514, 583, 533, 583, 564, 484, 527, 511, 555, 584, 496, 491, 606, 574, 518, 506, 575, 538, 520, 526, 595, 582, 480, 576, 608, 550, 577, 554, 529, 570, 539, 494, 416, 517, 569, 437, 463, 555, 568, 437, 532, 597, 534, 489, 539, 600, 614, 493, 522, 604, 576, 603, 604, 633, 674, 595, 607, 577, 569, 538, 582, 597, 560, 504, 572, 586, 595, 547, 578, 507, 542, 548, 498, 570, 593, 610, 518, 511, 569, 640, 603, 550, 448, 587, 569, 461, 519, 589, 591, 487, 481, 541, 542, 468, 448, 435, 495, 491, 506, 555, 543, 437, 412, 479, 497, 513, 515, 508, 550, 547, 506, 570, 533, 494, 484, 491, 618, 633, 569, 626, 554, 488, 518, 636, 633, 569, 611, 606, 594, 566, 485, 552, 579, 469, 422, 492, 495, 516, 687, 550, 525, 594, 567, 541, 472, 648, 602, 533, 525, 587, 517, 465, 493, 565, 556, 477, 506, 607, 545, 510, 551, 592, 484, 457, 496, 528, 462, 503, 510, 487, 461, 443, 502, 476, 518, 551, 487, 503, 641, 749, 762, 568, 625, 781, 768, 707, 1500, 2478, 2974, 1727, 1038, 2420, 4391, 3927, 2745, 5102, 6870, 3815, 1606, 4725, 9983, 9261, 2474, 4807, 6682, 3852, 1548, 4354, 9384, 8775, 1407, 2064, 3118, 2222, 1005, 2000, 4200, 4022, 1212, 1139, 1684, 1507, 991, 1238, 2148, 2222, 1024, 935, 1309, 1112, 844, 849, 1445, 1585, 744, 748, 814, 777, 643, 675, 871, 891, 957, 708, 835, 865, 695, 689, 945, 1135, 2070, 1086, 2254, 1943, 1400, 1025, 2651, 3387, 2504, 1614, 3183, 2660, 1763, 1375, 4069, 4792, 1667, 1549, 2392, 1880, 1223, 1391, 3003, 3241, 913, 1216, 1553, 1125, 744, 1171, 1767, 1646, 847, 1266, 1300, 944, 703, 944, 1137, 1109, 1326, 2709, 2647, 1344, 913, 1421, 1857, 1237, 2227, 5308, 5258, 2404, 1338, 2505, 4034, 2782, 2098, 5238, 5312, 2412, 1205, 2445, 4082, 2963, 1402, 2860, 2863, 1446, 946, 1469, 2266, 1740, 1693, 3408, 3854, 2346, 1086, 2137, 3582, 3136, 2984, 6613, 7785, 4308, 1535, 3954, 7561, 6699, 3156, 7361, 8518, 4720, 1459, 4673, 9012, 8105, 2134, 4518, 5100, 2924, 1066, 3236, 5944, 5144, 1279, 2364, 2838, 1946, 926, 1816, 2895, 2567, 1177, 2294, 2870, 1867, 784, 1539, 2661, 2447, 1006, 2055, 2456, 1451, 629, 1344, 2161, 1842, 808, 1581, 1678, 967, 561, 1095, 1526, 1197, 706, 1086, 1142, 807, 666, 808, 929, 851, 1167, 1414, 1468, 1106, 864, 704, 785, 1048, 1208, 1567, 1549, 1215, 938, 737, 730, 983, 2106, 2526, 1820, 1242, 1322, 1365, 1266, 1082, 4000, 4678, 2776, 1653, 2097, 2083, 2219, 1551, 5658, 6496, 4475, 3332, 3086, 3446, 3721, 2561, 5539, 7296, 6384, 4262, 3140, 3995, 4376, 3143, 4578, 7859, 7061, 3588, 2565, 3434, 3982, 2787, 3325, 6196, 5678, 2524, 1839, 2642, 3092, 1960, 1415, 2800, 2871, 1589, 1069, 1684, 1674, 1259, 1170, 1699, 1703, 1012, 904, 1279, 1237, 986, 871, 1330, 1323, 847, 741, 955, 1199, 1026, 1008, 1240, 1071, 771, 733, 1002, 1183, 923, 1096, 1271, 1096, 842, 890, 965, 987, 862, 885, 1292, 1355, 868, 713, 938, 1136, 1008, 771, 1390, 1455, 980, 787, 1134, 1600, 1323, 762, 1489, 1584, 978, 779, 1154, 1686, 1376, 818, 1072, 1194, 918, 859, 738, 1111, 1104, 790, 889, 922, 738, 746, 732, 771, 721, 784, 863, 810, 634, 648, 772, 818, 693, 726, 852, 718, 540, 625, 748, 828, 707, 586, 686, 718, 655, 523, 580, 713, 669, 615, 753, 825, 744, 666, 641, 690, 630, 722, 915, 906, 689, 704, 718, 657, 607, 752, 947, 838, 590, 795, 812, 553, 547, 750, 849, 756, 744, 873, 903, 753, 677, 897, 731, 744, 948, 963, 678, 752, 998, 971, 616, 725, 945, 983, 773, 634, 926, 806, 604, 536, 716, 766, 615, 559, 762, 711, 711, 733, 770, 756, 678, 726, 711, 795, 646, 762, 796, 684, 655, 753, 862, 651, 666, 720, 755, 736, 604, 647, 712, 588, 577, 724, 820, 702, 557, 674, 679, 656, 624, 664, 719, 598, 644, 793, 665, 814, 717, 650, 727, 634, 751, 763, 643, 779, 683, 736, 836, 739, 700, 806, 870, 794, 695, 737, 875, 736, 701, 801, 829, 768, 716, 605, 748, 693, 599, 627, 738, 697, 779, 702, 743, 722, 736, 866, 860, 1367, 1337, 2081, 1989, 1219, 1324, 2855, 2922, 2471, 1669, 3264, 3444, 2181, 1573, 4529, 4987, 1758, 1132, 2242, 2408, 1544, 1005, 2856, 3260, 896, 825, 1141, 1101, 713, 653, 1291, 1340, 1069, 1206, 1777, 1410, 842, 969, 1984, 2163, 853, 1495, 1963, 1399, 827, 1178, 1969, 1875, 1016, 1339, 1726, 1364, 836, 1226, 1778, 1668, 1238, 1053, 1316, 1300, 991, 927, 1594, 1782, 1164, 1014, 1008, 1088, 968, 801, 1291, 1451, 1233, 1101, 1083, 1082, 1081, 1009, 1410, 1518, 1412, 1208, 1142, 1126, 1106, 1111, 1437, 1542, 1186, 958, 908, 907, 896, 840, 1062, 1214, 757, 713, 875, 806, 652, 810, 921, 951, 751, 671, 843, 784, 618, 701, 1049, 1053, 932, 863, 1036, 896, 746, 803, 1155, 1206, 872, 973, 1102, 880, 606, 807, 1154, 1119, 826, 942, 960, 787, 644, 705, 845, 863, 663, 802, 725, 583, 546, 754, 780, 610, 697, 702, 716, 693, 561, 589, 740, 664, 476, 607, 646, 592, 503, 498, 550, 467, 583, 679, 589, 493, 524, 553, 498, 492, 542, 535, 570, 472, 432, 475, 526, 538, 604, 629, 518, 415, 459, 627, 590, 521, 523, 643, 523, 426, 450, 650, 657, 478, 546, 565, 500, 494, 443, 574, 658, 515]"
0.19805757701396942,-0.7418245077133179,-0.05935770273208618,-1.1893956661224365,-0.6931034326553345,0.04837532341480255,-1.269951343536377,-0.19220781326293945,-0.08540153503417969,17.25,-0.15444231033325195,-0.17251968383789062,23.75,-0.07705163955688477,0.0,16.0,-0.06904077529907227,0.09584426879882812,19.0,-0.06703805923461914,0.0,17.0,"[524, 602, 686, 609, 625, 606, 689, 604, 529, 591, 612, 574, 586, 641, 677, 542, 559, 620, 513, 497, 543, 646, 615, 498, 551, 637, 562, 469, 580, 700, 578, 472, 629, 574, 493, 528, 606, 590, 451, 497, 566, 503, 501, 563, 553, 496, 432, 516, 522, 484, 503, 560, 528, 413, 509, 553, 619, 588, 530, 512, 513, 548, 594, 612, 562, 469, 435, 500, 502, 515, 531, 493, 598, 505, 610, 671, 516, 523, 569, 575, 564, 599, 563, 511, 563, 625, 568, 496, 596, 616, 538, 522, 607, 700, 693, 595, 659, 611, 473, 533, 582, 617, 612, 578, 519, 535, 495, 526, 541, 565, 589, 529, 508, 450, 404, 467, 530, 530, 474, 494, 588, 538, 467, 498, 525, 506, 455, 507, 525, 498, 430, 404, 418, 449, 446, 485, 553, 599, 583, 571, 581, 606, 633, 574, 564, 533, 580, 576, 617, 621, 606, 614, 562, 563, 575, 618, 593, 592, 647, 638, 649, 600, 572, 532, 633, 618, 590, 598, 559, 564, 596, 600, 646, 635, 547, 589, 635, 552, 535, 600, 588, 621, 647, 677, 506, 538, 607, 649, 609, 549, 585, 584, 513, 521, 505, 520, 528, 565, 574, 542, 496, 519, 532, 522, 506, 537, 582, 507, 578, 597, 589, 588, 612, 598, 619, 537, 589, 580, 553, 576, 608, 572, 548, 545, 525, 559, 640, 614, 510, 595, 620, 559, 533, 472, 638, 593, 525, 580, 556, 566, 621, 523, 625, 590, 530, 556, 585, 648, 592, 528, 646, 585, 602, 637, 622, 658, 595, 610, 605, 505, 509, 530, 546, 565, 517, 487, 528, 465, 509, 538, 514, 536, 570, 516, 516, 509, 609, 559, 532, 572, 634, 666, 730, 629, 575, 633, 959, 998, 818, 2774, 3156, 1506, 524, 2278, 4281, 3668, 1733, 6984, 7142, 3163, 894, 5468, 9025, 6681, 2545, 7295, 6861, 2863, 1191, 5513, 8326, 5477, 1744, 3966, 3560, 1560, 966, 2890, 4016, 2491, 1046, 2473, 3001, 1779, 780, 2210, 3908, 3335, 1874, 6804, 8456, 4612, 1036, 4841, 9582, 8435, 1650, 7537, 8852, 4495, 812, 5271, 10116, 8520, 1019, 3930, 4272, 2092, 691, 2822, 5054, 3971, 939, 2042, 1969, 939, 634, 1608, 2475, 1771, 938, 1550, 1218, 554, 685, 1245, 1543, 1067, 685, 702, 666, 664, 670, 773, 872, 783, 718, 790, 750, 659, 598, 646, 822, 745, 722, 836, 744, 566, 590, 729, 795, 656, 785, 984, 912, 752, 681, 802, 876, 771, 1755, 3311, 3154, 1612, 910, 1935, 2931, 2188, 4006, 8123, 7391, 3180, 1712, 4709, 7035, 4711, 4469, 9254, 8302, 3422, 1856, 5365, 8046, 5319, 2826, 5466, 4650, 1873, 1199, 3188, 4743, 3058, 1287, 2143, 1808, 897, 695, 1357, 1855, 1300, 830, 1213, 1140, 721, 631, 981, 1037, 753, 739, 975, 932, 635, 597, 815, 863, 606, 955, 1421, 1387, 1005, 757, 947, 1074, 840, 1235, 1799, 1707, 1139, 867, 1173, 1284, 1123, 1318, 1769, 1524, 949, 808, 962, 1132, 988, 1274, 1937, 1611, 832, 975, 959, 1092, 841, 1718, 2669, 2392, 1071, 1376, 1526, 1512, 958, 1797, 3316, 3117, 1390, 1322, 1572, 1754, 1204, 1860, 3777, 3457, 1341, 1384, 1378, 1585, 1154, 1396, 2478, 2138, 946, 1044, 967, 1150, 875, 974, 1139, 919, 745, 774, 759, 859, 766, 1236, 1771, 1512, 854, 891, 974, 1048, 809, 1955, 3458, 2942, 1147, 1308, 1463, 1580, 1020, 1748, 3184, 2750, 1026, 1093, 1327, 1503, 899, 1037, 1483, 1288, 763, 748, 898, 911, 729, 1035, 1546, 1423, 795, 818, 1052, 1124, 854, 1014, 1524, 1261, 808, 875, 966, 1046, 818, 842, 1259, 1069, 676, 691, 892, 955, 615, 859, 1095, 945, 698, 717, 823, 844, 658, 855, 1105, 908, 717, 715, 734, 653, 617, 877, 1266, 1040, 686, 785, 741, 695, 575, 805, 1096, 1128, 785, 784, 845, 868, 799, 745, 1053, 1149, 772, 668, 822, 937, 779, 677, 1078, 1118, 780, 734, 832, 799, 698, 646, 876, 867, 683, 670, 654, 746, 740, 590, 830, 804, 648, 706, 702, 766, 742, 823, 1163, 1142, 761, 795, 863, 748, 716, 1007, 1215, 1187, 774, 984, 862, 823, 858, 985, 1210, 1032, 717, 999, 1017, 934, 856, 781, 926, 854, 736, 688, 807, 904, 680, 748, 811, 822, 722, 661, 741, 842, 781, 790, 687, 681, 650, 579, 638, 715, 810, 678, 707, 658, 617, 651, 613, 641, 649, 699, 678, 620, 568, 574, 592, 565, 601, 662, 593, 539, 577, 549, 558, 621, 663, 666, 607, 669, 673, 598, 697, 726, 711, 595, 728, 695, 524, 605, 665, 649, 556, 631, 656, 626, 496, 545, 598, 546, 565, 624, 689, 600, 533, 625, 628, 648, 565, 741, 723, 631, 621, 701, 692, 729, 690, 716, 617, 688, 755, 590, 608, 917, 935, 665, 503, 567, 700, 581, 587, 774, 822, 600, 611, 574, 593, 679, 708, 715, 606, 624, 514, 609, 695, 679, 606, 567, 649, 612, 562, 601, 583, 607, 633, 632, 627, 639, 641, 705, 629, 571, 588, 683, 756, 702, 728, 786, 726, 559, 643, 756, 734, 720, 745, 652, 542, 529, 626, 654, 672, 621, 595, 576, 582, 590, 640, 685, 636, 660, 680, 721, 517, 587, 739, 982, 1005, 1185, 832, 1251, 1015, 873, 830, 1775, 2051, 1236, 979, 1610, 1314, 902, 805, 1822, 2171, 965, 955, 1297, 944, 633, 806, 1467, 1585, 906, 848, 1094, 860, 606, 805, 1298, 1370, 1031, 742, 1055, 1010, 736, 659, 823, 1167, 1175, 756, 1188, 1073, 910, 796, 1221, 1601, 1071, 857, 1125, 962, 799, 836, 1185, 1462, 760, 844, 1040, 768, 734, 710, 1002, 1070, 707, 1037, 1034, 764, 561, 965, 1364, 1122, 858, 1116, 1114, 912, 665, 932, 1212, 964, 1160, 1132, 1218, 1122, 845, 818, 1163, 1060, 1152, 1003, 987, 1084, 891, 833, 1026, 961, 785, 820, 822, 803, 655, 766, 908, 868, 643, 780, 745, 642, 590, 847, 1032, 787, 748, 651, 702, 720, 628, 759, 870, 781, 648, 647, 892, 802, 615, 632, 731, 834, 636, 649, 778, 744, 557, 562, 674, 779, 526, 641, 732, 622, 490, 521, 663, 682, 506, 493, 645, 572, 471, 472, 656, 694, 512, 429, 511, 525, 434, 485, 653, 635, 514, 468, 473, 513, 452, 481, 613, 554, 503, 535, 582, 583, 452, 494, 535, 515, 582, 566, 508, 488, 451, 403, 441, 457]"
0.019847098737955093,-0.869098961353302,-0.2031443864107132,-1.4226092100143433,-0.8331397771835327,-0.2279636710882187,-1.3955624103546143,-0.6410633325576782,-1.064300537109375,18.75,-0.24509775638580322,-0.5036830902099609,18.5,-0.18830645084381104,-0.3281593322753906,16.5,-0.1634155511856079,-0.3882408142089844,21.5,-0.11220324039459229,0.3509044647216797,23.5,"[547, 704, 722, 717, 684, 712, 723, 704, 599, 624, 639, 686, 706, 686, 650, 650, 525, 546, 600, 548, 579, 642, 592, 524, 557, 558, 489, 546, 539, 533, 509, 489, 479, 484, 425, 486, 503, 510, 443, 399, 537, 469, 488, 608, 623, 510, 485, 492, 614, 627, 576, 624, 625, 599, 573, 497, 510, 517, 492, 489, 553, 551, 478, 506, 496, 511, 504, 491, 499, 541, 501, 472, 537, 563, 557, 554, 508, 499, 512, 565, 512, 523, 545, 508, 509, 524, 448, 460, 569, 594, 510, 603, 616, 493, 474, 545, 506, 498, 456, 506, 511, 448, 451, 485, 513, 518, 487, 607, 579, 502, 559, 536, 429, 476, 557, 536, 545, 597, 541, 487, 491, 445, 457, 548, 569, 524, 523, 516, 551, 459, 458, 569, 481, 475, 509, 474, 521, 600, 573, 545, 547, 555, 602, 525, 447, 579, 583, 536, 548, 586, 572, 508, 611, 647, 721, 594, 564, 547, 611, 628, 573, 596, 661, 507, 532, 547, 584, 565, 574, 539, 434, 510, 503, 432, 524, 576, 597, 603, 488, 407, 438, 485, 574, 560, 565, 573, 534, 449, 486, 551, 550, 537, 658, 622, 616, 531, 525, 532, 566, 604, 668, 698, 623, 572, 558, 518, 548, 581, 503, 632, 668, 559, 548, 603, 574, 568, 583, 628, 600, 485, 622, 618, 588, 530, 591, 625, 559, 463, 526, 563, 537, 531, 633, 587, 540, 509, 484, 505, 595, 635, 589, 562, 546, 562, 592, 616, 671, 618, 571, 587, 516, 600, 584, 552, 600, 569, 530, 525, 490, 523, 571, 506, 496, 503, 565, 518, 632, 638, 571, 560, 653, 689, 971, 1543, 1539, 853, 660, 1273, 1857, 1556, 1729, 3437, 3260, 1398, 839, 2612, 3897, 2870, 2020, 4203, 4213, 1943, 932, 3129, 4927, 3816, 2689, 5622, 5789, 2793, 1333, 4331, 6805, 5316, 3308, 7774, 7588, 3527, 1428, 5772, 8838, 6286, 2615, 6089, 5395, 2240, 1202, 4519, 6442, 3962, 1481, 2624, 2008, 857, 927, 1978, 2546, 1439, 857, 1055, 1061, 825, 782, 961, 1198, 1100, 994, 1192, 1169, 895, 689, 948, 1195, 1097, 1065, 1240, 1044, 826, 758, 928, 1077, 934, 1143, 1275, 915, 682, 724, 879, 897, 649, 935, 1099, 807, 734, 695, 875, 914, 618, 728, 1033, 1105, 820, 648, 786, 999, 938, 1012, 1711, 1623, 914, 708, 1126, 1502, 1181, 4553, 8794, 7691, 3053, 1725, 4741, 6831, 4266, 10232, 21197, 18623, 7030, 3518, 11120, 16655, 10017, 9496, 20524, 18466, 7274, 3583, 10582, 16454, 10392, 4340, 8659, 7705, 3112, 2233, 4488, 6912, 4633, 1631, 2347, 1883, 914, 1132, 1551, 1796, 1367, 1023, 1240, 999, 653, 703, 910, 949, 673, 1044, 1292, 1117, 731, 767, 1024, 1010, 727, 1345, 1798, 1588, 986, 972, 1317, 1411, 1041, 1406, 2226, 2018, 989, 1083, 1364, 1426, 1057, 1193, 1804, 1569, 729, 956, 1135, 1104, 841, 2054, 2906, 2537, 1215, 1448, 1633, 1465, 1068, 2573, 3628, 3094, 1456, 1698, 2125, 1805, 1433, 1822, 2817, 2295, 907, 1368, 1600, 1322, 1041, 1296, 1975, 1535, 777, 987, 962, 1029, 768, 1346, 1969, 1557, 737, 1084, 1073, 1003, 687, 2197, 3459, 2675, 779, 1769, 1999, 1592, 717, 1983, 2907, 2469, 1232, 1676, 2108, 1684, 990, 1646, 2103, 2016, 1304, 1083, 1664, 1398, 1001, 1541, 1984, 1741, 1027, 927, 1369, 1301, 931, 1149, 1611, 1405, 748, 803, 1060, 953, 621, 959, 1423, 1243, 707, 769, 891, 846, 525, 954, 1344, 1150, 771, 760, 833, 858, 593, 854, 1146, 925, 617, 745, 739, 751, 513, 1207, 1602, 1145, 601, 1020, 967, 813, 508, 1309, 1965, 1540, 540, 1162, 1157, 1035, 618, 1262, 1890, 1495, 637, 1054, 1008, 1051, 865, 1046, 1178, 1100, 815, 832, 869, 826, 891, 869, 965, 1013, 833, 700, 788, 869, 915, 867, 946, 774, 648, 730, 737, 752, 805, 848, 1002, 864, 504, 683, 724, 671, 667, 723, 714, 703, 609, 569, 530, 622, 710, 744, 737, 716, 737, 581, 708, 807, 753, 721, 840, 858, 820, 676, 719, 834, 754, 799, 910, 871, 696, 660, 635, 800, 821, 742, 749, 716, 749, 694, 597, 664, 781, 730, 743, 726, 616, 577, 610, 694, 814, 985, 972, 822, 637, 626, 750, 790, 805, 795, 784, 697, 687, 682, 713, 791, 789, 691, 711, 735, 751, 588, 792, 848, 666, 744, 791, 843, 811, 531, 781, 886, 758, 606, 587, 657, 609, 515, 611, 696, 599, 581, 625, 633, 563, 515, 632, 629, 550, 593, 608, 651, 640, 538, 660, 682, 668, 642, 662, 672, 670, 626, 696, 620, 587, 604, 770, 762, 657, 590, 675, 747, 671, 590, 741, 721, 570, 508, 654, 766, 653, 800, 714, 579, 630, 582, 594, 691, 784, 845, 787, 653, 590, 646, 565, 909, 962, 760, 689, 800, 834, 592, 822, 1103, 991, 626, 686, 969, 988, 593, 949, 1206, 915, 535, 857, 979, 876, 648, 889, 1102, 820, 602, 809, 848, 748, 740, 756, 903, 737, 628, 637, 691, 647, 658, 636, 727, 705, 712, 717, 715, 634, 602, 638, 660, 661, 853, 701, 659, 610, 663, 654, 646, 810, 1148, 834, 702, 727, 778, 700, 780, 1136, 997, 703, 678, 775, 725, 726, 892, 1081, 934, 735, 740, 667, 578, 820, 1350, 1425, 1292, 869, 1132, 883, 787, 980, 1891, 2171, 1069, 968, 1433, 1206, 794, 1020, 2083, 2184, 1081, 950, 1283, 1222, 824, 861, 1558, 1693, 1246, 783, 1036, 1027, 802, 805, 1313, 1637, 925, 822, 897, 817, 693, 791, 1079, 1150, 697, 848, 1111, 934, 566, 935, 1266, 1072, 733, 783, 873, 739, 692, 700, 919, 942, 1020, 956, 1048, 817, 778, 571, 916, 1247, 1028, 1093, 1115, 839, 849, 771, 1054, 1235, 863, 905, 918, 790, 691, 744, 929, 981, 785, 788, 708, 702, 707, 706, 870, 831, 783, 928, 793, 777, 751, 850, 1092, 866, 767, 907, 750, 709, 671, 824, 1014, 747, 714, 848, 670, 646, 660, 735, 857, 688, 687, 819, 618, 533, 533, 675, 811, 678, 630, 737, 633, 513, 500, 586, 633, 529, 589, 559, 595, 632, 497, 514, 604, 591, 532, 542, 582, 562, 566, 511, 486, 546, 436, 531, 502, 484, 515, 458, 466, 425, 539, 521, 465, 449, 477, 539, 419, 418, 499, 424, 488, 441, 373, 450, 469, 483, 434, 474, 500, 385, 428, 514, 474, 517]"
-0.0877472460269928,-0.9874971508979797,-0.36587515473365784,-1.4422805309295654,-0.9165762662887573,-0.46465760469436646,-1.2398796081542969,-1.1846104860305786,-0.8892059326171875,17.75,-0.8440057039260864,-0.8914947509765625,27.0,-0.16737377643585205,-0.6205558776855469,16.5,-0.15449917316436768,-0.40297508239746094,26.75,-0.1251736879348755,-0.08039474487304688,24.25,"[479, 515, 547, 536, 551, 536, 550, 518, 429, 483, 484, 538, 546, 633, 632, 444, 419, 498, 488, 547, 559, 538, 558, 475, 439, 507, 515, 525, 530, 509, 479, 371, 484, 497, 519, 476, 473, 518, 482, 444, 536, 544, 547, 545, 501, 533, 469, 497, 506, 539, 540, 495, 443, 493, 520, 513, 593, 538, 527, 549, 545, 553, 558, 519, 505, 532, 580, 551, 524, 535, 584, 534, 439, 542, 527, 546, 502, 502, 572, 523, 530, 540, 523, 501, 507, 455, 493, 498, 506, 489, 463, 428, 494, 489, 434, 498, 553, 490, 521, 511, 559, 520, 425, 560, 599, 547, 551, 568, 513, 559, 561, 561, 617, 508, 523, 521, 491, 550, 524, 541, 671, 553, 552, 543, 581, 652, 579, 635, 622, 602, 522, 551, 583, 639, 561, 540, 617, 677, 623, 636, 611, 609, 614, 514, 511, 578, 625, 583, 538, 524, 534, 494, 468, 502, 541, 646, 619, 563, 548, 529, 528, 525, 514, 565, 580, 616, 632, 595, 508, 533, 576, 540, 543, 579, 583, 549, 536, 492, 592, 599, 521, 540, 626, 587, 546, 462, 594, 585, 510, 572, 616, 595, 592, 670, 597, 522, 590, 568, 559, 574, 587, 740, 567, 481, 616, 605, 586, 548, 569, 645, 582, 517, 511, 535, 562, 539, 487, 522, 594, 573, 533, 589, 624, 507, 480, 525, 584, 552, 487, 522, 573, 483, 555, 550, 614, 566, 491, 512, 586, 555, 519, 897, 926, 726, 519, 758, 1094, 873, 1359, 2832, 2324, 979, 1057, 2298, 2909, 1585, 2862, 4443, 3003, 813, 1707, 3607, 3734, 1197, 3398, 3232, 1847, 1108, 1584, 2506, 2150, 2153, 1853, 7330, 8036, 3552, 1080, 5415, 9508, 7671, 5563, 13978, 12471, 4283, 2468, 9458, 14173, 9103, 4474, 8615, 6900, 2007, 1711, 5264, 7395, 4268, 1334, 2279, 1820, 794, 771, 1329, 1890, 1250, 1152, 1836, 1482, 747, 701, 1332, 1695, 1026, 1310, 1786, 1357, 696, 636, 1087, 1231, 581, 1069, 1286, 907, 532, 615, 879, 884, 616, 917, 1099, 855, 562, 600, 758, 794, 663, 910, 1208, 1130, 762, 550, 804, 1051, 961, 2544, 5195, 4657, 1935, 1031, 3089, 4494, 2835, 5574, 11812, 10223, 3626, 1980, 6508, 9615, 5571, 6324, 13255, 11295, 3868, 2224, 6979, 10377, 5941, 3683, 7305, 6138, 2233, 1421, 3704, 5509, 3191, 1538, 2673, 2258, 1017, 768, 1404, 1962, 1269, 1565, 2405, 1905, 783, 944, 1265, 1537, 883, 2021, 3122, 2370, 850, 1427, 1375, 1734, 898, 1796, 2586, 1933, 697, 1169, 1194, 1483, 907, 1614, 2059, 1510, 735, 1071, 1210, 1181, 794, 1772, 2290, 1477, 738, 1050, 1311, 1291, 789, 1428, 1996, 1575, 756, 890, 1194, 1355, 940, 1036, 1422, 1290, 864, 744, 849, 1070, 899, 1097, 1446, 1131, 672, 780, 804, 917, 719, 1522, 2104, 1744, 845, 1147, 1180, 982, 861, 1476, 1957, 1790, 948, 1186, 1284, 919, 933, 1101, 1295, 1181, 876, 946, 972, 859, 679, 1746, 2346, 1763, 993, 1430, 1264, 1029, 847, 3981, 5900, 3947, 1413, 3199, 2627, 2018, 1220, 5687, 7781, 4780, 2061, 4534, 3668, 2538, 1742, 4344, 5474, 3150, 1672, 3573, 2887, 1736, 1443, 2706, 3379, 1949, 1166, 2218, 1926, 1303, 1125, 1671, 2221, 1506, 899, 1356, 1236, 1126, 883, 1102, 1486, 1164, 753, 875, 865, 943, 749, 721, 969, 829, 638, 701, 725, 699, 591, 928, 1218, 905, 584, 975, 972, 765, 528, 901, 1220, 958, 606, 898, 889, 703, 541, 763, 879, 730, 593, 705, 729, 555, 561, 614, 626, 683, 604, 454, 544, 582, 524, 605, 799, 889, 719, 612, 624, 744, 633, 723, 834, 777, 643, 708, 746, 816, 717, 787, 913, 918, 718, 720, 859, 841, 734, 872, 958, 882, 770, 718, 826, 755, 694, 942, 872, 757, 726, 696, 799, 755, 716, 810, 880, 851, 703, 647, 777, 853, 789, 630, 803, 860, 579, 564, 745, 847, 832, 681, 923, 958, 678, 584, 911, 975, 813, 824, 1136, 1051, 716, 747, 1007, 1141, 864, 758, 979, 841, 649, 748, 891, 894, 690, 822, 801, 641, 683, 696, 681, 781, 784, 834, 689, 780, 830, 565, 802, 922, 845, 905, 810, 989, 885, 599, 922, 943, 989, 917, 980, 1088, 883, 724, 967, 994, 891, 1085, 1125, 1209, 955, 809, 1065, 999, 954, 873, 938, 1165, 973, 687, 884, 888, 836, 710, 730, 894, 840, 562, 715, 805, 792, 698, 688, 609, 559, 512, 614, 644, 660, 689, 654, 557, 576, 629, 653, 597, 620, 651, 723, 790, 732, 636, 654, 656, 686, 666, 690, 659, 689, 749, 661, 594, 628, 558, 671, 595, 560, 600, 622, 621, 574, 597, 677, 759, 586, 654, 685, 696, 718, 778, 648, 788, 642, 625, 680, 777, 941, 985, 886, 971, 732, 707, 763, 1042, 1201, 849, 816, 931, 811, 648, 671, 869, 993, 660, 588, 814, 834, 683, 624, 660, 682, 801, 589, 785, 885, 592, 656, 819, 791, 910, 941, 824, 701, 608, 835, 871, 797, 1102, 996, 891, 782, 650, 944, 898, 875, 1001, 932, 1001, 855, 720, 941, 852, 886, 867, 782, 859, 794, 688, 889, 867, 834, 729, 836, 946, 801, 642, 981, 1083, 926, 583, 716, 870, 766, 720, 818, 1014, 861, 985, 821, 771, 793, 767, 845, 1090, 1131, 1009, 725, 764, 796, 720, 856, 1038, 1135, 966, 836, 811, 786, 783, 839, 1214, 1276, 858, 900, 922, 1024, 863, 997, 1538, 1428, 933, 912, 934, 1017, 732, 982, 1303, 1069, 1164, 860, 908, 874, 734, 761, 776, 1052, 1355, 872, 1006, 873, 854, 840, 1084, 1477, 1259, 950, 1157, 936, 866, 949, 1319, 1426, 1074, 984, 1055, 928, 747, 956, 1263, 1174, 918, 1247, 1282, 924, 888, 1004, 1354, 1145, 1170, 1616, 1589, 1040, 806, 1264, 1757, 1524, 1618, 1927, 1632, 1068, 1092, 1551, 1843, 1495, 1501, 1953, 1693, 1218, 1079, 1781, 2011, 1320, 1160, 1383, 1602, 1222, 879, 1348, 1447, 1163, 861, 895, 1181, 1064, 671, 897, 965, 1056, 646, 779, 971, 811, 636, 825, 877, 847, 716, 742, 1023, 764, 555, 776, 813, 843, 653, 670, 857, 657, 585, 640, 676, 751, 626, 687, 731, 581, 522, 654, 723, 707, 540, 551, 580, 476, 434, 544, 564, 609, 508, 475, 589, 542, 431, 550, 577, 517, 497, 478, 612, 514, 417, 588, 606, 592, 452, 459, 535, 499, 413, 554, 568, 546]"
-0.05747956037521362,-1.0742535591125488,-0.6274983882904053,-1.1282001733779907,-0.9361215829849243,-0.7785081267356873,-0.7092439532279968,-1.064390778541565,-0.757598876953125,26.0,-0.44025862216949463,-0.2224445343017578,24.25,-0.22053205966949463,0.20127296447753906,21.25,-0.18405401706695557,0.1384735107421875,22.75,-0.12325727939605713,-0.1766681671142578,15.75,"[541, 573, 609, 609, 616, 607, 607, 573, 422, 549, 652, 626, 545, 579, 606, 497, 529, 578, 524, 532, 570, 612, 588, 515, 520, 515, 486, 422, 496, 559, 550, 502, 540, 555, 615, 549, 480, 510, 667, 652, 500, 518, 611, 576, 466, 484, 587, 595, 633, 604, 528, 587, 573, 478, 502, 607, 495, 521, 552, 571, 522, 507, 596, 584, 503, 477, 476, 508, 539, 485, 501, 547, 598, 512, 502, 588, 633, 579, 534, 621, 628, 643, 559, 584, 621, 636, 523, 552, 651, 658, 597, 640, 609, 551, 567, 566, 562, 600, 608, 591, 543, 477, 542, 551, 579, 503, 586, 606, 557, 536, 578, 626, 621, 609, 506, 502, 531, 521, 570, 584, 505, 566, 518, 495, 590, 606, 555, 485, 481, 487, 541, 553, 533, 631, 637, 534, 520, 508, 526, 608, 561, 533, 604, 528, 632, 602, 623, 689, 622, 515, 495, 514, 624, 672, 591, 562, 494, 513, 549, 538, 511, 565, 553, 515, 472, 544, 545, 473, 497, 433, 541, 520, 457, 517, 531, 564, 567, 553, 546, 569, 554, 485, 445, 518, 558, 573, 503, 507, 538, 641, 530, 465, 577, 539, 496, 531, 571, 599, 507, 470, 722, 806, 653, 520, 641, 834, 686, 553, 2961, 4499, 3258, 836, 1881, 3733, 3540, 987, 7573, 10803, 7111, 1111, 4248, 8394, 7821, 1389, 5922, 8976, 6110, 1494, 3588, 6704, 6903, 2284, 1847, 4059, 4533, 2001, 1150, 3237, 6091, 5341, 3393, 4502, 5144, 2154, 1319, 4159, 7412, 6658, 1950, 3667, 3673, 1466, 1260, 3882, 5680, 4238, 1736, 2901, 2328, 1032, 1201, 2873, 3474, 1974, 1582, 2442, 1776, 793, 982, 2115, 2390, 1261, 978, 1466, 1137, 627, 777, 1241, 1394, 883, 735, 993, 770, 493, 722, 803, 890, 700, 788, 922, 750, 562, 680, 670, 772, 762, 992, 1146, 1103, 790, 698, 744, 842, 883, 1984, 3518, 3123, 1374, 1107, 1845, 2548, 1752, 3423, 6223, 5211, 1971, 1749, 3387, 4691, 2869, 3233, 5805, 4770, 1789, 1790, 3738, 4745, 2725, 2349, 3781, 3125, 1170, 1485, 2572, 2905, 1625, 1788, 2750, 2148, 682, 1075, 1553, 1695, 835, 1361, 2119, 1595, 556, 938, 1026, 1161, 609, 1883, 2885, 2085, 538, 1173, 1345, 1477, 674, 1766, 2652, 2032, 757, 1064, 1347, 1591, 866, 1352, 1774, 1388, 820, 921, 1146, 1244, 765, 1298, 1466, 1030, 706, 766, 1003, 944, 709, 1748, 2090, 1460, 904, 872, 1159, 1260, 949, 2204, 2736, 1862, 961, 1060, 1568, 1668, 1083, 1542, 1929, 1248, 747, 990, 1114, 1146, 842, 1108, 1340, 984, 686, 900, 933, 888, 742, 1457, 1803, 1263, 907, 1269, 1251, 971, 838, 1674, 2062, 1398, 977, 1579, 1528, 1100, 844, 2323, 3397, 2466, 897, 2644, 2890, 1652, 769, 2661, 4137, 3287, 1041, 3320, 3823, 2050, 1046, 1785, 2774, 2435, 913, 2112, 2685, 1676, 1007, 1363, 1844, 1663, 868, 1541, 1707, 1189, 1041, 1627, 2373, 1936, 834, 1712, 1597, 1184, 949, 1165, 1794, 1614, 813, 1361, 1347, 1125, 800, 1082, 1364, 1010, 704, 1102, 1082, 969, 687, 1321, 1781, 1286, 726, 1105, 1068, 1035, 703, 1036, 1510, 1289, 716, 894, 953, 1023, 713, 923, 1426, 1271, 728, 777, 1018, 1036, 698, 805, 1162, 989, 573, 709, 868, 823, 651, 771, 907, 872, 709, 733, 711, 681, 769, 757, 867, 743, 627, 678, 652, 648, 663, 999, 1074, 771, 636, 726, 748, 759, 700, 968, 1027, 821, 723, 722, 748, 791, 810, 822, 872, 907, 780, 686, 764, 867, 855, 658, 776, 942, 745, 584, 757, 903, 806, 868, 768, 731, 819, 715, 785, 936, 898, 897, 822, 729, 728, 714, 743, 759, 765, 782, 879, 751, 766, 720, 735, 729, 655, 788, 819, 764, 765, 646, 666, 737, 670, 746, 877, 788, 646, 623, 729, 758, 711, 871, 905, 735, 589, 615, 832, 819, 721, 828, 947, 740, 543, 707, 946, 875, 687, 813, 788, 747, 759, 720, 723, 749, 738, 825, 803, 938, 914, 783, 720, 823, 933, 1040, 1016, 966, 966, 735, 955, 968, 918, 1256, 1042, 1015, 993, 845, 1227, 1057, 1059, 1110, 788, 938, 977, 774, 1052, 864, 928, 806, 667, 828, 793, 614, 634, 675, 770, 752, 664, 771, 792, 593, 651, 753, 740, 706, 566, 770, 747, 580, 582, 727, 835, 755, 681, 785, 803, 634, 634, 807, 821, 789, 916, 865, 651, 617, 792, 806, 758, 665, 863, 756, 578, 478, 664, 686, 688, 717, 811, 688, 613, 600, 726, 793, 704, 595, 631, 594, 582, 626, 729, 698, 531, 650, 686, 648, 655, 670, 718, 741, 591, 1000, 740, 620, 697, 744, 724, 885, 975, 1123, 835, 768, 738, 754, 811, 1152, 1259, 855, 802, 789, 720, 644, 764, 1016, 977, 818, 860, 867, 664, 639, 1011, 1101, 874, 913, 860, 942, 738, 723, 1130, 1092, 830, 1019, 826, 810, 830, 760, 1010, 863, 763, 1009, 741, 796, 867, 667, 959, 895, 835, 776, 752, 922, 996, 683, 957, 1021, 800, 769, 890, 985, 966, 704, 1087, 1332, 1122, 956, 830, 860, 821, 762, 1026, 1349, 1300, 753, 712, 898, 676, 694, 849, 847, 976, 727, 920, 1075, 717, 752, 992, 809, 826, 905, 810, 915, 660, 689, 808, 905, 1105, 1394, 1101, 1085, 722, 977, 1139, 1917, 2159, 1651, 1347, 1464, 1082, 1012, 1470, 2818, 2983, 1309, 1180, 1285, 1132, 954, 1268, 2102, 2095, 983, 746, 953, 1066, 815, 895, 1567, 1578, 901, 985, 1289, 1220, 808, 1188, 1999, 1787, 955, 1072, 1346, 1349, 905, 1345, 1894, 1571, 935, 1147, 1117, 973, 752, 1174, 1433, 1166, 1243, 1250, 1057, 877, 964, 1271, 1215, 1150, 1686, 1345, 1032, 819, 1018, 1162, 1535, 1746, 1974, 1008, 1010, 984, 1031, 842, 1590, 2390, 1633, 796, 1259, 1159, 968, 902, 1160, 1935, 1346, 1167, 983, 908, 859, 1230, 1020, 1007, 1108, 1253, 1279, 1076, 649, 1297, 1534, 1123, 1140, 981, 1315, 1099, 708, 979, 1280, 1411, 1200, 1216, 1130, 982, 759, 1443, 1444, 1055, 994, 1201, 940, 796, 690, 1252, 1317, 632, 757, 936, 770, 699, 614, 1125, 1285, 770, 567, 660, 640, 583, 492, 689, 817, 657, 479, 614, 626, 576, 456, 508, 632, 572, 595, 615, 680, 588, 457, 466, 668, 642, 561, 552, 565, 582, 501, 506, 594, 613, 511, 499, 608, 605, 469, 541, 616, 598, 418, 531, 679, 515, 431, 594, 660, 554]"
-0.19212493300437927,-1.3229029178619385,-0.8198443055152893,-1.2336649894714355,-1.1439517736434937,-0.957312822341919,-0.7502387166023254,-0.17636346817016602,-0.2124309539794922,16.75,-0.1583390235900879,-0.17066001892089844,22.75,-0.1571946144104004,-0.14777183532714844,29.75,-0.15547800064086914,0.13475418090820312,23.0,-0.15461969375610352,-0.23946762084960938,-31.75,"[457, 582, 618, 571, 490, 570, 620, 583, 450, 532, 622, 625, 580, 565, 612, 569, 522, 566, 627, 632, 597, 539, 599, 551, 604, 592, 557, 549, 509, 444, 554, 590, 557, 486, 521, 555, 520, 515, 529, 559, 520, 591, 550, 550, 638, 562, 482, 473, 549, 552, 518, 605, 579, 452, 470, 532, 513, 485, 501, 531, 534, 431, 404, 498, 479, 532, 555, 555, 529, 431, 433, 453, 539, 538, 584, 532, 464, 491, 489, 478, 554, 582, 624, 591, 553, 558, 610, 609, 582, 518, 607, 596, 534, 555, 584, 642, 642, 542, 465, 515, 561, 511, 521, 600, 560, 528, 532, 508, 602, 537, 569, 610, 534, 559, 623, 567, 570, 545, 614, 666, 541, 543, 583, 507, 502, 526, 618, 661, 588, 551, 539, 560, 601, 605, 616, 601, 517, 551, 640, 613, 575, 596, 681, 618, 630, 481, 555, 611, 607, 554, 574, 663, 624, 499, 499, 670, 599, 499, 584, 674, 516, 519, 497, 575, 580, 422, 547, 553, 906, 892, 794, 718, 804, 802, 732, 837, 3389, 3798, 2363, 1306, 2472, 3802, 3091, 1460, 6403, 8050, 4913, 1709, 4440, 7834, 6796, 2129, 5333, 8110, 6218, 2505, 3580, 7253, 8243, 4516, 5490, 16621, 15513, 5413, 4077, 12614, 18702, 12403, 9236, 24564, 21226, 6574, 5749, 18791, 25750, 14826, 7850, 16025, 12681, 3665, 4212, 12371, 15412, 7712, 3849, 6273, 4554, 1624, 1872, 4969, 5641, 2671, 1584, 2430, 2102, 1016, 803, 1828, 2304, 1551, 1021, 1585, 1382, 831, 772, 1295, 1557, 1064, 1284, 2085, 1783, 896, 810, 1614, 2084, 1400, 1340, 2678, 2447, 1201, 799, 1876, 2566, 1738, 1428, 2647, 2386, 1111, 797, 1820, 2472, 1678, 1215, 1974, 1762, 828, 765, 1549, 1938, 1333, 1416, 2380, 1908, 678, 830, 1605, 1917, 1006, 2625, 4319, 3294, 1014, 1258, 2232, 2850, 1241, 3158, 4943, 3624, 1066, 1704, 2075, 2691, 1040, 3163, 4527, 3162, 902, 1939, 1840, 2086, 803, 2590, 3553, 2417, 754, 1744, 1811, 1707, 739, 1742, 2392, 1638, 666, 1283, 1326, 1298, 726, 1323, 1855, 1402, 696, 1000, 1032, 1113, 725, 1228, 1728, 1353, 651, 797, 864, 1138, 815, 1167, 1645, 1291, 687, 591, 997, 1257, 825, 1226, 1793, 1378, 643, 697, 1151, 1315, 687, 892, 1180, 1041, 712, 706, 821, 984, 709, 639, 742, 721, 670, 717, 759, 697, 695, 821, 949, 762, 554, 645, 803, 807, 682, 758, 841, 757, 610, 625, 797, 847, 666, 767, 983, 868, 728, 709, 782, 908, 803, 834, 868, 734, 771, 728, 738, 774, 714, 1215, 1537, 1137, 681, 1055, 1168, 877, 732, 2095, 2615, 1816, 1048, 1974, 1937, 1167, 1016, 2890, 3367, 2302, 1641, 2575, 2454, 1342, 1454, 3417, 3892, 2413, 1809, 2782, 2549, 1508, 1873, 2965, 3826, 2677, 1453, 2404, 2225, 1435, 1605, 1860, 2298, 1712, 995, 1447, 1359, 1050, 952, 1886, 2484, 1668, 667, 956, 1386, 1351, 730, 1827, 2621, 1935, 726, 893, 1230, 1391, 714, 1295, 1871, 1556, 814, 795, 934, 1036, 687, 1861, 2563, 1968, 817, 1232, 1146, 1199, 637, 1753, 2290, 1615, 573, 1203, 1221, 1067, 705, 1179, 1516, 1158, 619, 956, 1095, 949, 771, 1122, 1321, 1056, 636, 955, 996, 878, 856, 1156, 1364, 1001, 599, 862, 929, 818, 704, 1107, 1081, 790, 726, 789, 848, 850, 821, 1022, 910, 750, 766, 842, 901, 878, 860, 1131, 1163, 863, 788, 962, 895, 839, 933, 1204, 1233, 757, 774, 984, 928, 758, 838, 953, 987, 754, 656, 769, 856, 779, 704, 758, 815, 749, 689, 692, 642, 734, 714, 670, 798, 751, 662, 604, 708, 818, 729, 716, 733, 702, 621, 592, 671, 710, 730, 686, 676, 625, 622, 552, 674, 668, 654, 663, 750, 691, 657, 658, 740, 741, 627, 567, 757, 767, 696, 747, 781, 670, 543, 661, 801, 868, 632, 631, 832, 831, 656, 807, 927, 941, 699, 729, 996, 941, 722, 951, 1140, 1129, 783, 777, 1222, 1097, 661, 1066, 1112, 864, 757, 858, 1068, 908, 729, 1204, 980, 693, 766, 1022, 1135, 857, 974, 931, 790, 741, 742, 953, 935, 805, 925, 1002, 871, 865, 714, 902, 870, 602, 865, 1026, 1007, 989, 817, 740, 865, 703, 923, 862, 875, 814, 654, 709, 748, 661, 747, 728, 825, 742, 634, 620, 670, 647, 642, 671, 710, 618, 573, 585, 674, 669, 595, 554, 601, 601, 601, 562, 595, 607, 578, 673, 664, 601, 516, 541, 510, 603, 638, 610, 656, 595, 528, 539, 557, 600, 619, 521, 615, 598, 514, 549, 587, 643, 557, 669, 691, 580, 615, 561, 570, 582, 533, 948, 806, 677, 780, 746, 802, 828, 846, 1155, 901, 767, 813, 975, 881, 905, 1104, 830, 750, 747, 561, 780, 708, 721, 903, 685, 732, 762, 648, 697, 743, 876, 866, 673, 646, 673, 618, 615, 664, 747, 808, 702, 622, 708, 628, 564, 635, 711, 781, 698, 729, 690, 587, 608, 717, 620, 616, 779, 778, 834, 581, 801, 998, 908, 672, 926, 820, 810, 647, 774, 1043, 967, 791, 901, 843, 695, 698, 794, 905, 891, 818, 940, 918, 849, 683, 767, 825, 845, 851, 940, 869, 645, 720, 798, 781, 670, 830, 983, 820, 565, 665, 782, 748, 734, 898, 930, 1028, 993, 846, 789, 922, 1341, 1253, 974, 1286, 1357, 1165, 885, 1476, 2177, 1772, 1229, 1527, 1854, 1537, 1022, 1726, 2790, 2335, 1291, 1446, 2081, 1730, 1020, 1686, 2656, 2329, 1086, 1225, 1783, 1589, 742, 1247, 1832, 1692, 973, 1045, 1327, 1290, 813, 903, 1332, 1280, 1003, 943, 1041, 919, 834, 883, 1156, 1248, 1064, 763, 890, 706, 803, 947, 1001, 1190, 924, 1025, 1107, 717, 780, 1140, 1155, 1091, 1452, 1513, 1276, 1036, 1214, 1420, 1160, 1042, 1398, 1639, 1416, 1169, 1059, 1222, 1251, 984, 1054, 1546, 1317, 937, 664, 1029, 1512, 1169, 862, 1299, 1053, 734, 651, 918, 1415, 976, 985, 984, 786, 733, 702, 761, 854, 827, 763, 827, 724, 642, 713, 707, 703, 708, 720, 703, 545, 574, 652, 684, 545, 501, 732, 669, 600, 697, 724, 702, 587, 600, 645, 689, 685, 629, 626, 637, 724, 671, 622, 692, 570, 558, 601, 610, 542, 576, 492, 616, 576, 516, 486, 513, 551, 478, 554, 589, 620, 507, 506, 558, 595, 578, 516, 568, 661, 551, 411, 549, 511, 525, 477, 516, 603, 538, 432, 617, 613, 552]"
-0.3489770293235779,-1.4519152641296387,-0.8487932682037354,-1.4514741897583008,-1.1204174757003784,-0.7440885305404663,-0.9981088042259216,-0.3518906235694885,-0.3280162811279297,17.5,-0.3155556321144104,-0.2105712890625,20.75,-0.2285805344581604,-0.33931732177734375,18.0,-0.1983967423439026,-0.32672882080078125,23.25,-0.1267281174659729,-0.1563549041748047,20.5,"[430, 599, 657, 562, 527, 563, 651, 598, 550, 609, 647, 586, 662, 673, 578, 580, 525, 564, 551, 540, 572, 637, 563, 500, 500, 502, 486, 482, 447, 536, 556, 471, 500, 562, 499, 483, 537, 513, 543, 503, 552, 490, 574, 563, 512, 506, 556, 581, 513, 536, 528, 543, 443, 505, 520, 492, 518, 481, 547, 610, 526, 496, 478, 455, 535, 453, 520, 587, 557, 583, 601, 556, 574, 622, 598, 518, 496, 516, 596, 545, 520, 550, 583, 523, 564, 603, 579, 513, 555, 539, 485, 471, 504, 513, 527, 529, 596, 572, 465, 591, 583, 465, 418, 488, 622, 577, 518, 622, 580, 568, 463, 500, 554, 542, 515, 558, 561, 547, 567, 560, 553, 571, 530, 520, 488, 526, 559, 532, 520, 579, 599, 558, 457, 571, 589, 502, 492, 553, 543, 487, 428, 579, 587, 478, 596, 586, 701, 697, 583, 542, 560, 559, 929, 1036, 897, 695, 713, 991, 960, 810, 2817, 3819, 2261, 1065, 1847, 4243, 4295, 1553, 4957, 7259, 4074, 1590, 3118, 8381, 8783, 2849, 4719, 7058, 4386, 1607, 2774, 7366, 7812, 2731, 3792, 6199, 4810, 1961, 1966, 4761, 5640, 2904, 3125, 4768, 3813, 1506, 1633, 3529, 3492, 1819, 2157, 3371, 2673, 1085, 1642, 2964, 2996, 1280, 1749, 2782, 2197, 997, 1361, 2442, 2650, 1370, 1513, 2429, 2073, 1036, 1312, 2433, 2710, 1596, 1200, 1841, 1687, 988, 895, 1325, 1519, 1174, 1480, 1942, 1489, 783, 663, 1206, 1538, 1176, 1708, 2345, 1714, 774, 827, 1498, 1722, 1019, 2392, 3436, 2438, 963, 1188, 2226, 2348, 1142, 2976, 3988, 2691, 962, 1330, 2386, 2467, 1261, 3433, 4383, 2821, 1051, 1364, 2294, 2578, 1487, 3299, 4189, 2624, 933, 1606, 1928, 2170, 1230, 2588, 3432, 2170, 847, 1538, 1645, 1590, 848, 1462, 1824, 1264, 799, 1167, 1049, 950, 674, 1413, 1737, 1281, 786, 1043, 1120, 1068, 692, 2154, 2897, 1955, 873, 1533, 1619, 1616, 803, 3185, 4584, 2993, 776, 2441, 2472, 1830, 758, 2804, 4061, 2728, 757, 2359, 2258, 1451, 758, 1391, 1831, 1336, 729, 1278, 1207, 791, 596, 948, 1163, 999, 732, 909, 784, 666, 554, 818, 978, 764, 601, 668, 723, 717, 679, 721, 827, 755, 648, 587, 742, 820, 618, 705, 895, 824, 579, 591, 687, 766, 633, 729, 904, 837, 616, 627, 659, 747, 656, 718, 881, 761, 583, 802, 721, 656, 646, 742, 781, 731, 644, 790, 899, 798, 652, 899, 994, 896, 699, 864, 1067, 1011, 852, 1609, 2040, 1531, 1046, 1504, 1625, 1248, 1016, 2761, 3523, 2259, 1465, 2597, 2591, 1601, 1180, 2577, 3075, 2007, 1607, 2387, 2413, 1553, 1327, 1609, 1657, 1334, 1358, 1438, 1350, 1052, 1192, 1363, 1446, 1187, 862, 1175, 1264, 1030, 870, 1139, 1232, 933, 672, 989, 1307, 1089, 693, 1077, 1266, 978, 620, 882, 1073, 947, 720, 1064, 1131, 910, 702, 697, 884, 854, 825, 936, 928, 726, 664, 729, 857, 857, 815, 1025, 995, 694, 747, 913, 973, 769, 701, 1216, 1322, 1012, 784, 1003, 944, 789, 717, 976, 1159, 964, 772, 955, 873, 767, 669, 923, 1068, 909, 731, 856, 859, 711, 681, 1218, 1317, 840, 716, 942, 786, 596, 796, 1249, 1513, 1024, 698, 971, 988, 717, 717, 983, 1201, 858, 703, 802, 911, 798, 612, 769, 822, 769, 606, 566, 817, 846, 729, 860, 1021, 899, 630, 705, 795, 807, 754, 791, 958, 805, 635, 687, 693, 738, 699, 799, 836, 750, 646, 611, 627, 668, 723, 770, 756, 670, 662, 669, 656, 652, 701, 765, 698, 567, 573, 644, 619, 608, 627, 594, 622, 584, 511, 570, 545, 566, 598, 576, 564, 494, 523, 531, 517, 571, 569, 610, 631, 609, 641, 497, 522, 690, 632, 767, 720, 517, 658, 604, 600, 737, 665, 752, 736, 570, 566, 579, 650, 753, 631, 647, 656, 605, 623, 526, 543, 723, 705, 644, 642, 666, 695, 631, 650, 678, 719, 780, 756, 653, 634, 755, 779, 670, 677, 774, 787, 653, 597, 726, 791, 715, 646, 788, 764, 606, 637, 746, 895, 760, 685, 784, 790, 702, 694, 756, 807, 816, 763, 827, 756, 652, 721, 780, 800, 730, 751, 693, 711, 620, 611, 653, 726, 698, 611, 518, 669, 759, 652, 625, 721, 683, 651, 591, 644, 654, 718, 646, 652, 746, 675, 728, 736, 698, 682, 599, 600, 755, 772, 661, 818, 807, 700, 552, 602, 822, 789, 565, 711, 696, 646, 613, 635, 661, 606, 608, 588, 583, 576, 610, 604, 542, 561, 640, 644, 624, 597, 614, 623, 579, 625, 630, 652, 700, 595, 576, 635, 625, 679, 656, 686, 703, 697, 614, 603, 675, 718, 693, 646, 607, 614, 691, 690, 629, 677, 572, 608, 608, 607, 629, 588, 603, 599, 593, 603, 603, 578, 613, 697, 671, 619, 714, 753, 671, 573, 686, 860, 885, 731, 740, 732, 750, 690, 715, 807, 793, 757, 660, 663, 723, 643, 506, 684, 729, 729, 643, 604, 590, 584, 524, 606, 592, 605, 673, 605, 614, 602, 618, 578, 542, 632, 660, 637, 609, 643, 622, 677, 637, 613, 601, 650, 631, 679, 686, 794, 668, 555, 625, 682, 675, 557, 569, 694, 631, 544, 925, 801, 896, 747, 755, 920, 813, 865, 2050, 1487, 2458, 2071, 1460, 1948, 2126, 2717, 3083, 2067, 4170, 3166, 1927, 2972, 3550, 4717, 2916, 1996, 4144, 3024, 1944, 2867, 3573, 4735, 1993, 1387, 2544, 1919, 1530, 1745, 2491, 3220, 1321, 1062, 1031, 1033, 1106, 986, 1224, 1470, 850, 1119, 1053, 848, 826, 1091, 1367, 1042, 711, 1089, 1002, 745, 633, 1113, 1311, 928, 709, 899, 845, 643, 687, 875, 837, 674, 795, 1045, 1064, 827, 723, 896, 881, 811, 1135, 1264, 1185, 1043, 1025, 1407, 1359, 1147, 1196, 1139, 1153, 945, 1064, 1567, 1498, 1200, 1045, 985, 1098, 997, 801, 1182, 1136, 968, 834, 969, 950, 795, 733, 1005, 1001, 685, 607, 935, 1048, 718, 570, 944, 1215, 1099, 607, 754, 888, 611, 528, 652, 827, 811, 770, 777, 792, 623, 568, 755, 745, 722, 661, 616, 592, 584, 521, 704, 712, 572, 568, 646, 672, 633, 476, 682, 706, 566, 424, 471, 538, 524, 404, 531, 621, 472, 495, 495, 538, 512, 428, 539, 623, 547, 492, 429, 532, 518, 507, 568, 586, 555, 536, 456, 532, 535, 501, 571, 677, 653]"
-0.3951931893825531,-1.378401279449463,-0.739681601524353,-1.3850072622299194,-0.8461949825286865,-0.3966671824455261,-0.8671997785568237,-0.26046377420425415,-0.09641647338867188,18.75,-0.26046377420425415,-0.04878044128417969,23.25,-0.13085943460464478,-0.16837120056152344,17.25,-0.10496717691421509,-0.22673606872558594,19.5,-0.08179289102554321,-0.2640724182128906,18.75,"[553, 587, 650, 617, 496, 615, 649, 588, 607, 566, 646, 713, 612, 580, 594, 575, 592, 575, 584, 537, 559, 628, 620, 592, 514, 544, 522, 536, 500, 537, 645, 551, 491, 578, 530, 496, 522, 509, 585, 522, 477, 548, 518, 548, 599, 525, 552, 517, 538, 519, 531, 586, 507, 557, 536, 453, 543, 466, 541, 605, 521, 447, 545, 584, 451, 494, 458, 511, 572, 437, 524, 555, 479, 643, 535, 460, 523, 529, 595, 506, 508, 566, 550, 473, 504, 478, 559, 555, 589, 579, 502, 467, 566, 553, 524, 574, 420, 460, 535, 547, 512, 506, 625, 581, 483, 444, 509, 515, 511, 538, 552, 584, 514, 445, 515, 505, 520, 591, 572, 533, 583, 524, 533, 544, 561, 542, 561, 613, 555, 522, 547, 514, 537, 540, 549, 562, 587, 544, 553, 545, 572, 628, 542, 574, 567, 579, 656, 565, 591, 581, 559, 613, 807, 1056, 1076, 791, 617, 896, 1083, 886, 2683, 4452, 3866, 2082, 1597, 3675, 4087, 1937, 4861, 7511, 6291, 3118, 2623, 6340, 6619, 2397, 3929, 5591, 4762, 2567, 1981, 5064, 5331, 1825, 2644, 3678, 2924, 1826, 1695, 4547, 4815, 1813, 2433, 3299, 2219, 1220, 1874, 4267, 4141, 1298, 1602, 1894, 1251, 801, 1280, 2240, 1961, 777, 1198, 1316, 841, 635, 902, 1189, 1086, 716, 1076, 1597, 1472, 945, 794, 1159, 1359, 999, 2269, 3937, 3084, 1201, 1203, 2327, 3004, 1493, 2372, 3718, 2665, 891, 1029, 2053, 2592, 1109, 1815, 2396, 1636, 716, 939, 1417, 1504, 709, 2232, 2655, 1617, 867, 1309, 1362, 1313, 1017, 2722, 3348, 1934, 834, 1622, 1577, 1340, 931, 2584, 3279, 2075, 892, 1573, 1700, 1487, 905, 1768, 2336, 1622, 778, 1188, 1368, 1265, 794, 935, 1115, 915, 648, 682, 832, 817, 685, 643, 785, 718, 601, 590, 729, 654, 492, 787, 826, 677, 644, 719, 803, 616, 555, 1229, 1457, 896, 723, 1057, 923, 743, 574, 1649, 2013, 1162, 641, 1229, 1167, 836, 616, 1192, 1337, 884, 604, 821, 889, 691, 568, 1282, 1421, 1004, 770, 1007, 1020, 944, 744, 1468, 1802, 1301, 757, 1159, 1162, 1099, 740, 1030, 1282, 1030, 633, 889, 986, 908, 708, 620, 893, 856, 617, 717, 896, 900, 652, 1004, 1098, 829, 643, 814, 1102, 1165, 816, 1021, 1182, 827, 605, 744, 1219, 1229, 792, 793, 836, 686, 689, 627, 885, 985, 740, 1036, 1224, 931, 759, 918, 783, 719, 655, 1407, 2104, 1691, 662, 1457, 1584, 927, 586, 2190, 2926, 1982, 973, 2086, 2116, 1173, 880, 3144, 3570, 1743, 1848, 3159, 2488, 1246, 1351, 2573, 3005, 1697, 1744, 2887, 2249, 1105, 1361, 1931, 2530, 2098, 1627, 2003, 1875, 1338, 1245, 1217, 1522, 1672, 1448, 1372, 1339, 1141, 1082, 923, 1053, 975, 899, 1023, 1078, 984, 797, 897, 1044, 853, 670, 814, 944, 896, 723, 983, 1010, 771, 659, 779, 914, 802, 719, 843, 837, 651, 572, 755, 767, 748, 695, 825, 941, 754, 648, 708, 764, 762, 690, 882, 926, 841, 692, 650, 805, 848, 766, 763, 802, 676, 654, 654, 853, 907, 734, 844, 991, 850, 711, 870, 1057, 934, 694, 920, 1099, 950, 707, 916, 1216, 1041, 711, 928, 980, 884, 673, 958, 1089, 880, 779, 804, 744, 729, 638, 725, 812, 738, 761, 773, 759, 680, 601, 644, 722, 775, 758, 797, 778, 689, 588, 717, 751, 775, 751, 755, 734, 692, 646, 738, 679, 748, 810, 645, 690, 644, 648, 628, 655, 693, 687, 708, 664, 660, 603, 552, 773, 716, 573, 758, 721, 650, 607, 636, 754, 685, 701, 681, 745, 651, 594, 595, 667, 636, 608, 645, 742, 743, 640, 621, 631, 590, 630, 684, 721, 793, 723, 614, 685, 674, 657, 634, 746, 788, 631, 580, 632, 708, 635, 657, 797, 636, 429, 577, 725, 726, 532, 784, 753, 599, 555, 693, 714, 683, 692, 846, 906, 694, 717, 761, 918, 798, 732, 694, 858, 834, 727, 735, 1025, 1017, 717, 626, 862, 975, 729, 576, 868, 923, 726, 629, 734, 810, 703, 625, 705, 768, 734, 671, 684, 616, 635, 535, 648, 671, 533, 664, 701, 615, 661, 705, 862, 814, 614, 745, 710, 593, 639, 748, 815, 820, 748, 693, 763, 767, 669, 641, 738, 804, 740, 608, 708, 698, 552, 582, 667, 672, 670, 633, 553, 519, 571, 583, 663, 639, 612, 538, 583, 563, 536, 529, 603, 521, 493, 572, 599, 592, 489, 516, 584, 556, 562, 540, 643, 597, 460, 471, 561, 637, 562, 700, 766, 658, 536, 599, 652, 732, 658, 653, 713, 685, 542, 588, 682, 667, 595, 533, 591, 776, 721, 596, 667, 682, 603, 581, 663, 847, 798, 651, 658, 708, 689, 513, 585, 772, 699, 563, 536, 616, 657, 556, 508, 531, 562, 514, 448, 487, 611, 607, 589, 550, 584, 605, 504, 433, 612, 643, 662, 649, 604, 697, 616, 670, 731, 565, 743, 800, 647, 650, 734, 794, 726, 579, 714, 682, 631, 687, 719, 745, 619, 527, 549, 603, 680, 696, 749, 728, 547, 508, 486, 504, 568, 620, 745, 702, 514, 543, 566, 648, 604, 577, 741, 778, 625, 645, 659, 695, 632, 587, 673, 781, 758, 610, 672, 660, 617, 685, 618, 627, 716, 714, 634, 644, 776, 801, 742, 714, 691, 936, 857, 1024, 1081, 977, 838, 927, 1075, 1124, 1055, 1168, 1128, 1116, 1116, 1127, 1224, 1024, 976, 805, 707, 957, 1099, 994, 1023, 958, 843, 1108, 1174, 984, 1256, 1487, 1240, 1006, 994, 1096, 1049, 807, 1221, 1614, 1514, 1277, 839, 960, 884, 964, 1005, 1203, 1600, 1038, 809, 877, 774, 792, 1010, 1030, 1162, 851, 979, 984, 897, 753, 880, 849, 771, 885, 1110, 1182, 863, 708, 775, 814, 780, 796, 845, 979, 903, 713, 762, 1019, 1007, 821, 944, 927, 899, 708, 1093, 1417, 1053, 956, 1048, 849, 767, 747, 1270, 1129, 681, 907, 920, 721, 577, 680, 905, 786, 754, 720, 696, 630, 621, 594, 667, 753, 831, 578, 619, 628, 536, 581, 575, 662, 721, 591, 638, 579, 497, 578, 546, 736, 769, 546, 608, 557, 416, 468, 534, 575, 549, 440, 502, 497, 474, 409, 455, 563, 558, 520, 467, 540, 550, 415, 551, 636, 588, 491, 483, 514, 533, 450, 503, 662, 600, 514, 520, 472, 476, 449, 511, 601, 582]"
-0.464598685503006,-1.1995606422424316,-0.6905081272125244,-1.3252167701721191,-0.452786386013031,-0.21912747621536255,-0.6966125965118408,-0.5235804915428162,0.601959228515625,16.5,-0.11989015340805054,-0.2971172332763672,20.0,-0.10243791341781616,-0.2526283264160156,23.0,-0.09328263998031616,0.30670166015625,20.75,-0.036491334438323975,0.1567840576171875,19.0,"[641, 639, 705, 735, 776, 732, 705, 642, 581, 567, 578, 695, 696, 605, 614, 584, 588, 596, 569, 594, 606, 589, 578, 540, 593, 444, 495, 556, 511, 509, 572, 660, 585, 439, 471, 534, 429, 359, 451, 608, 529, 562, 476, 440, 422, 474, 501, 466, 518, 597, 549, 505, 458, 525, 564, 459, 501, 602, 562, 491, 487, 511, 516, 472, 540, 587, 535, 488, 522, 515, 523, 476, 488, 551, 519, 482, 421, 583, 542, 358, 563, 508, 503, 550, 496, 479, 459, 490, 568, 498, 583, 559, 475, 460, 482, 563, 462, 553, 614, 516, 459, 495, 570, 527, 527, 565, 600, 584, 580, 627, 607, 518, 503, 550, 548, 580, 549, 526, 485, 482, 525, 563, 549, 547, 499, 541, 605, 550, 687, 613, 482, 490, 554, 580, 578, 596, 559, 533, 550, 564, 513, 533, 549, 584, 1348, 1301, 710, 592, 803, 1218, 962, 682, 3828, 4378, 2160, 869, 2717, 5191, 4341, 705, 4492, 5624, 3302, 1305, 3575, 7363, 6573, 1341, 1890, 3664, 4119, 3014, 1641, 4061, 4624, 2440, 1307, 3726, 5968, 4738, 1548, 4063, 4756, 2711, 1531, 3583, 5156, 3857, 1499, 4015, 4495, 2353, 1264, 2176, 2948, 2138, 1197, 2704, 2913, 1642, 1918, 2912, 2427, 1052, 1411, 2039, 2038, 967, 3758, 5843, 4209, 832, 2325, 3254, 3338, 875, 2054, 3253, 2493, 876, 1353, 1970, 2100, 824, 2328, 3120, 2251, 1200, 1441, 1938, 2025, 1102, 2724, 3607, 2410, 1132, 1656, 2091, 2096, 1127, 1951, 2353, 1541, 963, 1288, 1471, 1357, 890, 1264, 1555, 997, 724, 1004, 909, 889, 667, 830, 1035, 754, 547, 776, 659, 561, 556, 873, 1045, 783, 533, 671, 790, 797, 619, 717, 849, 756, 600, 676, 778, 728, 557, 652, 684, 636, 501, 477, 576, 625, 601, 558, 615, 612, 541, 560, 541, 512, 559, 667, 622, 648, 705, 641, 519, 512, 623, 651, 678, 660, 776, 758, 599, 550, 589, 2135, 2393, 1192, 1199, 1985, 1515, 766, 937, 3817, 4436, 2072, 1621, 3166, 2249, 1168, 1310, 3098, 3511, 1590, 1450, 2567, 1891, 1135, 1113, 1545, 1716, 906, 970, 1316, 1405, 1255, 978, 1191, 1333, 1029, 801, 1052, 1489, 1467, 1075, 904, 1002, 797, 636, 869, 1148, 1181, 915, 777, 833, 691, 563, 717, 723, 745, 728, 931, 976, 751, 704, 774, 796, 780, 730, 900, 1032, 850, 666, 722, 786, 773, 727, 1108, 1223, 864, 736, 821, 756, 775, 772, 2363, 2301, 1108, 1633, 2085, 1287, 776, 1324, 4152, 4474, 1847, 2346, 3783, 2527, 978, 1672, 3946, 4755, 2340, 2010, 3770, 2692, 1262, 1466, 2297, 3101, 2088, 1401, 2361, 2005, 1261, 1164, 1206, 1646, 1412, 1009, 1231, 1282, 1075, 921, 804, 814, 770, 758, 766, 668, 649, 816, 787, 904, 804, 599, 671, 743, 641, 654, 807, 918, 847, 612, 680, 784, 671, 682, 921, 1009, 874, 650, 683, 766, 773, 727, 871, 935, 888, 773, 637, 668, 727, 657, 682, 713, 748, 811, 715, 648, 824, 751, 678, 811, 809, 820, 731, 686, 727, 693, 622, 869, 816, 642, 634, 823, 833, 620, 704, 889, 760, 578, 774, 861, 769, 580, 743, 776, 717, 620, 759, 791, 737, 718, 794, 806, 753, 733, 777, 726, 685, 744, 792, 792, 807, 854, 736, 718, 740, 802, 708, 664, 767, 842, 734, 716, 802, 802, 704, 753, 685, 731, 763, 686, 724, 685, 760, 760, 611, 674, 675, 667, 633, 550, 668, 569, 637, 664, 654, 626, 595, 624, 687, 695, 727, 688, 706, 706, 703, 627, 618, 654, 651, 573, 572, 651, 613, 531, 634, 530, 553, 516, 538, 572, 549, 568, 652, 654, 627, 664, 648, 636, 660, 628, 593, 537, 626, 682, 589, 594, 626, 661, 626, 619, 627, 606, 541, 535, 618, 677, 607, 660, 567, 545, 556, 508, 596, 622, 565, 599, 555, 580, 631, 617, 638, 567, 689, 784, 659, 595, 693, 620, 646, 648, 654, 764, 655, 538, 587, 582, 628, 649, 695, 743, 595, 571, 687, 638, 645, 680, 761, 771, 666, 609, 742, 732, 644, 686, 623, 718, 700, 575, 616, 686, 630, 595, 591, 603, 657, 590, 681, 670, 677, 651, 619, 601, 521, 593, 564, 580, 580, 596, 654, 620, 613, 654, 628, 598, 704, 697, 652, 542, 495, 640, 714, 624, 613, 693, 692, 611, 594, 701, 730, 641, 627, 721, 545, 486, 545, 581, 569, 555, 622, 638, 570, 492, 592, 593, 597, 562, 550, 690, 581, 490, 579, 530, 596, 543, 625, 701, 540, 567, 580, 620, 590, 587, 596, 590, 588, 473, 540, 635, 596, 562, 522, 590, 763, 621, 589, 625, 718, 787, 705, 734, 763, 711, 575, 606, 762, 882, 791, 735, 648, 655, 650, 640, 732, 849, 763, 635, 617, 617, 624, 646, 635, 828, 829, 605, 582, 624, 650, 699, 648, 707, 806, 671, 567, 576, 605, 597, 614, 724, 768, 659, 582, 599, 598, 528, 620, 740, 681, 574, 604, 565, 577, 546, 590, 701, 688, 681, 634, 520, 585, 626, 636, 624, 562, 704, 648, 560, 544, 661, 656, 576, 580, 701, 769, 669, 642, 629, 701, 651, 592, 786, 772, 615, 632, 657, 694, 715, 703, 805, 727, 711, 728, 679, 633, 719, 685, 734, 577, 678, 662, 683, 605, 659, 817, 680, 631, 590, 577, 637, 663, 757, 842, 774, 1088, 947, 929, 726, 772, 1172, 1452, 1316, 1286, 1281, 1155, 840, 978, 1561, 2008, 1768, 1064, 1334, 1091, 953, 911, 1631, 1895, 1402, 899, 1249, 1187, 1027, 841, 1314, 1779, 1289, 791, 879, 957, 893, 802, 905, 1469, 1305, 908, 879, 766, 717, 803, 968, 1083, 965, 853, 1026, 965, 680, 747, 1005, 1068, 894, 830, 957, 1087, 856, 686, 1003, 1248, 1205, 900, 987, 910, 841, 725, 1005, 1246, 1033, 1478, 1327, 1026, 1141, 903, 1314, 1216, 1011, 1480, 1356, 1505, 1274, 812, 1316, 1297, 1422, 912, 988, 1300, 1064, 778, 846, 1108, 1178, 652, 804, 984, 943, 778, 621, 813, 833, 714, 773, 961, 1152, 1070, 732, 791, 860, 729, 701, 1062, 1246, 1008, 659, 779, 922, 811, 837, 1033, 989, 757, 562, 638, 870, 630, 663, 661, 591, 488, 497, 527, 579, 474, 520, 510, 501, 464, 558, 615, 498, 553, 541, 453, 419, 368, 584, 601, 448, 593, 552, 507, 492, 427, 544, 506, 424]"
-0.5364925861358643,-1.030543327331543,-0.5659640431404114,-1.2465883493423462,-0.1195826530456543,0.019995197653770447,-0.5011265277862549,-0.29623496532440186,-0.5999565124511719,22.0,-0.23643958568572998,0.10027885437011719,15.5,-0.08008468151092529,-0.35920143127441406,19.5,0.030350804328918457,-0.21915435791015625,20.5,0.053954243659973145,-0.10857582092285156,20.5,"[561, 522, 529, 576, 571, 573, 533, 522, 523, 494, 533, 613, 668, 652, 615, 541, 564, 535, 598, 589, 532, 550, 598, 570, 568, 552, 509, 524, 529, 572, 544, 559, 506, 452, 467, 481, 477, 538, 513, 521, 537, 516, 489, 559, 628, 582, 576, 537, 549, 525, 388, 491, 573, 558, 538, 506, 543, 516, 568, 623, 501, 421, 501, 572, 417, 418, 565, 557, 487, 458, 512, 529, 489, 477, 500, 539, 521, 510, 512, 508, 432, 438, 550, 576, 476, 424, 523, 540, 536, 442, 446, 567, 599, 525, 454, 507, 457, 425, 453, 546, 557, 482, 522, 480, 522, 466, 556, 615, 578, 536, 646, 571, 656, 742, 629, 667, 696, 599, 548, 545, 609, 668, 551, 536, 594, 637, 573, 479, 574, 553, 623, 577, 526, 586, 600, 591, 523, 450, 566, 604, 558, 576, 628, 595, 617, 523, 509, 701, 588, 524, 545, 591, 1460, 1512, 861, 646, 1108, 1372, 1026, 729, 3720, 4376, 2513, 837, 2857, 4904, 3859, 776, 4625, 5352, 3115, 932, 4093, 6798, 5201, 1003, 2702, 3150, 2358, 1900, 2746, 3003, 2189, 1640, 1484, 3253, 5773, 4966, 1909, 2478, 3274, 2873, 1485, 3813, 6317, 5208, 2180, 3629, 3562, 2296, 1375, 2062, 3244, 2682, 1683, 2704, 2287, 1161, 953, 1091, 1082, 963, 829, 974, 878, 792, 1421, 2164, 1689, 660, 1036, 1580, 1529, 741, 1829, 2591, 1752, 620, 1257, 1655, 1644, 757, 989, 1106, 859, 678, 922, 975, 991, 799, 927, 1023, 855, 850, 915, 839, 833, 754, 1430, 1681, 1278, 876, 1035, 1063, 1155, 967, 1340, 1468, 1105, 810, 881, 975, 965, 974, 793, 868, 736, 683, 752, 771, 790, 696, 671, 725, 568, 587, 687, 727, 686, 533, 571, 549, 521, 562, 615, 684, 616, 520, 580, 611, 547, 470, 534, 613, 572, 529, 688, 759, 661, 590, 594, 585, 511, 537, 733, 859, 805, 703, 692, 663, 631, 654, 1321, 1179, 736, 1038, 1047, 747, 550, 928, 1730, 1637, 749, 924, 1212, 908, 618, 937, 1264, 1363, 774, 671, 1044, 910, 655, 671, 852, 946, 696, 741, 949, 802, 593, 611, 810, 927, 789, 700, 853, 965, 831, 678, 810, 1089, 1016, 720, 856, 1261, 1164, 787, 931, 1083, 995, 825, 833, 1183, 1143, 871, 1031, 1043, 779, 803, 811, 820, 798, 831, 752, 909, 920, 851, 769, 755, 819, 732, 624, 800, 819, 697, 748, 737, 667, 603, 765, 922, 1016, 844, 778, 792, 657, 666, 1342, 1606, 1284, 983, 1336, 1155, 772, 855, 1326, 1475, 980, 1077, 1342, 1212, 851, 897, 966, 987, 805, 792, 840, 837, 758, 853, 772, 871, 809, 588, 676, 815, 742, 680, 747, 854, 767, 609, 660, 759, 694, 619, 710, 899, 737, 619, 747, 791, 713, 679, 769, 852, 741, 634, 671, 707, 654, 581, 634, 757, 768, 556, 582, 667, 601, 566, 894, 893, 724, 633, 776, 797, 758, 775, 877, 975, 758, 722, 908, 876, 800, 720, 888, 973, 802, 777, 920, 860, 749, 707, 941, 1240, 1057, 728, 807, 999, 998, 662, 902, 1113, 961, 768, 716, 1024, 1039, 773, 770, 740, 691, 697, 769, 909, 865, 719, 718, 717, 743, 636, 661, 766, 701, 653, 635, 700, 702, 591, 683, 687, 662, 653, 641, 671, 600, 568, 642, 623, 544, 571, 650, 749, 649, 604, 656, 765, 663, 547, 616, 759, 739, 665, 674, 710, 625, 561, 625, 725, 737, 653, 694, 733, 707, 599, 687, 644, 596, 511, 603, 761, 731, 593, 575, 638, 598, 580, 582, 595, 595, 580, 539, 572, 674, 612, 654, 678, 628, 556, 616, 610, 639, 585, 622, 720, 707, 634, 647, 619, 642, 631, 521, 545, 627, 672, 657, 659, 664, 646, 572, 600, 591, 581, 587, 628, 551, 542, 610, 591, 537, 545, 552, 523, 511, 618, 595, 506, 539, 570, 612, 551, 593, 616, 520, 555, 594, 637, 654, 643, 649, 608, 589, 546, 547, 573, 610, 650, 717, 640, 622, 751, 654, 635, 647, 716, 772, 768, 728, 790, 736, 670, 661, 695, 743, 700, 680, 720, 726, 709, 598, 601, 622, 724, 759, 686, 657, 670, 666, 696, 606, 744, 786, 732, 640, 560, 606, 664, 641, 675, 730, 737, 711, 639, 726, 658, 604, 633, 679, 567, 544, 653, 719, 648, 634, 710, 686, 610, 601, 631, 681, 641, 641, 635, 711, 703, 575, 619, 632, 723, 745, 724, 742, 713, 710, 683, 597, 625, 606, 686, 769, 697, 621, 606, 614, 650, 608, 596, 682, 740, 662, 545, 676, 708, 678, 569, 600, 631, 643, 565, 701, 571, 571, 542, 550, 628, 614, 653, 761, 576, 548, 544, 571, 598, 641, 759, 685, 524, 635, 631, 613, 562, 769, 870, 509, 525, 590, 642, 548, 640, 826, 726, 613, 570, 706, 703, 665, 718, 778, 693, 660, 613, 637, 656, 557, 592, 623, 623, 543, 623, 607, 611, 524, 562, 592, 484, 614, 722, 765, 724, 640, 667, 677, 569, 508, 673, 713, 608, 577, 712, 888, 720, 591, 684, 694, 618, 565, 741, 773, 605, 611, 593, 574, 656, 579, 597, 623, 574, 679, 552, 642, 733, 704, 675, 699, 752, 658, 612, 695, 673, 692, 685, 689, 721, 605, 607, 642, 618, 603, 639, 691, 670, 650, 670, 765, 718, 624, 652, 701, 726, 632, 645, 626, 653, 639, 598, 641, 608, 707, 651, 589, 701, 624, 631, 674, 698, 725, 791, 717, 736, 805, 831, 922, 864, 1152, 950, 992, 978, 840, 1025, 912, 1022, 1671, 1118, 1217, 1260, 1117, 1156, 976, 1502, 1490, 1044, 1143, 1247, 1128, 1033, 1168, 1460, 938, 973, 873, 1020, 915, 886, 1106, 1068, 810, 852, 657, 717, 885, 890, 885, 795, 850, 708, 686, 713, 771, 755, 842, 899, 977, 986, 958, 969, 837, 797, 1006, 972, 874, 958, 1008, 972, 795, 855, 940, 902, 1012, 690, 1046, 1205, 839, 883, 785, 1046, 899, 803, 998, 962, 736, 786, 704, 925, 778, 786, 1070, 945, 730, 774, 896, 1022, 732, 812, 864, 817, 822, 763, 846, 886, 632, 759, 868, 853, 811, 762, 792, 797, 659, 611, 689, 659, 599, 591, 528, 659, 581, 568, 710, 569, 477, 451, 551, 705, 472, 521, 602, 526, 441, 466, 529, 558, 484, 571, 568, 520, 469, 468, 524, 524]"
0.276162326335907,0.05375794693827629,0.13262617588043213,0.45685189962387085,-0.18908001482486725,0.8055065274238586,0.13554593920707703,-1.135085105895996,1.5621185302734375,15.5,-1.135085105895996,1.632070541381836,22.5,0.04680347442626953,0.8488655090332031,21.0,0.09916019439697266,0.7707595825195312,24.5,0.1691122055053711,0.7059574127197266,25.5,"[486, 593, 647, 633, 547, 633, 652, 596, 568, 581, 634, 674, 526, 525, 643, 659, 501, 518, 606, 661, 605, 553, 558, 523, 410, 475, 669, 623, 542, 590, 694, 679, 434, 572, 586, 459, 464, 536, 538, 454, 542, 563, 585, 545, 486, 515, 545, 493, 472, 428, 407, 513, 464, 353, 459, 521, 521, 498, 477, 549, 561, 550, 492, 538, 494, 496, 543, 676, 666, 597, 520, 544, 546, 552, 623, 677, 673, 553, 602, 618, 520, 516, 552, 577, 568, 555, 553, 525, 461, 402, 526, 552, 465, 502, 503, 483, 464, 397, 502, 525, 405, 418, 460, 449, 470, 501, 518, 509, 501, 556, 556, 464, 497, 560, 586, 500, 573, 630, 591, 558, 492, 478, 581, 624, 503, 514, 576, 531, 505, 487, 522, 540, 525, 514, 534, 481, 590, 532, 552, 496, 513, 526, 478, 542, 630, 601, 540, 495, 482, 472, 457, 554, 586, 521, 530, 560, 573, 495, 465, 588, 545, 501, 515, 529, 553, 475, 473, 510, 572, 462, 473, 573, 581, 454, 487, 544, 583, 553, 503, 463, 527, 493, 532, 640, 566, 562, 545, 530, 563, 536, 550, 603, 632, 661, 575, 556, 658, 598, 504, 585, 605, 607, 573, 623, 747, 650, 572, 578, 577, 573, 587, 559, 626, 625, 577, 598, 592, 509, 526, 501, 493, 526, 542, 576, 468, 535, 632, 594, 438, 493, 476, 489, 497, 608, 603, 581, 636, 586, 543, 464, 546, 583, 585, 602, 649, 611, 509, 510, 577, 524, 538, 581, 516, 510, 544, 576, 526, 532, 486, 546, 447, 472, 587, 578, 484, 481, 526, 574, 585, 560, 520, 534, 567, 482, 540, 570, 576, 592, 564, 623, 629, 561, 470, 527, 571, 497, 537, 620, 581, 505, 483, 566, 565, 462, 484, 528, 559, 573, 519, 549, 578, 627, 636, 560, 534, 595, 501, 492, 513, 653, 664, 502, 478, 514, 499, 448, 505, 563, 577, 488, 515, 555, 628, 502, 525, 658, 665, 567, 512, 624, 672, 579, 565, 668, 647, 521, 530, 640, 621, 594, 671, 663, 628, 513, 566, 523, 546, 618, 609, 671, 673, 623, 651, 481, 518, 601, 610, 607, 598, 639, 556, 486, 495, 609, 681, 645, 611, 597, 584, 541, 492, 572, 607, 529, 642, 645, 583, 616, 607, 591, 541, 629, 682, 614, 529, 554, 543, 534, 534, 534, 605, 625, 579, 579, 512, 546, 569, 521, 593, 649, 733, 694, 710, 738, 672, 704, 865, 864, 1585, 1120, 1783, 1582, 1080, 1579, 3389, 3402, 3445, 2168, 3714, 3147, 2238, 2840, 7420, 7761, 2912, 1842, 3004, 2791, 2135, 2197, 6278, 6638, 2059, 1070, 2250, 2655, 1798, 1004, 1834, 2673, 6101, 3201, 6945, 5686, 3890, 2930, 9284, 11168, 5580, 3054, 6586, 5378, 3874, 2880, 9680, 11191, 1971, 1284, 2398, 2404, 1650, 1419, 4011, 4294, 868, 638, 995, 921, 766, 570, 1153, 1395, 953, 857, 1346, 1089, 727, 732, 1489, 1707, 646, 868, 1101, 863, 635, 694, 1241, 1197, 497, 641, 672, 568, 568, 664, 652, 543, 551, 638, 630, 636, 623, 655, 627, 560, 628, 631, 608, 622, 550, 641, 644, 579, 650, 553, 523, 622, 623, 582, 582, 543, 534, 512, 602, 656, 657, 666, 668, 592, 575, 487, 510, 686, 666, 594, 718, 673, 703, 647, 507, 646, 702, 615, 563, 652, 610, 583, 452, 503, 648, 638, 539, 562, 565, 561, 575, 526, 626, 549, 519, 627, 522, 576, 684, 613, 558, 594, 565, 550, 571, 613, 600, 638, 669, 591, 621, 573, 785, 791, 660, 730, 650, 630, 661, 610, 1102, 1406, 1221, 964, 767, 823, 956, 769, 967, 1462, 1393, 920, 712, 812, 1046, 847, 721, 856, 765, 606, 594, 701, 803, 750, 621, 734, 926, 890, 598, 593, 655, 711, 700, 679, 1072, 1152, 811, 685, 768, 860, 841, 795, 1123, 1170, 898, 714, 698, 919, 723, 657, 831, 800, 631, 597, 570, 776, 702, 585, 559, 552, 681, 703, 638, 645, 645, 683, 586, 633, 714, 729, 715, 610, 580, 540, 537, 585, 652, 646, 653, 637, 699, 586, 564, 568, 569, 591, 617, 684, 650, 579, 592, 638, 635, 655, 590, 668, 628, 557, 592, 648, 676, 652, 669, 646, 580, 594, 579, 597, 645, 680, 685, 582, 579, 599, 646, 572, 604, 775, 718, 636, 625, 594, 647, 694, 632, 563, 610, 651, 602, 602, 605, 608, 640, 639, 628, 586, 538, 597, 620, 521, 595, 687, 660, 555, 561, 553, 679, 658, 682, 615, 695, 708, 567, 557, 599, 593, 582, 508, 537, 629, 638, 627, 538, 559, 605, 611, 593, 608, 604, 575, 607, 633, 654, 595, 561, 587, 529, 550, 607, 579, 496, 579, 563, 561, 596, 534, 492, 496, 500, 500, 527, 535, 586, 571, 513, 508, 491, 499, 522, 553, 576, 489, 557, 547, 512, 583, 592, 576, 567, 542, 577, 549, 552, 596, 575, 539, 476, 607, 522, 532, 582, 602, 603, 483, 628, 720, 670, 604, 612, 572, 524, 535, 641, 667, 604, 613, 664, 539, 544, 563, 593, 585, 640, 592, 493, 532, 574, 636, 474, 503, 557, 506, 421, 520, 543, 566, 511, 495, 467, 538, 521, 472, 512, 532, 612, 561, 586, 540, 528, 520, 586, 631, 673, 604, 553, 586, 590, 625, 581, 555, 614, 719, 582, 566, 564, 603, 610, 543, 636, 654, 474, 564, 657, 563, 583, 529, 591, 601, 566, 633, 615, 512, 557, 567, 542, 466, 541, 540, 490, 499, 496, 555, 460, 514, 521, 598, 545, 489, 568, 549, 543, 637, 613, 586, 547, 598, 636, 559, 485, 612, 697, 605, 552, 571, 564, 557, 598, 582, 572, 528, 602, 609, 572, 603, 639, 584, 492, 520, 645, 592, 588, 621, 605, 610, 499, 520, 621, 551, 513, 559, 656, 546, 474, 496, 531, 559, 519, 597, 625, 556, 533, 553, 508, 554, 552, 616, 548, 449, 475, 440, 448, 491, 445, 480, 494, 542, 472, 365, 446, 462, 431, 399, 504, 509, 381, 332, 418, 444, 362, 414, 441, 474, 440, 451, 437, 420, 442, 400, 451, 404, 415, 441, 364, 385, 478, 433, 519, 488, 429, 392, 362, 451, 457, 416, 360, 391, 399, 354, 345, 354, 343, 345, 415, 373, 400, 414, 396, 363, 340, 415]"
0.08146150410175323,0.10604281723499298,0.35349008440971375,-0.06986775994300842,0.0032163113355636597,0.8560130596160889,-0.45867499709129333,-1.2609500885009766,1.6127586364746094,24.75,-1.1622447967529297,1.435232162475586,27.5,-0.14958572387695312,0.8817672729492188,22.5,-0.08592796325683594,0.8278369903564453,26.75,-0.06890487670898438,0.8514404296875,19.5,"[508, 613, 726, 625, 574, 624, 728, 617, 541, 595, 660, 746, 723, 636, 665, 558, 473, 590, 643, 594, 569, 602, 603, 548, 469, 537, 506, 461, 523, 489, 518, 494, 508, 481, 430, 455, 451, 461, 484, 468, 462, 467, 545, 484, 452, 469, 470, 452, 433, 470, 487, 452, 529, 544, 471, 423, 451, 463, 490, 485, 518, 487, 482, 512, 457, 519, 468, 480, 537, 495, 469, 475, 594, 467, 553, 637, 531, 519, 616, 652, 552, 490, 500, 504, 462, 596, 630, 575, 545, 506, 422, 489, 545, 550, 548, 502, 513, 575, 534, 518, 587, 587, 566, 510, 558, 597, 598, 572, 589, 647, 608, 600, 529, 481, 583, 550, 535, 618, 569, 560, 499, 486, 516, 498, 502, 513, 498, 533, 557, 565, 627, 647, 637, 602, 529, 518, 566, 659, 564, 509, 630, 606, 538, 517, 543, 573, 541, 525, 537, 519, 517, 483, 524, 512, 496, 588, 578, 501, 542, 462, 535, 539, 546, 478, 532, 578, 589, 554, 594, 536, 509, 462, 576, 548, 580, 632, 552, 601, 565, 553, 539, 520, 510, 558, 634, 745, 640, 570, 600, 640, 562, 547, 513, 563, 621, 514, 504, 525, 549, 548, 594, 465, 584, 571, 560, 629, 573, 618, 547, 604, 640, 557, 461, 552, 505, 517, 558, 631, 605, 536, 497, 549, 566, 552, 524, 552, 558, 509, 469, 528, 623, 556, 576, 568, 503, 480, 465, 511, 568, 485, 644, 589, 561, 507, 491, 504, 504, 559, 508, 540, 544, 521, 499, 536, 568, 558, 548, 468, 498, 516, 510, 550, 524, 563, 554, 536, 532, 556, 582, 582, 524, 523, 505, 553, 534, 474, 496, 556, 596, 553, 557, 533, 584, 508, 553, 547, 569, 644, 577, 471, 488, 552, 517, 495, 558, 596, 666, 545, 571, 608, 564, 518, 557, 706, 628, 588, 466, 452, 615, 580, 514, 578, 685, 621, 533, 490, 698, 643, 517, 618, 539, 495, 564, 540, 550, 568, 506, 499, 622, 621, 639, 599, 567, 626, 604, 549, 566, 596, 621, 547, 510, 521, 567, 584, 588, 606, 609, 588, 597, 669, 674, 656, 641, 576, 574, 619, 581, 603, 582, 608, 679, 552, 613, 698, 628, 558, 536, 685, 700, 520, 554, 608, 624, 582, 616, 703, 672, 534, 605, 556, 558, 648, 608, 644, 549, 528, 590, 591, 561, 561, 497, 520, 683, 716, 881, 733, 616, 690, 745, 716, 862, 1965, 2304, 1478, 818, 1592, 3044, 2583, 3505, 4180, 6199, 4370, 2756, 3994, 10070, 9950, 6010, 4553, 7741, 6396, 4718, 4699, 13864, 14611, 2449, 1442, 2444, 3278, 2443, 1710, 5522, 5795, 4709, 2812, 5636, 4137, 2609, 2366, 7049, 8632, 7499, 3633, 8856, 7044, 4497, 3102, 11533, 14133, 5071, 3361, 7748, 6604, 3487, 2787, 9410, 10828, 1626, 2983, 4881, 3924, 1532, 2202, 5112, 5005, 1675, 2520, 3273, 2261, 1050, 1755, 3115, 3071, 1484, 2105, 2702, 1863, 920, 1567, 2897, 2857, 696, 1126, 1226, 873, 589, 981, 1467, 1222, 650, 639, 602, 568, 576, 620, 631, 612, 537, 622, 705, 593, 540, 672, 781, 688, 548, 530, 555, 529, 547, 724, 658, 511, 510, 492, 544, 487, 498, 617, 529, 468, 503, 529, 575, 596, 487, 505, 580, 563, 635, 608, 574, 557, 616, 615, 580, 577, 587, 649, 650, 666, 640, 586, 553, 560, 640, 675, 678, 590, 617, 700, 570, 500, 672, 710, 586, 566, 614, 740, 684, 549, 568, 559, 552, 603, 589, 664, 679, 567, 604, 543, 571, 555, 634, 726, 585, 535, 654, 960, 1180, 907, 579, 838, 795, 676, 775, 1354, 2126, 1656, 788, 1272, 1155, 1045, 878, 1373, 2093, 1712, 874, 1303, 1310, 983, 858, 1091, 1571, 1455, 1009, 1017, 1201, 1116, 1161, 830, 1209, 1418, 1134, 925, 1037, 1283, 1432, 666, 1289, 1517, 970, 827, 805, 1368, 1351, 1015, 1133, 1140, 982, 1171, 828, 1033, 846, 769, 708, 713, 784, 799, 678, 769, 695, 685, 652, 736, 735, 808, 769, 634, 737, 731, 671, 726, 785, 937, 812, 572, 588, 689, 654, 551, 671, 784, 715, 577, 576, 656, 643, 582, 650, 535, 641, 734, 620, 573, 577, 687, 670, 486, 573, 666, 514, 576, 523, 583, 622, 601, 479, 533, 536, 511, 561, 609, 614, 660, 589, 535, 578, 575, 565, 569, 556, 545, 560, 631, 591, 583, 616, 571, 463, 582, 675, 685, 609, 565, 668, 600, 490, 633, 697, 680, 477, 555, 645, 550, 415, 581, 654, 518, 468, 537, 567, 510, 539, 563, 507, 448, 654, 612, 555, 618, 556, 543, 584, 615, 624, 606, 574, 604, 567, 522, 579, 603, 659, 643, 511, 431, 545, 591, 519, 553, 628, 589, 532, 525, 719, 633, 488, 568, 530, 494, 507, 496, 609, 605, 573, 555, 539, 526, 576, 536, 676, 694, 552, 533, 618, 616, 634, 574, 638, 653, 596, 582, 657, 699, 670, 614, 544, 558, 589, 614, 530, 547, 650, 678, 552, 564, 653, 582, 599, 600, 595, 572, 624, 636, 612, 572, 620, 671, 611, 538, 616, 647, 568, 575, 613, 623, 545, 550, 646, 610, 489, 560, 614, 655, 515, 543, 617, 612, 540, 543, 649, 610, 517, 511, 543, 579, 630, 645, 612, 583, 599, 569, 588, 589, 659, 692, 673, 676, 603, 607, 535, 566, 619, 629, 498, 490, 583, 505, 535, 545, 549, 597, 548, 553, 619, 611, 585, 554, 643, 683, 545, 583, 644, 561, 589, 616, 581, 572, 498, 560, 607, 570, 633, 579, 564, 574, 495, 547, 643, 583, 513, 611, 600, 527, 621, 531, 604, 593, 546, 519, 522, 594, 643, 591, 786, 687, 540, 585, 735, 810, 640, 718, 842, 670, 490, 643, 787, 781, 639, 646, 671, 512, 513, 624, 617, 575, 576, 576, 557, 444, 496, 600, 523, 504, 550, 582, 539, 515, 540, 535, 512, 593, 402, 480, 542, 493, 490, 509, 515, 461, 527, 543, 523, 403, 472, 536, 445, 463, 563, 519, 521, 484, 557, 534, 539, 585, 559, 530, 523, 530, 514, 526, 512, 550, 474, 502, 519, 500, 458, 425, 471, 478, 432, 457, 402, 358, 455, 421, 385, 376, 494, 486, 437, 488, 548, 471, 434, 472, 398, 411, 484, 470, 429, 411, 419, 400, 338, 341, 433, 469, 425, 373, 384, 392]"
0.03004457801580429,0.40712207555770874,0.2916750907897949,-0.2067708820104599,0.5175797343254089,0.4868972599506378,-0.5680779814720154,-1.3037580251693726,1.5373706817626953,19.75,-0.7050889730453491,1.4071941375732422,15.25,-0.33472955226898193,0.9285449981689453,22.0,-0.28752267360687256,0.904083251953125,19.75,-0.14676034450531006,0.8249759674072266,27.0,"[536, 686, 703, 599, 568, 599, 704, 685, 503, 685, 727, 547, 524, 696, 674, 571, 420, 586, 704, 586, 533, 697, 624, 509, 489, 506, 537, 506, 467, 500, 497, 465, 461, 499, 496, 396, 387, 509, 471, 454, 414, 500, 527, 522, 474, 506, 544, 509, 487, 542, 544, 556, 510, 487, 580, 586, 526, 535, 528, 465, 449, 485, 519, 576, 456, 476, 450, 487, 437, 456, 386, 431, 498, 552, 532, 563, 497, 515, 596, 477, 495, 527, 426, 536, 556, 545, 559, 482, 583, 604, 616, 589, 615, 569, 562, 582, 594, 560, 564, 572, 512, 495, 482, 540, 431, 490, 571, 554, 430, 453, 466, 444, 516, 551, 561, 500, 527, 560, 577, 453, 498, 574, 614, 532, 560, 643, 665, 561, 570, 513, 568, 506, 569, 614, 516, 558, 578, 559, 558, 484, 527, 517, 588, 617, 522, 597, 586, 534, 530, 553, 662, 624, 582, 627, 583, 616, 653, 605, 637, 616, 591, 509, 548, 562, 547, 561, 569, 564, 538, 471, 520, 546, 565, 565, 525, 571, 526, 459, 485, 529, 573, 510, 507, 565, 495, 537, 573, 569, 541, 460, 545, 578, 456, 555, 635, 573, 543, 510, 624, 592, 507, 589, 594, 588, 547, 580, 651, 596, 521, 527, 581, 535, 574, 569, 610, 564, 544, 496, 523, 588, 612, 578, 613, 638, 550, 575, 568, 647, 519, 585, 654, 608, 549, 612, 652, 681, 591, 617, 647, 605, 507, 671, 744, 682, 552, 601, 613, 553, 511, 708, 698, 591, 507, 582, 683, 559, 555, 613, 572, 510, 467, 583, 636, 575, 541, 572, 514, 527, 474, 518, 623, 574, 544, 596, 545, 558, 587, 539, 534, 516, 612, 664, 465, 562, 676, 559, 522, 547, 579, 630, 533, 521, 603, 579, 557, 514, 649, 616, 550, 505, 531, 608, 554, 548, 517, 557, 602, 608, 519, 500, 588, 532, 585, 549, 578, 588, 541, 499, 629, 656, 500, 539, 508, 585, 504, 488, 677, 601, 593, 476, 532, 620, 555, 584, 654, 613, 571, 610, 536, 485, 494, 563, 533, 543, 681, 627, 501, 503, 539, 594, 518, 566, 626, 630, 557, 516, 623, 550, 533, 640, 591, 665, 598, 469, 628, 666, 617, 611, 590, 703, 619, 567, 614, 594, 480, 442, 712, 720, 658, 649, 566, 615, 620, 652, 690, 652, 571, 617, 539, 515, 608, 686, 883, 1446, 1367, 883, 627, 961, 1214, 863, 1538, 3222, 3693, 2383, 1030, 1941, 3387, 2909, 2985, 4126, 5332, 3988, 1979, 2602, 5579, 5570, 3491, 2702, 4281, 3879, 2353, 1909, 4812, 5669, 4629, 1653, 5000, 4779, 2574, 1684, 5625, 7395, 8267, 3669, 9988, 8627, 4346, 3390, 11982, 14888, 11333, 4884, 12793, 10454, 6291, 4339, 16506, 20530, 6754, 3256, 8077, 6373, 3950, 2867, 10663, 12922, 787, 2856, 3713, 2366, 802, 2031, 3739, 3217, 3405, 4422, 6831, 4954, 1786, 2469, 6046, 6792, 2688, 3549, 5946, 4314, 1470, 2171, 5532, 6168, 773, 1506, 2024, 1685, 822, 1488, 2997, 2656, 670, 2180, 2508, 1635, 629, 1936, 3100, 2330, 558, 1662, 1764, 1121, 589, 1318, 2020, 1506, 507, 723, 815, 706, 624, 749, 765, 654, 536, 709, 751, 633, 570, 719, 795, 699, 632, 750, 847, 779, 660, 735, 917, 845, 729, 768, 793, 661, 603, 694, 854, 887, 711, 735, 744, 655, 687, 682, 768, 818, 682, 714, 703, 771, 698, 748, 934, 785, 720, 704, 697, 680, 616, 825, 819, 685, 705, 720, 710, 727, 757, 897, 859, 708, 1452, 2123, 1920, 1189, 963, 1164, 1104, 756, 2626, 3790, 3146, 1574, 1496, 1826, 1690, 1247, 2320, 2419, 1344, 1272, 1549, 1646, 1378, 1168, 1092, 1410, 1544, 1376, 1012, 913, 1056, 1122, 767, 720, 710, 819, 847, 725, 614, 728, 1302, 1298, 1835, 1907, 1163, 757, 1059, 1167, 1379, 1832, 3459, 3238, 1366, 1022, 1605, 1814, 905, 1749, 2795, 2467, 1119, 970, 1450, 1234, 1084, 1440, 1303, 1144, 836, 1097, 1226, 695, 1233, 1103, 755, 617, 727, 900, 828, 964, 767, 806, 957, 861, 791, 727, 669, 764, 611, 760, 966, 953, 664, 650, 663, 620, 710, 827, 934, 840, 586, 732, 750, 652, 797, 761, 721, 772, 625, 736, 665, 589, 957, 642, 816, 942, 813, 909, 776, 815, 769, 682, 900, 872, 843, 977, 832, 843, 714, 635, 767, 710, 714, 710, 683, 794, 599, 593, 737, 682, 596, 665, 631, 628, 670, 682, 790, 665, 622, 717, 683, 651, 670, 564, 640, 579, 609, 660, 599, 689, 576, 527, 699, 702, 545, 538, 692, 777, 573, 655, 693, 615, 578, 577, 651, 697, 586, 666, 657, 535, 603, 637, 633, 590, 650, 757, 562, 460, 751, 780, 676, 626, 670, 677, 536, 545, 723, 726, 650, 624, 605, 502, 569, 585, 552, 590, 526, 550, 647, 540, 632, 578, 576, 616, 592, 693, 521, 532, 632, 612, 639, 615, 631, 643, 499, 606, 615, 528, 565, 586, 530, 507, 676, 660, 623, 560, 595, 614, 524, 581, 679, 606, 712, 606, 702, 711, 605, 667, 478, 551, 633, 508, 555, 577, 519, 545, 530, 567, 599, 563, 538, 636, 607, 571, 580, 627, 633, 608, 514, 557, 631, 590, 673, 732, 660, 691, 667, 644, 670, 627, 671, 630, 647, 661, 643, 609, 572, 589, 603, 603, 585, 669, 577, 565, 574, 479, 620, 578, 615, 591, 564, 612, 575, 553, 563, 521, 662, 659, 579, 605, 630, 653, 626, 550, 599, 652, 682, 585, 602, 684, 558, 574, 565, 613, 647, 724, 702, 649, 571, 615, 831, 782, 556, 754, 772, 738, 591, 660, 806, 797, 570, 631, 758, 692, 547, 529, 565, 625, 645, 554, 530, 601, 588, 552, 673, 679, 657, 608, 596, 668, 540, 625, 749, 622, 537, 579, 549, 588, 579, 647, 690, 587, 529, 608, 560, 551, 496, 609, 689, 602, 547, 567, 559, 518, 548, 582, 596, 579, 496, 485, 511, 496, 520, 554, 557, 559, 472, 461, 524, 541, 483, 481, 487, 470, 390, 413, 479, 510, 509, 433, 438, 453, 478, 501, 462, 484, 465, 487, 423, 450, 528, 491, 485, 441, 453, 429, 342, 404, 459, 381, 375, 404, 362, 404, 439, 445, 458, 434, 436, 481, 419, 419, 415, 431, 406, 384, 420, 460, 392, 397, 435, 396, 440, 440, 457, 469]"
-0.01411016657948494,0.335153192281723,0.1574406921863556,-0.3055841028690338,0.3981460630893707,0.20467224717140198,-0.6119101643562317,-0.16686511039733887,0.8897781372070312,21.5,-0.15942645072937012,0.8518695831298828,25.0,-0.08146357536315918,0.8025169372558594,30.75,-0.06615710258483887,0.8083820343017578,29.25,0.204209566116333,0.7269859313964844,15.75,"[609, 659, 651, 586, 610, 586, 649, 662, 632, 677, 596, 563, 667, 663, 622, 579, 526, 549, 505, 494, 569, 653, 538, 503, 584, 576, 507, 491, 525, 531, 499, 476, 534, 473, 465, 474, 489, 534, 436, 490, 586, 443, 528, 558, 643, 575, 492, 591, 541, 507, 511, 546, 570, 604, 610, 543, 524, 518, 523, 575, 633, 584, 542, 539, 529, 527, 490, 481, 520, 598, 583, 518, 521, 586, 571, 534, 595, 601, 606, 539, 575, 519, 610, 669, 574, 519, 549, 639, 669, 550, 533, 615, 523, 456, 508, 582, 530, 465, 525, 600, 552, 513, 559, 548, 559, 507, 547, 572, 553, 512, 488, 557, 534, 498, 514, 598, 582, 511, 495, 558, 522, 507, 551, 593, 544, 631, 685, 595, 585, 567, 570, 502, 460, 589, 583, 553, 589, 558, 594, 514, 518, 574, 502, 491, 564, 544, 587, 594, 571, 567, 502, 559, 496, 521, 586, 618, 551, 567, 626, 554, 534, 541, 493, 507, 555, 550, 491, 452, 578, 651, 517, 509, 542, 567, 510, 510, 576, 541, 542, 512, 450, 466, 537, 610, 622, 573, 536, 591, 612, 558, 484, 586, 535, 574, 652, 573, 536, 547, 541, 563, 500, 514, 676, 674, 632, 562, 544, 575, 490, 553, 561, 512, 490, 581, 554, 418, 414, 528, 540, 546, 494, 503, 552, 445, 522, 541, 501, 486, 657, 656, 517, 530, 595, 587, 568, 551, 652, 689, 560, 497, 561, 560, 608, 591, 632, 651, 569, 617, 520, 431, 547, 525, 494, 495, 515, 569, 489, 471, 500, 532, 546, 476, 524, 558, 537, 511, 494, 572, 518, 464, 492, 497, 484, 588, 632, 646, 585, 514, 591, 561, 558, 504, 520, 563, 629, 548, 572, 633, 603, 527, 565, 558, 551, 507, 501, 629, 626, 505, 502, 584, 605, 569, 568, 620, 631, 654, 535, 564, 528, 529, 588, 513, 596, 666, 638, 623, 593, 560, 578, 551, 497, 545, 557, 468, 501, 574, 586, 482, 506, 521, 541, 546, 548, 568, 637, 567, 632, 552, 507, 581, 609, 542, 533, 592, 727, 574, 537, 554, 698, 627, 547, 704, 594, 587, 553, 512, 518, 572, 532, 568, 575, 675, 639, 619, 573, 602, 591, 549, 625, 764, 705, 613, 609, 588, 637, 600, 570, 616, 666, 697, 603, 579, 715, 660, 618, 917, 982, 793, 597, 703, 975, 837, 914, 1755, 2082, 1373, 930, 1480, 2605, 2358, 2332, 2586, 3839, 2727, 1882, 2495, 5992, 5966, 3065, 2448, 3910, 3225, 2463, 2525, 6576, 6892, 5578, 3776, 6176, 4243, 3451, 3610, 9260, 10498, 10819, 7683, 13793, 9625, 6345, 7321, 19701, 21975, 11479, 8790, 16235, 11554, 7066, 8023, 22259, 24726, 6741, 6213, 11164, 8159, 4638, 4905, 14010, 15502, 2819, 2682, 5068, 4028, 2073, 1598, 5242, 6088, 2891, 4212, 5328, 3709, 1757, 3032, 5445, 5250, 2996, 6325, 7440, 4531, 1773, 4309, 7378, 6262, 1469, 4875, 5654, 3187, 1011, 3323, 5480, 4298, 798, 2648, 2984, 1609, 613, 1701, 2851, 2230, 806, 1947, 2115, 1215, 575, 1356, 2134, 1644, 696, 985, 1009, 764, 569, 810, 1000, 761, 779, 1085, 1125, 822, 638, 816, 1100, 960, 777, 938, 985, 820, 707, 838, 1062, 1002, 741, 816, 931, 804, 615, 588, 840, 850, 866, 878, 849, 743, 613, 646, 788, 885, 851, 877, 804, 659, 625, 750, 764, 759, 835, 875, 672, 711, 697, 739, 709, 634, 619, 775, 787, 784, 651, 690, 799, 684, 714, 841, 940, 824, 806, 842, 926, 855, 939, 1183, 1107, 888, 927, 993, 840, 727, 1978, 4011, 3963, 2147, 1409, 1798, 2292, 1568, 2246, 5014, 5410, 3273, 1622, 2013, 3005, 2260, 2060, 2977, 3748, 3288, 2062, 1297, 1957, 1926, 2560, 2478, 2202, 2325, 2160, 2169, 2060, 1790, 2146, 1639, 1967, 1760, 1203, 2143, 1767, 1706, 1409, 1071, 1795, 1512, 864, 1552, 1233, 1347, 872, 673, 1075, 1013, 714, 895, 851, 1019, 701, 734, 874, 817, 664, 615, 895, 961, 737, 898, 888, 705, 587, 690, 825, 751, 927, 1002, 925, 719, 692, 777, 942, 868, 794, 851, 772, 685, 644, 596, 858, 892, 764, 672, 831, 830, 723, 679, 850, 916, 709, 762, 841, 826, 725, 695, 903, 860, 576, 751, 840, 854, 610, 735, 889, 743, 623, 711, 862, 875, 620, 789, 892, 724, 591, 751, 938, 813, 664, 765, 734, 574, 542, 684, 868, 770, 641, 761, 770, 656, 680, 654, 810, 773, 728, 800, 813, 812, 617, 678, 653, 672, 704, 716, 650, 700, 681, 674, 618, 610, 635, 557, 617, 689, 606, 616, 573, 620, 569, 636, 708, 646, 716, 653, 661, 681, 689, 662, 742, 757, 743, 633, 651, 629, 653, 640, 580, 708, 639, 662, 585, 493, 565, 594, 561, 609, 628, 546, 587, 541, 518, 506, 598, 660, 759, 715, 680, 630, 570, 618, 600, 729, 609, 629, 697, 605, 535, 612, 558, 625, 632, 708, 741, 701, 629, 748, 667, 603, 659, 717, 681, 641, 606, 719, 634, 537, 694, 825, 717, 669, 740, 755, 694, 572, 664, 713, 576, 691, 643, 577, 633, 571, 500, 512, 600, 677, 530, 525, 644, 609, 489, 542, 556, 648, 665, 548, 656, 665, 612, 689, 663, 672, 698, 567, 560, 615, 546, 548, 618, 592, 652, 644, 677, 659, 610, 605, 696, 684, 655, 744, 866, 796, 572, 602, 650, 593, 503, 629, 623, 625, 572, 522, 545, 502, 580, 706, 648, 558, 584, 601, 592, 556, 606, 673, 641, 603, 593, 728, 734, 630, 572, 639, 660, 595, 689, 723, 826, 575, 615, 795, 956, 884, 784, 1109, 1067, 778, 827, 946, 1202, 1032, 656, 969, 945, 743, 651, 818, 1026, 899, 593, 718, 617, 559, 622, 678, 727, 610, 601, 674, 663, 542, 551, 606, 673, 596, 661, 713, 690, 660, 692, 744, 702, 647, 510, 519, 599, 598, 606, 648, 720, 657, 475, 571, 611, 549, 528, 574, 670, 625, 499, 581, 611, 542, 470, 526, 587, 506, 474, 497, 592, 491, 449, 457, 530, 514, 535, 479, 398, 449, 461, 476, 448, 470, 575, 512, 420, 480, 561, 495, 543, 564, 458, 360, 436, 535, 442, 416, 423, 481, 420, 421, 467, 462, 443, 463, 424, 429, 424, 434, 360, 320, 446, 528, 509, 463, 511, 520, 430, 385, 456, 501, 518, 504]"
-0.13029924035072327,0.39505982398986816,0.13434147834777832,-0.5548754930496216,0.49922657012939453,0.04667939245700836,-0.8185112476348877,-1.3276771306991577,1.412343978881836,23.25,-1.3276771306991577,1.466989517211914,27.5,-0.3956989049911499,1.1040687561035156,19.75,-0.24320638179779053,0.9002208709716797,31.25,0.11098825931549072,0.9275436401367188,17.25,"[535, 610, 634, 611, 580, 609, 636, 606, 514, 499, 617, 626, 566, 640, 676, 598, 489, 486, 444, 552, 575, 581, 588, 528, 471, 520, 474, 424, 468, 560, 574, 503, 506, 517, 507, 493, 518, 509, 466, 461, 510, 486, 503, 551, 571, 595, 567, 514, 472, 502, 544, 527, 427, 556, 544, 462, 518, 523, 549, 533, 546, 529, 529, 567, 571, 529, 497, 514, 506, 521, 554, 554, 574, 621, 608, 536, 589, 636, 531, 478, 532, 560, 641, 607, 588, 563, 551, 572, 415, 425, 474, 521, 480, 404, 500, 507, 504, 510, 504, 528, 530, 492, 491, 529, 521, 453, 526, 592, 582, 553, 527, 519, 551, 444, 523, 558, 502, 484, 532, 582, 525, 506, 543, 509, 510, 571, 551, 527, 492, 472, 497, 468, 460, 496, 452, 452, 534, 541, 564, 514, 487, 518, 584, 609, 568, 510, 458, 501, 521, 482, 541, 617, 530, 462, 576, 586, 553, 611, 587, 625, 533, 417, 569, 636, 543, 474, 619, 706, 595, 561, 576, 581, 598, 567, 515, 626, 538, 642, 636, 575, 575, 615, 611, 501, 505, 641, 646, 649, 552, 592, 631, 572, 622, 704, 692, 561, 547, 617, 636, 597, 614, 620, 606, 588, 540, 535, 523, 573, 491, 534, 547, 561, 530, 537, 564, 515, 528, 484, 587, 578, 531, 562, 595, 557, 520, 532, 538, 577, 529, 510, 565, 572, 522, 523, 565, 584, 510, 577, 643, 534, 500, 603, 548, 586, 597, 619, 623, 509, 495, 547, 533, 518, 539, 555, 549, 540, 484, 546, 541, 443, 440, 550, 529, 456, 568, 592, 590, 555, 576, 583, 520, 529, 542, 551, 559, 530, 568, 626, 558, 558, 596, 530, 483, 574, 643, 569, 498, 585, 547, 581, 571, 603, 647, 608, 492, 493, 580, 558, 631, 609, 617, 681, 603, 592, 548, 548, 603, 531, 561, 593, 554, 567, 707, 704, 642, 620, 655, 618, 554, 617, 677, 696, 574, 608, 635, 541, 580, 609, 604, 696, 701, 604, 600, 577, 627, 608, 460, 550, 590, 513, 545, 602, 590, 516, 492, 534, 620, 528, 578, 622, 597, 549, 588, 507, 650, 645, 629, 648, 584, 632, 614, 539, 597, 546, 559, 660, 641, 627, 576, 685, 651, 558, 507, 721, 818, 647, 1093, 1408, 1577, 1159, 764, 1482, 2076, 1702, 3932, 2877, 3890, 4262, 2959, 3752, 8193, 8224, 6247, 3681, 5783, 6720, 5097, 5038, 13315, 13946, 3027, 2575, 2610, 3500, 2775, 2610, 5791, 5649, 11842, 9343, 13924, 9357, 6763, 8910, 19896, 21809, 21812, 16551, 27400, 18878, 13515, 16507, 41218, 44741, 17549, 14007, 23689, 16980, 11518, 14106, 35813, 38360, 7950, 7523, 13129, 9475, 5321, 6861, 18148, 19308, 2681, 3903, 6402, 4516, 1605, 2764, 6580, 6981, 2598, 4485, 5965, 3812, 1347, 2814, 5772, 5750, 3265, 7250, 9256, 5556, 1617, 4593, 9200, 8560, 1909, 5122, 6311, 3700, 1275, 3418, 6434, 5658, 706, 1747, 2123, 1584, 892, 1475, 2449, 2071, 787, 1069, 1310, 956, 754, 870, 1132, 1081, 826, 1247, 1438, 1005, 762, 833, 1283, 1250, 583, 1030, 1101, 796, 710, 853, 1198, 998, 558, 820, 900, 598, 484, 703, 1004, 879, 562, 671, 734, 663, 537, 538, 749, 698, 855, 682, 750, 760, 674, 650, 654, 785, 902, 814, 849, 849, 746, 854, 767, 799, 807, 820, 878, 827, 726, 827, 762, 741, 600, 696, 713, 639, 732, 736, 638, 591, 601, 766, 818, 664, 729, 766, 706, 733, 1259, 2990, 3733, 2276, 1052, 1831, 1832, 1733, 2540, 8013, 9880, 5703, 1727, 4032, 4297, 4008, 2737, 9491, 11500, 6512, 1774, 4135, 5114, 4702, 1738, 5519, 6745, 3984, 1682, 2598, 3153, 2951, 2122, 2603, 2934, 2092, 1621, 2384, 1829, 1732, 2137, 2039, 3287, 2964, 1288, 2283, 1596, 1943, 1592, 1513, 2815, 2880, 1473, 1206, 1132, 1649, 954, 1117, 1300, 1292, 1152, 959, 963, 952, 1171, 1271, 1191, 943, 1042, 1206, 1096, 972, 1034, 1122, 1160, 1000, 943, 1021, 991, 1050, 777, 961, 875, 648, 717, 757, 809, 885, 1012, 938, 876, 780, 810, 760, 873, 987, 861, 777, 712, 721, 673, 609, 768, 812, 794, 868, 750, 700, 740, 753, 948, 885, 726, 937, 752, 615, 644, 772, 985, 824, 685, 849, 751, 716, 627, 833, 980, 735, 556, 539, 636, 651, 566, 744, 773, 633, 636, 639, 667, 656, 631, 603, 609, 639, 604, 696, 917, 783, 653, 671, 755, 837, 597, 622, 861, 862, 735, 695, 711, 740, 598, 686, 786, 727, 673, 655, 735, 657, 600, 660, 767, 756, 594, 652, 720, 684, 615, 588, 622, 743, 572, 487, 611, 633, 608, 647, 694, 697, 595, 525, 647, 643, 565, 690, 668, 579, 611, 646, 683, 580, 560, 632, 629, 507, 612, 675, 597, 600, 644, 628, 580, 504, 452, 624, 657, 591, 681, 708, 658, 587, 564, 603, 578, 567, 616, 589, 618, 573, 522, 551, 598, 601, 609, 492, 597, 635, 694, 626, 578, 704, 615, 536, 598, 632, 751, 711, 640, 691, 614, 575, 558, 617, 656, 645, 619, 624, 611, 575, 567, 558, 603, 656, 637, 609, 659, 677, 632, 598, 657, 679, 656, 631, 579, 622, 802, 702, 491, 631, 803, 720, 676, 645, 758, 725, 668, 705, 785, 750, 720, 747, 835, 783, 645, 781, 781, 727, 656, 743, 806, 696, 634, 797, 795, 693, 613, 609, 753, 731, 645, 729, 807, 758, 653, 755, 879, 823, 669, 751, 895, 852, 726, 747, 773, 658, 693, 656, 755, 751, 743, 732, 638, 591, 658, 643, 658, 763, 705, 708, 790, 632, 566, 661, 810, 903, 891, 988, 1529, 1147, 633, 844, 1534, 1736, 1012, 1280, 1966, 1434, 734, 938, 1840, 2020, 632, 1115, 1306, 955, 597, 918, 1291, 1154, 623, 678, 739, 723, 552, 563, 625, 624, 637, 534, 638, 623, 548, 601, 841, 869, 612, 513, 568, 601, 661, 666, 815, 855, 654, 548, 564, 490, 559, 640, 705, 761, 571, 472, 515, 488, 434, 446, 517, 628, 459, 485, 487, 458, 458, 557, 577, 526, 447, 537, 488, 526, 553, 601, 593, 421, 473, 486, 450, 484, 500, 592, 541, 442, 414, 487, 469, 500, 479, 526, 594, 508, 472, 560, 520, 379, 470, 505, 518, 537, 345, 445, 514, 468, 430, 445, 411, 379, 404, 380, 425, 473, 438, 455, 455, 457]"
-0.20805935561656952,0.3828457295894623,0.05552799999713898,-0.6597949862480164,0.4756692051887512,-0.14750753343105316,-0.8282907605171204,-0.8577909469604492,1.281595230102539,15.5,-0.6070222854614258,1.0737419128417969,17.0,-0.25139713287353516,0.7485866546630859,21.0,0.14571285247802734,0.8452892303466797,19.5,0.16988849639892578,1.97296142578125,16.0,"[547, 628, 616, 569, 551, 572, 616, 624, 535, 613, 604, 634, 624, 652, 636, 615, 593, 604, 622, 602, 637, 592, 566, 561, 522, 645, 597, 437, 491, 491, 448, 432, 531, 533, 520, 471, 428, 462, 486, 504, 591, 576, 516, 573, 626, 660, 607, 517, 480, 458, 528, 565, 588, 566, 555, 496, 424, 396, 464, 496, 538, 501, 580, 562, 430, 454, 481, 480, 469, 403, 427, 474, 454, 475, 529, 592, 564, 487, 515, 529, 492, 536, 555, 594, 656, 648, 631, 546, 506, 575, 536, 517, 623, 621, 597, 531, 549, 524, 543, 544, 654, 592, 508, 522, 578, 456, 555, 603, 563, 523, 522, 594, 602, 507, 545, 627, 569, 494, 523, 595, 636, 507, 561, 620, 570, 506, 562, 614, 561, 607, 590, 520, 555, 547, 498, 466, 637, 687, 612, 511, 604, 624, 569, 556, 728, 596, 576, 627, 702, 622, 589, 659, 655, 588, 579, 569, 604, 619, 669, 696, 660, 598, 553, 568, 619, 716, 634, 603, 571, 591, 587, 544, 572, 648, 619, 527, 532, 550, 592, 529, 529, 605, 574, 504, 602, 583, 587, 629, 567, 521, 471, 503, 505, 526, 535, 557, 563, 557, 517, 447, 605, 531, 504, 627, 645, 530, 547, 644, 594, 554, 505, 587, 542, 528, 466, 557, 563, 548, 456, 571, 501, 463, 488, 473, 550, 540, 452, 465, 516, 496, 428, 427, 593, 537, 582, 616, 580, 518, 512, 536, 558, 550, 625, 696, 586, 488, 554, 537, 536, 521, 560, 590, 483, 468, 591, 536, 543, 585, 602, 540, 543, 582, 631, 646, 617, 586, 586, 637, 618, 554, 686, 691, 532, 479, 506, 580, 524, 527, 629, 607, 497, 601, 612, 574, 598, 626, 663, 612, 475, 562, 625, 577, 505, 560, 629, 552, 562, 623, 592, 579, 635, 632, 616, 580, 560, 578, 616, 569, 535, 554, 522, 542, 602, 534, 492, 584, 570, 565, 505, 560, 583, 517, 456, 535, 552, 550, 599, 590, 571, 600, 521, 496, 550, 684, 632, 518, 522, 510, 530, 425, 446, 622, 559, 579, 604, 469, 577, 554, 605, 652, 589, 622, 580, 502, 607, 594, 624, 583, 656, 788, 836, 938, 1128, 980, 631, 928, 1617, 1553, 1765, 1669, 2464, 2022, 1418, 1710, 3956, 4054, 1718, 2155, 2848, 1811, 1315, 1773, 4104, 4154, 1412, 1805, 2273, 1544, 1092, 1517, 3454, 3440, 3478, 2062, 3790, 2770, 2350, 2221, 5857, 6757, 7730, 5111, 9906, 6679, 4660, 4681, 14197, 16146, 7219, 6532, 11710, 7907, 4156, 5614, 15679, 17037, 3492, 4103, 7382, 5414, 2138, 3097, 7935, 8627, 1953, 2171, 4162, 3248, 1305, 1636, 3978, 4490, 1280, 1979, 3183, 2275, 838, 1394, 3138, 3269, 1133, 3210, 4052, 2406, 934, 2384, 4716, 4152, 1627, 6749, 7582, 4110, 1362, 5122, 9251, 7385, 1814, 6279, 6525, 3381, 1356, 4896, 8212, 6156, 1502, 2808, 2548, 1255, 1042, 2111, 3275, 2383, 1116, 1960, 2106, 1266, 685, 1482, 2421, 2007, 881, 1502, 1414, 809, 650, 998, 1338, 1004, 1017, 1734, 1610, 922, 728, 1195, 1615, 1101, 880, 1140, 1086, 772, 648, 952, 1186, 907, 675, 746, 712, 665, 634, 675, 778, 705, 709, 795, 788, 648, 657, 683, 800, 794, 860, 1007, 751, 700, 813, 862, 951, 834, 772, 1017, 759, 667, 780, 860, 963, 737, 587, 722, 712, 615, 555, 664, 810, 754, 713, 697, 751, 624, 563, 615, 667, 692, 1433, 2282, 2317, 1098, 1167, 1603, 1266, 894, 2797, 4719, 5029, 2430, 2096, 3689, 2844, 1498, 4216, 5208, 4825, 2655, 3113, 5552, 4325, 2204, 5239, 5322, 3307, 1997, 3461, 4932, 3772, 3002, 3111, 3005, 2747, 2593, 2264, 1928, 1483, 2537, 1577, 1747, 2581, 2154, 1084, 1653, 1452, 1523, 1632, 1956, 1766, 1156, 1052, 1753, 1447, 1090, 1113, 1404, 1332, 1071, 773, 1123, 1118, 927, 1192, 1770, 1767, 1146, 828, 1063, 1392, 1235, 1098, 1776, 1792, 984, 802, 1068, 1457, 1388, 876, 1335, 1293, 872, 800, 907, 1037, 953, 832, 978, 1093, 821, 714, 765, 866, 780, 839, 885, 983, 897, 724, 750, 820, 822, 748, 807, 763, 788, 666, 696, 720, 634, 649, 817, 868, 795, 671, 680, 740, 645, 574, 829, 870, 710, 629, 625, 778, 632, 645, 886, 826, 607, 609, 638, 809, 649, 539, 679, 757, 753, 655, 698, 843, 729, 551, 600, 610, 600, 620, 524, 576, 669, 654, 591, 581, 649, 719, 746, 740, 722, 771, 741, 791, 786, 771, 1015, 1037, 885, 757, 790, 780, 756, 764, 939, 997, 829, 718, 654, 638, 655, 713, 735, 739, 784, 593, 547, 643, 611, 569, 632, 601, 686, 544, 566, 632, 591, 605, 752, 664, 526, 494, 640, 732, 652, 620, 644, 634, 573, 494, 578, 702, 697, 579, 573, 699, 637, 555, 658, 665, 701, 611, 601, 690, 610, 580, 626, 605, 724, 660, 621, 717, 608, 639, 616, 596, 723, 726, 655, 740, 734, 641, 625, 647, 632, 663, 658, 698, 766, 562, 594, 723, 654, 623, 603, 608, 636, 658, 711, 717, 645, 726, 747, 705, 689, 716, 711, 528, 600, 694, 682, 662, 669, 607, 677, 613, 518, 538, 659, 704, 685, 692, 631, 623, 579, 620, 639, 596, 670, 665, 654, 651, 674, 625, 603, 634, 659, 667, 642, 658, 662, 607, 573, 637, 690, 740, 630, 718, 685, 643, 685, 927, 1028, 634, 579, 593, 570, 646, 668, 814, 854, 612, 682, 711, 625, 514, 657, 698, 673, 835, 872, 794, 663, 665, 802, 894, 920, 918, 1008, 1070, 759, 758, 901, 1135, 1162, 696, 963, 1052, 769, 684, 891, 1298, 1133, 614, 961, 973, 747, 625, 914, 1310, 1019, 701, 681, 703, 754, 670, 683, 792, 783, 757, 797, 821, 812, 755, 722, 629, 630, 614, 639, 695, 760, 652, 606, 605, 599, 519, 609, 704, 645, 518, 602, 682, 603, 656, 592, 629, 625, 496, 537, 576, 646, 583, 570, 620, 588, 531, 555, 554, 627, 533, 488, 567, 569, 474, 443, 421, 544, 572, 486, 560, 662, 594, 496, 605, 640, 575, 503, 559, 603, 554, 451, 734, 791, 478, 518, 594, 632, 594, 410, 636, 666, 407, 446, 527, 480, 391, 463, 522, 482, 408, 490, 515, 460, 414, 452, 490, 427, 406, 420, 546, 599, 508, 393, 404, 465, 342, 394, 444, 485, 414, 339, 451, 458]"
-0.2781803011894226,0.0,0.0,0.0,0.0,0.0,0.0,-1.1518555879592896,1.2554168701171875,21.75,-0.7371503114700317,1.1116504669189453,22.0,-0.2021390199661255,1.929473876953125,15.25,-0.146062970161438,0.7749080657958984,23.0,-0.1357632875442505,0.7292747497558594,22.0,"[485, 575, 639, 523, 456, 523, 638, 571, 524, 580, 649, 598, 496, 533, 677, 632, 551, 545, 615, 639, 571, 522, 521, 612, 570, 552, 525, 503, 575, 518, 522, 573, 498, 610, 553, 439, 550, 532, 397, 366, 572, 632, 580, 452, 535, 523, 486, 477, 512, 557, 563, 518, 445, 501, 597, 576, 520, 547, 567, 557, 535, 514, 571, 631, 552, 574, 503, 493, 587, 585, 529, 511, 571, 597, 493, 450, 560, 560, 497, 538, 590, 618, 534, 559, 538, 486, 554, 596, 570, 594, 549, 559, 553, 606, 615, 533, 559, 575, 538, 530, 573, 573, 582, 520, 586, 573, 539, 545, 574, 531, 511, 544, 539, 498, 530, 505, 525, 477, 493, 534, 456, 482, 537, 594, 460, 508, 587, 474, 458, 479, 527, 536, 519, 445, 471, 524, 561, 554, 533, 533, 563, 547, 461, 561, 557, 530, 637, 652, 507, 540, 593, 571, 584, 600, 601, 512, 473, 581, 641, 546, 566, 492, 550, 546, 485, 515, 570, 537, 582, 516, 602, 591, 530, 514, 615, 691, 529, 546, 577, 584, 545, 563, 567, 534, 590, 622, 599, 554, 548, 649, 582, 571, 603, 594, 567, 555, 559, 550, 557, 564, 540, 626, 617, 562, 626, 647, 528, 534, 588, 532, 582, 626, 637, 558, 549, 642, 600, 574, 596, 643, 601, 533, 525, 576, 594, 612, 592, 605, 565, 513, 569, 579, 586, 694, 658, 494, 514, 608, 612, 529, 637, 571, 512, 521, 612, 617, 495, 581, 611, 575, 521, 471, 616, 618, 530, 551, 527, 609, 545, 484, 559, 590, 557, 512, 507, 608, 569, 551, 552, 511, 559, 608, 498, 578, 612, 578, 542, 548, 595, 588, 595, 586, 666, 616, 493, 555, 610, 625, 541, 596, 642, 556, 463, 559, 567, 557, 485, 557, 599, 572, 555, 549, 551, 545, 519, 531, 507, 551, 581, 563, 496, 522, 505, 632, 659, 565, 494, 541, 507, 494, 548, 627, 615, 570, 537, 563, 524, 488, 596, 685, 641, 568, 579, 717, 757, 617, 883, 1245, 1561, 1388, 816, 1586, 2663, 2325, 2062, 2680, 3732, 2988, 1552, 3166, 6813, 6329, 2253, 2829, 3999, 3241, 1674, 3153, 7032, 6643, 1437, 2197, 3111, 2358, 1154, 2035, 4097, 3787, 1442, 2065, 2518, 1728, 1066, 1876, 3073, 2670, 3716, 6889, 8321, 4759, 2150, 6426, 11618, 10130, 6529, 12827, 16685, 9738, 3624, 11585, 22308, 20064, 5717, 10787, 15037, 9370, 3387, 9521, 19244, 17962, 3192, 4708, 7305, 5060, 1968, 4166, 9408, 9310, 1430, 1591, 2390, 1691, 876, 1752, 3514, 3457, 993, 1887, 2406, 1618, 804, 1409, 2582, 2435, 1070, 2747, 3315, 1967, 828, 2038, 3770, 3512, 1266, 2010, 2345, 1473, 849, 1896, 3140, 2927, 1349, 2208, 2371, 1602, 966, 1673, 2125, 1830, 1286, 2464, 2583, 1595, 787, 1400, 1592, 1399, 1009, 1725, 1588, 938, 717, 1062, 1340, 846, 917, 1707, 1639, 971, 782, 1147, 1437, 1013, 852, 1122, 1082, 735, 663, 896, 927, 707, 708, 964, 1037, 850, 627, 719, 845, 821, 745, 1125, 1265, 1073, 769, 813, 950, 948, 630, 946, 1207, 1014, 770, 759, 950, 931, 690, 785, 803, 802, 828, 704, 693, 782, 680, 718, 669, 653, 671, 811, 795, 666, 653, 810, 739, 600, 595, 765, 769, 563, 674, 858, 817, 671, 674, 668, 700, 621, 1079, 1625, 1550, 1067, 1038, 1109, 1079, 996, 2941, 4865, 4903, 3265, 1745, 3053, 3405, 2328, 4182, 6998, 8079, 5600, 2286, 5550, 5878, 3613, 3345, 4334, 6172, 5105, 1750, 4592, 4714, 3108, 2260, 2163, 3803, 3668, 1811, 2552, 2062, 2210, 1924, 1704, 2331, 2534, 1897, 1596, 1306, 1766, 1389, 1599, 1558, 1385, 1151, 1412, 1217, 960, 1641, 2251, 1975, 1124, 1097, 1430, 1239, 959, 1506, 2108, 1796, 1038, 990, 1184, 1169, 828, 934, 1347, 1248, 793, 771, 914, 945, 595, 935, 1487, 1542, 929, 820, 1104, 1160, 930, 924, 1404, 1508, 969, 778, 1035, 1116, 1022, 868, 1187, 1260, 1002, 725, 848, 1055, 941, 856, 1231, 1275, 1113, 878, 1020, 976, 896, 904, 1057, 1090, 940, 924, 888, 821, 890, 776, 945, 928, 809, 836, 732, 799, 924, 685, 1008, 1036, 789, 858, 796, 898, 835, 826, 1097, 1008, 817, 907, 816, 887, 788, 751, 1106, 997, 664, 824, 779, 850, 761, 690, 1073, 965, 637, 722, 764, 876, 732, 697, 811, 833, 800, 707, 810, 890, 780, 679, 853, 900, 793, 642, 833, 892, 756, 712, 837, 770, 663, 612, 725, 726, 637, 723, 857, 710, 580, 617, 732, 737, 620, 717, 810, 757, 689, 644, 731, 749, 663, 730, 770, 680, 628, 629, 613, 618, 600, 670, 657, 626, 492, 609, 611, 687, 769, 659, 682, 706, 536, 679, 830, 895, 887, 701, 771, 771, 637, 621, 782, 965, 959, 654, 857, 788, 618, 675, 742, 854, 803, 765, 778, 673, 627, 651, 687, 703, 645, 744, 651, 647, 701, 710, 705, 634, 588, 696, 581, 533, 625, 615, 690, 660, 670, 597, 545, 637, 638, 531, 665, 680, 589, 664, 640, 670, 719, 611, 667, 726, 671, 683, 616, 766, 883, 750, 767, 1055, 982, 823, 689, 856, 1022, 862, 740, 1170, 1194, 706, 600, 791, 867, 794, 643, 837, 940, 734, 648, 746, 829, 748, 651, 788, 861, 695, 639, 641, 657, 570, 748, 984, 973, 775, 669, 667, 755, 720, 765, 1072, 1053, 823, 823, 785, 758, 639, 810, 1116, 1006, 963, 1074, 866, 789, 801, 975, 1134, 1008, 844, 938, 973, 928, 774, 791, 1098, 1016, 804, 1074, 1191, 1006, 678, 639, 1002, 903, 664, 1268, 1323, 936, 715, 836, 1266, 1186, 668, 945, 1138, 920, 671, 848, 1181, 1100, 629, 787, 917, 761, 599, 742, 797, 711, 688, 651, 725, 626, 619, 681, 692, 793, 736, 677, 742, 666, 742, 631, 610, 793, 713, 557, 619, 621, 678, 576, 735, 847, 751, 519, 647, 597, 649, 521, 727, 978, 722, 583, 673, 649, 624, 567, 832, 988, 721, 622, 680, 758, 656, 736, 885, 843, 627, 620, 706, 747, 705, 689, 799, 789, 543, 607, 616, 612, 569, 509, 606, 631, 556, 483, 453, 507, 479, 383, 463, 529, 518, 474, 503, 520, 455, 495, 500, 495, 528, 511, 530, 468, 502, 571, 544, 568, 425, 496, 614, 517, 413, 452, 517, 491, 396, 532, 662, 549, 400, 426, 516, 495]"
-0.17193160951137543,-0.1385703980922699,-0.22280994057655334,0.26548850536346436,-0.18302863836288452,-0.28986552357673645,0.3063705563545227,-0.36027991771698,0.7791996002197266,24.0,-0.31893813610076904,0.7218360900878906,16.75,-0.27773940563201904,0.7474422454833984,19.25,-0.21050536632537842,0.5458831787109375,24.5,0.3285113573074341,2.3895263671875,17.0,"[447, 541, 510, 556, 575, 554, 510, 540, 501, 518, 509, 626, 662, 597, 543, 449, 582, 635, 643, 619, 606, 609, 590, 560, 494, 583, 515, 437, 522, 566, 483, 498, 547, 548, 576, 500, 503, 552, 550, 494, 504, 555, 570, 645, 603, 570, 626, 561, 523, 473, 653, 682, 658, 572, 593, 662, 576, 563, 582, 678, 611, 520, 556, 589, 503, 479, 503, 522, 487, 459, 503, 570, 579, 550, 619, 614, 532, 520, 603, 649, 490, 515, 563, 640, 614, 526, 583, 628, 555, 526, 485, 619, 626, 521, 518, 609, 544, 519, 469, 506, 572, 528, 478, 493, 542, 457, 524, 567, 518, 474, 510, 583, 534, 480, 543, 518, 517, 500, 610, 664, 621, 554, 499, 532, 519, 525, 608, 680, 569, 458, 530, 610, 545, 484, 545, 615, 626, 570, 561, 575, 547, 458, 529, 638, 498, 513, 548, 505, 565, 573, 553, 597, 544, 528, 545, 538, 566, 543, 619, 646, 545, 596, 555, 514, 507, 482, 561, 598, 571, 657, 567, 533, 605, 545, 596, 658, 543, 546, 554, 592, 607, 567, 610, 651, 627, 717, 697, 532, 606, 646, 676, 699, 625, 957, 859, 542, 579, 672, 752, 591, 553, 759, 722, 524, 543, 644, 669, 528, 501, 591, 648, 588, 451, 483, 576, 555, 571, 503, 594, 614, 552, 610, 596, 503, 545, 518, 572, 605, 536, 490, 529, 548, 545, 548, 540, 631, 579, 507, 540, 592, 574, 554, 570, 622, 628, 607, 537, 483, 600, 614, 590, 537, 548, 640, 620, 598, 462, 514, 597, 563, 548, 539, 617, 578, 519, 514, 512, 517, 572, 531, 523, 581, 611, 569, 477, 540, 650, 637, 507, 554, 519, 472, 451, 543, 598, 546, 547, 530, 530, 507, 508, 538, 559, 499, 512, 538, 645, 667, 718, 619, 567, 688, 887, 815, 1293, 2275, 2601, 1698, 1010, 2276, 3931, 3347, 2331, 4958, 6025, 3420, 1529, 4868, 9352, 8181, 1912, 4600, 5721, 3268, 1323, 4427, 8628, 7545, 1162, 2797, 3340, 2291, 968, 2860, 5041, 4166, 769, 1732, 1784, 1518, 849, 1880, 3151, 2494, 906, 1237, 1198, 1210, 909, 1270, 2238, 1913, 3512, 4991, 5139, 3015, 2361, 3882, 6312, 5291, 6970, 12736, 14318, 7856, 4287, 8634, 14231, 11671, 5805, 14255, 16175, 8376, 3925, 9034, 15041, 12292, 2707, 7919, 8681, 4153, 2040, 4765, 8118, 6611, 1490, 4074, 4710, 2574, 1103, 2289, 4537, 3985, 1405, 3052, 3751, 2207, 871, 1974, 3897, 3576, 2033, 4862, 5870, 3179, 1184, 3753, 7056, 6115, 2892, 7521, 8431, 4303, 1818, 5807, 10246, 8497, 4836, 11113, 10066, 3425, 3116, 6376, 9308, 6127, 5621, 11704, 10034, 2912, 3404, 5833, 8283, 4116, 3854, 7162, 5991, 2018, 2084, 4020, 5380, 2714, 2331, 3536, 3193, 1542, 1177, 2300, 2659, 1787, 1521, 2875, 2894, 1461, 845, 1838, 2516, 1811, 1292, 3963, 4204, 2183, 784, 2369, 3895, 2898, 1380, 3482, 3768, 2001, 872, 2202, 3595, 2803, 1531, 3103, 2949, 1439, 968, 1989, 2850, 2083, 1027, 1759, 1563, 821, 758, 1220, 1508, 1024, 900, 1502, 1341, 888, 817, 1102, 1338, 991, 1247, 1577, 1162, 724, 1109, 1102, 1035, 825, 2465, 3401, 2309, 764, 2117, 2013, 1369, 792, 3195, 4539, 3226, 1107, 2704, 2543, 1777, 1009, 2604, 3508, 3160, 1834, 2317, 2228, 1712, 1514, 3528, 4323, 4970, 4212, 2507, 3111, 3030, 2793, 4921, 6598, 7984, 6540, 3236, 5094, 5218, 3781, 4422, 6253, 7606, 5584, 2881, 5029, 4844, 3276, 2378, 3391, 3883, 2618, 1781, 2786, 2298, 1563, 1219, 1511, 1706, 1289, 1133, 1599, 1264, 925, 1024, 1415, 1531, 1063, 848, 1194, 1135, 769, 851, 1313, 1322, 882, 687, 1095, 1042, 747, 945, 1445, 1237, 719, 623, 990, 1174, 833, 1604, 2699, 2460, 1137, 799, 1425, 1934, 1357, 1893, 3527, 3316, 1477, 1052, 1865, 2511, 1595, 1457, 2476, 2198, 1185, 872, 1613, 2047, 1345, 1064, 1505, 1283, 769, 987, 1344, 1332, 988, 1365, 2455, 2192, 887, 1343, 1515, 1322, 957, 1268, 2197, 2039, 956, 1238, 1418, 1219, 987, 901, 1198, 1132, 755, 868, 1019, 926, 759, 714, 792, 801, 714, 733, 767, 754, 692, 765, 820, 701, 579, 684, 798, 819, 742, 807, 788, 742, 743, 664, 658, 636, 737, 877, 809, 806, 815, 735, 785, 625, 632, 840, 845, 750, 781, 787, 806, 745, 637, 716, 809, 720, 650, 677, 787, 746, 587, 617, 704, 658, 570, 679, 754, 749, 656, 704, 833, 801, 642, 690, 754, 839, 683, 738, 779, 870, 845, 773, 725, 978, 914, 776, 726, 777, 892, 846, 653, 866, 972, 789, 732, 661, 802, 761, 580, 753, 831, 714, 721, 771, 679, 659, 655, 753, 811, 736, 850, 691, 701, 716, 687, 634, 657, 751, 780, 703, 738, 780, 701, 645, 727, 682, 702, 692, 600, 639, 678, 635, 724, 646, 666, 728, 730, 654, 699, 695, 637, 624, 617, 778, 803, 724, 694, 793, 737, 582, 673, 729, 821, 643, 689, 826, 681, 563, 695, 683, 609, 606, 725, 744, 618, 644, 723, 740, 710, 669, 637, 726, 716, 624, 637, 617, 640, 676, 650, 606, 578, 1108, 1056, 1371, 1354, 948, 992, 2040, 2055, 2490, 2116, 3108, 3047, 2098, 1891, 4894, 5162, 2596, 2214, 3037, 2861, 2055, 1984, 4739, 4916, 962, 1370, 1350, 1073, 822, 1319, 1822, 1419, 821, 898, 734, 762, 846, 904, 940, 847, 782, 861, 1026, 855, 788, 895, 1464, 1452, 1044, 909, 1026, 982, 933, 925, 1445, 1663, 1122, 1239, 1125, 1056, 910, 993, 1326, 1332, 1245, 1679, 1392, 956, 905, 1577, 1760, 1141, 994, 1504, 1561, 1125, 942, 1546, 1763, 1157, 1111, 1268, 1091, 843, 826, 1012, 1323, 1156, 1005, 1150, 864, 627, 719, 996, 1197, 1002, 931, 1061, 929, 767, 708, 826, 1006, 956, 1041, 1354, 1590, 1172, 886, 1116, 1441, 1441, 914, 1440, 1651, 1199, 689, 1235, 1582, 1289, 1007, 1510, 1597, 1128, 693, 1094, 1457, 1011, 960, 1196, 1417, 1059, 701, 876, 1032, 999, 831, 903, 1152, 858, 549, 801, 862, 919, 690, 555, 777, 699, 565, 612, 619, 740, 668, 581, 685, 648, 541, 565, 618, 660, 630, 636, 617, 632, 584, 654, 584, 545, 566, 587, 671, 558, 523, 673, 590, 514, 528, 505, 529, 561, 446, 488, 488, 506, 491, 519, 553, 558, 488, 527, 533, 441, 393, 450, 562, 439, 363, 431, 446, 395, 525, 615, 646, 520, 405, 448, 507, 505]"
-0.18365886807441711,-0.5043115615844727,-0.6399906873703003,0.10625916719436646,-0.6606851816177368,-0.6206183433532715,0.02023690938949585,-0.343005895614624,-0.6511688232421875,18.25,-0.2929379940032959,-0.5580425262451172,18.25,-0.20124220848083496,-0.4501819610595703,27.0,1.7546961307525635,0.6105422973632812,15.5,1.81520676612854,0.12230873107910156,18.25,"[573, 603, 620, 646, 640, 643, 620, 602, 588, 598, 583, 634, 665, 675, 669, 614, 481, 489, 564, 582, 583, 560, 571, 570, 503, 490, 554, 538, 518, 504, 510, 533, 478, 543, 593, 490, 478, 498, 476, 488, 555, 490, 419, 466, 521, 558, 502, 522, 498, 578, 571, 507, 511, 627, 515, 428, 495, 487, 544, 538, 496, 480, 501, 534, 543, 497, 498, 564, 513, 494, 544, 556, 625, 554, 527, 576, 580, 578, 629, 607, 559, 496, 429, 457, 527, 512, 497, 576, 547, 560, 576, 560, 536, 505, 462, 513, 563, 508, 516, 489, 564, 546, 428, 523, 558, 565, 542, 480, 551, 593, 564, 494, 551, 574, 546, 445, 478, 554, 535, 476, 511, 415, 445, 539, 471, 445, 522, 529, 469, 423, 422, 466, 454, 448, 504, 503, 583, 581, 486, 515, 484, 516, 640, 596, 606, 615, 615, 595, 543, 597, 662, 584, 575, 592, 529, 552, 574, 647, 623, 515, 580, 614, 509, 516, 566, 586, 601, 557, 461, 534, 530, 515, 469, 499, 483, 425, 545, 559, 509, 456, 458, 544, 477, 439, 532, 760, 689, 603, 629, 620, 584, 512, 671, 991, 893, 688, 723, 654, 746, 621, 624, 888, 864, 677, 592, 635, 763, 603, 553, 686, 726, 570, 548, 612, 657, 630, 576, 611, 580, 475, 540, 654, 585, 553, 612, 570, 508, 524, 601, 649, 556, 525, 563, 519, 477, 519, 501, 476, 554, 566, 624, 650, 628, 568, 516, 553, 658, 677, 2799, 5704, 5269, 2239, 1502, 2397, 3597, 2311, 7141, 15940, 14904, 6130, 3238, 6771, 10946, 6892, 6819, 15811, 14896, 6078, 3081, 6741, 11210, 7202, 2548, 5742, 5264, 2091, 1296, 2710, 4209, 2690, 1516, 3649, 3391, 1448, 695, 2025, 3257, 2177, 846, 1923, 1893, 981, 612, 1038, 1774, 1417, 993, 1846, 1812, 1070, 701, 1258, 1762, 1316, 1392, 3276, 3405, 1781, 849, 2089, 3274, 2497, 1964, 5067, 5184, 2531, 1014, 3053, 4906, 3629, 1984, 5387, 5418, 2530, 1030, 3037, 5150, 3874, 1870, 4414, 4215, 1902, 1063, 2727, 4225, 3017, 1638, 4105, 4442, 2295, 1049, 2241, 3375, 2550, 1375, 3916, 4699, 2793, 1088, 2053, 2515, 2139, 1126, 2556, 2857, 1706, 947, 1393, 1412, 1319, 2146, 3911, 3173, 869, 1416, 1629, 1998, 1063, 4963, 8679, 6585, 1139, 3079, 3384, 4312, 1527, 5173, 9067, 6911, 1383, 3252, 3555, 4557, 1687, 3338, 5514, 4138, 1202, 2217, 2247, 2802, 1344, 2233, 3496, 2611, 954, 1354, 1512, 1826, 1071, 1374, 2064, 1560, 717, 994, 1020, 1159, 651, 1015, 1442, 1133, 679, 749, 746, 839, 577, 868, 1341, 1154, 712, 718, 803, 872, 587, 1305, 2141, 1681, 833, 1060, 1249, 1214, 742, 2147, 3652, 2987, 1155, 2067, 2325, 1595, 994, 3019, 4553, 3589, 1615, 2744, 2999, 1753, 1374, 3299, 4653, 3956, 2147, 2535, 2907, 2047, 1531, 4154, 6137, 5548, 3072, 2695, 3142, 2666, 2328, 5706, 8524, 7176, 3249, 3683, 3854, 3106, 2805, 5367, 7497, 5790, 2526, 3547, 3442, 2609, 2494, 2901, 3527, 2700, 1597, 1743, 1842, 1432, 1622, 1260, 1454, 1169, 883, 909, 844, 894, 886, 1096, 1388, 1191, 784, 821, 961, 936, 820, 989, 1151, 963, 644, 743, 795, 816, 732, 830, 920, 797, 579, 645, 702, 687, 709, 807, 898, 720, 628, 654, 625, 701, 642, 860, 993, 873, 669, 659, 647, 720, 770, 975, 1076, 849, 628, 707, 789, 845, 869, 971, 1065, 829, 646, 767, 836, 837, 804, 900, 1022, 822, 671, 773, 708, 680, 662, 647, 935, 877, 643, 698, 643, 622, 573, 764, 986, 957, 769, 707, 656, 708, 661, 791, 846, 771, 646, 620, 638, 619, 594, 724, 777, 729, 587, 610, 673, 666, 678, 609, 774, 709, 598, 680, 701, 733, 713, 716, 860, 742, 602, 675, 798, 811, 674, 879, 947, 789, 628, 783, 907, 839, 764, 940, 1094, 925, 767, 951, 988, 844, 797, 868, 992, 899, 844, 849, 838, 788, 690, 765, 829, 716, 612, 708, 726, 737, 675, 793, 761, 701, 635, 632, 626, 624, 761, 753, 824, 650, 681, 655, 651, 668, 628, 688, 783, 749, 744, 724, 701, 718, 736, 762, 769, 741, 727, 737, 713, 567, 666, 911, 819, 874, 801, 703, 836, 734, 715, 1157, 1129, 887, 826, 880, 1118, 972, 789, 1088, 1066, 1027, 765, 821, 1143, 951, 798, 926, 912, 711, 606, 836, 970, 690, 672, 654, 721, 650, 567, 673, 739, 644, 537, 550, 612, 679, 650, 574, 624, 584, 521, 637, 615, 764, 679, 576, 606, 656, 649, 699, 695, 653, 642, 559, 624, 712, 679, 713, 746, 762, 648, 544, 666, 843, 739, 1056, 1057, 1076, 850, 608, 921, 1150, 1127, 1216, 1141, 1156, 1007, 871, 1161, 1333, 1244, 1715, 1488, 1141, 1092, 1189, 1493, 1749, 1651, 1788, 1389, 944, 1075, 1185, 1404, 1552, 1644, 1204, 1005, 912, 1023, 890, 904, 1098, 1191, 1013, 759, 847, 978, 741, 813, 922, 935, 927, 834, 623, 783, 677, 751, 755, 796, 946, 860, 619, 764, 724, 675, 733, 831, 813, 804, 690, 716, 725, 630, 694, 751, 770, 880, 756, 636, 636, 849, 862, 691, 856, 925, 907, 757, 703, 924, 952, 825, 1310, 1209, 1596, 1174, 768, 1171, 2029, 2158, 3790, 3165, 4597, 2908, 1354, 2635, 5969, 6954, 5191, 4375, 6078, 3813, 2033, 3650, 7962, 9311, 2752, 3104, 3735, 2404, 1525, 2392, 4737, 5150, 1418, 2100, 2556, 1766, 940, 1588, 2885, 2761, 1369, 1761, 2206, 1853, 960, 1725, 2776, 2521, 1816, 1536, 2048, 2085, 1138, 1371, 2452, 2474, 1586, 1132, 1486, 1692, 1135, 1153, 1838, 1673, 1042, 1333, 1326, 1307, 857, 1240, 1810, 1576, 1696, 2075, 1907, 1411, 1105, 1766, 2057, 1646, 1710, 1620, 1159, 1173, 1307, 1554, 1754, 1716, 1860, 1520, 1670, 1589, 1269, 1323, 2146, 2471, 1693, 1660, 1995, 1672, 1134, 1343, 2009, 2302, 1301, 1398, 1361, 1227, 1013, 1114, 1600, 1545, 1323, 1632, 1346, 980, 984, 1333, 1732, 1330, 1048, 1565, 1329, 880, 791, 1214, 1484, 1029, 817, 1068, 1117, 908, 618, 903, 1126, 980, 867, 869, 1088, 856, 646, 850, 985, 1023, 710, 732, 904, 764, 539, 836, 930, 845, 602, 531, 673, 614, 569, 644, 732, 727, 633, 584, 596, 557, 511, 572, 720, 766, 635, 641, 677, 674, 500, 618, 695, 668, 545, 506, 622, 689, 524, 443, 520, 498, 577, 558, 607, 675, 559, 426, 521, 565]"
-0.26901906728744507,-0.5571709871292114,-0.7475022077560425,-0.13090276718139648,-0.7122650146484375,-0.6175937652587891,-0.2598002851009369,-0.44293439388275146,-0.7955074310302734,19.0,-0.28071439266204834,-0.78277587890625,16.0,-0.18372571468353271,-0.6750583648681641,15.25,-0.16284024715423584,-0.7517337799072266,21.0,0.023269295692443848,-0.5820751190185547,19.75,"[608, 656, 628, 652, 703, 645, 629, 655, 495, 556, 645, 689, 654, 559, 516, 564, 504, 554, 670, 605, 550, 563, 530, 546, 626, 641, 607, 539, 511, 553, 564, 611, 630, 559, 399, 513, 569, 548, 528, 536, 528, 503, 420, 479, 466, 518, 521, 436, 459, 454, 470, 475, 445, 527, 473, 411, 524, 521, 488, 506, 517, 522, 520, 511, 545, 474, 490, 557, 554, 579, 578, 552, 584, 598, 583, 556, 552, 606, 644, 624, 625, 613, 518, 540, 483, 480, 592, 549, 541, 540, 499, 483, 452, 536, 599, 561, 480, 566, 619, 575, 518, 463, 543, 490, 570, 676, 629, 554, 637, 570, 540, 517, 575, 618, 549, 569, 704, 538, 480, 532, 563, 572, 549, 568, 638, 533, 556, 624, 536, 530, 545, 554, 567, 515, 501, 563, 590, 606, 572, 553, 488, 513, 558, 548, 512, 518, 518, 512, 446, 519, 566, 503, 542, 551, 544, 585, 498, 520, 547, 553, 585, 502, 429, 524, 500, 483, 433, 436, 641, 522, 458, 496, 549, 456, 387, 603, 470, 509, 542, 601, 576, 520, 496, 532, 732, 817, 652, 546, 604, 577, 589, 664, 965, 1319, 1040, 543, 726, 768, 734, 629, 846, 1085, 902, 613, 655, 689, 699, 540, 548, 552, 609, 649, 474, 472, 521, 474, 551, 549, 588, 641, 529, 513, 611, 596, 530, 519, 523, 568, 565, 535, 531, 581, 468, 433, 406, 491, 609, 530, 463, 501, 521, 577, 520, 513, 559, 541, 513, 552, 1057, 1788, 1650, 762, 892, 1010, 1144, 802, 3110, 6582, 6005, 1986, 2327, 2871, 3263, 1792, 4567, 10090, 9167, 2922, 3186, 4154, 4917, 2580, 3113, 6768, 6253, 2247, 2293, 2931, 3214, 1845, 2115, 4087, 3674, 1505, 1411, 1707, 1908, 1161, 2741, 4891, 4020, 1383, 1498, 2065, 2586, 1258, 5442, 9583, 7659, 2290, 2499, 3966, 5546, 2709, 8122, 16052, 13850, 4611, 3895, 6086, 9793, 5566, 7511, 16105, 14453, 5006, 3747, 5694, 9633, 5690, 4538, 10173, 9268, 3253, 2372, 3941, 6001, 3576, 2398, 6043, 6119, 2679, 1527, 3056, 3439, 2277, 1307, 3734, 4160, 2071, 1040, 2014, 2126, 1746, 952, 2007, 2210, 1176, 824, 1220, 1403, 1193, 678, 1232, 1234, 689, 711, 837, 1118, 925, 771, 1136, 1016, 634, 612, 747, 911, 691, 725, 983, 871, 563, 637, 752, 788, 650, 791, 1200, 1036, 556, 640, 741, 803, 662, 661, 984, 1001, 630, 644, 707, 754, 761, 876, 1328, 1184, 674, 693, 853, 871, 663, 1634, 2613, 2133, 721, 1349, 1412, 1232, 652, 2407, 3867, 3049, 916, 1984, 2123, 1813, 715, 2421, 3736, 2858, 1149, 2142, 2183, 1819, 875, 2073, 2760, 2008, 1266, 1848, 1739, 1299, 1078, 1409, 2137, 2027, 1066, 1236, 1372, 1114, 853, 3204, 5539, 4425, 1214, 2744, 2857, 1732, 930, 3809, 6275, 4939, 1432, 3481, 3525, 1908, 1112, 3034, 4507, 3376, 1459, 2925, 2778, 1342, 1075, 2062, 2898, 2398, 1241, 1983, 1932, 1141, 900, 1561, 2303, 1809, 1060, 1645, 1645, 1040, 820, 1168, 1618, 1359, 870, 1226, 1284, 909, 801, 964, 1142, 959, 782, 974, 856, 642, 718, 1200, 1485, 1162, 813, 1076, 959, 887, 764, 1268, 1658, 1222, 760, 1106, 1055, 998, 754, 1015, 1339, 1095, 661, 794, 856, 889, 654, 1001, 1156, 1006, 732, 728, 836, 855, 827, 868, 960, 754, 697, 703, 757, 808, 672, 856, 959, 729, 648, 696, 790, 725, 564, 705, 900, 719, 511, 695, 821, 681, 479, 699, 966, 873, 689, 784, 755, 724, 593, 678, 941, 917, 737, 764, 831, 704, 549, 618, 755, 765, 693, 664, 707, 652, 577, 737, 768, 800, 704, 738, 775, 746, 703, 880, 997, 787, 743, 836, 859, 639, 657, 984, 1038, 836, 795, 931, 802, 589, 691, 769, 871, 965, 837, 705, 725, 652, 699, 893, 1007, 918, 778, 742, 787, 773, 735, 1018, 989, 866, 778, 828, 843, 723, 803, 856, 778, 750, 730, 721, 750, 713, 791, 806, 801, 860, 777, 731, 692, 656, 710, 744, 855, 868, 764, 701, 718, 858, 802, 756, 752, 764, 657, 589, 707, 799, 796, 603, 763, 747, 717, 709, 675, 721, 648, 658, 781, 639, 645, 726, 706, 667, 621, 720, 873, 914, 847, 785, 989, 940, 756, 944, 918, 1311, 1131, 736, 1259, 1182, 1002, 1233, 1384, 1586, 1287, 832, 1532, 1509, 1247, 1228, 1407, 1331, 1104, 891, 1307, 1334, 1139, 976, 1088, 907, 719, 794, 978, 958, 753, 801, 828, 883, 828, 801, 885, 898, 760, 755, 908, 1068, 827, 726, 1145, 1103, 831, 855, 1118, 1108, 882, 782, 1170, 1107, 815, 916, 1001, 961, 760, 717, 944, 880, 744, 797, 784, 719, 642, 544, 694, 691, 657, 734, 613, 606, 659, 614, 610, 691, 753, 707, 722, 752, 694, 714, 821, 704, 689, 963, 1005, 1171, 1003, 708, 1234, 1229, 885, 1271, 1264, 1343, 1097, 866, 1382, 1491, 1176, 1220, 1176, 1091, 964, 916, 1130, 1283, 1178, 1041, 912, 796, 825, 816, 845, 939, 994, 893, 893, 935, 751, 682, 784, 875, 862, 1006, 1345, 1379, 1050, 713, 967, 1134, 1018, 1210, 1994, 2071, 1289, 830, 1269, 1661, 1448, 1123, 2098, 2192, 1386, 900, 1412, 1826, 1467, 818, 1398, 1484, 922, 743, 1136, 1238, 992, 788, 1065, 1122, 877, 730, 1032, 1038, 827, 855, 1077, 1379, 1073, 718, 1023, 1193, 1013, 1140, 1851, 2164, 1437, 810, 1806, 2741, 2325, 1819, 3077, 3854, 2368, 825, 2796, 5073, 4544, 2199, 3954, 5037, 2848, 1044, 3294, 6141, 5498, 2054, 3566, 4717, 2740, 1037, 2716, 4991, 4544, 1721, 2354, 2969, 1898, 1174, 1833, 3200, 2917, 1807, 1797, 1802, 1679, 1188, 1371, 2200, 2197, 2047, 1863, 1435, 1528, 1072, 1153, 1674, 1865, 1734, 1786, 1485, 1321, 1037, 1170, 1628, 1457, 1292, 1865, 1733, 1232, 971, 1231, 1647, 1313, 999, 1682, 1807, 1181, 886, 1236, 1706, 1349, 1297, 1399, 1032, 925, 1077, 1221, 1196, 1115, 1280, 1379, 1114, 931, 936, 1267, 1311, 1142, 1335, 1239, 1087, 934, 977, 1262, 1087, 1011, 1423, 1311, 997, 926, 950, 1122, 989, 1067, 1298, 1129, 756, 716, 803, 1082, 986, 1003, 922, 847, 720, 739, 725, 1019, 1028, 833, 736, 822, 746, 676, 577, 865, 891, 639, 814, 866, 744, 604, 606, 827, 804, 628, 733, 803, 816, 684, 584, 683, 738, 687, 614, 695, 685, 642, 483, 647, 738, 595, 534, 553, 566, 535, 447, 504, 510, 560]"
-0.11556616425514221,-0.4842253625392914,-0.7307195067405701,0.16267777979373932,-0.43165916204452515,-0.341661274433136,0.0688469409942627,-0.6432589292526245,-1.1703014373779297,28.0,-0.6432589292526245,-1.1185169219970703,-30.0,-0.6432589292526245,-1.0295391082763672,31.5,-0.6432589292526245,-0.9289741516113281,21.75,-0.6432589292526245,-0.8989334106445312,16.0,"[636, 528, 450, 539, 596, 539, 449, 527, 632, 489, 528, 583, 611, 570, 580, 662, 483, 526, 512, 510, 587, 621, 560, 519, 400, 477, 539, 457, 528, 625, 541, 416, 422, 473, 437, 327, 438, 478, 415, 420, 522, 531, 536, 498, 574, 561, 501, 532, 522, 530, 543, 542, 503, 460, 536, 549, 439, 493, 567, 594, 562, 488, 531, 541, 567, 508, 598, 627, 550, 489, 517, 575, 515, 547, 523, 547, 505, 440, 476, 541, 542, 544, 479, 519, 532, 510, 447, 487, 503, 511, 509, 521, 559, 641, 627, 544, 479, 494, 585, 494, 551, 658, 604, 492, 490, 608, 636, 514, 577, 664, 604, 540, 507, 541, 581, 471, 450, 503, 553, 557, 587, 536, 608, 525, 544, 559, 494, 568, 603, 513, 540, 527, 545, 582, 530, 589, 632, 480, 462, 627, 658, 620, 541, 612, 430, 460, 536, 515, 513, 647, 681, 523, 471, 497, 589, 611, 549, 556, 586, 576, 482, 489, 619, 596, 539, 573, 548, 578, 499, 497, 570, 582, 557, 563, 554, 573, 539, 625, 581, 555, 549, 508, 511, 519, 607, 770, 658, 559, 613, 671, 699, 585, 810, 1021, 713, 499, 644, 686, 755, 595, 760, 1004, 788, 629, 664, 729, 774, 562, 615, 641, 587, 616, 548, 566, 625, 562, 573, 622, 587, 525, 552, 700, 649, 535, 591, 598, 592, 543, 547, 599, 567, 566, 553, 584, 597, 544, 558, 697, 629, 519, 583, 504, 547, 568, 511, 636, 634, 607, 670, 651, 604, 577, 530, 541, 554, 571, 1574, 1742, 995, 660, 993, 1056, 972, 668, 3749, 4602, 2554, 1066, 2478, 2414, 2067, 1081, 6259, 9001, 6108, 1850, 3435, 4958, 5615, 3089, 17300, 26726, 19430, 5281, 6915, 13041, 17012, 9170, 22826, 35037, 25533, 6997, 9167, 15649, 20775, 11301, 13634, 20052, 14361, 3997, 5853, 8375, 10582, 5933, 4446, 6213, 4258, 1217, 2241, 2833, 3047, 1495, 1589, 2105, 1415, 655, 1109, 1289, 1217, 672, 1068, 1225, 928, 638, 878, 974, 884, 658, 985, 1198, 955, 678, 815, 960, 936, 804, 2184, 3357, 2645, 1070, 1317, 2138, 2335, 1358, 3709, 6054, 4676, 1749, 1992, 3402, 3982, 2156, 3613, 5825, 4410, 1617, 1923, 2928, 3606, 1974, 2091, 3177, 2451, 1171, 1271, 1738, 2090, 1360, 1032, 1444, 1240, 850, 762, 1162, 1296, 970, 762, 927, 837, 578, 680, 819, 1014, 836, 675, 787, 714, 595, 623, 670, 648, 629, 755, 972, 831, 656, 628, 687, 667, 533, 1041, 1358, 1109, 602, 926, 1108, 787, 551, 1386, 1965, 1503, 697, 1209, 1171, 939, 752, 1282, 2069, 1772, 851, 1225, 1149, 1061, 948, 1473, 1934, 1509, 778, 1408, 1464, 906, 696, 2194, 3351, 2697, 1188, 1817, 1679, 1004, 953, 2379, 4180, 3654, 1456, 2240, 2448, 1291, 1017, 1664, 2583, 2275, 1061, 1570, 2039, 1399, 830, 1741, 2523, 1852, 855, 1177, 1381, 1345, 783, 1604, 2169, 1589, 818, 981, 985, 1082, 741, 1070, 1384, 1116, 864, 821, 893, 898, 777, 821, 1181, 996, 755, 717, 713, 834, 658, 731, 976, 850, 661, 599, 577, 690, 632, 666, 807, 742, 576, 559, 629, 667, 650, 639, 790, 714, 559, 663, 658, 600, 611, 621, 697, 738, 555, 572, 684, 596, 614, 700, 843, 834, 662, 677, 707, 629, 615, 706, 807, 763, 715, 668, 635, 566, 565, 695, 703, 662, 769, 733, 659, 659, 601, 685, 684, 573, 635, 651, 651, 670, 608, 754, 807, 626, 548, 658, 714, 736, 653, 709, 834, 739, 563, 666, 766, 759, 627, 705, 873, 789, 554, 660, 757, 713, 640, 674, 828, 620, 585, 654, 650, 632, 487, 702, 787, 617, 703, 725, 627, 693, 635, 621, 713, 613, 575, 691, 723, 637, 639, 551, 626, 628, 532, 506, 524, 611, 625, 686, 717, 649, 641, 595, 598, 605, 622, 810, 774, 655, 640, 612, 694, 705, 740, 854, 833, 709, 632, 756, 841, 714, 696, 849, 875, 711, 654, 693, 756, 773, 644, 703, 817, 734, 597, 631, 645, 661, 608, 697, 720, 730, 694, 630, 561, 678, 716, 752, 549, 580, 671, 559, 509, 595, 727, 754, 545, 655, 697, 569, 560, 685, 785, 677, 630, 721, 795, 625, 594, 652, 698, 656, 703, 669, 720, 697, 577, 640, 633, 829, 801, 752, 741, 652, 623, 718, 736, 733, 847, 732, 717, 690, 695, 695, 671, 725, 705, 651, 730, 691, 659, 708, 738, 614, 654, 658, 602, 621, 703, 680, 637, 790, 708, 646, 638, 719, 947, 750, 590, 805, 688, 717, 603, 724, 907, 722, 621, 632, 661, 662, 572, 667, 756, 624, 613, 602, 537, 585, 634, 585, 510, 593, 647, 587, 542, 619, 653, 618, 559, 533, 628, 583, 521, 558, 523, 597, 607, 545, 570, 472, 473, 621, 533, 496, 539, 546, 537, 590, 531, 648, 651, 519, 566, 570, 620, 690, 662, 629, 635, 546, 514, 613, 688, 706, 786, 676, 573, 555, 708, 749, 634, 755, 988, 906, 596, 595, 794, 930, 736, 933, 1164, 1035, 704, 632, 811, 958, 784, 838, 977, 900, 610, 617, 797, 867, 749, 669, 626, 570, 597, 570, 579, 626, 662, 698, 658, 626, 674, 630, 602, 633, 648, 681, 684, 636, 668, 628, 684, 633, 607, 690, 642, 600, 540, 602, 742, 776, 725, 1223, 819, 1067, 1054, 795, 850, 1195, 1484, 1617, 995, 1591, 1522, 897, 899, 1644, 2160, 1243, 1044, 1710, 1476, 722, 1016, 1657, 1920, 1078, 1038, 1475, 1314, 681, 1109, 1675, 1652, 1111, 958, 1120, 985, 728, 959, 1604, 1639, 1098, 760, 837, 770, 748, 904, 1355, 1504, 1033, 900, 976, 712, 702, 985, 1353, 1383, 971, 1140, 1087, 691, 672, 934, 1348, 1325, 839, 1215, 1148, 835, 606, 1058, 1377, 1050, 859, 1319, 1262, 909, 646, 1223, 1395, 905, 957, 1186, 1077, 808, 682, 1082, 1116, 831, 923, 992, 1013, 1020, 594, 1091, 1541, 1189, 721, 981, 929, 948, 551, 1007, 1634, 1241, 643, 980, 920, 642, 596, 860, 1288, 1018, 725, 809, 832, 609, 565, 724, 919, 899, 687, 771, 797, 597, 632, 686, 559, 618, 563, 719, 839, 655, 566, 685, 645, 459, 495, 624, 727, 552, 474, 628, 606, 560, 560, 608, 638, 554, 538, 555, 560, 543, 535, 648, 655, 512, 461, 574, 596, 534, 582, 639, 652, 621, 598, 584, 609, 599]"
0.023148685693740845,-0.4404264986515045,-0.6282707452774048,0.4625333547592163,-0.3329612910747528,-0.14250585436820984,0.4142691195011139,-0.6058173179626465,-1.1778831481933594,21.0,-0.6058173179626465,-1.02996826171875,17.25,-0.6058173179626465,0.8528709411621094,18.0,-0.6058173179626465,1.155710220336914,18.75,-0.4320101737976074,0.7152557373046875,21.0,"[482, 598, 566, 538, 552, 536, 567, 598, 512, 567, 511, 548, 593, 615, 633, 547, 631, 601, 546, 561, 595, 683, 677, 548, 657, 672, 513, 509, 616, 670, 517, 514, 512, 510, 493, 525, 512, 546, 508, 534, 461, 478, 555, 558, 433, 386, 455, 520, 465, 518, 562, 518, 413, 510, 503, 459, 588, 544, 594, 573, 485, 487, 473, 530, 517, 486, 500, 454, 434, 476, 460, 491, 587, 515, 438, 493, 532, 487, 471, 531, 681, 638, 519, 546, 537, 545, 515, 578, 566, 537, 501, 593, 562, 519, 504, 563, 503, 506, 466, 463, 531, 530, 499, 499, 492, 481, 492, 544, 567, 545, 493, 510, 599, 553, 568, 622, 572, 585, 603, 623, 601, 576, 555, 560, 556, 602, 621, 596, 546, 524, 441, 497, 535, 522, 457, 476, 593, 609, 567, 539, 583, 603, 547, 440, 551, 598, 601, 557, 557, 581, 567, 535, 464, 498, 528, 530, 573, 546, 588, 594, 526, 463, 471, 586, 627, 460, 520, 634, 550, 542, 439, 579, 588, 444, 567, 599, 653, 614, 573, 583, 583, 527, 609, 653, 532, 649, 571, 533, 487, 498, 534, 457, 667, 903, 701, 513, 574, 613, 629, 542, 689, 833, 719, 546, 566, 673, 650, 650, 576, 556, 553, 527, 498, 507, 498, 579, 498, 521, 619, 582, 554, 640, 653, 590, 507, 516, 542, 539, 475, 578, 697, 633, 917, 1283, 1071, 588, 776, 990, 1139, 800, 3284, 4999, 3459, 654, 2092, 2812, 2954, 1032, 4842, 7081, 4720, 637, 2805, 3940, 3979, 1042, 2982, 4569, 3329, 941, 1748, 2784, 2806, 1179, 3171, 5499, 4434, 1448, 1993, 3738, 4203, 1917, 4851, 8122, 6130, 1676, 2502, 4925, 5592, 1895, 3538, 5320, 3879, 1219, 1812, 3036, 3249, 1161, 1695, 2402, 1966, 823, 1051, 1355, 1438, 789, 1295, 1910, 1521, 704, 807, 1117, 1240, 752, 1894, 2676, 1952, 832, 1359, 1599, 1631, 950, 2726, 3763, 2573, 970, 1741, 1952, 2219, 1413, 2386, 3408, 2341, 979, 1413, 1812, 2228, 1436, 1861, 3173, 2437, 1191, 1110, 2027, 2573, 1621, 1835, 2947, 2287, 920, 1067, 2154, 2453, 1475, 1636, 2375, 1775, 800, 957, 1457, 1587, 1069, 1359, 1750, 1391, 826, 930, 1170, 1220, 903, 1097, 1291, 933, 698, 772, 965, 989, 767, 743, 847, 714, 668, 634, 581, 667, 615, 635, 760, 734, 652, 675, 665, 667, 590, 731, 723, 682, 630, 686, 734, 655, 648, 803, 753, 622, 578, 713, 751, 690, 665, 898, 1080, 890, 637, 805, 766, 877, 824, 1375, 1651, 1224, 902, 1212, 1140, 999, 921, 1904, 2526, 1826, 1160, 1681, 1552, 1130, 954, 2547, 3579, 2743, 1426, 2340, 2287, 1588, 1185, 2562, 3510, 2454, 1226, 2418, 2360, 1500, 967, 1872, 2396, 1577, 1160, 1755, 1596, 1120, 890, 1789, 2401, 1898, 1172, 1317, 1353, 1325, 1013, 1825, 2607, 2078, 1173, 1235, 1548, 1443, 1031, 1371, 2060, 1709, 940, 981, 1104, 1115, 779, 1100, 1485, 1254, 735, 864, 840, 921, 702, 999, 1351, 1128, 661, 695, 763, 817, 646, 894, 1182, 1052, 705, 642, 672, 814, 755, 772, 1002, 909, 617, 567, 687, 764, 655, 781, 933, 969, 793, 682, 697, 707, 654, 775, 842, 786, 746, 681, 613, 534, 622, 873, 952, 783, 638, 664, 823, 774, 651, 813, 966, 910, 637, 764, 828, 807, 665, 799, 996, 945, 701, 763, 721, 696, 698, 713, 851, 750, 599, 617, 578, 634, 601, 613, 744, 610, 604, 653, 615, 632, 531, 664, 742, 674, 594, 733, 872, 787, 630, 690, 797, 854, 751, 795, 900, 884, 802, 750, 893, 931, 792, 800, 827, 851, 694, 865, 1019, 887, 705, 767, 792, 706, 707, 952, 1048, 836, 604, 835, 934, 788, 806, 937, 978, 794, 750, 1006, 910, 687, 776, 908, 922, 742, 698, 898, 874, 760, 763, 662, 717, 698, 605, 746, 938, 818, 665, 833, 751, 666, 657, 737, 824, 776, 792, 824, 789, 669, 660, 690, 823, 715, 686, 759, 868, 708, 571, 692, 824, 764, 547, 566, 721, 681, 582, 662, 732, 705, 608, 573, 646, 696, 588, 630, 662, 613, 561, 665, 730, 683, 656, 656, 668, 618, 625, 711, 727, 651, 580, 637, 640, 655, 680, 723, 709, 724, 608, 625, 656, 699, 823, 762, 733, 763, 641, 670, 634, 671, 787, 695, 667, 623, 635, 597, 618, 730, 780, 610, 598, 566, 599, 571, 685, 738, 691, 633, 703, 652, 603, 596, 679, 715, 666, 612, 722, 726, 572, 641, 697, 617, 562, 792, 801, 601, 655, 742, 679, 693, 656, 773, 844, 626, 605, 705, 722, 718, 697, 696, 776, 655, 560, 692, 635, 672, 625, 612, 635, 623, 511, 566, 603, 587, 624, 584, 691, 726, 617, 648, 781, 609, 544, 711, 817, 744, 655, 631, 745, 722, 586, 787, 893, 707, 590, 627, 740, 815, 650, 792, 861, 711, 617, 640, 659, 691, 655, 750, 703, 622, 492, 627, 697, 607, 693, 601, 553, 551, 528, 538, 607, 625, 640, 699, 644, 603, 597, 560, 756, 646, 617, 666, 560, 546, 620, 691, 650, 510, 605, 577, 534, 557, 632, 678, 585, 522, 556, 666, 572, 581, 586, 624, 625, 650, 670, 706, 624, 567, 590, 621, 762, 589, 653, 666, 713, 736, 634, 580, 807, 824, 661, 619, 687, 759, 679, 650, 792, 786, 667, 764, 686, 637, 620, 610, 623, 689, 770, 767, 653, 749, 649, 588, 567, 646, 867, 764, 788, 804, 727, 691, 705, 699, 859, 855, 872, 751, 661, 629, 719, 764, 719, 797, 914, 772, 590, 607, 686, 789, 656, 778, 983, 858, 720, 636, 701, 937, 743, 799, 1190, 1107, 849, 680, 931, 1324, 964, 1111, 1178, 1057, 867, 650, 958, 1259, 1041, 911, 865, 1104, 1018, 740, 837, 958, 1031, 756, 833, 1076, 934, 649, 780, 869, 969, 659, 879, 1139, 1021, 603, 837, 946, 842, 821, 908, 1334, 1178, 725, 913, 1000, 1000, 746, 710, 897, 890, 716, 734, 917, 942, 545, 533, 536, 623, 562, 619, 694, 596, 551, 537, 727, 741, 584, 487, 456, 592, 520, 674, 735, 598, 606, 607, 582, 577, 557, 621, 645, 576, 537, 604, 647, 619, 607, 709, 656, 558, 518, 620, 637, 601, 566, 603, 584, 599, 539, 509, 458, 513, 477, 613, 749, 680, 508, 536, 661, 574]"
0.20637598633766174,-0.4163992702960968,-0.7382416725158691,0.8163954615592957,-0.20285934209823608,-0.2902975082397461,0.7735010385513306,-0.5063417553901672,0.8999347686767578,16.0,-0.5063417553901672,0.9465694427490234,19.25,-0.5063417553901672,1.1140823364257812,22.75,-0.1944902539253235,0.7487297058105469,17.75,0.40303438901901245,-0.5577564239501953,22.75,"[480, 598, 592, 512, 593, 506, 591, 602, 531, 621, 638, 573, 581, 589, 558, 545, 516, 562, 541, 553, 525, 547, 544, 508, 542, 567, 503, 464, 477, 438, 431, 427, 466, 490, 500, 510, 434, 535, 486, 408, 423, 523, 552, 572, 501, 557, 539, 423, 529, 578, 572, 597, 594, 613, 539, 488, 510, 492, 434, 562, 605, 495, 502, 519, 529, 484, 539, 501, 549, 488, 510, 578, 556, 481, 520, 551, 546, 508, 489, 596, 566, 471, 511, 546, 531, 507, 519, 556, 548, 563, 634, 562, 518, 575, 574, 576, 528, 571, 627, 629, 560, 523, 543, 536, 547, 586, 497, 547, 666, 610, 503, 498, 542, 468, 551, 567, 640, 644, 555, 546, 624, 578, 619, 591, 701, 753, 603, 532, 477, 491, 571, 521, 499, 619, 595, 543, 513, 518, 555, 627, 598, 598, 570, 554, 487, 561, 606, 598, 601, 563, 559, 517, 524, 590, 607, 493, 541, 570, 622, 606, 559, 561, 545, 503, 536, 571, 517, 503, 552, 564, 539, 606, 532, 454, 552, 580, 598, 571, 488, 617, 594, 578, 635, 540, 566, 502, 642, 611, 617, 690, 618, 586, 692, 820, 751, 543, 656, 728, 639, 610, 753, 980, 867, 510, 671, 696, 728, 618, 587, 667, 651, 562, 650, 598, 611, 627, 665, 593, 574, 604, 562, 619, 643, 691, 2012, 2317, 1614, 926, 1157, 2069, 2149, 1600, 4116, 5361, 3442, 1337, 2393, 4915, 4887, 2339, 2972, 4053, 2481, 889, 1941, 3965, 3887, 1404, 3286, 5039, 3787, 1708, 1801, 3694, 4164, 1922, 5003, 9038, 6847, 2336, 2862, 7268, 8418, 3316, 4125, 6751, 5057, 1762, 2447, 5573, 6105, 2548, 2183, 2733, 1969, 1077, 1515, 2170, 2169, 1515, 1892, 2681, 1856, 719, 1045, 1970, 2121, 1113, 1894, 2626, 1973, 839, 1029, 1986, 2195, 1264, 2378, 3739, 2990, 1401, 1180, 2715, 3184, 1887, 3283, 5717, 4437, 1519, 1412, 3775, 4571, 2153, 2971, 4897, 3749, 1348, 1269, 3108, 3722, 1791, 1801, 2941, 2209, 938, 1027, 2103, 2487, 1253, 865, 1317, 1214, 740, 910, 1268, 1084, 761, 1178, 1725, 1398, 723, 822, 1353, 1425, 806, 1115, 1280, 1036, 676, 806, 1008, 1066, 732, 717, 800, 756, 606, 628, 735, 716, 584, 734, 809, 685, 609, 674, 704, 741, 631, 790, 892, 742, 647, 751, 820, 783, 612, 752, 757, 666, 568, 771, 870, 702, 627, 680, 729, 617, 592, 646, 735, 709, 693, 782, 814, 713, 638, 592, 769, 859, 794, 837, 979, 815, 574, 812, 981, 912, 757, 1114, 1653, 1302, 658, 1154, 1124, 982, 632, 1407, 2047, 1629, 768, 1337, 1285, 1169, 837, 1709, 2379, 1905, 1000, 1500, 1338, 1183, 1133, 2103, 3144, 2390, 1079, 2263, 2231, 1277, 1088, 2006, 3287, 2623, 1124, 2260, 2188, 1236, 979, 1710, 2360, 1909, 985, 1638, 1474, 1058, 1019, 1873, 2129, 1484, 1088, 1477, 1430, 987, 1235, 2320, 2433, 1429, 1014, 1565, 1517, 981, 1247, 1633, 1824, 1147, 798, 1169, 1161, 978, 902, 982, 1293, 1116, 713, 771, 884, 787, 718, 915, 1100, 922, 713, 765, 882, 671, 651, 721, 916, 846, 693, 645, 707, 723, 545, 748, 900, 751, 566, 625, 737, 730, 621, 763, 853, 770, 657, 741, 873, 661, 509, 848, 962, 822, 757, 720, 823, 741, 673, 790, 883, 836, 699, 731, 831, 858, 766, 789, 857, 845, 688, 768, 867, 808, 735, 667, 818, 722, 612, 657, 781, 761, 650, 678, 781, 689, 662, 702, 709, 634, 576, 702, 763, 759, 615, 690, 732, 717, 671, 840, 839, 776, 634, 677, 771, 673, 705, 670, 843, 839, 650, 587, 637, 669, 647, 823, 871, 801, 667, 652, 623, 609, 683, 752, 724, 689, 637, 675, 655, 519, 634, 630, 687, 723, 660, 693, 724, 635, 541, 703, 770, 650, 609, 713, 895, 828, 649, 867, 846, 699, 708, 711, 862, 864, 783, 851, 820, 727, 727, 678, 678, 739, 766, 756, 784, 889, 804, 721, 761, 725, 763, 682, 680, 819, 730, 655, 733, 745, 747, 585, 562, 646, 670, 583, 635, 697, 630, 568, 640, 628, 620, 521, 644, 685, 493, 627, 712, 846, 767, 668, 837, 979, 766, 779, 947, 1072, 809, 869, 1071, 1067, 855, 748, 746, 904, 718, 728, 915, 964, 874, 802, 624, 720, 718, 725, 739, 829, 935, 822, 640, 580, 667, 638, 641, 732, 842, 651, 636, 610, 605, 591, 632, 611, 551, 580, 718, 688, 570, 569, 615, 636, 511, 626, 722, 644, 587, 640, 659, 596, 595, 636, 699, 638, 627, 665, 606, 604, 600, 727, 605, 650, 738, 681, 572, 553, 692, 615, 516, 647, 684, 636, 602, 586, 692, 606, 467, 547, 552, 530, 563, 580, 625, 657, 579, 550, 527, 533, 586, 588, 607, 684, 573, 448, 510, 614, 732, 677, 544, 640, 629, 508, 606, 659, 717, 641, 601, 693, 663, 599, 573, 615, 692, 632, 609, 627, 686, 632, 597, 686, 805, 742, 654, 674, 688, 604, 534, 706, 784, 678, 643, 718, 742, 708, 670, 670, 664, 664, 751, 609, 636, 695, 601, 662, 750, 638, 628, 620, 634, 679, 575, 713, 749, 647, 646, 545, 615, 651, 582, 651, 681, 630, 586, 575, 622, 560, 624, 699, 607, 538, 470, 547, 630, 661, 613, 683, 713, 659, 541, 827, 741, 655, 706, 765, 701, 650, 766, 789, 895, 906, 751, 650, 731, 926, 923, 1269, 1232, 1387, 1282, 971, 1063, 1408, 1578, 1795, 1564, 1934, 1765, 1141, 1721, 1823, 2108, 1779, 1528, 2112, 1790, 924, 1715, 1908, 2205, 1260, 1271, 1681, 1364, 666, 1150, 1458, 1589, 1204, 1483, 1543, 1259, 1047, 1214, 1405, 1380, 1062, 1607, 1801, 1429, 1165, 1312, 1605, 1583, 1080, 1507, 1486, 1106, 1052, 1151, 1240, 1147, 1237, 1693, 1433, 993, 918, 1262, 1496, 1056, 1693, 2303, 1939, 1354, 994, 1810, 2068, 1155, 1735, 2258, 1651, 1294, 1017, 1928, 2044, 1068, 1285, 1615, 1224, 897, 817, 1327, 1295, 769, 878, 1063, 961, 618, 647, 821, 858, 589, 703, 925, 927, 755, 714, 683, 714, 667, 679, 822, 894, 701, 736, 722, 702, 785, 655, 652, 685, 603, 612, 654, 669, 712, 688, 624, 513, 490, 524, 648, 610, 596, 636, 576, 527, 517, 507, 542, 580, 551, 532, 527, 593, 550, 496, 519, 587, 571, 459, 561, 692, 596, 522, 582, 626, 582]"
0.44681885838508606,-0.4471236765384674,-0.7526149153709412,1.2383025884628296,-0.15013159811496735,-0.2952640652656555,1.1480902433395386,-0.4507085978984833,1.0149478912353516,18.25,-0.4507085978984833,1.567697525024414,18.25,-0.4507085978984833,1.7681121826171875,16.5,0.5477884113788605,-0.39582252502441406,22.5,0.5859830677509308,-0.28967857360839844,19.25,"[578, 557, 589, 623, 688, 624, 589, 558, 512, 590, 587, 595, 676, 672, 673, 610, 529, 619, 567, 585, 624, 626, 634, 529, 517, 569, 522, 490, 520, 515, 521, 482, 537, 570, 578, 508, 442, 473, 562, 544, 523, 530, 513, 535, 505, 468, 518, 551, 415, 501, 528, 557, 492, 507, 599, 500, 461, 532, 608, 630, 579, 585, 616, 545, 568, 597, 523, 509, 532, 518, 520, 535, 586, 504, 482, 490, 499, 464, 516, 580, 542, 519, 503, 560, 544, 442, 605, 632, 501, 578, 578, 527, 523, 532, 547, 528, 473, 523, 469, 492, 503, 523, 513, 512, 631, 584, 563, 528, 557, 579, 580, 563, 617, 604, 550, 545, 545, 561, 589, 526, 580, 532, 533, 515, 551, 505, 536, 578, 507, 447, 512, 533, 530, 517, 453, 529, 664, 496, 562, 552, 519, 525, 508, 670, 530, 512, 610, 632, 517, 490, 545, 594, 478, 579, 617, 598, 506, 522, 573, 498, 493, 545, 591, 597, 490, 529, 560, 481, 587, 593, 609, 643, 582, 567, 563, 537, 606, 575, 592, 650, 629, 565, 555, 562, 547, 579, 522, 556, 537, 517, 611, 548, 663, 864, 706, 566, 595, 626, 654, 505, 653, 834, 789, 663, 495, 606, 790, 653, 610, 601, 555, 542, 520, 629, 635, 574, 666, 608, 626, 628, 622, 673, 608, 634, 713, 749, 750, 557, 783, 1005, 745, 502, 1155, 1607, 1198, 654, 926, 1038, 892, 560, 3659, 4622, 2654, 639, 2299, 3977, 3469, 992, 5759, 7425, 4161, 624, 3820, 7618, 6856, 1492, 4015, 5343, 3178, 734, 2582, 5402, 4991, 1199, 1438, 2103, 1677, 836, 955, 1933, 1887, 756, 919, 1248, 1086, 730, 727, 980, 1008, 723, 676, 767, 826, 737, 756, 644, 647, 677, 610, 831, 798, 623, 744, 837, 803, 585, 908, 1525, 1305, 644, 663, 1083, 1275, 796, 1523, 2751, 2192, 892, 848, 1780, 2245, 1072, 1565, 2382, 1772, 759, 984, 1665, 1849, 856, 1287, 1541, 1080, 614, 844, 1250, 1244, 665, 1103, 1366, 958, 624, 794, 1235, 1199, 610, 965, 975, 765, 660, 722, 970, 791, 607, 746, 707, 664, 597, 634, 708, 619, 626, 717, 771, 624, 567, 565, 787, 745, 574, 717, 781, 674, 593, 672, 873, 835, 579, 650, 955, 806, 655, 661, 687, 839, 714, 816, 1120, 953, 601, 614, 724, 909, 703, 851, 1076, 945, 619, 577, 768, 902, 681, 854, 956, 762, 611, 546, 772, 795, 729, 1179, 1327, 872, 800, 1010, 1020, 960, 796, 3583, 3700, 1656, 1868, 2544, 2019, 1568, 1579, 4426, 4781, 2185, 2184, 3202, 2059, 1572, 1821, 3762, 3725, 1415, 1959, 3109, 2231, 1186, 1791, 6042, 7426, 3949, 2164, 5269, 4470, 2336, 1712, 5010, 6512, 3946, 2233, 4494, 3940, 2410, 1688, 3118, 3927, 2533, 1475, 2478, 2346, 1944, 1176, 2240, 2555, 1728, 1057, 1302, 1520, 1315, 1030, 1377, 1413, 1318, 1132, 1225, 1197, 1007, 1104, 1468, 1623, 1443, 1038, 834, 1130, 1070, 1176, 1197, 1439, 1228, 896, 723, 1129, 1077, 873, 944, 1163, 1006, 721, 741, 988, 999, 790, 871, 953, 808, 622, 728, 896, 871, 749, 876, 763, 612, 656, 693, 765, 567, 613, 701, 717, 660, 610, 650, 688, 604, 584, 707, 824, 721, 578, 671, 703, 703, 663, 841, 994, 843, 636, 726, 777, 717, 645, 763, 979, 895, 718, 734, 832, 799, 595, 742, 796, 748, 645, 709, 731, 728, 646, 745, 752, 600, 531, 507, 620, 677, 647, 668, 786, 655, 549, 652, 737, 719, 570, 673, 708, 620, 610, 673, 770, 632, 612, 634, 580, 574, 539, 435, 601, 649, 632, 656, 790, 768, 579, 566, 675, 695, 649, 647, 786, 800, 624, 637, 787, 739, 648, 737, 787, 758, 667, 726, 805, 763, 684, 723, 787, 665, 588, 658, 709, 683, 643, 668, 662, 677, 675, 656, 638, 687, 720, 597, 652, 701, 598, 606, 637, 640, 579, 742, 679, 721, 705, 646, 594, 627, 650, 717, 676, 645, 729, 695, 556, 658, 727, 512, 614, 629, 643, 655, 637, 731, 695, 600, 665, 665, 603, 624, 753, 859, 728, 756, 725, 684, 637, 582, 663, 779, 810, 699, 634, 514, 559, 650, 573, 578, 631, 632, 590, 558, 595, 588, 581, 602, 628, 540, 626, 688, 643, 590, 600, 576, 532, 564, 648, 691, 578, 682, 684, 613, 599, 614, 596, 643, 610, 690, 747, 599, 557, 608, 626, 668, 628, 624, 626, 630, 602, 551, 562, 535, 574, 564, 543, 564, 601, 622, 501, 606, 704, 661, 520, 518, 648, 604, 639, 677, 645, 570, 591, 609, 657, 593, 607, 680, 602, 491, 522, 625, 690, 732, 691, 626, 607, 586, 580, 545, 617, 663, 665, 680, 645, 614, 735, 646, 604, 675, 585, 661, 621, 670, 691, 643, 735, 880, 572, 682, 722, 762, 742, 871, 1119, 921, 750, 790, 791, 895, 909, 846, 1035, 855, 719, 723, 717, 796, 796, 766, 943, 649, 620, 582, 579, 620, 658, 656, 660, 663, 628, 554, 573, 698, 684, 653, 661, 661, 760, 757, 624, 694, 749, 647, 560, 649, 700, 780, 681, 527, 620, 738, 691, 818, 715, 759, 803, 741, 714, 785, 932, 834, 566, 654, 779, 715, 584, 721, 928, 743, 616, 652, 735, 674, 602, 642, 753, 821, 593, 610, 673, 603, 645, 618, 821, 779, 785, 636, 538, 571, 630, 671, 673, 802, 799, 961, 867, 755, 676, 834, 930, 1057, 970, 1022, 1057, 930, 971, 1037, 1061, 1165, 972, 933, 1099, 1064, 1086, 1086, 1108, 853, 716, 990, 1101, 921, 711, 809, 985, 803, 780, 847, 930, 852, 741, 810, 836, 793, 740, 660, 708, 734, 747, 868, 873, 1005, 942, 855, 859, 932, 884, 846, 1033, 932, 978, 920, 852, 897, 994, 853, 899, 913, 1145, 937, 793, 918, 1191, 1103, 830, 1166, 1119, 895, 956, 1020, 1196, 1171, 1070, 1042, 780, 974, 1113, 849, 933, 1125, 1222, 720, 817, 933, 860, 650, 854, 1073, 991, 744, 952, 940, 843, 773, 873, 1007, 912, 709, 895, 849, 696, 776, 891, 950, 821, 598, 556, 682, 614, 524, 653, 686, 686, 503, 500, 602, 584, 494, 446, 535, 570, 454, 493, 569, 464, 435, 433, 487, 523, 514, 436, 497, 484, 451, 456, 458, 567, 473, 532, 566, 516, 492, 521, 543, 526]"
0.6309531331062317,-0.3870455324649811,-0.4930010437965393,1.261360764503479,-0.028404485434293747,0.0843697041273117,0.8932355642318726,-0.4305691421031952,1.7223358154296875,16.5,-0.4305691421031952,1.7290592193603516,18.75,0.5587725937366486,-0.6049633026123047,21.25,0.5719332993030548,-0.5015373229980469,18.5,0.5839495956897736,-0.6148338317871094,17.5,"[570, 573, 569, 658, 718, 663, 568, 568, 512, 609, 629, 648, 685, 713, 635, 525, 443, 542, 535, 504, 578, 653, 580, 504, 528, 462, 452, 481, 503, 496, 502, 567, 510, 448, 446, 425, 460, 433, 459, 539, 452, 476, 471, 468, 455, 480, 560, 531, 471, 488, 545, 466, 462, 509, 545, 578, 536, 492, 522, 511, 514, 542, 484, 508, 596, 527, 458, 479, 514, 448, 473, 547, 557, 530, 504, 556, 544, 490, 536, 544, 523, 523, 560, 560, 570, 520, 546, 573, 579, 618, 675, 613, 537, 637, 663, 604, 488, 523, 566, 537, 470, 523, 522, 535, 572, 565, 540, 563, 540, 562, 529, 554, 546, 530, 678, 732, 641, 593, 644, 617, 496, 525, 566, 579, 591, 628, 671, 557, 508, 485, 478, 528, 482, 543, 633, 541, 632, 543, 537, 565, 571, 546, 625, 694, 617, 556, 604, 666, 553, 452, 549, 698, 609, 504, 543, 587, 588, 581, 552, 638, 523, 497, 583, 512, 562, 591, 533, 578, 633, 624, 674, 594, 585, 563, 611, 659, 598, 686, 649, 543, 545, 587, 547, 552, 583, 551, 540, 591, 576, 488, 422, 489, 628, 818, 691, 559, 614, 574, 490, 411, 700, 1032, 959, 645, 542, 656, 725, 541, 564, 714, 746, 715, 567, 559, 710, 580, 566, 671, 578, 648, 613, 543, 667, 574, 552, 520, 526, 556, 565, 490, 515, 575, 527, 546, 502, 433, 537, 523, 486, 510, 589, 605, 568, 584, 596, 574, 641, 611, 864, 1175, 1256, 951, 775, 1025, 1232, 1064, 1287, 2138, 2836, 2173, 1427, 2618, 2985, 1961, 2011, 2899, 3832, 2962, 1991, 4671, 4883, 2530, 2420, 3832, 3758, 2853, 2142, 5664, 6089, 2689, 2540, 4353, 3535, 2604, 2286, 5957, 6658, 3186, 2112, 3249, 2565, 2066, 2083, 4809, 5168, 2416, 1078, 1489, 1423, 1149, 1166, 2354, 2385, 1173, 725, 757, 656, 621, 711, 975, 913, 682, 967, 1070, 888, 667, 794, 1162, 1101, 697, 1623, 2045, 1520, 864, 1323, 2431, 2398, 1044, 1566, 2090, 1495, 891, 1244, 2304, 2419, 1113, 1007, 1288, 982, 698, 854, 1332, 1444, 872, 860, 908, 681, 569, 700, 935, 874, 816, 867, 786, 611, 574, 732, 830, 643, 612, 754, 704, 604, 549, 716, 815, 668, 606, 653, 684, 681, 590, 674, 765, 702, 581, 778, 747, 666, 557, 791, 923, 825, 651, 668, 787, 762, 650, 722, 874, 825, 724, 713, 829, 787, 647, 701, 1004, 1028, 834, 1168, 1867, 1621, 942, 813, 1639, 1905, 1226, 2944, 4793, 3818, 1600, 1167, 2815, 3775, 2258, 3883, 5856, 4561, 2012, 1491, 3276, 4404, 2858, 2826, 3605, 2837, 1462, 1399, 2102, 2642, 1910, 1659, 2273, 1807, 804, 1143, 1496, 1537, 998, 1028, 1347, 1192, 610, 893, 1272, 1331, 943, 1061, 1284, 941, 658, 823, 1197, 1190, 813, 1064, 1161, 1006, 803, 1000, 1040, 920, 957, 1929, 1790, 1387, 1028, 1138, 1286, 1134, 1511, 4191, 4966, 3493, 1864, 2118, 2624, 2342, 2066, 5129, 6593, 4717, 2319, 3159, 3568, 3306, 2550, 2972, 3761, 2793, 1489, 2195, 2279, 1987, 1781, 1372, 1332, 971, 746, 994, 1151, 1020, 1007, 794, 866, 720, 613, 623, 805, 815, 730, 609, 660, 621, 546, 565, 597, 624, 532, 647, 671, 628, 609, 577, 580, 610, 537, 554, 683, 677, 580, 563, 695, 606, 485, 521, 702, 656, 557, 633, 673, 505, 412, 701, 833, 793, 644, 659, 714, 599, 501, 850, 863, 800, 704, 753, 743, 708, 718, 679, 804, 796, 711, 601, 768, 774, 644, 687, 750, 804, 781, 713, 746, 760, 674, 673, 838, 778, 683, 661, 734, 803, 645, 769, 885, 747, 566, 683, 875, 950, 688, 831, 875, 697, 558, 668, 893, 844, 695, 725, 739, 630, 537, 567, 696, 697, 728, 745, 785, 643, 555, 712, 784, 704, 658, 675, 611, 565, 635, 687, 728, 758, 686, 595, 569, 626, 619, 546, 673, 736, 683, 623, 617, 559, 596, 619, 657, 652, 621, 553, 639, 565, 553, 598, 585, 553, 531, 615, 560, 618, 726, 685, 523, 559, 651, 682, 622, 593, 620, 589, 560, 594, 612, 565, 639, 669, 687, 657, 680, 593, 591, 585, 596, 662, 718, 668, 601, 573, 580, 630, 595, 637, 750, 653, 580, 602, 578, 635, 646, 650, 664, 675, 665, 650, 587, 660, 761, 687, 623, 702, 763, 743, 675, 622, 677, 622, 556, 628, 653, 675, 685, 555, 642, 605, 616, 647, 585, 527, 597, 518, 575, 645, 579, 574, 575, 595, 615, 662, 649, 661, 608, 637, 599, 561, 620, 747, 636, 606, 611, 584, 551, 609, 682, 622, 590, 572, 549, 549, 660, 674, 578, 648, 707, 625, 597, 600, 674, 671, 607, 534, 642, 648, 559, 576, 552, 589, 546, 560, 527, 508, 582, 586, 524, 506, 609, 676, 525, 631, 617, 555, 638, 664, 732, 630, 574, 591, 660, 641, 573, 571, 610, 606, 584, 596, 598, 681, 633, 589, 604, 598, 535, 532, 585, 713, 705, 638, 636, 669, 628, 754, 659, 698, 892, 849, 747, 685, 585, 781, 674, 720, 911, 858, 763, 712, 594, 659, 653, 757, 818, 773, 799, 634, 600, 614, 587, 660, 605, 679, 719, 608, 654, 598, 548, 592, 678, 643, 598, 741, 744, 760, 735, 704, 792, 826, 737, 681, 709, 699, 754, 706, 730, 840, 702, 629, 655, 622, 626, 727, 674, 623, 636, 657, 605, 604, 651, 656, 686, 718, 762, 692, 720, 734, 718, 765, 787, 800, 763, 706, 709, 681, 696, 782, 750, 771, 774, 828, 700, 737, 640, 742, 779, 904, 956, 1021, 816, 932, 804, 726, 908, 1264, 1332, 1105, 806, 1119, 955, 791, 1046, 1187, 1270, 1237, 876, 1196, 1210, 1096, 1090, 1094, 1324, 1098, 733, 958, 1020, 918, 924, 909, 1120, 752, 680, 661, 708, 744, 749, 800, 806, 667, 696, 667, 712, 704, 673, 619, 680, 662, 672, 754, 766, 738, 745, 833, 898, 681, 645, 709, 692, 608, 771, 842, 829, 950, 743, 759, 795, 724, 865, 805, 786, 928, 792, 661, 665, 612, 874, 920, 855, 684, 743, 598, 531, 633, 952, 968, 679, 533, 606, 609, 601, 587, 852, 998, 764, 478, 561, 656, 630, 458, 664, 877, 781, 520, 577, 598, 458, 431, 546, 631, 585, 457, 496, 623, 527, 428, 485, 498, 521]"
-0.13651306927204132,0.1452578604221344,-0.6516758799552917,-0.32839342951774597,0.2512931823730469,-0.8595406413078308,-0.24638214707374573,-1.7281312942504883,1.5263557434082031,30.25,-1.715256690979004,1.5200614929199219,26.75,-1.4205713272094727,1.2053489685058594,15.25,-0.934483528137207,1.09405517578125,24.75,-0.849797248840332,1.1087894439697266,18.75,"[583, 622, 602, 521, 482, 521, 607, 621, 503, 584, 610, 586, 620, 702, 661, 533, 583, 502, 517, 576, 663, 724, 651, 546, 597, 531, 552, 499, 533, 656, 633, 557, 530, 490, 538, 493, 483, 515, 581, 606, 620, 580, 511, 518, 588, 567, 519, 583, 581, 631, 559, 572, 584, 633, 607, 535, 542, 514, 517, 570, 523, 513, 527, 518, 444, 516, 538, 447, 408, 471, 490, 431, 480, 486, 515, 542, 495, 488, 497, 474, 537, 539, 590, 511, 442, 544, 566, 512, 509, 556, 556, 485, 494, 635, 580, 490, 606, 598, 573, 544, 557, 594, 538, 528, 641, 603, 578, 550, 579, 579, 509, 585, 547, 542, 536, 483, 536, 621, 629, 573, 620, 588, 656, 641, 540, 615, 652, 737, 570, 565, 648, 605, 552, 601, 603, 650, 460, 491, 606, 612, 577, 600, 553, 546, 557, 512, 593, 537, 539, 586, 557, 557, 451, 472, 491, 408, 417, 454, 515, 516, 470, 531, 509, 406, 423, 542, 577, 517, 504, 489, 553, 565, 542, 483, 546, 574, 478, 523, 557, 559, 550, 585, 565, 506, 483, 394, 442, 538, 537, 488, 489, 474, 642, 663, 549, 586, 651, 606, 621, 575, 588, 601, 576, 606, 578, 550, 607, 598, 531, 491, 501, 571, 546, 505, 558, 591, 536, 525, 502, 622, 636, 589, 612, 578, 659, 586, 524, 638, 683, 670, 565, 575, 503, 468, 553, 635, 582, 534, 538, 560, 543, 573, 567, 567, 531, 525, 498, 534, 533, 566, 547, 548, 506, 538, 523, 528, 522, 499, 525, 584, 582, 514, 509, 559, 650, 630, 605, 699, 702, 687, 613, 626, 585, 634, 611, 617, 624, 632, 593, 573, 498, 621, 670, 568, 567, 587, 553, 532, 599, 593, 482, 506, 554, 570, 510, 532, 632, 568, 532, 625, 584, 599, 546, 553, 537, 547, 549, 583, 528, 518, 466, 486, 502, 513, 496, 584, 597, 517, 520, 511, 574, 545, 556, 645, 682, 582, 517, 586, 586, 543, 559, 544, 597, 664, 663, 642, 629, 514, 558, 641, 678, 670, 632, 731, 638, 611, 569, 641, 638, 618, 590, 663, 596, 651, 559, 622, 626, 538, 610, 624, 596, 592, 541, 620, 644, 604, 650, 625, 586, 602, 550, 562, 573, 598, 629, 646, 493, 487, 595, 673, 572, 601, 593, 525, 527, 520, 624, 607, 520, 539, 555, 552, 535, 542, 570, 574, 536, 530, 601, 593, 519, 548, 552, 550, 520, 474, 559, 594, 497, 509, 638, 626, 564, 559, 589, 628, 526, 602, 616, 589, 592, 538, 503, 517, 579, 604, 571, 586, 675, 640, 508, 492, 602, 589, 580, 626, 653, 592, 569, 654, 583, 581, 607, 582, 554, 501, 574, 605, 482, 521, 639, 659, 533, 507, 563, 572, 464, 518, 561, 593, 527, 558, 586, 516, 500, 481, 557, 626, 569, 450, 506, 546, 472, 502, 559, 606, 484, 472, 534, 539, 474, 536, 614, 547, 548, 528, 579, 571, 530, 629, 625, 606, 628, 700, 692, 608, 594, 725, 644, 546, 619, 557, 501, 510, 771, 828, 906, 746, 704, 737, 866, 907, 2176, 954, 2103, 2072, 1284, 783, 2330, 3255, 6895, 4160, 8851, 7054, 3132, 2991, 9630, 12172, 11160, 6838, 12711, 9788, 4858, 4847, 14785, 18503, 9320, 5588, 8965, 6860, 4380, 4070, 10775, 13669, 4907, 4665, 7776, 5492, 3202, 4096, 9591, 10156, 2698, 4002, 6319, 4591, 2118, 3250, 7238, 7232, 1346, 2945, 4410, 3158, 1108, 1947, 4196, 4079, 1044, 2301, 2869, 1874, 807, 1646, 2930, 2572, 849, 1358, 1449, 992, 694, 1141, 1595, 1334, 862, 957, 1009, 929, 829, 662, 829, 905, 1559, 2167, 2138, 1259, 1110, 1212, 1759, 1476, 1853, 3014, 2700, 1091, 1307, 1492, 1979, 1277, 1697, 2874, 2496, 980, 1285, 1602, 1724, 896, 1549, 2522, 2319, 1125, 1110, 1586, 1696, 1044, 1089, 1639, 1598, 959, 950, 1162, 1157, 815, 767, 992, 1009, 835, 797, 792, 829, 688, 991, 1318, 1298, 959, 687, 806, 987, 963, 1424, 1975, 2074, 1571, 897, 1148, 1322, 1131, 1496, 2162, 2403, 1672, 857, 1572, 1712, 1392, 1332, 1626, 1444, 895, 1025, 1114, 1370, 1351, 1050, 978, 1260, 1570, 1107, 916, 1525, 1427, 1124, 1131, 1386, 1697, 1194, 1127, 1504, 1166, 1034, 1197, 1170, 1316, 1177, 1000, 1075, 931, 980, 1306, 1344, 1234, 1202, 1046, 1069, 1008, 940, 1154, 1329, 1196, 1159, 1090, 1032, 1076, 872, 898, 1042, 935, 935, 887, 936, 995, 772, 766, 733, 772, 723, 596, 669, 788, 770, 788, 741, 725, 749, 703, 654, 777, 796, 705, 670, 709, 742, 731, 732, 763, 740, 806, 779, 738, 759, 782, 715, 714, 625, 809, 913, 769, 721, 812, 741, 727, 657, 764, 767, 666, 652, 636, 704, 776, 752, 667, 558, 649, 683, 611, 700, 750, 668, 638, 699, 770, 600, 743, 827, 746, 570, 639, 774, 746, 563, 638, 780, 658, 719, 683, 754, 761, 668, 656, 809, 818, 742, 666, 576, 756, 736, 628, 646, 675, 681, 544, 677, 767, 697, 565, 674, 784, 744, 701, 852, 880, 741, 706, 848, 963, 685, 814, 891, 696, 674, 683, 852, 914, 652, 728, 719, 626, 649, 616, 702, 744, 614, 561, 618, 631, 573, 544, 654, 741, 800, 532, 680, 722, 597, 472, 607, 921, 1114, 691, 872, 816, 788, 648, 894, 1236, 1164, 704, 1019, 1021, 911, 814, 1063, 1495, 991, 712, 1014, 995, 875, 809, 1077, 1416, 803, 642, 849, 864, 774, 635, 823, 1076, 702, 705, 871, 868, 744, 630, 859, 931, 739, 632, 769, 806, 739, 723, 915, 938, 710, 557, 712, 729, 708, 702, 832, 894, 708, 614, 625, 649, 669, 610, 688, 768, 734, 574, 544, 595, 604, 538, 546, 734, 658, 760, 583, 542, 641, 660, 601, 535, 643, 894, 821, 592, 667, 779, 888, 721, 620, 770, 841, 709, 663, 622, 752, 744, 578, 615, 740, 574, 606, 568, 583, 672, 525, 533, 589, 496, 448, 547, 664, 686, 584, 588, 605, 577, 481, 575, 659, 596, 540, 502, 471, 558, 510, 525, 514, 484, 465, 469, 533, 567, 498, 451, 489, 510, 511, 486, 484, 591, 549, 453, 445, 477, 433, 486, 490, 512, 439, 423, 520, 487, 487, 471, 465, 449, 457, 521, 525, 491, 437, 375, 433, 489, 438, 429, 500, 495]"
-0.1405322402715683,0.13402928411960602,-0.6637603044509888,-0.3318187892436981,0.23346003890037537,-0.8595300912857056,-0.2485733926296234,-2.139277458190918,1.4997482299804688,15.75,-1.3805341720581055,1.14898681640625,20.0,-1.3557863235473633,1.1760234832763672,18.5,-0.985713005065918,0.8947849273681641,28.25,-0.813908576965332,0.6733417510986328,28.0,"[524, 555, 548, 571, 570, 573, 551, 556, 445, 537, 628, 650, 587, 568, 590, 529, 473, 529, 638, 630, 512, 536, 570, 554, 517, 458, 553, 493, 471, 528, 487, 520, 544, 504, 556, 508, 468, 513, 469, 476, 538, 543, 437, 441, 548, 562, 487, 512, 502, 495, 487, 479, 518, 555, 537, 555, 452, 574, 639, 523, 463, 525, 577, 516, 489, 492, 451, 421, 445, 451, 461, 452, 512, 545, 511, 465, 545, 569, 560, 544, 433, 514, 558, 486, 532, 562, 546, 465, 542, 535, 589, 570, 512, 479, 521, 486, 498, 536, 543, 503, 470, 452, 476, 514, 539, 577, 561, 556, 553, 542, 574, 554, 555, 604, 621, 574, 608, 675, 626, 615, 562, 554, 576, 580, 581, 625, 520, 589, 555, 551, 529, 576, 608, 578, 510, 490, 434, 525, 564, 531, 559, 563, 483, 455, 494, 529, 515, 498, 542, 654, 522, 409, 462, 518, 577, 492, 575, 660, 532, 470, 507, 580, 562, 506, 561, 609, 555, 510, 569, 597, 538, 517, 580, 535, 477, 528, 586, 551, 551, 556, 533, 443, 435, 553, 490, 412, 444, 492, 491, 520, 565, 527, 542, 568, 466, 504, 530, 495, 481, 482, 499, 606, 514, 450, 541, 558, 488, 434, 594, 659, 570, 474, 576, 597, 471, 386, 620, 626, 638, 649, 632, 682, 574, 520, 494, 471, 598, 604, 511, 556, 548, 555, 484, 565, 569, 557, 507, 517, 593, 587, 558, 513, 554, 548, 467, 481, 492, 547, 519, 569, 510, 435, 537, 535, 508, 517, 506, 600, 527, 493, 564, 559, 502, 463, 538, 578, 640, 621, 494, 527, 530, 479, 581, 618, 561, 482, 557, 591, 535, 523, 617, 602, 673, 590, 649, 727, 589, 572, 488, 560, 604, 533, 531, 614, 660, 546, 547, 586, 619, 599, 611, 612, 544, 570, 461, 540, 573, 600, 599, 533, 548, 522, 510, 583, 618, 561, 554, 506, 578, 578, 558, 588, 631, 586, 504, 521, 638, 619, 570, 573, 701, 680, 492, 475, 676, 682, 593, 633, 719, 622, 582, 485, 603, 644, 512, 577, 579, 537, 564, 532, 526, 534, 596, 663, 612, 610, 615, 567, 543, 500, 502, 640, 691, 664, 511, 580, 718, 560, 582, 538, 587, 651, 593, 506, 663, 682, 587, 654, 639, 553, 548, 515, 594, 579, 652, 537, 545, 630, 611, 464, 557, 682, 608, 473, 515, 616, 613, 428, 488, 679, 640, 539, 545, 614, 636, 503, 515, 646, 670, 697, 641, 576, 648, 592, 561, 605, 626, 662, 623, 607, 531, 551, 630, 593, 585, 598, 567, 530, 616, 690, 646, 608, 620, 566, 574, 616, 664, 629, 617, 651, 618, 616, 629, 667, 644, 575, 606, 664, 532, 529, 625, 598, 550, 522, 568, 602, 620, 571, 515, 631, 678, 590, 451, 571, 625, 441, 491, 560, 638, 560, 452, 628, 608, 566, 578, 578, 599, 574, 560, 610, 902, 822, 837, 687, 706, 764, 931, 1018, 2511, 1385, 2044, 1453, 1607, 1316, 2870, 3827, 3840, 1950, 3190, 2232, 2304, 1607, 4721, 6141, 3147, 1848, 3538, 2891, 1774, 1171, 3936, 5209, 7529, 5171, 11389, 8601, 4206, 3492, 13131, 15732, 7457, 7034, 12781, 9223, 4063, 4947, 15025, 16758, 4858, 7835, 9378, 5905, 2558, 4981, 10075, 9869, 3297, 6233, 6363, 3327, 1796, 3747, 6159, 5167, 1981, 3579, 3678, 1933, 1162, 2071, 3520, 2984, 1109, 2284, 2321, 1263, 863, 1250, 1988, 1623, 1161, 2366, 2281, 1114, 965, 1146, 1752, 1334, 885, 1671, 1729, 1026, 789, 1066, 1428, 1229, 606, 831, 992, 774, 606, 743, 867, 820, 649, 668, 783, 644, 563, 640, 745, 740, 682, 698, 779, 696, 587, 673, 691, 749, 884, 1036, 985, 833, 682, 916, 859, 679, 942, 1248, 1067, 709, 733, 1036, 920, 579, 887, 1223, 1120, 698, 713, 855, 897, 666, 1080, 1784, 1632, 970, 912, 1028, 1104, 779, 1526, 2380, 2186, 1261, 904, 1351, 1361, 1031, 1728, 2205, 2003, 1324, 1037, 1411, 1276, 986, 1498, 1657, 1107, 999, 1012, 1281, 1188, 950, 1494, 1845, 1562, 1264, 1063, 1291, 1297, 887, 1498, 1821, 1593, 1266, 996, 1276, 1297, 820, 1117, 1136, 1130, 1015, 931, 802, 975, 999, 1217, 1073, 1271, 1263, 1184, 902, 1086, 1240, 1621, 1302, 1061, 1238, 1446, 1116, 1064, 1491, 1315, 1070, 786, 960, 1154, 1104, 935, 1087, 853, 681, 711, 810, 741, 738, 720, 795, 682, 624, 648, 755, 765, 646, 667, 719, 778, 646, 601, 847, 825, 589, 706, 757, 749, 715, 655, 762, 836, 650, 763, 786, 849, 781, 731, 803, 775, 708, 741, 821, 919, 799, 766, 756, 805, 782, 718, 894, 832, 738, 646, 687, 809, 781, 735, 803, 1021, 784, 606, 829, 977, 897, 1058, 1217, 1050, 744, 672, 823, 902, 870, 886, 1086, 676, 711, 804, 805, 720, 693, 668, 734, 635, 553, 640, 643, 570, 622, 700, 640, 629, 636, 714, 640, 536, 731, 738, 620, 614, 682, 802, 730, 660, 771, 808, 736, 621, 593, 852, 864, 718, 789, 821, 795, 558, 592, 791, 791, 701, 687, 708, 626, 714, 609, 660, 737, 678, 595, 644, 698, 766, 601, 741, 861, 767, 630, 821, 866, 803, 565, 680, 796, 750, 693, 841, 942, 699, 534, 672, 675, 713, 669, 813, 890, 819, 561, 751, 834, 748, 619, 835, 1034, 925, 636, 1039, 1010, 701, 633, 1088, 1313, 861, 621, 807, 985, 745, 612, 1020, 1183, 805, 677, 724, 802, 741, 664, 813, 916, 705, 734, 737, 687, 684, 672, 760, 789, 640, 747, 876, 696, 605, 614, 867, 906, 623, 748, 931, 733, 498, 581, 847, 929, 685, 554, 638, 723, 670, 646, 603, 679, 676, 802, 811, 661, 614, 771, 974, 804, 562, 1036, 1184, 787, 585, 761, 1150, 994, 568, 840, 990, 811, 619, 668, 870, 850, 530, 702, 752, 663, 656, 752, 833, 685, 491, 643, 702, 547, 546, 699, 764, 623, 541, 662, 634, 486, 448, 519, 754, 702, 615, 775, 643, 499, 473, 628, 805, 612, 578, 697, 630, 564, 509, 552, 748, 657, 474, 630, 603, 541, 511, 541, 646, 562, 456, 455, 429, 472, 472, 521, 464, 434, 507, 563, 519, 480, 544, 549, 456, 408, 430, 531, 500, 439, 444, 420, 474, 455, 434, 440, 450, 437, 422, 442, 400, 394]"
-0.10912564396858215,0.13955549895763397,-0.6795436143875122,-0.27189725637435913,0.22431467473506927,-0.8514701724052429,-0.19522219896316528,-2.417072057723999,1.8759727478027344,25.25,-1.544889211654663,1.1083602905273438,15.25,-1.3450467586517334,0.9100914001464844,21.75,-1.185687780380249,0.9927749633789062,25.25,-0.9835565090179443,1.0017871856689453,27.5,"[546, 599, 670, 654, 605, 657, 669, 591, 597, 682, 631, 623, 647, 722, 630, 511, 634, 591, 578, 532, 591, 688, 605, 569, 482, 453, 475, 529, 477, 525, 538, 490, 518, 426, 487, 539, 494, 467, 473, 497, 526, 485, 427, 581, 551, 470, 471, 479, 582, 516, 537, 628, 592, 483, 568, 591, 476, 522, 560, 527, 535, 492, 519, 535, 474, 510, 515, 545, 533, 554, 536, 524, 462, 559, 520, 547, 541, 490, 548, 502, 549, 555, 489, 467, 525, 461, 522, 532, 563, 588, 527, 534, 670, 556, 476, 506, 552, 502, 445, 515, 544, 502, 451, 497, 567, 576, 543, 540, 542, 526, 542, 598, 483, 556, 597, 570, 473, 566, 609, 504, 546, 594, 644, 585, 562, 599, 688, 630, 510, 540, 576, 564, 489, 604, 669, 563, 525, 529, 540, 564, 537, 532, 592, 610, 552, 618, 633, 556, 603, 562, 511, 557, 557, 537, 615, 545, 581, 518, 445, 548, 464, 499, 566, 536, 474, 490, 539, 469, 478, 627, 661, 569, 493, 624, 699, 557, 476, 581, 614, 481, 501, 665, 692, 584, 511, 555, 551, 488, 562, 646, 658, 586, 455, 537, 570, 581, 568, 557, 587, 470, 569, 527, 557, 637, 526, 521, 610, 586, 477, 557, 671, 681, 544, 602, 655, 542, 542, 653, 564, 541, 567, 610, 555, 459, 443, 535, 528, 499, 508, 486, 534, 456, 460, 462, 457, 503, 579, 468, 530, 580, 505, 502, 523, 523, 543, 486, 518, 550, 586, 553, 559, 562, 556, 505, 505, 544, 627, 534, 473, 492, 521, 511, 430, 500, 618, 602, 585, 647, 652, 675, 660, 615, 619, 617, 604, 596, 601, 620, 722, 742, 635, 578, 617, 628, 622, 581, 720, 775, 531, 595, 594, 467, 516, 652, 660, 597, 488, 561, 561, 499, 536, 549, 574, 491, 474, 516, 577, 522, 520, 605, 528, 517, 526, 526, 628, 538, 478, 616, 627, 551, 577, 590, 602, 599, 604, 650, 641, 542, 624, 629, 681, 607, 635, 655, 618, 637, 652, 637, 635, 583, 579, 626, 555, 555, 584, 547, 501, 558, 561, 495, 474, 530, 495, 582, 566, 521, 492, 514, 445, 474, 645, 687, 614, 666, 662, 607, 635, 663, 603, 674, 673, 602, 611, 596, 625, 572, 624, 572, 593, 564, 648, 641, 513, 547, 581, 568, 531, 584, 621, 594, 599, 580, 579, 604, 547, 510, 618, 640, 559, 513, 528, 525, 565, 581, 565, 507, 526, 596, 663, 536, 533, 562, 516, 499, 625, 757, 608, 572, 618, 612, 502, 493, 578, 649, 660, 591, 613, 632, 607, 499, 557, 629, 608, 588, 609, 610, 519, 526, 604, 642, 532, 499, 559, 542, 580, 539, 528, 587, 577, 577, 576, 491, 512, 532, 463, 546, 586, 672, 613, 552, 583, 591, 609, 601, 807, 792, 921, 850, 625, 660, 929, 979, 2670, 1754, 2297, 1882, 1478, 1450, 2525, 3586, 5460, 1734, 4528, 4205, 2873, 1555, 4807, 7649, 5794, 4006, 9658, 7855, 2839, 2785, 8666, 11114, 5029, 9162, 15235, 11145, 3288, 6662, 14752, 14986, 3794, 8202, 11272, 8037, 3094, 6291, 11056, 9806, 1863, 5321, 6010, 3492, 1572, 3761, 5051, 3576, 1350, 4395, 5396, 3010, 874, 2558, 4613, 4053, 720, 2604, 3151, 1822, 661, 1421, 2494, 2218, 767, 1145, 1052, 833, 677, 700, 907, 787, 706, 1109, 1208, 835, 693, 800, 971, 893, 862, 1676, 1732, 972, 683, 1042, 1360, 1114, 827, 1622, 1657, 891, 735, 946, 1182, 933, 721, 1046, 1024, 649, 617, 683, 711, 576, 653, 726, 642, 557, 634, 707, 626, 557, 625, 611, 601, 648, 668, 759, 663, 615, 702, 811, 783, 721, 645, 706, 819, 707, 705, 878, 746, 640, 739, 742, 812, 683, 1127, 1476, 1225, 928, 969, 892, 1004, 747, 1539, 2448, 2569, 1754, 1151, 1042, 1551, 1208, 1895, 3680, 3798, 2426, 1503, 1562, 2081, 1345, 1443, 2761, 2884, 2048, 1243, 1278, 1561, 857, 1078, 1456, 1452, 1328, 981, 904, 1141, 876, 1102, 1162, 1271, 1240, 862, 1019, 1141, 891, 1276, 1156, 1090, 1250, 793, 1201, 1333, 1138, 1445, 1356, 1146, 1082, 1059, 1359, 1353, 1212, 1374, 1332, 1173, 1179, 1016, 1243, 1173, 1207, 1024, 973, 751, 829, 912, 1028, 925, 996, 584, 722, 660, 535, 545, 681, 724, 570, 638, 635, 601, 694, 720, 679, 657, 652, 530, 589, 639, 645, 672, 697, 661, 628, 630, 686, 752, 773, 676, 733, 798, 718, 789, 737, 707, 758, 682, 733, 709, 737, 818, 738, 687, 636, 682, 760, 678, 663, 707, 746, 757, 689, 683, 714, 736, 668, 646, 803, 861, 663, 663, 673, 722, 704, 767, 787, 746, 658, 594, 747, 722, 683, 803, 720, 725, 717, 649, 816, 643, 660, 677, 643, 614, 576, 623, 704, 693, 638, 698, 795, 855, 713, 576, 732, 750, 797, 552, 777, 805, 695, 589, 694, 791, 692, 657, 705, 673, 601, 728, 716, 652, 735, 580, 525, 590, 667, 681, 691, 728, 703, 551, 501, 723, 777, 676, 702, 770, 695, 709, 672, 786, 782, 649, 778, 817, 821, 792, 675, 716, 841, 764, 777, 979, 924, 771, 717, 688, 796, 849, 754, 895, 889, 695, 653, 685, 758, 676, 619, 732, 769, 838, 706, 649, 689, 592, 693, 792, 896, 885, 679, 589, 634, 738, 739, 796, 986, 837, 562, 651, 627, 756, 694, 745, 971, 926, 723, 707, 663, 758, 669, 730, 978, 772, 659, 696, 752, 757, 615, 708, 772, 820, 568, 620, 715, 699, 623, 665, 829, 840, 674, 575, 612, 675, 664, 623, 802, 897, 1103, 938, 673, 745, 928, 999, 781, 831, 1166, 1068, 704, 574, 983, 1172, 742, 980, 1179, 1026, 721, 568, 1008, 1300, 1057, 932, 1249, 1105, 715, 626, 979, 1369, 1170, 755, 1134, 1143, 810, 651, 886, 1114, 923, 606, 841, 861, 707, 594, 660, 858, 774, 553, 602, 571, 549, 509, 569, 559, 497, 579, 602, 599, 569, 527, 602, 693, 628, 498, 561, 573, 498, 452, 588, 648, 594, 517, 495, 554, 485, 479, 592, 567, 503, 504, 553, 543, 484, 450, 562, 603, 551, 500, 592, 629, 535, 578, 637, 754, 709, 532, 618, 673, 562, 648, 707, 682, 663, 491, 541, 562, 520, 557, 556, 534, 549, 541, 496, 422, 461, 450, 436, 471, 488]"
-0.13579167425632477,0.12253726273775101,-0.7119492888450623,-0.3048948645591736,0.18757152557373047,-0.8492640852928162,-0.2201133370399475,-1.1262543201446533,0.5393028259277344,21.75,-1.0232574939727783,0.47893524169921875,24.25,-0.971472978591919,0.0,18.5,-0.6003983020782471,-0.3513336181640625,24.25,-0.4941112995147705,0.1391887664794922,26.25,"[474, 592, 675, 625, 546, 628, 676, 583, 554, 570, 558, 552, 551, 589, 635, 635, 513, 595, 541, 517, 491, 529, 538, 485, 492, 513, 468, 468, 483, 461, 469, 507, 479, 483, 474, 533, 442, 433, 482, 532, 521, 542, 560, 497, 421, 548, 570, 531, 479, 480, 491, 469, 463, 494, 520, 497, 433, 502, 467, 440, 504, 503, 493, 444, 490, 528, 517, 480, 528, 480, 497, 540, 538, 530, 543, 486, 616, 583, 584, 595, 501, 472, 532, 559, 521, 524, 521, 545, 538, 582, 635, 562, 557, 577, 468, 540, 520, 471, 590, 543, 533, 543, 492, 572, 463, 469, 519, 591, 569, 386, 451, 500, 614, 579, 536, 632, 632, 499, 520, 556, 530, 518, 505, 539, 617, 611, 480, 490, 512, 508, 554, 503, 478, 551, 537, 532, 494, 501, 542, 546, 525, 509, 584, 569, 536, 589, 589, 565, 586, 612, 617, 581, 587, 542, 560, 559, 570, 591, 534, 561, 557, 506, 576, 502, 559, 578, 466, 493, 595, 572, 654, 595, 569, 607, 570, 615, 553, 555, 538, 504, 528, 572, 591, 595, 568, 546, 513, 577, 528, 499, 527, 511, 479, 459, 497, 527, 430, 456, 497, 469, 505, 497, 618, 663, 489, 474, 651, 595, 547, 521, 494, 543, 595, 518, 584, 610, 479, 496, 457, 536, 594, 531, 524, 585, 598, 647, 533, 480, 525, 572, 556, 502, 629, 646, 586, 608, 574, 658, 609, 563, 538, 606, 604, 570, 538, 613, 642, 553, 567, 525, 480, 466, 465, 552, 551, 512, 463, 521, 585, 525, 460, 523, 609, 558, 539, 551, 524, 547, 561, 601, 636, 559, 583, 626, 600, 540, 491, 582, 572, 509, 601, 676, 663, 612, 528, 555, 562, 598, 572, 547, 534, 572, 552, 499, 427, 565, 595, 494, 511, 559, 638, 553, 522, 625, 571, 607, 567, 564, 578, 579, 541, 583, 624, 659, 534, 536, 592, 632, 562, 507, 666, 647, 498, 533, 570, 585, 532, 561, 685, 625, 547, 571, 559, 551, 502, 553, 623, 575, 622, 665, 590, 570, 537, 607, 564, 487, 578, 622, 684, 612, 542, 639, 572, 544, 603, 660, 654, 534, 555, 675, 580, 508, 541, 596, 618, 519, 512, 575, 608, 504, 469, 623, 609, 548, 508, 550, 610, 617, 511, 600, 655, 629, 658, 625, 658, 606, 549, 533, 530, 574, 570, 614, 677, 656, 542, 549, 594, 646, 639, 612, 676, 615, 562, 528, 521, 601, 536, 611, 612, 603, 625, 579, 465, 551, 614, 594, 553, 648, 618, 558, 579, 563, 577, 579, 437, 557, 620, 517, 477, 552, 583, 486, 582, 624, 593, 505, 568, 601, 587, 527, 742, 706, 727, 667, 652, 698, 840, 859, 1695, 1165, 1552, 1276, 1208, 1065, 2013, 2435, 3429, 1692, 2920, 2472, 1978, 1556, 3732, 4986, 5285, 2141, 4248, 3790, 2523, 1706, 4897, 7139, 6779, 4620, 7519, 5904, 3234, 2493, 7135, 9350, 4973, 8968, 12556, 8402, 2771, 4529, 10284, 10447, 5332, 10517, 11785, 6813, 2820, 5199, 9787, 8445, 6046, 10244, 9192, 3980, 2643, 4787, 6509, 4433, 3555, 6060, 5444, 2681, 1751, 3030, 3847, 2941, 1886, 2411, 2581, 1793, 1169, 1744, 3057, 2909, 1202, 2518, 2902, 1679, 882, 1740, 3176, 2809, 834, 1789, 1848, 1011, 758, 1374, 1989, 1510, 723, 913, 893, 700, 652, 864, 890, 667, 588, 801, 937, 677, 550, 676, 794, 726, 775, 1306, 1300, 683, 734, 885, 888, 772, 819, 1336, 1240, 670, 779, 850, 874, 640, 716, 802, 852, 789, 657, 566, 710, 705, 898, 1006, 944, 739, 599, 946, 1065, 879, 956, 1240, 1157, 790, 686, 1022, 1232, 912, 938, 1142, 952, 851, 706, 759, 956, 870, 884, 1209, 1203, 868, 749, 768, 945, 911, 1053, 1425, 1269, 900, 831, 1058, 1378, 1085, 1066, 1216, 1199, 1198, 923, 1194, 1548, 1246, 1445, 1941, 2017, 1550, 1182, 1589, 1834, 1320, 1817, 2618, 2431, 1468, 1444, 1517, 1822, 1314, 1450, 2279, 2121, 1167, 1102, 1366, 1546, 966, 1589, 2150, 1805, 1232, 1149, 1559, 1651, 979, 1511, 1608, 1359, 1267, 1150, 1329, 1392, 1081, 1338, 1405, 1207, 1188, 1212, 1148, 1027, 1108, 1152, 1255, 1034, 915, 1105, 1062, 895, 936, 920, 1045, 959, 890, 955, 895, 862, 839, 700, 882, 973, 902, 676, 731, 883, 741, 757, 782, 890, 945, 795, 897, 870, 718, 849, 730, 758, 900, 946, 877, 821, 844, 865, 890, 715, 819, 884, 838, 883, 789, 948, 829, 734, 824, 701, 662, 723, 808, 837, 784, 646, 705, 686, 636, 655, 735, 670, 772, 764, 712, 625, 707, 746, 672, 691, 713, 767, 672, 666, 669, 746, 808, 781, 666, 632, 807, 910, 715, 775, 855, 783, 770, 617, 836, 802, 638, 746, 775, 754, 674, 629, 689, 646, 601, 730, 781, 794, 729, 681, 714, 768, 734, 677, 788, 748, 724, 622, 652, 697, 621, 548, 670, 662, 665, 630, 632, 631, 592, 601, 650, 751, 606, 633, 701, 648, 528, 623, 776, 722, 628, 626, 595, 636, 570, 525, 759, 685, 689, 822, 768, 648, 540, 780, 835, 671, 674, 770, 736, 674, 598, 774, 796, 625, 711, 797, 774, 520, 584, 950, 877, 644, 702, 797, 770, 607, 650, 1081, 1092, 755, 579, 797, 788, 725, 667, 900, 1051, 844, 554, 806, 894, 828, 682, 713, 871, 857, 610, 737, 755, 671, 534, 811, 1032, 790, 622, 775, 733, 690, 577, 1014, 1182, 899, 547, 762, 716, 632, 626, 1033, 1230, 727, 599, 780, 793, 690, 693, 971, 1008, 601, 826, 833, 736, 693, 776, 918, 759, 656, 799, 905, 717, 628, 658, 1010, 968, 676, 756, 939, 806, 650, 777, 1015, 1010, 544, 802, 874, 779, 679, 789, 966, 887, 600, 789, 799, 762, 749, 832, 854, 732, 579, 734, 765, 606, 650, 720, 872, 796, 603, 720, 765, 613, 641, 644, 838, 846, 630, 736, 776, 604, 610, 597, 754, 821, 463, 536, 610, 542, 418, 454, 543, 552, 596, 593, 649, 644, 503, 503, 537, 640, 612, 577, 673, 698, 607, 508, 633, 703, 511, 418, 535, 530, 525, 581, 685, 661, 419, 425, 506, 496, 385, 461, 597, 599, 487, 455, 511, 487, 399, 445, 502, 521, 530, 542, 562, 490, 426, 491, 489, 495, 575, 538, 505, 542, 407, 467, 535, 517]"
-0.17043475806713104,0.10542335361242294,-0.7556748986244202,-0.3475346565246582,0.1649329960346222,-0.872889518737793,-0.248897522687912,-1.812037706375122,1.4147758483886719,20.25,-1.4966099262237549,1.2918949127197266,22.75,-0.8866398334503174,0.6374359130859375,20.0,-0.8470146656036377,0.2796649932861328,17.0,-0.6438820362091064,0.39424896240234375,20.25,"[665, 630, 615, 673, 762, 676, 622, 628, 602, 560, 586, 588, 640, 603, 608, 589, 520, 578, 549, 471, 458, 513, 544, 570, 533, 624, 533, 482, 529, 552, 493, 472, 520, 540, 505, 479, 513, 521, 495, 473, 589, 662, 547, 426, 541, 620, 540, 447, 574, 602, 526, 586, 538, 511, 515, 459, 487, 477, 538, 550, 555, 531, 530, 549, 454, 540, 527, 564, 613, 577, 467, 494, 562, 574, 588, 535, 532, 565, 639, 613, 570, 534, 557, 574, 556, 584, 606, 509, 534, 512, 466, 526, 639, 629, 514, 468, 537, 608, 522, 530, 582, 591, 500, 487, 479, 521, 522, 593, 620, 520, 506, 514, 542, 566, 540, 570, 570, 548, 505, 469, 540, 595, 570, 526, 557, 595, 598, 514, 559, 507, 585, 595, 545, 512, 548, 556, 572, 480, 542, 581, 497, 461, 503, 575, 555, 442, 480, 612, 495, 424, 425, 515, 519, 503, 488, 542, 443, 508, 471, 469, 547, 609, 569, 581, 576, 573, 586, 487, 617, 674, 661, 599, 673, 729, 656, 584, 555, 545, 520, 607, 560, 496, 517, 519, 482, 486, 605, 585, 507, 474, 468, 501, 499, 574, 592, 496, 523, 547, 537, 576, 430, 582, 706, 561, 422, 505, 592, 533, 512, 561, 617, 564, 514, 597, 549, 515, 515, 583, 658, 632, 545, 610, 528, 497, 494, 539, 628, 631, 518, 492, 504, 498, 520, 551, 564, 532, 542, 553, 458, 527, 505, 501, 562, 464, 366, 494, 494, 527, 527, 565, 594, 537, 495, 512, 550, 571, 525, 552, 483, 455, 482, 468, 450, 454, 521, 667, 681, 522, 518, 644, 583, 489, 463, 578, 634, 555, 479, 612, 687, 506, 435, 462, 533, 538, 488, 496, 559, 478, 485, 424, 521, 570, 491, 456, 515, 512, 564, 495, 525, 584, 556, 582, 604, 536, 480, 519, 504, 565, 625, 617, 548, 489, 459, 573, 549, 561, 637, 574, 516, 530, 501, 541, 465, 502, 547, 530, 534, 557, 590, 670, 558, 503, 542, 532, 470, 537, 622, 631, 561, 566, 624, 637, 547, 535, 556, 646, 615, 537, 590, 581, 614, 530, 540, 687, 666, 527, 561, 524, 585, 541, 665, 636, 643, 622, 536, 522, 547, 603, 735, 725, 649, 594, 672, 652, 564, 630, 708, 679, 693, 643, 662, 740, 686, 635, 590, 545, 696, 681, 552, 619, 645, 611, 569, 542, 560, 637, 637, 656, 577, 574, 582, 589, 539, 574, 684, 739, 669, 562, 597, 690, 663, 582, 635, 731, 687, 585, 557, 584, 677, 637, 596, 616, 638, 645, 646, 688, 689, 599, 560, 596, 697, 713, 1005, 1002, 1373, 1024, 838, 935, 1965, 1992, 2997, 2178, 3712, 2833, 1983, 2168, 5404, 5961, 3911, 4189, 6542, 4668, 2195, 3329, 7592, 8050, 3029, 5486, 6629, 4386, 2079, 3659, 5580, 4972, 3451, 4654, 5262, 3446, 2385, 3190, 4968, 4825, 2166, 2525, 2682, 1833, 1649, 2154, 2711, 2766, 3910, 3777, 3908, 2791, 1782, 2320, 4236, 4740, 5594, 4318, 5450, 3762, 2587, 3138, 6385, 6958, 4315, 4483, 6354, 4479, 2127, 3649, 7765, 8230, 2015, 3403, 4528, 2839, 1204, 2751, 5366, 5065, 897, 1449, 1660, 1153, 749, 1207, 1988, 1813, 704, 1019, 1022, 802, 657, 765, 1068, 1086, 580, 792, 851, 684, 664, 699, 760, 722, 559, 582, 647, 730, 609, 623, 654, 570, 601, 539, 595, 594, 581, 582, 470, 565, 545, 672, 665, 554, 608, 525, 525, 584, 547, 802, 810, 508, 618, 668, 612, 538, 685, 945, 837, 511, 630, 651, 601, 604, 817, 1116, 984, 704, 706, 755, 772, 733, 1603, 2538, 2217, 1063, 1305, 1265, 1607, 1183, 3013, 5080, 4339, 1891, 2076, 1944, 2775, 1661, 3458, 5822, 4832, 1951, 1988, 2326, 3064, 1555, 2392, 3624, 2906, 1295, 1467, 1682, 1987, 1142, 1605, 2136, 1926, 1112, 1187, 1181, 1262, 960, 1550, 2184, 1801, 1153, 1045, 1117, 1234, 889, 1294, 1813, 1802, 1583, 1143, 1345, 1604, 1210, 1468, 1770, 1852, 1703, 1290, 1475, 1610, 1351, 1227, 1366, 1317, 1168, 1103, 1154, 1132, 978, 827, 973, 873, 787, 752, 740, 719, 692, 730, 763, 735, 743, 719, 729, 676, 610, 742, 688, 647, 730, 659, 668, 931, 867, 847, 919, 695, 750, 736, 920, 1040, 925, 753, 912, 835, 606, 663, 720, 891, 833, 609, 768, 735, 646, 653, 647, 822, 792, 625, 585, 584, 646, 625, 578, 671, 723, 724, 720, 654, 677, 662, 600, 705, 742, 728, 730, 682, 768, 798, 684, 741, 795, 576, 726, 742, 786, 736, 727, 774, 641, 573, 742, 875, 835, 696, 678, 749, 660, 711, 695, 844, 869, 733, 704, 722, 734, 755, 698, 667, 839, 794, 715, 761, 771, 703, 667, 727, 876, 778, 686, 851, 860, 584, 669, 698, 676, 658, 720, 849, 760, 614, 665, 673, 615, 675, 738, 728, 627, 781, 621, 637, 658, 660, 689, 656, 802, 855, 705, 581, 606, 663, 731, 657, 811, 833, 698, 603, 534, 681, 763, 515, 691, 652, 645, 682, 663, 584, 554, 574, 681, 625, 687, 818, 856, 704, 692, 897, 898, 884, 842, 1154, 1165, 964, 913, 1613, 1686, 1191, 774, 1261, 1349, 1085, 839, 1697, 2000, 1316, 696, 1155, 1283, 1129, 745, 1516, 1916, 940, 667, 888, 950, 890, 745, 935, 1132, 655, 668, 760, 749, 808, 972, 971, 808, 686, 723, 854, 739, 641, 897, 1149, 1048, 814, 817, 1016, 883, 696, 734, 1141, 1212, 885, 1173, 1304, 1056, 767, 884, 1323, 1278, 690, 872, 1125, 924, 586, 768, 1076, 984, 559, 645, 751, 681, 580, 689, 678, 628, 710, 670, 928, 870, 606, 701, 881, 948, 722, 875, 1074, 838, 567, 693, 918, 925, 811, 920, 1073, 933, 756, 728, 1039, 1091, 741, 847, 877, 788, 656, 658, 889, 895, 644, 565, 634, 657, 650, 596, 705, 783, 610, 661, 668, 691, 681, 698, 626, 526, 586, 718, 825, 704, 640, 694, 660, 574, 607, 662, 690, 758, 619, 650, 696, 648, 579, 612, 693, 655, 563, 510, 595, 641, 454, 541, 569, 560, 601, 489, 528, 558, 582, 671, 592, 520, 538, 572, 578, 525, 556, 581, 575, 476, 515, 524, 536, 545, 555, 556, 593, 616, 621, 556, 458, 548, 552, 554, 483, 450, 525, 585, 524, 503, 490, 523, 460, 433, 472, 468, 506, 460]"
-0.17043475806713104,0.10542335361242294,-0.7556748986244202,-0.3475346565246582,0.1649329960346222,-0.872889518737793,-0.248897522687912,-1.3609974384307861,0.9005069732666016,28.0,-1.297339677810669,1.0419845581054688,28.0,-1.178035020828247,0.7786273956298828,-31.0,-0.8912174701690674,0.5035400390625,22.25,-0.7969467639923096,0.5953788757324219,18.0,"[666, 681, 626, 574, 667, 573, 626, 683, 510, 545, 591, 630, 683, 650, 620, 607, 451, 501, 474, 486, 562, 580, 554, 442, 497, 558, 519, 491, 541, 607, 502, 426, 571, 575, 434, 418, 503, 584, 476, 452, 509, 561, 472, 482, 544, 538, 474, 492, 463, 546, 520, 445, 494, 494, 519, 523, 590, 557, 508, 524, 536, 490, 589, 629, 507, 516, 506, 512, 556, 450, 539, 573, 479, 514, 523, 551, 485, 438, 509, 480, 459, 552, 534, 571, 529, 451, 492, 414, 517, 617, 616, 595, 556, 550, 575, 517, 551, 631, 576, 555, 626, 627, 600, 503, 658, 647, 551, 532, 619, 635, 559, 531, 541, 625, 625, 532, 571, 592, 620, 553, 472, 626, 543, 485, 546, 626, 609, 507, 475, 618, 588, 524, 523, 491, 491, 485, 599, 563, 580, 661, 652, 561, 611, 667, 599, 590, 599, 626, 609, 613, 627, 627, 568, 705, 620, 526, 684, 639, 569, 505, 490, 661, 696, 566, 534, 619, 588, 480, 482, 622, 591, 536, 504, 526, 517, 504, 507, 625, 576, 516, 571, 645, 629, 607, 543, 582, 562, 603, 603, 599, 594, 581, 527, 496, 568, 584, 623, 653, 657, 592, 536, 547, 502, 537, 624, 716, 602, 549, 513, 586, 536, 528, 559, 609, 578, 580, 615, 674, 602, 570, 475, 579, 631, 513, 560, 593, 603, 532, 514, 569, 592, 530, 562, 541, 626, 569, 542, 568, 664, 687, 508, 512, 548, 629, 592, 509, 588, 597, 523, 540, 561, 543, 526, 569, 522, 507, 593, 533, 487, 507, 553, 538, 438, 529, 598, 561, 504, 526, 576, 667, 657, 616, 539, 610, 540, 500, 632, 760, 664, 511, 461, 568, 563, 514, 534, 616, 672, 537, 517, 532, 597, 516, 474, 555, 604, 591, 565, 541, 582, 561, 416, 596, 584, 558, 613, 575, 523, 534, 476, 477, 491, 530, 501, 466, 456, 572, 551, 441, 455, 519, 522, 515, 604, 591, 570, 489, 494, 498, 635, 572, 568, 594, 510, 513, 525, 604, 652, 564, 722, 702, 569, 572, 651, 754, 695, 602, 658, 627, 598, 514, 579, 700, 565, 610, 626, 541, 612, 618, 548, 550, 574, 576, 555, 585, 584, 567, 638, 624, 656, 602, 535, 641, 577, 604, 611, 540, 592, 632, 624, 661, 695, 695, 669, 585, 616, 596, 620, 564, 574, 633, 593, 572, 660, 648, 679, 611, 530, 649, 608, 578, 559, 605, 658, 615, 543, 553, 644, 625, 686, 631, 703, 665, 572, 620, 770, 781, 1109, 1328, 1495, 1087, 836, 1550, 2563, 2297, 3035, 2829, 3519, 2461, 1982, 3338, 6861, 6732, 4120, 3997, 4588, 3269, 2595, 3932, 7852, 7949, 10465, 4081, 7860, 6809, 5378, 3692, 10506, 14931, 16629, 4201, 15002, 11967, 8589, 3953, 20255, 27393, 10665, 5040, 13087, 9746, 6062, 4113, 17167, 20916, 2450, 3699, 5926, 4952, 2279, 3239, 7554, 7211, 2849, 3692, 5292, 3836, 1286, 2601, 4739, 4966, 3018, 5036, 7035, 4460, 1365, 3360, 7187, 7218, 2232, 4264, 5693, 3448, 1161, 3005, 6093, 5904, 1132, 2722, 3501, 2085, 960, 1894, 3549, 3304, 570, 1295, 1486, 1051, 630, 1011, 1538, 1323, 604, 711, 663, 666, 584, 602, 735, 644, 547, 645, 668, 593, 501, 590, 644, 600, 544, 633, 594, 575, 618, 656, 613, 524, 721, 815, 762, 595, 611, 631, 643, 578, 1140, 1532, 1188, 696, 801, 874, 914, 643, 1510, 2041, 1650, 900, 1027, 1159, 1294, 763, 1312, 1794, 1551, 869, 924, 1087, 1218, 781, 1878, 3424, 3032, 963, 1686, 2230, 1750, 856, 3370, 6556, 5951, 2137, 2853, 3756, 2734, 1335, 3636, 6627, 6195, 2555, 3068, 3752, 2630, 1691, 1755, 3487, 3810, 2033, 1630, 2662, 2041, 1343, 1184, 1676, 2331, 1678, 859, 1767, 1688, 1226, 706, 1106, 1574, 1307, 716, 1100, 1110, 861, 829, 1085, 1099, 994, 729, 1052, 1179, 789, 1353, 1616, 1288, 925, 1165, 1678, 1658, 1003, 1436, 1325, 1203, 1146, 1301, 1523, 1170, 1137, 1033, 933, 858, 969, 1043, 1001, 761, 932, 723, 674, 640, 753, 843, 720, 657, 685, 846, 765, 773, 794, 804, 904, 796, 784, 809, 852, 903, 816, 690, 838, 853, 659, 851, 900, 774, 673, 721, 850, 831, 742, 704, 857, 1024, 817, 704, 756, 902, 886, 630, 806, 863, 754, 717, 790, 818, 717, 609, 637, 670, 606, 656, 755, 740, 643, 714, 677, 653, 556, 592, 682, 689, 735, 761, 850, 736, 667, 680, 673, 657, 581, 638, 725, 703, 630, 616, 622, 628, 663, 670, 608, 550, 557, 614, 669, 655, 641, 724, 694, 676, 701, 687, 767, 738, 734, 850, 651, 619, 803, 839, 809, 710, 891, 836, 742, 652, 665, 663, 630, 606, 776, 817, 736, 681, 699, 625, 573, 629, 764, 736, 620, 664, 722, 656, 549, 587, 764, 718, 623, 672, 792, 652, 530, 622, 756, 633, 606, 618, 723, 686, 569, 599, 623, 621, 679, 719, 785, 697, 612, 651, 593, 679, 669, 767, 796, 688, 768, 737, 611, 748, 643, 649, 678, 641, 704, 661, 697, 679, 518, 656, 678, 681, 600, 680, 880, 953, 588, 726, 821, 914, 702, 871, 1210, 948, 710, 619, 809, 775, 690, 700, 923, 720, 694, 681, 680, 599, 588, 624, 710, 946, 793, 645, 706, 743, 618, 670, 901, 872, 806, 697, 640, 749, 698, 770, 866, 621, 700, 708, 647, 619, 633, 679, 676, 638, 723, 777, 699, 604, 691, 782, 720, 697, 826, 740, 585, 572, 725, 789, 682, 647, 647, 599, 541, 593, 615, 692, 730, 744, 769, 817, 592, 639, 666, 765, 851, 964, 1528, 1816, 1072, 761, 937, 1698, 1709, 899, 1791, 2285, 1351, 664, 1284, 2439, 2298, 760, 1267, 1698, 1116, 641, 915, 1807, 1771, 522, 843, 939, 722, 532, 643, 1008, 945, 702, 687, 554, 525, 546, 631, 672, 627, 687, 657, 707, 723, 671, 624, 571, 619, 629, 766, 828, 697, 682, 678, 656, 689, 563, 616, 704, 665, 586, 502, 665, 690, 561, 499, 548, 516, 420, 479, 573, 644, 526, 419, 473, 481, 483, 436, 523, 600, 500, 490, 538, 519, 450, 477, 507, 496, 466, 507, 594, 536, 424, 487, 588, 491, 460, 582, 576, 502, 402, 464, 610, 533, 468, 495, 460, 443, 444, 464, 551, 556, 477, 571, 647, 511, 417, 470, 519, 572]"
-0.18146708607673645,0.09453094750642776,-0.7586875557899475,-0.3654592037200928,0.11790323257446289,-0.8305767774581909,-0.2699809670448303,-1.3802824020385742,0.8173942565917969,21.75,-1.191025733947754,0.8594512939453125,21.0,-1.1591253280639648,0.9678840637207031,20.25,-1.1392412185668945,0.7654666900634766,26.0,-0.8238134384155273,0.7902145385742188,18.0,"[420, 572, 562, 600, 612, 596, 562, 571, 484, 542, 599, 649, 694, 638, 571, 588, 538, 474, 498, 589, 579, 573, 482, 563, 514, 443, 475, 528, 550, 518, 480, 496, 530, 500, 494, 533, 451, 531, 556, 471, 530, 460, 489, 537, 522, 433, 456, 530, 489, 518, 563, 606, 651, 552, 505, 517, 542, 486, 600, 673, 648, 554, 596, 616, 581, 632, 650, 601, 568, 567, 540, 551, 633, 612, 667, 687, 594, 651, 589, 618, 739, 603, 568, 670, 597, 657, 586, 594, 615, 556, 585, 614, 487, 656, 666, 595, 406, 545, 592, 569, 504, 520, 577, 497, 536, 603, 597, 500, 479, 592, 627, 536, 545, 487, 521, 572, 538, 556, 509, 492, 631, 624, 608, 631, 680, 618, 527, 581, 580, 481, 475, 573, 603, 602, 469, 483, 550, 519, 453, 556, 555, 440, 519, 517, 484, 527, 570, 516, 477, 493, 511, 520, 480, 533, 591, 560, 516, 535, 557, 539, 507, 578, 591, 586, 530, 585, 606, 523, 520, 585, 555, 585, 560, 611, 618, 588, 488, 483, 500, 607, 530, 485, 614, 583, 593, 614, 570, 578, 603, 530, 530, 595, 571, 603, 631, 548, 610, 619, 572, 579, 588, 614, 573, 578, 563, 522, 580, 610, 598, 639, 553, 565, 541, 591, 581, 522, 554, 573, 646, 629, 537, 584, 560, 577, 549, 551, 563, 514, 532, 530, 545, 602, 513, 547, 553, 464, 510, 507, 470, 530, 559, 507, 511, 530, 526, 516, 493, 542, 532, 551, 545, 441, 533, 540, 543, 598, 648, 576, 512, 537, 566, 599, 563, 506, 600, 610, 490, 596, 591, 541, 588, 561, 520, 524, 541, 650, 624, 595, 593, 575, 540, 595, 543, 602, 624, 545, 568, 553, 495, 551, 610, 542, 532, 596, 563, 499, 541, 581, 608, 645, 621, 536, 536, 489, 525, 556, 613, 607, 663, 637, 568, 567, 551, 577, 632, 571, 614, 626, 556, 586, 509, 515, 673, 596, 448, 509, 569, 552, 515, 499, 503, 557, 578, 623, 668, 612, 555, 529, 486, 557, 673, 640, 630, 628, 574, 559, 597, 677, 625, 566, 640, 648, 631, 596, 638, 663, 536, 633, 660, 592, 655, 585, 569, 603, 571, 550, 574, 607, 653, 545, 651, 599, 615, 671, 636, 699, 656, 552, 650, 598, 662, 613, 539, 666, 511, 547, 525, 495, 541, 530, 515, 535, 748, 994, 955, 678, 636, 825, 943, 743, 1029, 1812, 1679, 871, 896, 1249, 1496, 1078, 1555, 2588, 2606, 1467, 1191, 1867, 3080, 2531, 2893, 3470, 3874, 2604, 2020, 3135, 6389, 6155, 4275, 3006, 3520, 2951, 2556, 3122, 6297, 7011, 5898, 1611, 4764, 4817, 3180, 1889, 5089, 7742, 7566, 4068, 11080, 9309, 4120, 2504, 10603, 13859, 4662, 5999, 11407, 8668, 3085, 3684, 10516, 11800, 1457, 5130, 6425, 3968, 1412, 3299, 6843, 6035, 2349, 8702, 11480, 6849, 1400, 5100, 10519, 9580, 2496, 9862, 12319, 7062, 1463, 5543, 10537, 9153, 2785, 4662, 4499, 2241, 1605, 2560, 3693, 3207, 2176, 2104, 2793, 1840, 1042, 1359, 2937, 3360, 984, 1261, 1514, 1003, 695, 1013, 1834, 1834, 596, 722, 885, 691, 636, 703, 792, 779, 576, 606, 724, 615, 573, 558, 574, 594, 711, 701, 643, 604, 600, 608, 608, 613, 674, 667, 529, 562, 604, 545, 567, 630, 638, 797, 666, 510, 588, 617, 546, 514, 980, 1515, 1346, 568, 825, 876, 865, 648, 1203, 1947, 1699, 793, 983, 1083, 1138, 738, 1362, 2438, 2139, 834, 1092, 1271, 1146, 701, 1736, 3445, 2997, 957, 1296, 1579, 1410, 720, 2178, 3203, 2158, 846, 1361, 1284, 1612, 741, 2350, 3069, 2429, 1911, 1204, 1885, 2350, 1475, 1548, 2342, 2591, 1753, 880, 1588, 1681, 1395, 784, 954, 1225, 1108, 777, 717, 744, 877, 825, 865, 1184, 1172, 667, 883, 1074, 862, 1094, 1147, 1712, 1726, 805, 957, 1237, 1130, 1344, 891, 1683, 1794, 962, 820, 1140, 1529, 1103, 815, 1070, 1090, 897, 734, 981, 1337, 878, 813, 773, 749, 673, 731, 836, 880, 873, 723, 669, 789, 777, 676, 695, 750, 772, 689, 739, 798, 721, 683, 677, 779, 915, 750, 720, 799, 765, 827, 813, 895, 736, 633, 649, 735, 568, 565, 732, 732, 735, 691, 658, 640, 523, 698, 680, 630, 676, 733, 671, 687, 668, 679, 689, 692, 638, 536, 585, 675, 697, 706, 676, 691, 597, 593, 637, 616, 606, 721, 775, 683, 560, 654, 755, 701, 570, 692, 799, 748, 638, 736, 746, 670, 592, 730, 816, 744, 751, 590, 599, 750, 724, 635, 690, 705, 734, 671, 688, 726, 704, 670, 619, 637, 664, 640, 719, 672, 618, 668, 691, 691, 659, 522, 614, 634, 579, 621, 668, 701, 700, 666, 745, 670, 651, 613, 633, 776, 604, 620, 685, 637, 581, 574, 588, 660, 591, 589, 638, 727, 590, 531, 698, 642, 586, 508, 640, 720, 493, 589, 719, 653, 615, 598, 584, 700, 595, 641, 784, 710, 606, 541, 607, 690, 663, 598, 606, 647, 590, 558, 569, 614, 563, 558, 539, 534, 569, 502, 604, 712, 601, 535, 721, 718, 607, 510, 686, 834, 702, 576, 864, 798, 604, 625, 634, 718, 635, 615, 865, 801, 591, 602, 753, 661, 557, 588, 647, 721, 673, 618, 732, 842, 629, 619, 670, 674, 729, 697, 698, 841, 735, 583, 641, 709, 720, 698, 614, 699, 752, 556, 674, 751, 592, 654, 537, 521, 644, 644, 665, 648, 591, 570, 543, 519, 602, 630, 563, 579, 695, 607, 546, 578, 670, 692, 683, 673, 686, 724, 689, 609, 650, 783, 804, 736, 697, 812, 865, 729, 644, 797, 871, 725, 666, 791, 785, 628, 600, 703, 751, 602, 595, 562, 637, 675, 550, 581, 604, 645, 564, 536, 569, 675, 623, 490, 584, 662, 498, 615, 742, 634, 560, 526, 621, 682, 563, 625, 778, 746, 653, 518, 553, 682, 608, 616, 754, 765, 612, 564, 621, 647, 552, 628, 599, 603, 456, 509, 667, 598, 538, 549, 577, 537, 493, 498, 504, 542, 513, 515, 516, 489, 506, 474, 457, 459, 594, 546, 569, 539, 548, 570, 449, 487, 581, 562, 600, 547, 537, 513, 462, 486, 540, 495, 502, 544, 465, 498, 538, 491, 539, 482, 464, 508, 527, 474, 483, 481, 475, 500, 461, 402, 425, 450, 465, 470]"
-0.24414676427841187,0.07364454865455627,-0.8606284856796265,-0.4505293667316437,0.04394225776195526,-0.8016200065612793,-0.33861851692199707,-2.0594189167022705,1.4285087585449219,25.5,-1.4398643970489502,1.199483871459961,25.5,-1.209122896194458,0.9206771850585938,23.25,-1.0474750995635986,0.7491588592529297,26.25,-1.0107109546661377,0.6919384002685547,21.0,"[569, 670, 700, 642, 642, 643, 702, 666, 561, 644, 751, 731, 692, 691, 692, 599, 587, 518, 598, 710, 638, 580, 521, 539, 601, 463, 579, 676, 529, 436, 544, 680, 545, 443, 452, 535, 550, 469, 468, 593, 458, 477, 512, 497, 517, 462, 498, 518, 598, 566, 509, 540, 493, 546, 544, 536, 580, 578, 535, 552, 519, 543, 601, 585, 573, 552, 419, 479, 579, 565, 498, 495, 456, 446, 500, 561, 479, 505, 534, 418, 490, 427, 504, 575, 498, 464, 523, 474, 522, 515, 651, 647, 578, 581, 613, 560, 538, 529, 612, 625, 613, 547, 538, 571, 546, 614, 627, 558, 605, 617, 552, 528, 512, 516, 563, 535, 567, 614, 593, 536, 521, 461, 457, 540, 539, 504, 505, 532, 537, 445, 464, 547, 526, 489, 593, 601, 613, 554, 548, 653, 545, 544, 537, 524, 581, 555, 530, 518, 523, 616, 592, 554, 503, 557, 557, 499, 464, 477, 534, 571, 507, 571, 562, 543, 524, 542, 587, 544, 541, 651, 686, 592, 586, 603, 596, 561, 609, 550, 537, 617, 666, 555, 556, 651, 574, 533, 492, 539, 582, 553, 548, 587, 510, 472, 433, 483, 587, 565, 504, 556, 533, 578, 512, 463, 542, 588, 520, 460, 628, 680, 636, 536, 568, 600, 570, 574, 528, 632, 634, 511, 516, 523, 517, 493, 603, 594, 520, 515, 513, 473, 464, 504, 612, 493, 550, 578, 492, 465, 497, 603, 669, 443, 514, 598, 539, 509, 539, 671, 562, 488, 553, 646, 572, 551, 597, 609, 479, 516, 479, 498, 504, 514, 521, 461, 590, 642, 611, 492, 512, 533, 529, 562, 583, 656, 667, 555, 503, 577, 602, 577, 636, 651, 607, 558, 568, 574, 538, 612, 561, 531, 584, 545, 575, 523, 522, 567, 510, 536, 585, 609, 663, 591, 633, 661, 699, 644, 566, 639, 656, 568, 585, 597, 774, 731, 641, 647, 678, 622, 627, 627, 641, 649, 505, 550, 682, 556, 554, 575, 639, 682, 529, 526, 649, 593, 600, 561, 619, 566, 605, 567, 563, 588, 606, 590, 603, 565, 517, 536, 554, 572, 520, 524, 500, 529, 552, 539, 506, 473, 484, 539, 556, 629, 599, 541, 548, 566, 544, 520, 598, 709, 743, 616, 566, 667, 618, 551, 604, 627, 700, 681, 648, 587, 697, 708, 707, 782, 800, 687, 692, 662, 820, 834, 844, 1210, 1292, 848, 656, 925, 1057, 893, 1864, 1621, 1963, 1924, 1243, 2027, 3567, 3510, 4831, 3364, 5293, 4681, 3386, 4060, 10058, 10469, 5144, 3452, 5569, 4970, 3808, 3780, 10100, 10862, 5123, 2914, 5732, 4206, 2257, 2217, 7044, 8890, 7539, 4133, 8596, 6502, 3564, 3025, 10461, 13263, 5517, 2312, 5565, 4501, 2833, 1972, 7385, 9481, 2811, 3574, 3845, 2218, 1498, 2360, 4664, 4621, 3862, 9873, 11264, 5988, 2241, 5356, 10203, 8720, 4195, 10338, 12015, 6507, 2451, 5728, 11331, 9981, 2518, 4193, 4734, 2807, 1625, 2854, 5418, 4934, 1471, 1410, 1770, 1453, 1019, 1107, 1579, 1758, 950, 1101, 1137, 941, 816, 956, 922, 812, 746, 967, 982, 701, 601, 758, 891, 890, 540, 735, 749, 594, 505, 686, 807, 741, 616, 825, 758, 563, 581, 704, 787, 621, 729, 873, 770, 599, 693, 754, 745, 672, 786, 1014, 911, 603, 719, 808, 754, 627, 1076, 1440, 1124, 673, 854, 996, 918, 684, 1080, 1416, 1155, 723, 793, 921, 922, 678, 1192, 1863, 1616, 797, 923, 1202, 1216, 853, 1319, 2134, 1807, 777, 979, 1256, 1231, 740, 983, 1949, 1974, 1075, 820, 898, 1100, 943, 1184, 2220, 2941, 1961, 745, 1492, 1513, 1577, 1334, 2150, 3019, 2145, 777, 1558, 1376, 1573, 901, 1521, 1982, 1551, 705, 1231, 1536, 1281, 1038, 1148, 1351, 1278, 782, 1158, 1147, 923, 1692, 1783, 2197, 2047, 770, 1504, 1678, 1411, 2358, 2462, 2510, 2367, 816, 2431, 2558, 1672, 1670, 1346, 1895, 1942, 695, 1633, 1604, 1522, 1088, 757, 1210, 1142, 735, 772, 1012, 1276, 749, 682, 661, 768, 741, 639, 827, 852, 759, 847, 911, 849, 657, 665, 714, 674, 770, 771, 909, 849, 691, 704, 770, 755, 773, 582, 635, 823, 717, 554, 751, 817, 917, 680, 707, 835, 794, 587, 736, 897, 972, 688, 706, 822, 804, 691, 759, 1019, 978, 726, 803, 844, 739, 755, 698, 910, 742, 726, 949, 946, 711, 700, 802, 916, 675, 704, 988, 1012, 710, 573, 711, 723, 761, 765, 777, 881, 730, 666, 865, 833, 759, 693, 645, 764, 700, 646, 728, 768, 702, 647, 634, 702, 654, 592, 632, 682, 683, 648, 700, 701, 629, 682, 694, 732, 717, 554, 591, 727, 735, 659, 698, 782, 774, 622, 601, 627, 627, 578, 706, 880, 693, 628, 673, 586, 510, 634, 732, 764, 611, 598, 653, 553, 524, 633, 663, 646, 562, 576, 647, 666, 616, 685, 756, 710, 506, 598, 789, 782, 588, 555, 667, 634, 599, 612, 608, 573, 567, 619, 559, 625, 658, 521, 493, 591, 616, 557, 453, 625, 745, 557, 572, 667, 668, 680, 573, 705, 779, 576, 803, 854, 717, 665, 918, 1052, 803, 615, 887, 926, 877, 750, 1118, 1217, 723, 606, 802, 933, 801, 715, 1047, 1063, 879, 557, 694, 859, 846, 639, 934, 1128, 739, 621, 680, 728, 748, 636, 646, 792, 686, 785, 748, 648, 683, 793, 716, 694, 706, 709, 593, 680, 758, 653, 606, 643, 687, 636, 541, 636, 683, 556, 660, 668, 659, 745, 755, 650, 681, 682, 703, 730, 973, 969, 877, 734, 687, 887, 910, 881, 1395, 1983, 1644, 793, 787, 1406, 1563, 1140, 1414, 2740, 2462, 1049, 888, 1802, 2559, 1839, 959, 1820, 1690, 846, 764, 1327, 1951, 1532, 606, 818, 772, 623, 620, 804, 880, 702, 512, 538, 630, 659, 510, 631, 679, 601, 590, 547, 688, 703, 532, 546, 614, 665, 616, 659, 702, 581, 565, 652, 595, 661, 522, 512, 489, 538, 520, 489, 466, 513, 558, 552, 553, 584, 527, 498, 498, 516, 566, 511, 538, 564, 619, 474, 542, 620, 484, 416, 497, 523, 452, 439, 484, 522, 427, 417, 552, 508, 441, 453, 410, 488, 425, 409, 411, 467, 447, 443, 448, 414, 411, 409, 446, 502, 437, 367, 427, 463, 444, 407, 485, 519, 449, 342, 406, 491, 414, 461, 466, 457, 460, 429, 447, 476]"
-0.27577823400497437,0.04532714560627937,-0.9596900939941406,-0.46179401874542236,-0.022304818034172058,-0.785843551158905,-0.32746487855911255,-2.097930669784546,1.6176223754882812,18.5,-2.097930669784546,2.3200035095214844,16.25,-1.7341516017913818,1.3446807861328125,27.5,-1.2180230617523193,1.0085105895996094,29.5,-1.0436437129974365,0.9794712066650391,-30.25,"[598, 570, 559, 714, 793, 716, 559, 561, 539, 523, 603, 691, 676, 665, 664, 522, 482, 474, 596, 581, 542, 609, 570, 492, 539, 463, 508, 506, 493, 486, 469, 511, 499, 498, 431, 473, 504, 478, 464, 458, 537, 493, 477, 530, 489, 458, 461, 451, 521, 471, 515, 530, 550, 547, 486, 519, 544, 507, 499, 545, 564, 565, 532, 613, 530, 541, 543, 498, 524, 532, 527, 534, 554, 592, 544, 557, 518, 523, 552, 535, 550, 536, 566, 615, 611, 587, 574, 611, 574, 606, 589, 564, 534, 540, 566, 627, 531, 519, 518, 502, 547, 563, 527, 526, 481, 483, 504, 451, 462, 526, 461, 497, 551, 475, 565, 567, 447, 475, 496, 538, 520, 574, 536, 509, 520, 515, 586, 568, 439, 422, 517, 477, 433, 455, 531, 519, 539, 512, 538, 521, 510, 491, 534, 573, 513, 467, 454, 465, 505, 482, 494, 493, 545, 511, 515, 545, 523, 554, 593, 553, 577, 540, 503, 631, 578, 518, 484, 522, 510, 565, 560, 576, 553, 581, 547, 469, 563, 523, 599, 529, 514, 566, 585, 545, 566, 547, 543, 502, 519, 457, 550, 586, 529, 500, 564, 559, 449, 521, 610, 580, 604, 588, 604, 627, 570, 604, 648, 534, 690, 628, 587, 549, 579, 645, 548, 575, 566, 538, 575, 579, 507, 534, 554, 537, 503, 549, 528, 482, 465, 508, 543, 508, 487, 487, 487, 503, 513, 522, 527, 529, 666, 486, 608, 587, 574, 603, 681, 761, 704, 579, 691, 604, 587, 588, 680, 797, 598, 530, 492, 514, 525, 532, 408, 526, 585, 626, 511, 511, 551, 530, 482, 477, 497, 483, 534, 588, 614, 612, 530, 436, 575, 524, 535, 561, 519, 637, 613, 535, 582, 586, 510, 462, 582, 567, 472, 531, 623, 568, 505, 479, 615, 664, 547, 559, 471, 533, 491, 572, 638, 495, 555, 595, 541, 582, 556, 692, 658, 576, 590, 533, 517, 599, 631, 644, 507, 531, 592, 525, 495, 530, 583, 601, 534, 553, 558, 494, 467, 499, 527, 580, 579, 506, 468, 484, 508, 542, 542, 576, 668, 627, 576, 525, 623, 541, 585, 586, 646, 602, 523, 591, 650, 600, 548, 558, 630, 594, 478, 556, 656, 674, 651, 591, 617, 635, 560, 564, 741, 1015, 947, 759, 712, 780, 944, 742, 820, 1491, 1588, 966, 661, 1040, 1536, 1289, 1442, 2370, 3145, 2198, 1346, 2097, 4669, 4404, 5733, 3730, 6676, 5909, 4472, 4120, 11931, 12836, 8984, 3723, 8175, 8532, 6693, 4199, 13094, 15775, 12576, 8710, 14851, 11723, 7902, 8525, 20644, 23178, 15888, 11038, 19482, 14092, 9707, 11070, 28999, 32025, 12002, 6208, 12259, 9804, 7707, 6667, 19695, 22694, 6462, 2509, 4367, 4121, 3851, 1708, 6965, 9768, 4801, 8832, 10650, 5907, 2674, 5282, 10977, 10566, 4767, 10819, 12320, 6749, 2669, 6609, 12182, 10733, 3017, 5389, 6061, 4074, 1921, 4327, 7638, 6721, 1247, 2653, 3237, 2172, 969, 2558, 4537, 3844, 899, 1233, 1568, 1178, 783, 1099, 1655, 1465, 951, 741, 886, 870, 719, 769, 864, 955, 688, 708, 1010, 940, 651, 672, 816, 787, 596, 759, 875, 788, 614, 715, 866, 736, 581, 648, 694, 614, 549, 640, 715, 624, 576, 708, 644, 575, 605, 623, 582, 563, 814, 1025, 798, 600, 709, 749, 757, 655, 915, 1169, 965, 595, 714, 886, 793, 677, 834, 1428, 1306, 678, 681, 955, 919, 669, 1004, 1823, 1683, 892, 818, 940, 1041, 839, 1197, 2868, 2988, 1454, 1111, 1533, 1558, 1176, 2216, 5228, 6022, 3498, 1283, 2868, 3322, 2330, 2659, 4847, 6042, 4149, 1210, 3303, 3802, 2587, 1863, 2287, 3507, 3050, 1351, 2188, 2414, 1718, 1248, 1403, 1882, 1708, 1280, 1708, 1546, 1071, 1154, 904, 1310, 1114, 872, 1270, 1077, 1209, 1414, 923, 1956, 1739, 826, 925, 1009, 1803, 1137, 955, 1700, 1442, 790, 825, 1023, 1493, 776, 820, 1015, 947, 708, 784, 881, 912, 952, 874, 901, 775, 801, 881, 1009, 1043, 840, 877, 919, 784, 763, 919, 1061, 1017, 788, 799, 825, 874, 717, 715, 980, 983, 864, 1001, 1052, 920, 716, 812, 1078, 976, 770, 873, 852, 830, 648, 724, 840, 858, 715, 616, 629, 703, 551, 654, 692, 701, 672, 743, 750, 653, 676, 827, 964, 810, 616, 691, 879, 710, 627, 781, 901, 761, 755, 835, 917, 777, 561, 724, 710, 741, 743, 741, 873, 788, 652, 644, 672, 777, 724, 599, 752, 778, 683, 689, 634, 766, 843, 582, 747, 811, 673, 695, 791, 958, 687, 577, 631, 614, 566, 682, 766, 753, 610, 550, 577, 585, 561, 658, 719, 651, 637, 514, 710, 766, 690, 626, 669, 713, 630, 561, 709, 721, 630, 533, 633, 694, 685, 659, 666, 679, 654, 655, 636, 592, 664, 564, 603, 613, 562, 544, 537, 580, 587, 517, 673, 642, 471, 550, 595, 598, 497, 529, 571, 594, 519, 518, 585, 598, 581, 605, 610, 648, 609, 540, 588, 654, 617, 663, 626, 588, 585, 610, 607, 675, 582, 665, 680, 617, 646, 559, 571, 642, 658, 619, 640, 712, 729, 633, 571, 667, 628, 649, 566, 592, 614, 557, 583, 631, 721, 628, 659, 655, 548, 600, 642, 722, 795, 653, 620, 681, 615, 609, 612, 724, 633, 618, 699, 674, 578, 611, 662, 733, 644, 668, 785, 679, 579, 612, 719, 684, 584, 673, 678, 617, 618, 677, 671, 599, 595, 610, 628, 603, 667, 809, 812, 695, 691, 640, 681, 601, 626, 831, 786, 693, 887, 811, 926, 795, 649, 746, 942, 1002, 964, 1051, 1392, 1048, 715, 759, 1070, 1221, 802, 918, 1236, 972, 641, 580, 974, 1142, 540, 735, 794, 677, 534, 549, 743, 732, 592, 642, 637, 558, 499, 507, 641, 639, 584, 597, 492, 505, 527, 566, 704, 639, 513, 537, 590, 600, 542, 584, 693, 646, 644, 553, 595, 596, 577, 544, 665, 735, 523, 475, 562, 580, 481, 502, 520, 507, 545, 482, 443, 449, 441, 464, 538, 547, 617, 562, 577, 530, 561, 590, 599, 593, 550, 538, 565, 503, 485, 610, 611, 546, 643, 569, 474, 506, 575, 583, 529, 583, 475, 479, 490, 480, 502, 469, 510, 552, 532, 394, 524, 559, 450, 441, 444, 517, 393, 450, 529, 534, 402, 436, 501, 466, 492, 541, 565, 555, 447, 435, 476, 493]"
-0.2828831672668457,-0.04147157445549965,-1.0409685373306274,-0.4301977753639221,-0.1745627373456955,-0.7137018442153931,-0.28699496388435364,-1.525558590888977,1.320791244506836,23.0,-1.1850968599319458,1.2248039245605469,25.5,-1.0287419557571411,1.0843276977539062,28.75,-0.9836808443069458,0.954437255859375,31.25,-0.9088650941848755,0.9015083312988281,-28.75,"[564, 611, 593, 570, 647, 571, 592, 603, 515, 576, 545, 618, 652, 577, 591, 577, 464, 470, 570, 579, 514, 473, 528, 547, 461, 496, 525, 579, 571, 533, 580, 588, 462, 503, 549, 495, 474, 512, 565, 501, 500, 553, 522, 550, 537, 528, 549, 570, 495, 512, 514, 552, 554, 548, 528, 533, 544, 587, 652, 565, 524, 546, 609, 626, 577, 501, 589, 536, 501, 490, 560, 615, 545, 509, 557, 602, 546, 496, 530, 562, 472, 505, 582, 617, 563, 591, 630, 588, 479, 482, 557, 621, 498, 515, 607, 574, 555, 533, 601, 631, 572, 561, 605, 620, 674, 604, 688, 742, 577, 563, 617, 654, 499, 513, 696, 704, 491, 493, 636, 623, 500, 506, 576, 619, 588, 504, 559, 571, 530, 487, 496, 481, 462, 492, 525, 546, 628, 642, 507, 483, 507, 566, 562, 525, 486, 529, 619, 597, 544, 573, 538, 447, 472, 512, 569, 573, 577, 576, 517, 466, 527, 514, 483, 560, 566, 571, 555, 583, 624, 571, 611, 643, 604, 594, 659, 678, 538, 516, 564, 616, 588, 520, 619, 612, 617, 568, 569, 567, 569, 567, 559, 630, 525, 521, 513, 509, 537, 511, 465, 449, 455, 534, 587, 578, 601, 559, 552, 549, 536, 522, 541, 471, 520, 554, 584, 565, 637, 479, 541, 602, 497, 541, 671, 641, 610, 547, 548, 560, 496, 489, 500, 539, 561, 562, 556, 494, 555, 548, 521, 557, 559, 575, 612, 574, 540, 572, 514, 432, 544, 603, 627, 613, 513, 591, 546, 470, 550, 567, 610, 685, 573, 580, 532, 508, 607, 532, 521, 647, 709, 704, 552, 488, 497, 478, 494, 631, 633, 640, 533, 534, 591, 577, 536, 542, 551, 601, 631, 596, 510, 496, 537, 585, 532, 479, 488, 505, 533, 508, 637, 622, 511, 510, 521, 569, 553, 588, 686, 742, 624, 553, 676, 683, 608, 569, 603, 651, 542, 576, 727, 689, 572, 476, 533, 517, 511, 578, 581, 601, 523, 443, 603, 592, 513, 581, 629, 624, 456, 522, 608, 527, 528, 600, 608, 541, 570, 527, 494, 551, 526, 517, 505, 558, 583, 474, 469, 563, 521, 550, 563, 527, 482, 526, 581, 606, 595, 607, 568, 537, 606, 702, 800, 658, 554, 684, 685, 685, 889, 1188, 1062, 702, 741, 916, 950, 831, 1003, 1480, 1541, 1093, 1062, 1324, 2278, 2213, 3481, 2651, 4265, 3479, 2673, 3284, 8233, 8457, 4071, 4369, 5684, 4102, 2768, 5170, 11334, 10903, 11764, 7367, 12030, 7789, 6974, 7654, 18845, 21494, 17718, 11025, 20792, 15194, 11426, 10844, 31100, 35277, 10117, 7706, 13780, 11142, 7334, 7819, 21129, 22519, 2344, 3791, 4234, 3711, 1612, 3540, 5850, 4654, 4744, 8766, 10290, 6286, 2428, 4743, 8755, 8179, 5259, 14745, 17745, 10106, 2447, 8233, 15768, 13653, 2933, 11274, 13331, 7266, 1551, 5980, 11252, 9455, 2587, 4669, 5259, 2786, 1335, 2450, 4638, 4269, 1960, 2286, 2327, 1372, 1083, 1710, 2801, 2643, 1281, 1444, 1412, 958, 854, 1140, 1623, 1630, 742, 919, 889, 627, 675, 714, 940, 940, 584, 622, 625, 604, 611, 587, 633, 617, 484, 618, 686, 549, 469, 619, 634, 585, 537, 651, 712, 610, 593, 683, 668, 571, 666, 725, 679, 653, 679, 661, 639, 659, 766, 900, 725, 587, 659, 660, 575, 671, 710, 827, 821, 568, 722, 766, 670, 697, 853, 1259, 1241, 849, 895, 984, 779, 756, 1743, 2936, 2666, 1414, 1505, 1883, 1704, 1217, 3170, 5449, 5168, 2682, 2119, 2999, 3350, 2314, 4018, 6075, 5480, 3394, 2424, 3855, 4271, 2842, 3450, 4237, 4011, 3401, 2440, 3357, 3753, 2577, 2784, 3122, 3345, 3176, 2458, 2571, 2846, 2349, 1727, 1964, 2218, 2223, 1710, 1421, 1556, 1593, 2085, 2389, 2069, 1745, 1676, 2078, 1740, 1430, 2273, 2607, 2399, 2136, 1697, 2578, 2107, 1277, 1423, 1553, 1523, 1395, 1235, 1659, 1288, 917, 717, 876, 868, 796, 713, 677, 731, 655, 801, 771, 763, 858, 702, 670, 617, 615, 680, 585, 791, 818, 627, 690, 661, 744, 985, 875, 753, 728, 868, 795, 696, 915, 775, 835, 767, 747, 859, 813, 695, 731, 695, 724, 717, 714, 804, 759, 651, 646, 592, 624, 680, 699, 705, 651, 620, 664, 651, 684, 802, 796, 662, 611, 783, 816, 806, 794, 763, 833, 762, 698, 765, 812, 808, 823, 635, 683, 756, 676, 721, 667, 519, 587, 649, 586, 605, 489, 508, 620, 453, 520, 731, 682, 531, 637, 674, 583, 649, 538, 727, 802, 713, 599, 753, 811, 559, 632, 651, 644, 752, 636, 611, 640, 459, 551, 590, 588, 590, 490, 546, 518, 494, 640, 692, 659, 580, 517, 639, 658, 634, 628, 678, 691, 710, 611, 646, 686, 576, 599, 741, 669, 691, 678, 647, 744, 632, 546, 725, 783, 700, 590, 626, 711, 602, 652, 738, 745, 691, 680, 681, 644, 617, 609, 680, 639, 581, 589, 662, 694, 620, 510, 671, 700, 556, 536, 679, 796, 568, 554, 576, 613, 589, 483, 554, 624, 509, 579, 718, 620, 541, 612, 646, 619, 656, 661, 687, 549, 586, 607, 656, 696, 739, 711, 686, 670, 660, 720, 744, 837, 677, 588, 651, 689, 648, 732, 776, 782, 587, 615, 732, 691, 546, 712, 950, 872, 689, 788, 941, 717, 550, 682, 1040, 1029, 656, 817, 903, 764, 601, 720, 1047, 1075, 663, 620, 662, 658, 610, 545, 711, 809, 629, 604, 592, 625, 636, 602, 580, 628, 659, 535, 562, 595, 542, 557, 636, 709, 723, 816, 1017, 778, 557, 734, 1247, 1258, 1064, 1656, 2420, 1586, 702, 1154, 2572, 2623, 788, 2020, 2698, 1743, 715, 1339, 2538, 2372, 602, 1578, 1961, 1259, 612, 1122, 1687, 1397, 591, 962, 1095, 767, 492, 781, 1028, 845, 520, 568, 772, 695, 509, 602, 611, 614, 615, 600, 706, 654, 616, 600, 630, 698, 638, 606, 669, 645, 640, 554, 732, 777, 675, 613, 585, 607, 637, 671, 754, 734, 651, 636, 577, 583, 561, 620, 660, 676, 566, 645, 655, 548, 440, 524, 596, 538, 552, 619, 533, 518, 562, 562, 641, 569, 579, 655, 589, 505, 524, 528, 541, 471, 594, 694, 557, 412, 497, 556, 480, 457, 502, 614, 596, 497, 448, 441, 430, 419, 497, 521, 499, 446, 459, 427, 502, 492, 499, 474, 424, 469, 436, 431, 445, 457]"
-0.47212886810302734,-0.3120694160461426,-1.1862411499023438,-0.8214367628097534,-0.5563942193984985,-0.6625972390174866,-0.6850844621658325,-1.3199445009231567,1.2924671173095703,21.0,-0.7601853609085083,0.9153842926025391,23.5,-0.6606217622756958,0.8209705352783203,28.5,-0.5853768587112427,0.711822509765625,-29.25,-0.49453938007354736,0.53558349609375,-32.0,"[630, 601, 488, 490, 617, 490, 486, 601, 598, 607, 561, 577, 626, 616, 661, 627, 550, 562, 527, 516, 524, 531, 541, 583, 540, 475, 462, 538, 561, 442, 476, 598, 457, 461, 549, 576, 599, 499, 484, 532, 500, 576, 605, 596, 617, 542, 428, 487, 528, 527, 563, 541, 498, 519, 559, 527, 664, 638, 580, 587, 561, 554, 573, 608, 635, 586, 539, 641, 625, 569, 488, 520, 640, 561, 581, 717, 747, 612, 611, 628, 656, 610, 577, 601, 623, 664, 622, 631, 679, 577, 555, 597, 599, 577, 478, 592, 507, 548, 470, 493, 599, 553, 474, 519, 513, 535, 496, 525, 574, 523, 563, 590, 500, 498, 514, 544, 552, 482, 553, 558, 571, 479, 524, 563, 539, 495, 494, 592, 530, 486, 550, 560, 439, 477, 553, 590, 513, 586, 593, 483, 463, 592, 632, 530, 547, 504, 626, 639, 536, 585, 615, 620, 516, 525, 530, 559, 473, 459, 588, 550, 457, 495, 481, 474, 432, 452, 481, 465, 491, 450, 478, 530, 496, 417, 482, 555, 579, 582, 572, 541, 540, 545, 524, 541, 652, 589, 520, 537, 733, 662, 532, 584, 522, 455, 477, 518, 571, 604, 503, 550, 524, 496, 511, 544, 515, 584, 543, 537, 421, 549, 545, 559, 532, 517, 590, 551, 514, 602, 595, 556, 590, 562, 633, 567, 484, 513, 504, 558, 548, 471, 523, 527, 502, 454, 551, 617, 584, 534, 516, 496, 540, 493, 499, 527, 565, 522, 446, 474, 527, 612, 576, 552, 547, 527, 555, 539, 465, 521, 553, 523, 503, 515, 583, 554, 479, 623, 536, 437, 508, 575, 633, 511, 585, 644, 567, 609, 605, 587, 641, 587, 536, 551, 582, 607, 583, 528, 598, 584, 527, 585, 604, 588, 518, 510, 550, 560, 560, 465, 613, 610, 506, 518, 621, 626, 574, 518, 482, 476, 512, 525, 551, 634, 598, 596, 612, 591, 577, 611, 689, 707, 663, 671, 631, 552, 604, 648, 581, 577, 615, 539, 576, 542, 521, 600, 595, 596, 596, 533, 548, 554, 589, 602, 631, 630, 531, 601, 583, 554, 555, 655, 682, 622, 459, 507, 651, 616, 581, 573, 539, 543, 555, 577, 680, 591, 635, 644, 632, 664, 585, 822, 967, 675, 499, 761, 1047, 967, 998, 1394, 1689, 1251, 863, 1362, 2434, 2241, 2851, 2652, 3849, 2971, 2123, 3036, 6876, 6864, 3957, 3085, 4711, 3883, 2890, 3695, 9146, 9332, 7851, 7025, 10738, 7256, 4834, 7071, 15995, 16676, 16632, 13939, 23367, 16628, 10510, 13738, 34225, 36454, 14583, 12187, 21352, 16173, 9943, 11760, 31383, 33557, 4788, 5689, 9544, 7830, 3890, 5105, 13058, 13216, 2050, 3362, 4748, 3554, 1261, 2303, 4989, 4957, 4000, 6567, 6955, 3898, 1851, 3530, 6300, 5790, 4321, 10505, 10544, 4817, 2111, 5511, 9125, 6644, 2680, 8037, 8236, 3757, 1328, 4307, 7116, 4990, 1264, 3809, 4014, 2113, 823, 2477, 4011, 2854, 866, 2462, 2879, 1630, 726, 1673, 2772, 2238, 691, 1717, 1976, 1187, 687, 1194, 1813, 1437, 523, 1079, 1209, 776, 548, 778, 927, 762, 588, 721, 832, 703, 520, 621, 719, 714, 623, 745, 701, 577, 628, 608, 578, 611, 575, 581, 577, 590, 589, 528, 659, 667, 614, 618, 620, 626, 567, 610, 745, 662, 736, 1026, 988, 567, 748, 952, 833, 607, 1090, 1594, 1478, 788, 1057, 1155, 882, 785, 1037, 1504, 1380, 839, 1119, 1183, 947, 828, 1433, 2295, 2341, 1716, 1195, 1577, 1843, 1385, 3397, 4839, 4450, 3351, 1807, 3298, 3984, 2535, 3619, 4763, 4511, 3765, 1764, 3650, 4271, 2753, 2004, 2465, 2691, 2279, 999, 2027, 2238, 1698, 1325, 1863, 1908, 1567, 1149, 1129, 1157, 1197, 1588, 2414, 2382, 1741, 1381, 1476, 1492, 1253, 1600, 2506, 2327, 1360, 1241, 1681, 1668, 1111, 1125, 1490, 1926, 1428, 931, 1377, 1271, 952, 951, 1281, 1385, 1049, 905, 963, 936, 812, 947, 1445, 1457, 965, 923, 942, 955, 835, 875, 1101, 1141, 861, 796, 880, 834, 769, 842, 817, 752, 728, 664, 769, 770, 790, 788, 852, 704, 694, 717, 830, 867, 656, 795, 867, 721, 633, 731, 811, 843, 765, 721, 663, 770, 798, 802, 726, 736, 749, 873, 698, 795, 1005, 939, 786, 772, 821, 778, 712, 803, 930, 777, 784, 777, 851, 706, 692, 839, 848, 682, 631, 761, 761, 749, 660, 675, 791, 741, 586, 674, 781, 754, 641, 680, 767, 779, 684, 711, 840, 692, 651, 640, 641, 631, 619, 717, 794, 590, 665, 626, 580, 546, 547, 729, 764, 584, 642, 633, 713, 742, 662, 824, 798, 614, 614, 690, 787, 807, 679, 818, 807, 652, 748, 738, 676, 714, 707, 756, 685, 597, 662, 640, 653, 671, 677, 757, 711, 612, 626, 705, 681, 620, 657, 687, 663, 740, 675, 676, 655, 677, 656, 565, 737, 899, 704, 714, 779, 848, 718, 587, 860, 772, 710, 679, 742, 791, 665, 632, 795, 564, 724, 705, 617, 769, 746, 618, 709, 729, 707, 748, 691, 781, 739, 710, 827, 712, 551, 672, 804, 723, 611, 639, 769, 622, 451, 669, 738, 657, 665, 756, 786, 686, 671, 847, 917, 703, 721, 1215, 1182, 661, 717, 779, 749, 668, 733, 1053, 1020, 672, 650, 662, 704, 622, 545, 851, 852, 689, 740, 750, 728, 643, 659, 1101, 1106, 590, 795, 771, 593, 574, 658, 822, 740, 890, 809, 810, 758, 823, 760, 704, 906, 916, 702, 750, 717, 772, 617, 768, 938, 811, 710, 886, 741, 618, 607, 891, 1006, 722, 1216, 1620, 1168, 629, 969, 1466, 1363, 862, 1260, 1954, 1587, 852, 1143, 1615, 1610, 934, 939, 1395, 1389, 942, 1078, 1274, 1159, 843, 901, 993, 1044, 795, 1018, 1237, 906, 799, 691, 651, 741, 714, 721, 831, 870, 691, 557, 642, 687, 614, 585, 858, 944, 654, 592, 625, 600, 559, 658, 818, 813, 610, 584, 509, 580, 719, 726, 631, 612, 555, 510, 648, 630, 561, 674, 653, 560, 591, 694, 832, 748, 562, 595, 690, 684, 669, 672, 845, 770, 615, 580, 791, 833, 565, 524, 599, 624, 579, 443, 685, 796, 614, 536, 520, 517, 501, 435, 554, 659, 588, 510, 501, 520, 550, 472, 516, 596, 517, 521, 552, 567, 532, 503, 483, 521, 540, 509, 386, 414, 557, 554, 395, 465, 554, 431, 413, 433, 490, 523, 476, 549]"
-0.5576266646385193,-0.3177071213722229,-1.2964869737625122,-0.8742891550064087,-0.47074276208877563,-0.7495213150978088,-0.6559547185897827,-0.6148669719696045,0.8641719818115234,21.75,-0.5805346965789795,0.8129596710205078,24.75,-0.558790922164917,0.7568836212158203,26.75,-0.45636630058288574,0.5732059478759766,22.0,-0.44349169731140137,0.6620407104492188,20.25,"[507, 549, 547, 547, 646, 546, 547, 551, 578, 533, 567, 620, 671, 643, 604, 621, 487, 538, 648, 586, 578, 678, 632, 564, 453, 516, 682, 568, 525, 554, 572, 510, 521, 438, 537, 534, 518, 524, 479, 534, 547, 461, 463, 505, 528, 555, 515, 604, 556, 512, 538, 548, 590, 516, 476, 543, 560, 501, 474, 512, 560, 506, 502, 553, 534, 516, 430, 523, 539, 487, 505, 512, 523, 451, 437, 493, 507, 491, 530, 566, 551, 437, 533, 561, 509, 458, 541, 641, 563, 529, 448, 512, 587, 571, 595, 583, 482, 471, 487, 458, 475, 518, 538, 506, 492, 481, 523, 529, 479, 548, 554, 500, 600, 539, 507, 626, 615, 523, 508, 589, 610, 580, 454, 520, 520, 468, 511, 548, 489, 563, 577, 514, 493, 526, 533, 473, 534, 621, 528, 479, 494, 509, 469, 478, 595, 581, 538, 553, 602, 479, 486, 575, 608, 609, 622, 652, 674, 507, 561, 670, 521, 417, 449, 655, 607, 425, 492, 565, 449, 450, 539, 559, 493, 461, 544, 529, 476, 464, 524, 605, 547, 449, 502, 475, 440, 495, 528, 520, 477, 549, 589, 452, 440, 433, 500, 475, 447, 529, 568, 467, 496, 547, 528, 562, 482, 521, 622, 566, 576, 516, 504, 502, 552, 511, 553, 541, 556, 592, 625, 596, 564, 601, 576, 570, 586, 529, 422, 486, 530, 468, 508, 552, 606, 633, 509, 416, 611, 615, 453, 470, 524, 557, 509, 485, 541, 565, 524, 512, 612, 604, 609, 584, 663, 665, 562, 508, 677, 703, 560, 544, 654, 667, 590, 498, 608, 724, 633, 514, 558, 671, 657, 519, 539, 599, 518, 468, 489, 597, 650, 497, 541, 609, 594, 587, 558, 564, 574, 514, 437, 485, 590, 570, 554, 478, 514, 567, 513, 505, 598, 628, 662, 560, 531, 603, 568, 500, 561, 669, 576, 529, 602, 615, 558, 495, 505, 534, 490, 529, 575, 521, 508, 493, 524, 529, 434, 521, 543, 452, 507, 689, 699, 649, 551, 645, 634, 490, 528, 592, 649, 655, 607, 621, 574, 552, 604, 591, 648, 630, 660, 629, 582, 622, 654, 547, 618, 679, 613, 560, 667, 796, 830, 1060, 1233, 1084, 717, 1156, 1833, 1683, 2424, 3272, 4307, 2833, 1660, 3463, 7105, 6630, 3362, 4374, 5961, 3936, 2251, 4496, 9871, 9354, 2454, 3138, 3984, 2749, 1618, 3018, 5895, 5509, 3992, 2926, 4664, 3745, 2298, 2881, 6706, 7352, 7619, 4438, 9571, 7527, 3953, 4355, 13415, 15440, 7534, 4956, 11102, 8522, 3798, 4235, 13751, 15970, 3658, 3730, 7164, 5425, 2086, 2709, 7781, 8689, 1512, 2198, 3249, 2293, 1025, 1456, 3110, 3195, 1609, 3423, 3360, 1613, 1296, 1833, 2585, 1748, 3447, 8441, 7809, 2883, 2492, 4143, 6225, 3687, 4123, 10841, 10200, 3832, 2585, 5524, 8366, 4933, 2240, 6023, 5921, 2535, 1361, 3155, 4867, 3157, 1020, 3524, 3935, 2018, 798, 1678, 3057, 2444, 1221, 3462, 3553, 1637, 903, 1754, 2907, 2148, 1184, 2550, 2570, 1317, 768, 1386, 2187, 1654, 884, 1521, 1499, 1008, 808, 989, 1360, 1075, 651, 783, 785, 705, 667, 706, 736, 650, 553, 666, 728, 670, 595, 613, 660, 661, 840, 1117, 969, 717, 822, 784, 735, 663, 1437, 2032, 1528, 879, 1127, 1164, 1060, 726, 1634, 2715, 2330, 989, 1296, 1525, 1500, 808, 1225, 2145, 2206, 1186, 1024, 1505, 1364, 919, 988, 1827, 2209, 1440, 836, 1313, 1182, 1071, 1208, 2971, 3664, 2215, 1001, 1783, 1685, 1525, 1551, 3859, 4521, 2990, 1201, 2432, 2723, 2018, 2401, 4070, 4537, 3694, 1550, 2518, 3629, 2349, 2855, 3578, 3672, 3082, 1644, 2594, 3202, 2016, 2410, 2351, 2149, 1848, 1193, 2146, 1985, 1594, 1322, 1004, 1304, 1346, 893, 1076, 1004, 1215, 1034, 1272, 1271, 1120, 1003, 1166, 1035, 974, 897, 1266, 1222, 898, 957, 1148, 1044, 839, 832, 1026, 967, 812, 868, 883, 809, 719, 798, 1034, 1046, 837, 749, 862, 848, 716, 657, 955, 1049, 794, 792, 968, 855, 646, 706, 851, 871, 749, 801, 874, 822, 707, 734, 783, 828, 808, 755, 864, 971, 852, 838, 873, 758, 798, 750, 723, 800, 769, 728, 762, 733, 754, 701, 652, 798, 744, 734, 689, 699, 628, 700, 782, 780, 712, 857, 832, 744, 708, 755, 750, 678, 750, 697, 751, 718, 620, 601, 694, 717, 715, 641, 682, 632, 619, 697, 759, 669, 699, 658, 668, 567, 573, 710, 771, 686, 622, 640, 674, 669, 691, 637, 694, 745, 669, 601, 736, 717, 621, 587, 668, 702, 611, 672, 741, 703, 639, 670, 673, 603, 581, 734, 706, 585, 709, 781, 625, 509, 641, 684, 673, 692, 718, 766, 632, 650, 709, 573, 608, 692, 675, 607, 542, 636, 663, 647, 640, 681, 685, 617, 555, 588, 681, 512, 536, 684, 678, 528, 571, 655, 611, 623, 486, 710, 725, 589, 591, 702, 709, 588, 577, 745, 714, 571, 622, 749, 692, 507, 629, 671, 674, 666, 592, 713, 638, 523, 584, 529, 573, 633, 623, 678, 624, 598, 594, 563, 656, 657, 671, 757, 625, 595, 456, 724, 767, 662, 598, 833, 872, 830, 818, 1049, 954, 784, 793, 1277, 1330, 931, 926, 1091, 1068, 756, 855, 1508, 1497, 956, 921, 1040, 958, 725, 852, 1482, 1503, 722, 728, 904, 827, 672, 567, 962, 1101, 702, 735, 681, 646, 599, 679, 796, 748, 969, 870, 853, 764, 641, 872, 1061, 1095, 886, 887, 941, 873, 829, 829, 873, 971, 846, 1025, 1250, 930, 779, 848, 1124, 1123, 891, 1500, 1788, 1119, 786, 1087, 1754, 1652, 771, 1389, 1702, 1175, 705, 1046, 1848, 1591, 749, 1085, 1210, 928, 796, 944, 1212, 959, 755, 879, 806, 636, 710, 675, 812, 771, 734, 709, 820, 776, 671, 577, 815, 967, 602, 686, 691, 735, 716, 662, 852, 797, 697, 757, 768, 657, 713, 703, 888, 904, 643, 663, 834, 740, 657, 725, 828, 875, 635, 763, 894, 711, 600, 664, 877, 845, 646, 734, 716, 647, 482, 597, 759, 656, 669, 723, 623, 534, 535, 644, 659, 613, 498, 570, 604, 468, 398, 549, 655, 592, 440, 420, 515, 537, 462, 392, 526, 535, 353, 340, 344, 443, 350, 348, 424, 393, 479, 389, 442, 484, 475, 412, 456, 494, 426, 516, 555, 480, 441, 457, 453, 460, 406, 406, 476, 471, 454, 472, 513, 511]"
-0.648335337638855,-0.3647814095020294,-1.3714390993118286,-0.939884603023529,0.0,0.0,0.0,-0.3052316904067993,-0.19884109497070312,27.0,-0.287636399269104,-0.09870529174804688,23.5,-0.2787672281265259,0.5182743072509766,15.25,-0.225838303565979,0.4866600036621094,18.25,-0.16733038425445557,-0.10943412780761719,18.25,"[559, 662, 702, 682, 648, 680, 701, 664, 515, 571, 696, 764, 671, 628, 685, 614, 461, 499, 593, 584, 517, 621, 638, 610, 488, 537, 588, 527, 477, 553, 509, 519, 469, 486, 530, 434, 514, 522, 534, 522, 487, 569, 590, 494, 431, 518, 580, 533, 529, 545, 489, 484, 453, 455, 447, 415, 499, 462, 485, 588, 460, 433, 485, 460, 533, 549, 480, 499, 566, 512, 486, 489, 531, 525, 533, 545, 567, 495, 478, 491, 524, 511, 528, 567, 565, 489, 534, 526, 613, 590, 490, 548, 605, 625, 546, 510, 584, 558, 541, 494, 480, 587, 552, 534, 540, 527, 553, 544, 468, 515, 494, 527, 543, 547, 591, 595, 433, 476, 573, 556, 536, 576, 563, 546, 481, 531, 615, 522, 575, 617, 562, 565, 482, 552, 525, 451, 575, 561, 463, 520, 572, 556, 477, 493, 608, 615, 577, 597, 614, 512, 505, 513, 561, 646, 598, 523, 556, 571, 556, 480, 602, 666, 629, 584, 552, 632, 627, 493, 700, 676, 589, 618, 593, 695, 619, 511, 726, 705, 600, 563, 653, 725, 717, 634, 637, 580, 554, 612, 641, 557, 590, 586, 609, 570, 511, 555, 479, 561, 642, 572, 557, 640, 606, 622, 550, 515, 664, 593, 586, 608, 535, 612, 628, 530, 492, 515, 566, 489, 516, 571, 499, 516, 472, 545, 505, 492, 452, 470, 542, 559, 543, 486, 617, 567, 461, 578, 625, 665, 622, 558, 518, 637, 633, 534, 577, 661, 670, 575, 526, 582, 689, 611, 553, 565, 598, 591, 572, 516, 624, 586, 509, 556, 594, 616, 509, 548, 606, 607, 582, 608, 627, 605, 588, 543, 536, 494, 569, 575, 536, 551, 543, 552, 541, 519, 490, 526, 500, 539, 480, 458, 524, 484, 440, 495, 553, 569, 551, 554, 556, 479, 558, 576, 641, 713, 537, 511, 500, 486, 564, 624, 645, 659, 562, 534, 532, 614, 692, 680, 585, 620, 666, 671, 684, 627, 621, 762, 772, 664, 1248, 2044, 2424, 1451, 781, 1720, 3028, 2750, 2790, 5185, 6361, 3586, 1739, 4429, 8768, 8041, 4260, 6653, 8618, 5251, 2838, 6060, 12933, 12220, 3024, 4185, 5504, 3801, 2140, 4132, 9034, 8524, 1051, 2004, 2073, 1537, 996, 2047, 3478, 2885, 2833, 4890, 5810, 3508, 1633, 4260, 7484, 6566, 5212, 9024, 12491, 7722, 2862, 7710, 15720, 14873, 5105, 8516, 12785, 8242, 2974, 6884, 14897, 14494, 4054, 5447, 8956, 6295, 2362, 3975, 8783, 9300, 2563, 3920, 6077, 4238, 1395, 2744, 5800, 5997, 1780, 3263, 3967, 2598, 1063, 2051, 3259, 2979, 2422, 6107, 6156, 2832, 1748, 3239, 4953, 3590, 3859, 9048, 8372, 2980, 2542, 4103, 6376, 3937, 2961, 6583, 6117, 2320, 1807, 3344, 4885, 3109, 2480, 6333, 6241, 2643, 1433, 3882, 5544, 3540, 2316, 5717, 5443, 2257, 1181, 3103, 4555, 2743, 1940, 3836, 3537, 1614, 1085, 2096, 2872, 1776, 1777, 3768, 3646, 1677, 1011, 2061, 3015, 1973, 1310, 2639, 2455, 1074, 830, 1579, 2144, 1385, 1164, 2233, 2020, 940, 822, 1202, 1572, 1146, 1568, 3053, 2655, 863, 1400, 1683, 1577, 1107, 2185, 4140, 3427, 842, 2055, 2260, 1747, 1064, 2044, 3540, 2939, 880, 1928, 1915, 1240, 771, 1416, 2171, 1780, 840, 1256, 1195, 985, 740, 1174, 1686, 1405, 820, 1002, 875, 993, 761, 1047, 1314, 1083, 798, 869, 969, 947, 802, 1529, 2021, 1747, 1184, 891, 1408, 1598, 1129, 3172, 4230, 3870, 2987, 1653, 3163, 3533, 2239, 4228, 4873, 4641, 3958, 2254, 4551, 4737, 3091, 3186, 3364, 3162, 2680, 2001, 3636, 3542, 2279, 2772, 3061, 2649, 2196, 1855, 2587, 2487, 1988, 2243, 2379, 2279, 1998, 1415, 1879, 1777, 1703, 1293, 1494, 1534, 1292, 963, 1117, 1098, 1057, 970, 1051, 1045, 808, 754, 1007, 945, 798, 816, 750, 831, 777, 636, 856, 840, 735, 930, 927, 850, 756, 751, 912, 920, 787, 1047, 1086, 748, 734, 819, 1043, 950, 803, 1017, 958, 765, 774, 759, 1087, 1033, 769, 900, 1055, 886, 766, 773, 990, 986, 689, 774, 903, 921, 720, 717, 749, 693, 657, 717, 838, 860, 732, 842, 926, 812, 801, 913, 817, 872, 885, 858, 913, 864, 865, 788, 795, 842, 721, 736, 820, 744, 821, 824, 824, 890, 799, 654, 774, 830, 862, 840, 823, 827, 819, 733, 873, 893, 782, 772, 814, 803, 823, 751, 705, 784, 728, 682, 827, 803, 804, 696, 704, 704, 673, 677, 817, 803, 788, 752, 764, 741, 652, 705, 719, 776, 839, 763, 638, 639, 697, 769, 774, 737, 649, 618, 711, 689, 758, 839, 665, 651, 702, 666, 595, 585, 778, 781, 618, 706, 825, 700, 679, 723, 766, 651, 644, 751, 699, 641, 719, 652, 648, 697, 695, 701, 658, 682, 743, 746, 678, 621, 654, 692, 647, 674, 709, 704, 687, 658, 577, 588, 611, 594, 574, 603, 727, 599, 622, 602, 609, 586, 559, 612, 647, 595, 656, 672, 626, 539, 596, 671, 638, 678, 621, 619, 608, 558, 582, 606, 655, 647, 555, 646, 665, 534, 536, 620, 693, 658, 668, 675, 693, 573, 601, 691, 699, 619, 696, 767, 721, 603, 594, 755, 793, 703, 733, 878, 866, 780, 765, 972, 1012, 675, 687, 803, 775, 763, 734, 1024, 1053, 701, 913, 930, 1010, 777, 927, 1460, 1259, 798, 906, 1052, 1185, 763, 1007, 1591, 1250, 931, 868, 959, 1114, 792, 839, 1214, 1145, 867, 999, 1039, 1139, 814, 757, 1128, 991, 994, 1060, 1065, 1183, 868, 832, 1342, 1207, 890, 1106, 1301, 1129, 753, 1006, 1506, 1344, 790, 1128, 1245, 967, 784, 1014, 1284, 1097, 814, 1033, 1137, 815, 667, 822, 993, 1022, 802, 905, 1022, 782, 683, 745, 858, 908, 717, 890, 945, 756, 670, 701, 886, 907, 874, 1011, 1120, 795, 650, 815, 999, 1055, 735, 942, 1041, 755, 590, 776, 976, 928, 701, 832, 984, 859, 756, 847, 1003, 862, 801, 893, 923, 791, 731, 827, 851, 780, 632, 832, 727, 570, 576, 686, 734, 583, 604, 567, 679, 712, 596, 707, 737, 644, 747, 588, 740, 794, 639, 724, 692, 661, 651, 595, 625, 625, 571, 649, 589, 525, 582, 488, 576, 594, 517, 480, 507, 633, 553, 495, 548, 601, 480, 457, 490, 538, 529, 459, 537, 568, 486, 511, 501, 487, 540, 514, 493, 531, 488, 509, 518, 501, 493, 497, 432, 501, 499, 572, 580, 517]"
-0.6665612459182739,-0.10959172248840332,-1.3091305494308472,-0.769347071647644,0.29657918214797974,0.01117979921400547,0.1810966283082962,-0.5312902927398682,0.3540515899658203,17.0,-0.4890902042388916,0.2604961395263672,15.25,-0.46562981605529785,0.3620624542236328,19.5,-0.2747995853424072,0.38208961486816406,20.75,-0.21729302406311035,0.3909587860107422,20.5,"[599, 637, 756, 790, 718, 787, 755, 634, 470, 607, 665, 716, 691, 705, 774, 603, 605, 586, 522, 585, 654, 633, 611, 584, 563, 478, 463, 523, 524, 507, 552, 606, 511, 491, 497, 497, 545, 529, 533, 555, 480, 551, 509, 501, 529, 534, 528, 529, 631, 635, 464, 519, 594, 597, 524, 507, 582, 625, 520, 438, 506, 593, 524, 507, 481, 501, 514, 467, 522, 483, 451, 470, 423, 534, 570, 550, 505, 532, 511, 402, 472, 512, 524, 500, 479, 618, 604, 458, 492, 531, 566, 569, 547, 485, 500, 532, 528, 549, 512, 529, 528, 479, 514, 537, 533, 500, 621, 609, 476, 515, 543, 578, 587, 536, 626, 637, 548, 577, 608, 560, 489, 562, 573, 563, 547, 534, 564, 513, 488, 536, 554, 532, 439, 507, 617, 576, 592, 517, 560, 551, 436, 459, 530, 584, 592, 574, 561, 584, 617, 623, 614, 576, 602, 621, 581, 500, 603, 654, 524, 476, 707, 691, 637, 538, 645, 598, 540, 620, 653, 614, 591, 634, 627, 477, 451, 549, 546, 602, 574, 608, 545, 542, 528, 487, 480, 625, 604, 559, 503, 615, 668, 504, 533, 551, 569, 612, 563, 491, 586, 604, 510, 487, 553, 628, 567, 477, 534, 524, 565, 470, 580, 602, 494, 536, 565, 526, 630, 664, 639, 621, 495, 585, 610, 590, 647, 630, 487, 536, 507, 494, 493, 536, 629, 640, 512, 570, 606, 578, 501, 488, 562, 608, 583, 570, 587, 618, 634, 540, 524, 512, 491, 469, 498, 573, 543, 504, 483, 448, 451, 422, 481, 532, 566, 534, 566, 542, 528, 477, 452, 468, 465, 533, 524, 528, 519, 490, 544, 482, 557, 612, 548, 561, 560, 502, 531, 534, 587, 581, 849, 662, 827, 809, 690, 648, 952, 1145, 1773, 1042, 1832, 1679, 1168, 1177, 2621, 3089, 2204, 1269, 2857, 2538, 1320, 1089, 2942, 3776, 2475, 2256, 4364, 3272, 1438, 1579, 4375, 5177, 1860, 2745, 4129, 2675, 1193, 2276, 5130, 5152, 1272, 3805, 4837, 2662, 972, 3193, 6450, 5742, 1860, 6252, 7079, 3684, 1207, 4930, 9072, 7423, 3678, 8596, 9628, 5041, 1881, 6135, 10910, 9140, 4044, 9739, 10551, 5252, 2006, 6011, 10947, 9081, 3673, 7532, 8560, 4493, 1770, 4701, 8759, 7488, 3687, 6043, 6278, 3145, 2235, 4277, 5600, 4604, 3742, 11580, 13363, 7069, 3009, 6995, 7431, 5991, 2653, 11838, 14479, 8016, 2217, 6352, 7509, 6434, 2028, 7000, 7795, 4112, 1506, 3345, 5052, 3996, 3233, 7726, 7249, 2584, 2516, 3350, 4772, 3066, 3891, 8992, 8091, 2812, 2922, 3345, 5008, 2968, 3114, 7758, 7400, 3211, 1856, 3408, 5459, 3451, 2968, 8628, 8354, 3518, 1328, 4323, 7084, 4585, 2271, 6248, 5980, 2478, 1026, 3170, 5212, 3395, 1516, 3581, 3361, 1515, 849, 2218, 3289, 2135, 1151, 2566, 2413, 1089, 808, 1664, 2317, 1484, 1029, 1894, 1741, 909, 852, 1617, 1920, 1128, 1465, 2320, 2051, 992, 1349, 1853, 1783, 1167, 1658, 2612, 2010, 880, 1513, 1715, 1602, 1081, 1175, 1443, 1212, 864, 962, 888, 1047, 1127, 1109, 1547, 1732, 1172, 1239, 1476, 1499, 1333, 1693, 2653, 2915, 1774, 1797, 2588, 2168, 1571, 2327, 2852, 3254, 2309, 1960, 2287, 1928, 2003, 2388, 2622, 3498, 3012, 1840, 1839, 1758, 2047, 2254, 2969, 3393, 2600, 1523, 1841, 2170, 1878, 3234, 3888, 3182, 2215, 1601, 2346, 2479, 1988, 2809, 3485, 2694, 1658, 1579, 2202, 2263, 1687, 2120, 2887, 2465, 1331, 1183, 1596, 1710, 1303, 1201, 1688, 1621, 987, 781, 1137, 1112, 891, 799, 885, 897, 779, 630, 736, 751, 777, 964, 1067, 893, 821, 814, 703, 798, 813, 1096, 1099, 1173, 1029, 876, 861, 1061, 1176, 1081, 1466, 1473, 988, 744, 1028, 1230, 1214, 1048, 1371, 1110, 739, 801, 1099, 1067, 906, 1058, 1265, 1047, 752, 801, 1000, 957, 917, 891, 1026, 930, 682, 636, 832, 942, 967, 933, 955, 804, 684, 700, 884, 928, 809, 798, 909, 836, 679, 643, 817, 853, 664, 822, 787, 767, 789, 638, 659, 813, 891, 875, 727, 899, 903, 693, 557, 764, 1016, 874, 842, 915, 820, 751, 798, 858, 934, 930, 1274, 1192, 917, 855, 1033, 1031, 797, 965, 1104, 1049, 909, 879, 1097, 1039, 836, 869, 793, 878, 772, 700, 771, 876, 908, 877, 758, 805, 751, 692, 711, 789, 874, 611, 667, 737, 645, 591, 616, 657, 704, 645, 765, 769, 623, 656, 668, 688, 639, 763, 778, 680, 586, 692, 680, 696, 710, 946, 824, 707, 703, 786, 728, 840, 988, 871, 787, 745, 762, 768, 736, 736, 871, 808, 730, 690, 732, 630, 675, 617, 725, 885, 786, 846, 768, 709, 671, 745, 927, 818, 776, 783, 822, 840, 825, 894, 862, 801, 663, 763, 826, 772, 855, 960, 859, 767, 638, 651, 719, 651, 743, 775, 772, 771, 611, 613, 778, 690, 598, 628, 736, 774, 665, 774, 841, 701, 613, 701, 776, 646, 636, 791, 750, 632, 660, 726, 715, 780, 650, 693, 704, 643, 697, 739, 802, 947, 776, 763, 835, 783, 820, 793, 937, 878, 752, 817, 858, 807, 788, 813, 948, 896, 896, 1099, 888, 809, 814, 1224, 1401, 1234, 1233, 1774, 1509, 1031, 1333, 2890, 2811, 1387, 1593, 2341, 2029, 1313, 1612, 3625, 3551, 1124, 1712, 2473, 2197, 1239, 1647, 3290, 3038, 1107, 1435, 2052, 2146, 1151, 1663, 2588, 2091, 1425, 1298, 1764, 1600, 1154, 1365, 2127, 2123, 1095, 1234, 1691, 1331, 879, 1080, 1692, 1737, 1096, 993, 1274, 1176, 878, 810, 1404, 1665, 1140, 806, 987, 1164, 1054, 838, 1452, 1632, 1097, 770, 821, 1155, 1044, 785, 1285, 1487, 909, 740, 724, 859, 831, 644, 949, 1003, 913, 760, 762, 810, 826, 776, 1075, 1056, 655, 1047, 1066, 871, 743, 838, 1429, 1247, 710, 1159, 1148, 892, 776, 926, 1235, 966, 690, 1050, 1205, 890, 655, 869, 1071, 911, 774, 858, 1165, 894, 623, 757, 1026, 1039, 707, 714, 709, 692, 615, 693, 755, 732, 698, 750, 650, 685, 531, 612, 794, 665, 572, 659, 541, 564, 508, 602, 777, 573, 492, 547, 606, 554, 477, 561, 749, 620, 557, 581, 635, 609, 518, 602, 665, 577, 484, 551, 572, 526, 479, 597, 773, 684, 479, 512, 495, 449, 437, 527, 518, 449, 560, 558, 526, 455, 522, 619, 505, 468, 641, 673, 591, 495, 465, 557, 582, 549, 589, 575, 626, 559, 511, 591, 577, 543]"
-0.8044148683547974,0.3327375650405884,-1.2881089448928833,-1.0087065696716309,0.47971200942993164,0.08439324051141739,-0.21565096080303192,-0.30314886569976807,0.3682136535644531,18.0,-0.21789038181304932,0.08282661437988281,18.25,-0.14522039890289307,0.0,16.75,-0.10158979892730713,0.0,19.75,-0.07226431369781494,0.0,15.75,"[569, 627, 633, 652, 713, 653, 632, 627, 575, 546, 721, 726, 617, 678, 643, 590, 406, 486, 647, 614, 547, 687, 633, 471, 514, 504, 516, 557, 507, 523, 535, 494, 551, 565, 579, 523, 489, 588, 542, 556, 533, 615, 561, 547, 526, 487, 510, 451, 530, 526, 565, 564, 530, 552, 515, 450, 602, 520, 546, 577, 548, 597, 572, 616, 604, 624, 575, 513, 510, 496, 465, 535, 601, 641, 530, 523, 506, 468, 539, 497, 531, 544, 547, 570, 517, 521, 570, 451, 575, 558, 524, 501, 569, 605, 511, 503, 567, 539, 554, 573, 606, 566, 590, 571, 628, 574, 530, 635, 633, 561, 546, 630, 670, 613, 557, 631, 644, 592, 569, 580, 605, 618, 638, 572, 546, 508, 571, 605, 516, 542, 621, 561, 536, 596, 615, 614, 492, 521, 576, 532, 543, 595, 604, 573, 500, 580, 586, 528, 503, 576, 654, 571, 579, 567, 590, 548, 559, 548, 569, 592, 547, 622, 597, 516, 560, 556, 532, 564, 594, 608, 632, 590, 559, 615, 640, 583, 580, 619, 627, 633, 617, 658, 664, 578, 614, 524, 499, 654, 616, 512, 595, 602, 632, 565, 476, 537, 567, 553, 548, 523, 633, 561, 457, 574, 606, 498, 525, 601, 499, 527, 535, 545, 493, 447, 482, 465, 516, 563, 616, 579, 491, 519, 584, 502, 566, 622, 647, 568, 458, 549, 706, 641, 521, 644, 723, 517, 461, 577, 589, 543, 565, 559, 557, 608, 594, 598, 548, 448, 601, 557, 474, 525, 511, 594, 560, 445, 615, 563, 451, 577, 514, 533, 634, 539, 675, 664, 629, 634, 545, 566, 664, 690, 1132, 1842, 2146, 1495, 831, 1303, 2033, 1869, 1648, 4025, 4643, 2715, 1061, 2607, 4557, 3922, 1621, 4454, 4915, 2706, 1059, 2738, 4647, 3857, 1461, 3255, 3490, 1969, 954, 2091, 3235, 2560, 1413, 3378, 4102, 2560, 960, 2303, 4066, 3517, 2283, 6574, 8155, 4806, 1346, 4073, 7964, 7099, 3542, 10923, 12845, 6954, 1713, 6492, 12598, 10899, 2975, 9654, 10760, 5389, 1437, 5921, 10914, 8974, 2059, 5986, 6258, 3056, 1411, 3881, 5968, 4400, 2072, 5685, 6096, 2919, 1591, 3093, 4156, 2871, 1577, 4623, 5098, 2640, 1115, 2319, 3374, 2464, 1226, 2294, 2352, 1364, 764, 1406, 2061, 1676, 1151, 1918, 1787, 1031, 734, 1208, 1665, 1202, 1178, 2128, 1973, 965, 687, 1118, 1515, 1055, 1919, 4456, 4103, 1412, 1349, 1885, 2634, 1538, 4480, 10598, 9749, 3051, 3385, 4829, 6028, 3244, 6178, 13588, 12184, 3504, 4975, 6669, 7242, 3473, 4213, 8124, 7032, 1925, 3576, 4646, 4416, 1861, 2217, 3435, 2561, 863, 1462, 2158, 2261, 1000, 2043, 3477, 2733, 983, 895, 1755, 2291, 1167, 2984, 5441, 4460, 1570, 1276, 2783, 3771, 1946, 2724, 5078, 4248, 1599, 1274, 2614, 3581, 1929, 1627, 2434, 1947, 914, 823, 1458, 1803, 1162, 1179, 1622, 1362, 779, 940, 1306, 1102, 738, 1889, 2478, 1982, 1197, 1241, 1712, 1408, 1132, 3581, 4901, 3687, 1888, 2094, 2368, 2288, 1713, 3660, 5706, 4694, 2319, 2374, 2758, 2529, 1909, 2475, 3613, 3364, 2094, 1804, 2270, 2029, 1640, 1476, 2120, 2181, 1343, 1199, 1588, 1381, 1093, 1383, 1841, 1744, 891, 1107, 1432, 1134, 905, 1790, 2291, 1878, 954, 1304, 1599, 1177, 869, 1937, 2322, 1662, 984, 1391, 1622, 1324, 1059, 1507, 1936, 1544, 932, 1136, 1372, 1207, 946, 958, 1144, 1133, 829, 874, 995, 955, 840, 900, 1039, 864, 714, 712, 732, 832, 736, 1009, 1247, 1084, 794, 733, 855, 1023, 846, 1132, 1531, 1390, 853, 798, 878, 1045, 943, 993, 1363, 1284, 802, 784, 891, 919, 827, 924, 1111, 1066, 767, 826, 935, 919, 827, 825, 1011, 944, 711, 799, 888, 859, 800, 947, 1024, 832, 781, 860, 800, 843, 797, 831, 889, 785, 726, 719, 696, 683, 743, 831, 864, 787, 581, 637, 686, 692, 736, 827, 871, 789, 650, 626, 720, 681, 621, 903, 978, 862, 723, 716, 742, 734, 680, 1014, 1173, 1010, 819, 919, 940, 750, 710, 1078, 1138, 978, 783, 1039, 1019, 665, 818, 1181, 1128, 901, 848, 1041, 853, 642, 952, 1091, 983, 738, 739, 803, 761, 723, 907, 1039, 1001, 882, 816, 879, 898, 886, 948, 1007, 885, 831, 878, 837, 803, 922, 961, 932, 833, 722, 727, 754, 863, 945, 872, 724, 643, 718, 738, 814, 779, 831, 838, 648, 753, 750, 659, 750, 735, 721, 661, 688, 745, 794, 648, 640, 611, 598, 678, 616, 675, 706, 668, 615, 656, 650, 618, 624, 624, 604, 637, 561, 633, 604, 616, 756, 699, 651, 719, 669, 628, 725, 763, 796, 706, 627, 776, 737, 634, 769, 885, 898, 855, 818, 974, 827, 819, 1009, 916, 957, 923, 776, 941, 842, 809, 972, 983, 840, 799, 844, 764, 743, 698, 825, 974, 736, 699, 725, 710, 662, 657, 797, 848, 827, 678, 709, 714, 763, 798, 789, 880, 747, 691, 741, 700, 707, 739, 734, 789, 760, 728, 735, 739, 691, 688, 676, 790, 709, 800, 855, 784, 674, 692, 789, 784, 979, 1034, 858, 872, 758, 730, 966, 921, 1035, 1132, 856, 908, 877, 837, 1028, 1033, 923, 947, 913, 1011, 866, 774, 859, 891, 1193, 1117, 1171, 1192, 976, 812, 971, 1163, 1409, 1309, 1244, 1370, 1179, 1109, 1192, 1139, 1393, 1432, 1330, 1516, 1235, 1368, 1803, 1607, 1734, 1547, 1460, 1595, 1321, 1486, 2229, 2173, 1730, 1576, 1521, 1856, 1202, 1356, 2077, 1894, 1611, 1543, 1642, 1585, 1034, 1267, 1593, 1541, 1250, 1327, 1617, 1326, 889, 960, 1350, 1546, 1392, 1224, 1866, 1600, 1003, 962, 1624, 2073, 1301, 1195, 2100, 1895, 960, 1066, 1843, 2119, 1608, 1464, 2523, 2062, 1073, 1267, 2007, 2442, 1438, 1778, 2102, 1634, 859, 1198, 2158, 2025, 1405, 1835, 1568, 1209, 836, 1124, 1867, 1564, 1403, 1602, 1262, 991, 840, 921, 1274, 1163, 1344, 1473, 1259, 996, 836, 809, 943, 899, 1044, 1172, 1138, 950, 689, 780, 937, 858, 934, 760, 969, 999, 728, 628, 822, 929, 727, 780, 937, 883, 646, 672, 1015, 1033, 601, 820, 921, 706, 554, 705, 1027, 937, 665, 688, 664, 595, 508, 555, 720, 710, 603, 633, 688, 595, 473, 519, 599, 652, 629, 680, 675, 608, 514, 539, 650, 687, 680, 722, 659, 641, 567, 548, 620, 651, 690, 696, 613, 573, 514, 619, 673, 611, 567, 663, 571, 459, 473, 620, 621, 491]"
-0.9768922924995422,0.19683623313903809,-1.50552237033844,-1.529934048652649,0.015877634286880493,0.07351306825876236,-1.092928409576416,-0.3335684537887573,-0.6557464599609375,22.75,-0.1340121030807495,-0.5271434783935547,21.0,-0.05633533000946045,-0.455474853515625,17.5,0.006893277168273926,-0.4683494567871094,17.0,0.03621876239776611,-0.47392845153808594,16.25,"[492, 634, 709, 653, 694, 653, 704, 636, 520, 610, 607, 643, 622, 647, 731, 672, 585, 588, 610, 590, 583, 614, 621, 633, 454, 516, 577, 553, 520, 491, 543, 547, 488, 491, 534, 533, 478, 368, 458, 531, 597, 575, 563, 480, 476, 473, 451, 570, 525, 490, 463, 441, 468, 510, 470, 528, 537, 472, 487, 585, 600, 541, 440, 468, 480, 489, 427, 449, 550, 493, 419, 483, 504, 470, 477, 450, 434, 510, 505, 480, 523, 562, 475, 559, 520, 523, 528, 524, 537, 629, 520, 500, 578, 573, 513, 431, 560, 621, 536, 526, 630, 627, 521, 453, 548, 590, 650, 627, 617, 589, 546, 568, 586, 525, 549, 567, 522, 533, 588, 666, 630, 520, 544, 628, 655, 645, 630, 638, 606, 501, 576, 629, 605, 642, 593, 598, 650, 584, 608, 654, 602, 629, 509, 635, 664, 615, 589, 557, 584, 658, 531, 564, 515, 513, 504, 573, 563, 538, 497, 479, 526, 547, 475, 497, 525, 530, 444, 433, 546, 649, 601, 506, 546, 661, 601, 490, 551, 550, 502, 449, 504, 539, 470, 495, 517, 602, 442, 429, 529, 532, 528, 460, 442, 521, 496, 461, 457, 510, 581, 469, 586, 600, 678, 580, 445, 505, 570, 555, 664, 620, 582, 556, 515, 538, 541, 587, 555, 543, 565, 614, 570, 464, 518, 547, 451, 501, 519, 504, 428, 495, 498, 449, 548, 524, 499, 490, 510, 507, 496, 472, 627, 543, 506, 530, 572, 554, 546, 587, 541, 566, 528, 456, 445, 459, 494, 520, 526, 571, 514, 503, 537, 462, 492, 505, 488, 644, 605, 478, 448, 468, 537, 447, 1624, 2977, 2492, 883, 957, 1267, 1693, 835, 3847, 7699, 6539, 2007, 2108, 3045, 4513, 2137, 4045, 8077, 6896, 2131, 2247, 3291, 4863, 2487, 2934, 6124, 5475, 1944, 1779, 2645, 3786, 2185, 3134, 6408, 5623, 1975, 1980, 2865, 4018, 2300, 3064, 6377, 5536, 1770, 1999, 2622, 3570, 1934, 5054, 12430, 11557, 3893, 3214, 4676, 7411, 4262, 6742, 17616, 16955, 6275, 4119, 7020, 10704, 6319, 4508, 12816, 12878, 5415, 2501, 4802, 7937, 5333, 2029, 6315, 6408, 2759, 1070, 2296, 4375, 3198, 1780, 4006, 3605, 1380, 1086, 1874, 2841, 1739, 1140, 2025, 1716, 800, 785, 1221, 1587, 904, 961, 1466, 1204, 590, 634, 891, 1001, 603, 913, 1591, 1392, 747, 709, 870, 1073, 752, 1885, 3170, 2443, 817, 1081, 1554, 1796, 909, 3091, 4911, 3618, 1006, 1559, 2363, 2670, 1012, 3017, 4615, 3419, 1129, 1523, 2288, 2586, 1153, 2662, 4349, 3428, 1086, 1572, 2255, 2504, 1234, 2290, 3934, 3222, 1089, 1356, 2036, 2258, 1195, 1405, 2126, 1807, 905, 929, 1243, 1360, 878, 2479, 3157, 2197, 1074, 2172, 1957, 1110, 1304, 4764, 6167, 3926, 1745, 4085, 3444, 1636, 1965, 3782, 5205, 3605, 1559, 3443, 3117, 1752, 1616, 2143, 3614, 3078, 1175, 2372, 2866, 1857, 1157, 2856, 4660, 3804, 1315, 2656, 3233, 2388, 1318, 4089, 6541, 5323, 2092, 3073, 3459, 2497, 1684, 3985, 5810, 4613, 2008, 2834, 3109, 2198, 1486, 2864, 3518, 2739, 1513, 1969, 2374, 1565, 1075, 2232, 2652, 1663, 1135, 1735, 1535, 1229, 809, 1684, 2035, 1446, 990, 1326, 1116, 945, 836, 1238, 1480, 1099, 756, 1028, 1009, 787, 715, 749, 984, 771, 583, 745, 824, 734, 540, 666, 830, 713, 538, 700, 860, 794, 601, 643, 813, 835, 678, 664, 806, 793, 632, 835, 983, 918, 691, 602, 820, 798, 631, 956, 1092, 868, 618, 749, 926, 876, 700, 771, 867, 742, 607, 629, 710, 693, 631, 670, 742, 750, 691, 617, 639, 622, 685, 704, 785, 683, 667, 742, 672, 588, 616, 723, 873, 846, 643, 781, 865, 632, 604, 860, 1020, 959, 726, 730, 839, 769, 655, 896, 1112, 1059, 802, 949, 1044, 935, 738, 1073, 1471, 1297, 891, 1182, 1238, 1075, 861, 1197, 1461, 1252, 945, 1050, 1071, 1044, 954, 826, 1064, 1088, 896, 871, 953, 884, 629, 744, 933, 966, 861, 790, 889, 936, 770, 753, 892, 919, 883, 747, 796, 928, 802, 833, 830, 811, 824, 751, 785, 826, 780, 759, 755, 750, 690, 593, 753, 755, 712, 712, 766, 867, 768, 557, 746, 856, 767, 801, 854, 876, 842, 728, 869, 861, 699, 740, 811, 988, 1008, 807, 901, 1025, 898, 831, 864, 1043, 960, 769, 890, 945, 877, 869, 897, 864, 883, 809, 794, 844, 835, 929, 972, 1160, 1008, 803, 1110, 1022, 833, 1166, 1097, 1296, 1111, 890, 1332, 1208, 854, 1113, 1171, 989, 942, 825, 1133, 1034, 822, 850, 991, 832, 729, 739, 886, 862, 730, 689, 856, 940, 767, 729, 956, 781, 637, 627, 638, 860, 785, 600, 826, 719, 701, 593, 677, 811, 652, 620, 776, 742, 686, 973, 946, 946, 842, 727, 1083, 1053, 882, 1445, 1300, 1165, 935, 855, 1383, 1359, 1218, 1354, 1204, 1001, 808, 836, 1208, 1251, 1214, 1086, 933, 976, 887, 827, 932, 972, 1017, 972, 987, 1021, 844, 844, 949, 985, 964, 867, 876, 957, 779, 759, 889, 980, 990, 949, 1008, 868, 755, 791, 881, 920, 893, 904, 1033, 812, 708, 777, 875, 965, 795, 956, 1397, 1253, 888, 868, 1106, 1304, 948, 1020, 1550, 1511, 941, 664, 1147, 1469, 1148, 1254, 1561, 1720, 1151, 648, 1171, 1867, 1818, 2137, 1983, 2486, 1681, 766, 1741, 2825, 3149, 2675, 2634, 3552, 2479, 1054, 2436, 3592, 4037, 2636, 2291, 3378, 2495, 1035, 2376, 3438, 3816, 1842, 1364, 1842, 1463, 777, 1404, 2095, 2524, 1145, 1361, 1564, 1422, 865, 1542, 1964, 1695, 1162, 1571, 1576, 1621, 918, 1710, 2250, 1576, 1201, 1637, 1614, 1557, 916, 1620, 1970, 1287, 1388, 1610, 1708, 1434, 938, 1210, 1717, 1521, 1791, 1658, 1554, 1399, 988, 1219, 1529, 1695, 1844, 2408, 1872, 1008, 1027, 1564, 1711, 1214, 1139, 2024, 1983, 1190, 1004, 1583, 1659, 1087, 1057, 1375, 1493, 1295, 888, 1430, 1542, 1197, 926, 1001, 1130, 992, 664, 1281, 1494, 1125, 1124, 1047, 1131, 954, 853, 919, 1158, 1313, 1143, 1100, 1133, 993, 796, 902, 1113, 1222, 773, 817, 1036, 915, 648, 752, 847, 914, 651, 749, 896, 735, 664, 900, 811, 690, 671, 868, 1042, 683, 646, 1003, 1009, 735, 630, 717, 834, 701, 519, 741, 807, 667, 723, 754, 848, 696, 515, 755, 797, 699, 625, 721, 731, 583, 439, 677, 759, 642, 635, 590, 716, 649, 429, 533, 697, 718]"
-1.0399495363235474,0.04787929356098175,-1.6089681386947632,-1.59601891040802,-0.235939621925354,-0.003635905683040619,-1.1916831731796265,-0.29295575618743896,-0.9045124053955078,16.5,-0.05234372615814209,-0.7475852966308594,20.75,0.12475359439849854,-0.5679130554199219,21.75,1.931918740272522,1.4894485473632812,20.25,2.3059974908828735,0.37250518798828125,19.75,"[471, 615, 674, 650, 667, 652, 673, 615, 469, 504, 586, 615, 613, 690, 687, 540, 488, 520, 545, 578, 606, 551, 519, 500, 495, 501, 451, 436, 537, 495, 517, 520, 439, 406, 510, 579, 510, 528, 574, 520, 494, 427, 546, 541, 523, 564, 506, 529, 439, 430, 511, 556, 477, 499, 491, 485, 503, 440, 505, 579, 544, 468, 449, 504, 455, 510, 437, 449, 485, 488, 503, 481, 450, 496, 528, 556, 577, 487, 547, 521, 550, 576, 575, 593, 515, 450, 477, 543, 626, 540, 502, 526, 594, 582, 481, 567, 598, 489, 543, 444, 577, 655, 528, 552, 609, 610, 581, 498, 690, 705, 550, 594, 629, 637, 621, 546, 544, 609, 534, 557, 538, 585, 561, 583, 562, 492, 521, 536, 551, 598, 563, 553, 543, 523, 525, 499, 473, 565, 571, 601, 520, 564, 566, 440, 678, 630, 566, 600, 622, 636, 613, 614, 617, 628, 585, 463, 439, 546, 569, 618, 624, 571, 550, 502, 514, 507, 523, 608, 576, 584, 584, 582, 585, 545, 579, 575, 461, 543, 609, 544, 515, 519, 594, 546, 459, 558, 547, 489, 549, 610, 616, 553, 544, 618, 585, 508, 619, 653, 549, 565, 589, 550, 564, 541, 533, 552, 545, 591, 574, 545, 591, 555, 522, 529, 520, 620, 575, 638, 583, 478, 552, 601, 541, 505, 620, 538, 516, 529, 539, 518, 517, 611, 591, 517, 488, 533, 519, 496, 536, 600, 444, 555, 609, 559, 491, 510, 518, 534, 523, 635, 653, 573, 560, 597, 578, 590, 439, 531, 534, 510, 547, 497, 497, 453, 567, 585, 482, 475, 565, 596, 576, 515, 588, 692, 609, 484, 566, 607, 599, 540, 630, 610, 556, 463, 500, 604, 643, 591, 1138, 1600, 1337, 639, 763, 968, 1122, 731, 2397, 4628, 3888, 1224, 1354, 1983, 2704, 1226, 2588, 5146, 4370, 1342, 1516, 2018, 2927, 1417, 2102, 3912, 3331, 1106, 1365, 1460, 2117, 1109, 3488, 6433, 5264, 1341, 2101, 2594, 3160, 1214, 4550, 8715, 7345, 2167, 2496, 3538, 4693, 1982, 3188, 5996, 5801, 2766, 1578, 2607, 3525, 2349, 2675, 5073, 5209, 2845, 1441, 2505, 2958, 2256, 1466, 3019, 3154, 1724, 932, 1652, 1865, 1462, 1074, 1763, 1682, 887, 895, 1180, 1174, 909, 968, 1486, 1456, 832, 783, 904, 960, 804, 1493, 3284, 3209, 1248, 1416, 1779, 1616, 1116, 2457, 5232, 4852, 1564, 2087, 2803, 2590, 1404, 2865, 5437, 4662, 1450, 1850, 2569, 2935, 1385, 2228, 4126, 3456, 1077, 1320, 1843, 2353, 1285, 1156, 1990, 1721, 715, 762, 1093, 1285, 832, 775, 1041, 929, 679, 701, 809, 794, 643, 1989, 3098, 2354, 865, 1651, 1697, 1391, 849, 3716, 5927, 4397, 987, 2920, 3001, 2168, 848, 2988, 4798, 3604, 1149, 2695, 2732, 2073, 1010, 2069, 3139, 2536, 1276, 1894, 2214, 1858, 1308, 1843, 2977, 2496, 1196, 1425, 1774, 1658, 1246, 1815, 3319, 2982, 1350, 1883, 2171, 1708, 1096, 2402, 4238, 3607, 1347, 2068, 2364, 1683, 1086, 1481, 2492, 2213, 1029, 1106, 1372, 1148, 751, 980, 1127, 935, 841, 892, 841, 712, 649, 928, 950, 850, 805, 814, 747, 734, 743, 706, 786, 705, 659, 672, 712, 705, 576, 631, 715, 650, 577, 656, 690, 638, 470, 664, 733, 713, 647, 691, 732, 624, 531, 741, 800, 702, 595, 684, 739, 606, 605, 703, 835, 726, 590, 678, 697, 629, 653, 637, 693, 674, 615, 620, 707, 680, 631, 625, 758, 691, 600, 615, 668, 626, 597, 713, 836, 767, 640, 633, 768, 687, 552, 778, 902, 833, 731, 739, 862, 717, 576, 810, 860, 817, 777, 795, 662, 588, 682, 817, 996, 830, 708, 893, 765, 559, 577, 835, 1032, 854, 555, 672, 682, 636, 595, 679, 863, 847, 617, 614, 643, 648, 587, 606, 786, 804, 683, 625, 615, 594, 614, 600, 836, 816, 720, 765, 753, 671, 585, 691, 802, 715, 641, 703, 641, 596, 605, 679, 740, 697, 704, 768, 669, 591, 658, 852, 927, 771, 693, 724, 727, 570, 686, 834, 844, 697, 710, 682, 667, 644, 688, 766, 639, 624, 658, 701, 724, 773, 748, 709, 778, 779, 740, 658, 807, 815, 658, 722, 815, 970, 856, 783, 731, 805, 818, 706, 797, 861, 802, 867, 880, 775, 743, 608, 595, 687, 695, 699, 707, 691, 703, 622, 721, 755, 730, 644, 649, 730, 619, 679, 663, 649, 742, 737, 719, 775, 682, 864, 705, 746, 835, 826, 751, 804, 857, 1020, 813, 896, 929, 856, 832, 811, 946, 934, 820, 952, 967, 807, 955, 939, 877, 891, 804, 794, 789, 749, 1005, 890, 672, 689, 778, 758, 713, 691, 809, 755, 558, 749, 851, 735, 585, 571, 735, 801, 683, 736, 724, 630, 659, 610, 603, 686, 614, 721, 641, 518, 502, 596, 653, 648, 644, 810, 796, 747, 638, 730, 836, 843, 745, 997, 888, 945, 825, 894, 1154, 1061, 890, 1123, 902, 938, 857, 892, 1152, 1122, 1032, 1033, 925, 875, 705, 814, 1012, 949, 957, 972, 1007, 801, 669, 738, 853, 883, 823, 911, 857, 735, 755, 702, 810, 803, 765, 682, 856, 751, 762, 716, 841, 893, 654, 758, 869, 781, 602, 716, 866, 824, 604, 969, 1078, 766, 758, 899, 898, 912, 794, 1710, 1947, 2863, 1902, 1014, 2228, 3573, 3527, 3264, 5069, 7386, 4338, 1666, 4655, 8902, 8584, 3251, 4911, 6926, 3899, 1780, 4667, 8802, 8401, 2346, 1830, 2202, 1488, 1203, 1768, 2865, 3162, 2318, 2193, 2606, 1517, 1334, 2095, 3321, 3378, 1598, 1692, 1542, 901, 1090, 1876, 2455, 2076, 1337, 2184, 2168, 1130, 804, 1592, 2564, 2136, 1610, 2489, 2189, 1306, 1005, 1602, 2191, 1623, 1179, 1803, 1860, 1246, 963, 1536, 2125, 1715, 1054, 1541, 1769, 1251, 845, 1514, 1896, 1554, 1321, 1192, 1535, 1364, 848, 1365, 1481, 1285, 1386, 808, 1137, 1079, 751, 943, 1114, 1366, 1006, 797, 791, 679, 601, 836, 914, 981, 977, 881, 760, 680, 760, 962, 1092, 1035, 1156, 976, 869, 906, 874, 1005, 1098, 1158, 927, 717, 706, 784, 755, 871, 926, 970, 695, 612, 593, 674, 621, 595, 715, 753, 702, 649, 656, 735, 618, 599, 729, 817, 670, 731, 906, 860, 518, 670, 869, 864, 581, 629, 795, 751, 540, 638, 829, 773, 519, 506, 660, 692, 586, 599, 603, 604, 589, 575, 662, 628, 458, 599, 597, 549]"
-1.0669091939926147,-0.058084890246391296,-1.7482433319091797,-1.2333744764328003,-0.20118564367294312,-0.1853586733341217,-0.4563511610031128,-0.555982232093811,-1.238107681274414,23.0,-0.555982232093811,-0.991058349609375,-28.75,-0.555982232093811,-0.9767532348632812,-31.5,-0.555982232093811,-0.9557247161865234,28.5,-0.35656893253326416,-0.9085178375244141,30.5,"[687, 640, 669, 656, 655, 657, 671, 641, 637, 598, 582, 654, 660, 637, 660, 664, 537, 638, 549, 573, 545, 568, 598, 525, 616, 579, 507, 496, 476, 485, 584, 606, 510, 497, 457, 423, 472, 451, 467, 505, 510, 477, 567, 562, 563, 535, 481, 511, 532, 501, 508, 553, 543, 501, 512, 488, 527, 520, 528, 521, 512, 544, 507, 547, 514, 473, 563, 554, 527, 544, 531, 580, 632, 579, 519, 510, 616, 572, 532, 611, 521, 516, 528, 586, 587, 603, 574, 574, 454, 521, 652, 598, 541, 606, 638, 609, 561, 553, 612, 580, 475, 554, 563, 494, 609, 517, 567, 631, 557, 557, 521, 514, 579, 482, 538, 630, 600, 568, 606, 617, 529, 544, 596, 558, 481, 542, 611, 600, 599, 631, 606, 578, 594, 549, 565, 621, 496, 482, 416, 565, 588, 523, 470, 517, 563, 555, 471, 513, 484, 478, 499, 491, 566, 561, 539, 646, 575, 495, 613, 581, 566, 515, 567, 640, 541, 463, 569, 536, 543, 576, 574, 509, 522, 500, 479, 520, 463, 581, 615, 602, 524, 549, 608, 519, 484, 476, 588, 660, 506, 476, 543, 504, 443, 462, 536, 528, 475, 420, 581, 586, 505, 507, 586, 659, 596, 473, 540, 574, 490, 578, 622, 577, 519, 553, 529, 530, 518, 618, 664, 581, 507, 572, 657, 569, 524, 530, 612, 512, 447, 529, 538, 548, 538, 519, 541, 485, 419, 445, 581, 643, 530, 546, 505, 516, 534, 540, 567, 580, 562, 523, 515, 521, 551, 487, 459, 573, 513, 530, 511, 541, 548, 455, 407, 492, 547, 542, 562, 531, 586, 539, 439, 499, 620, 528, 526, 538, 600, 590, 501, 570, 1395, 1644, 1011, 559, 982, 948, 758, 632, 5667, 7492, 4479, 1000, 3594, 3186, 2838, 1103, 11027, 14516, 8539, 1784, 6590, 5514, 5391, 2058, 16595, 22969, 14353, 2642, 8123, 7708, 9783, 3139, 21734, 31480, 20699, 3473, 10188, 12080, 15139, 3982, 15546, 22542, 14826, 2377, 7477, 9041, 10913, 2735, 4896, 7570, 5379, 1282, 2715, 2939, 3688, 1303, 2046, 3664, 3054, 1041, 1349, 1542, 1916, 1149, 1244, 2300, 2091, 909, 997, 1094, 1218, 869, 735, 830, 879, 692, 634, 636, 604, 700, 879, 1100, 962, 593, 803, 826, 764, 730, 1229, 1834, 1590, 757, 1027, 1157, 1105, 746, 1907, 3465, 2865, 913, 1277, 1490, 1901, 1011, 2345, 4094, 3304, 1080, 1466, 1753, 2371, 1252, 1785, 2678, 2069, 966, 1070, 1321, 1608, 933, 1028, 1339, 1121, 805, 709, 736, 879, 734, 712, 861, 737, 611, 568, 722, 760, 559, 614, 752, 683, 431, 444, 641, 643, 490, 1126, 1492, 1087, 520, 955, 986, 692, 526, 1976, 3056, 2312, 637, 1653, 1638, 1030, 773, 2104, 3531, 2904, 911, 1912, 2115, 1417, 832, 1361, 2150, 1918, 823, 1369, 1752, 1374, 698, 846, 1099, 1126, 713, 1127, 1500, 1130, 590, 793, 1744, 2101, 1224, 1123, 1529, 1187, 876, 1069, 2137, 2229, 1154, 1173, 1539, 1087, 929, 918, 1263, 1227, 789, 752, 852, 739, 764, 751, 895, 899, 660, 535, 666, 825, 735, 714, 898, 748, 542, 614, 771, 736, 526, 778, 1021, 919, 714, 748, 801, 700, 671, 633, 756, 779, 707, 696, 689, 662, 622, 626, 687, 738, 676, 620, 690, 700, 601, 665, 665, 677, 619, 662, 659, 624, 638, 745, 883, 782, 622, 790, 784, 643, 556, 809, 880, 815, 796, 771, 664, 579, 636, 619, 767, 804, 751, 723, 657, 606, 575, 643, 749, 754, 722, 684, 707, 711, 690, 763, 674, 656, 691, 591, 614, 652, 725, 695, 630, 686, 705, 574, 611, 561, 693, 635, 642, 723, 786, 610, 649, 573, 597, 668, 608, 654, 715, 662, 686, 695, 632, 554, 660, 621, 549, 634, 731, 682, 564, 691, 771, 712, 612, 711, 768, 676, 603, 679, 784, 765, 542, 656, 661, 708, 752, 808, 883, 761, 622, 677, 684, 715, 749, 749, 767, 729, 736, 791, 784, 758, 770, 716, 685, 674, 729, 748, 751, 700, 677, 701, 668, 690, 685, 651, 704, 583, 565, 674, 626, 702, 681, 630, 709, 656, 596, 757, 667, 588, 714, 695, 573, 614, 636, 736, 741, 561, 638, 681, 600, 626, 613, 778, 663, 634, 665, 698, 702, 647, 668, 663, 583, 666, 676, 668, 616, 645, 684, 543, 612, 675, 684, 632, 687, 729, 686, 663, 661, 771, 765, 621, 746, 777, 737, 914, 740, 721, 682, 739, 918, 832, 786, 896, 769, 768, 750, 819, 943, 832, 754, 968, 796, 766, 707, 731, 862, 813, 850, 780, 651, 698, 645, 482, 703, 763, 725, 685, 673, 724, 681, 524, 721, 716, 643, 608, 665, 635, 585, 553, 646, 694, 591, 684, 804, 763, 651, 660, 643, 659, 648, 678, 721, 678, 669, 677, 603, 687, 690, 534, 705, 734, 672, 583, 612, 673, 618, 594, 615, 592, 566, 533, 585, 635, 600, 776, 685, 712, 712, 594, 802, 801, 714, 793, 712, 699, 639, 622, 769, 739, 691, 840, 753, 793, 610, 559, 699, 687, 799, 855, 722, 769, 648, 602, 665, 643, 775, 797, 684, 707, 666, 624, 653, 665, 757, 691, 784, 846, 665, 594, 735, 861, 887, 955, 1360, 1285, 924, 737, 1028, 1261, 1158, 1193, 1815, 1721, 1168, 789, 1268, 1524, 1121, 1237, 1667, 1551, 1128, 936, 1498, 1597, 1201, 1012, 1505, 1736, 1330, 987, 1688, 2082, 1593, 970, 1305, 1790, 1406, 1005, 1638, 2383, 2165, 1009, 1038, 1125, 1066, 851, 1253, 1829, 1696, 1001, 1029, 783, 747, 760, 991, 1003, 737, 953, 1192, 1022, 837, 702, 1141, 1412, 1075, 750, 1257, 1064, 653, 749, 1275, 1615, 1072, 1008, 1352, 1042, 633, 724, 1129, 1385, 1036, 1039, 1131, 1224, 977, 779, 876, 1184, 1218, 843, 736, 981, 885, 705, 881, 1194, 1211, 763, 707, 631, 706, 731, 768, 873, 836, 803, 842, 784, 738, 652, 785, 853, 705, 815, 1080, 957, 759, 709, 1127, 1208, 807, 754, 1024, 1015, 737, 734, 1016, 1052, 771, 598, 900, 911, 770, 655, 906, 1126, 869, 774, 978, 840, 752, 694, 990, 1195, 819, 774, 853, 862, 771, 682, 859, 910, 805, 658, 675, 750, 644, 482, 539, 593, 674, 641, 555, 685, 606, 464, 556, 584, 658, 548, 523, 519, 425, 479, 610, 571, 493, 613, 586, 518, 497, 503, 580, 525, 487]"
-1.1610304117202759,-0.029615070670843124,-1.7227988243103027,-1.161032795906067,-0.10093780606985092,-0.12680470943450928,-0.26782694458961487,-0.3895741403102875,-1.1209487915039062,15.25,-0.3895741403102875,-1.1022090911865234,30.0,-0.3895741403102875,-1.0103702545166016,30.25,-0.3895741403102875,-0.9532928466796875,22.75,-0.3895741403102875,1.2012004852294922,21.0,"[561, 678, 766, 643, 619, 643, 765, 676, 531, 619, 703, 673, 564, 627, 732, 643, 523, 580, 654, 553, 490, 614, 644, 595, 618, 560, 567, 512, 485, 497, 541, 556, 446, 520, 465, 481, 487, 531, 584, 525, 498, 511, 483, 509, 537, 560, 570, 518, 536, 480, 476, 471, 530, 470, 455, 565, 559, 542, 528, 547, 583, 508, 513, 548, 553, 552, 572, 518, 560, 532, 548, 611, 529, 524, 538, 610, 624, 485, 587, 645, 509, 517, 574, 582, 573, 501, 545, 547, 450, 496, 584, 620, 595, 569, 637, 536, 502, 485, 497, 531, 537, 521, 558, 583, 478, 461, 444, 438, 529, 499, 504, 533, 480, 470, 564, 626, 509, 552, 596, 532, 508, 488, 554, 590, 479, 569, 597, 506, 502, 522, 545, 473, 487, 523, 556, 516, 615, 652, 628, 558, 679, 644, 562, 607, 681, 617, 500, 531, 612, 582, 500, 632, 652, 589, 542, 611, 677, 583, 550, 714, 584, 536, 532, 525, 550, 591, 581, 594, 635, 666, 563, 560, 603, 646, 594, 494, 653, 647, 586, 552, 636, 674, 596, 574, 665, 693, 667, 587, 608, 662, 583, 641, 628, 619, 555, 545, 587, 557, 491, 639, 583, 639, 590, 496, 590, 574, 514, 576, 557, 647, 639, 604, 609, 564, 579, 474, 569, 622, 660, 614, 576, 646, 648, 552, 503, 567, 503, 520, 651, 618, 593, 554, 473, 558, 538, 576, 669, 647, 498, 499, 514, 501, 463, 469, 560, 551, 485, 506, 542, 558, 568, 558, 535, 586, 657, 597, 820, 1048, 809, 499, 706, 871, 825, 587, 1818, 2785, 2079, 672, 1173, 1727, 1798, 847, 2547, 3624, 2519, 711, 1349, 1885, 2042, 950, 5574, 8211, 5788, 1635, 1823, 4342, 5493, 2999, 12510, 18974, 13597, 3665, 3359, 10597, 13231, 6562, 13270, 20032, 14218, 3745, 3438, 10654, 13308, 6259, 6892, 10336, 7304, 2042, 1981, 5125, 6483, 3013, 2205, 3327, 2429, 898, 1030, 1676, 2171, 1228, 925, 1070, 941, 564, 633, 790, 895, 857, 1271, 1689, 1324, 574, 771, 1203, 1330, 981, 2064, 2967, 2102, 693, 1140, 1654, 1907, 1054, 2112, 2878, 1961, 618, 1156, 1571, 1671, 642, 2378, 3371, 2242, 728, 1293, 1472, 1645, 789, 4677, 7229, 5140, 1322, 2332, 2839, 3596, 1744, 4927, 7270, 4999, 1481, 2448, 2890, 3628, 2061, 2431, 2897, 1845, 1087, 1319, 1329, 1506, 1396, 1144, 1174, 777, 643, 680, 808, 821, 715, 659, 758, 702, 647, 611, 632, 633, 588, 783, 865, 725, 629, 689, 746, 726, 648, 829, 939, 872, 716, 819, 887, 837, 659, 778, 1083, 990, 699, 820, 984, 924, 694, 1167, 1283, 1021, 862, 972, 1025, 893, 750, 1679, 2022, 1290, 807, 1101, 1076, 991, 682, 1723, 2137, 1429, 747, 1184, 1333, 1147, 611, 1756, 2265, 1845, 887, 1334, 1762, 1329, 771, 2689, 5144, 4718, 1711, 2643, 3432, 2033, 938, 3193, 6131, 5510, 2010, 3397, 3897, 1986, 1158, 1618, 2982, 2730, 1270, 1832, 1991, 1194, 901, 1100, 1408, 1303, 850, 751, 859, 858, 742, 1266, 1573, 1362, 968, 919, 899, 813, 801, 941, 965, 755, 654, 820, 752, 604, 743, 848, 909, 818, 625, 666, 747, 595, 623, 783, 873, 731, 544, 598, 644, 553, 539, 748, 744, 571, 555, 534, 596, 649, 607, 708, 714, 683, 620, 621, 732, 799, 654, 785, 768, 673, 629, 773, 802, 692, 654, 697, 793, 736, 536, 713, 790, 665, 572, 781, 895, 916, 645, 770, 845, 781, 673, 689, 798, 803, 677, 751, 908, 852, 641, 728, 891, 754, 621, 741, 813, 855, 770, 784, 1016, 781, 548, 735, 810, 793, 609, 897, 1300, 1073, 582, 840, 815, 753, 669, 931, 1264, 1107, 768, 881, 815, 742, 741, 1028, 971, 999, 878, 924, 986, 743, 785, 1078, 1157, 1128, 859, 858, 1050, 904, 779, 1131, 1632, 1325, 645, 804, 1011, 1087, 706, 1295, 1629, 1254, 658, 858, 882, 1028, 860, 915, 1100, 963, 690, 740, 805, 745, 741, 653, 708, 735, 614, 584, 586, 547, 694, 626, 624, 751, 698, 550, 501, 613, 673, 655, 662, 724, 690, 597, 572, 579, 652, 687, 723, 684, 614, 600, 608, 529, 624, 705, 617, 613, 655, 608, 576, 600, 707, 727, 630, 717, 730, 618, 645, 740, 844, 668, 672, 869, 824, 607, 808, 906, 834, 794, 792, 978, 935, 643, 869, 887, 803, 699, 765, 807, 745, 654, 855, 772, 681, 560, 673, 741, 690, 532, 542, 610, 560, 750, 657, 568, 580, 533, 540, 560, 661, 625, 582, 587, 586, 534, 632, 573, 570, 569, 619, 555, 513, 496, 584, 562, 502, 655, 666, 633, 449, 520, 589, 562, 635, 585, 593, 640, 521, 537, 571, 558, 628, 647, 649, 593, 562, 577, 607, 536, 566, 591, 519, 614, 536, 466, 585, 552, 630, 811, 527, 628, 662, 562, 573, 641, 855, 865, 649, 620, 595, 638, 605, 641, 880, 760, 681, 668, 553, 615, 575, 593, 746, 763, 645, 638, 631, 706, 652, 617, 812, 747, 708, 775, 760, 647, 723, 767, 803, 796, 626, 710, 834, 689, 688, 797, 925, 885, 641, 852, 906, 661, 710, 877, 1060, 933, 737, 729, 758, 596, 646, 799, 959, 814, 882, 837, 715, 703, 773, 863, 842, 890, 909, 968, 739, 695, 706, 917, 980, 1498, 1091, 1718, 1101, 952, 861, 2224, 2678, 2080, 1355, 2513, 1478, 1091, 1110, 3398, 4072, 1569, 1107, 1570, 820, 896, 966, 2476, 2912, 1139, 1052, 1452, 998, 817, 900, 1835, 2094, 769, 823, 1028, 852, 661, 904, 1190, 1174, 770, 1396, 1544, 987, 689, 1060, 1250, 1035, 977, 1565, 1679, 1024, 695, 924, 1180, 1094, 1426, 1351, 1505, 1335, 944, 923, 995, 1317, 1443, 1167, 1473, 1291, 1045, 1064, 1220, 1559, 910, 918, 1003, 885, 722, 879, 798, 838, 1161, 1032, 897, 820, 800, 1350, 1708, 1411, 999, 1152, 1237, 951, 756, 1475, 2163, 1758, 804, 859, 908, 758, 617, 999, 1410, 1164, 873, 898, 812, 733, 667, 801, 785, 748, 1088, 1081, 871, 685, 698, 825, 925, 956, 815, 790, 787, 677, 685, 682, 780, 799, 552, 624, 699, 651, 558, 598, 593, 641, 481, 426, 576, 601, 469, 505, 499, 448, 511, 468, 504, 486, 400, 464, 602, 596, 595, 532, 492, 498, 461, 531, 591, 592, 531, 465, 462, 514, 497, 451, 510, 558]"
-0.908267617225647,0.023165017366409302,-0.8903069496154785,-0.27116310596466064,0.11285725980997086,0.9403749704360962,0.9043536186218262,-0.5321529507637024,0.9787559509277344,20.5,0.033328235149383545,-0.7088184356689453,23.5,0.2620670199394226,0.0,15.25,0.5351516604423523,-0.1544952392578125,19.75,0.5603286623954773,-0.15735626220703125,23.75,"[504, 593, 642, 548, 490, 546, 641, 597, 507, 501, 525, 474, 561, 586, 632, 599, 569, 571, 527, 569, 578, 500, 527, 617, 591, 529, 544, 512, 557, 491, 465, 579, 490, 565, 529, 441, 509, 463, 449, 455, 544, 490, 498, 490, 578, 546, 555, 625, 549, 608, 511, 533, 525, 482, 540, 532, 497, 575, 489, 508, 518, 507, 482, 464, 528, 504, 469, 488, 602, 538, 440, 420, 551, 474, 476, 453, 521, 548, 471, 494, 591, 558, 492, 467, 456, 577, 538, 491, 514, 473, 479, 492, 494, 556, 549, 516, 497, 505, 475, 479, 514, 576, 449, 435, 570, 616, 522, 487, 516, 558, 467, 440, 556, 543, 464, 504, 583, 527, 461, 486, 517, 523, 528, 535, 622, 536, 559, 582, 555, 593, 533, 500, 558, 543, 533, 550, 535, 586, 500, 544, 574, 527, 609, 593, 531, 520, 443, 603, 641, 581, 612, 630, 567, 567, 582, 651, 710, 596, 655, 655, 540, 511, 634, 659, 642, 545, 569, 640, 469, 541, 631, 604, 559, 657, 678, 558, 649, 589, 550, 600, 642, 593, 532, 565, 686, 583, 471, 545, 543, 582, 613, 643, 582, 557, 468, 505, 515, 483, 505, 546, 602, 515, 537, 620, 597, 501, 601, 664, 638, 576, 543, 598, 617, 558, 540, 638, 641, 574, 536, 648, 600, 531, 525, 636, 623, 525, 494, 494, 478, 526, 582, 627, 668, 856, 813, 609, 632, 732, 805, 762, 1869, 3193, 2569, 1014, 1170, 1949, 2308, 1278, 3270, 5803, 4744, 1488, 1799, 3479, 4254, 1875, 3750, 6523, 5073, 1412, 2059, 3803, 4446, 1777, 2873, 5685, 4913, 1784, 1699, 4202, 5561, 3283, 3759, 8980, 7481, 2193, 2220, 6804, 9038, 4816, 3278, 6745, 5190, 1332, 1772, 4900, 6324, 3117, 1672, 3315, 2686, 968, 1060, 2264, 2896, 1544, 801, 1214, 990, 602, 632, 927, 1277, 1034, 1348, 2742, 2251, 1012, 829, 2081, 2727, 1502, 1574, 2477, 1978, 978, 905, 1708, 2057, 1140, 1854, 2556, 1959, 1046, 936, 1538, 1918, 1437, 7749, 11666, 8339, 2249, 2617, 5991, 7331, 3362, 16870, 26846, 19401, 4615, 5224, 13748, 17193, 6644, 15675, 25519, 18536, 4411, 4669, 12950, 16637, 6323, 6677, 10884, 7947, 2059, 2138, 5353, 7107, 3033, 1939, 2765, 2128, 1033, 984, 1288, 1621, 1201, 1267, 1605, 1361, 885, 940, 1215, 1360, 946, 1828, 2926, 2340, 986, 1160, 1846, 2243, 1238, 1950, 2865, 2260, 964, 1109, 1719, 2090, 1307, 1172, 1588, 1266, 752, 816, 962, 1041, 756, 605, 824, 709, 539, 651, 726, 772, 612, 664, 926, 784, 574, 640, 767, 802, 530, 1195, 1618, 1222, 639, 864, 1051, 1024, 619, 1942, 2800, 2050, 699, 1356, 1579, 1440, 783, 2250, 3362, 2467, 799, 1853, 1690, 1281, 807, 2483, 3717, 2722, 849, 2212, 2091, 1223, 720, 3190, 4741, 3568, 826, 2512, 2795, 1929, 757, 3977, 6428, 4930, 1149, 3169, 3518, 2693, 968, 3545, 5732, 4435, 1197, 2870, 3011, 2358, 1053, 2750, 4207, 3243, 1225, 1991, 2004, 1862, 1206, 1907, 2830, 2175, 980, 1204, 1255, 1464, 1017, 1302, 1631, 1193, 664, 896, 1055, 1076, 825, 1054, 1199, 927, 613, 684, 994, 856, 627, 702, 1024, 993, 572, 547, 708, 766, 682, 702, 927, 823, 578, 617, 639, 634, 592, 763, 817, 685, 561, 749, 768, 528, 572, 619, 631, 601, 515, 596, 607, 524, 559, 696, 752, 705, 677, 671, 589, 574, 570, 605, 776, 724, 646, 660, 630, 637, 516, 580, 705, 683, 635, 583, 593, 671, 624, 656, 662, 608, 689, 625, 567, 599, 669, 710, 817, 604, 581, 717, 640, 744, 681, 715, 961, 817, 625, 754, 787, 823, 609, 752, 1042, 995, 683, 681, 874, 897, 649, 879, 1037, 921, 720, 767, 877, 794, 669, 825, 851, 872, 698, 709, 683, 670, 786, 636, 716, 693, 551, 657, 720, 703, 652, 667, 667, 627, 503, 577, 637, 610, 619, 600, 708, 665, 536, 609, 668, 710, 615, 596, 646, 748, 688, 673, 692, 751, 693, 549, 556, 619, 661, 644, 660, 718, 637, 523, 578, 771, 767, 609, 610, 669, 611, 598, 627, 647, 685, 555, 541, 639, 616, 694, 672, 691, 642, 665, 729, 706, 749, 696, 715, 839, 681, 603, 745, 750, 740, 733, 817, 1096, 873, 707, 1027, 1010, 811, 966, 1012, 1073, 863, 717, 908, 1058, 1005, 960, 860, 849, 778, 663, 696, 780, 939, 674, 664, 681, 644, 504, 538, 654, 696, 704, 727, 673, 606, 588, 620, 651, 740, 611, 685, 666, 551, 571, 670, 664, 583, 576, 626, 640, 635, 657, 629, 585, 612, 647, 587, 549, 538, 606, 552, 495, 619, 691, 629, 613, 674, 663, 567, 565, 686, 696, 687, 741, 642, 657, 720, 670, 636, 556, 668, 679, 643, 659, 715, 709, 618, 675, 682, 667, 741, 735, 623, 732, 739, 790, 593, 577, 682, 666, 627, 679, 786, 703, 598, 652, 656, 606, 652, 704, 789, 683, 631, 758, 690, 608, 684, 728, 819, 655, 719, 756, 716, 696, 768, 699, 661, 759, 740, 690, 646, 772, 869, 713, 634, 757, 762, 698, 579, 714, 737, 640, 666, 622, 632, 670, 678, 597, 493, 577, 689, 640, 655, 704, 651, 668, 719, 520, 580, 672, 673, 821, 764, 635, 826, 797, 707, 1321, 811, 968, 1064, 959, 993, 1015, 1407, 1781, 1049, 1068, 989, 1162, 1054, 1195, 1960, 1347, 960, 866, 857, 1064, 912, 1077, 1512, 944, 864, 748, 730, 966, 844, 947, 989, 967, 667, 808, 839, 823, 704, 1020, 1231, 849, 853, 890, 797, 833, 752, 939, 1056, 1136, 978, 951, 744, 682, 900, 1172, 1279, 1393, 1240, 1327, 926, 814, 1024, 1461, 1700, 1424, 1341, 1073, 724, 857, 1079, 1030, 1161, 1608, 2462, 1967, 997, 1042, 1665, 1634, 935, 1571, 2978, 2966, 1746, 932, 1825, 2332, 1581, 1400, 2245, 2731, 1847, 783, 1698, 1890, 1688, 767, 1246, 1479, 1192, 788, 929, 1130, 949, 1155, 1134, 985, 896, 826, 887, 870, 984, 1121, 1054, 962, 796, 843, 1014, 1374, 1345, 970, 1016, 949, 804, 800, 1082, 1285, 1164, 857, 1002, 810, 627, 743, 867, 847, 696, 636, 661, 574, 530, 575, 635, 677, 584, 624, 497, 552, 518, 473, 498, 553, 655, 631, 522, 552, 476, 452, 477, 476, 587, 455, 489, 518, 536, 469, 468, 495, 477, 555, 618, 694, 600, 541, 608, 647, 627]"
-0.9138220548629761,0.21807532012462616,-0.6945070028305054,-0.14124010503292084,0.33545273542404175,1.066542387008667,0.969040036201477,-0.47924038767814636,-0.9070873260498047,25.75,-0.47924038767814636,-0.9019374847412109,28.5,-0.47924038767814636,0.9534358978271484,22.5,0.5520153343677521,-0.26335716247558594,28.0,0.7292557060718536,-0.36563873291015625,16.5,"[594, 671, 664, 712, 770, 709, 670, 671, 561, 686, 675, 632, 714, 767, 751, 707, 515, 636, 636, 576, 535, 638, 662, 593, 510, 536, 524, 485, 440, 461, 485, 523, 483, 521, 548, 494, 560, 519, 432, 519, 519, 606, 601, 502, 498, 481, 550, 554, 553, 574, 570, 534, 569, 600, 564, 559, 577, 591, 515, 496, 555, 612, 578, 530, 512, 544, 447, 446, 523, 587, 520, 424, 517, 573, 534, 510, 590, 653, 651, 486, 591, 555, 556, 559, 492, 586, 562, 469, 668, 643, 653, 537, 531, 623, 574, 501, 469, 595, 553, 465, 492, 581, 525, 433, 639, 646, 571, 606, 602, 531, 507, 562, 624, 571, 545, 535, 569, 547, 529, 559, 567, 460, 549, 477, 520, 485, 584, 673, 629, 549, 549, 514, 524, 561, 581, 664, 612, 581, 500, 548, 536, 568, 595, 540, 525, 484, 486, 564, 486, 505, 620, 575, 563, 546, 476, 574, 565, 517, 565, 554, 588, 568, 533, 644, 574, 534, 534, 502, 620, 573, 505, 584, 642, 572, 497, 533, 589, 535, 535, 618, 594, 550, 585, 611, 515, 466, 578, 659, 571, 517, 518, 506, 558, 591, 513, 562, 529, 462, 496, 474, 654, 615, 488, 521, 467, 506, 581, 542, 496, 517, 511, 501, 501, 512, 556, 547, 639, 791, 789, 589, 614, 654, 805, 712, 1871, 3138, 2601, 1167, 1120, 2204, 2981, 1974, 4249, 7337, 5623, 1969, 1911, 5097, 6334, 3041, 5011, 8179, 5963, 1632, 1994, 5307, 6126, 2048, 4189, 5929, 4564, 1773, 2229, 4437, 4587, 2746, 8012, 15457, 12568, 3912, 3663, 11558, 14405, 7269, 9111, 17679, 13726, 3534, 3368, 12122, 15548, 7123, 4421, 8641, 6525, 1496, 1925, 5158, 7119, 3362, 1486, 2619, 2006, 770, 1223, 1350, 1727, 1177, 1244, 1498, 1438, 671, 1129, 1511, 1244, 889, 1732, 2206, 1760, 832, 1459, 2431, 2234, 1252, 1876, 3168, 2763, 1238, 1359, 2908, 3417, 1925, 3320, 5317, 4601, 1847, 1496, 3903, 5353, 3522, 6624, 11072, 8610, 2738, 2567, 7071, 9061, 5301, 6488, 10626, 8093, 2547, 2516, 6566, 8234, 4296, 3442, 5559, 4105, 1358, 1452, 3327, 4130, 1960, 1392, 2188, 1714, 753, 883, 1240, 1585, 987, 710, 877, 904, 712, 518, 709, 795, 661, 664, 857, 847, 642, 605, 886, 955, 586, 699, 950, 831, 677, 690, 866, 832, 577, 724, 841, 795, 676, 527, 681, 833, 703, 800, 661, 653, 644, 489, 576, 637, 725, 834, 671, 673, 677, 637, 562, 604, 829, 790, 758, 793, 776, 703, 654, 659, 732, 1567, 2084, 1545, 748, 1305, 1327, 1028, 749, 2692, 3681, 2413, 741, 2249, 2109, 1568, 875, 2213, 3096, 2084, 769, 1970, 1838, 1358, 815, 976, 1331, 1058, 602, 956, 927, 818, 768, 1263, 1807, 1343, 668, 1052, 1143, 1107, 616, 1566, 2445, 2044, 986, 1328, 1394, 1336, 711, 1442, 2341, 2137, 1052, 1091, 1220, 1127, 854, 1488, 2565, 2410, 1096, 1345, 1489, 900, 856, 1581, 2641, 2428, 1132, 1478, 1566, 1044, 990, 1344, 2134, 1936, 927, 1307, 1419, 1084, 895, 897, 1465, 1413, 840, 835, 1047, 1024, 846, 753, 1149, 1097, 698, 598, 932, 970, 703, 673, 1041, 930, 637, 690, 869, 885, 587, 636, 809, 700, 543, 652, 726, 692, 587, 621, 624, 589, 511, 633, 677, 574, 587, 652, 603, 659, 627, 572, 628, 600, 583, 618, 707, 717, 658, 717, 751, 733, 627, 668, 883, 766, 558, 743, 795, 817, 691, 721, 837, 738, 612, 725, 897, 885, 668, 739, 781, 737, 579, 580, 758, 736, 701, 794, 911, 817, 648, 655, 744, 703, 688, 894, 1016, 821, 615, 636, 769, 723, 567, 743, 765, 780, 677, 567, 687, 707, 687, 739, 800, 861, 749, 583, 764, 781, 686, 691, 804, 836, 669, 635, 808, 827, 661, 758, 735, 647, 704, 655, 711, 677, 621, 752, 772, 705, 666, 646, 564, 690, 672, 778, 786, 692, 618, 625, 703, 690, 646, 758, 762, 694, 575, 653, 786, 783, 686, 658, 631, 660, 584, 589, 728, 732, 722, 718, 737, 716, 727, 621, 622, 699, 704, 705, 784, 796, 661, 667, 692, 640, 706, 767, 678, 751, 692, 710, 867, 811, 825, 1058, 793, 944, 886, 765, 1136, 1337, 1282, 1155, 867, 1132, 1109, 852, 1057, 1446, 1551, 849, 757, 841, 739, 620, 841, 1148, 1137, 535, 720, 721, 532, 501, 694, 808, 648, 638, 742, 721, 641, 633, 743, 736, 525, 648, 710, 633, 536, 634, 707, 636, 524, 677, 637, 503, 455, 558, 598, 574, 668, 695, 713, 547, 550, 619, 537, 537, 620, 582, 632, 666, 652, 675, 586, 488, 540, 628, 680, 592, 611, 661, 687, 605, 618, 513, 660, 635, 564, 555, 648, 673, 575, 557, 641, 661, 580, 557, 647, 762, 709, 712, 626, 568, 608, 635, 671, 720, 799, 779, 678, 657, 630, 573, 593, 628, 828, 724, 604, 566, 457, 666, 711, 553, 758, 668, 693, 565, 442, 561, 613, 610, 655, 614, 670, 667, 551, 521, 709, 715, 578, 712, 611, 662, 616, 574, 698, 707, 682, 603, 533, 664, 661, 502, 654, 762, 693, 564, 565, 689, 654, 558, 617, 669, 656, 641, 620, 607, 605, 684, 623, 543, 578, 656, 619, 595, 677, 708, 648, 589, 636, 919, 867, 714, 757, 766, 676, 821, 957, 1038, 1332, 1311, 958, 945, 1290, 1935, 1809, 940, 1507, 1342, 934, 1001, 1533, 2143, 1895, 874, 1096, 910, 650, 748, 1095, 1273, 984, 980, 896, 645, 598, 686, 807, 831, 785, 912, 713, 795, 701, 597, 621, 834, 1088, 1004, 673, 850, 650, 557, 592, 1014, 1331, 905, 698, 771, 653, 657, 604, 894, 1173, 864, 802, 701, 515, 645, 683, 782, 1009, 833, 787, 927, 740, 639, 682, 880, 1057, 764, 917, 1056, 688, 631, 823, 733, 868, 862, 913, 947, 792, 812, 984, 821, 874, 575, 702, 739, 692, 634, 763, 786, 667, 602, 815, 797, 639, 595, 799, 942, 773, 707, 711, 590, 572, 608, 805, 1026, 917, 696, 731, 685, 650, 650, 773, 1013, 946, 564, 810, 800, 688, 597, 889, 1164, 920, 517, 744, 752, 572, 534, 734, 888, 726, 470, 526, 503, 493, 537, 564, 615, 558, 493, 534, 515, 512, 470, 513, 495, 475, 542, 506, 534, 542, 516, 441, 493, 591, 600, 494, 549, 531, 547, 528, 616, 692]"
-0.7721514105796814,0.0,0.0,0.0,0.0,0.0,0.0,0.31355127692222595,-0.551605224609375,15.0,0.37263140082359314,-0.5822181701660156,17.5,0.38035616278648376,-0.5664825439453125,22.25,0.39637789130210876,-0.5620479583740234,24.25,0.4010985791683197,-0.31456947326660156,16.25,"[430, 518, 591, 565, 559, 565, 590, 517, 525, 635, 609, 570, 561, 661, 707, 557, 507, 589, 646, 531, 506, 596, 603, 530, 505, 560, 503, 519, 459, 459, 505, 441, 492, 524, 537, 486, 461, 450, 439, 474, 520, 471, 527, 515, 514, 417, 515, 554, 563, 586, 556, 467, 518, 518, 484, 551, 563, 552, 550, 502, 454, 461, 524, 552, 463, 497, 476, 434, 418, 498, 518, 473, 550, 540, 505, 459, 467, 523, 548, 544, 554, 559, 588, 550, 528, 570, 619, 636, 607, 651, 585, 552, 541, 542, 585, 564, 688, 647, 556, 539, 526, 503, 462, 545, 656, 623, 593, 577, 608, 530, 507, 643, 546, 642, 622, 594, 568, 509, 567, 583, 525, 548, 580, 615, 561, 496, 521, 592, 596, 528, 549, 529, 550, 475, 503, 628, 581, 535, 560, 545, 568, 512, 559, 637, 590, 544, 558, 615, 601, 587, 534, 601, 567, 437, 429, 478, 579, 590, 395, 519, 558, 447, 523, 527, 517, 496, 423, 557, 455, 435, 590, 575, 512, 433, 514, 575, 492, 507, 629, 580, 565, 517, 460, 503, 573, 494, 496, 559, 538, 541, 498, 582, 582, 471, 463, 564, 566, 501, 516, 610, 631, 557, 592, 604, 582, 614, 618, 663, 679, 1057, 1542, 1378, 723, 1419, 1718, 1190, 793, 1827, 2905, 2263, 892, 2768, 3171, 1840, 734, 1418, 2222, 1737, 811, 2470, 2733, 1435, 2081, 2963, 1772, 827, 1453, 3512, 3640, 1373, 3534, 6304, 4058, 1083, 2695, 6969, 8014, 3647, 2748, 5673, 4032, 1391, 2169, 6515, 8254, 4671, 1645, 2707, 2120, 1058, 1100, 3002, 3938, 2559, 877, 1034, 892, 684, 649, 978, 972, 835, 944, 1120, 718, 525, 750, 1053, 1012, 614, 1081, 1226, 819, 692, 846, 1288, 1289, 776, 1082, 1541, 1151, 711, 905, 1635, 1778, 943, 1429, 2227, 1728, 861, 869, 1883, 2148, 1117, 2234, 3236, 2200, 849, 1166, 2525, 2653, 1060, 1713, 2155, 1352, 650, 874, 1730, 1722, 850, 806, 754, 630, 545, 658, 873, 721, 613, 739, 795, 749, 596, 690, 773, 677, 573, 885, 888, 758, 740, 798, 664, 614, 627, 824, 926, 824, 673, 726, 769, 647, 616, 824, 874, 731, 565, 672, 857, 708, 636, 834, 748, 648, 638, 744, 742, 709, 661, 643, 620, 601, 568, 591, 566, 543, 561, 694, 651, 583, 532, 639, 696, 577, 520, 647, 653, 609, 546, 655, 718, 602, 589, 644, 674, 613, 622, 787, 764, 567, 621, 590, 578, 611, 602, 656, 658, 583, 581, 578, 732, 767, 627, 584, 736, 708, 591, 800, 1178, 1083, 663, 671, 959, 986, 616, 1772, 2485, 1852, 942, 1259, 1493, 1515, 911, 2137, 2784, 2246, 1323, 1492, 1474, 1559, 1331, 2889, 2489, 1664, 1843, 2277, 1919, 1202, 1827, 3772, 3611, 1721, 1890, 2866, 2361, 1111, 2038, 2795, 3214, 2003, 1377, 2117, 1760, 1228, 1548, 1566, 2064, 1519, 811, 1344, 1418, 1047, 885, 1042, 1260, 1048, 779, 878, 899, 833, 730, 714, 835, 699, 566, 702, 839, 728, 555, 698, 895, 758, 544, 785, 944, 860, 641, 603, 769, 661, 536, 531, 711, 701, 494, 658, 663, 605, 575, 615, 646, 619, 597, 620, 640, 560, 584, 696, 716, 590, 516, 634, 635, 638, 598, 646, 762, 757, 619, 689, 738, 662, 579, 658, 767, 749, 648, 654, 765, 646, 595, 657, 781, 791, 687, 585, 637, 733, 602, 598, 779, 720, 610, 622, 619, 624, 509, 554, 632, 675, 656, 726, 778, 617, 613, 751, 753, 739, 687, 733, 805, 708, 646, 689, 755, 712, 692, 682, 750, 722, 607, 701, 634, 616, 695, 701, 793, 760, 690, 780, 756, 668, 578, 721, 802, 743, 653, 570, 691, 656, 591, 633, 746, 675, 498, 574, 742, 640, 549, 517, 515, 503, 513, 545, 527, 491, 510, 600, 662, 655, 608, 612, 673, 604, 606, 683, 731, 749, 736, 607, 602, 733, 720, 656, 657, 700, 782, 653, 549, 760, 752, 633, 539, 601, 709, 671, 613, 676, 710, 706, 733, 702, 620, 632, 814, 771, 649, 792, 811, 779, 704, 670, 849, 832, 713, 770, 723, 710, 803, 686, 654, 643, 687, 672, 675, 718, 772, 700, 729, 683, 627, 680, 744, 849, 804, 721, 775, 862, 807, 754, 689, 751, 767, 817, 729, 740, 852, 728, 591, 694, 753, 714, 666, 682, 832, 562, 557, 639, 650, 595, 681, 716, 635, 562, 571, 625, 621, 592, 655, 609, 524, 635, 619, 599, 589, 535, 548, 588, 654, 518, 455, 521, 486, 471, 573, 560, 566, 503, 454, 531, 514, 489, 544, 562, 533, 591, 575, 534, 489, 538, 547, 484, 550, 595, 569, 583, 618, 666, 526, 539, 661, 557, 610, 614, 629, 730, 598, 607, 674, 537, 558, 607, 583, 605, 597, 522, 570, 628, 618, 587, 446, 609, 682, 542, 602, 497, 529, 538, 427, 561, 677, 620, 538, 528, 524, 474, 483, 558, 588, 627, 566, 551, 589, 570, 501, 472, 558, 602, 555, 547, 684, 726, 654, 488, 562, 654, 551, 610, 674, 640, 556, 532, 530, 597, 600, 648, 627, 620, 594, 606, 610, 627, 644, 614, 576, 552, 541, 597, 585, 569, 625, 614, 453, 436, 527, 603, 551, 467, 605, 647, 589, 567, 632, 660, 584, 575, 690, 669, 691, 674, 657, 705, 744, 730, 733, 656, 599, 604, 626, 549, 606, 699, 768, 753, 612, 700, 778, 673, 666, 765, 858, 695, 580, 684, 795, 715, 665, 745, 818, 705, 788, 699, 684, 727, 739, 787, 755, 815, 773, 783, 756, 689, 743, 838, 761, 772, 825, 822, 684, 620, 882, 876, 706, 713, 862, 933, 824, 619, 937, 1091, 830, 593, 827, 888, 808, 679, 826, 980, 845, 470, 658, 707, 630, 635, 709, 842, 708, 703, 695, 670, 663, 720, 684, 798, 814, 735, 761, 779, 695, 601, 682, 733, 661, 745, 798, 871, 700, 582, 722, 882, 788, 670, 924, 1010, 690, 538, 889, 1130, 897, 565, 803, 896, 651, 482, 754, 1028, 906, 503, 593, 636, 633, 563, 602, 796, 664, 578, 513, 520, 566, 490, 561, 658, 664, 518, 447, 457, 492, 491, 482, 506, 521, 474, 468, 461, 483, 477, 490, 561, 479, 401, 520, 629, 474, 367, 524, 532, 480, 404, 481, 571, 473, 312, 483, 530, 452]"
-0.6627402305603027,-0.08804483711719513,0.4173833727836609,0.21757802367210388,-0.07907108962535858,0.5008063316345215,0.2254393845796585,0.2798615097999573,0.2604961395263672,20.0,0.2800045609474182,-0.06508827209472656,19.75,0.28472524881362915,0.19283294677734375,15.25,0.33622366189956665,0.06651878356933594,18.5,0.33693891763687134,0.13704299926757812,16.75,"[407, 543, 726, 699, 517, 699, 730, 546, 484, 613, 728, 745, 543, 638, 726, 566, 481, 604, 654, 622, 561, 620, 636, 563, 497, 522, 523, 570, 513, 536, 528, 463, 481, 493, 488, 509, 483, 501, 488, 492, 485, 513, 515, 501, 540, 550, 493, 519, 523, 522, 526, 524, 628, 577, 508, 485, 513, 432, 427, 450, 512, 507, 500, 575, 513, 448, 466, 486, 489, 485, 529, 571, 524, 518, 572, 557, 503, 574, 568, 529, 494, 564, 534, 496, 429, 494, 598, 542, 625, 587, 544, 541, 479, 539, 603, 662, 578, 570, 565, 520, 577, 581, 497, 547, 664, 590, 572, 720, 754, 655, 527, 582, 571, 500, 538, 609, 630, 623, 583, 583, 631, 641, 595, 543, 540, 605, 610, 580, 589, 616, 566, 556, 568, 527, 554, 585, 539, 516, 558, 529, 490, 556, 573, 548, 450, 563, 567, 544, 532, 531, 554, 510, 491, 529, 528, 508, 557, 480, 539, 568, 574, 530, 519, 552, 545, 503, 553, 603, 544, 562, 508, 509, 593, 590, 548, 556, 608, 556, 604, 599, 563, 595, 638, 624, 473, 537, 582, 539, 545, 586, 546, 547, 561, 508, 545, 531, 548, 553, 478, 544, 623, 593, 610, 534, 526, 606, 526, 571, 660, 753, 951, 904, 678, 881, 1000, 863, 957, 1870, 3181, 2827, 1033, 2167, 3242, 2504, 1129, 3055, 5490, 4824, 1395, 3871, 5403, 3643, 1019, 2524, 4634, 4101, 1482, 3569, 4594, 2855, 891, 2387, 3837, 3056, 1257, 3500, 3959, 2188, 861, 1587, 2478, 2032, 906, 2264, 2670, 1644, 763, 1000, 1053, 875, 671, 1272, 1458, 927, 559, 723, 733, 573, 567, 962, 1093, 762, 675, 1065, 899, 598, 639, 1031, 1240, 822, 1082, 1473, 1113, 581, 776, 1439, 1628, 1000, 1314, 1563, 1097, 574, 948, 1816, 1725, 849, 1017, 1251, 964, 556, 836, 1362, 1241, 509, 963, 971, 754, 675, 675, 941, 875, 607, 1083, 1130, 734, 661, 772, 977, 965, 682, 1119, 1280, 793, 634, 690, 1081, 1231, 706, 1057, 1296, 904, 659, 678, 1130, 1233, 687, 904, 1026, 726, 642, 701, 989, 985, 705, 771, 927, 743, 572, 631, 780, 783, 597, 759, 715, 615, 646, 563, 578, 607, 632, 727, 655, 627, 673, 663, 714, 579, 556, 590, 627, 625, 667, 660, 648, 581, 535, 598, 605, 591, 683, 612, 597, 631, 567, 565, 637, 557, 667, 593, 638, 656, 601, 520, 619, 731, 777, 631, 679, 817, 722, 595, 770, 802, 823, 614, 864, 1221, 1036, 633, 947, 867, 997, 647, 1285, 1842, 1351, 596, 876, 882, 851, 710, 1193, 1442, 1014, 771, 990, 845, 595, 632, 834, 909, 631, 1169, 1360, 957, 801, 899, 1030, 924, 818, 1540, 1543, 1183, 1151, 1186, 1236, 971, 1095, 1666, 1516, 1267, 1261, 1174, 1205, 999, 1286, 1475, 1417, 1194, 1112, 1027, 1182, 1230, 1112, 1398, 1602, 1144, 784, 784, 1162, 1222, 1021, 1478, 1600, 1161, 696, 1008, 1431, 1228, 1034, 1157, 1179, 1125, 696, 1059, 1315, 1116, 933, 973, 1190, 1075, 750, 785, 1023, 980, 791, 938, 1183, 902, 636, 681, 820, 920, 673, 647, 864, 754, 622, 593, 681, 864, 621, 565, 667, 606, 569, 518, 652, 711, 573, 597, 701, 682, 630, 577, 692, 660, 546, 609, 704, 748, 687, 550, 729, 776, 607, 627, 696, 711, 579, 512, 744, 797, 709, 718, 719, 619, 548, 582, 747, 721, 606, 771, 783, 745, 638, 639, 787, 768, 616, 744, 725, 698, 657, 571, 693, 714, 607, 666, 583, 636, 664, 538, 597, 681, 733, 738, 683, 615, 643, 674, 615, 752, 782, 543, 695, 726, 624, 601, 648, 643, 619, 520, 683, 775, 634, 586, 660, 607, 637, 654, 593, 654, 616, 589, 648, 689, 710, 709, 696, 683, 586, 609, 733, 667, 654, 600, 666, 675, 651, 653, 647, 622, 591, 689, 512, 646, 716, 639, 543, 514, 665, 674, 635, 658, 649, 648, 623, 598, 611, 601, 565, 615, 635, 662, 578, 513, 598, 584, 524, 705, 696, 571, 528, 579, 654, 637, 521, 758, 777, 641, 526, 685, 772, 610, 598, 757, 701, 573, 638, 715, 691, 633, 555, 667, 655, 613, 631, 660, 738, 749, 607, 572, 560, 592, 654, 667, 740, 703, 608, 579, 635, 604, 632, 619, 675, 606, 591, 690, 776, 612, 663, 732, 645, 587, 577, 689, 706, 624, 624, 663, 662, 532, 674, 745, 618, 618, 679, 669, 640, 504, 619, 657, 596, 564, 691, 737, 601, 582, 616, 629, 574, 493, 542, 588, 583, 520, 628, 678, 635, 522, 610, 678, 650, 594, 608, 565, 632, 600, 629, 645, 595, 485, 479, 517, 608, 556, 482, 565, 557, 493, 522, 598, 646, 585, 565, 614, 578, 572, 547, 667, 607, 624, 625, 592, 667, 598, 592, 616, 553, 681, 696, 591, 618, 429, 523, 600, 529, 566, 667, 590, 465, 417, 497, 584, 565, 522, 597, 573, 487, 497, 522, 594, 651, 671, 620, 596, 576, 591, 520, 615, 681, 649, 584, 584, 596, 622, 523, 595, 586, 531, 597, 584, 626, 686, 594, 611, 640, 608, 605, 631, 741, 636, 502, 563, 683, 550, 473, 546, 706, 601, 452, 524, 660, 531, 490, 574, 659, 626, 538, 599, 669, 641, 630, 615, 597, 608, 609, 626, 581, 522, 563, 579, 562, 702, 672, 545, 550, 520, 559, 595, 613, 555, 558, 597, 621, 563, 520, 596, 575, 709, 585, 723, 884, 709, 664, 829, 758, 745, 760, 855, 973, 675, 788, 1116, 1011, 655, 860, 856, 858, 569, 832, 1073, 966, 621, 740, 803, 765, 611, 772, 964, 839, 644, 689, 811, 704, 633, 852, 836, 775, 706, 802, 903, 784, 618, 860, 1020, 928, 650, 668, 691, 673, 621, 729, 869, 855, 745, 681, 608, 732, 730, 720, 882, 853, 656, 752, 738, 788, 635, 703, 989, 964, 514, 697, 763, 747, 632, 616, 932, 856, 566, 632, 656, 598, 669, 599, 838, 817, 501, 521, 588, 596, 547, 552, 697, 684, 449, 543, 596, 514, 507, 523, 702, 611, 543, 573, 569, 545, 490, 447, 636, 625, 586, 568, 506, 478, 456, 461, 518, 523, 501, 536, 542, 449, 398, 467, 514, 529, 454, 541, 548, 450, 407, 492, 496, 469, 405, 504, 468, 419, 406, 443, 513, 444]"
-0.38674551248550415,0.15739795565605164,-0.08951437473297119,-0.4117739796638489,-0.20681829750537872,-0.03355465084314346,-0.5116997361183167,-0.6344430446624756,0.8351325988769531,17.0,-0.6066911220550537,0.8820533752441406,18.75,-0.3913991451263428,0.5102634429931641,19.75,-0.06753134727478027,0.6119728088378906,20.0,0.04776787757873535,0.5480289459228516,16.0,"[568, 728, 759, 600, 497, 600, 764, 731, 518, 640, 659, 626, 562, 677, 740, 646, 536, 463, 598, 637, 580, 575, 583, 626, 539, 452, 499, 582, 587, 454, 517, 582, 486, 452, 497, 553, 564, 505, 508, 465, 486, 462, 454, 488, 480, 428, 547, 568, 531, 473, 489, 577, 607, 536, 545, 563, 517, 494, 512, 564, 557, 544, 550, 539, 560, 460, 398, 462, 489, 477, 462, 533, 587, 524, 445, 565, 561, 429, 479, 599, 583, 560, 415, 554, 607, 476, 536, 608, 611, 542, 492, 582, 579, 581, 504, 541, 588, 546, 585, 595, 478, 557, 518, 468, 575, 610, 520, 469, 463, 580, 543, 444, 545, 508, 489, 479, 546, 598, 514, 447, 510, 559, 527, 489, 508, 489, 382, 423, 668, 640, 437, 514, 614, 583, 405, 492, 609, 664, 546, 575, 618, 568, 504, 505, 497, 638, 631, 554, 557, 509, 527, 536, 563, 583, 543, 545, 607, 519, 549, 626, 574, 541, 543, 484, 491, 523, 537, 598, 622, 618, 584, 537, 501, 509, 574, 614, 653, 606, 571, 608, 627, 550, 576, 584, 567, 573, 589, 559, 614, 514, 510, 567, 514, 549, 563, 526, 585, 578, 447, 445, 477, 465, 546, 569, 558, 566, 583, 511, 570, 573, 616, 624, 586, 551, 597, 571, 617, 594, 530, 497, 518, 561, 542, 560, 544, 593, 634, 503, 431, 475, 524, 555, 597, 631, 591, 520, 487, 482, 426, 459, 579, 566, 591, 545, 563, 586, 547, 538, 537, 513, 563, 497, 511, 652, 636, 500, 437, 523, 592, 580, 543, 479, 528, 501, 451, 485, 538, 558, 534, 440, 519, 529, 565, 559, 562, 578, 542, 551, 540, 557, 543, 491, 545, 534, 507, 570, 557, 576, 404, 521, 581, 569, 510, 477, 518, 516, 465, 545, 512, 542, 509, 492, 491, 465, 517, 485, 538, 533, 538, 533, 472, 516, 576, 562, 613, 612, 656, 677, 566, 580, 562, 568, 575, 539, 595, 570, 467, 549, 596, 556, 489, 570, 542, 465, 471, 507, 600, 590, 585, 551, 481, 486, 591, 604, 648, 653, 579, 565, 497, 535, 564, 557, 488, 537, 565, 539, 477, 505, 542, 478, 477, 615, 597, 568, 590, 561, 542, 532, 483, 483, 550, 517, 461, 542, 574, 583, 604, 533, 584, 516, 505, 531, 545, 629, 627, 510, 548, 553, 588, 586, 587, 711, 645, 638, 632, 478, 693, 725, 764, 833, 1007, 879, 1001, 743, 860, 904, 1378, 1530, 2431, 1248, 2282, 1932, 1515, 1222, 2964, 3834, 3606, 1043, 3326, 3037, 1810, 856, 3665, 5385, 2171, 932, 1980, 1865, 1286, 1222, 1416, 2567, 3842, 1705, 2000, 2396, 2410, 2189, 4242, 5326, 4813, 934, 2995, 3024, 2871, 1366, 5054, 7112, 4228, 2618, 5135, 3780, 2354, 1640, 6083, 7634, 3187, 3751, 6157, 4080, 1778, 2203, 6474, 7300, 2544, 2887, 4872, 3081, 1520, 2092, 5909, 6411, 2026, 3136, 4697, 2763, 1327, 2591, 6441, 6413, 809, 2626, 3300, 1946, 709, 2151, 4462, 3938, 610, 1209, 1235, 873, 610, 1038, 1455, 1113, 615, 593, 689, 649, 584, 727, 770, 776, 623, 568, 568, 554, 525, 581, 642, 600, 500, 540, 501, 528, 490, 553, 588, 470, 484, 510, 538, 515, 518, 571, 554, 464, 566, 565, 573, 566, 496, 554, 599, 548, 463, 549, 641, 576, 466, 585, 698, 593, 631, 704, 647, 511, 578, 663, 679, 535, 636, 789, 702, 518, 664, 707, 624, 623, 732, 1258, 1267, 721, 634, 710, 680, 662, 710, 1527, 1711, 999, 665, 773, 748, 753, 731, 1701, 2153, 1365, 591, 1033, 1092, 997, 746, 1130, 1440, 1012, 518, 659, 768, 846, 711, 630, 643, 632, 700, 704, 521, 632, 859, 923, 733, 717, 742, 768, 708, 635, 841, 1026, 935, 845, 842, 775, 851, 730, 658, 959, 1148, 1065, 880, 769, 965, 883, 572, 896, 996, 891, 654, 588, 761, 706, 594, 739, 895, 773, 614, 704, 796, 651, 560, 577, 614, 581, 542, 592, 686, 636, 564, 485, 602, 623, 582, 652, 676, 626, 640, 645, 675, 547, 616, 640, 587, 663, 683, 684, 605, 575, 659, 646, 646, 675, 635, 580, 674, 690, 659, 666, 646, 660, 586, 601, 675, 624, 594, 640, 596, 622, 607, 717, 692, 618, 587, 647, 544, 479, 540, 659, 710, 676, 640, 690, 662, 573, 536, 625, 681, 652, 629, 659, 696, 653, 653, 684, 613, 547, 607, 641, 579, 614, 662, 674, 649, 601, 635, 687, 618, 643, 611, 624, 706, 708, 694, 732, 696, 590, 487, 607, 670, 644, 523, 556, 596, 516, 523, 551, 627, 632, 597, 581, 543, 507, 600, 629, 653, 538, 643, 633, 514, 547, 637, 687, 667, 650, 618, 536, 527, 555, 615, 589, 522, 586, 574, 553, 567, 524, 542, 483, 517, 591, 547, 532, 497, 522, 534, 595, 614, 553, 497, 488, 567, 593, 607, 556, 641, 610, 540, 491, 560, 650, 551, 550, 576, 551, 573, 550, 619, 602, 576, 626, 550, 593, 678, 612, 643, 627, 517, 500, 568, 614, 625, 563, 609, 579, 600, 474, 511, 594, 599, 563, 510, 586, 544, 462, 492, 561, 538, 585, 543, 516, 693, 626, 595, 662, 664, 595, 467, 583, 671, 606, 573, 608, 624, 585, 548, 587, 551, 529, 532, 576, 586, 630, 628, 567, 586, 647, 639, 564, 531, 612, 639, 588, 635, 778, 725, 651, 722, 746, 820, 723, 612, 709, 632, 580, 617, 666, 746, 677, 587, 743, 683, 643, 589, 628, 808, 705, 602, 1012, 990, 673, 548, 736, 984, 715, 621, 879, 863, 600, 515, 760, 986, 766, 529, 562, 505, 537, 547, 626, 786, 658, 551, 539, 544, 555, 520, 599, 579, 555, 477, 487, 441, 473, 524, 493, 498, 552, 473, 490, 566, 510, 507, 472, 487, 544, 536, 513, 515, 502, 525, 564, 611, 634, 522, 517, 599, 543, 553, 520, 590, 614, 406, 443, 488, 471, 539, 453, 488, 515, 489, 476, 488, 437, 455, 470, 528, 594, 442, 402, 501, 527, 483, 408, 511, 584, 353, 428, 444, 423, 432, 464, 432, 367, 393, 352, 401, 499, 436, 393, 400, 429, 341, 371, 390, 443, 382, 321, 326, 405, 477, 357, 385, 445, 474, 446, 407, 486, 425, 449, 478, 457, 481, 443, 481, 466]"
-0.4577977955341339,0.10555694252252579,-0.06396772712469101,-0.5241013169288635,-0.2587103247642517,0.02546697109937668,-0.5818483233451843,-0.531237006187439,0.7302761077880859,23.25,-0.3670142889022827,0.6141185760498047,26.75,-0.1819061040878296,0.7091045379638672,17.5,-0.06717908382415771,0.6016731262207031,15.5,0.019939064979553223,0.5435943603515625,15.75,"[614, 609, 659, 604, 429, 604, 658, 608, 592, 618, 703, 600, 554, 675, 682, 632, 708, 717, 696, 576, 479, 578, 691, 652, 634, 588, 577, 582, 480, 508, 529, 539, 567, 546, 376, 418, 569, 550, 430, 443, 564, 531, 395, 455, 540, 515, 440, 464, 527, 473, 448, 589, 595, 575, 505, 525, 423, 470, 526, 529, 496, 512, 507, 515, 488, 438, 495, 520, 420, 373, 454, 499, 528, 496, 474, 540, 523, 458, 425, 463, 554, 564, 611, 662, 556, 573, 539, 456, 532, 502, 512, 553, 498, 559, 552, 456, 580, 521, 378, 482, 514, 502, 460, 452, 664, 650, 547, 566, 531, 548, 570, 509, 547, 591, 587, 594, 508, 549, 672, 597, 506, 588, 671, 680, 524, 583, 698, 584, 560, 533, 480, 555, 552, 539, 595, 589, 578, 566, 555, 531, 594, 625, 580, 569, 543, 531, 533, 516, 490, 569, 550, 485, 520, 561, 557, 484, 554, 641, 603, 558, 537, 591, 602, 526, 613, 602, 539, 530, 638, 603, 594, 635, 598, 596, 600, 636, 693, 608, 579, 632, 673, 559, 614, 728, 502, 559, 663, 546, 596, 518, 584, 624, 553, 582, 644, 589, 459, 453, 557, 600, 470, 632, 673, 608, 546, 500, 594, 572, 506, 537, 570, 570, 593, 480, 516, 595, 433, 514, 530, 530, 474, 463, 505, 487, 582, 594, 459, 497, 496, 605, 549, 484, 531, 564, 550, 590, 551, 512, 540, 524, 511, 518, 574, 567, 507, 571, 631, 512, 514, 568, 612, 533, 527, 576, 488, 478, 478, 572, 589, 528, 506, 529, 495, 517, 513, 544, 527, 498, 505, 497, 540, 511, 555, 570, 560, 586, 589, 587, 596, 556, 619, 481, 490, 607, 550, 519, 534, 567, 623, 492, 491, 540, 499, 541, 532, 570, 578, 554, 519, 544, 499, 516, 507, 515, 526, 531, 574, 622, 618, 518, 479, 511, 598, 523, 532, 530, 498, 559, 508, 570, 605, 566, 537, 551, 574, 579, 548, 580, 540, 632, 554, 537, 609, 576, 557, 511, 530, 632, 586, 513, 552, 565, 522, 541, 529, 644, 651, 572, 647, 672, 570, 579, 520, 514, 570, 526, 478, 542, 497, 476, 518, 525, 576, 653, 552, 468, 599, 587, 541, 537, 605, 593, 499, 487, 573, 604, 686, 708, 693, 601, 486, 585, 614, 622, 611, 672, 583, 567, 488, 528, 521, 555, 547, 568, 583, 590, 551, 515, 488, 546, 746, 644, 689, 611, 612, 654, 823, 895, 2151, 1029, 1642, 1392, 1343, 1024, 2265, 3082, 5035, 1753, 5006, 4119, 2953, 1590, 6127, 8283, 5802, 4130, 9006, 6597, 3700, 2771, 10034, 12208, 4430, 5789, 9212, 5871, 2725, 3506, 9941, 10966, 3143, 4583, 6234, 3599, 1683, 2629, 6761, 7172, 2367, 4140, 5192, 3015, 1178, 2618, 5404, 5243, 2022, 4036, 5054, 3096, 1000, 2518, 4755, 4440, 1537, 2913, 3776, 2316, 826, 1838, 3745, 3622, 1032, 2416, 3071, 1801, 776, 1799, 3782, 3446, 722, 1635, 1921, 1158, 612, 1374, 2689, 2363, 556, 849, 1009, 807, 635, 631, 1111, 1080, 564, 765, 916, 703, 540, 648, 835, 823, 582, 702, 843, 572, 457, 728, 879, 792, 496, 485, 666, 622, 463, 531, 610, 577, 441, 498, 578, 517, 513, 514, 474, 501, 590, 627, 583, 500, 528, 614, 598, 519, 630, 677, 685, 666, 617, 627, 634, 616, 670, 643, 597, 631, 695, 632, 585, 632, 654, 669, 647, 612, 652, 639, 539, 612, 659, 991, 1003, 608, 607, 701, 706, 566, 750, 1133, 1201, 688, 544, 771, 729, 618, 721, 970, 935, 581, 531, 585, 583, 551, 704, 938, 819, 670, 617, 665, 768, 623, 607, 605, 558, 593, 617, 620, 679, 634, 637, 645, 592, 527, 606, 664, 586, 625, 647, 721, 714, 588, 648, 795, 697, 622, 913, 941, 779, 704, 869, 997, 928, 654, 879, 920, 683, 746, 939, 980, 739, 702, 750, 790, 653, 652, 813, 761, 645, 684, 572, 593, 588, 557, 542, 581, 714, 699, 552, 578, 615, 614, 550, 536, 619, 651, 597, 646, 626, 641, 676, 531, 632, 685, 683, 684, 624, 648, 640, 621, 606, 574, 648, 589, 576, 632, 659, 638, 549, 552, 608, 521, 567, 591, 614, 680, 592, 612, 584, 545, 565, 611, 683, 637, 564, 632, 598, 467, 496, 661, 729, 575, 625, 722, 652, 578, 483, 654, 673, 636, 634, 673, 675, 622, 556, 593, 581, 641, 712, 663, 530, 567, 590, 644, 539, 563, 693, 663, 576, 671, 584, 542, 549, 629, 659, 549, 602, 541, 400, 543, 640, 617, 530, 536, 597, 468, 476, 609, 670, 631, 591, 599, 474, 511, 568, 609, 514, 577, 656, 573, 458, 426, 595, 662, 576, 482, 588, 589, 543, 534, 628, 624, 517, 521, 514, 581, 565, 612, 615, 564, 514, 560, 558, 607, 539, 591, 573, 567, 576, 610, 553, 499, 515, 636, 650, 595, 611, 653, 611, 487, 555, 572, 523, 538, 564, 592, 589, 548, 545, 431, 518, 574, 589, 563, 586, 621, 528, 482, 533, 630, 644, 610, 566, 523, 567, 586, 659, 654, 673, 622, 611, 584, 626, 642, 611, 586, 622, 589, 548, 626, 627, 640, 625, 581, 639, 692, 645, 614, 706, 705, 608, 603, 689, 694, 615, 646, 632, 617, 532, 585, 665, 625, 589, 596, 540, 556, 572, 540, 539, 494, 503, 557, 593, 562, 527, 553, 569, 645, 588, 574, 568, 551, 608, 634, 572, 626, 691, 632, 576, 679, 681, 602, 591, 608, 653, 657, 570, 824, 908, 734, 619, 696, 935, 931, 621, 647, 684, 733, 625, 573, 760, 837, 582, 596, 559, 577, 589, 613, 636, 664, 495, 529, 508, 484, 484, 548, 513, 496, 460, 456, 450, 483, 452, 504, 566, 489, 487, 570, 614, 557, 478, 600, 643, 516, 525, 587, 535, 449, 518, 495, 527, 520, 564, 609, 506, 480, 515, 470, 447, 434, 444, 517, 520, 495, 486, 485, 434, 402, 465, 478, 522, 523, 497, 413, 461, 544, 452, 487, 423, 436, 442, 395, 436, 452, 378, 428, 372, 386, 407, 416, 433, 449, 401, 417, 384, 322, 343, 365, 367, 375, 393, 379, 371, 345, 364, 443, 452, 421, 421, 414, 371, 349, 390, 417, 389, 407, 423, 388, 402, 422, 438, 441, 376, 380]"
-0.30721840262413025,-0.033318743109703064,0.24514181911945343,0.05975176393985748,-0.1596655696630478,0.24824021756649017,0.1796116828918457,-1.8003051280975342,1.7633914947509766,16.25,-0.9106700420379639,0.9896278381347656,18.5,-0.33188509941101074,0.5896568298339844,23.0,-0.3161494731903076,0.0,18.5,-0.29297518730163574,0.5242824554443359,21.5,"[415, 575, 685, 634, 544, 633, 683, 573, 423, 596, 638, 551, 572, 613, 644, 556, 540, 603, 546, 547, 559, 546, 568, 519, 499, 573, 526, 426, 495, 476, 518, 516, 440, 437, 533, 557, 434, 470, 559, 500, 550, 517, 650, 586, 459, 540, 496, 506, 539, 524, 524, 492, 512, 572, 579, 536, 506, 545, 550, 484, 487, 593, 565, 460, 471, 493, 469, 523, 457, 495, 548, 480, 510, 566, 510, 564, 495, 559, 623, 543, 466, 584, 625, 582, 530, 570, 621, 588, 485, 469, 530, 638, 539, 476, 573, 545, 510, 522, 513, 526, 598, 518, 456, 499, 543, 589, 489, 428, 542, 434, 408, 465, 500, 550, 597, 597, 582, 541, 546, 558, 592, 538, 586, 604, 530, 601, 625, 572, 521, 573, 556, 535, 491, 594, 606, 539, 522, 578, 578, 524, 434, 517, 559, 473, 623, 582, 509, 503, 482, 622, 550, 489, 645, 629, 597, 616, 621, 702, 614, 590, 531, 552, 566, 553, 627, 652, 577, 534, 613, 546, 576, 591, 599, 600, 647, 659, 656, 554, 636, 558, 565, 629, 649, 709, 715, 593, 623, 622, 603, 574, 550, 680, 703, 607, 648, 668, 661, 618, 629, 670, 589, 625, 647, 692, 635, 662, 695, 604, 563, 562, 704, 695, 562, 488, 652, 655, 532, 510, 573, 551, 519, 484, 512, 637, 552, 496, 508, 540, 579, 559, 463, 492, 595, 507, 528, 538, 507, 533, 463, 508, 658, 622, 555, 540, 487, 530, 572, 558, 535, 643, 629, 482, 548, 558, 563, 578, 547, 595, 450, 530, 600, 516, 468, 439, 611, 545, 537, 652, 574, 515, 515, 551, 554, 550, 587, 600, 518, 491, 570, 569, 567, 626, 636, 572, 568, 532, 599, 581, 530, 492, 532, 554, 546, 529, 590, 596, 554, 495, 484, 569, 555, 611, 623, 543, 626, 622, 589, 540, 572, 620, 510, 559, 628, 607, 608, 577, 517, 588, 526, 623, 537, 524, 588, 583, 496, 467, 507, 540, 583, 588, 640, 663, 603, 578, 520, 495, 608, 670, 636, 553, 583, 647, 566, 549, 690, 587, 602, 604, 620, 575, 512, 632, 569, 589, 604, 572, 612, 588, 559, 580, 551, 698, 636, 521, 560, 653, 642, 545, 630, 638, 641, 561, 531, 551, 545, 549, 676, 682, 636, 528, 514, 589, 602, 623, 609, 559, 510, 514, 498, 486, 518, 587, 693, 668, 594, 544, 537, 560, 727, 773, 1378, 1341, 1835, 1827, 1236, 1461, 3517, 3455, 1979, 1924, 2764, 3296, 2048, 2324, 5708, 5470, 1152, 1234, 1435, 1882, 996, 1415, 2190, 1537, 3436, 1859, 2205, 2184, 1980, 1825, 3856, 4809, 2941, 2646, 3240, 2514, 1888, 2490, 4829, 5020, 1292, 2563, 2506, 1394, 771, 1767, 2191, 1376, 3065, 5550, 7655, 4851, 1469, 3160, 7180, 7341, 3485, 6316, 9054, 5961, 1771, 3380, 8181, 8537, 1894, 3552, 4764, 3097, 1150, 1651, 3776, 4017, 1072, 2108, 2154, 1165, 762, 1127, 1836, 1568, 734, 1374, 1501, 1010, 640, 1084, 1573, 1284, 583, 1045, 1240, 927, 609, 889, 1225, 1043, 465, 480, 515, 464, 543, 589, 613, 590, 425, 505, 511, 439, 510, 523, 508, 465, 482, 583, 601, 473, 595, 533, 528, 569, 495, 640, 514, 530, 601, 512, 506, 514, 521, 531, 469, 554, 592, 490, 519, 554, 566, 586, 543, 529, 629, 574, 520, 556, 709, 1120, 1148, 752, 674, 832, 725, 594, 1236, 2822, 3019, 1403, 1105, 1785, 1325, 1027, 1560, 3607, 3780, 1579, 1282, 2046, 1302, 1053, 979, 1964, 2010, 968, 873, 1354, 1063, 746, 668, 1245, 1413, 933, 612, 896, 960, 706, 1042, 1708, 1602, 993, 604, 765, 968, 786, 1327, 1606, 1161, 878, 839, 1012, 1151, 809, 1022, 1112, 800, 920, 853, 1015, 1100, 794, 1180, 955, 782, 853, 901, 1120, 934, 891, 1620, 1316, 1418, 1592, 1271, 1297, 968, 1355, 974, 982, 1168, 1156, 874, 792, 662, 939, 655, 664, 711, 709, 657, 671, 575, 605, 590, 580, 613, 580, 618, 584, 491, 496, 577, 703, 685, 592, 569, 598, 716, 546, 568, 674, 649, 644, 639, 651, 700, 662, 611, 636, 560, 604, 606, 619, 606, 513, 594, 606, 609, 682, 644, 533, 588, 601, 636, 684, 674, 610, 596, 611, 632, 631, 672, 671, 618, 586, 603, 568, 642, 696, 631, 683, 623, 527, 642, 684, 679, 623, 598, 608, 667, 616, 675, 677, 620, 639, 636, 597, 748, 717, 601, 750, 770, 679, 651, 621, 849, 884, 631, 679, 656, 614, 652, 679, 760, 781, 560, 647, 646, 518, 622, 621, 614, 618, 588, 608, 551, 543, 603, 550, 515, 616, 590, 531, 554, 580, 595, 561, 561, 614, 608, 572, 538, 541, 614, 572, 617, 643, 608, 558, 622, 655, 619, 543, 516, 649, 554, 427, 520, 549, 655, 603, 592, 619, 566, 482, 572, 589, 599, 660, 618, 489, 551, 494, 524, 565, 536, 696, 648, 522, 520, 513, 641, 562, 556, 654, 639, 473, 522, 584, 653, 609, 586, 613, 614, 576, 615, 527, 583, 671, 557, 618, 537, 655, 718, 587, 573, 612, 555, 613, 513, 627, 754, 573, 539, 531, 580, 535, 525, 572, 605, 576, 575, 600, 613, 620, 552, 575, 582, 563, 616, 557, 663, 640, 529, 570, 618, 588, 532, 519, 550, 534, 509, 632, 651, 591, 621, 586, 551, 550, 467, 549, 611, 580, 644, 592, 577, 556, 630, 600, 560, 612, 721, 641, 531, 640, 745, 673, 503, 662, 903, 808, 538, 762, 760, 746, 574, 608, 816, 704, 583, 626, 761, 734, 610, 548, 682, 710, 578, 568, 694, 701, 618, 650, 642, 643, 521, 534, 570, 637, 534, 617, 685, 592, 552, 542, 465, 496, 510, 544, 599, 582, 572, 582, 491, 513, 531, 522, 558, 493, 458, 568, 613, 531, 505, 556, 558, 508, 501, 576, 553, 578, 508, 544, 606, 566, 520, 606, 531, 520, 475, 551, 625, 478, 412, 500, 492, 431, 360, 458, 511, 392, 450, 440, 452, 433, 374, 411, 491, 433, 457, 418, 401, 393, 376, 394, 413, 450, 440, 398, 428, 452, 437, 476, 471, 432, 417, 450, 456, 356, 352, 428, 410, 366, 372, 415, 425, 397, 413, 373, 420, 423, 347, 407, 459, 379, 356, 424, 443, 375, 439, 355, 402, 405, 431, 398, 435, 476]"
-0.17761638760566711,-0.2017636001110077,-0.16806304454803467,0.31642866134643555,-0.27319201827049255,-0.24498583376407623,0.4225391745567322,-1.6005157232284546,1.6176223754882812,18.75,-0.7925628423690796,0.9993553161621094,26.25,-0.6043075323104858,0.23703575134277344,23.25,-0.5127547979354858,0.87432861328125,25.75,-0.2844451665878296,0.8710384368896484,16.75,"[515, 591, 649, 572, 642, 572, 648, 594, 622, 632, 653, 627, 642, 580, 642, 613, 553, 556, 615, 678, 601, 567, 621, 630, 579, 633, 624, 555, 492, 595, 708, 608, 471, 584, 510, 416, 438, 534, 582, 454, 570, 610, 488, 392, 540, 582, 535, 509, 577, 585, 547, 475, 510, 572, 507, 542, 462, 531, 541, 530, 501, 577, 612, 541, 530, 533, 552, 500, 474, 543, 586, 628, 610, 578, 544, 519, 490, 547, 628, 618, 557, 485, 465, 540, 497, 440, 514, 593, 500, 466, 496, 507, 528, 607, 536, 513, 480, 486, 515, 510, 462, 440, 444, 517, 665, 586, 581, 634, 554, 588, 540, 558, 665, 617, 625, 630, 682, 595, 517, 585, 544, 633, 598, 561, 563, 605, 610, 535, 518, 590, 493, 535, 550, 508, 555, 490, 605, 582, 546, 522, 570, 575, 496, 561, 651, 584, 555, 505, 493, 531, 568, 634, 650, 580, 624, 596, 582, 649, 585, 609, 519, 528, 521, 540, 579, 593, 565, 478, 534, 533, 548, 523, 682, 674, 500, 490, 546, 599, 570, 634, 738, 646, 537, 520, 599, 616, 589, 598, 673, 589, 596, 629, 557, 562, 570, 519, 563, 580, 563, 524, 618, 568, 514, 604, 627, 531, 559, 627, 626, 612, 642, 591, 576, 534, 525, 568, 675, 674, 594, 604, 661, 684, 571, 555, 582, 611, 546, 557, 583, 596, 570, 594, 558, 584, 557, 540, 568, 556, 522, 489, 532, 518, 630, 612, 497, 590, 622, 499, 492, 575, 526, 449, 506, 621, 565, 485, 555, 547, 566, 516, 442, 433, 534, 612, 650, 735, 620, 527, 502, 587, 666, 590, 524, 587, 609, 587, 519, 591, 639, 629, 562, 560, 582, 605, 612, 592, 590, 573, 561, 580, 628, 515, 539, 584, 532, 580, 587, 542, 590, 610, 557, 577, 570, 600, 488, 513, 565, 554, 509, 562, 518, 492, 556, 606, 620, 580, 543, 579, 522, 479, 543, 527, 521, 438, 465, 497, 446, 448, 498, 552, 597, 585, 594, 613, 611, 514, 542, 543, 599, 610, 599, 574, 589, 575, 594, 562, 525, 562, 566, 497, 491, 586, 587, 466, 478, 542, 527, 535, 524, 595, 628, 605, 540, 620, 654, 639, 621, 575, 599, 555, 568, 640, 624, 556, 629, 646, 670, 566, 545, 576, 589, 580, 610, 669, 618, 723, 700, 692, 512, 696, 958, 880, 1937, 1947, 2651, 2177, 1470, 2184, 4675, 4517, 4642, 3215, 5679, 4552, 3286, 3649, 9848, 10470, 6706, 2477, 5983, 5543, 4101, 2825, 8605, 11280, 7709, 3360, 3734, 4966, 4105, 2619, 4974, 8468, 3427, 7034, 6996, 4143, 2901, 4131, 5053, 2307, 2023, 6290, 8301, 5094, 1629, 3756, 7798, 7224, 1229, 2928, 3332, 1757, 934, 1919, 3628, 3202, 1830, 4868, 4673, 1975, 957, 2789, 4107, 2436, 2746, 5188, 4549, 1827, 1328, 2835, 3835, 2395, 1849, 1997, 1977, 1363, 1191, 1509, 2601, 2321, 1242, 1287, 1693, 1217, 894, 1124, 2354, 2401, 936, 1289, 1496, 1033, 795, 1150, 2031, 1982, 868, 1131, 1375, 1125, 846, 964, 1630, 1603, 765, 889, 1116, 911, 594, 812, 1284, 1305, 683, 708, 737, 693, 624, 677, 812, 848, 548, 461, 518, 615, 521, 539, 576, 555, 574, 613, 665, 601, 545, 677, 620, 541, 543, 527, 654, 557, 516, 562, 589, 627, 803, 1251, 1193, 679, 657, 831, 824, 697, 959, 1491, 1410, 855, 831, 981, 1017, 757, 1023, 1451, 1326, 1080, 817, 1037, 1071, 819, 750, 1000, 1239, 1124, 702, 843, 1025, 873, 762, 1293, 2323, 2025, 856, 1256, 1468, 1223, 1017, 1998, 2909, 2161, 881, 1529, 1892, 1667, 1211, 1839, 1882, 1214, 983, 1237, 1497, 1201, 987, 1174, 1108, 950, 889, 870, 880, 782, 665, 833, 910, 820, 773, 760, 874, 645, 730, 844, 1026, 794, 756, 1083, 1127, 911, 1359, 1325, 1515, 1225, 756, 1460, 1384, 1088, 1358, 1154, 1448, 1257, 713, 1172, 1145, 1153, 912, 759, 903, 830, 640, 730, 689, 908, 547, 592, 667, 599, 581, 628, 563, 547, 762, 614, 587, 650, 669, 625, 657, 735, 749, 659, 682, 776, 683, 705, 796, 861, 864, 696, 805, 940, 844, 647, 730, 855, 903, 677, 669, 838, 832, 645, 690, 917, 726, 743, 770, 668, 674, 701, 681, 747, 740, 740, 1068, 1000, 733, 641, 855, 936, 795, 815, 1070, 1026, 704, 568, 846, 986, 795, 813, 751, 676, 679, 656, 739, 735, 695, 621, 595, 620, 729, 756, 707, 693, 716, 610, 616, 674, 686, 739, 695, 674, 777, 721, 830, 784, 645, 688, 800, 908, 680, 763, 813, 725, 564, 682, 778, 831, 543, 662, 805, 684, 639, 630, 659, 640, 588, 672, 720, 652, 721, 674, 554, 641, 624, 681, 646, 555, 657, 664, 694, 739, 645, 565, 562, 586, 593, 639, 607, 656, 659, 623, 614, 599, 464, 564, 608, 672, 523, 610, 608, 600, 533, 590, 645, 567, 608, 615, 567, 565, 669, 701, 619, 529, 691, 575, 566, 599, 614, 523, 589, 620, 624, 554, 566, 608, 538, 496, 605, 645, 598, 602, 653, 665, 668, 640, 695, 674, 630, 534, 492, 594, 614, 562, 608, 617, 573, 595, 672, 582, 588, 652, 666, 557, 605, 587, 574, 557, 504, 617, 698, 637, 592, 643, 594, 590, 547, 550, 657, 629, 616, 618, 601, 617, 575, 543, 551, 657, 600, 537, 530, 546, 423, 440, 481, 562, 633, 741, 656, 645, 641, 603, 700, 622, 661, 778, 829, 730, 649, 793, 847, 660, 872, 923, 978, 810, 724, 840, 896, 904, 982, 1004, 1171, 968, 744, 894, 1188, 1286, 858, 1213, 1438, 1084, 750, 1018, 1585, 1460, 738, 1097, 1213, 895, 626, 875, 1379, 1245, 619, 701, 706, 623, 571, 641, 796, 781, 537, 544, 526, 473, 424, 542, 570, 544, 498, 606, 603, 560, 593, 534, 563, 529, 523, 621, 689, 637, 569, 495, 483, 433, 617, 692, 624, 594, 575, 544, 470, 514, 623, 542, 519, 568, 615, 569, 494, 532, 632, 507, 519, 619, 633, 567, 555, 646, 655, 512, 497, 593, 500, 531, 508, 592, 568, 455, 602, 678, 488, 516, 562, 484, 439, 423, 452, 469, 419, 517, 529, 411, 343, 410, 395, 391, 467, 477, 474, 400, 515, 595, 494, 379, 538, 553, 541, 530, 515, 465, 402, 421, 417, 413, 447, 505]"
-0.018458425998687744,-0.09458403289318085,-0.21747471392154694,0.5896573066711426,-0.10787634551525116,-0.297972708940506,0.6445120573043823,-1.568110704421997,1.3689994812011719,25.0,-1.2938816547393799,1.3566970825195312,19.75,-0.48893284797668457,0.8119583129882812,25.5,-0.018294572830200195,1.9216060638427734,16.5,0.17024683952331543,1.7523765563964844,18.0,"[462, 578, 559, 637, 713, 636, 561, 577, 523, 536, 508, 585, 708, 636, 470, 498, 507, 494, 535, 477, 500, 587, 546, 524, 513, 520, 503, 520, 547, 510, 532, 529, 540, 528, 514, 566, 581, 564, 567, 536, 536, 569, 528, 462, 507, 548, 569, 534, 581, 559, 496, 436, 487, 523, 502, 553, 524, 593, 600, 433, 439, 527, 570, 573, 503, 558, 547, 463, 444, 479, 539, 520, 581, 616, 560, 468, 475, 515, 565, 539, 585, 584, 532, 544, 484, 492, 515, 550, 488, 510, 570, 547, 491, 485, 556, 549, 458, 578, 620, 559, 503, 507, 583, 525, 583, 639, 544, 542, 648, 647, 590, 554, 526, 530, 646, 576, 551, 674, 721, 642, 531, 607, 597, 538, 484, 546, 594, 616, 531, 543, 576, 602, 513, 570, 543, 522, 538, 540, 523, 607, 563, 573, 526, 510, 540, 575, 609, 632, 563, 603, 699, 589, 466, 554, 577, 591, 487, 533, 653, 526, 462, 495, 559, 562, 469, 536, 601, 514, 559, 645, 601, 539, 627, 573, 594, 601, 513, 503, 554, 531, 601, 590, 585, 602, 469, 503, 558, 486, 518, 582, 557, 528, 542, 598, 567, 461, 531, 569, 527, 546, 639, 775, 712, 540, 607, 627, 622, 588, 657, 713, 692, 604, 593, 561, 602, 589, 647, 691, 635, 573, 621, 567, 575, 585, 601, 606, 531, 554, 650, 649, 518, 454, 590, 588, 637, 616, 585, 660, 605, 579, 654, 659, 534, 599, 590, 594, 581, 542, 508, 500, 475, 515, 536, 566, 545, 515, 500, 485, 442, 586, 542, 540, 568, 546, 580, 665, 550, 523, 555, 664, 655, 547, 502, 539, 545, 537, 546, 542, 557, 540, 501, 546, 587, 561, 453, 452, 564, 553, 479, 503, 588, 593, 481, 479, 530, 488, 614, 658, 646, 602, 591, 570, 537, 469, 613, 604, 570, 640, 585, 584, 584, 536, 556, 563, 564, 660, 587, 597, 640, 555, 524, 498, 397, 575, 625, 517, 562, 563, 596, 641, 589, 572, 609, 612, 555, 532, 620, 552, 554, 541, 572, 621, 585, 573, 622, 504, 559, 653, 631, 544, 551, 672, 563, 493, 602, 666, 519, 503, 497, 554, 629, 457, 518, 619, 557, 567, 597, 640, 573, 537, 576, 585, 533, 567, 590, 622, 744, 807, 1016, 919, 666, 830, 1290, 1201, 2223, 2328, 3356, 2321, 1501, 2274, 5228, 5278, 4466, 3557, 5738, 4043, 2905, 3546, 9227, 9845, 5585, 3572, 6315, 4868, 3409, 3540, 9545, 10738, 7287, 4401, 8894, 6879, 3986, 4076, 11637, 13701, 6391, 7113, 12397, 8809, 3786, 5835, 14693, 15723, 3168, 8178, 11080, 6916, 2327, 5536, 11380, 10746, 1576, 5159, 6892, 4196, 1293, 3210, 6629, 6164, 1442, 2817, 3383, 1968, 1087, 2014, 3808, 3591, 1445, 3190, 3779, 2419, 995, 2290, 3575, 2970, 1239, 4076, 5890, 3884, 917, 2804, 5546, 5149, 1318, 5406, 6457, 3571, 996, 3516, 6239, 5131, 1100, 3342, 3589, 1860, 877, 2579, 3935, 2914, 859, 1054, 1054, 863, 741, 1080, 1248, 938, 943, 1868, 2108, 1247, 626, 1234, 1879, 1520, 873, 2064, 2075, 1075, 626, 1382, 2109, 1503, 817, 1161, 1062, 717, 600, 802, 1063, 895, 830, 1455, 1410, 749, 801, 906, 822, 743, 871, 1329, 1321, 776, 819, 943, 683, 677, 712, 912, 793, 692, 762, 871, 789, 719, 1029, 1576, 1342, 659, 962, 1177, 1054, 770, 981, 1340, 1280, 925, 904, 1175, 1166, 888, 962, 1027, 918, 1057, 1004, 945, 920, 837, 730, 754, 838, 880, 769, 717, 797, 782, 1198, 1262, 2005, 1971, 1128, 1254, 1387, 1329, 1703, 2008, 3087, 2895, 1424, 1878, 2083, 1556, 1303, 1812, 2401, 2225, 1133, 1222, 1686, 1121, 1885, 1813, 1838, 1775, 1423, 1936, 1635, 1657, 3476, 4153, 4990, 4642, 3456, 2933, 3096, 4011, 3154, 5111, 6382, 5795, 4000, 2714, 3647, 4294, 1485, 2651, 3588, 3265, 2056, 1432, 2045, 2069, 751, 915, 1256, 1156, 907, 753, 966, 892, 617, 840, 848, 796, 710, 665, 793, 680, 625, 638, 775, 748, 560, 685, 841, 764, 612, 568, 620, 700, 684, 578, 727, 834, 724, 673, 602, 664, 641, 608, 700, 688, 752, 867, 696, 541, 551, 712, 693, 665, 892, 791, 655, 726, 728, 656, 597, 831, 822, 783, 833, 754, 708, 669, 796, 834, 686, 801, 856, 703, 659, 692, 826, 775, 719, 909, 987, 739, 838, 898, 760, 759, 647, 969, 1133, 801, 787, 879, 902, 863, 509, 715, 898, 775, 639, 688, 762, 801, 756, 720, 720, 662, 662, 706, 699, 799, 819, 712, 659, 735, 676, 770, 807, 866, 958, 798, 727, 839, 806, 777, 825, 977, 716, 734, 696, 712, 806, 726, 589, 679, 623, 632, 651, 574, 683, 710, 617, 575, 542, 561, 573, 545, 616, 665, 701, 642, 474, 625, 664, 578, 548, 651, 736, 620, 561, 646, 619, 643, 608, 625, 693, 586, 649, 535, 652, 811, 690, 492, 657, 699, 589, 566, 682, 710, 661, 541, 608, 646, 596, 546, 581, 661, 611, 426, 528, 651, 596, 487, 583, 743, 659, 580, 689, 690, 596, 485, 578, 699, 708, 696, 871, 799, 802, 724, 646, 747, 858, 837, 945, 908, 769, 750, 780, 785, 758, 717, 816, 831, 732, 732, 710, 792, 708, 652, 765, 753, 704, 656, 652, 718, 624, 627, 780, 810, 752, 706, 814, 791, 634, 655, 944, 996, 725, 882, 963, 765, 619, 681, 885, 946, 744, 1038, 1079, 811, 663, 866, 1145, 1092, 623, 750, 879, 800, 571, 806, 1115, 1030, 589, 718, 846, 760, 633, 618, 652, 657, 586, 1525, 1767, 1056, 651, 1095, 1910, 1644, 553, 1535, 1593, 898, 559, 1269, 1946, 1487, 634, 799, 796, 607, 529, 750, 879, 711, 593, 473, 732, 693, 516, 481, 646, 762, 602, 594, 792, 744, 608, 559, 715, 824, 574, 582, 731, 689, 578, 504, 677, 737, 564, 687, 651, 608, 525, 500, 658, 609, 588, 583, 497, 482, 541, 591, 543, 441, 518, 572, 520, 488, 508, 552, 531, 429, 526, 590, 639, 592, 483, 510, 561, 525, 586, 431, 535, 656, 527, 371, 536, 622, 506, 470, 551, 512, 538, 528, 510, 586, 409, 432, 424, 393, 421, 495, 495, 449, 442, 470, 460, 393, 432, 518, 514, 447, 456, 457, 367, 354, 477, 548, 485, 389, 449, 405, 439, 424, 422, 470, 456, 426]"
0.001626487821340561,-0.11150605976581573,-0.32025790214538574,0.5840113162994385,-0.1424718052148819,-0.34146738052368164,0.5820903182029724,-0.7881267070770264,1.151418685913086,26.25,-0.7786853313446045,1.0708808898925781,23.0,-0.6772620677947998,1.0113716125488281,15.25,-0.512037992477417,0.9849071502685547,27.0,-0.5071742534637451,0.9505748748779297,16.25,"[504, 522, 594, 618, 578, 618, 595, 521, 581, 575, 608, 682, 610, 627, 633, 605, 493, 522, 541, 565, 596, 629, 575, 439, 450, 457, 488, 551, 527, 529, 579, 498, 510, 503, 565, 579, 459, 432, 496, 511, 498, 491, 557, 605, 527, 478, 557, 560, 506, 481, 493, 570, 551, 504, 516, 518, 560, 511, 552, 537, 519, 519, 490, 523, 493, 453, 521, 518, 492, 441, 440, 505, 494, 532, 553, 500, 485, 492, 469, 518, 450, 487, 466, 566, 521, 424, 543, 520, 531, 454, 488, 642, 562, 430, 552, 588, 474, 445, 468, 514, 576, 512, 477, 502, 533, 503, 529, 592, 639, 579, 513, 585, 577, 533, 511, 580, 573, 633, 622, 563, 624, 512, 454, 565, 652, 640, 548, 625, 604, 507, 618, 686, 592, 622, 669, 660, 559, 466, 593, 611, 507, 491, 620, 607, 519, 600, 521, 547, 544, 470, 510, 504, 577, 571, 627, 524, 578, 546, 491, 529, 650, 577, 576, 619, 602, 516, 578, 667, 621, 554, 575, 636, 633, 518, 621, 622, 599, 494, 524, 628, 616, 541, 572, 678, 539, 433, 544, 663, 593, 485, 614, 621, 541, 585, 564, 559, 517, 540, 548, 496, 679, 871, 655, 584, 655, 704, 739, 555, 766, 923, 715, 557, 718, 811, 741, 598, 533, 705, 658, 518, 580, 648, 646, 474, 517, 598, 567, 543, 588, 540, 505, 499, 618, 665, 546, 623, 589, 554, 598, 543, 521, 568, 589, 539, 466, 495, 612, 533, 455, 477, 592, 632, 637, 579, 543, 559, 471, 589, 485, 457, 623, 610, 533, 462, 625, 715, 605, 482, 594, 683, 659, 586, 541, 607, 598, 599, 589, 597, 736, 642, 507, 619, 599, 612, 522, 574, 685, 553, 486, 662, 644, 563, 559, 577, 549, 494, 569, 620, 585, 529, 643, 594, 502, 489, 571, 687, 699, 562, 579, 602, 584, 576, 575, 505, 662, 592, 594, 612, 659, 691, 449, 426, 523, 536, 475, 543, 593, 545, 602, 606, 531, 507, 584, 636, 602, 532, 610, 623, 573, 502, 540, 648, 647, 583, 564, 545, 577, 578, 583, 525, 610, 673, 550, 619, 624, 573, 564, 596, 758, 665, 1768, 1619, 2048, 1336, 1202, 1754, 3289, 3353, 3893, 3258, 4664, 3121, 2532, 3336, 7626, 8046, 3328, 2876, 4195, 3084, 2361, 2874, 6639, 6994, 2060, 2105, 2717, 2085, 1615, 2118, 3660, 3707, 6594, 5077, 7952, 5890, 4311, 4989, 11051, 12236, 10066, 8751, 14124, 10102, 6662, 8428, 20060, 21313, 6837, 7392, 11217, 8045, 4698, 6900, 16048, 16303, 2712, 3965, 5341, 3898, 1863, 3089, 6422, 6339, 1733, 2900, 3932, 2564, 1363, 2105, 3969, 3869, 2283, 4066, 4687, 2802, 1376, 3094, 5583, 4768, 3737, 8168, 9374, 4842, 1881, 5297, 9957, 8565, 3104, 8002, 9063, 4670, 1683, 5078, 9341, 7946, 1618, 4016, 4692, 2590, 935, 2676, 4918, 4196, 1125, 1833, 2237, 1381, 716, 1374, 2398, 2178, 846, 1084, 1183, 833, 648, 886, 1198, 1165, 707, 1030, 909, 692, 677, 958, 1032, 695, 792, 1258, 1182, 769, 606, 962, 1178, 862, 952, 1259, 1170, 755, 735, 870, 1003, 903, 960, 1408, 1405, 952, 722, 731, 752, 771, 832, 1396, 1344, 759, 544, 622, 886, 801, 1042, 1605, 1433, 769, 863, 1089, 1106, 821, 1095, 1719, 1572, 1008, 942, 1415, 1322, 868, 1037, 1416, 1658, 1237, 757, 1372, 1423, 1086, 862, 1077, 1213, 879, 689, 1112, 996, 871, 731, 672, 591, 605, 640, 700, 635, 610, 1610, 1836, 1176, 1036, 1072, 1499, 1558, 1066, 3311, 3788, 2343, 1779, 2022, 2538, 2636, 1787, 3567, 3388, 2465, 2400, 2401, 2334, 2008, 2395, 4435, 3048, 2965, 3659, 3025, 3408, 2046, 3336, 3672, 2515, 3058, 3694, 2739, 2710, 1899, 3100, 1568, 1417, 1619, 1824, 1470, 1260, 1096, 1545, 843, 819, 733, 766, 750, 879, 806, 737, 837, 935, 940, 900, 803, 968, 880, 774, 975, 1002, 1223, 1096, 842, 1018, 1094, 1061, 813, 830, 1042, 933, 847, 806, 1037, 1049, 624, 759, 883, 818, 853, 704, 714, 751, 619, 721, 750, 792, 773, 622, 662, 587, 737, 949, 856, 757, 742, 605, 709, 615, 798, 932, 870, 845, 747, 660, 791, 756, 746, 673, 641, 741, 611, 555, 626, 730, 696, 639, 715, 723, 606, 534, 559, 695, 691, 932, 978, 708, 586, 595, 562, 618, 617, 910, 1136, 836, 589, 625, 750, 722, 596, 756, 910, 778, 553, 555, 687, 666, 743, 679, 680, 824, 746, 592, 575, 677, 885, 754, 765, 837, 821, 688, 647, 796, 1195, 991, 858, 931, 1035, 804, 897, 1175, 1238, 887, 645, 700, 902, 822, 926, 1199, 922, 683, 692, 689, 760, 731, 794, 972, 700, 565, 620, 719, 657, 601, 703, 830, 693, 731, 732, 756, 663, 578, 697, 739, 704, 668, 680, 623, 693, 684, 687, 730, 655, 606, 725, 713, 667, 758, 784, 768, 585, 595, 671, 704, 730, 641, 629, 677, 652, 663, 564, 635, 712, 619, 568, 632, 682, 514, 554, 682, 813, 762, 701, 760, 694, 603, 848, 909, 808, 705, 860, 890, 744, 622, 748, 785, 709, 663, 751, 862, 912, 763, 997, 898, 681, 773, 1204, 1319, 1155, 829, 1319, 1166, 797, 805, 1669, 1940, 1137, 824, 1242, 1169, 867, 714, 1479, 1827, 888, 804, 1020, 917, 833, 671, 1300, 1505, 731, 971, 1237, 923, 688, 750, 1375, 1363, 749, 1030, 1352, 1086, 796, 818, 1359, 1413, 917, 1201, 1373, 959, 762, 930, 1126, 1089, 956, 1297, 1437, 968, 837, 884, 1189, 1238, 782, 1298, 1409, 903, 745, 835, 1241, 1119, 872, 1486, 1685, 1129, 739, 1047, 1514, 1387, 911, 921, 1283, 1090, 760, 885, 1318, 1390, 876, 725, 989, 901, 629, 667, 990, 1146, 872, 681, 786, 916, 726, 704, 973, 1035, 720, 760, 785, 785, 641, 780, 1027, 960, 630, 729, 681, 642, 666, 733, 820, 714, 469, 573, 553, 597, 613, 556, 590, 552, 450, 463, 498, 548, 574, 463, 551, 583, 566, 505, 536, 551, 520, 469, 577, 693, 561, 497, 617, 604, 584, 585, 582, 615, 482, 494, 572, 524, 482, 501, 568, 547, 445, 518, 534, 535, 525, 502, 554, 475, 433, 505, 554, 566, 362, 485, 637, 514, 512, 529, 583, 498, 436, 559, 557, 479, 511, 549, 573, 475, 418, 506, 474, 488, 451, 490, 500, 460, 385, 407, 432, 433]"
-0.07560747116804123,-0.28812891244888306,-0.45630311965942383,0.3542000353336334,-0.3082846403121948,-0.47605764865875244,0.28293466567993164,-0.7525386810302734,0.9026527404785156,20.0,-0.7508220672607422,0.9591579437255859,19.75,-0.417083740234375,0.7816314697265625,20.0,-0.35242462158203125,0.5526065826416016,19.0,-0.165313720703125,0.44960975646972656,16.5,"[592, 550, 551, 596, 536, 600, 552, 548, 593, 616, 573, 556, 575, 606, 598, 575, 531, 586, 568, 466, 520, 596, 588, 571, 546, 588, 429, 514, 616, 506, 412, 390, 511, 533, 450, 484, 590, 529, 494, 460, 503, 571, 537, 462, 535, 545, 497, 524, 507, 526, 444, 482, 630, 589, 457, 473, 497, 510, 477, 533, 541, 516, 599, 564, 446, 530, 586, 437, 468, 481, 575, 585, 437, 538, 599, 489, 473, 438, 583, 557, 534, 566, 575, 491, 531, 547, 515, 530, 600, 602, 646, 625, 536, 525, 510, 524, 608, 583, 590, 648, 571, 513, 534, 572, 626, 581, 597, 577, 521, 554, 557, 535, 463, 506, 596, 549, 500, 551, 524, 462, 541, 649, 643, 533, 581, 719, 674, 487, 445, 501, 494, 469, 462, 540, 536, 437, 568, 548, 498, 509, 520, 502, 548, 578, 590, 484, 439, 558, 600, 509, 503, 601, 515, 498, 528, 563, 537, 514, 588, 586, 540, 497, 505, 517, 552, 528, 511, 541, 592, 555, 650, 567, 541, 597, 626, 720, 551, 687, 649, 524, 575, 622, 630, 608, 623, 611, 653, 630, 538, 543, 584, 670, 577, 516, 508, 504, 533, 538, 463, 510, 692, 750, 573, 470, 551, 532, 591, 580, 736, 999, 770, 539, 599, 665, 708, 475, 711, 835, 755, 574, 527, 641, 623, 573, 549, 606, 605, 516, 476, 552, 551, 495, 600, 612, 555, 526, 529, 488, 497, 531, 636, 574, 525, 598, 588, 439, 434, 571, 530, 458, 606, 617, 479, 458, 601, 669, 495, 567, 579, 466, 439, 438, 484, 491, 588, 570, 507, 586, 550, 476, 447, 505, 628, 645, 547, 576, 618, 522, 506, 589, 605, 539, 508, 587, 609, 498, 490, 552, 474, 507, 522, 597, 531, 471, 482, 499, 622, 571, 488, 565, 694, 616, 490, 612, 638, 531, 512, 603, 670, 615, 574, 662, 586, 545, 613, 574, 586, 637, 666, 602, 540, 545, 581, 567, 537, 637, 571, 500, 676, 589, 626, 657, 678, 690, 659, 726, 1569, 975, 1571, 1343, 1129, 863, 1865, 2375, 3162, 1985, 3909, 3045, 1883, 1585, 4586, 5660, 2848, 2430, 4162, 3078, 1710, 1887, 4848, 5513, 1919, 1698, 2340, 1885, 1248, 1529, 2923, 3160, 1828, 1455, 2147, 1907, 1111, 1482, 2698, 2815, 4429, 2197, 4982, 4159, 2228, 1736, 5538, 7223, 7346, 4975, 10870, 8386, 3591, 3573, 12035, 14388, 5501, 6428, 11605, 8190, 2819, 4534, 12579, 13715, 2279, 4246, 6478, 4156, 1309, 2884, 7015, 7084, 1750, 2354, 3319, 2386, 1229, 1820, 3885, 3867, 1845, 3157, 3881, 2584, 1378, 2498, 3681, 2985, 1736, 5521, 6520, 3634, 1336, 3730, 4439, 3247, 1590, 5201, 6233, 3463, 1246, 2977, 3783, 3030, 1082, 3830, 4793, 2870, 948, 2490, 3850, 3109, 1333, 3461, 3827, 2176, 921, 2335, 3483, 2588, 1191, 3016, 3162, 1609, 818, 1683, 2711, 2094, 1211, 2883, 3121, 1676, 774, 1428, 2551, 2197, 1359, 2648, 2660, 1490, 842, 1484, 2346, 1900, 1007, 1738, 1568, 982, 720, 1119, 1482, 1112, 806, 1083, 1036, 844, 739, 858, 1071, 882, 1106, 1034, 997, 963, 883, 964, 976, 1002, 1108, 1128, 918, 902, 944, 970, 858, 911, 1078, 1434, 1157, 830, 935, 1125, 1143, 885, 1401, 2051, 1887, 1167, 1181, 1709, 1930, 1286, 1803, 2567, 2111, 1450, 1445, 1886, 2050, 1463, 2166, 2788, 2290, 1750, 1696, 1673, 1756, 1495, 5577, 7853, 8001, 5474, 3414, 5683, 6079, 4153, 9381, 14464, 14793, 8969, 4955, 9714, 10718, 7155, 8166, 13415, 13487, 7648, 4074, 7443, 8861, 6400, 3902, 6241, 6381, 3716, 2181, 2795, 3713, 3179, 1985, 2755, 2425, 1539, 1241, 1370, 1646, 1244, 2047, 3552, 3199, 1304, 1432, 1770, 2178, 1242, 1893, 3139, 2820, 1166, 1231, 1684, 1850, 1099, 1325, 1744, 1455, 807, 829, 1153, 1203, 755, 1105, 1093, 963, 828, 884, 877, 825, 939, 991, 1023, 1007, 850, 909, 877, 884, 979, 1000, 1202, 949, 863, 806, 954, 1050, 860, 814, 1053, 866, 760, 766, 935, 1033, 776, 588, 761, 787, 642, 627, 763, 730, 623, 613, 746, 778, 649, 689, 679, 623, 654, 690, 659, 717, 724, 610, 570, 711, 810, 750, 748, 753, 784, 658, 637, 806, 839, 765, 761, 907, 806, 767, 748, 749, 790, 900, 1015, 1029, 843, 943, 950, 841, 765, 865, 1024, 908, 791, 943, 885, 829, 772, 749, 783, 686, 697, 761, 743, 757, 732, 770, 761, 738, 722, 745, 739, 738, 736, 900, 836, 647, 720, 813, 686, 662, 798, 900, 897, 704, 692, 714, 737, 775, 859, 725, 731, 667, 641, 696, 665, 698, 747, 655, 700, 671, 641, 695, 567, 692, 755, 644, 787, 746, 686, 782, 695, 716, 702, 892, 880, 827, 753, 839, 861, 933, 978, 1038, 1013, 845, 813, 943, 962, 953, 1080, 881, 821, 815, 821, 884, 852, 864, 955, 614, 606, 666, 679, 704, 587, 630, 660, 670, 594, 696, 778, 749, 540, 751, 869, 917, 772, 775, 889, 817, 548, 889, 1137, 674, 664, 717, 672, 591, 536, 761, 840, 654, 672, 580, 607, 640, 627, 671, 680, 884, 656, 804, 859, 800, 823, 1415, 1493, 2033, 931, 1640, 1530, 1457, 1289, 3095, 3626, 2497, 1195, 2073, 1996, 1837, 1502, 3952, 4583, 1818, 983, 1714, 1731, 1461, 1153, 3239, 3639, 1161, 1024, 1265, 1174, 1010, 825, 1771, 1985, 1103, 2699, 2906, 1579, 796, 1536, 2683, 2246, 968, 2981, 3397, 1910, 756, 1845, 3203, 2620, 1016, 1913, 2149, 1364, 890, 1340, 2136, 1846, 1001, 1219, 1243, 947, 883, 1018, 1313, 1262, 1104, 831, 956, 928, 854, 827, 903, 1087, 893, 690, 829, 877, 778, 828, 871, 969, 699, 782, 953, 916, 692, 738, 900, 883, 726, 687, 812, 756, 660, 703, 781, 871, 801, 821, 805, 661, 630, 789, 722, 738, 745, 765, 890, 811, 571, 643, 713, 661, 615, 662, 866, 774, 600, 635, 684, 665, 557, 658, 778, 611, 492, 720, 822, 676, 541, 565, 699, 693, 535, 621, 809, 701, 531, 532, 577, 593, 572, 590, 530, 470, 540, 557, 612, 498, 551, 615, 626, 590, 540, 513, 601, 652, 545, 502, 663, 596, 456, 532, 639, 651, 489, 534, 726, 618, 403, 527, 563, 457, 380, 463, 613, 545, 421, 499, 582, 537, 401, 428, 504, 482, 486, 505, 580, 486, 419, 525, 570, 506, 366, 448, 530, 466, 397, 502, 611, 505]"
0.041894398629665375,0.14483261108398438,-0.3634079098701477,0.5402341485023499,0.29730695486068726,-0.3912697434425354,0.44408607482910156,-0.5723780393600464,0.5554676055908203,15.5,-0.506860613822937,0.5606174468994141,23.25,-0.4339045286178589,0.6870746612548828,15.5,-0.4278963804244995,0.4722118377685547,23.5,-0.11561572551727295,0.04792213439941406,21.5,"[557, 572, 559, 498, 582, 500, 561, 571, 518, 550, 527, 625, 602, 606, 630, 555, 579, 589, 452, 498, 617, 559, 576, 577, 661, 612, 527, 521, 531, 493, 480, 518, 579, 531, 531, 583, 540, 517, 579, 597, 500, 488, 581, 583, 535, 522, 528, 563, 518, 576, 600, 570, 569, 594, 449, 446, 474, 553, 577, 557, 538, 587, 566, 482, 528, 414, 502, 587, 555, 502, 511, 563, 599, 494, 604, 558, 489, 545, 649, 696, 505, 469, 552, 518, 568, 607, 560, 505, 487, 507, 548, 508, 553, 521, 526, 514, 551, 508, 506, 557, 544, 549, 558, 580, 545, 532, 544, 617, 621, 558, 588, 586, 670, 638, 530, 632, 670, 601, 554, 551, 584, 673, 649, 652, 686, 724, 679, 532, 555, 538, 599, 637, 603, 626, 635, 539, 548, 660, 661, 656, 561, 610, 660, 523, 545, 636, 630, 609, 665, 654, 624, 556, 572, 567, 544, 528, 564, 597, 583, 548, 508, 551, 549, 500, 493, 531, 494, 459, 603, 673, 649, 566, 561, 650, 572, 558, 573, 643, 700, 594, 536, 591, 531, 518, 605, 551, 598, 544, 517, 556, 543, 572, 558, 590, 488, 515, 518, 615, 636, 520, 722, 876, 729, 548, 595, 763, 772, 627, 805, 1008, 889, 646, 644, 747, 782, 685, 705, 746, 710, 698, 704, 692, 620, 592, 552, 630, 642, 655, 599, 540, 563, 586, 511, 617, 592, 609, 590, 555, 673, 624, 511, 508, 480, 560, 577, 519, 512, 520, 492, 468, 486, 536, 563, 455, 529, 539, 555, 505, 511, 573, 566, 536, 520, 545, 522, 485, 539, 596, 600, 509, 559, 595, 459, 455, 594, 638, 528, 469, 538, 554, 621, 515, 537, 559, 507, 506, 525, 548, 637, 555, 487, 567, 583, 496, 504, 559, 689, 632, 487, 589, 690, 586, 582, 652, 679, 681, 732, 676, 725, 624, 572, 706, 1830, 1578, 3123, 2654, 1298, 949, 2684, 3399, 3304, 4193, 8041, 6191, 1953, 2382, 7073, 8110, 3150, 4828, 8643, 6428, 1857, 2842, 7636, 8410, 2357, 3607, 6092, 4333, 1407, 2653, 6119, 6415, 1338, 2011, 3018, 2181, 1011, 1734, 3230, 3158, 1842, 1160, 2379, 2128, 1357, 1045, 2560, 3103, 2109, 2062, 3362, 2678, 1428, 1633, 3846, 4248, 2030, 3403, 4825, 3194, 1305, 2402, 5157, 5154, 2447, 5735, 7642, 4832, 1463, 3398, 6915, 6641, 2015, 5035, 6696, 4147, 1178, 2853, 5935, 5768, 933, 2475, 3149, 1844, 738, 1445, 2975, 2828, 1002, 2146, 2702, 1635, 633, 1371, 2731, 2559, 975, 1717, 2193, 1349, 703, 1182, 2060, 2105, 834, 1101, 1204, 851, 717, 918, 1207, 1085, 1151, 2026, 2040, 1367, 951, 1497, 2053, 1486, 1296, 2132, 2458, 1648, 848, 1748, 2164, 1627, 1740, 3854, 3860, 2015, 956, 2407, 3509, 2441, 2451, 6127, 6018, 2628, 1219, 3159, 5020, 3399, 2444, 5617, 5346, 2184, 1189, 2742, 4264, 2856, 1521, 2967, 2788, 1334, 867, 1494, 2255, 1598, 974, 1375, 1433, 905, 785, 1044, 1255, 1128, 796, 928, 913, 691, 687, 829, 874, 828, 644, 755, 768, 646, 577, 649, 807, 763, 705, 856, 787, 602, 615, 628, 744, 716, 780, 817, 701, 677, 671, 708, 721, 685, 1185, 1399, 1311, 1051, 963, 1003, 880, 882, 2241, 2830, 2845, 2211, 1901, 1758, 1622, 1802, 3000, 4091, 4675, 3540, 2260, 2320, 2612, 2690, 4060, 6465, 6915, 4326, 2846, 3789, 3781, 3141, 4377, 7145, 7093, 3751, 2759, 3777, 3624, 2717, 2837, 4774, 4440, 2119, 1710, 2284, 2426, 1750, 1896, 3278, 3044, 1419, 1307, 1588, 1758, 1195, 1860, 3358, 3021, 1391, 1463, 1710, 1842, 1094, 1900, 3330, 2708, 998, 1389, 1637, 1916, 903, 1619, 2739, 2191, 784, 1184, 1332, 1527, 921, 1202, 1838, 1663, 964, 992, 1075, 1119, 993, 1043, 1406, 1417, 988, 922, 1092, 1225, 1067, 919, 1252, 1304, 964, 739, 1105, 1435, 1163, 868, 990, 940, 847, 659, 776, 1026, 930, 926, 1064, 861, 743, 792, 798, 803, 691, 945, 1064, 983, 796, 756, 778, 807, 750, 684, 786, 900, 822, 653, 555, 719, 732, 940, 883, 804, 893, 893, 605, 752, 855, 1076, 858, 886, 1045, 897, 742, 929, 920, 916, 886, 893, 863, 840, 965, 952, 876, 936, 1017, 894, 789, 886, 891, 704, 749, 890, 865, 780, 907, 893, 750, 808, 724, 882, 947, 755, 892, 941, 719, 732, 704, 941, 942, 717, 760, 911, 849, 719, 695, 740, 738, 580, 662, 810, 753, 667, 693, 709, 635, 614, 711, 751, 705, 766, 790, 750, 677, 720, 826, 788, 661, 676, 833, 771, 733, 782, 781, 772, 716, 740, 829, 1040, 863, 702, 961, 931, 694, 794, 929, 898, 794, 770, 883, 797, 731, 902, 996, 904, 688, 679, 755, 791, 770, 814, 957, 759, 635, 673, 640, 665, 756, 901, 892, 799, 635, 662, 662, 660, 601, 702, 882, 743, 700, 714, 699, 777, 661, 703, 822, 868, 752, 745, 802, 793, 707, 779, 919, 876, 708, 676, 759, 744, 674, 819, 913, 638, 596, 757, 706, 648, 584, 814, 888, 660, 614, 701, 782, 748, 673, 755, 851, 791, 721, 882, 892, 718, 547, 844, 969, 1146, 1051, 1361, 1067, 670, 669, 1323, 1659, 1739, 1105, 1861, 1738, 1001, 768, 1589, 2377, 1971, 721, 1873, 2205, 1470, 685, 1782, 2675, 1243, 950, 1847, 1855, 1185, 899, 1925, 2229, 1257, 1290, 1541, 1203, 1060, 980, 1331, 1535, 1354, 1108, 1169, 1106, 1071, 841, 1354, 1748, 1000, 1027, 1072, 988, 824, 879, 1149, 1317, 1596, 1203, 1031, 1015, 1217, 1069, 1234, 1605, 1735, 1196, 964, 1119, 1225, 935, 1298, 1774, 1353, 923, 957, 1123, 1137, 861, 1073, 1453, 1193, 786, 885, 1055, 910, 652, 992, 1346, 1269, 992, 855, 885, 853, 785, 914, 1160, 1080, 827, 777, 995, 958, 865, 789, 947, 891, 678, 693, 1008, 806, 637, 739, 857, 795, 649, 702, 794, 679, 525, 606, 817, 591, 658, 669, 738, 632, 533, 629, 584, 813, 730, 588, 622, 641, 657, 634, 711, 655, 615, 560, 547, 497, 615, 574, 655, 587, 555, 489, 465, 548, 567, 597, 636, 552, 633, 609, 572, 620, 627, 662, 551, 616, 716, 647, 612, 581, 535, 586, 595, 564, 628, 559, 570, 471, 445, 549, 587, 487, 490, 476, 489, 465, 517, 542, 535, 402, 454, 479, 402, 395, 465, 475, 434, 416, 445, 474, 408, 371, 455, 529, 506]"
-0.2668207883834839,-0.008330494165420532,-0.15387892723083496,-0.11694282293319702,-0.12644240260124207,0.17185217142105103,-0.2486046552658081,-0.3228263854980469,-0.08912086486816406,17.5,-0.2367095947265625,0.23488998413085938,15.5,-0.2099590301513672,0.240325927734375,24.75,-0.17920303344726562,0.19326210021972656,25.0,-0.15073585510253906,0.14634132385253906,17.0,"[578, 581, 601, 566, 540, 559, 601, 582, 572, 637, 587, 632, 566, 519, 670, 620, 564, 588, 547, 617, 559, 521, 601, 584, 541, 569, 526, 550, 544, 499, 447, 482, 508, 485, 518, 517, 480, 518, 510, 506, 454, 422, 503, 492, 409, 463, 496, 468, 530, 529, 511, 476, 536, 523, 557, 576, 587, 550, 540, 489, 578, 524, 500, 580, 498, 554, 512, 367, 445, 522, 459, 392, 599, 570, 664, 564, 495, 579, 515, 535, 521, 549, 679, 542, 493, 552, 521, 558, 571, 593, 550, 528, 599, 539, 517, 562, 600, 547, 469, 572, 585, 502, 515, 563, 410, 525, 558, 522, 466, 520, 555, 446, 609, 576, 586, 614, 604, 581, 558, 532, 607, 534, 490, 557, 567, 521, 505, 581, 504, 577, 499, 452, 466, 482, 476, 447, 566, 676, 664, 638, 547, 619, 666, 587, 532, 641, 603, 591, 582, 576, 624, 563, 547, 523, 517, 568, 577, 466, 406, 514, 602, 484, 529, 566, 522, 494, 491, 600, 597, 677, 634, 486, 511, 608, 576, 557, 503, 512, 527, 526, 535, 573, 526, 507, 591, 504, 525, 601, 648, 633, 609, 589, 556, 550, 465, 499, 595, 573, 500, 521, 599, 675, 647, 521, 515, 529, 638, 693, 757, 993, 864, 572, 668, 686, 705, 645, 702, 790, 643, 585, 687, 613, 570, 524, 568, 551, 488, 530, 502, 480, 555, 554, 576, 575, 534, 577, 606, 566, 551, 573, 542, 562, 601, 571, 624, 635, 581, 625, 532, 511, 473, 587, 662, 598, 586, 587, 471, 543, 530, 478, 554, 537, 536, 530, 524, 608, 587, 580, 560, 548, 635, 568, 540, 634, 547, 438, 494, 551, 585, 514, 534, 557, 496, 529, 584, 581, 608, 542, 565, 660, 596, 536, 647, 636, 610, 524, 912, 1806, 1688, 915, 850, 1056, 1320, 975, 1692, 4344, 4437, 2169, 1224, 1992, 3025, 2194, 1905, 5185, 5280, 2456, 1386, 2357, 3626, 2625, 2052, 3524, 3879, 2641, 1527, 2181, 3498, 3171, 2902, 8286, 10466, 6142, 1981, 5263, 10094, 8912, 2763, 9719, 11889, 6681, 1567, 6583, 12217, 10303, 1828, 5742, 6974, 3991, 1137, 4035, 7022, 5799, 1100, 2278, 2531, 1514, 842, 1806, 2510, 1972, 782, 1116, 1105, 808, 668, 870, 1090, 916, 627, 730, 837, 786, 719, 584, 771, 782, 791, 1208, 1333, 942, 772, 795, 1180, 1157, 758, 1296, 1386, 882, 729, 819, 1268, 1200, 823, 1935, 2209, 1440, 829, 1146, 1809, 1609, 806, 2218, 2538, 1579, 815, 1303, 2168, 1891, 1302, 2773, 2698, 1430, 916, 1312, 2016, 1533, 4307, 8823, 7699, 2726, 2343, 3689, 5498, 2786, 7851, 16286, 14011, 4329, 4277, 6844, 10291, 5125, 7119, 17480, 16278, 5891, 3772, 7900, 12280, 7052, 5328, 14672, 14403, 5846, 2729, 7143, 10584, 6532, 3015, 7788, 7928, 3635, 1470, 4308, 5431, 3313, 1545, 3230, 3173, 1612, 1006, 1925, 2270, 1393, 949, 1433, 1389, 847, 766, 1006, 1029, 744, 826, 863, 821, 689, 760, 790, 728, 640, 1212, 1262, 1169, 908, 843, 1044, 924, 937, 2368, 2836, 2519, 1860, 1707, 1937, 1602, 1620, 4450, 6370, 5169, 2435, 2472, 2710, 2811, 2132, 4909, 7112, 5432, 1963, 2695, 2894, 2833, 1934, 3373, 4568, 3588, 1578, 2182, 2714, 2071, 1534, 3463, 4729, 3390, 1209, 2331, 2577, 2002, 1142, 3841, 5492, 4028, 1473, 2619, 2458, 1976, 1096, 2637, 3858, 2921, 1448, 1754, 1673, 1580, 1114, 1629, 2597, 2294, 1062, 1151, 1359, 1407, 990, 1243, 1907, 1786, 981, 978, 1136, 1207, 1005, 955, 1450, 1384, 917, 878, 1047, 1193, 967, 855, 1269, 1141, 748, 799, 934, 1043, 756, 924, 1216, 1073, 778, 735, 863, 789, 741, 931, 1090, 915, 732, 848, 820, 710, 674, 779, 1029, 956, 683, 723, 852, 783, 570, 762, 916, 860, 762, 762, 789, 812, 722, 766, 884, 751, 630, 655, 709, 742, 651, 721, 728, 648, 734, 725, 692, 680, 713, 745, 747, 776, 734, 655, 657, 766, 792, 720, 772, 736, 674, 670, 788, 864, 750, 771, 975, 829, 556, 814, 924, 826, 588, 950, 1257, 1051, 740, 1084, 1080, 886, 703, 1124, 1422, 1205, 1121, 1373, 1228, 909, 778, 1097, 1369, 1135, 1018, 1328, 1147, 881, 861, 793, 949, 856, 673, 725, 763, 769, 732, 867, 917, 889, 829, 781, 692, 780, 796, 776, 805, 755, 683, 717, 701, 636, 699, 636, 677, 756, 704, 636, 663, 684, 703, 633, 700, 660, 562, 505, 569, 648, 642, 739, 768, 770, 636, 620, 682, 717, 742, 768, 624, 726, 658, 628, 662, 725, 830, 681, 585, 626, 657, 624, 600, 675, 794, 670, 608, 716, 889, 678, 639, 778, 711, 1379, 1136, 1031, 1489, 1233, 1213, 1461, 1383, 2599, 1981, 1296, 2259, 1957, 1966, 2510, 2630, 2621, 2093, 1262, 2102, 1995, 1916, 2439, 2642, 1185, 1300, 1183, 1144, 1067, 1138, 1575, 1462, 786, 784, 947, 957, 624, 703, 1016, 990, 1016, 765, 717, 790, 737, 705, 710, 974, 1312, 1001, 815, 947, 887, 784, 810, 1192, 1493, 1440, 1012, 959, 964, 863, 1022, 1274, 1268, 1450, 1155, 879, 933, 1040, 1285, 1240, 1069, 1081, 1071, 943, 878, 850, 1158, 1352, 906, 1046, 1221, 1046, 714, 763, 1136, 1182, 1282, 1375, 2195, 2163, 1224, 1129, 2233, 2345, 2170, 1550, 2559, 2810, 1631, 1318, 2851, 3200, 1910, 1442, 1420, 1719, 1262, 1050, 1887, 2093, 1521, 1366, 1325, 1396, 1085, 1020, 1775, 1754, 1466, 1218, 1299, 1396, 1234, 1011, 1868, 2065, 1510, 1223, 1317, 1114, 974, 1176, 1910, 2037, 1329, 1038, 1286, 1273, 867, 988, 1594, 1707, 1609, 1151, 1285, 1344, 1052, 1094, 1590, 1837, 1579, 1404, 1236, 1144, 986, 1208, 1507, 1686, 1119, 1393, 1541, 1146, 938, 1265, 1633, 1394, 1470, 1691, 1706, 1386, 1035, 1540, 1902, 1397, 1144, 1552, 1445, 1091, 844, 1292, 1639, 1250, 963, 1067, 1497, 1298, 871, 930, 1464, 1508, 1011, 911, 1345, 1244, 904, 880, 1299, 1386, 1006, 832, 1075, 975, 730, 703, 969, 1054, 1154, 1195, 1180, 865, 805, 817, 1092, 1024, 1162, 1241, 1227, 898, 808, 887, 1173, 1109, 1002, 1042, 929, 722, 675, 732, 963, 976, 693, 607, 631, 576, 487, 583, 666, 704, 657, 504, 639, 659, 490, 580, 643, 722, 616, 583, 604, 595, 567, 568, 650, 666, 568, 548, 511, 497, 488, 586, 707, 631, 485, 472, 497, 420, 438, 538, 571, 524, 513, 520, 507, 507, 433, 483, 520, 455]"
-0.48254960775375366,-0.20354507863521576,-0.16319875419139862,-0.6408668756484985,-0.49461111426353455,0.3225107789039612,-0.8400841951370239,-0.4476388692855835,-0.6278514862060547,15.0,-0.4175981283187866,-0.5281448364257812,17.0,-0.35937631130218506,-0.6493091583251953,16.0,-0.32275521755218506,-0.6937980651855469,16.75,-0.28155648708343506,-0.6367206573486328,18.75,"[678, 625, 584, 666, 715, 666, 577, 630, 511, 572, 533, 556, 652, 693, 608, 526, 486, 578, 555, 604, 690, 679, 598, 493, 474, 550, 521, 523, 571, 571, 525, 496, 469, 562, 582, 473, 463, 558, 535, 485, 507, 576, 600, 505, 485, 634, 661, 495, 539, 573, 592, 640, 625, 568, 657, 594, 530, 481, 563, 484, 501, 455, 616, 647, 543, 496, 490, 523, 539, 605, 602, 632, 487, 437, 513, 496, 461, 529, 588, 578, 372, 465, 582, 520, 436, 444, 530, 511, 490, 432, 549, 611, 550, 466, 545, 609, 543, 470, 505, 566, 528, 524, 473, 525, 621, 592, 570, 573, 545, 579, 527, 525, 645, 598, 560, 592, 584, 596, 544, 624, 578, 567, 539, 541, 552, 524, 486, 584, 603, 567, 534, 492, 474, 516, 584, 600, 510, 525, 535, 573, 499, 432, 511, 511, 479, 502, 604, 690, 641, 604, 576, 529, 483, 524, 613, 617, 589, 592, 620, 582, 474, 534, 574, 573, 581, 521, 485, 545, 515, 592, 689, 631, 602, 629, 542, 576, 583, 624, 653, 622, 593, 681, 699, 587, 606, 669, 661, 582, 546, 630, 616, 530, 456, 481, 548, 567, 478, 495, 618, 583, 603, 556, 578, 560, 486, 541, 683, 714, 748, 783, 734, 656, 562, 646, 685, 685, 544, 659, 646, 567, 469, 607, 685, 531, 449, 524, 539, 535, 459, 449, 480, 448, 476, 474, 493, 579, 567, 563, 486, 503, 425, 481, 421, 463, 547, 449, 422, 444, 480, 500, 450, 499, 514, 454, 511, 538, 562, 488, 487, 527, 542, 461, 472, 597, 552, 517, 555, 480, 492, 549, 563, 584, 657, 531, 451, 514, 575, 555, 492, 587, 561, 474, 421, 514, 558, 532, 476, 481, 702, 848, 654, 583, 630, 567, 559, 517, 1270, 2443, 2147, 841, 811, 1100, 1389, 763, 1742, 3917, 3677, 1432, 1110, 1757, 2275, 1356, 1409, 2970, 2851, 1263, 1019, 1507, 1952, 1338, 1254, 2910, 3053, 1590, 936, 1614, 2177, 1511, 1298, 3459, 3611, 1890, 1174, 1664, 2627, 1935, 1764, 5829, 6074, 2671, 1447, 2296, 4227, 3181, 2408, 7454, 7498, 3055, 1430, 3076, 5511, 3802, 1980, 5147, 4984, 2001, 1067, 2249, 3784, 2581, 1203, 2623, 2478, 1094, 754, 1164, 1810, 1335, 922, 1509, 1437, 946, 791, 755, 1011, 882, 724, 1160, 988, 660, 706, 726, 971, 737, 1552, 2456, 2005, 863, 1084, 1145, 1405, 744, 4503, 8271, 6711, 1762, 2885, 3420, 4192, 1662, 6469, 12436, 10287, 2439, 4153, 4927, 6412, 2527, 3950, 7829, 6614, 1840, 2688, 3037, 4202, 1949, 1779, 2841, 2333, 950, 1197, 1344, 1692, 1085, 2248, 3999, 3091, 838, 1394, 1481, 2164, 1004, 3457, 6203, 4882, 1161, 2002, 2338, 3121, 1088, 2439, 4395, 3565, 1069, 1405, 1672, 2231, 894, 1799, 2718, 2187, 951, 1409, 1631, 1254, 857, 3581, 4904, 3549, 1641, 2960, 3189, 2078, 1287, 4859, 6375, 4262, 1948, 3755, 3769, 2511, 1678, 5452, 7072, 4425, 1731, 3909, 3520, 2408, 1895, 4662, 6314, 4292, 1627, 3465, 3152, 2152, 1776, 2245, 2951, 2402, 1282, 1838, 1823, 1391, 1238, 1231, 1798, 1659, 895, 1062, 1178, 952, 768, 1354, 2138, 1753, 727, 1209, 1162, 816, 664, 1137, 1858, 1605, 728, 1150, 1177, 860, 585, 961, 1995, 1999, 969, 998, 1397, 1204, 796, 1046, 2184, 2180, 951, 1071, 1512, 1294, 806, 973, 1624, 1623, 896, 985, 1187, 1133, 872, 956, 1392, 1238, 729, 869, 903, 880, 761, 907, 1330, 1172, 703, 800, 890, 757, 653, 748, 1054, 1017, 642, 706, 841, 537, 532, 579, 768, 975, 811, 542, 612, 565, 585, 663, 861, 881, 749, 605, 588, 632, 617, 768, 823, 842, 689, 620, 686, 711, 716, 737, 752, 755, 729, 709, 737, 710, 682, 720, 839, 732, 714, 800, 764, 736, 683, 665, 885, 720, 615, 780, 773, 672, 575, 764, 1013, 906, 809, 925, 937, 794, 736, 887, 1098, 958, 822, 933, 1050, 877, 736, 718, 1002, 911, 783, 859, 944, 755, 655, 855, 822, 849, 861, 797, 929, 868, 756, 912, 813, 993, 1064, 800, 1030, 1011, 860, 869, 829, 990, 965, 802, 952, 928, 812, 820, 834, 718, 723, 664, 745, 775, 628, 862, 814, 712, 721, 710, 757, 755, 762, 896, 942, 786, 817, 818, 951, 978, 806, 1420, 1324, 943, 922, 987, 1200, 1146, 1056, 1384, 1193, 882, 880, 869, 1193, 1118, 1128, 952, 905, 734, 688, 789, 1005, 908, 782, 791, 901, 924, 736, 678, 857, 843, 667, 738, 819, 758, 690, 637, 708, 793, 638, 708, 683, 707, 794, 679, 662, 725, 705, 660, 632, 771, 803, 611, 540, 745, 801, 730, 791, 739, 713, 676, 667, 662, 662, 738, 806, 766, 753, 743, 785, 704, 667, 873, 1014, 825, 632, 899, 1032, 932, 731, 1057, 1061, 831, 779, 902, 1057, 1121, 1000, 987, 949, 809, 762, 702, 944, 1141, 1052, 877, 829, 730, 622, 551, 766, 917, 877, 672, 830, 939, 844, 693, 861, 965, 764, 915, 910, 900, 933, 781, 957, 1141, 997, 965, 1032, 859, 768, 753, 984, 1207, 1064, 946, 1063, 910, 629, 752, 1042, 1155, 919, 916, 1037, 916, 623, 726, 986, 990, 759, 831, 1045, 1064, 769, 631, 951, 1177, 913, 1175, 1960, 2324, 1417, 744, 1408, 2358, 2191, 1441, 3072, 3873, 2329, 907, 2083, 4023, 3760, 1250, 2630, 3278, 1957, 829, 1965, 3338, 2995, 1291, 1816, 2042, 1310, 850, 1552, 2284, 2068, 1552, 1716, 1880, 1434, 1004, 1394, 2050, 1934, 1478, 1598, 1831, 1411, 980, 1045, 1570, 1668, 1024, 1284, 1336, 1142, 796, 888, 1107, 1100, 1346, 1492, 1694, 1341, 959, 1277, 1891, 1922, 1420, 1537, 1885, 1484, 944, 1333, 1948, 2021, 1207, 1536, 1744, 1214, 838, 1136, 1610, 1588, 1135, 1550, 1646, 1078, 728, 1070, 1326, 1141, 712, 1212, 1243, 796, 640, 821, 1076, 906, 802, 1126, 1044, 726, 689, 907, 999, 835, 769, 949, 1047, 877, 695, 913, 1048, 877, 697, 788, 960, 872, 609, 827, 1015, 892, 741, 706, 732, 695, 660, 804, 786, 741, 871, 704, 629, 632, 758, 899, 737, 796, 864, 702, 703, 725, 574, 685, 655, 772, 682, 630, 689, 730, 613, 574, 584, 667, 479, 604, 617, 536, 498, 462, 544, 550, 515, 609, 537, 536, 535, 506, 531, 543, 611, 571, 481, 452, 445, 612, 612, 545, 519, 500, 474, 477, 478, 539, 596, 502]"
-0.5109332203865051,-0.2742827236652374,-0.4173869788646698,-0.5750280022621155,-0.44186103343963623,-0.11524391174316406,-0.6167731881141663,-0.33233392238616943,-0.7731914520263672,16.5,-0.031354308128356934,0.19598007202148438,17.0,0.4098154306411743,2.730703353881836,18.25,1.0737158060073853,2.103710174560547,20.75,1.7926908731460571,0.49309730529785156,17.25,"[524, 559, 638, 617, 556, 615, 638, 564, 544, 532, 538, 587, 560, 622, 683, 585, 530, 488, 541, 610, 617, 549, 587, 585, 498, 497, 516, 539, 520, 603, 602, 501, 407, 450, 491, 458, 466, 576, 614, 473, 488, 494, 531, 534, 535, 592, 517, 410, 576, 511, 435, 556, 591, 526, 509, 574, 558, 596, 572, 542, 562, 506, 525, 537, 543, 601, 504, 606, 707, 603, 562, 505, 504, 555, 483, 520, 572, 547, 572, 475, 539, 528, 439, 487, 494, 401, 529, 583, 614, 473, 452, 564, 555, 557, 566, 650, 506, 508, 521, 525, 469, 427, 525, 552, 560, 513, 499, 581, 559, 517, 553, 585, 545, 520, 485, 519, 544, 568, 536, 540, 630, 602, 561, 502, 542, 624, 555, 588, 537, 564, 558, 473, 487, 563, 567, 536, 535, 478, 434, 447, 473, 542, 562, 531, 631, 590, 571, 585, 542, 558, 614, 589, 669, 615, 579, 547, 576, 539, 566, 628, 553, 497, 483, 544, 610, 520, 510, 569, 593, 649, 571, 519, 556, 609, 606, 535, 551, 628, 657, 589, 561, 554, 581, 570, 487, 557, 583, 566, 524, 615, 577, 463, 495, 530, 556, 566, 471, 538, 681, 535, 601, 598, 588, 570, 545, 631, 642, 626, 675, 715, 653, 547, 488, 611, 629, 613, 597, 578, 537, 517, 462, 486, 570, 558, 470, 577, 591, 497, 432, 469, 589, 517, 454, 501, 576, 512, 431, 482, 491, 488, 529, 485, 574, 606, 612, 479, 464, 604, 561, 488, 554, 545, 546, 552, 475, 587, 457, 523, 538, 478, 496, 564, 536, 418, 615, 550, 541, 607, 572, 591, 558, 571, 528, 448, 492, 543, 424, 529, 547, 468, 593, 522, 490, 546, 501, 505, 527, 506, 716, 1140, 1015, 609, 696, 776, 811, 590, 2343, 4992, 4431, 1290, 1893, 2395, 2379, 1215, 3958, 8293, 7354, 2098, 3018, 3696, 3659, 1795, 2765, 5768, 5195, 1622, 2116, 2487, 2287, 1271, 966, 1643, 1431, 722, 827, 802, 861, 704, 1819, 3863, 3667, 1411, 1291, 1827, 1988, 1174, 3254, 8024, 7671, 2802, 2199, 3053, 4202, 2518, 3388, 8456, 7990, 2992, 2076, 2948, 5142, 3202, 2191, 5153, 4745, 1789, 1327, 2181, 3505, 2255, 1101, 2286, 2079, 851, 818, 1280, 1619, 997, 1077, 1695, 1432, 652, 834, 905, 953, 683, 1179, 1859, 1520, 764, 905, 928, 981, 663, 1067, 1982, 1654, 664, 838, 894, 1073, 679, 1002, 1858, 1650, 698, 720, 873, 1029, 608, 1089, 1836, 1594, 743, 754, 962, 1051, 670, 1122, 1559, 1224, 569, 821, 869, 931, 663, 965, 1386, 1229, 634, 811, 898, 945, 838, 1117, 1875, 1903, 916, 938, 1139, 1093, 1036, 1464, 2489, 2229, 1153, 1370, 1524, 1240, 908, 2523, 3843, 2773, 1025, 2302, 2307, 1536, 857, 2386, 3255, 2158, 785, 1748, 1669, 1328, 741, 2700, 3487, 2192, 966, 2190, 2012, 1329, 1076, 2536, 3662, 2672, 1025, 2528, 2564, 1604, 1094, 1696, 2984, 2563, 766, 1870, 2179, 1421, 855, 1140, 2199, 2008, 717, 1213, 1499, 1058, 729, 888, 1273, 1006, 553, 887, 932, 795, 550, 772, 932, 825, 589, 740, 884, 715, 593, 929, 1149, 950, 676, 911, 775, 624, 601, 861, 1186, 981, 652, 834, 801, 780, 576, 821, 1071, 986, 784, 709, 707, 760, 638, 856, 1162, 1119, 873, 725, 775, 741, 727, 890, 1189, 1207, 785, 807, 963, 740, 688, 922, 1064, 1002, 760, 800, 876, 672, 661, 871, 1013, 827, 632, 780, 744, 620, 634, 817, 959, 818, 641, 704, 654, 637, 609, 692, 838, 780, 699, 728, 707, 635, 518, 617, 782, 782, 664, 584, 606, 634, 542, 623, 728, 878, 758, 622, 619, 684, 672, 625, 757, 804, 749, 682, 697, 766, 684, 719, 725, 608, 774, 846, 741, 733, 676, 758, 744, 668, 750, 777, 641, 605, 687, 767, 775, 792, 742, 690, 675, 715, 710, 713, 714, 777, 706, 664, 741, 768, 691, 596, 649, 697, 565, 534, 599, 666, 603, 652, 731, 665, 539, 494, 542, 592, 552, 600, 683, 625, 533, 478, 578, 590, 554, 724, 662, 600, 546, 529, 669, 688, 704, 712, 697, 567, 565, 647, 635, 509, 556, 638, 602, 559, 543, 528, 616, 642, 545, 715, 685, 586, 694, 717, 701, 782, 622, 805, 1054, 850, 679, 710, 756, 870, 667, 865, 1170, 1034, 781, 724, 846, 866, 668, 737, 765, 794, 700, 684, 717, 669, 690, 724, 757, 682, 623, 716, 650, 632, 669, 590, 752, 729, 551, 564, 672, 657, 602, 540, 647, 682, 585, 635, 755, 655, 511, 512, 519, 594, 562, 621, 610, 543, 553, 615, 605, 628, 630, 651, 660, 659, 639, 619, 659, 688, 668, 594, 675, 644, 614, 627, 620, 593, 614, 557, 564, 521, 519, 516, 540, 527, 469, 472, 457, 481, 532, 875, 819, 647, 533, 692, 770, 787, 825, 971, 819, 723, 619, 698, 830, 795, 863, 824, 763, 686, 624, 668, 775, 794, 818, 639, 601, 537, 624, 613, 666, 817, 744, 530, 620, 638, 693, 650, 681, 765, 620, 728, 869, 793, 664, 699, 802, 775, 585, 633, 844, 857, 647, 752, 893, 770, 659, 799, 769, 896, 731, 841, 998, 787, 763, 1363, 1335, 1588, 1102, 990, 1337, 1774, 1856, 2432, 2907, 3898, 2455, 1529, 2869, 5024, 5027, 3031, 4629, 6083, 3646, 1835, 4207, 7727, 7476, 2529, 4235, 5116, 2950, 1437, 3555, 6184, 5716, 1816, 2209, 2243, 1531, 1028, 1760, 2416, 2281, 1214, 1373, 1383, 1198, 974, 1390, 1556, 1301, 1127, 1298, 1688, 1482, 975, 1384, 1570, 1436, 712, 1197, 1569, 1203, 730, 1031, 1256, 1163, 736, 999, 1064, 759, 682, 862, 908, 692, 887, 956, 966, 803, 784, 934, 946, 910, 799, 940, 1109, 855, 683, 748, 827, 1035, 801, 954, 939, 677, 669, 834, 789, 806, 841, 959, 1027, 833, 672, 836, 962, 834, 726, 764, 862, 800, 637, 708, 929, 870, 708, 721, 724, 753, 623, 730, 821, 715, 722, 674, 589, 634, 744, 740, 701, 598, 746, 683, 707, 574, 697, 733, 648, 735, 664, 668, 644, 584, 584, 569, 596, 631, 610, 705, 692, 570, 563, 574, 719, 693, 494, 727, 725, 539, 517, 605, 827, 759, 461, 664, 696, 471, 488, 572, 664, 574, 470, 573, 534, 432, 447, 562, 615, 508, 476, 416, 449, 471, 411, 456, 463, 440]"
-0.5928758978843689,-0.3315156102180481,-0.95867919921875,-0.5984896421432495,-0.23699498176574707,-0.9752006530761719,-0.4599146246910095,-0.6227098703384399,-0.8361339569091797,21.5,-0.41528570652008057,-0.7611751556396484,16.5,-0.39497244358062744,-0.8318424224853516,28.5,-0.318153977394104,-0.7916450500488281,31.0,-0.1723848581314087,-0.6537437438964844,24.75,"[619, 671, 675, 708, 745, 709, 675, 671, 526, 639, 620, 670, 722, 777, 704, 608, 569, 628, 542, 574, 648, 654, 551, 500, 519, 501, 502, 539, 541, 466, 477, 481, 521, 460, 499, 527, 468, 472, 490, 514, 497, 544, 454, 438, 469, 488, 494, 464, 418, 468, 486, 476, 472, 469, 418, 375, 579, 538, 494, 587, 546, 501, 515, 583, 526, 543, 525, 496, 438, 412, 464, 561, 618, 567, 544, 536, 510, 515, 506, 542, 608, 529, 510, 590, 567, 578, 547, 601, 534, 474, 537, 532, 531, 466, 517, 605, 445, 573, 603, 511, 488, 550, 577, 529, 527, 569, 526, 548, 489, 545, 556, 484, 570, 559, 568, 598, 547, 579, 609, 592, 569, 520, 562, 582, 604, 583, 560, 565, 519, 491, 565, 517, 487, 513, 573, 600, 460, 534, 567, 476, 519, 589, 486, 483, 545, 604, 606, 536, 572, 599, 587, 618, 640, 610, 601, 578, 575, 619, 588, 694, 601, 655, 561, 528, 547, 500, 511, 550, 593, 616, 610, 518, 518, 540, 574, 560, 632, 688, 595, 454, 613, 712, 611, 594, 533, 664, 678, 596, 571, 701, 699, 573, 597, 642, 574, 512, 475, 569, 577, 491, 601, 641, 582, 576, 528, 582, 530, 554, 638, 674, 717, 641, 534, 672, 634, 559, 620, 586, 695, 667, 549, 651, 584, 508, 530, 546, 589, 569, 512, 553, 515, 529, 605, 581, 478, 575, 566, 539, 572, 550, 581, 556, 557, 511, 574, 620, 581, 532, 638, 608, 554, 546, 709, 648, 441, 555, 627, 567, 599, 591, 626, 628, 533, 527, 583, 625, 601, 511, 574, 586, 495, 553, 823, 1025, 909, 631, 785, 746, 685, 612, 2321, 3819, 2931, 741, 1791, 1708, 1602, 672, 4349, 7198, 5320, 752, 3121, 2859, 2894, 776, 3654, 5603, 3965, 607, 2399, 2286, 2152, 707, 2687, 3991, 2837, 638, 1712, 1781, 1698, 660, 10079, 17145, 12960, 2213, 5946, 6289, 8214, 2022, 21483, 37342, 28573, 4979, 12537, 13660, 18523, 5076, 18479, 32306, 24867, 4460, 10828, 11688, 15961, 4782, 6140, 10627, 8292, 1947, 3648, 3777, 5138, 2248, 1698, 2261, 1936, 983, 1129, 1363, 1489, 1172, 1426, 1944, 1709, 854, 992, 1105, 1120, 852, 1553, 2335, 1957, 842, 1100, 1334, 1283, 911, 1572, 2646, 2137, 698, 1092, 1456, 1639, 864, 1156, 1907, 1500, 581, 741, 947, 1233, 687, 1019, 1582, 1261, 592, 730, 793, 969, 627, 2758, 4359, 3202, 929, 2083, 2155, 2165, 909, 4623, 7544, 5621, 1381, 3289, 3295, 3479, 1238, 3562, 6022, 4694, 1242, 2443, 2641, 2996, 1257, 1826, 2959, 2448, 1021, 1340, 1595, 1855, 986, 1775, 2397, 1677, 1049, 1826, 1729, 1200, 946, 1721, 2398, 1797, 1003, 1861, 1742, 1062, 972, 1192, 1819, 1482, 648, 1089, 1215, 963, 701, 2403, 4198, 3521, 924, 2053, 2772, 2034, 707, 4527, 7979, 6567, 1422, 4105, 4860, 2921, 1046, 3135, 5538, 4690, 1440, 2846, 3194, 1800, 1075, 1270, 2045, 1894, 1104, 1290, 1330, 780, 806, 1418, 2291, 1896, 815, 1407, 1428, 841, 805, 1947, 3448, 2873, 919, 1874, 1955, 1035, 831, 1642, 2976, 2576, 862, 1628, 1880, 1113, 694, 1026, 1634, 1576, 717, 856, 1267, 1076, 738, 859, 1433, 1450, 850, 795, 1038, 917, 733, 798, 1133, 1217, 837, 805, 886, 803, 746, 725, 847, 863, 760, 768, 754, 683, 682, 713, 796, 702, 585, 580, 636, 642, 650, 642, 764, 716, 629, 580, 650, 620, 578, 652, 711, 660, 569, 649, 610, 500, 549, 664, 634, 540, 503, 612, 652, 587, 553, 598, 655, 665, 587, 604, 638, 590, 658, 598, 769, 722, 645, 639, 640, 610, 593, 677, 850, 721, 590, 633, 646, 642, 580, 748, 834, 683, 736, 739, 737, 729, 654, 726, 873, 742, 855, 858, 833, 799, 625, 693, 766, 735, 696, 799, 912, 850, 677, 726, 817, 713, 641, 730, 869, 820, 677, 717, 744, 592, 614, 631, 693, 685, 565, 762, 714, 655, 600, 611, 597, 634, 750, 658, 745, 753, 675, 565, 672, 621, 645, 607, 655, 716, 606, 565, 668, 698, 671, 490, 648, 719, 570, 642, 685, 671, 582, 727, 835, 898, 680, 695, 864, 792, 693, 940, 950, 864, 708, 710, 859, 879, 811, 941, 927, 776, 596, 698, 899, 935, 885, 1058, 914, 1028, 929, 789, 1102, 972, 904, 1285, 1152, 1388, 1098, 1034, 1731, 1352, 829, 1442, 1399, 1685, 1167, 1184, 2203, 1741, 787, 1320, 1113, 1543, 1274, 1050, 1897, 1635, 863, 1042, 851, 1034, 955, 866, 1291, 1104, 795, 890, 769, 784, 820, 710, 960, 844, 670, 686, 651, 729, 674, 634, 850, 754, 570, 659, 645, 697, 605, 628, 699, 664, 648, 726, 646, 567, 601, 710, 693, 540, 681, 740, 606, 571, 610, 618, 579, 529, 693, 756, 703, 702, 557, 695, 816, 760, 735, 1174, 994, 1009, 790, 1114, 1499, 1384, 1300, 1496, 1291, 1185, 1058, 1264, 1766, 1756, 1531, 1012, 956, 1028, 943, 942, 1315, 1374, 1089, 844, 752, 740, 728, 682, 828, 833, 790, 732, 621, 634, 613, 641, 647, 642, 670, 569, 732, 706, 578, 606, 672, 714, 626, 712, 928, 851, 607, 646, 842, 910, 681, 867, 901, 831, 813, 690, 822, 927, 885, 1285, 1518, 1310, 1073, 899, 1197, 1525, 1282, 1669, 2416, 2154, 1605, 1104, 2113, 2917, 2086, 1498, 2393, 2105, 1254, 1105, 1945, 2583, 1890, 883, 957, 881, 751, 798, 889, 796, 802, 892, 1145, 1038, 827, 835, 1303, 1840, 1589, 881, 1096, 917, 746, 742, 1087, 1340, 1088, 991, 947, 789, 822, 655, 884, 1052, 961, 825, 1034, 866, 847, 822, 1152, 1414, 1101, 810, 1177, 972, 629, 791, 1232, 1269, 888, 1051, 1370, 1198, 845, 767, 1122, 1200, 640, 1165, 1432, 1113, 782, 787, 1107, 1176, 851, 1149, 1153, 989, 749, 860, 1161, 1217, 1017, 1401, 1497, 1360, 1019, 945, 1372, 1418, 1195, 1294, 1136, 1169, 1101, 829, 1146, 1216, 1138, 941, 793, 808, 795, 631, 831, 1041, 1033, 891, 805, 859, 778, 795, 908, 939, 948, 806, 738, 706, 596, 744, 903, 851, 823, 711, 807, 927, 755, 577, 939, 819, 731, 726, 758, 901, 824, 671, 903, 732, 645, 623, 581, 691, 599, 497, 732, 686, 557, 549, 536, 600, 586, 469, 630, 618, 570, 547, 653, 715, 711, 559, 601, 660, 551, 587, 543, 618, 592, 513, 567, 523, 513]"
-0.626321017742157,-0.1924343705177307,-1.3368189334869385,-0.4911859631538391,0.16881340742111206,-1.4514117240905762,-0.17101752758026123,-0.7556264400482178,-0.9162425994873047,19.0,-0.15767264366149902,-0.5131244659423828,16.25,0.0823671817779541,-0.8603096008300781,15.75,0.0823671817779541,-0.4368782043457031,16.0,0.14974427223205566,-0.8028030395507812,16.75,"[608, 597, 644, 664, 793, 666, 648, 592, 528, 582, 598, 615, 706, 713, 657, 609, 520, 539, 485, 491, 561, 584, 498, 486, 582, 545, 477, 543, 610, 538, 469, 516, 481, 459, 456, 524, 502, 439, 450, 467, 436, 448, 444, 396, 468, 522, 539, 445, 465, 426, 440, 475, 526, 466, 490, 500, 528, 512, 553, 525, 522, 563, 547, 527, 547, 554, 504, 516, 521, 585, 499, 442, 583, 574, 541, 550, 601, 521, 497, 518, 477, 543, 549, 505, 501, 510, 464, 478, 521, 545, 517, 502, 482, 502, 531, 519, 521, 568, 503, 430, 502, 535, 551, 474, 688, 619, 465, 512, 638, 603, 540, 650, 696, 560, 457, 540, 634, 593, 476, 589, 527, 557, 521, 577, 657, 506, 526, 586, 518, 501, 453, 482, 516, 498, 529, 538, 529, 524, 533, 556, 542, 537, 545, 519, 547, 610, 568, 591, 648, 645, 567, 518, 647, 555, 536, 667, 683, 602, 582, 645, 626, 511, 476, 624, 689, 653, 585, 576, 511, 540, 571, 542, 556, 631, 618, 533, 497, 468, 527, 560, 479, 559, 538, 509, 476, 451, 589, 600, 466, 485, 502, 559, 539, 532, 498, 546, 487, 472, 488, 499, 554, 553, 584, 568, 486, 562, 645, 649, 654, 630, 629, 585, 625, 736, 737, 718, 541, 591, 623, 558, 533, 645, 730, 663, 556, 538, 616, 543, 440, 538, 540, 572, 524, 527, 594, 557, 494, 607, 628, 565, 554, 612, 512, 507, 564, 617, 677, 623, 746, 912, 697, 463, 655, 721, 691, 586, 3274, 4818, 3235, 507, 1785, 2009, 2342, 602, 7296, 10748, 7152, 732, 3600, 4083, 4937, 781, 6548, 9465, 6099, 594, 3140, 3733, 4519, 688, 2611, 3584, 2253, 599, 1369, 1714, 1965, 708, 1451, 2197, 1854, 809, 966, 1152, 1376, 810, 4608, 7152, 5484, 1984, 2315, 3384, 4379, 2402, 7518, 12151, 9319, 3265, 3180, 5610, 7768, 4383, 5689, 9023, 6888, 2546, 2103, 4400, 6231, 3838, 2205, 2818, 1984, 1044, 1067, 1701, 2252, 1717, 1544, 2661, 2279, 857, 1103, 1524, 1896, 1096, 1828, 3162, 2515, 809, 1102, 1504, 2024, 1006, 1874, 3089, 2464, 876, 1026, 1184, 1646, 918, 1733, 2875, 2431, 1116, 1084, 1451, 1712, 1112, 4137, 7838, 6522, 1746, 2991, 3670, 4031, 1957, 8973, 17077, 13972, 2822, 6600, 7245, 7854, 3056, 8431, 15340, 12217, 2285, 6061, 6285, 6931, 2540, 4055, 6761, 5144, 1176, 2498, 2799, 3250, 1227, 2007, 3002, 2284, 899, 1271, 1425, 1654, 875, 1421, 2014, 1589, 762, 1167, 1483, 1374, 724, 1078, 1439, 1167, 723, 869, 1071, 979, 683, 1087, 1299, 950, 714, 1046, 814, 675, 677, 1741, 2229, 1482, 866, 1705, 1396, 766, 867, 2047, 2576, 1784, 846, 1874, 1615, 1006, 1062, 1669, 2409, 1831, 788, 1544, 1582, 1189, 871, 2613, 3768, 2745, 1083, 2141, 2039, 1579, 725, 2686, 3432, 2398, 1430, 2219, 1883, 1511, 1059, 1999, 2473, 1459, 1179, 1795, 1479, 1004, 948, 1617, 2055, 1575, 1017, 1409, 1331, 948, 871, 1374, 1806, 1550, 967, 1175, 1320, 1047, 828, 1086, 1532, 1307, 646, 961, 1193, 959, 721, 967, 1269, 1096, 760, 939, 981, 813, 695, 939, 1132, 942, 775, 911, 916, 774, 745, 915, 1112, 905, 591, 693, 795, 688, 677, 733, 835, 789, 677, 654, 675, 613, 582, 636, 636, 595, 595, 638, 624, 637, 689, 639, 645, 709, 624, 591, 560, 648, 791, 662, 628, 632, 623, 523, 531, 714, 760, 680, 771, 727, 610, 545, 595, 606, 634, 666, 773, 725, 633, 616, 641, 640, 591, 678, 799, 743, 659, 657, 694, 685, 644, 604, 693, 716, 670, 703, 601, 615, 647, 634, 755, 784, 643, 728, 733, 586, 638, 657, 800, 791, 634, 715, 884, 827, 664, 736, 853, 810, 597, 738, 917, 824, 685, 820, 936, 814, 682, 691, 718, 840, 784, 763, 878, 803, 600, 578, 583, 641, 698, 747, 805, 762, 599, 622, 620, 597, 656, 870, 835, 731, 693, 565, 567, 695, 780, 781, 631, 595, 641, 571, 588, 607, 669, 798, 771, 643, 676, 717, 672, 727, 828, 765, 867, 822, 689, 650, 748, 730, 706, 750, 943, 801, 638, 698, 870, 837, 663, 710, 809, 788, 667, 692, 901, 847, 711, 771, 723, 602, 596, 667, 876, 759, 653, 566, 676, 594, 487, 570, 723, 752, 649, 765, 823, 873, 758, 703, 945, 970, 784, 888, 913, 869, 654, 702, 956, 947, 872, 760, 765, 786, 678, 716, 809, 733, 716, 664, 720, 729, 563, 639, 729, 700, 695, 639, 787, 791, 626, 614, 777, 763, 628, 648, 661, 734, 703, 646, 775, 924, 756, 616, 566, 584, 627, 571, 646, 743, 710, 586, 531, 564, 605, 558, 563, 618, 622, 837, 702, 778, 731, 698, 722, 680, 837, 1361, 1142, 1290, 890, 966, 1339, 1158, 1302, 1704, 1314, 1383, 995, 1115, 1538, 1207, 1536, 1176, 939, 1109, 860, 754, 1018, 916, 1183, 837, 676, 831, 658, 655, 657, 667, 855, 912, 751, 808, 693, 753, 743, 710, 891, 1085, 910, 912, 853, 807, 944, 792, 918, 1007, 958, 953, 744, 755, 1004, 830, 717, 848, 929, 979, 715, 746, 1016, 867, 629, 770, 919, 886, 692, 709, 964, 920, 636, 1077, 1167, 943, 717, 689, 990, 1028, 831, 1597, 1404, 1525, 1159, 911, 1202, 1413, 1794, 1842, 1175, 1413, 1321, 1086, 1187, 1439, 1967, 1353, 1633, 1739, 1304, 1069, 1420, 1911, 1866, 1066, 1716, 2350, 1505, 764, 1542, 2559, 2478, 732, 1102, 1532, 1158, 719, 846, 1245, 1255, 810, 988, 848, 718, 801, 717, 837, 821, 905, 1148, 1026, 738, 778, 801, 988, 865, 947, 1099, 1029, 768, 713, 926, 1120, 949, 856, 768, 941, 780, 670, 797, 917, 1048, 884, 978, 858, 794, 726, 757, 1020, 1122, 1124, 1280, 953, 685, 798, 895, 1116, 1095, 1420, 1520, 1153, 689, 924, 1229, 1232, 1170, 1316, 1555, 1360, 822, 912, 1271, 1248, 1088, 934, 1117, 1019, 757, 684, 1034, 1081, 890, 605, 821, 806, 593, 649, 975, 1124, 861, 793, 907, 834, 710, 655, 972, 1321, 1208, 887, 1032, 900, 706, 695, 918, 1187, 1080, 819, 848, 669, 711, 677, 740, 712, 671, 554, 674, 573, 485, 507, 618, 572, 467, 593, 607, 506, 468, 493, 578, 560, 499, 557, 640, 465, 420, 459, 514, 536, 456, 559, 625, 521, 479, 521, 529, 530, 500]"
-0.6939784288406372,-0.05564841628074646,-1.6411552429199219,-0.5087475180625916,0.4296262264251709,-1.7062397003173828,-0.10416976362466812,-0.5509818196296692,-0.7912158966064453,23.5,-0.5509818196296692,-0.7859230041503906,18.25,-0.5509818196296692,1.5204906463623047,15.25,0.091746985912323,-0.8550167083740234,18.0,0.23551338911056519,-0.3509044647216797,18.0,"[507, 497, 571, 586, 646, 580, 570, 499, 451, 422, 547, 707, 640, 532, 571, 540, 500, 535, 497, 556, 570, 625, 560, 473, 495, 649, 544, 494, 594, 598, 475, 373, 502, 542, 594, 503, 478, 479, 502, 500, 564, 688, 668, 625, 545, 463, 558, 515, 600, 616, 548, 497, 505, 498, 487, 501, 482, 478, 513, 527, 498, 473, 491, 484, 428, 398, 512, 529, 451, 488, 460, 498, 540, 518, 555, 570, 574, 566, 510, 574, 441, 421, 535, 527, 524, 536, 594, 573, 500, 494, 560, 530, 521, 519, 559, 550, 484, 478, 473, 459, 515, 561, 522, 467, 477, 513, 539, 547, 529, 527, 466, 446, 538, 597, 567, 509, 532, 503, 516, 478, 545, 564, 517, 467, 488, 518, 580, 557, 541, 541, 460, 557, 534, 478, 556, 519, 591, 638, 594, 610, 546, 529, 574, 576, 557, 487, 621, 636, 556, 536, 579, 623, 654, 508, 569, 674, 629, 622, 551, 649, 641, 598, 558, 630, 669, 599, 515, 573, 572, 600, 493, 520, 594, 648, 553, 478, 569, 554, 552, 486, 505, 526, 547, 512, 515, 582, 562, 497, 461, 533, 530, 494, 516, 534, 527, 530, 533, 564, 530, 538, 563, 536, 586, 609, 577, 481, 545, 660, 517, 518, 576, 611, 519, 554, 607, 584, 564, 553, 592, 610, 574, 560, 580, 558, 564, 577, 545, 473, 512, 527, 513, 542, 833, 1028, 808, 571, 584, 710, 719, 599, 3064, 4553, 3219, 1002, 1486, 2353, 2718, 1091, 5555, 8383, 5798, 1268, 2413, 4213, 4980, 1726, 4183, 5972, 3972, 1074, 1817, 2831, 3413, 1536, 2369, 3296, 2322, 637, 1243, 1240, 1434, 864, 2812, 4874, 3803, 901, 1442, 1558, 2398, 1037, 1205, 1869, 1668, 832, 789, 697, 1232, 1053, 1387, 2287, 2204, 1257, 955, 1259, 1859, 1498, 1926, 3365, 3036, 1466, 991, 1791, 2974, 2482, 1730, 3172, 2950, 1229, 964, 2326, 3538, 2732, 1241, 1952, 1796, 877, 949, 1808, 2423, 1808, 1181, 1567, 1264, 710, 753, 959, 1049, 815, 1816, 2662, 2006, 821, 834, 1035, 1367, 784, 7319, 11681, 8375, 1245, 3721, 3761, 5096, 1182, 16886, 27305, 19711, 2383, 8979, 9467, 12458, 2167, 16594, 26305, 18741, 2702, 8310, 10053, 12532, 2085, 6784, 10313, 7543, 2178, 3190, 4875, 5267, 1567, 3521, 4823, 3297, 1209, 2337, 2486, 2237, 987, 2818, 4029, 2706, 800, 1878, 1913, 1991, 656, 1504, 2308, 1789, 693, 1140, 1283, 1259, 659, 1074, 1539, 1316, 759, 814, 921, 884, 678, 995, 1198, 957, 685, 742, 614, 604, 687, 934, 1003, 864, 693, 752, 716, 710, 777, 1697, 2368, 1752, 725, 1402, 1285, 875, 807, 2946, 4684, 3616, 924, 2471, 2498, 1679, 919, 3431, 5736, 4444, 906, 2958, 3128, 2103, 822, 3412, 5878, 4588, 754, 3367, 3714, 2377, 950, 2278, 4226, 3756, 1160, 2842, 3415, 1971, 1107, 1185, 1891, 1871, 947, 1268, 1632, 1152, 969, 1236, 1891, 1820, 750, 1101, 1340, 1007, 857, 1269, 1863, 1609, 856, 1130, 1232, 1030, 806, 1293, 1779, 1498, 874, 1147, 1196, 906, 745, 1205, 1563, 1249, 852, 1039, 1111, 855, 720, 856, 1139, 989, 691, 691, 768, 699, 660, 724, 898, 890, 770, 676, 718, 736, 704, 644, 802, 782, 671, 644, 697, 794, 711, 708, 722, 645, 613, 650, 616, 747, 801, 582, 615, 532, 511, 691, 717, 631, 679, 635, 577, 527, 489, 620, 611, 579, 670, 718, 641, 532, 542, 602, 651, 577, 653, 694, 626, 618, 600, 640, 655, 651, 711, 652, 805, 760, 697, 601, 541, 654, 660, 598, 781, 795, 736, 697, 595, 658, 619, 735, 761, 643, 681, 659, 585, 620, 682, 757, 899, 790, 598, 667, 748, 761, 653, 920, 971, 869, 792, 760, 900, 926, 782, 914, 1185, 1093, 778, 803, 1057, 997, 812, 868, 1027, 908, 742, 748, 906, 913, 673, 801, 917, 758, 639, 739, 750, 669, 592, 617, 791, 729, 624, 688, 711, 659, 616, 745, 840, 719, 594, 776, 732, 648, 702, 785, 913, 719, 587, 757, 752, 655, 721, 774, 889, 819, 714, 746, 692, 855, 816, 822, 1249, 1203, 871, 707, 956, 1264, 976, 908, 1410, 1239, 715, 818, 1147, 1337, 925, 865, 1076, 1034, 830, 814, 1039, 1065, 809, 1176, 1132, 1242, 1150, 900, 1195, 1112, 1130, 1110, 1024, 1344, 1247, 868, 1147, 1120, 1141, 814, 823, 1043, 940, 687, 966, 974, 886, 670, 641, 685, 710, 683, 752, 755, 749, 801, 647, 606, 816, 737, 671, 718, 762, 748, 722, 692, 787, 671, 636, 760, 757, 475, 615, 770, 667, 475, 586, 624, 570, 558, 662, 709, 602, 525, 577, 628, 604, 728, 695, 600, 525, 593, 624, 618, 681, 637, 553, 589, 556, 550, 578, 547, 601, 674, 479, 679, 730, 608, 651, 629, 728, 533, 504, 658, 651, 555, 604, 654, 632, 727, 735, 653, 668, 697, 776, 690, 611, 948, 899, 701, 695, 735, 819, 869, 779, 837, 928, 838, 596, 641, 878, 997, 778, 628, 856, 929, 816, 641, 966, 1064, 764, 771, 866, 943, 884, 824, 1103, 1094, 772, 886, 913, 868, 779, 842, 1108, 1113, 812, 1038, 1047, 827, 682, 850, 1122, 1030, 777, 943, 831, 696, 625, 711, 817, 873, 869, 1023, 962, 828, 734, 832, 1044, 974, 907, 1264, 1492, 1382, 1000, 919, 1390, 1804, 1503, 1343, 1761, 1914, 1321, 997, 1682, 2472, 2185, 1137, 1979, 2330, 1388, 912, 1840, 3004, 2681, 897, 2033, 2457, 1424, 771, 1550, 2787, 2457, 945, 1202, 1406, 1049, 760, 1009, 1546, 1402, 851, 845, 681, 710, 757, 811, 989, 961, 776, 877, 861, 692, 688, 824, 834, 702, 681, 832, 843, 630, 547, 797, 909, 753, 1028, 903, 837, 590, 633, 747, 970, 1085, 1129, 1113, 1038, 795, 872, 1220, 1728, 1622, 1020, 1261, 1214, 924, 886, 1143, 1701, 1542, 1147, 1142, 1228, 862, 866, 983, 1135, 1317, 1391, 1125, 1003, 974, 1032, 1373, 1301, 1261, 1128, 969, 847, 903, 927, 1312, 1257, 971, 576, 648, 847, 645, 585, 827, 821, 726, 568, 806, 765, 547, 555, 789, 864, 651, 611, 747, 647, 524, 588, 684, 648, 476, 508, 659, 639, 480, 489, 594, 650, 548, 599, 661, 500, 423, 474, 549, 603, 499, 642, 617, 480, 480, 512, 608, 588, 476, 538, 656, 627, 456, 376, 573, 721, 570, 581, 609, 580, 528, 453, 534, 703, 629]"
-0.7536181807518005,0.22576375305652618,-1.6276991367340088,-0.5367407202720642,0.7398059368133545,-1.4666378498077393,-0.1077897921204567,-0.4363139867782593,1.0760307312011719,20.25,-0.07081830501556396,-0.6696224212646484,16.75,0.6405750513076782,-0.2364635467529297,17.75,2.2167125940322876,-0.24819374084472656,16.25,2.2699276208877563,0.6201267242431641,16.75,"[513, 621, 658, 582, 550, 583, 657, 618, 420, 550, 674, 683, 544, 563, 699, 608, 524, 609, 672, 637, 522, 555, 610, 568, 544, 571, 532, 512, 498, 474, 513, 514, 557, 483, 412, 470, 490, 448, 384, 443, 597, 541, 443, 548, 520, 497, 473, 490, 526, 561, 626, 542, 477, 526, 522, 527, 576, 565, 530, 569, 570, 618, 572, 501, 419, 501, 554, 486, 439, 508, 513, 457, 410, 509, 547, 417, 475, 520, 516, 493, 603, 579, 518, 483, 631, 618, 542, 568, 557, 567, 509, 496, 641, 646, 500, 543, 513, 541, 525, 548, 587, 534, 537, 537, 519, 512, 510, 591, 603, 542, 584, 553, 610, 557, 455, 496, 506, 506, 548, 540, 549, 494, 483, 448, 467, 466, 447, 502, 509, 491, 475, 544, 516, 537, 451, 485, 537, 488, 528, 589, 504, 608, 538, 483, 576, 444, 561, 579, 498, 578, 512, 514, 481, 449, 498, 494, 435, 536, 497, 520, 549, 555, 618, 549, 574, 658, 595, 495, 604, 546, 543, 555, 591, 544, 507, 617, 475, 531, 612, 549, 478, 446, 522, 514, 453, 561, 587, 508, 473, 592, 632, 546, 528, 495, 514, 500, 494, 461, 542, 605, 489, 508, 556, 565, 534, 492, 541, 590, 541, 532, 567, 497, 497, 525, 569, 577, 689, 770, 682, 555, 560, 635, 677, 711, 2009, 3510, 2998, 1245, 1137, 2148, 3090, 2249, 4106, 7231, 5974, 2096, 1821, 4019, 5674, 3660, 3907, 6415, 5085, 1773, 1537, 3357, 4639, 2894, 3832, 5412, 3657, 1099, 1862, 2593, 3065, 1589, 4666, 6915, 4618, 968, 2467, 3351, 3820, 1122, 4554, 8275, 6658, 1855, 2946, 5778, 7272, 3960, 3795, 10477, 9179, 2756, 3418, 8956, 11761, 6846, 4014, 9083, 7300, 1854, 2719, 7290, 9135, 4497, 2590, 4917, 4082, 1557, 1326, 3545, 4152, 1765, 1770, 3652, 3334, 1644, 896, 2746, 3371, 1703, 1834, 3782, 3241, 1514, 902, 2232, 3211, 1744, 1982, 4175, 3422, 1280, 1094, 2449, 3580, 2004, 1354, 2991, 2436, 1032, 1049, 1986, 2923, 1816, 1285, 1956, 1625, 814, 929, 1220, 1898, 1578, 4010, 6024, 4403, 1236, 1866, 2691, 3412, 1930, 5052, 7809, 5757, 1610, 2319, 3255, 4246, 2114, 3380, 4768, 3340, 1142, 1629, 2063, 2498, 1496, 2134, 2575, 1669, 885, 1117, 1389, 1411, 1001, 1225, 1333, 865, 614, 667, 803, 878, 793, 731, 775, 804, 715, 535, 625, 745, 735, 683, 682, 678, 622, 547, 617, 600, 668, 742, 954, 891, 594, 567, 654, 682, 642, 881, 1109, 958, 621, 655, 740, 756, 624, 1833, 2676, 1906, 674, 1405, 1239, 1188, 668, 2685, 4268, 3070, 743, 2120, 1906, 1677, 786, 2231, 3512, 2569, 872, 1820, 1744, 1465, 873, 1495, 2439, 1959, 795, 1440, 1692, 1410, 916, 2138, 3645, 3006, 982, 2232, 2509, 1607, 968, 2096, 3965, 3746, 1387, 2183, 2800, 1672, 1122, 2265, 4733, 4411, 1547, 2390, 2997, 1859, 1197, 2749, 5144, 4479, 1358, 2528, 3054, 2057, 1215, 1995, 3370, 2953, 1085, 1747, 2146, 1519, 1030, 1161, 1754, 1572, 839, 917, 1196, 1084, 848, 995, 1260, 1113, 775, 775, 868, 868, 678, 956, 1093, 959, 683, 805, 836, 797, 739, 821, 878, 713, 564, 631, 737, 665, 642, 654, 790, 739, 626, 555, 630, 623, 579, 744, 889, 788, 618, 616, 627, 667, 636, 831, 1046, 857, 551, 640, 747, 759, 561, 783, 961, 841, 651, 661, 740, 734, 568, 690, 942, 849, 561, 659, 760, 730, 558, 709, 894, 911, 592, 616, 691, 594, 541, 763, 980, 892, 674, 613, 664, 604, 585, 714, 892, 883, 733, 617, 767, 808, 629, 767, 903, 965, 783, 629, 824, 885, 748, 1048, 1117, 954, 797, 723, 946, 904, 816, 1170, 1220, 901, 793, 912, 1007, 831, 892, 1022, 981, 754, 782, 828, 814, 697, 848, 761, 780, 726, 660, 690, 717, 728, 807, 909, 876, 813, 695, 793, 785, 710, 795, 748, 788, 781, 677, 738, 737, 669, 639, 796, 736, 641, 743, 732, 830, 655, 614, 775, 619, 568, 735, 710, 647, 625, 702, 752, 590, 706, 769, 666, 590, 645, 759, 778, 789, 848, 784, 621, 712, 833, 842, 686, 778, 922, 707, 595, 810, 825, 775, 580, 729, 793, 644, 661, 826, 831, 709, 900, 802, 865, 844, 579, 847, 953, 790, 789, 801, 852, 842, 622, 800, 799, 789, 720, 747, 756, 675, 645, 668, 757, 751, 632, 591, 683, 605, 612, 693, 627, 679, 698, 618, 737, 651, 594, 672, 695, 766, 607, 607, 590, 599, 595, 613, 605, 579, 735, 642, 491, 616, 678, 602, 578, 625, 715, 628, 535, 617, 657, 612, 601, 659, 649, 694, 789, 759, 596, 751, 881, 792, 724, 715, 885, 793, 622, 770, 814, 756, 777, 692, 732, 745, 651, 668, 609, 616, 661, 654, 762, 780, 648, 559, 580, 588, 643, 745, 787, 696, 705, 747, 822, 712, 637, 740, 739, 625, 562, 801, 842, 630, 514, 634, 704, 649, 575, 673, 694, 526, 452, 659, 709, 513, 467, 661, 700, 535, 611, 656, 669, 638, 530, 699, 742, 666, 746, 771, 742, 704, 650, 743, 765, 668, 704, 802, 750, 709, 643, 670, 792, 656, 693, 786, 658, 548, 611, 682, 767, 661, 734, 790, 733, 666, 620, 869, 834, 802, 1406, 854, 970, 1054, 1076, 1042, 1656, 1943, 2404, 1043, 1935, 1572, 1492, 1037, 3460, 4288, 2568, 1040, 2027, 1728, 1471, 1030, 2994, 4030, 1652, 1888, 1666, 1110, 1078, 1644, 1431, 1149, 1116, 2044, 2425, 1665, 888, 1493, 2474, 2128, 972, 1534, 2107, 1551, 654, 1324, 1917, 1782, 759, 926, 1190, 882, 560, 964, 1108, 994, 912, 1061, 977, 717, 786, 1020, 1156, 1031, 991, 1364, 1106, 660, 735, 917, 1086, 938, 962, 1526, 1467, 939, 655, 989, 1218, 857, 1067, 1707, 1787, 1094, 662, 1368, 1766, 1228, 1066, 1759, 1666, 1013, 809, 1500, 1674, 992, 838, 1247, 1141, 894, 758, 1013, 1213, 805, 727, 956, 972, 747, 658, 791, 966, 785, 632, 803, 836, 620, 501, 634, 771, 720, 670, 799, 781, 657, 562, 640, 770, 730, 582, 796, 905, 730, 500, 652, 841, 789, 511, 718, 820, 659, 430, 666, 829, 633, 445, 659, 742, 657, 393, 655, 781, 494, 459, 613, 713, 611, 440, 730, 816, 553, 446, 581, 730, 573, 452, 674, 738, 566, 457, 623, 765, 615, 480, 585, 705, 642]"
-0.7910535335540771,0.3002070486545563,-1.6174609661102295,-0.49602392315864563,0.7441942691802979,-1.2553880214691162,-0.04190770536661148,-0.3282526135444641,0.9582996368408203,17.75,-0.3282526135444641,0.9953498840332031,15.25,0.7214567065238953,-0.9060859680175781,16.0,2.207185924053192,-0.8707523345947266,16.75,2.255251109600067,-0.2483367919921875,16.0,"[413, 607, 658, 657, 672, 659, 660, 614, 443, 567, 576, 647, 668, 677, 661, 624, 519, 520, 578, 609, 677, 664, 653, 629, 566, 563, 563, 531, 509, 503, 497, 563, 556, 450, 434, 482, 483, 513, 523, 532, 598, 466, 420, 556, 589, 586, 578, 583, 465, 493, 573, 531, 484, 568, 602, 533, 457, 606, 599, 398, 428, 574, 592, 476, 460, 499, 458, 414, 476, 491, 488, 528, 568, 571, 456, 591, 653, 507, 445, 541, 613, 532, 519, 650, 633, 511, 516, 597, 524, 528, 543, 570, 584, 664, 640, 551, 532, 559, 535, 489, 515, 597, 549, 473, 571, 584, 516, 497, 542, 523, 530, 545, 555, 512, 513, 544, 574, 439, 483, 556, 453, 515, 588, 577, 473, 537, 566, 556, 544, 477, 523, 544, 422, 476, 578, 541, 620, 551, 564, 540, 533, 621, 620, 631, 642, 650, 642, 545, 561, 678, 618, 605, 594, 588, 553, 449, 481, 639, 623, 575, 531, 559, 561, 505, 491, 575, 538, 465, 606, 532, 620, 608, 658, 579, 566, 707, 523, 542, 514, 464, 549, 587, 524, 553, 565, 575, 496, 551, 565, 560, 637, 620, 539, 539, 505, 490, 521, 552, 587, 566, 547, 592, 560, 517, 459, 543, 576, 460, 584, 736, 680, 523, 489, 661, 662, 515, 785, 1735, 1783, 1016, 558, 1178, 1590, 1102, 2070, 5288, 4835, 1747, 1248, 3307, 4622, 2570, 2895, 6445, 5495, 1683, 1789, 4088, 5338, 2627, 2130, 4358, 3700, 1222, 1545, 2918, 3433, 1664, 1589, 3399, 2940, 906, 1283, 1883, 2437, 1306, 1625, 2949, 2539, 959, 1179, 1882, 2119, 1103, 2190, 4923, 4359, 1591, 1394, 3542, 4407, 2288, 2275, 4793, 4042, 1348, 1127, 3137, 3976, 1846, 1007, 1774, 1827, 981, 663, 1003, 1444, 1258, 696, 1551, 1622, 878, 535, 1139, 1638, 1207, 697, 1572, 1747, 1022, 519, 1115, 1863, 1520, 882, 1569, 1751, 1013, 766, 1143, 1983, 1835, 796, 1372, 1367, 854, 772, 1154, 1740, 1568, 691, 1208, 1254, 800, 637, 1085, 1608, 1364, 907, 1213, 1152, 831, 688, 947, 1101, 936, 1554, 2277, 1955, 947, 904, 1533, 1876, 1298, 1976, 3121, 2471, 1075, 1173, 1778, 2215, 1383, 1308, 1812, 1575, 889, 983, 1302, 1462, 988, 1000, 1210, 973, 629, 723, 894, 829, 703, 821, 899, 651, 615, 848, 844, 612, 516, 636, 707, 630, 591, 674, 768, 699, 542, 555, 708, 731, 667, 689, 657, 685, 629, 574, 809, 770, 598, 599, 571, 685, 683, 1190, 1433, 1075, 574, 680, 829, 894, 635, 3296, 4674, 3178, 782, 1716, 1931, 2147, 861, 4665, 6854, 4732, 898, 2654, 2810, 3028, 1065, 3226, 4633, 3331, 907, 1869, 2076, 2173, 1160, 1587, 2339, 1874, 880, 1211, 1539, 1379, 961, 3292, 5071, 3830, 1448, 3085, 3037, 1898, 1032, 4236, 6612, 4892, 1735, 3696, 3602, 2596, 1334, 3422, 5253, 3878, 1346, 2541, 2428, 2151, 1255, 2075, 3390, 2736, 1010, 1759, 1708, 1397, 912, 2008, 3122, 2510, 960, 1593, 1427, 1141, 862, 2370, 3671, 2720, 1022, 1742, 1412, 1234, 1011, 1694, 2260, 1574, 839, 1222, 875, 779, 838, 1027, 1202, 867, 689, 853, 693, 692, 563, 870, 1033, 807, 645, 676, 694, 695, 554, 819, 1091, 950, 629, 724, 789, 743, 586, 667, 960, 934, 620, 562, 702, 764, 586, 549, 697, 658, 548, 543, 667, 708, 519, 543, 502, 585, 718, 709, 566, 593, 609, 528, 628, 625, 601, 576, 578, 612, 570, 516, 750, 806, 622, 585, 739, 715, 560, 718, 1036, 1027, 705, 745, 823, 740, 630, 609, 1044, 1118, 780, 738, 832, 737, 627, 552, 843, 887, 578, 611, 638, 723, 690, 698, 765, 799, 656, 621, 668, 768, 796, 671, 817, 798, 705, 616, 629, 720, 798, 828, 1144, 991, 793, 929, 872, 812, 830, 931, 954, 896, 882, 902, 815, 779, 809, 675, 668, 650, 709, 698, 628, 648, 629, 657, 634, 535, 572, 691, 644, 544, 624, 739, 698, 574, 517, 644, 664, 632, 677, 621, 663, 635, 558, 548, 575, 642, 620, 616, 725, 653, 645, 599, 607, 611, 582, 612, 693, 824, 783, 610, 760, 892, 754, 697, 777, 883, 840, 642, 1058, 1119, 746, 1118, 946, 769, 700, 789, 1037, 932, 791, 1406, 1046, 994, 937, 993, 1358, 1428, 1415, 1008, 853, 876, 900, 794, 930, 1220, 1189, 591, 699, 710, 651, 553, 575, 630, 648, 653, 689, 602, 581, 579, 574, 589, 605, 616, 597, 547, 679, 666, 595, 577, 591, 651, 654, 593, 666, 632, 606, 627, 628, 675, 529, 639, 639, 559, 587, 622, 707, 594, 481, 611, 625, 567, 516, 617, 718, 589, 539, 607, 595, 657, 635, 536, 634, 603, 627, 672, 594, 593, 652, 557, 621, 715, 579, 603, 573, 564, 616, 556, 699, 802, 636, 560, 558, 537, 638, 627, 717, 641, 624, 610, 555, 482, 613, 643, 633, 754, 601, 571, 719, 625, 568, 546, 737, 622, 615, 603, 642, 573, 474, 549, 642, 730, 572, 680, 705, 532, 625, 765, 832, 981, 682, 836, 734, 641, 806, 898, 1017, 995, 802, 659, 692, 683, 852, 849, 989, 843, 622, 729, 792, 684, 733, 890, 970, 581, 603, 778, 687, 669, 801, 852, 732, 918, 728, 906, 974, 796, 986, 953, 935, 1755, 931, 1674, 1777, 1122, 1075, 1574, 2233, 3326, 1568, 3708, 3363, 1719, 1786, 3460, 4931, 3373, 2050, 4747, 3909, 1656, 2016, 4074, 5579, 1496, 1487, 2500, 2052, 1095, 1196, 2121, 2515, 995, 1340, 1489, 1024, 860, 1305, 1840, 1667, 882, 960, 1358, 1043, 651, 757, 1304, 1443, 1024, 1106, 1313, 1106, 778, 961, 1250, 1419, 1343, 1310, 1562, 1275, 919, 1218, 1513, 1539, 1812, 1574, 1722, 1364, 1079, 1515, 1681, 1860, 1845, 1727, 1888, 1254, 1097, 1495, 1781, 1951, 1859, 2203, 2408, 1392, 1022, 1504, 2154, 2204, 1733, 2025, 2250, 1315, 960, 1355, 2067, 2054, 1236, 1231, 1299, 963, 770, 960, 1435, 1431, 803, 685, 762, 702, 748, 949, 1090, 1051, 665, 515, 620, 637, 536, 688, 897, 886, 717, 659, 708, 619, 503, 512, 680, 782, 678, 695, 732, 568, 442, 643, 684, 745, 583, 648, 721, 632, 487, 623, 655, 644, 442, 510, 605, 581, 504, 586, 659, 523, 471, 446, 437, 496, 469, 496, 511, 499, 556, 527, 536, 462, 444, 494, 479, 502, 473, 466, 462, 453, 455, 521, 518, 450]"
-0.840865433216095,0.374626487493515,-1.742999792098999,-0.500214695930481,0.0,0.0,0.0,-0.16022957861423492,-1.141977310180664,25.5,-0.16022957861423492,-1.050424575805664,22.75,-0.16022957861423492,-0.9776115417480469,18.75,0.7734652608633041,-0.5322933197021484,25.75,0.8009310811758041,-0.4513263702392578,23.0,"[524, 550, 613, 576, 531, 573, 612, 555, 476, 552, 627, 581, 545, 589, 627, 532, 495, 530, 648, 565, 519, 604, 606, 562, 516, 503, 492, 505, 492, 560, 508, 487, 468, 486, 514, 542, 530, 496, 469, 492, 487, 477, 485, 511, 557, 557, 507, 527, 491, 511, 402, 424, 476, 477, 551, 492, 480, 478, 473, 527, 522, 531, 540, 523, 490, 555, 549, 480, 569, 616, 594, 504, 489, 619, 655, 486, 616, 614, 601, 556, 462, 564, 633, 599, 595, 540, 509, 556, 480, 531, 577, 587, 620, 590, 492, 485, 535, 535, 534, 604, 639, 502, 452, 534, 524, 545, 567, 643, 644, 578, 534, 499, 554, 587, 542, 593, 605, 648, 618, 568, 547, 504, 453, 542, 575, 505, 512, 470, 584, 520, 489, 556, 478, 445, 521, 553, 612, 585, 520, 564, 572, 551, 622, 588, 433, 567, 640, 540, 477, 562, 605, 548, 521, 549, 617, 601, 546, 516, 596, 595, 516, 501, 594, 569, 577, 628, 541, 548, 602, 644, 640, 599, 569, 553, 521, 556, 680, 602, 563, 553, 573, 561, 524, 617, 601, 622, 578, 620, 674, 595, 554, 601, 522, 530, 552, 541, 493, 512, 486, 484, 537, 548, 574, 544, 565, 586, 512, 497, 524, 609, 556, 550, 522, 558, 641, 583, 591, 658, 484, 521, 550, 534, 645, 641, 664, 659, 511, 506, 562, 571, 643, 615, 1191, 2140, 1707, 639, 757, 1256, 1607, 915, 2684, 4661, 3426, 708, 1456, 2745, 3282, 1191, 2718, 4921, 3812, 1012, 1253, 3151, 3825, 1585, 3884, 8115, 6840, 2468, 1674, 6080, 7734, 3909, 5385, 11500, 9634, 3334, 2426, 8672, 10987, 5374, 3468, 7321, 6062, 1928, 1638, 4972, 6363, 2954, 1404, 2051, 1619, 706, 892, 1112, 1253, 859, 879, 997, 929, 680, 686, 978, 1032, 988, 821, 908, 867, 594, 695, 949, 1056, 960, 796, 1045, 929, 655, 708, 947, 1156, 997, 615, 766, 752, 661, 568, 802, 1037, 834, 709, 819, 1014, 745, 587, 763, 1143, 1099, 1374, 3015, 2840, 1212, 866, 2048, 3129, 2265, 2381, 4765, 4021, 1432, 962, 2996, 4258, 2576, 1578, 2795, 2325, 996, 714, 1666, 2247, 1200, 727, 1112, 1070, 689, 642, 840, 1038, 784, 672, 926, 894, 620, 631, 797, 868, 722, 721, 1337, 1269, 712, 684, 925, 1168, 862, 1042, 1826, 1649, 875, 809, 1208, 1567, 1082, 997, 1429, 1166, 684, 826, 1138, 1169, 686, 822, 1198, 1070, 661, 721, 1075, 1125, 698, 939, 1410, 1133, 572, 805, 1205, 1239, 672, 775, 1167, 960, 567, 625, 908, 999, 672, 675, 959, 851, 579, 707, 672, 729, 672, 897, 1414, 1239, 752, 885, 937, 1014, 844, 1849, 2859, 2197, 864, 1390, 1580, 1521, 863, 3427, 5324, 4095, 1375, 3022, 3375, 2404, 1140, 2703, 4549, 3899, 1595, 2982, 3259, 1968, 1301, 1131, 2220, 2127, 1172, 1385, 1484, 1121, 980, 1275, 1885, 1578, 813, 948, 1089, 1131, 736, 1046, 1607, 1288, 646, 963, 1108, 1096, 703, 1428, 1977, 1476, 598, 888, 1006, 1093, 795, 1344, 1929, 1537, 666, 773, 969, 1035, 751, 966, 1248, 1146, 659, 715, 873, 969, 825, 872, 1052, 833, 565, 723, 802, 781, 659, 763, 976, 848, 708, 677, 684, 704, 635, 620, 887, 944, 734, 558, 590, 640, 573, 682, 734, 839, 649, 546, 647, 642, 692, 763, 773, 700, 572, 578, 762, 780, 699, 709, 776, 752, 626, 556, 726, 794, 705, 653, 716, 712, 616, 661, 715, 700, 680, 605, 711, 788, 691, 658, 633, 701, 739, 707, 878, 740, 670, 703, 649, 664, 689, 646, 825, 743, 654, 643, 648, 596, 555, 599, 770, 798, 685, 620, 657, 729, 604, 709, 899, 766, 645, 781, 777, 798, 672, 665, 742, 745, 686, 765, 797, 764, 679, 646, 762, 784, 607, 580, 727, 782, 685, 695, 779, 745, 621, 664, 735, 669, 610, 683, 722, 703, 573, 631, 719, 700, 632, 699, 690, 723, 702, 741, 743, 636, 725, 780, 787, 693, 666, 786, 795, 642, 644, 914, 810, 679, 667, 765, 782, 729, 849, 881, 781, 613, 603, 803, 727, 639, 830, 786, 899, 716, 595, 668, 734, 645, 604, 834, 916, 810, 685, 675, 801, 811, 757, 887, 945, 835, 695, 705, 842, 753, 782, 637, 666, 725, 716, 662, 657, 772, 705, 636, 741, 721, 681, 599, 584, 657, 622, 543, 686, 641, 556, 522, 554, 633, 540, 715, 715, 683, 656, 587, 613, 661, 738, 719, 772, 735, 707, 697, 689, 678, 711, 683, 596, 618, 651, 659, 636, 638, 650, 630, 623, 590, 587, 537, 594, 614, 620, 571, 635, 626, 545, 522, 598, 697, 634, 644, 670, 649, 523, 585, 725, 690, 592, 635, 594, 503, 527, 585, 694, 706, 632, 643, 603, 639, 629, 556, 618, 648, 626, 611, 529, 612, 612, 566, 628, 592, 587, 678, 650, 526, 477, 610, 704, 578, 569, 697, 689, 632, 540, 607, 706, 714, 686, 670, 612, 521, 466, 517, 579, 606, 624, 637, 588, 614, 571, 625, 612, 748, 759, 630, 614, 686, 673, 630, 546, 750, 718, 799, 702, 633, 595, 687, 712, 638, 719, 777, 714, 765, 587, 760, 951, 668, 665, 755, 688, 729, 615, 753, 881, 738, 591, 728, 747, 663, 564, 678, 878, 656, 533, 762, 892, 1012, 857, 786, 947, 1066, 901, 1055, 1248, 2100, 1668, 831, 1120, 2078, 2208, 1158, 1198, 2248, 2010, 982, 994, 2274, 2448, 1208, 746, 1401, 1602, 1190, 819, 1580, 1816, 862, 669, 863, 1009, 921, 712, 1025, 1192, 887, 724, 793, 725, 663, 590, 867, 1092, 955, 916, 862, 730, 702, 728, 852, 1007, 1032, 1160, 961, 672, 616, 872, 1080, 1083, 1062, 1184, 1194, 946, 671, 912, 1135, 1157, 889, 907, 1011, 848, 656, 865, 956, 952, 976, 1092, 1010, 836, 797, 937, 1011, 827, 1004, 1014, 860, 768, 768, 870, 956, 804, 972, 959, 763, 788, 669, 829, 803, 719, 785, 736, 855, 800, 644, 781, 966, 963, 667, 695, 784, 738, 686, 714, 862, 894, 545, 671, 621, 489, 554, 643, 692, 653, 520, 527, 500, 499, 513, 516, 492, 466, 483, 522, 605, 569, 442, 416, 472, 534, 514, 490, 552, 504, 471, 553, 597, 560, 446, 490, 534, 430, 490, 641, 527, 364, 575, 493, 433, 526, 578, 609, 524, 516]"
-0.9409083724021912,0.374626487493515,-1.742999792098999,-0.500214695930481,0.0,0.0,0.0,0.18837039172649384,2.004575729370117,16.0,1.0907370299100876,-0.24175643920898438,15.75,1.142235442996025,-0.10542869567871094,22.25,1.1691290587186813,0.10728836059570312,23.0,1.2219149321317673,-0.1506328582763672,18.5,"[584, 691, 679, 668, 718, 668, 676, 696, 531, 543, 623, 608, 679, 680, 606, 614, 541, 605, 607, 591, 559, 610, 605, 570, 682, 649, 527, 563, 602, 532, 518, 579, 615, 605, 560, 560, 542, 471, 476, 526, 595, 567, 541, 639, 590, 565, 543, 570, 590, 534, 645, 626, 517, 574, 629, 613, 588, 553, 538, 514, 506, 641, 611, 570, 520, 467, 426, 484, 556, 618, 601, 552, 532, 507, 425, 502, 568, 602, 564, 551, 532, 490, 500, 574, 555, 467, 553, 608, 513, 530, 536, 497, 437, 494, 597, 602, 557, 529, 572, 530, 462, 540, 609, 600, 594, 659, 637, 523, 488, 538, 563, 547, 619, 632, 556, 465, 501, 515, 511, 551, 527, 491, 556, 565, 506, 509, 543, 560, 497, 486, 488, 520, 573, 488, 443, 504, 686, 605, 456, 494, 539, 543, 551, 563, 549, 513, 502, 499, 493, 447, 525, 567, 513, 541, 592, 595, 578, 524, 577, 602, 600, 591, 560, 498, 524, 488, 596, 648, 568, 577, 587, 588, 539, 516, 595, 513, 589, 614, 646, 509, 498, 641, 575, 521, 597, 505, 477, 516, 557, 601, 541, 597, 547, 561, 532, 562, 535, 552, 521, 551, 610, 511, 589, 552, 533, 411, 505, 671, 597, 613, 557, 501, 595, 562, 528, 631, 531, 608, 606, 485, 614, 655, 578, 550, 596, 659, 859, 843, 695, 848, 1105, 972, 1029, 1659, 2140, 1991, 1155, 2294, 3457, 2567, 1540, 3302, 3811, 4009, 1757, 4793, 7082, 4888, 1359, 3807, 4336, 4158, 1249, 5426, 7762, 4912, 1632, 4049, 3710, 2804, 887, 4715, 6493, 3893, 1399, 3524, 3030, 1889, 885, 3685, 5175, 3120, 950, 1487, 1663, 1499, 1004, 2180, 3149, 2298, 846, 972, 978, 1040, 805, 1575, 1963, 1374, 724, 867, 768, 626, 681, 928, 965, 713, 804, 1079, 886, 637, 593, 993, 1139, 841, 821, 1131, 982, 769, 616, 1335, 1588, 931, 547, 1095, 1074, 766, 616, 1376, 1648, 1075, 1484, 3173, 2883, 1462, 915, 2785, 3586, 2139, 2197, 5737, 5249, 2382, 1290, 5034, 6622, 3753, 1022, 3042, 3112, 1752, 742, 2964, 4095, 2680, 1343, 1499, 1056, 795, 740, 1048, 1165, 838, 1312, 1803, 1250, 670, 764, 1508, 1600, 698, 1206, 1527, 1166, 660, 991, 1554, 1553, 836, 1607, 2322, 1675, 824, 1306, 2245, 2446, 1199, 1214, 1621, 1323, 860, 1054, 1622, 1824, 1109, 1140, 1356, 1011, 623, 874, 1265, 1321, 807, 1429, 2068, 1552, 766, 964, 1608, 1715, 860, 1090, 1698, 1397, 729, 780, 1252, 1481, 970, 767, 1018, 940, 623, 668, 820, 909, 717, 595, 750, 854, 726, 640, 652, 783, 723, 970, 1126, 991, 806, 924, 1073, 1064, 904, 1750, 2200, 1460, 869, 1308, 1623, 1457, 927, 1738, 2164, 1396, 799, 1169, 1336, 1225, 878, 868, 929, 792, 606, 599, 684, 777, 729, 1086, 1533, 1410, 965, 972, 1235, 1237, 1006, 1818, 3040, 3123, 1958, 1217, 1438, 1973, 1689, 2130, 3870, 3538, 1835, 1225, 1579, 2005, 1403, 2190, 2916, 2550, 1181, 1134, 1762, 1735, 1359, 2949, 3668, 3429, 1699, 1761, 2635, 2300, 2463, 3185, 4733, 3715, 1353, 1987, 2737, 2767, 2113, 2374, 3429, 2528, 844, 1288, 1904, 2067, 1208, 1294, 1689, 1341, 679, 813, 1137, 1154, 805, 826, 1107, 945, 659, 788, 914, 924, 695, 752, 885, 736, 622, 639, 749, 777, 645, 731, 877, 658, 522, 566, 688, 730, 613, 746, 840, 710, 585, 615, 724, 697, 659, 699, 780, 731, 545, 557, 750, 748, 627, 692, 799, 696, 635, 676, 708, 715, 680, 723, 740, 622, 621, 759, 688, 642, 715, 728, 716, 720, 620, 704, 662, 667, 777, 685, 602, 722, 643, 648, 627, 647, 722, 601, 668, 672, 617, 632, 668, 726, 636, 596, 729, 759, 654, 602, 716, 707, 575, 550, 617, 703, 719, 637, 569, 566, 618, 560, 574, 625, 648, 644, 524, 585, 637, 613, 611, 653, 599, 562, 580, 672, 672, 660, 690, 690, 652, 607, 626, 596, 652, 625, 671, 694, 657, 552, 629, 673, 636, 643, 781, 697, 585, 639, 668, 723, 612, 675, 812, 792, 629, 622, 645, 671, 641, 691, 723, 627, 535, 541, 606, 711, 656, 606, 669, 650, 678, 602, 650, 681, 610, 556, 671, 706, 670, 633, 662, 690, 669, 617, 734, 685, 591, 570, 639, 662, 586, 691, 743, 595, 571, 543, 661, 723, 585, 630, 652, 595, 529, 557, 646, 593, 546, 582, 629, 716, 607, 562, 560, 583, 610, 562, 648, 667, 576, 538, 641, 637, 552, 559, 578, 643, 662, 562, 595, 578, 559, 606, 631, 629, 632, 637, 622, 590, 529, 741, 740, 672, 608, 689, 723, 583, 574, 638, 736, 713, 614, 655, 684, 599, 575, 591, 673, 608, 633, 676, 600, 558, 498, 550, 625, 619, 659, 623, 505, 560, 490, 454, 568, 626, 635, 602, 564, 612, 532, 570, 563, 636, 714, 644, 622, 602, 566, 673, 610, 620, 592, 604, 597, 619, 717, 679, 571, 553, 569, 626, 620, 588, 709, 599, 588, 679, 602, 554, 630, 688, 641, 577, 622, 664, 607, 472, 583, 568, 501, 541, 696, 710, 671, 593, 603, 691, 589, 577, 635, 638, 589, 595, 548, 626, 654, 620, 593, 573, 617, 614, 549, 634, 668, 640, 649, 641, 648, 629, 640, 636, 572, 580, 633, 573, 590, 660, 658, 591, 510, 624, 643, 651, 670, 650, 629, 775, 747, 689, 694, 750, 754, 641, 750, 959, 823, 759, 861, 946, 748, 708, 947, 1142, 968, 906, 978, 971, 799, 824, 1081, 1266, 1184, 864, 1130, 984, 764, 838, 1235, 1460, 1109, 801, 1024, 961, 727, 734, 1053, 1241, 960, 878, 853, 901, 686, 665, 847, 862, 953, 744, 1011, 993, 750, 667, 836, 797, 819, 629, 827, 764, 595, 608, 770, 1046, 898, 767, 877, 780, 620, 676, 881, 1025, 864, 753, 871, 660, 614, 616, 790, 907, 664, 589, 767, 687, 683, 498, 771, 961, 651, 548, 624, 631, 611, 498, 665, 718, 527, 558, 672, 577, 519, 434, 561, 731, 572, 582, 720, 636, 613, 575, 647, 805, 636, 547, 587, 589, 526, 488, 564, 648, 577, 505, 516, 434, 380, 363, 473, 537, 513, 448, 552, 546, 433, 434, 552, 595, 580, 447, 507, 454, 407, 420, 514, 555, 460, 467, 494, 441, 440, 443, 453, 534, 462]"
-0.5909782648086548,0.5399060249328613,0.42080622911453247,-0.6754182577133179,1.178585171699524,0.5989487171173096,0.21415293216705322,-1.2025291919708252,1.5047550201416016,15.75,-0.7851059436798096,1.3795852661132812,15.75,0.05202937126159668,-0.6474494934082031,17.5,0.06690669059753418,0.2147197723388672,17.0,0.10109591484069824,0.2178668975830078,15.25,"[451, 524, 564, 479, 429, 482, 568, 521, 579, 572, 590, 550, 530, 682, 639, 508, 545, 553, 571, 550, 547, 583, 603, 507, 542, 600, 489, 533, 471, 537, 574, 466, 420, 388, 441, 505, 455, 446, 505, 465, 494, 477, 531, 585, 566, 507, 545, 499, 584, 526, 485, 555, 591, 568, 432, 455, 602, 493, 495, 617, 557, 456, 438, 528, 598, 488, 465, 568, 529, 496, 469, 566, 674, 547, 533, 544, 595, 588, 538, 578, 678, 488, 553, 620, 672, 575, 499, 683, 580, 432, 538, 665, 614, 552, 496, 591, 525, 457, 514, 528, 504, 550, 488, 514, 573, 509, 471, 563, 550, 551, 491, 526, 499, 553, 532, 461, 499, 532, 516, 533, 547, 588, 610, 565, 530, 592, 608, 494, 504, 516, 521, 544, 510, 491, 511, 457, 479, 546, 580, 536, 520, 515, 455, 395, 505, 579, 629, 579, 491, 477, 504, 494, 509, 518, 567, 565, 461, 455, 459, 494, 551, 489, 512, 552, 503, 557, 573, 596, 642, 539, 526, 536, 435, 515, 542, 602, 555, 551, 552, 514, 496, 520, 501, 523, 698, 708, 684, 567, 634, 660, 654, 652, 609, 744, 662, 493, 606, 612, 640, 626, 642, 672, 540, 464, 661, 635, 599, 637, 537, 612, 568, 456, 555, 582, 538, 553, 747, 882, 724, 559, 678, 761, 752, 648, 726, 844, 842, 601, 703, 1003, 939, 735, 625, 637, 758, 642, 687, 898, 888, 780, 641, 653, 644, 632, 585, 706, 691, 630, 565, 529, 522, 530, 588, 666, 679, 620, 525, 579, 608, 557, 636, 683, 693, 672, 645, 726, 729, 569, 675, 740, 671, 639, 861, 1122, 915, 559, 688, 948, 864, 631, 1104, 1365, 1038, 888, 870, 1018, 1000, 697, 875, 946, 1930, 2443, 1256, 1417, 2542, 1905, 969, 1300, 3331, 3912, 1817, 2260, 3963, 2984, 1106, 1214, 2617, 3313, 2031, 1983, 3255, 2595, 1060, 958, 1765, 2317, 1715, 1405, 2238, 1989, 1014, 643, 1045, 1536, 1432, 905, 1129, 1302, 1216, 904, 926, 1232, 1100, 1358, 1314, 1093, 1969, 2941, 1776, 1063, 1195, 3357, 3728, 1564, 2293, 4390, 2823, 1533, 1625, 5257, 6475, 3224, 1361, 2893, 2160, 1312, 1198, 3547, 4602, 2779, 826, 1421, 1407, 863, 837, 1467, 1758, 1228, 1208, 1671, 2035, 1260, 1185, 2508, 2320, 1132, 1475, 1865, 2259, 1349, 1669, 3232, 2791, 1050, 1111, 1350, 1556, 982, 1455, 2329, 1828, 678, 716, 812, 765, 646, 870, 1132, 973, 603, 563, 631, 611, 583, 697, 857, 768, 475, 631, 624, 600, 653, 637, 652, 712, 595, 582, 572, 608, 637, 595, 615, 637, 654, 595, 629, 680, 633, 654, 728, 728, 685, 548, 675, 636, 612, 664, 704, 689, 638, 503, 557, 492, 526, 652, 651, 571, 559, 621, 684, 594, 596, 700, 716, 661, 637, 964, 1271, 1157, 816, 735, 886, 1059, 854, 1785, 2778, 2302, 1112, 985, 1326, 1802, 1234, 2935, 4270, 3392, 1559, 1576, 1951, 2434, 1780, 3064, 4072, 3144, 1483, 1594, 2130, 2177, 1866, 1975, 2452, 1965, 1005, 1072, 1590, 1296, 1325, 1327, 1563, 1266, 695, 835, 1145, 1151, 908, 1116, 1193, 907, 597, 806, 1048, 999, 897, 937, 1023, 815, 591, 934, 1252, 1015, 679, 767, 779, 694, 700, 973, 1176, 950, 594, 692, 625, 575, 755, 811, 837, 794, 686, 692, 625, 639, 687, 724, 724, 760, 736, 561, 615, 672, 597, 596, 586, 642, 667, 513, 539, 629, 613, 563, 529, 617, 661, 552, 654, 632, 591, 574, 694, 763, 620, 710, 780, 674, 615, 703, 810, 967, 780, 584, 665, 718, 635, 530, 706, 846, 684, 557, 607, 654, 621, 598, 681, 746, 646, 704, 715, 708, 700, 635, 624, 651, 680, 707, 717, 671, 660, 612, 562, 627, 628, 654, 682, 672, 655, 611, 609, 612, 631, 668, 722, 627, 663, 739, 752, 697, 619, 528, 656, 687, 669, 651, 754, 821, 686, 683, 786, 722, 592, 645, 912, 905, 608, 671, 717, 660, 521, 589, 765, 689, 587, 677, 564, 537, 471, 548, 692, 635, 610, 536, 519, 579, 630, 593, 617, 676, 553, 715, 628, 581, 638, 622, 616, 666, 633, 752, 557, 536, 674, 702, 563, 538, 690, 655, 612, 591, 637, 641, 540, 543, 629, 640, 549, 546, 601, 615, 564, 521, 655, 658, 622, 570, 601, 561, 655, 685, 660, 661, 709, 613, 633, 565, 630, 651, 531, 636, 578, 535, 559, 617, 670, 655, 607, 507, 478, 508, 684, 670, 548, 525, 516, 522, 604, 609, 671, 598, 497, 564, 530, 559, 600, 598, 562, 500, 525, 529, 535, 589, 627, 607, 606, 604, 618, 600, 530, 627, 619, 616, 582, 653, 714, 639, 495, 578, 546, 556, 578, 601, 694, 614, 530, 590, 633, 576, 641, 733, 756, 661, 580, 732, 886, 816, 1016, 1115, 918, 875, 683, 830, 965, 816, 1110, 1230, 898, 806, 740, 737, 763, 641, 748, 899, 848, 704, 717, 587, 619, 532, 630, 793, 788, 726, 586, 554, 634, 592, 691, 680, 611, 659, 610, 582, 618, 609, 598, 631, 629, 627, 573, 571, 585, 600, 593, 567, 645, 618, 537, 538, 506, 569, 629, 582, 628, 591, 549, 599, 608, 582, 604, 618, 681, 562, 536, 676, 702, 596, 540, 534, 663, 564, 512, 658, 683, 721, 656, 556, 620, 667, 655, 622, 600, 610, 580, 538, 553, 636, 623, 674, 674, 605, 616, 635, 528, 613, 632, 601, 665, 646, 495, 501, 561, 581, 582, 560, 622, 630, 584, 525, 541, 608, 615, 652, 622, 679, 662, 586, 613, 696, 766, 587, 713, 843, 709, 557, 689, 800, 794, 626, 645, 816, 756, 502, 616, 790, 800, 695, 575, 667, 659, 455, 606, 815, 866, 627, 597, 610, 598, 534, 539, 736, 732, 660, 607, 627, 802, 764, 570, 755, 792, 596, 549, 670, 755, 611, 448, 628, 674, 478, 489, 599, 602, 480, 500, 594, 552, 454, 712, 743, 545, 493, 540, 540, 482, 506, 740, 664, 524, 628, 526, 487, 516, 482, 591, 581, 450, 467, 533, 496, 485, 504, 502, 474, 435, 404, 409, 422, 462, 446, 402, 463, 452, 439, 503, 558, 535, 430, 471, 476, 421, 429, 504, 571, 480, 425, 431, 437, 425, 461, 432, 459, 470, 462, 544, 495, 414, 536, 556, 504, 453]"
0.9965516328811646,-1.1852366924285889,0.9867344498634338,-0.012330502271652222,-1.757769227027893,1.497044563293457,-0.06888279318809509,-1.0381762981414795,1.757669448852539,17.5,-0.47913241386413574,1.1963367462158203,16.0,-0.10619807243347168,1.1137962341308594,27.0,0.11052441596984863,1.2615680694580078,19.0,0.4056389331817627,1.00250244140625,17.75,"[530, 669, 677, 580, 486, 583, 676, 672, 644, 730, 682, 713, 581, 592, 724, 634, 557, 641, 579, 605, 519, 563, 696, 589, 635, 627, 464, 517, 618, 592, 482, 461, 536, 551, 580, 561, 536, 590, 514, 492, 503, 507, 483, 468, 493, 529, 428, 401, 505, 541, 534, 524, 489, 576, 592, 500, 610, 600, 522, 541, 518, 546, 501, 559, 547, 505, 479, 538, 591, 515, 510, 541, 629, 510, 618, 735, 560, 487, 557, 620, 460, 483, 565, 614, 505, 609, 663, 516, 501, 490, 544, 584, 491, 487, 604, 580, 504, 501, 477, 486, 531, 512, 522, 526, 496, 542, 613, 558, 518, 572, 593, 619, 485, 610, 590, 529, 569, 540, 548, 510, 560, 592, 549, 518, 547, 516, 546, 566, 524, 474, 488, 505, 517, 485, 478, 532, 551, 517, 594, 568, 558, 516, 598, 645, 452, 482, 526, 527, 570, 591, 516, 468, 482, 558, 595, 526, 569, 582, 539, 571, 559, 574, 555, 493, 531, 569, 547, 562, 599, 603, 550, 538, 548, 568, 574, 551, 581, 504, 531, 588, 571, 506, 554, 607, 603, 536, 593, 615, 579, 625, 591, 601, 525, 540, 534, 500, 538, 529, 558, 557, 544, 533, 532, 555, 560, 529, 621, 583, 505, 572, 564, 491, 436, 482, 547, 480, 507, 566, 513, 477, 435, 499, 540, 470, 514, 478, 398, 438, 465, 512, 497, 487, 503, 479, 479, 475, 531, 590, 500, 479, 680, 584, 492, 538, 630, 568, 495, 564, 670, 574, 447, 510, 673, 668, 557, 545, 600, 573, 454, 393, 551, 643, 535, 474, 615, 587, 477, 460, 555, 571, 490, 501, 560, 551, 547, 524, 561, 539, 592, 673, 588, 526, 605, 644, 541, 529, 587, 658, 476, 467, 567, 582, 523, 638, 627, 589, 493, 477, 618, 640, 551, 590, 720, 679, 547, 542, 617, 605, 584, 586, 697, 680, 546, 594, 565, 610, 618, 651, 698, 618, 545, 638, 621, 572, 587, 691, 660, 545, 552, 512, 603, 578, 526, 560, 630, 643, 474, 476, 568, 585, 520, 551, 555, 555, 543, 565, 564, 508, 535, 590, 549, 560, 569, 565, 517, 528, 535, 544, 532, 585, 529, 652, 583, 548, 644, 569, 643, 583, 629, 612, 577, 556, 605, 621, 650, 651, 555, 656, 621, 508, 470, 651, 657, 582, 492, 504, 550, 547, 514, 536, 662, 622, 966, 893, 1101, 827, 817, 941, 1458, 1492, 1618, 1110, 1702, 1434, 1185, 1154, 2302, 2646, 2449, 1467, 2734, 2444, 1598, 1325, 3076, 3762, 5612, 3507, 6726, 5340, 3022, 2900, 7992, 9782, 9102, 6765, 12252, 8899, 4971, 5430, 15123, 17515, 8000, 7165, 11567, 8434, 4743, 5685, 14361, 15898, 4032, 5438, 6871, 5005, 2924, 3673, 6781, 7185, 1338, 4880, 5940, 3672, 1233, 3040, 5817, 5126, 1355, 5437, 6542, 3829, 1061, 3612, 6640, 5415, 1611, 6072, 7176, 4022, 1026, 3916, 7102, 5810, 1219, 4849, 5415, 2797, 867, 2921, 5014, 3949, 842, 3912, 4546, 2407, 657, 2027, 3777, 3114, 983, 3154, 3532, 1791, 805, 1720, 3129, 2586, 915, 1855, 2008, 1120, 745, 1216, 2018, 1729, 709, 923, 994, 703, 639, 763, 1037, 935, 534, 719, 798, 598, 478, 623, 727, 664, 609, 795, 739, 567, 608, 778, 843, 652, 766, 820, 726, 676, 697, 713, 796, 752, 775, 989, 853, 666, 732, 800, 794, 712, 1153, 1874, 1593, 769, 984, 1110, 1069, 679, 1460, 2549, 2119, 911, 1243, 1294, 1092, 675, 1351, 2244, 1952, 860, 1107, 1057, 947, 789, 1297, 2103, 2043, 1174, 882, 909, 945, 924, 2358, 5678, 6068, 3157, 1420, 1875, 2305, 2130, 4209, 10702, 11533, 6038, 2505, 3504, 4222, 3879, 3303, 8260, 9401, 5440, 2080, 2780, 3632, 3244, 1733, 2827, 3597, 2826, 1478, 1679, 2072, 1614, 1213, 1122, 1744, 1756, 973, 1084, 1217, 1179, 781, 934, 1242, 1226, 972, 771, 952, 904, 770, 1019, 1084, 965, 879, 1013, 1038, 733, 759, 974, 1005, 841, 783, 876, 847, 745, 744, 903, 1067, 814, 596, 788, 892, 774, 735, 828, 980, 739, 678, 813, 885, 868, 662, 736, 786, 669, 658, 662, 753, 787, 736, 771, 756, 837, 727, 578, 775, 717, 907, 945, 880, 890, 871, 693, 806, 811, 813, 898, 977, 766, 772, 621, 682, 807, 648, 833, 1040, 868, 690, 780, 594, 689, 638, 714, 930, 851, 739, 716, 606, 701, 673, 660, 742, 736, 814, 734, 685, 762, 775, 792, 1004, 895, 801, 799, 980, 1100, 989, 824, 1302, 1248, 827, 792, 1018, 1220, 869, 748, 963, 952, 668, 650, 706, 922, 730, 610, 650, 710, 593, 455, 619, 707, 644, 614, 649, 769, 610, 593, 675, 661, 631, 695, 669, 618, 552, 603, 725, 698, 601, 630, 662, 575, 593, 524, 682, 653, 612, 593, 598, 588, 604, 589, 632, 610, 594, 621, 543, 604, 679, 661, 679, 613, 592, 613, 591, 583, 662, 530, 605, 596, 633, 629, 590, 608, 648, 612, 609, 643, 626, 580, 615, 642, 563, 614, 644, 638, 639, 639, 617, 554, 603, 665, 666, 687, 707, 754, 703, 629, 583, 704, 687, 637, 616, 645, 682, 667, 627, 627, 561, 562, 673, 650, 706, 657, 663, 629, 683, 763, 640, 689, 728, 600, 658, 642, 716, 783, 670, 645, 653, 634, 701, 574, 684, 829, 815, 728, 589, 641, 812, 667, 764, 892, 741, 960, 901, 774, 688, 689, 1095, 977, 692, 1564, 1512, 865, 685, 932, 1563, 1129, 680, 1419, 1347, 768, 687, 839, 1339, 1083, 699, 1068, 1124, 678, 638, 754, 1209, 1130, 571, 1077, 1389, 867, 480, 698, 1319, 1280, 652, 926, 1058, 736, 550, 807, 1076, 942, 688, 860, 980, 759, 647, 766, 912, 847, 689, 995, 1220, 885, 573, 702, 1084, 1091, 640, 1068, 1316, 937, 614, 723, 1209, 1233, 617, 947, 996, 693, 575, 691, 1010, 925, 564, 678, 729, 637, 555, 580, 680, 665, 534, 637, 703, 612, 537, 529, 605, 581, 420, 526, 659, 608, 523, 458, 572, 597, 487, 545, 585, 561, 573, 482, 512, 498, 456, 542, 603, 585, 527, 549, 518, 456, 467, 518, 555, 560, 521, 550, 561, 447, 431, 524, 555, 545, 434, 491, 658, 530, 467, 603, 631, 532, 472, 538, 648, 551, 377, 470, 614, 621, 476, 459, 586, 566, 427, 490, 561, 498, 448, 543, 510, 474]"
0.9222358465194702,-1.2904506921768188,1.0439987182617188,-0.24334488809108734,-1.7403897047042847,1.299864411354065,-0.3899516761302948,-0.7021656036376953,1.3604164123535156,19.0,-0.4827251434326172,1.267862319946289,18.75,-0.08046531677246094,0.8793354034423828,16.5,-0.0105133056640625,0.7761955261230469,27.75,0.019956588745117188,0.7764816284179688,29.0,"[501, 576, 557, 531, 629, 528, 558, 578, 478, 441, 518, 596, 634, 574, 562, 593, 462, 560, 566, 553, 547, 647, 573, 500, 594, 607, 507, 538, 617, 567, 476, 528, 605, 545, 463, 519, 625, 527, 485, 566, 640, 625, 494, 635, 576, 483, 588, 588, 576, 589, 561, 522, 514, 580, 579, 545, 478, 525, 588, 565, 415, 531, 537, 460, 504, 502, 519, 472, 503, 530, 487, 458, 503, 553, 568, 442, 462, 592, 598, 531, 511, 500, 556, 523, 580, 631, 593, 613, 459, 536, 563, 546, 562, 623, 605, 546, 499, 592, 600, 575, 554, 568, 512, 462, 444, 467, 562, 581, 516, 490, 539, 557, 535, 520, 576, 507, 558, 466, 462, 633, 642, 515, 591, 617, 595, 588, 544, 629, 525, 460, 530, 511, 440, 483, 517, 530, 583, 559, 554, 519, 584, 608, 535, 539, 597, 543, 591, 593, 518, 495, 572, 600, 529, 514, 519, 502, 522, 531, 526, 525, 528, 496, 504, 507, 545, 618, 541, 521, 461, 401, 412, 524, 460, 440, 500, 452, 499, 576, 473, 401, 520, 573, 450, 409, 539, 621, 578, 484, 532, 555, 648, 601, 563, 490, 532, 501, 479, 472, 611, 683, 507, 578, 496, 497, 566, 615, 576, 481, 453, 492, 517, 524, 532, 528, 527, 487, 614, 561, 521, 579, 561, 526, 507, 560, 509, 620, 583, 494, 477, 556, 549, 457, 539, 598, 562, 456, 507, 594, 569, 508, 454, 513, 533, 512, 532, 530, 521, 499, 580, 616, 570, 543, 678, 666, 515, 555, 599, 512, 506, 518, 524, 491, 435, 572, 633, 539, 500, 506, 635, 618, 493, 578, 516, 593, 589, 455, 552, 631, 570, 543, 644, 663, 590, 620, 690, 659, 491, 545, 566, 586, 600, 620, 627, 600, 561, 532, 502, 599, 711, 623, 537, 616, 564, 500, 461, 528, 629, 549, 551, 555, 492, 477, 574, 623, 633, 620, 599, 487, 533, 612, 548, 603, 627, 614, 584, 556, 574, 598, 500, 620, 610, 595, 623, 598, 588, 539, 518, 617, 590, 489, 496, 557, 586, 413, 530, 516, 592, 549, 551, 623, 597, 571, 610, 497, 536, 669, 616, 520, 555, 606, 640, 563, 616, 677, 642, 556, 622, 714, 655, 653, 657, 632, 537, 461, 585, 650, 684, 781, 883, 962, 703, 740, 1034, 918, 1134, 1374, 1508, 1520, 918, 1767, 3072, 2626, 2037, 2068, 2548, 2185, 1535, 2473, 4958, 4707, 2362, 1560, 1972, 1596, 1194, 1871, 3472, 3771, 7711, 4681, 9454, 6939, 3772, 4401, 12201, 14387, 8671, 6532, 12207, 8561, 4444, 5592, 15428, 17533, 3711, 3883, 6102, 4413, 1950, 2886, 6946, 7612, 2253, 2602, 4303, 3305, 1253, 1924, 4449, 4834, 1937, 5489, 7396, 4566, 1134, 3659, 7317, 6694, 2504, 11254, 12884, 6537, 1449, 6114, 11190, 8861, 3328, 11660, 12328, 5705, 1830, 5995, 10101, 7212, 2322, 6172, 6103, 2763, 1398, 3397, 5024, 3286, 1092, 2166, 2257, 1370, 944, 1695, 2204, 1715, 894, 1253, 1506, 1201, 875, 1103, 1457, 1413, 713, 932, 1155, 1002, 772, 867, 997, 1016, 601, 748, 878, 729, 711, 784, 817, 732, 1082, 1557, 1388, 772, 1083, 1116, 886, 724, 1056, 1831, 1710, 767, 1009, 1128, 919, 774, 771, 1200, 1237, 710, 746, 873, 815, 807, 703, 1007, 1045, 687, 688, 939, 861, 675, 810, 1403, 1360, 698, 660, 863, 923, 688, 969, 1780, 1790, 877, 941, 1127, 1044, 863, 1319, 2066, 2090, 1102, 1253, 1419, 1227, 1132, 1661, 2424, 2630, 1593, 1262, 1680, 1675, 1509, 2990, 5873, 6799, 3817, 1878, 3485, 3098, 2994, 4261, 8907, 9724, 4936, 2268, 4087, 4153, 3869, 3396, 6332, 6566, 3688, 1860, 2910, 3050, 2830, 1963, 3009, 3012, 2248, 1696, 2211, 2118, 1816, 1417, 1747, 1588, 1380, 1293, 1581, 1483, 1117, 1134, 1179, 1098, 1069, 1019, 1159, 1038, 838, 1030, 947, 938, 775, 739, 944, 807, 747, 871, 1061, 994, 749, 773, 988, 970, 816, 835, 1179, 1186, 921, 838, 1004, 1110, 914, 782, 1083, 1149, 851, 713, 916, 1113, 972, 870, 963, 941, 807, 692, 777, 1000, 973, 890, 944, 785, 710, 698, 692, 747, 760, 983, 1029, 822, 833, 901, 823, 823, 821, 1163, 1012, 732, 1048, 1029, 804, 872, 941, 973, 774, 855, 1136, 990, 737, 847, 954, 844, 711, 874, 1070, 878, 592, 631, 780, 675, 689, 665, 715, 684, 566, 522, 583, 732, 874, 849, 739, 705, 666, 584, 662, 774, 876, 835, 724, 689, 729, 719, 699, 808, 716, 811, 871, 722, 702, 747, 779, 863, 770, 762, 909, 812, 651, 660, 789, 690, 745, 642, 655, 713, 571, 599, 622, 709, 790, 724, 639, 699, 670, 746, 762, 701, 743, 726, 668, 760, 655, 703, 715, 669, 676, 628, 629, 646, 636, 641, 694, 642, 650, 658, 688, 686, 616, 628, 588, 647, 627, 696, 699, 666, 577, 601, 643, 587, 624, 762, 709, 608, 583, 593, 636, 628, 608, 636, 687, 610, 547, 664, 724, 556, 624, 649, 526, 522, 481, 589, 642, 638, 595, 630, 622, 642, 618, 569, 646, 778, 705, 650, 590, 624, 648, 777, 838, 703, 688, 649, 533, 681, 763, 747, 724, 684, 665, 698, 594, 713, 811, 752, 663, 777, 689, 710, 665, 551, 755, 713, 665, 758, 799, 792, 699, 620, 803, 791, 667, 670, 645, 778, 755, 568, 631, 758, 729, 726, 1047, 1066, 830, 657, 818, 1035, 846, 880, 1246, 1073, 771, 679, 930, 1073, 825, 835, 1215, 1177, 934, 700, 860, 1050, 910, 811, 1541, 1772, 1204, 739, 1177, 1466, 1217, 778, 1842, 2045, 1197, 682, 1309, 1880, 1488, 766, 1399, 1428, 949, 728, 1090, 1351, 1021, 685, 727, 762, 704, 693, 730, 820, 777, 560, 591, 645, 582, 592, 612, 707, 647, 599, 772, 713, 584, 598, 648, 766, 670, 599, 753, 626, 580, 646, 692, 707, 555, 620, 699, 597, 554, 590, 686, 607, 460, 664, 689, 565, 555, 599, 596, 645, 585, 544, 510, 463, 480, 562, 488, 608, 633, 518, 486, 527, 493, 524, 492, 575, 643, 471, 456, 488, 520, 515, 527, 483, 567, 449, 492, 487, 535, 574, 529, 481, 522, 417, 360, 465, 551, 491, 394, 427, 465, 436, 428, 411, 409, 457, 444, 409, 435, 481, 426, 413, 434, 428, 385, 429, 512, 472, 521, 555, 534, 481, 442, 467, 504]"
0.869347095489502,-1.2026631832122803,0.8915436267852783,-0.3358156383037567,-1.374995470046997,0.9324291348457336,-0.43029531836509705,-0.6360875368118286,1.2049198150634766,20.75,-0.4850255250930786,1.1770248413085938,25.75,-0.269018292427063,0.9248256683349609,29.0,-0.09578335285186768,0.8158206939697266,-26.25,-0.09292232990264893,0.8425712585449219,19.5,"[524, 677, 687, 586, 524, 587, 684, 675, 611, 618, 666, 551, 571, 665, 680, 678, 669, 649, 584, 529, 519, 569, 644, 630, 572, 575, 537, 545, 482, 469, 539, 549, 482, 507, 530, 514, 435, 414, 448, 493, 617, 601, 527, 456, 458, 489, 453, 570, 560, 507, 478, 471, 534, 456, 465, 593, 467, 465, 517, 513, 514, 555, 614, 599, 443, 429, 481, 476, 438, 501, 571, 515, 460, 482, 534, 540, 459, 502, 535, 463, 444, 563, 590, 582, 552, 530, 502, 487, 584, 580, 588, 595, 580, 520, 501, 551, 483, 450, 571, 563, 511, 502, 550, 558, 546, 588, 562, 633, 659, 625, 596, 567, 572, 636, 635, 626, 551, 596, 537, 491, 592, 517, 556, 562, 520, 537, 491, 529, 591, 536, 540, 588, 563, 612, 611, 565, 570, 516, 503, 532, 554, 598, 584, 557, 609, 570, 500, 537, 538, 529, 554, 610, 648, 549, 536, 675, 643, 558, 541, 646, 504, 512, 470, 518, 501, 526, 561, 489, 567, 621, 597, 599, 605, 545, 540, 538, 631, 574, 470, 532, 574, 621, 600, 570, 616, 608, 502, 495, 488, 496, 578, 530, 549, 588, 522, 511, 467, 442, 461, 457, 611, 561, 515, 532, 560, 563, 466, 530, 611, 572, 517, 567, 551, 545, 523, 532, 547, 495, 594, 540, 577, 605, 548, 563, 604, 636, 558, 513, 592, 567, 506, 494, 645, 591, 543, 594, 605, 601, 513, 529, 607, 583, 553, 485, 602, 638, 534, 575, 605, 570, 558, 543, 592, 579, 578, 635, 486, 494, 534, 560, 571, 554, 577, 539, 495, 530, 557, 614, 629, 572, 534, 541, 488, 522, 478, 555, 609, 560, 495, 472, 525, 454, 456, 559, 599, 501, 486, 526, 578, 508, 514, 574, 612, 560, 528, 523, 571, 618, 609, 613, 556, 575, 576, 576, 570, 529, 621, 639, 489, 446, 556, 559, 481, 532, 653, 641, 554, 584, 613, 593, 518, 494, 491, 587, 623, 594, 554, 520, 559, 628, 526, 558, 675, 698, 602, 534, 515, 580, 597, 617, 644, 600, 584, 531, 621, 574, 531, 529, 589, 583, 475, 548, 518, 628, 614, 463, 516, 534, 520, 458, 599, 642, 681, 607, 569, 622, 652, 603, 1126, 1053, 1258, 1082, 945, 1144, 2107, 2093, 2803, 2271, 3386, 2494, 2108, 2420, 5656, 6017, 2257, 1677, 2660, 2944, 2358, 1878, 4903, 5157, 9193, 4739, 10340, 8520, 4097, 4121, 12179, 15410, 21747, 13515, 27855, 20412, 10705, 11766, 35354, 41855, 19146, 13324, 26567, 18888, 9895, 12066, 34792, 39685, 7872, 4614, 10764, 8612, 3849, 4762, 13136, 15399, 3002, 2194, 3526, 3002, 1625, 1733, 2838, 3853, 3675, 10316, 10288, 4293, 1976, 5380, 9158, 6528, 3918, 13745, 14249, 6325, 2035, 7169, 12339, 8767, 2453, 6956, 6826, 2760, 1468, 3387, 5450, 3592, 1178, 1974, 1716, 844, 824, 1086, 1397, 987, 1026, 1928, 1833, 955, 788, 1188, 1640, 1160, 863, 1642, 1681, 1012, 656, 1010, 1358, 1044, 778, 991, 1029, 771, 621, 644, 731, 722, 701, 863, 797, 564, 661, 653, 703, 555, 594, 765, 699, 575, 554, 572, 634, 568, 626, 761, 780, 577, 567, 583, 670, 686, 632, 724, 696, 543, 557, 616, 661, 697, 676, 838, 821, 709, 689, 778, 761, 662, 1056, 1495, 1389, 884, 988, 1103, 801, 649, 1434, 1853, 1687, 1060, 1070, 1501, 1305, 926, 1456, 1656, 1706, 1248, 1025, 1589, 1316, 1106, 1008, 1779, 2122, 1332, 952, 1341, 1182, 1053, 1787, 3246, 3202, 1957, 1338, 1839, 1807, 1517, 3071, 4516, 3952, 1927, 2320, 3005, 2694, 2311, 3193, 4610, 4222, 2415, 2855, 2850, 2716, 2609, 2105, 3489, 3794, 2722, 1991, 1681, 2166, 1978, 1401, 2219, 2546, 1948, 1117, 1189, 1538, 1266, 1039, 1806, 1938, 1374, 1011, 1154, 1285, 914, 924, 1212, 1349, 1078, 817, 803, 998, 920, 1001, 1198, 1118, 879, 789, 886, 926, 876, 977, 1149, 886, 711, 864, 880, 850, 687, 985, 1221, 900, 696, 860, 853, 757, 714, 812, 1000, 773, 571, 665, 666, 746, 687, 714, 880, 753, 589, 652, 661, 840, 713, 827, 941, 867, 749, 696, 711, 740, 746, 736, 838, 841, 689, 759, 760, 684, 695, 754, 864, 783, 662, 765, 709, 712, 718, 756, 810, 701, 628, 706, 752, 716, 706, 825, 882, 951, 859, 800, 770, 844, 829, 706, 864, 1034, 831, 763, 877, 819, 841, 579, 739, 809, 671, 708, 709, 757, 723, 606, 590, 718, 735, 653, 637, 664, 674, 611, 596, 675, 784, 666, 611, 715, 662, 644, 644, 677, 724, 614, 606, 610, 590, 591, 567, 567, 586, 570, 605, 590, 527, 534, 583, 728, 636, 530, 710, 612, 563, 566, 569, 658, 575, 588, 632, 711, 649, 678, 641, 574, 627, 692, 632, 690, 634, 585, 535, 553, 636, 584, 596, 680, 656, 552, 573, 632, 741, 627, 587, 702, 632, 602, 574, 592, 699, 624, 557, 656, 667, 629, 588, 619, 715, 683, 511, 645, 727, 684, 627, 526, 580, 745, 739, 712, 672, 704, 592, 598, 692, 710, 653, 679, 734, 716, 653, 659, 777, 791, 670, 742, 770, 662, 653, 640, 735, 723, 656, 830, 885, 710, 702, 718, 779, 731, 591, 769, 832, 809, 738, 757, 725, 628, 587, 747, 886, 735, 773, 841, 656, 552, 693, 767, 805, 685, 1437, 1642, 988, 508, 987, 1394, 1041, 871, 2528, 2660, 1334, 633, 1421, 2282, 1663, 1050, 2302, 2440, 1364, 763, 1447, 2248, 1756, 1009, 2303, 2725, 1589, 710, 1486, 2567, 2224, 866, 2186, 2694, 1708, 743, 1638, 2790, 2368, 590, 1636, 1933, 1291, 654, 1466, 2080, 1526, 600, 948, 1119, 788, 587, 943, 1222, 988, 703, 831, 772, 599, 679, 757, 867, 757, 580, 744, 843, 650, 567, 617, 725, 673, 451, 644, 815, 673, 533, 618, 642, 544, 505, 580, 710, 704, 595, 567, 595, 554, 569, 519, 602, 600, 498, 518, 619, 632, 550, 662, 587, 427, 513, 562, 499, 523, 665, 631, 546, 549, 628, 617, 539, 596, 669, 599, 554, 535, 532, 556, 575, 667, 603, 568, 533, 537, 503, 543, 514, 551, 469, 552, 556, 439, 407, 591, 583, 430, 394, 417, 429, 414, 351, 497, 541, 480, 530, 449, 466, 555, 466, 407, 435, 490, 429, 387, 501, 544, 482, 490, 487, 481, 380, 381, 437, 431, 447, 443, 491, 459]"
0.7989159226417542,-1.048067331314087,0.7654241323471069,-0.457150399684906,-0.9655758142471313,0.6492609977722168,-0.49418938159942627,-1.1671323776245117,1.4834403991699219,17.75,-0.38678836822509766,1.0162353515625,23.0,-0.3530282974243164,0.7397174835205078,18.75,-0.28765392303466797,0.8671760559082031,22.5,0.18055248260498047,0.5889415740966797,19.5,"[573, 585, 552, 509, 461, 498, 546, 588, 549, 586, 523, 497, 640, 614, 556, 520, 531, 573, 527, 511, 538, 487, 500, 524, 483, 480, 567, 602, 563, 510, 544, 594, 548, 531, 514, 587, 578, 579, 566, 570, 565, 519, 512, 577, 605, 557, 542, 565, 506, 565, 552, 565, 631, 543, 548, 505, 553, 518, 565, 575, 519, 494, 508, 558, 492, 472, 531, 465, 449, 572, 521, 499, 609, 596, 527, 461, 553, 665, 566, 531, 605, 635, 487, 502, 652, 603, 516, 531, 575, 604, 581, 468, 537, 612, 588, 561, 479, 560, 555, 521, 500, 527, 581, 522, 459, 577, 562, 501, 485, 500, 528, 469, 579, 556, 489, 519, 566, 573, 515, 558, 600, 524, 540, 579, 584, 531, 541, 595, 659, 582, 492, 547, 600, 544, 504, 528, 587, 540, 452, 606, 677, 642, 619, 546, 574, 520, 569, 584, 550, 617, 659, 570, 572, 540, 534, 545, 541, 588, 618, 616, 513, 497, 429, 508, 551, 400, 465, 511, 502, 457, 438, 531, 520, 492, 480, 465, 623, 523, 485, 539, 598, 580, 476, 559, 516, 502, 498, 493, 474, 493, 445, 468, 578, 525, 502, 563, 622, 556, 527, 545, 587, 559, 566, 544, 592, 569, 605, 628, 602, 669, 585, 560, 553, 610, 591, 604, 497, 603, 561, 528, 473, 525, 627, 586, 547, 546, 515, 522, 493, 549, 642, 646, 511, 434, 515, 506, 554, 547, 568, 596, 508, 487, 575, 576, 530, 452, 481, 612, 577, 631, 550, 535, 591, 517, 418, 472, 554, 543, 525, 535, 542, 535, 464, 424, 562, 481, 525, 640, 582, 506, 524, 584, 555, 457, 475, 609, 565, 456, 523, 599, 466, 460, 496, 573, 524, 504, 558, 546, 536, 544, 512, 469, 535, 574, 537, 503, 535, 421, 526, 536, 497, 514, 547, 590, 523, 514, 529, 542, 544, 626, 627, 567, 529, 604, 544, 654, 685, 658, 655, 535, 565, 588, 624, 568, 556, 631, 615, 635, 534, 511, 585, 543, 534, 565, 601, 646, 675, 663, 596, 628, 518, 518, 586, 595, 600, 639, 658, 600, 529, 549, 623, 602, 672, 701, 740, 620, 565, 817, 1181, 1101, 2097, 1768, 2323, 1816, 1466, 2215, 4407, 4380, 3953, 2784, 4180, 3462, 2860, 3310, 7691, 8127, 4321, 2429, 4393, 3574, 3034, 2436, 6615, 7798, 4524, 1450, 4791, 4414, 2298, 1086, 4776, 6976, 4408, 1811, 4121, 4478, 3113, 1929, 3372, 5738, 4637, 3732, 6911, 5565, 4201, 2722, 9055, 10328, 2745, 7719, 10618, 6252, 2944, 4694, 11438, 11006, 1928, 7530, 8947, 5293, 1484, 4780, 8578, 6783, 2555, 8836, 10565, 5810, 1584, 5054, 9394, 7943, 2532, 11932, 13604, 6801, 1523, 5973, 11627, 9554, 2181, 8743, 9611, 4651, 1179, 4241, 7991, 6257, 1234, 3025, 3303, 1949, 955, 2203, 3265, 2293, 886, 1707, 1785, 1196, 759, 1320, 1800, 1230, 821, 1086, 1099, 794, 617, 877, 933, 730, 845, 1113, 1057, 820, 690, 924, 966, 892, 764, 802, 884, 681, 633, 713, 836, 846, 561, 644, 683, 591, 526, 542, 649, 630, 598, 698, 696, 558, 524, 569, 655, 636, 756, 968, 852, 652, 736, 708, 673, 651, 863, 1155, 1045, 642, 807, 746, 741, 701, 805, 1044, 855, 603, 707, 695, 731, 623, 1010, 1296, 1121, 765, 904, 1013, 914, 707, 1333, 1958, 1935, 1299, 1206, 1490, 1184, 1034, 1553, 2146, 2111, 1330, 1311, 1672, 1383, 1002, 1751, 2875, 2522, 1067, 1355, 1637, 1716, 1118, 2591, 3348, 2987, 1677, 2051, 1939, 1972, 1611, 2786, 2872, 2153, 1605, 2040, 2170, 1925, 1966, 2607, 2603, 2245, 1385, 1916, 2247, 1817, 1931, 2596, 2483, 2423, 2014, 1880, 2063, 1461, 2033, 2049, 1892, 1557, 1479, 1428, 1541, 1030, 1527, 1329, 1421, 1073, 797, 963, 1168, 941, 960, 960, 1343, 1302, 868, 855, 975, 940, 853, 645, 995, 917, 636, 699, 737, 666, 532, 597, 713, 785, 782, 778, 673, 800, 725, 765, 847, 897, 889, 827, 776, 887, 806, 804, 1003, 948, 689, 697, 856, 869, 753, 723, 960, 988, 718, 589, 788, 773, 678, 729, 816, 797, 705, 720, 640, 693, 693, 644, 723, 790, 822, 695, 632, 789, 795, 615, 618, 667, 743, 681, 629, 650, 645, 572, 701, 750, 628, 627, 602, 644, 563, 720, 856, 682, 598, 639, 645, 603, 570, 767, 832, 822, 731, 717, 612, 796, 812, 619, 716, 734, 747, 777, 721, 639, 684, 542, 549, 683, 663, 669, 617, 589, 588, 708, 544, 646, 794, 742, 586, 654, 864, 615, 602, 801, 801, 682, 601, 731, 813, 690, 700, 820, 827, 690, 565, 686, 801, 686, 646, 685, 761, 772, 671, 719, 796, 651, 649, 544, 600, 592, 677, 664, 634, 525, 580, 617, 598, 561, 588, 592, 589, 579, 596, 655, 657, 547, 581, 700, 675, 650, 574, 556, 646, 679, 576, 685, 798, 734, 674, 648, 735, 716, 604, 772, 904, 573, 643, 714, 661, 605, 583, 657, 728, 647, 676, 768, 704, 607, 640, 651, 691, 603, 616, 682, 716, 635, 547, 692, 714, 597, 702, 836, 746, 591, 589, 702, 682, 661, 728, 773, 748, 614, 698, 711, 695, 644, 642, 673, 666, 630, 650, 831, 832, 752, 659, 711, 728, 724, 666, 906, 957, 833, 823, 720, 637, 768, 694, 804, 912, 755, 1111, 1166, 690, 645, 909, 1313, 1202, 619, 1068, 1308, 856, 539, 842, 1307, 1200, 610, 762, 919, 767, 559, 770, 1015, 897, 885, 1624, 1461, 683, 769, 968, 1770, 1469, 757, 1802, 1767, 887, 698, 1105, 1767, 1325, 619, 1025, 1090, 774, 631, 813, 1006, 809, 553, 635, 611, 629, 622, 614, 743, 650, 680, 608, 643, 722, 691, 618, 723, 678, 878, 777, 832, 803, 766, 739, 784, 935, 758, 823, 765, 610, 699, 698, 785, 821, 666, 682, 672, 710, 731, 699, 787, 721, 674, 632, 687, 669, 603, 620, 563, 629, 500, 615, 696, 643, 486, 596, 632, 503, 515, 510, 591, 630, 507, 566, 654, 561, 517, 576, 677, 606, 533, 586, 636, 609, 582, 547, 595, 572, 452, 488, 527, 618, 501, 589, 609, 525, 514, 548, 517, 472, 489, 572, 646, 561, 477, 448, 529, 490, 533, 627, 655, 482, 455, 554, 580, 554, 472, 492, 567, 517, 357, 500, 593, 533, 441, 460, 477, 468, 415, 418, 486, 471]"
0.7147449254989624,-0.9094590544700623,0.6876752376556396,-0.5962038040161133,-0.6416440010070801,0.4541283845901489,-0.5830665826797485,-0.4488562345504761,0.8634567260742188,22.0,-0.21940219402313232,0.7143974304199219,29.75,-0.1155470609664917,0.6640434265136719,31.25,0.2831364870071411,0.6760597229003906,23.25,0.36839497089385986,0.494384765625,20.25,"[692, 589, 567, 604, 619, 605, 567, 587, 595, 532, 625, 671, 668, 603, 658, 637, 425, 528, 640, 616, 500, 487, 625, 535, 481, 532, 556, 574, 479, 448, 582, 580, 564, 559, 528, 551, 533, 482, 521, 564, 420, 488, 590, 532, 515, 540, 567, 557, 476, 548, 530, 532, 631, 625, 512, 519, 412, 426, 481, 520, 500, 568, 610, 501, 495, 426, 503, 546, 527, 533, 550, 558, 453, 478, 615, 544, 465, 542, 595, 586, 482, 587, 616, 573, 609, 617, 601, 557, 511, 632, 627, 615, 561, 580, 626, 520, 502, 564, 610, 559, 491, 533, 610, 569, 476, 510, 568, 519, 553, 569, 524, 530, 529, 480, 493, 488, 600, 592, 507, 519, 524, 517, 507, 602, 596, 518, 500, 534, 552, 518, 560, 624, 588, 525, 502, 478, 589, 588, 550, 531, 626, 503, 540, 593, 578, 671, 579, 526, 654, 617, 594, 615, 541, 612, 526, 556, 649, 576, 540, 487, 541, 576, 587, 617, 578, 548, 533, 513, 654, 538, 585, 600, 561, 518, 545, 655, 560, 528, 521, 567, 579, 556, 575, 566, 566, 527, 546, 600, 540, 512, 646, 632, 532, 554, 543, 557, 518, 537, 667, 654, 427, 510, 564, 515, 449, 548, 671, 551, 509, 534, 572, 590, 600, 560, 555, 554, 562, 534, 587, 593, 592, 565, 578, 601, 495, 585, 620, 555, 543, 605, 581, 544, 519, 573, 651, 534, 509, 612, 550, 517, 571, 644, 609, 520, 572, 634, 562, 505, 527, 562, 624, 559, 510, 595, 613, 519, 467, 559, 601, 533, 526, 627, 615, 462, 545, 538, 589, 611, 599, 553, 595, 541, 596, 520, 587, 560, 524, 514, 561, 659, 628, 666, 524, 540, 619, 622, 569, 591, 520, 627, 538, 471, 555, 602, 527, 468, 485, 543, 583, 499, 539, 546, 595, 614, 593, 601, 616, 584, 544, 567, 627, 655, 608, 595, 543, 567, 539, 529, 567, 529, 583, 587, 622, 602, 488, 506, 481, 537, 609, 593, 635, 697, 610, 517, 610, 565, 523, 567, 660, 645, 512, 532, 594, 539, 631, 759, 889, 766, 545, 799, 1238, 1053, 1478, 1436, 1883, 1673, 1375, 1757, 3189, 3102, 2842, 2098, 2802, 2734, 2406, 2489, 5044, 5269, 4868, 1840, 3998, 3572, 2904, 2099, 5310, 7183, 9851, 4028, 11994, 10255, 4879, 3175, 13418, 17435, 10720, 7501, 17118, 13515, 5282, 5532, 18858, 22398, 6097, 5885, 11350, 8438, 3171, 4431, 12658, 14153, 2269, 3042, 4513, 3353, 1381, 2231, 4608, 4812, 1240, 2892, 3227, 2130, 1014, 2270, 2956, 2299, 2311, 5789, 6516, 3741, 1271, 3507, 5782, 4593, 3132, 9642, 10731, 5596, 1844, 5726, 10094, 7991, 2529, 7971, 8628, 4261, 1586, 4899, 8453, 6609, 1559, 3708, 3718, 1862, 1047, 2411, 3619, 2753, 837, 1539, 1519, 1010, 753, 1232, 1493, 1140, 864, 827, 912, 835, 738, 873, 776, 762, 765, 804, 730, 631, 657, 739, 732, 747, 635, 659, 641, 566, 636, 588, 570, 703, 634, 613, 594, 594, 648, 583, 565, 640, 596, 646, 598, 576, 672, 607, 626, 651, 634, 687, 632, 563, 560, 485, 623, 704, 633, 613, 562, 485, 466, 509, 538, 647, 905, 1084, 1047, 700, 805, 858, 790, 700, 1495, 2101, 1757, 790, 1147, 1272, 1176, 831, 2104, 3506, 2818, 924, 1544, 1672, 1648, 976, 2567, 4415, 3695, 1318, 1756, 2046, 1827, 1041, 1649, 3842, 4122, 2180, 1488, 1978, 1473, 1035, 1195, 3242, 3939, 2560, 1279, 1709, 1586, 1177, 1241, 2205, 2426, 1710, 1185, 1095, 985, 791, 1209, 2023, 2499, 1840, 971, 1347, 1184, 1155, 1779, 2002, 3167, 2847, 1437, 1681, 1149, 2052, 1814, 1610, 2993, 3031, 1828, 1358, 925, 2040, 961, 1026, 1920, 2045, 1349, 783, 991, 1259, 951, 750, 1088, 1474, 1153, 756, 874, 927, 664, 663, 951, 1085, 821, 638, 778, 826, 697, 685, 818, 785, 677, 586, 877, 1057, 829, 805, 805, 606, 748, 706, 823, 977, 811, 771, 857, 654, 672, 590, 772, 955, 630, 580, 679, 717, 674, 675, 660, 694, 788, 656, 763, 940, 838, 715, 663, 809, 751, 692, 658, 767, 817, 665, 544, 631, 644, 722, 673, 690, 670, 677, 660, 619, 724, 764, 797, 817, 708, 613, 706, 696, 750, 757, 793, 846, 871, 768, 827, 846, 774, 575, 720, 872, 871, 708, 850, 918, 738, 649, 782, 696, 857, 799, 816, 832, 792, 842, 856, 764, 718, 813, 797, 839, 682, 785, 788, 645, 625, 725, 727, 657, 650, 662, 574, 600, 691, 596, 597, 622, 775, 663, 609, 700, 754, 610, 665, 843, 859, 693, 737, 792, 816, 589, 739, 978, 737, 627, 718, 748, 716, 553, 600, 766, 658, 653, 658, 604, 576, 486, 636, 693, 576, 678, 651, 620, 639, 546, 675, 685, 521, 518, 617, 528, 486, 503, 600, 556, 634, 575, 657, 638, 469, 514, 654, 598, 644, 486, 633, 656, 543, 590, 632, 722, 662, 488, 613, 716, 609, 672, 639, 573, 709, 572, 643, 645, 619, 638, 657, 715, 751, 683, 698, 620, 625, 737, 687, 695, 854, 817, 783, 666, 622, 669, 677, 683, 719, 789, 747, 642, 687, 721, 689, 676, 691, 715, 663, 591, 622, 618, 636, 693, 709, 658, 657, 721, 679, 588, 583, 684, 704, 814, 874, 716, 603, 713, 867, 906, 788, 1269, 1544, 991, 624, 960, 1653, 1551, 838, 1161, 1468, 1028, 794, 930, 1487, 1508, 834, 490, 696, 765, 689, 649, 639, 872, 923, 978, 1101, 868, 736, 826, 1147, 1260, 801, 968, 1155, 959, 787, 833, 1092, 1113, 624, 576, 833, 833, 707, 659, 773, 870, 779, 578, 624, 617, 631, 587, 611, 853, 801, 691, 593, 483, 533, 621, 563, 685, 730, 705, 676, 653, 578, 635, 617, 606, 520, 576, 687, 603, 442, 506, 571, 527, 654, 655, 712, 637, 623, 713, 711, 645, 648, 644, 734, 660, 605, 650, 657, 707, 628, 600, 757, 721, 560, 585, 655, 762, 622, 539, 725, 662, 438, 565, 638, 752, 616, 496, 629, 613, 501, 484, 611, 758, 530, 523, 623, 581, 507, 555, 693, 688, 613, 525, 557, 569, 620, 654, 636, 563, 566, 528, 542, 529, 512, 591, 582, 575, 535, 472, 435, 441, 439, 506, 559, 543, 402, 413, 454, 426, 420, 504, 478, 456, 476, 455, 418, 439, 441, 465, 418, 460]"
0.6191073656082153,-0.8980872631072998,0.5917587876319885,-0.7536284923553467,-0.6162291169166565,0.14388278126716614,-0.7445059418678284,-0.7036522626876831,1.1738777160644531,17.25,-0.36934173107147217,0.8149623870849609,-32.0,-0.24803435802459717,0.7634639739990234,-26.75,0.3523513078689575,1.7337799072265625,16.0,0.5142852067947388,1.6601085662841797,17.75,"[537, 587, 600, 533, 515, 532, 598, 585, 535, 645, 777, 649, 626, 555, 661, 681, 538, 585, 650, 589, 546, 549, 603, 631, 602, 568, 543, 627, 564, 529, 529, 519, 587, 523, 480, 498, 546, 571, 454, 461, 526, 547, 534, 436, 530, 522, 580, 576, 622, 583, 475, 527, 640, 558, 524, 615, 520, 590, 459, 445, 608, 537, 480, 478, 492, 600, 532, 496, 523, 447, 521, 439, 453, 520, 576, 543, 483, 462, 560, 582, 597, 567, 483, 493, 477, 419, 469, 563, 509, 573, 562, 489, 514, 463, 476, 484, 487, 497, 489, 457, 482, 555, 534, 491, 464, 505, 505, 433, 518, 522, 421, 438, 594, 547, 583, 616, 625, 525, 539, 652, 505, 557, 612, 594, 589, 561, 597, 524, 494, 550, 579, 528, 525, 483, 611, 575, 519, 541, 618, 619, 497, 547, 686, 675, 546, 491, 588, 577, 551, 491, 518, 570, 585, 558, 521, 536, 485, 553, 609, 529, 590, 649, 509, 572, 517, 592, 602, 441, 475, 573, 660, 624, 494, 546, 595, 470, 442, 593, 654, 510, 541, 554, 499, 401, 560, 656, 618, 540, 637, 686, 536, 518, 640, 563, 572, 701, 645, 647, 532, 595, 542, 529, 599, 612, 559, 555, 572, 597, 531, 550, 592, 655, 613, 581, 555, 513, 568, 580, 584, 548, 499, 632, 581, 467, 534, 541, 554, 588, 538, 575, 553, 564, 528, 496, 479, 510, 484, 538, 636, 606, 588, 578, 458, 449, 509, 527, 507, 519, 609, 644, 507, 413, 527, 559, 498, 507, 520, 523, 484, 430, 476, 511, 465, 485, 569, 566, 509, 516, 485, 510, 492, 437, 556, 601, 576, 480, 476, 547, 538, 423, 525, 566, 650, 619, 534, 484, 617, 617, 562, 537, 647, 658, 599, 539, 646, 684, 650, 472, 569, 635, 624, 497, 574, 727, 599, 585, 598, 574, 535, 498, 567, 650, 579, 711, 732, 572, 527, 670, 576, 524, 633, 701, 708, 615, 561, 574, 547, 502, 607, 657, 639, 668, 634, 584, 536, 521, 598, 656, 678, 784, 667, 603, 684, 688, 928, 1018, 1111, 1077, 794, 1045, 1942, 1820, 1726, 1898, 2073, 2218, 1456, 1901, 4129, 3835, 3050, 2053, 1318, 1791, 1450, 2131, 2828, 3166, 14385, 6370, 11949, 9370, 8025, 6938, 18369, 23088, 23761, 13613, 24744, 17349, 14883, 13807, 38612, 44670, 14813, 14647, 21935, 15506, 11509, 13376, 33987, 35120, 2789, 11120, 13470, 9817, 4098, 8408, 16438, 13310, 2301, 7186, 8394, 5413, 1508, 5120, 9115, 7124, 1662, 4900, 6055, 4531, 1763, 4853, 9395, 7836, 1839, 6735, 9124, 6822, 1755, 6751, 12212, 9965, 1292, 7437, 8886, 5359, 994, 6800, 11277, 8633, 982, 4064, 4116, 2118, 820, 3543, 5368, 3625, 853, 1958, 1806, 894, 567, 1559, 2309, 1533, 717, 1159, 1059, 667, 625, 971, 1338, 954, 675, 793, 748, 616, 695, 748, 940, 836, 613, 737, 631, 569, 641, 668, 790, 685, 621, 727, 709, 650, 629, 670, 738, 649, 687, 723, 674, 606, 605, 594, 605, 558, 584, 579, 707, 619, 540, 565, 572, 536, 634, 611, 680, 653, 592, 497, 625, 674, 615, 598, 654, 691, 609, 532, 654, 690, 597, 936, 868, 656, 790, 696, 665, 615, 792, 1369, 1525, 992, 1006, 990, 673, 760, 2059, 5205, 5233, 2088, 1887, 2688, 2345, 1503, 4780, 9912, 9066, 3291, 3583, 4198, 4169, 2560, 5231, 9326, 8024, 3243, 3633, 3697, 4449, 2579, 3323, 5055, 4135, 2034, 2006, 2981, 3263, 1697, 1304, 1995, 2340, 1413, 1131, 1944, 1663, 1070, 1700, 2635, 4470, 3946, 1729, 1082, 1858, 2314, 2679, 2919, 5585, 5412, 2250, 1441, 2615, 2892, 1731, 1637, 3270, 3257, 1453, 1118, 1386, 1943, 635, 828, 1056, 910, 706, 872, 727, 612, 793, 658, 673, 601, 706, 814, 754, 838, 823, 582, 690, 670, 671, 737, 701, 872, 620, 518, 673, 752, 643, 572, 686, 768, 729, 678, 655, 688, 664, 696, 721, 754, 862, 945, 699, 554, 712, 770, 719, 674, 748, 806, 622, 604, 641, 685, 719, 565, 678, 756, 652, 669, 622, 640, 682, 620, 697, 841, 790, 663, 673, 590, 686, 644, 757, 934, 853, 610, 616, 614, 693, 712, 724, 828, 858, 760, 704, 686, 742, 690, 698, 696, 692, 645, 711, 711, 747, 704, 647, 636, 649, 644, 760, 750, 622, 618, 650, 661, 685, 650, 702, 672, 542, 643, 651, 573, 584, 562, 639, 645, 559, 621, 586, 576, 518, 625, 732, 618, 490, 606, 705, 624, 621, 700, 712, 618, 528, 622, 641, 567, 665, 847, 677, 661, 684, 573, 627, 673, 657, 679, 677, 670, 739, 734, 604, 585, 686, 661, 618, 723, 741, 671, 592, 527, 526, 531, 597, 652, 646, 564, 607, 614, 560, 563, 550, 635, 586, 505, 626, 646, 551, 542, 566, 601, 580, 558, 642, 681, 615, 600, 585, 598, 556, 648, 612, 562, 516, 606, 626, 588, 633, 632, 567, 529, 576, 661, 653, 660, 627, 615, 488, 470, 478, 514, 598, 641, 583, 556, 567, 522, 641, 553, 529, 692, 730, 677, 607, 601, 673, 626, 581, 673, 766, 699, 564, 597, 668, 592, 550, 630, 743, 771, 617, 594, 621, 618, 505, 539, 670, 682, 597, 488, 706, 740, 619, 590, 656, 728, 581, 572, 663, 668, 581, 571, 624, 699, 570, 652, 705, 562, 501, 589, 667, 682, 552, 692, 681, 561, 565, 657, 720, 657, 583, 1078, 1303, 930, 667, 823, 1193, 1067, 599, 1226, 1432, 971, 590, 902, 1325, 1082, 609, 847, 929, 776, 626, 760, 831, 679, 684, 693, 623, 600, 591, 630, 596, 710, 674, 627, 566, 562, 590, 629, 535, 641, 576, 519, 504, 541, 558, 551, 544, 576, 511, 419, 433, 563, 587, 486, 536, 569, 520, 571, 546, 530, 551, 613, 599, 514, 474, 577, 617, 542, 494, 609, 612, 546, 425, 596, 607, 493, 559, 553, 589, 515, 440, 554, 609, 559, 531, 523, 602, 543, 411, 552, 532, 408, 438, 455, 546, 523, 471, 480, 545, 552, 450, 356, 465, 501, 503, 546, 600, 539, 440, 465, 541, 536, 557, 563, 596, 597, 522, 555, 701, 674, 448, 448, 451, 500, 462, 462, 524, 523, 419, 442, 465, 452, 468, 468, 458, 435, 465, 406, 399, 466, 449, 413, 468, 471, 468, 407, 402, 439, 423, 396, 390, 456]"
0.6059907674789429,-0.6679273247718811,0.3796951174736023,-0.6422412991523743,-0.15560764074325562,-0.13512009382247925,-0.4792531430721283,-0.7188960313796997,1.1157989501953125,18.5,-0.6764098405838013,1.0754585266113281,23.75,-0.29074394702911377,0.7840633392333984,24.0,-0.1233741044998169,0.8156776428222656,28.25,-0.004784703254699707,0.6596088409423828,21.5,"[573, 564, 595, 577, 640, 577, 589, 561, 567, 497, 561, 642, 558, 579, 681, 592, 561, 572, 588, 656, 572, 538, 581, 546, 518, 494, 533, 548, 475, 561, 574, 564, 564, 539, 445, 527, 544, 509, 543, 588, 596, 588, 463, 543, 552, 498, 520, 559, 553, 501, 479, 576, 596, 473, 503, 525, 538, 491, 392, 484, 549, 547, 496, 475, 557, 511, 407, 437, 474, 510, 488, 471, 498, 469, 503, 545, 571, 510, 552, 607, 534, 511, 463, 536, 592, 553, 522, 494, 564, 547, 539, 549, 490, 430, 510, 522, 477, 451, 461, 511, 473, 400, 462, 536, 531, 554, 590, 549, 513, 596, 577, 516, 465, 524, 506, 551, 552, 558, 540, 493, 536, 560, 595, 557, 476, 526, 691, 683, 609, 612, 637, 569, 505, 547, 656, 665, 564, 577, 547, 498, 514, 561, 587, 608, 502, 550, 556, 445, 442, 486, 483, 489, 533, 539, 567, 539, 566, 578, 574, 591, 542, 511, 498, 567, 548, 519, 520, 529, 622, 560, 599, 693, 594, 613, 619, 568, 625, 457, 503, 738, 724, 562, 618, 638, 619, 540, 498, 653, 635, 465, 564, 605, 566, 495, 452, 535, 577, 566, 480, 499, 605, 459, 477, 570, 502, 454, 514, 601, 533, 531, 557, 525, 480, 427, 504, 560, 467, 543, 632, 589, 586, 481, 513, 522, 453, 580, 627, 556, 554, 489, 523, 526, 561, 496, 581, 503, 531, 631, 573, 556, 634, 535, 482, 546, 564, 546, 529, 566, 629, 575, 461, 455, 552, 596, 619, 647, 479, 456, 460, 514, 501, 425, 529, 583, 509, 557, 515, 572, 565, 566, 652, 630, 542, 603, 502, 468, 591, 646, 641, 594, 565, 597, 537, 585, 557, 600, 623, 565, 522, 493, 523, 485, 497, 543, 590, 627, 656, 663, 657, 610, 553, 613, 633, 611, 633, 623, 611, 592, 521, 528, 526, 582, 602, 552, 558, 658, 579, 621, 700, 656, 543, 481, 567, 615, 564, 571, 546, 538, 546, 504, 615, 578, 551, 617, 584, 612, 782, 808, 935, 792, 618, 854, 1354, 1219, 2505, 1938, 2816, 2335, 1688, 2097, 4947, 5152, 4779, 2844, 4696, 4107, 3233, 3324, 8415, 9235, 5220, 2738, 4679, 4262, 3538, 3356, 8577, 9630, 6238, 4928, 8730, 6433, 4121, 5225, 13014, 13762, 5137, 9464, 14115, 9529, 3718, 8216, 17913, 17019, 3650, 10478, 14455, 8992, 2559, 6530, 14733, 13945, 2913, 8094, 9658, 5520, 1916, 3679, 8120, 7802, 1681, 7262, 8042, 4243, 1222, 4046, 6839, 5225, 2004, 6495, 8329, 5108, 1094, 4925, 9569, 8333, 4547, 6679, 7952, 4663, 1880, 5022, 9411, 8786, 3546, 4750, 5116, 2704, 1594, 3008, 5383, 4872, 1921, 3565, 3369, 1660, 1100, 1936, 3023, 2457, 1182, 1937, 1674, 860, 829, 1200, 1576, 1144, 636, 825, 723, 587, 589, 646, 806, 739, 496, 732, 757, 572, 577, 650, 771, 736, 544, 694, 658, 566, 573, 619, 632, 586, 548, 591, 568, 522, 525, 584, 597, 565, 578, 609, 514, 464, 540, 583, 565, 565, 659, 758, 704, 658, 602, 751, 867, 707, 513, 778, 718, 556, 573, 689, 875, 702, 603, 981, 1046, 721, 711, 738, 730, 754, 965, 1037, 999, 776, 762, 837, 513, 745, 1515, 2090, 1793, 1101, 1097, 1370, 1188, 961, 1797, 3209, 2967, 1345, 1487, 2269, 1840, 1221, 1519, 3110, 3305, 1637, 1262, 2201, 1769, 1043, 1009, 2216, 2978, 2135, 960, 1759, 1747, 1117, 1459, 1668, 2030, 1851, 1362, 1901, 1925, 1351, 2032, 2105, 1513, 1491, 1541, 1722, 1827, 1583, 2124, 2741, 2221, 1834, 1624, 1584, 1779, 1846, 1231, 1961, 2033, 1666, 1143, 1044, 1350, 1551, 960, 846, 1226, 1147, 828, 826, 887, 1089, 775, 551, 838, 939, 597, 562, 808, 900, 758, 603, 725, 783, 700, 595, 697, 873, 668, 618, 586, 586, 736, 644, 667, 812, 662, 598, 616, 605, 638, 582, 674, 792, 717, 699, 720, 613, 579, 587, 779, 873, 714, 820, 818, 723, 604, 736, 802, 747, 705, 721, 1010, 855, 623, 767, 773, 832, 897, 760, 1084, 1060, 715, 797, 895, 952, 926, 868, 1128, 1114, 777, 708, 938, 994, 770, 738, 746, 841, 773, 642, 807, 825, 745, 750, 598, 549, 702, 718, 664, 644, 757, 740, 738, 727, 729, 800, 821, 671, 767, 815, 743, 722, 759, 747, 734, 754, 743, 717, 646, 723, 658, 611, 587, 665, 633, 731, 591, 671, 771, 755, 696, 582, 562, 615, 602, 669, 636, 729, 742, 612, 575, 593, 626, 640, 628, 603, 631, 610, 693, 594, 598, 625, 630, 507, 497, 685, 740, 540, 587, 692, 660, 532, 636, 829, 660, 615, 744, 738, 681, 625, 722, 745, 567, 573, 599, 615, 664, 582, 561, 599, 577, 522, 549, 577, 632, 605, 581, 639, 555, 537, 535, 553, 576, 507, 447, 530, 688, 585, 486, 615, 571, 525, 544, 637, 627, 598, 588, 679, 634, 591, 658, 635, 620, 564, 549, 705, 640, 463, 572, 636, 649, 573, 461, 538, 692, 711, 541, 510, 633, 566, 543, 575, 695, 633, 619, 569, 651, 678, 597, 610, 582, 588, 643, 635, 532, 616, 764, 728, 578, 592, 713, 720, 596, 521, 615, 721, 622, 614, 699, 704, 622, 567, 584, 649, 614, 657, 638, 614, 665, 618, 706, 546, 637, 715, 682, 715, 709, 747, 770, 620, 733, 744, 829, 831, 651, 818, 787, 650, 642, 762, 779, 715, 641, 977, 1035, 780, 621, 724, 776, 660, 595, 775, 853, 709, 534, 542, 683, 743, 663, 616, 663, 647, 703, 665, 582, 630, 592, 608, 629, 623, 653, 590, 477, 526, 542, 560, 672, 662, 600, 590, 598, 576, 571, 533, 521, 600, 613, 618, 607, 598, 648, 591, 584, 669, 637, 559, 537, 620, 607, 544, 643, 661, 583, 495, 609, 683, 640, 640, 682, 688, 650, 621, 643, 701, 583, 645, 700, 653, 545, 590, 613, 588, 660, 607, 634, 606, 530, 469, 506, 606, 577, 540, 600, 504, 490, 509, 480, 580, 580, 560, 581, 493, 543, 548, 540, 554, 467, 514, 487, 448, 483, 487, 509, 470, 449, 487, 441, 397, 480, 497, 455, 422, 455, 439, 458, 473, 446, 455, 459, 451, 521, 506, 465, 479, 468, 394, 435, 455, 487, 543, 432, 426, 414, 438, 464, 421, 458, 476, 416, 403, 460, 484, 459, 436]"
0.6113229990005493,-0.36131158471107483,0.07752037048339844,-0.48669397830963135,0.3482670187950134,-0.5414228439331055,-0.19327238202095032,-0.7270128726959229,1.146554946899414,17.0,-0.7066996097564697,1.1050701141357422,25.75,-0.6523401737213135,1.9080162048339844,18.0,-0.1885683536529541,0.7511615753173828,-30.0,-0.015476465225219727,0.9231090545654297,21.0,"[437, 551, 622, 566, 507, 561, 622, 553, 500, 577, 620, 566, 542, 593, 643, 557, 566, 548, 501, 626, 590, 554, 528, 533, 548, 510, 524, 547, 529, 433, 483, 496, 551, 551, 538, 480, 465, 474, 492, 573, 597, 593, 598, 553, 531, 553, 518, 580, 493, 611, 602, 574, 537, 534, 523, 505, 435, 549, 580, 515, 502, 555, 610, 452, 510, 502, 527, 528, 539, 498, 452, 452, 559, 547, 591, 633, 511, 493, 517, 531, 564, 473, 511, 605, 612, 595, 613, 607, 557, 511, 613, 547, 615, 669, 620, 595, 539, 490, 614, 612, 525, 548, 581, 623, 512, 511, 575, 566, 476, 439, 539, 613, 586, 494, 500, 647, 634, 457, 529, 660, 595, 533, 519, 569, 533, 470, 552, 587, 498, 513, 481, 518, 518, 495, 568, 524, 461, 473, 547, 435, 491, 560, 524, 484, 557, 520, 530, 519, 664, 636, 508, 555, 505, 564, 625, 674, 559, 549, 587, 560, 515, 613, 665, 578, 550, 545, 561, 514, 527, 669, 673, 620, 608, 609, 704, 605, 567, 650, 639, 562, 562, 545, 638, 648, 497, 541, 549, 485, 518, 570, 545, 546, 484, 570, 605, 585, 599, 504, 539, 532, 535, 579, 530, 573, 663, 506, 532, 546, 562, 556, 550, 649, 660, 535, 568, 581, 546, 454, 543, 600, 608, 576, 583, 599, 527, 491, 484, 532, 565, 552, 526, 503, 564, 564, 585, 643, 663, 544, 524, 572, 594, 539, 593, 611, 561, 515, 522, 530, 594, 598, 655, 552, 492, 634, 662, 663, 555, 541, 586, 483, 475, 569, 634, 614, 603, 586, 578, 500, 510, 631, 607, 592, 584, 559, 579, 519, 469, 622, 573, 497, 627, 641, 513, 494, 525, 568, 625, 506, 610, 565, 539, 536, 479, 503, 655, 631, 597, 546, 524, 484, 442, 605, 576, 544, 515, 540, 475, 501, 541, 551, 548, 505, 595, 576, 467, 490, 523, 470, 487, 547, 518, 554, 464, 530, 550, 476, 470, 506, 600, 563, 629, 639, 597, 631, 755, 751, 1846, 1492, 2182, 1808, 1327, 1930, 3999, 4011, 5259, 3435, 5892, 4548, 3534, 3907, 10340, 11182, 5838, 2538, 5547, 4732, 4113, 2892, 9548, 11201, 5983, 4801, 6579, 5004, 3528, 4420, 8926, 9820, 15311, 8716, 15701, 10979, 8126, 8683, 23674, 27845, 16564, 7050, 11828, 10013, 8328, 7119, 20232, 25975, 10899, 7234, 6954, 4823, 5005, 5443, 9955, 12005, 5471, 6949, 6119, 2863, 2435, 5139, 7643, 6547, 2985, 5758, 7187, 3853, 1515, 4562, 8883, 8214, 1806, 4150, 5595, 3333, 1082, 3380, 6841, 6356, 1104, 2787, 3465, 2128, 859, 1798, 3194, 2767, 1152, 2750, 2984, 1638, 730, 1510, 2139, 1680, 982, 2304, 2576, 1421, 674, 1297, 1878, 1668, 713, 1168, 1187, 851, 620, 929, 1086, 808, 593, 763, 848, 720, 524, 804, 990, 769, 678, 747, 814, 705, 578, 763, 832, 678, 637, 709, 667, 653, 628, 653, 635, 580, 560, 666, 637, 574, 533, 589, 644, 568, 569, 687, 653, 620, 599, 585, 704, 585, 586, 571, 653, 739, 720, 588, 712, 702, 657, 703, 626, 625, 592, 641, 712, 580, 915, 1466, 1525, 914, 880, 1054, 951, 863, 1542, 3571, 3607, 1504, 1344, 1933, 1878, 1467, 2235, 5615, 5830, 2575, 1683, 2964, 3009, 1939, 3015, 7050, 8002, 4376, 2218, 4743, 4658, 2561, 3077, 5472, 6492, 3921, 2050, 4227, 4099, 2420, 2383, 2929, 2850, 2322, 1706, 2145, 2428, 1868, 2149, 2767, 2812, 2614, 2218, 1655, 1776, 1829, 1646, 2320, 3099, 3084, 2263, 1420, 1594, 1931, 2460, 2122, 2020, 2295, 2185, 2166, 1485, 1902, 2272, 1508, 1570, 1895, 1584, 2220, 1422, 1351, 1113, 1067, 1486, 1414, 906, 1350, 1152, 828, 1152, 1171, 1056, 877, 712, 980, 860, 726, 888, 731, 833, 835, 707, 880, 656, 658, 716, 806, 813, 781, 697, 726, 662, 675, 656, 852, 828, 663, 657, 726, 753, 685, 568, 726, 781, 772, 693, 678, 711, 702, 703, 645, 720, 700, 651, 635, 657, 744, 733, 638, 875, 844, 568, 590, 777, 823, 823, 694, 894, 922, 621, 599, 859, 912, 726, 745, 719, 876, 692, 544, 797, 870, 717, 801, 741, 656, 581, 633, 685, 709, 661, 663, 619, 569, 550, 661, 535, 588, 567, 553, 587, 599, 553, 567, 500, 559, 620, 568, 595, 608, 621, 541, 636, 668, 583, 716, 706, 622, 654, 676, 691, 663, 698, 798, 665, 619, 673, 726, 716, 667, 817, 667, 540, 573, 680, 679, 648, 773, 745, 689, 679, 649, 701, 518, 639, 768, 717, 752, 755, 803, 903, 698, 707, 849, 653, 641, 739, 691, 558, 544, 697, 742, 697, 601, 655, 615, 603, 767, 660, 630, 739, 677, 454, 584, 670, 661, 524, 538, 637, 558, 571, 618, 592, 645, 636, 557, 652, 634, 635, 577, 607, 596, 540, 590, 542, 569, 614, 679, 793, 707, 527, 533, 614, 591, 541, 693, 747, 605, 626, 736, 569, 441, 446, 626, 675, 548, 584, 745, 604, 602, 534, 574, 645, 609, 686, 701, 550, 614, 608, 648, 662, 782, 793, 611, 675, 636, 652, 645, 635, 584, 647, 715, 671, 672, 749, 680, 634, 645, 622, 694, 709, 641, 717, 647, 592, 645, 632, 755, 750, 717, 707, 642, 511, 649, 638, 715, 793, 1319, 1255, 755, 617, 891, 1100, 834, 614, 1502, 1639, 973, 745, 907, 1330, 1254, 635, 1003, 1252, 874, 706, 777, 1137, 1187, 787, 814, 905, 705, 670, 791, 710, 776, 662, 651, 737, 749, 696, 760, 676, 645, 619, 727, 816, 798, 625, 589, 807, 743, 603, 670, 808, 827, 633, 671, 930, 833, 652, 691, 781, 721, 568, 645, 872, 828, 602, 661, 800, 701, 599, 531, 783, 876, 597, 660, 805, 670, 524, 630, 830, 809, 573, 658, 661, 567, 520, 595, 674, 598, 525, 627, 605, 533, 503, 645, 674, 524, 645, 600, 630, 666, 566, 686, 691, 674, 729, 677, 606, 678, 698, 695, 612, 626, 531, 509, 539, 513, 504, 605, 580, 525, 502, 489, 513, 494, 476, 496, 550, 556, 527, 522, 462, 505, 495, 424, 440, 507, 531, 451, 398, 427, 500, 413, 433, 511, 559, 498, 468, 425, 438, 427, 479, 582, 532, 517, 496, 451, 432, 504, 550, 574, 425, 452, 473, 454, 409, 453, 489, 419, 372, 396, 394, 371, 407, 372, 429, 422]"
0.5884274840354919,-0.24678844213485718,-0.0844469666481018,-0.4296129047870636,0.4696151316165924,-0.7071198225021362,-0.0906941220164299,-0.3595525026321411,0.8751869201660156,19.5,-0.323217511177063,0.8329868316650391,26.75,-0.1828843355178833,0.6937980651855469,26.75,-0.1581364870071411,0.7195472717285156,25.25,0.14270007610321045,0.48580169677734375,21.75,"[556, 520, 517, 562, 540, 564, 515, 521, 445, 485, 519, 603, 567, 458, 501, 509, 444, 552, 590, 540, 567, 524, 471, 446, 431, 545, 581, 506, 442, 484, 486, 448, 476, 597, 530, 433, 528, 538, 508, 460, 475, 556, 589, 524, 461, 475, 520, 459, 439, 473, 503, 545, 533, 472, 546, 575, 456, 464, 470, 542, 522, 465, 521, 544, 490, 506, 510, 490, 490, 501, 534, 507, 519, 599, 547, 497, 473, 550, 529, 448, 523, 529, 532, 579, 552, 574, 629, 521, 510, 511, 536, 576, 548, 498, 514, 477, 490, 492, 515, 545, 539, 432, 547, 552, 588, 562, 518, 551, 517, 504, 604, 537, 602, 578, 531, 517, 538, 564, 512, 552, 565, 540, 540, 526, 529, 550, 468, 522, 529, 533, 469, 458, 485, 474, 483, 487, 540, 507, 527, 518, 453, 453, 511, 591, 581, 554, 680, 599, 582, 565, 506, 615, 524, 603, 697, 614, 527, 603, 594, 513, 475, 631, 687, 575, 466, 561, 586, 514, 534, 559, 575, 545, 533, 459, 461, 478, 537, 560, 608, 599, 607, 535, 522, 552, 544, 572, 601, 535, 519, 572, 614, 563, 479, 484, 535, 533, 556, 613, 577, 484, 570, 599, 542, 524, 647, 626, 475, 484, 530, 546, 544, 612, 652, 596, 507, 524, 490, 562, 519, 573, 636, 542, 568, 501, 534, 610, 490, 467, 590, 558, 508, 482, 564, 662, 585, 566, 612, 545, 525, 497, 618, 641, 564, 667, 673, 600, 583, 521, 546, 539, 597, 688, 646, 563, 569, 563, 534, 461, 520, 644, 535, 513, 551, 526, 557, 565, 519, 519, 521, 681, 625, 454, 577, 623, 618, 614, 619, 598, 610, 611, 479, 462, 604, 654, 532, 536, 598, 582, 550, 584, 508, 523, 592, 574, 488, 431, 551, 502, 512, 542, 592, 600, 552, 548, 586, 545, 527, 565, 574, 548, 509, 583, 607, 586, 503, 524, 587, 593, 555, 526, 612, 605, 696, 691, 615, 693, 900, 839, 2611, 2089, 2942, 2117, 1750, 2283, 4674, 4937, 5787, 4207, 6845, 4990, 3798, 4347, 10547, 11535, 5507, 4081, 7432, 5717, 3652, 4021, 10539, 11569, 5764, 4446, 6094, 5003, 3515, 4650, 8839, 9611, 13380, 7580, 12998, 10958, 9125, 8911, 21200, 24167, 13586, 9384, 18702, 14919, 10796, 8883, 27256, 30331, 5038, 17308, 23316, 14157, 6302, 10423, 25134, 23729, 3361, 16330, 18089, 8867, 1976, 8554, 16154, 12392, 3085, 7179, 7039, 3190, 1451, 4273, 6790, 4755, 2221, 4905, 5306, 3087, 1543, 3422, 5600, 4485, 3385, 7328, 7669, 4140, 1577, 4053, 6521, 4989, 3220, 7720, 7817, 3797, 1350, 3941, 6530, 4929, 1722, 4410, 4455, 2156, 945, 2307, 3638, 2700, 991, 2091, 2034, 1057, 731, 1214, 1720, 1221, 863, 1207, 1074, 679, 662, 906, 1090, 851, 738, 965, 891, 611, 629, 820, 1026, 783, 655, 824, 934, 682, 656, 741, 888, 835, 645, 626, 816, 781, 664, 584, 717, 776, 573, 565, 623, 684, 702, 663, 722, 666, 547, 573, 708, 672, 652, 654, 685, 700, 558, 654, 749, 650, 633, 628, 709, 760, 623, 676, 769, 686, 638, 601, 607, 726, 794, 1043, 1128, 889, 902, 956, 814, 872, 1321, 2346, 2278, 1044, 1350, 1682, 1368, 1084, 2960, 5154, 4999, 2003, 2302, 3121, 2398, 1851, 4981, 7782, 6762, 2732, 3289, 4263, 3679, 2616, 4206, 6469, 5241, 2058, 2655, 3018, 2928, 2056, 2628, 3501, 3066, 1887, 2182, 1997, 1653, 1778, 3142, 2996, 2502, 2417, 2217, 1939, 1618, 2292, 3838, 2998, 3008, 3671, 3386, 2818, 1430, 2867, 3001, 1967, 2331, 3249, 2838, 2304, 1210, 2293, 1298, 710, 1157, 1425, 1148, 1176, 853, 1090, 806, 574, 698, 827, 601, 663, 689, 773, 759, 773, 765, 821, 810, 651, 598, 697, 616, 751, 832, 757, 718, 802, 668, 585, 553, 707, 844, 758, 684, 782, 741, 556, 646, 760, 847, 757, 713, 816, 767, 632, 740, 807, 759, 711, 759, 838, 741, 599, 865, 920, 690, 633, 728, 845, 744, 617, 677, 737, 677, 626, 601, 599, 658, 671, 642, 762, 690, 644, 606, 707, 765, 668, 703, 781, 717, 760, 647, 715, 867, 653, 805, 975, 947, 855, 784, 868, 971, 788, 900, 1188, 1173, 1027, 1068, 1074, 1031, 854, 863, 1009, 1016, 997, 1044, 974, 967, 848, 653, 838, 770, 612, 681, 743, 709, 552, 639, 758, 630, 468, 537, 783, 760, 563, 661, 800, 838, 797, 597, 795, 903, 652, 457, 698, 742, 789, 685, 655, 801, 638, 719, 651, 889, 974, 756, 598, 1051, 1122, 1087, 644, 953, 1084, 952, 699, 1215, 1541, 1038, 776, 873, 848, 838, 725, 829, 1166, 711, 622, 616, 609, 814, 696, 507, 725, 635, 582, 549, 587, 599, 548, 526, 578, 616, 756, 676, 538, 614, 599, 605, 585, 609, 733, 610, 666, 746, 711, 625, 559, 671, 610, 623, 678, 665, 631, 684, 651, 585, 533, 553, 640, 609, 565, 647, 668, 548, 508, 496, 590, 630, 635, 772, 694, 568, 549, 644, 604, 591, 696, 647, 615, 598, 585, 591, 598, 692, 690, 658, 609, 731, 648, 620, 630, 709, 633, 610, 680, 763, 632, 699, 798, 706, 525, 663, 792, 773, 634, 900, 1072, 775, 562, 999, 1063, 827, 845, 1269, 1361, 1006, 682, 1745, 1813, 1013, 1051, 1146, 1074, 1113, 746, 1567, 1789, 773, 1091, 1216, 853, 882, 973, 1123, 1081, 708, 1041, 1073, 793, 664, 978, 1177, 1009, 699, 1264, 1223, 742, 619, 961, 1392, 1049, 800, 1679, 1510, 774, 857, 1171, 1918, 1577, 825, 1181, 1109, 805, 829, 908, 1356, 1221, 780, 681, 760, 823, 784, 664, 797, 872, 697, 569, 713, 814, 664, 622, 996, 1045, 701, 740, 820, 838, 612, 709, 1100, 1050, 711, 651, 668, 735, 555, 583, 888, 846, 602, 637, 594, 584, 496, 526, 735, 694, 687, 661, 758, 654, 501, 576, 686, 762, 685, 589, 709, 723, 577, 569, 641, 733, 512, 491, 674, 720, 533, 393, 545, 641, 597, 532, 486, 504, 482, 412, 469, 579, 643, 594, 511, 497, 511, 522, 615, 597, 549, 626, 530, 551, 524, 572, 704, 627, 489, 519, 450, 472, 489, 435, 511, 493, 447, 450, 440, 417, 428, 421, 427, 404, 424, 410, 452, 464, 440, 338, 394, 456, 446, 423, 415, 439, 424, 416, 467, 471, 402, 441, 403, 404, 428, 405, 414, 383]"
0.6403247714042664,-0.27845969796180725,-0.3777361810207367,-0.17075279355049133,0.2856066823005676,-1.1324539184570312,0.23250433802604675,-0.5249172449111938,0.9216785430908203,17.5,-0.25369226932525635,1.0100841522216797,28.0,-0.17859041690826416,0.9171009063720703,28.5,-0.0814586877822876,0.8228302001953125,23.25,-0.035825371742248535,0.7940769195556641,21.0,"[370, 518, 608, 704, 733, 701, 609, 517, 478, 532, 640, 736, 741, 709, 681, 577, 489, 507, 557, 563, 573, 590, 541, 462, 566, 640, 512, 479, 578, 539, 501, 451, 478, 509, 477, 425, 485, 466, 554, 508, 498, 546, 561, 525, 544, 500, 588, 572, 579, 577, 521, 511, 605, 517, 530, 648, 513, 540, 475, 461, 529, 466, 475, 548, 433, 451, 539, 525, 495, 501, 563, 541, 471, 485, 556, 556, 485, 469, 563, 595, 511, 519, 564, 572, 467, 490, 591, 586, 471, 552, 498, 517, 582, 581, 570, 449, 522, 507, 463, 500, 532, 462, 461, 477, 574, 587, 503, 468, 443, 551, 479, 512, 562, 570, 562, 546, 531, 608, 579, 529, 577, 654, 601, 541, 652, 760, 755, 625, 532, 542, 517, 568, 628, 669, 677, 643, 566, 571, 542, 567, 585, 599, 529, 575, 478, 442, 435, 559, 461, 479, 494, 523, 531, 518, 546, 549, 519, 504, 467, 512, 507, 593, 571, 517, 532, 510, 515, 541, 603, 560, 593, 565, 532, 634, 633, 610, 662, 565, 546, 588, 542, 619, 656, 670, 622, 540, 555, 589, 571, 537, 532, 588, 588, 518, 536, 619, 598, 478, 473, 509, 568, 544, 551, 590, 573, 605, 531, 531, 549, 543, 496, 631, 629, 569, 591, 528, 509, 520, 502, 540, 605, 519, 567, 569, 550, 567, 513, 537, 560, 504, 537, 500, 630, 588, 517, 538, 576, 498, 565, 585, 554, 539, 534, 493, 559, 547, 601, 584, 564, 562, 582, 568, 495, 508, 575, 583, 559, 632, 630, 567, 560, 528, 582, 515, 587, 560, 651, 665, 639, 636, 606, 651, 526, 478, 583, 562, 549, 579, 627, 627, 592, 537, 559, 610, 561, 585, 563, 563, 564, 538, 522, 634, 550, 573, 551, 590, 749, 609, 519, 623, 583, 571, 579, 589, 926, 883, 980, 819, 724, 916, 1231, 1257, 1967, 1445, 2335, 1669, 1304, 1403, 3259, 3705, 2271, 1406, 2571, 1910, 1476, 1322, 3758, 4360, 1859, 1328, 1935, 1514, 1115, 1208, 2602, 2997, 2348, 3925, 4784, 3014, 1409, 3682, 6512, 5686, 6507, 9549, 12483, 8263, 4148, 8946, 16662, 15390, 10840, 13407, 19496, 13843, 7115, 12646, 26903, 26346, 8294, 9698, 14639, 11127, 5520, 8982, 20290, 20066, 4673, 8528, 10769, 6969, 2688, 5364, 10718, 9610, 3777, 9559, 10886, 6007, 2106, 4364, 8318, 7103, 3520, 7104, 7425, 3997, 1710, 3356, 6033, 5053, 2846, 5237, 5777, 3255, 1601, 2850, 4913, 4253, 2686, 8140, 8748, 4374, 1477, 4034, 7037, 5369, 3067, 8171, 8165, 3845, 1339, 4062, 6539, 4467, 1553, 3475, 3763, 2033, 854, 1812, 3168, 2758, 1032, 4591, 5428, 2940, 769, 2678, 4744, 3896, 1063, 3564, 4008, 2144, 813, 2343, 3830, 3028, 983, 1769, 1881, 1152, 694, 1248, 1832, 1445, 845, 1201, 1048, 701, 689, 860, 1019, 880, 781, 821, 825, 779, 644, 663, 761, 718, 722, 815, 866, 845, 727, 830, 911, 762, 744, 1068, 1081, 770, 582, 791, 1110, 887, 678, 886, 806, 730, 695, 777, 937, 844, 1006, 1372, 1144, 879, 960, 1085, 911, 707, 1868, 3327, 2825, 1072, 1420, 1682, 1589, 894, 2683, 4466, 3489, 1077, 1897, 2017, 1916, 958, 1927, 2892, 2210, 875, 1411, 1577, 1267, 796, 1741, 2610, 2278, 1286, 1265, 1518, 1278, 1077, 2507, 2779, 3196, 2703, 2009, 2209, 2101, 2080, 3914, 4096, 4506, 3940, 2783, 3252, 3292, 2976, 4195, 4614, 4129, 3427, 2548, 3476, 3400, 2518, 2545, 2956, 2617, 2210, 1752, 2384, 2350, 1654, 1310, 1508, 1479, 1305, 1139, 1193, 1276, 1151, 861, 1101, 1095, 781, 766, 988, 1109, 876, 666, 831, 777, 677, 657, 767, 772, 655, 709, 719, 692, 676, 616, 732, 734, 717, 692, 761, 734, 656, 632, 738, 693, 725, 658, 729, 763, 701, 638, 666, 699, 708, 700, 698, 740, 646, 671, 763, 674, 629, 764, 919, 965, 745, 641, 867, 819, 642, 759, 943, 960, 822, 665, 800, 932, 787, 785, 956, 1014, 927, 723, 785, 979, 916, 860, 848, 1040, 1125, 829, 624, 964, 1007, 792, 827, 1146, 1104, 871, 813, 972, 972, 821, 921, 1168, 1002, 787, 1095, 1096, 892, 669, 866, 899, 732, 811, 1043, 977, 724, 603, 729, 730, 670, 673, 738, 786, 634, 617, 664, 679, 576, 566, 610, 563, 599, 662, 710, 706, 638, 605, 610, 619, 670, 650, 632, 695, 668, 618, 680, 673, 690, 747, 749, 708, 672, 681, 726, 740, 777, 739, 730, 660, 749, 837, 667, 657, 713, 672, 677, 629, 667, 708, 558, 716, 731, 705, 702, 813, 728, 642, 580, 729, 787, 648, 620, 669, 644, 558, 643, 756, 727, 671, 647, 651, 719, 664, 609, 805, 793, 650, 667, 723, 775, 674, 650, 786, 778, 672, 693, 754, 696, 569, 614, 775, 786, 548, 618, 702, 698, 627, 506, 618, 604, 557, 591, 517, 651, 658, 546, 639, 593, 617, 639, 607, 659, 621, 595, 774, 732, 744, 756, 665, 654, 707, 674, 722, 776, 683, 715, 652, 634, 651, 594, 701, 743, 725, 666, 723, 723, 556, 560, 680, 757, 720, 681, 749, 830, 577, 651, 920, 832, 808, 799, 1072, 1077, 763, 888, 1486, 1428, 1107, 849, 1381, 1190, 941, 795, 1637, 1939, 1331, 789, 1384, 1259, 857, 760, 1331, 1873, 928, 1028, 1325, 1139, 751, 871, 1289, 1307, 785, 1177, 1116, 893, 721, 904, 1050, 749, 872, 1198, 1054, 866, 847, 1043, 1079, 718, 893, 1116, 1037, 794, 848, 1085, 1195, 974, 711, 1361, 1230, 689, 667, 1076, 1442, 1092, 828, 1527, 1584, 900, 682, 935, 1971, 1809, 1113, 1704, 1754, 1097, 935, 822, 1704, 1626, 1051, 1578, 1672, 1206, 961, 807, 1247, 1234, 878, 1282, 1128, 817, 771, 970, 1111, 814, 697, 725, 552, 574, 537, 785, 911, 668, 601, 636, 726, 719, 487, 708, 812, 686, 716, 840, 870, 637, 513, 597, 709, 705, 730, 1006, 879, 501, 508, 582, 630, 581, 606, 703, 641, 452, 481, 570, 528, 509, 549, 647, 520, 478, 514, 544, 644, 603, 593, 762, 526, 503, 517, 645, 690, 447, 467, 467, 471, 501, 432, 441, 481, 491, 512, 390, 502, 529, 479, 470, 549, 593, 476, 433, 559, 464, 413, 428, 523, 606, 463, 477, 600, 447, 433, 442, 498, 573, 436, 503, 637, 527, 465, 466, 510, 507, 465, 442, 467, 522, 479, 438, 412, 451]"
0.5946937799453735,-0.329077810049057,-0.5457766652107239,-0.24155917763710022,0.10152262449264526,-1.2853515148162842,0.06398101150989532,-0.6559898853302002,0.9942054748535156,19.5,-0.5120804309844971,0.79193115234375,18.0,-0.2874901294708252,0.6742000579833984,26.0,-0.25530362129211426,0.677490234375,26.5,-0.018553972244262695,0.6544589996337891,19.0,"[670, 648, 582, 612, 690, 609, 583, 651, 576, 569, 570, 578, 648, 585, 569, 617, 500, 547, 569, 587, 596, 523, 543, 536, 571, 672, 537, 481, 460, 501, 553, 478, 524, 573, 534, 478, 526, 540, 465, 482, 584, 600, 526, 509, 527, 492, 469, 541, 544, 539, 574, 557, 566, 527, 450, 532, 575, 560, 582, 594, 531, 482, 494, 585, 518, 552, 575, 644, 577, 564, 515, 479, 468, 498, 555, 604, 555, 529, 564, 555, 498, 532, 545, 574, 495, 497, 571, 526, 581, 492, 550, 615, 533, 485, 545, 539, 537, 543, 564, 579, 561, 495, 511, 526, 622, 503, 590, 573, 632, 602, 454, 607, 558, 531, 548, 443, 568, 592, 474, 517, 567, 582, 576, 489, 548, 678, 618, 600, 565, 531, 514, 538, 535, 548, 522, 560, 530, 570, 579, 543, 603, 578, 497, 478, 595, 570, 603, 575, 569, 567, 600, 640, 577, 605, 651, 628, 683, 701, 630, 649, 579, 572, 635, 663, 691, 640, 656, 668, 572, 670, 651, 563, 622, 630, 571, 598, 630, 608, 564, 546, 602, 546, 458, 581, 706, 734, 625, 603, 709, 620, 502, 582, 539, 689, 621, 541, 649, 611, 575, 557, 537, 551, 540, 513, 540, 640, 623, 575, 467, 532, 597, 534, 486, 564, 566, 474, 587, 666, 597, 530, 531, 519, 506, 428, 521, 548, 641, 609, 492, 520, 517, 493, 573, 550, 626, 560, 485, 508, 518, 545, 503, 498, 567, 612, 522, 506, 576, 532, 531, 573, 620, 652, 591, 618, 669, 561, 473, 498, 632, 565, 519, 584, 574, 566, 554, 604, 641, 562, 523, 613, 579, 549, 898, 745, 615, 604, 641, 749, 761, 851, 2626, 1729, 2649, 1979, 1597, 1549, 3452, 4179, 5269, 3977, 6771, 4794, 2971, 3447, 9018, 10237, 4996, 4706, 8149, 5850, 2756, 3983, 10151, 11041, 1841, 2919, 4664, 3381, 1176, 2131, 4815, 4952, 2210, 2753, 3456, 2313, 1391, 2520, 4431, 4249, 3383, 4734, 6189, 3948, 2250, 4319, 8403, 7986, 4197, 5697, 7717, 4830, 2589, 5094, 10590, 10237, 4337, 3863, 5797, 4220, 2483, 3775, 8366, 8737, 4808, 3750, 7269, 5532, 2406, 2919, 8619, 9916, 4895, 6164, 10506, 7246, 2223, 4134, 11134, 12131, 2811, 5667, 8402, 5381, 1448, 3590, 8485, 8579, 1381, 4368, 4971, 2636, 1153, 2747, 5124, 4220, 2171, 6360, 6661, 3054, 1705, 3556, 5301, 3773, 2403, 6599, 7228, 3593, 1685, 3595, 4989, 3747, 2621, 6760, 7031, 3424, 1571, 2821, 4698, 3518, 3855, 11156, 11127, 4774, 1801, 4740, 8104, 5263, 2736, 5980, 6086, 2910, 1224, 2881, 4665, 3360, 1369, 3330, 3931, 2357, 903, 2453, 3864, 3188, 846, 2786, 3127, 1722, 800, 2042, 3183, 2367, 695, 1631, 1777, 1066, 712, 1221, 1996, 1646, 833, 1579, 1817, 1173, 680, 1190, 1885, 1684, 717, 1114, 1145, 773, 606, 896, 1212, 1055, 654, 955, 1084, 767, 543, 720, 961, 856, 697, 1305, 1249, 780, 772, 826, 978, 859, 972, 1601, 1506, 855, 893, 921, 1031, 881, 1206, 1705, 1457, 765, 998, 1093, 1014, 795, 1281, 1936, 1619, 701, 1197, 1540, 1217, 715, 1220, 1687, 1535, 1042, 1157, 1530, 1352, 900, 2168, 2179, 2041, 1705, 1356, 1834, 1624, 1564, 3136, 3217, 3651, 3071, 1457, 3008, 2571, 2163, 3831, 4611, 5503, 4107, 2256, 4232, 3368, 2683, 4666, 5010, 5677, 4010, 2954, 4824, 3562, 3199, 3645, 3444, 3517, 2606, 2401, 3383, 2424, 2526, 1684, 1855, 1586, 1289, 1442, 1617, 1316, 1017, 1355, 1632, 1337, 988, 1088, 1214, 1170, 959, 1202, 1463, 1396, 938, 857, 1025, 1035, 848, 994, 1400, 1403, 994, 626, 1057, 1145, 778, 810, 1252, 1225, 950, 622, 1004, 1232, 871, 927, 1177, 1087, 822, 745, 840, 939, 970, 782, 1008, 870, 701, 705, 791, 936, 806, 680, 926, 790, 599, 591, 793, 934, 694, 740, 822, 732, 622, 566, 768, 808, 649, 830, 836, 760, 729, 819, 836, 763, 801, 837, 876, 828, 823, 800, 847, 791, 787, 813, 842, 899, 839, 785, 791, 737, 757, 772, 756, 696, 697, 667, 719, 756, 804, 733, 613, 653, 637, 643, 632, 705, 783, 760, 632, 779, 803, 625, 679, 662, 774, 849, 843, 785, 895, 739, 845, 830, 619, 777, 824, 819, 821, 783, 851, 780, 685, 758, 810, 759, 816, 864, 730, 614, 698, 635, 767, 725, 664, 772, 670, 578, 659, 646, 771, 803, 737, 689, 624, 648, 591, 855, 709, 592, 599, 661, 616, 727, 820, 787, 591, 564, 495, 623, 699, 816, 954, 595, 763, 695, 526, 575, 719, 781, 787, 636, 817, 720, 642, 647, 690, 756, 706, 717, 723, 653, 615, 594, 641, 652, 643, 682, 650, 690, 680, 603, 642, 741, 742, 686, 644, 682, 704, 604, 600, 694, 710, 612, 580, 697, 690, 565, 554, 645, 707, 575, 570, 637, 588, 511, 481, 696, 714, 658, 649, 678, 734, 729, 690, 768, 746, 642, 655, 654, 744, 711, 608, 642, 703, 608, 656, 672, 739, 561, 509, 647, 680, 685, 658, 775, 691, 607, 638, 730, 754, 696, 690, 779, 630, 627, 670, 626, 681, 728, 688, 827, 776, 614, 735, 868, 814, 1038, 984, 1386, 1452, 856, 1128, 1776, 1646, 1207, 967, 1697, 1947, 1137, 1150, 2280, 2223, 990, 823, 875, 1077, 1010, 781, 1125, 1232, 867, 1295, 1787, 1522, 897, 1234, 1847, 1733, 1070, 1284, 1705, 1406, 956, 1030, 1735, 1745, 876, 1024, 1291, 1039, 860, 860, 1185, 1101, 718, 846, 1202, 1035, 773, 810, 921, 916, 959, 1295, 1557, 1025, 727, 927, 1085, 1131, 1292, 1592, 1479, 865, 726, 871, 1078, 1141, 1296, 1358, 1087, 798, 716, 767, 769, 927, 1018, 1086, 1093, 867, 716, 791, 880, 1052, 760, 927, 911, 728, 619, 734, 867, 861, 691, 807, 762, 659, 693, 745, 791, 779, 807, 928, 912, 724, 635, 722, 793, 778, 830, 1049, 994, 714, 677, 762, 826, 827, 678, 797, 747, 605, 514, 664, 781, 675, 710, 664, 720, 695, 563, 588, 649, 595, 622, 609, 703, 704, 520, 541, 684, 701, 716, 637, 632, 673, 660, 527, 638, 769, 715, 541, 529, 570, 555, 511, 526, 687, 533, 566, 571, 563, 520, 511, 527, 532, 433, 540, 497, 468, 508, 509, 492, 427, 394, 466, 478, 441, 470, 497, 465, 415, 539, 482, 487, 517, 460, 455, 450, 466, 560, 498, 412, 416, 480, 442, 405, 489]"
0.5330573320388794,-0.36723193526268005,-0.6651769280433655,-0.33185672760009766,0.023721709847450256,-1.2804670333862305,-0.06571029126644135,-0.15722543001174927,0.45790672302246094,21.0,-0.13505250215530396,0.4649162292480469,18.25,-0.11230736970901489,0.2650737762451172,17.5,0.10870665311813354,-0.9143829345703125,15.5,0.3081199526786804,-0.6341457366943359,16.0,"[676, 692, 660, 594, 617, 589, 658, 687, 666, 631, 620, 628, 636, 601, 586, 647, 587, 553, 570, 586, 622, 630, 555, 572, 490, 552, 528, 588, 556, 476, 638, 587, 482, 494, 507, 498, 482, 486, 543, 521, 507, 540, 486, 473, 564, 489, 530, 530, 518, 541, 512, 480, 526, 482, 477, 527, 568, 492, 492, 528, 489, 460, 485, 510, 553, 484, 417, 515, 558, 497, 465, 487, 599, 561, 484, 500, 508, 519, 574, 611, 526, 564, 598, 549, 480, 484, 574, 604, 526, 529, 594, 550, 574, 550, 587, 585, 668, 555, 530, 551, 539, 557, 579, 664, 638, 562, 535, 528, 506, 534, 586, 628, 513, 563, 529, 453, 446, 484, 531, 469, 517, 538, 484, 549, 560, 479, 473, 468, 498, 550, 518, 542, 546, 555, 590, 493, 544, 563, 453, 472, 492, 504, 568, 493, 535, 614, 594, 563, 647, 637, 602, 503, 530, 546, 505, 574, 694, 604, 507, 492, 558, 497, 470, 509, 576, 556, 562, 577, 585, 546, 560, 559, 520, 481, 566, 628, 603, 559, 591, 592, 544, 543, 608, 643, 626, 572, 568, 651, 602, 520, 546, 647, 529, 600, 578, 528, 468, 581, 659, 557, 526, 643, 594, 546, 507, 552, 662, 594, 563, 539, 519, 536, 543, 494, 534, 585, 532, 483, 526, 569, 488, 517, 626, 620, 544, 488, 544, 564, 537, 588, 518, 515, 472, 456, 587, 584, 529, 605, 525, 496, 554, 561, 603, 611, 501, 597, 618, 601, 968, 572, 929, 947, 694, 626, 956, 1193, 2244, 1542, 3418, 2732, 1388, 1301, 3783, 4500, 2879, 2778, 5235, 3830, 1801, 2323, 6179, 6754, 1929, 2211, 3657, 2509, 1179, 1905, 4435, 4738, 1083, 2212, 2815, 1723, 772, 1731, 3142, 2927, 823, 1749, 2041, 1176, 651, 1232, 2076, 1838, 1196, 1489, 2188, 1575, 789, 1394, 2579, 2578, 2046, 2921, 4434, 3039, 1246, 2504, 5330, 5413, 1941, 3609, 5191, 3446, 1398, 2988, 6131, 5969, 1442, 2461, 2925, 1979, 1002, 2033, 3450, 3089, 1500, 1552, 1526, 1184, 826, 1173, 1669, 1647, 1052, 1293, 1076, 757, 661, 1085, 1353, 1140, 713, 1073, 1028, 761, 640, 846, 1179, 989, 1021, 2154, 2147, 1156, 676, 1467, 2267, 1745, 1284, 2920, 2906, 1586, 826, 1989, 3018, 2216, 952, 2059, 2171, 1214, 742, 1359, 2003, 1565, 1076, 2200, 2308, 1374, 883, 1474, 2059, 1633, 2241, 5580, 5574, 2535, 1149, 2931, 4681, 3304, 4617, 12149, 11820, 5000, 2069, 5927, 9697, 6427, 5201, 13977, 13497, 5543, 2296, 6684, 11002, 7108, 3512, 9979, 9689, 3960, 1733, 4948, 7998, 5211, 2158, 6954, 7015, 3032, 1150, 3667, 6100, 4201, 1347, 4809, 5136, 2464, 857, 2505, 4455, 3361, 1063, 3103, 3391, 1710, 710, 1595, 2814, 2263, 713, 1677, 1857, 1166, 647, 1205, 1824, 1456, 661, 1415, 1583, 947, 577, 868, 917, 747, 2194, 3868, 3155, 918, 1693, 1752, 1461, 755, 3210, 5316, 3998, 902, 2554, 2377, 1916, 904, 2509, 3230, 2411, 1295, 2116, 1868, 1465, 1390, 2320, 3480, 3494, 2026, 2196, 2460, 2151, 1689, 2923, 4722, 4621, 2188, 2384, 3220, 2671, 1683, 2460, 3179, 2774, 1751, 1958, 2317, 1721, 1523, 2025, 1977, 1761, 1634, 1409, 1594, 1297, 1483, 2181, 2538, 2575, 1719, 1274, 1867, 1524, 1421, 2316, 3153, 3070, 1768, 1406, 1925, 1576, 1488, 2840, 4888, 4292, 1832, 1988, 2094, 1857, 1464, 2672, 4700, 4184, 1642, 1750, 1930, 1900, 1343, 1460, 2162, 2095, 1239, 1080, 1463, 1255, 999, 966, 1540, 1620, 1081, 1054, 1380, 1146, 891, 1119, 1727, 1446, 895, 1040, 1169, 1049, 804, 1065, 1641, 1323, 813, 886, 1086, 1197, 835, 825, 1237, 1073, 766, 692, 926, 1000, 736, 829, 1149, 1043, 760, 719, 933, 985, 765, 741, 883, 766, 616, 693, 789, 814, 725, 727, 830, 653, 585, 599, 695, 721, 545, 754, 834, 741, 674, 659, 800, 781, 693, 677, 752, 811, 711, 642, 750, 720, 720, 587, 639, 671, 628, 585, 597, 634, 673, 799, 761, 738, 699, 661, 704, 656, 761, 740, 763, 717, 609, 641, 708, 684, 668, 719, 829, 763, 596, 620, 684, 730, 644, 841, 933, 800, 619, 745, 749, 730, 705, 942, 1070, 886, 684, 949, 888, 677, 713, 748, 779, 624, 699, 822, 775, 615, 618, 711, 786, 711, 648, 805, 730, 672, 681, 788, 925, 791, 707, 929, 850, 649, 656, 759, 766, 706, 790, 824, 765, 713, 681, 661, 615, 631, 612, 605, 567, 616, 668, 691, 770, 715, 604, 633, 686, 787, 710, 720, 787, 672, 626, 678, 679, 719, 707, 879, 867, 636, 767, 848, 748, 679, 762, 769, 627, 634, 660, 716, 651, 669, 757, 781, 666, 644, 719, 680, 596, 667, 727, 731, 735, 638, 742, 723, 674, 706, 670, 627, 558, 618, 780, 707, 585, 704, 734, 697, 600, 690, 850, 726, 633, 754, 727, 785, 651, 746, 778, 747, 737, 702, 807, 780, 683, 695, 710, 596, 676, 711, 813, 765, 733, 722, 631, 642, 727, 758, 774, 581, 545, 706, 743, 640, 618, 696, 684, 685, 717, 705, 690, 730, 676, 662, 632, 710, 737, 768, 742, 721, 739, 744, 766, 899, 977, 1204, 1108, 853, 867, 1305, 1305, 1357, 958, 1313, 1261, 1087, 943, 1543, 1860, 1087, 798, 1045, 844, 933, 934, 1295, 1542, 1044, 847, 975, 855, 927, 937, 1422, 1633, 1343, 1135, 1487, 1233, 1048, 1102, 2060, 2252, 1282, 1267, 1441, 1143, 1005, 1046, 1859, 1951, 947, 1088, 1107, 762, 828, 1116, 1508, 1344, 1025, 1198, 1068, 832, 755, 1150, 1595, 1370, 1312, 1544, 1243, 1005, 886, 1029, 1616, 1358, 1117, 1221, 993, 769, 744, 754, 1054, 933, 856, 1013, 837, 681, 642, 779, 942, 898, 792, 838, 835, 646, 758, 775, 1155, 1077, 692, 924, 940, 734, 779, 764, 1016, 1029, 647, 763, 770, 601, 701, 846, 802, 775, 692, 687, 631, 607, 643, 591, 615, 703, 655, 642, 603, 586, 595, 596, 628, 649, 662, 615, 588, 536, 495, 535, 682, 705, 603, 543, 568, 527, 474, 502, 507, 562, 548, 488, 599, 538, 509, 611, 587, 585, 426, 503, 568, 467, 405, 533, 607, 586, 433, 451, 516, 451, 374, 474, 567, 569, 404, 412, 415, 367, 408, 472, 440, 374, 455, 462, 506, 454, 418, 455, 455, 478, 384, 436, 492, 429, 381, 441, 472, 430, 462, 469, 543, 502, 435, 471, 539, 474]"
0.304343044757843,-0.32475176453590393,-0.353558748960495,-0.8174030780792236,0.19952203333377838,-0.5301312208175659,-0.6049679517745972,-0.20104408264160156,-0.45218467712402344,19.75,-0.04626274108886719,-0.03676414489746094,18.5,-0.026092529296875,0.03705024719238281,22.0,0.0162506103515625,0.0,18.5,0.016536712646484375,0.15506744384765625,15.0,"[521, 662, 658, 670, 699, 665, 661, 662, 501, 549, 592, 571, 655, 656, 610, 679, 592, 597, 497, 509, 612, 569, 465, 530, 523, 545, 560, 551, 513, 513, 540, 524, 537, 535, 529, 514, 473, 491, 485, 418, 521, 495, 558, 539, 440, 443, 493, 501, 467, 435, 517, 484, 458, 423, 446, 511, 427, 502, 545, 484, 416, 419, 510, 539, 428, 474, 478, 443, 442, 425, 448, 459, 551, 569, 538, 468, 517, 552, 477, 571, 572, 516, 509, 523, 571, 509, 543, 558, 563, 530, 545, 553, 565, 590, 567, 559, 480, 491, 674, 618, 566, 495, 518, 608, 590, 492, 542, 507, 558, 497, 427, 576, 519, 559, 600, 525, 492, 492, 506, 476, 517, 657, 663, 549, 496, 601, 629, 516, 573, 617, 562, 499, 556, 621, 504, 418, 571, 611, 547, 581, 606, 540, 535, 501, 588, 524, 575, 633, 631, 533, 566, 608, 568, 544, 478, 566, 599, 592, 566, 573, 578, 506, 444, 506, 519, 476, 556, 606, 523, 511, 501, 572, 619, 624, 640, 592, 527, 538, 484, 576, 604, 580, 630, 552, 577, 611, 517, 569, 530, 535, 581, 525, 538, 580, 554, 502, 531, 544, 601, 605, 503, 551, 492, 537, 542, 474, 525, 545, 517, 518, 544, 545, 570, 542, 530, 571, 423, 447, 545, 553, 446, 451, 625, 620, 450, 493, 583, 566, 493, 528, 613, 599, 493, 537, 528, 435, 481, 632, 619, 548, 741, 1181, 1270, 849, 667, 906, 1296, 1148, 1747, 4555, 5169, 2770, 844, 2612, 4889, 4226, 2150, 6946, 7711, 3890, 948, 4064, 7367, 6008, 1946, 5166, 5034, 2255, 1020, 3057, 4987, 3575, 1749, 3520, 3658, 1901, 967, 2013, 3329, 2696, 1167, 2409, 2424, 1276, 748, 1457, 2273, 1763, 803, 1204, 1249, 786, 521, 810, 1220, 1090, 1205, 1867, 2183, 1385, 783, 1247, 2116, 2048, 2041, 4434, 4839, 2592, 1074, 2749, 4770, 4071, 2384, 6132, 6331, 3047, 1111, 3629, 6005, 4612, 1897, 4996, 4973, 2314, 939, 2814, 4494, 3226, 1161, 2512, 2658, 1516, 683, 1570, 2524, 1984, 867, 1461, 1615, 1041, 715, 1020, 1545, 1375, 699, 1034, 1107, 749, 660, 716, 836, 822, 1166, 1942, 1801, 865, 844, 967, 1342, 1058, 1806, 3392, 3091, 1287, 1048, 1487, 2258, 1474, 1871, 3943, 3686, 1672, 1119, 1773, 2822, 1871, 1339, 2711, 2711, 1355, 919, 1345, 2007, 1419, 1595, 3016, 2772, 1148, 1031, 1594, 2105, 1250, 1719, 3050, 2683, 1009, 1058, 1594, 1991, 1242, 1124, 1913, 1876, 988, 729, 1183, 1551, 1079, 901, 1868, 1840, 996, 622, 1196, 1675, 1144, 792, 1523, 1514, 876, 650, 1044, 1309, 890, 814, 1438, 1452, 854, 674, 1050, 1266, 906, 818, 1077, 1005, 701, 663, 875, 977, 701, 870, 1156, 1148, 819, 805, 950, 874, 712, 1854, 2557, 2172, 1222, 1594, 1881, 1388, 1091, 2466, 3499, 2942, 1520, 2063, 2355, 1603, 1390, 2810, 3966, 3034, 1549, 2029, 1944, 1666, 1434, 3347, 4203, 3120, 1880, 2238, 2102, 1807, 1693, 2460, 2736, 2277, 1696, 1508, 1920, 1798, 1392, 1720, 2077, 1813, 1337, 1128, 1754, 1465, 1149, 1823, 2018, 1510, 1031, 1083, 1591, 1307, 1150, 1437, 1613, 1296, 909, 924, 1319, 1181, 958, 1621, 2510, 2176, 1035, 1283, 1391, 1205, 1029, 5463, 9296, 7779, 2646, 4006, 3964, 2816, 2169, 7922, 13287, 11099, 3637, 5583, 5536, 4375, 3090, 5203, 8666, 7231, 2506, 3604, 3758, 3265, 2350, 2202, 3649, 3032, 1170, 1494, 1726, 1807, 1189, 1367, 2161, 1920, 1029, 987, 1263, 1356, 889, 1047, 1767, 1804, 1106, 927, 1131, 1128, 915, 943, 1321, 1207, 769, 814, 861, 943, 827, 950, 1288, 1145, 717, 656, 733, 942, 755, 721, 952, 989, 710, 582, 677, 917, 807, 723, 753, 822, 758, 702, 620, 710, 797, 565, 738, 708, 650, 650, 647, 684, 679, 568, 739, 784, 673, 512, 687, 806, 652, 739, 882, 830, 713, 705, 769, 760, 657, 791, 914, 785, 644, 636, 687, 708, 654, 733, 770, 685, 714, 748, 666, 671, 653, 736, 805, 749, 726, 796, 729, 548, 511, 728, 811, 637, 617, 783, 759, 652, 596, 731, 777, 787, 685, 646, 786, 834, 835, 959, 803, 859, 908, 725, 773, 1185, 1252, 910, 752, 811, 787, 688, 752, 1043, 1122, 713, 733, 735, 632, 634, 753, 852, 715, 665, 639, 702, 705, 597, 719, 806, 737, 632, 632, 708, 640, 650, 675, 760, 707, 599, 557, 686, 666, 692, 700, 648, 641, 698, 601, 656, 726, 676, 701, 710, 693, 644, 669, 671, 654, 545, 624, 724, 640, 713, 696, 706, 710, 671, 692, 771, 764, 1149, 1044, 784, 878, 903, 831, 1030, 1087, 1275, 1151, 902, 1067, 914, 1048, 1392, 1399, 844, 849, 810, 982, 849, 858, 1065, 1065, 786, 724, 641, 757, 735, 601, 657, 700, 779, 634, 718, 848, 720, 672, 823, 806, 652, 702, 744, 695, 585, 765, 837, 620, 832, 815, 634, 695, 744, 821, 833, 780, 860, 773, 645, 616, 640, 624, 722, 782, 847, 679, 685, 599, 598, 612, 760, 847, 928, 824, 779, 850, 775, 767, 884, 873, 796, 847, 813, 873, 777, 731, 896, 873, 746, 863, 1065, 870, 592, 782, 1193, 1192, 1269, 1446, 1963, 1242, 714, 1161, 2322, 2429, 1760, 1946, 2290, 1349, 1000, 1684, 3312, 3411, 1508, 1547, 1557, 1062, 865, 1334, 2216, 2242, 1283, 932, 1255, 1024, 857, 874, 1424, 1744, 1496, 827, 1394, 1366, 1055, 1037, 1512, 1876, 1104, 1119, 1466, 1183, 983, 972, 1318, 1502, 1151, 1535, 1362, 914, 882, 1049, 1267, 1110, 920, 1198, 1109, 861, 795, 958, 1022, 830, 790, 870, 887, 895, 733, 750, 1105, 1032, 1099, 1081, 1025, 1124, 924, 848, 1486, 1458, 1330, 1118, 1328, 1477, 932, 1015, 1626, 1547, 1751, 1081, 1566, 1874, 1066, 1011, 1469, 1656, 1573, 707, 1520, 1679, 822, 785, 1155, 1723, 989, 793, 1188, 1181, 707, 636, 1175, 1319, 739, 627, 821, 807, 620, 604, 883, 974, 963, 667, 745, 847, 666, 623, 607, 872, 889, 618, 777, 919, 694, 665, 665, 807, 736, 586, 618, 745, 672, 590, 674, 758, 653, 502, 581, 666, 575, 530, 623, 672, 548, 513, 573, 571, 480, 472, 495, 529, 491, 506, 582, 544, 452, 478, 560, 527, 481, 554, 619, 527, 458, 516, 604, 529, 452, 469, 475, 476, 517, 532, 536, 490, 458, 576, 610, 503, 440, 497, 553, 506]"
0.19169600307941437,-0.2957683205604553,-0.32257378101348877,-0.9495214223861694,0.23822420835494995,-0.38159123063087463,-0.6911062598228455,-0.7986124753952026,-0.9025096893310547,31.0,-0.6255205869674683,-0.8060932159423828,17.5,-0.5087908506393433,-0.7783412933349609,28.0,-0.3289755582809448,-0.6965160369873047,21.5,1.8694344758987427,0.7342815399169922,15.0,"[612, 586, 545, 533, 612, 531, 547, 591, 600, 647, 587, 619, 654, 687, 743, 595, 535, 591, 514, 484, 525, 628, 681, 601, 500, 485, 497, 529, 514, 459, 538, 557, 465, 489, 548, 516, 412, 425, 461, 498, 537, 591, 706, 617, 516, 549, 538, 571, 503, 532, 600, 528, 456, 558, 561, 569, 499, 503, 487, 471, 473, 619, 562, 455, 543, 551, 476, 501, 602, 582, 498, 431, 538, 580, 485, 487, 586, 586, 499, 482, 542, 587, 501, 422, 459, 522, 506, 495, 558, 609, 587, 519, 419, 528, 541, 504, 659, 551, 430, 467, 468, 457, 439, 547, 626, 542, 512, 500, 556, 531, 508, 614, 588, 415, 459, 572, 618, 430, 499, 648, 532, 495, 506, 533, 539, 584, 611, 619, 558, 555, 543, 540, 566, 621, 562, 513, 538, 584, 556, 574, 574, 529, 531, 484, 509, 564, 561, 622, 598, 545, 581, 548, 580, 588, 604, 547, 548, 589, 595, 545, 509, 536, 598, 576, 604, 656, 598, 536, 586, 630, 636, 659, 630, 616, 606, 562, 632, 616, 500, 531, 501, 512, 560, 536, 538, 549, 570, 582, 512, 519, 552, 480, 528, 527, 558, 595, 563, 484, 448, 487, 556, 564, 585, 572, 520, 509, 471, 480, 589, 613, 578, 555, 542, 527, 518, 534, 562, 538, 533, 578, 622, 599, 533, 541, 566, 422, 454, 491, 495, 524, 495, 610, 578, 514, 521, 540, 515, 579, 568, 559, 459, 505, 526, 510, 529, 497, 498, 478, 641, 724, 620, 579, 632, 578, 546, 547, 2250, 4329, 3720, 1387, 1077, 2018, 3028, 1903, 6676, 14135, 12655, 4685, 2683, 5784, 9582, 5993, 8916, 19017, 17084, 6266, 3802, 6930, 12060, 7548, 6411, 13219, 11664, 4114, 2991, 4321, 7523, 4515, 3188, 6461, 5752, 2164, 1691, 2237, 3436, 2122, 2319, 5517, 5415, 2362, 1348, 2395, 3900, 2713, 2359, 5506, 5440, 2469, 1144, 2369, 4017, 2874, 1701, 3398, 3416, 1718, 904, 1638, 2723, 2160, 1348, 2647, 2602, 1351, 800, 1573, 2295, 1880, 1363, 2743, 2796, 1560, 903, 2006, 2853, 2118, 1345, 2877, 2988, 1743, 906, 2151, 3165, 2403, 986, 2126, 2242, 1226, 732, 1600, 2313, 1730, 797, 1422, 1397, 777, 656, 977, 1212, 873, 905, 1389, 1266, 770, 780, 985, 1073, 716, 1170, 2242, 2027, 928, 950, 1180, 1327, 798, 2528, 5271, 4497, 1317, 1578, 1952, 2965, 1477, 3748, 7682, 6449, 1771, 2119, 2806, 4441, 2098, 2626, 5462, 4624, 1431, 1517, 2052, 3239, 1627, 999, 1829, 1560, 716, 754, 870, 1221, 789, 612, 897, 814, 629, 629, 877, 818, 524, 913, 1391, 1272, 751, 878, 987, 873, 552, 1592, 2211, 1787, 910, 1312, 1363, 1083, 733, 1782, 2494, 1884, 924, 1416, 1283, 1044, 847, 1455, 1926, 1353, 866, 1296, 979, 870, 786, 999, 1541, 1333, 725, 947, 1234, 1083, 835, 1761, 2650, 2389, 956, 1455, 2043, 1450, 968, 2147, 3197, 2920, 1402, 1614, 2366, 1701, 1196, 2006, 2857, 2560, 1155, 1530, 2139, 1406, 1085, 1668, 2287, 1756, 913, 1291, 1502, 994, 787, 1134, 1389, 1005, 759, 948, 1024, 764, 617, 1024, 1177, 989, 782, 838, 863, 818, 714, 1065, 1179, 1105, 808, 772, 1100, 989, 796, 1747, 2982, 2627, 1096, 1516, 1650, 985, 898, 2972, 5066, 4145, 1359, 2349, 2324, 1375, 934, 2531, 4232, 3440, 1133, 1955, 1951, 1297, 884, 1965, 3589, 3040, 1051, 1550, 1633, 1590, 938, 1682, 3065, 2588, 1018, 1296, 1435, 1704, 1090, 1147, 1735, 1411, 804, 1034, 1127, 1147, 849, 855, 1078, 1058, 703, 764, 936, 867, 856, 895, 899, 850, 822, 773, 752, 867, 851, 676, 863, 842, 802, 759, 759, 699, 581, 737, 788, 846, 858, 817, 844, 725, 680, 829, 889, 788, 745, 756, 815, 697, 714, 846, 993, 835, 643, 691, 734, 682, 699, 653, 757, 802, 615, 614, 655, 678, 667, 774, 919, 894, 692, 803, 831, 690, 698, 865, 874, 766, 757, 942, 893, 690, 710, 724, 707, 704, 703, 675, 657, 616, 657, 609, 730, 843, 633, 527, 674, 714, 705, 709, 950, 834, 627, 717, 778, 818, 701, 768, 928, 711, 556, 689, 734, 743, 624, 766, 836, 853, 772, 647, 685, 685, 721, 701, 745, 886, 823, 638, 762, 767, 739, 839, 795, 929, 791, 751, 966, 826, 717, 801, 744, 871, 801, 747, 919, 809, 712, 797, 809, 755, 726, 669, 751, 655, 622, 645, 726, 719, 620, 565, 696, 640, 624, 611, 659, 744, 654, 579, 678, 719, 672, 594, 649, 676, 684, 686, 745, 731, 632, 675, 697, 626, 623, 656, 737, 717, 632, 609, 755, 631, 573, 641, 721, 808, 683, 732, 779, 722, 620, 639, 746, 807, 676, 1367, 1102, 948, 852, 837, 1006, 1290, 1382, 1991, 1538, 1136, 976, 1026, 1500, 2001, 2100, 1678, 1260, 923, 853, 907, 1264, 1425, 1522, 1028, 855, 808, 899, 770, 876, 990, 996, 912, 822, 911, 874, 696, 871, 1021, 969, 880, 686, 692, 706, 659, 903, 920, 890, 963, 831, 821, 722, 732, 880, 930, 925, 1009, 852, 839, 802, 795, 957, 1049, 1021, 889, 817, 783, 777, 756, 970, 1027, 919, 979, 1076, 1055, 883, 683, 893, 1149, 1056, 907, 1804, 2135, 1215, 642, 1294, 2441, 2164, 2245, 3123, 4419, 2356, 1038, 2321, 5587, 5839, 2782, 3310, 4586, 2234, 1158, 2683, 6562, 6899, 1986, 2900, 3063, 1222, 970, 2774, 5557, 5117, 1424, 2558, 2809, 1309, 711, 2544, 4717, 4110, 1292, 1734, 2228, 1575, 851, 1655, 2752, 2622, 1354, 1771, 2030, 1705, 967, 1477, 2013, 1659, 1166, 1052, 1759, 1551, 838, 1123, 1600, 1665, 1220, 961, 1311, 1242, 835, 1132, 1659, 1749, 1158, 1162, 1223, 1209, 914, 1284, 1855, 1653, 843, 1100, 1424, 1246, 743, 1082, 1571, 1346, 1020, 1428, 1646, 1335, 761, 1102, 1413, 1259, 1388, 1816, 1838, 1565, 990, 1406, 1916, 1773, 1588, 1915, 1971, 1438, 961, 1419, 2013, 2022, 1364, 1334, 1682, 1310, 802, 1072, 1663, 1820, 1464, 981, 1383, 1298, 834, 956, 1421, 1773, 1123, 877, 1176, 1031, 667, 760, 1021, 1286, 792, 851, 1003, 806, 589, 676, 731, 858, 725, 841, 1082, 821, 640, 773, 815, 901, 686, 805, 1074, 805, 619, 679, 803, 917, 594, 640, 617, 523, 538, 567, 697, 711, 596, 634, 571, 451, 492, 579, 562, 536, 558, 529, 440, 491, 477, 502, 506, 493, 479, 559, 495, 463, 465, 466, 505, 527]"
0.09328832477331161,0.0,0.0,0.0,0.0,0.0,0.0,-0.9512719511985779,-1.0236740112304688,25.0,-0.18108457326889038,-0.41327476501464844,25.75,-0.12343496084213257,-0.5344390869140625,16.5,0.010460913181304932,-0.08497238159179688,21.5,0.05981355905532837,-0.1758098602294922,22.0,"[684, 637, 630, 607, 524, 601, 628, 638, 622, 618, 635, 595, 570, 664, 693, 636, 513, 481, 564, 558, 551, 551, 625, 604, 531, 517, 529, 503, 525, 536, 541, 554, 557, 512, 504, 538, 580, 556, 512, 606, 572, 535, 555, 566, 576, 528, 539, 596, 581, 513, 514, 538, 596, 570, 540, 583, 511, 457, 484, 570, 527, 494, 544, 542, 560, 528, 478, 557, 593, 555, 400, 470, 533, 545, 502, 587, 654, 604, 491, 550, 585, 485, 486, 554, 613, 594, 542, 605, 543, 458, 421, 472, 549, 502, 537, 595, 501, 457, 438, 537, 616, 439, 425, 540, 532, 460, 511, 509, 558, 543, 464, 544, 473, 500, 571, 549, 515, 504, 548, 543, 550, 528, 588, 609, 547, 530, 533, 599, 592, 478, 521, 530, 546, 448, 517, 620, 508, 445, 561, 609, 557, 518, 493, 556, 571, 582, 515, 496, 519, 491, 472, 417, 567, 525, 496, 483, 538, 530, 401, 481, 477, 533, 595, 515, 493, 509, 454, 492, 538, 505, 678, 605, 508, 461, 454, 510, 511, 616, 640, 565, 489, 498, 529, 499, 522, 606, 659, 591, 505, 501, 551, 481, 657, 545, 619, 663, 598, 550, 530, 641, 634, 543, 520, 564, 576, 566, 484, 598, 604, 530, 509, 608, 710, 556, 495, 593, 490, 522, 630, 549, 509, 503, 579, 603, 427, 514, 510, 494, 510, 515, 527, 492, 474, 521, 507, 589, 605, 542, 526, 504, 561, 566, 494, 548, 552, 494, 546, 608, 587, 528, 605, 673, 563, 538, 585, 590, 549, 510, 474, 457, 506, 563, 477, 464, 685, 854, 769, 542, 636, 749, 750, 511, 2791, 4227, 2970, 622, 1804, 2266, 2305, 622, 6382, 9765, 6793, 1171, 3598, 4884, 5196, 1180, 6686, 10384, 7344, 1638, 3202, 4873, 5617, 1858, 3336, 6332, 5270, 1596, 1565, 3222, 4279, 1878, 3971, 7199, 6494, 2485, 2466, 3924, 5248, 2907, 4254, 6786, 5498, 2025, 2682, 3756, 4543, 2448, 1857, 2845, 2263, 1017, 1360, 1686, 2045, 1274, 552, 1015, 1042, 695, 612, 772, 982, 734, 956, 1316, 1009, 681, 716, 781, 899, 605, 1308, 2126, 1748, 716, 837, 829, 1171, 679, 1644, 2759, 2288, 935, 952, 1062, 1514, 801, 2259, 4060, 3388, 1234, 1379, 1791, 2456, 1358, 3028, 5539, 4604, 1608, 1705, 2418, 3457, 1914, 3010, 5163, 4036, 1253, 1757, 2001, 2747, 1401, 1917, 3345, 2630, 774, 1257, 1339, 1729, 899, 1066, 1798, 1579, 788, 873, 1057, 1191, 814, 601, 962, 913, 592, 667, 846, 909, 722, 740, 773, 720, 615, 646, 789, 780, 665, 951, 1265, 1142, 683, 910, 1352, 1193, 727, 975, 1304, 1219, 647, 962, 1552, 1323, 670, 929, 1076, 887, 635, 877, 1313, 1151, 603, 1362, 1787, 1339, 875, 1141, 1245, 1027, 794, 1119, 1573, 1365, 898, 1038, 1255, 1288, 851, 1549, 2569, 2035, 761, 994, 1457, 1578, 701, 1770, 2535, 1737, 568, 1150, 1249, 1257, 554, 1206, 1683, 1220, 628, 877, 994, 968, 544, 1305, 1680, 1254, 711, 1127, 1070, 809, 624, 1490, 1806, 1468, 823, 1374, 1263, 723, 801, 1322, 1910, 1635, 840, 1146, 1181, 1060, 850, 1118, 1532, 1323, 730, 882, 1032, 997, 862, 806, 1034, 1051, 699, 764, 801, 624, 693, 834, 1297, 1286, 748, 887, 1026, 734, 595, 680, 1054, 1017, 690, 751, 810, 631, 536, 628, 780, 793, 639, 593, 631, 660, 612, 762, 798, 684, 574, 570, 705, 751, 651, 848, 907, 692, 735, 742, 716, 723, 678, 1181, 1403, 1036, 904, 1105, 1007, 761, 732, 1352, 1749, 1280, 1101, 1454, 1285, 780, 750, 1202, 1489, 1138, 929, 1298, 1054, 664, 817, 890, 960, 893, 805, 874, 786, 665, 801, 799, 720, 703, 749, 659, 664, 689, 802, 731, 742, 728, 767, 650, 710, 782, 695, 855, 858, 753, 774, 674, 721, 772, 683, 1097, 949, 731, 813, 988, 847, 651, 798, 997, 1097, 800, 698, 871, 857, 665, 748, 857, 935, 835, 815, 749, 715, 533, 705, 776, 772, 768, 798, 651, 659, 635, 709, 624, 701, 677, 632, 595, 667, 739, 603, 748, 723, 623, 650, 633, 719, 730, 654, 830, 837, 701, 687, 725, 858, 855, 811, 925, 885, 819, 821, 830, 879, 849, 844, 1152, 928, 817, 834, 875, 1052, 910, 1005, 1051, 898, 831, 757, 778, 888, 817, 959, 834, 666, 713, 637, 663, 768, 734, 771, 737, 756, 815, 699, 631, 814, 687, 619, 677, 727, 740, 678, 657, 742, 638, 674, 711, 631, 664, 749, 587, 605, 663, 659, 706, 680, 635, 731, 734, 658, 724, 689, 750, 747, 635, 512, 545, 599, 692, 650, 679, 823, 696, 581, 652, 719, 638, 598, 869, 778, 699, 789, 716, 658, 829, 878, 988, 867, 871, 975, 819, 836, 984, 1003, 1150, 879, 895, 1023, 903, 953, 1191, 1218, 1272, 894, 957, 1046, 826, 963, 1173, 1247, 1184, 1003, 911, 844, 705, 824, 949, 1013, 964, 960, 810, 744, 746, 748, 788, 893, 764, 853, 833, 767, 686, 777, 915, 833, 692, 868, 933, 798, 669, 896, 974, 771, 803, 899, 865, 728, 671, 841, 1004, 840, 961, 776, 728, 806, 740, 819, 994, 996, 916, 935, 820, 794, 766, 766, 945, 883, 923, 1030, 965, 858, 717, 702, 902, 863, 862, 1091, 881, 694, 765, 907, 1137, 905, 1035, 1088, 993, 835, 734, 1003, 1378, 1312, 1437, 898, 981, 1096, 912, 779, 1241, 1642, 1523, 868, 937, 1054, 844, 664, 962, 1578, 1385, 765, 1041, 1199, 827, 747, 889, 1452, 1102, 740, 925, 1021, 775, 794, 784, 1080, 837, 779, 969, 936, 768, 762, 1063, 1204, 852, 749, 900, 722, 671, 753, 1363, 1483, 901, 815, 872, 714, 594, 628, 1044, 1272, 905, 805, 705, 803, 649, 670, 769, 849, 982, 873, 869, 968, 676, 790, 1007, 924, 883, 1027, 844, 721, 626, 774, 923, 771, 664, 905, 788, 654, 601, 807, 1048, 787, 665, 723, 724, 631, 602, 673, 709, 702, 521, 569, 607, 542, 454, 602, 636, 518, 430, 480, 551, 554, 473, 553, 618, 509, 465, 487, 553, 540, 456, 577, 663, 580, 524, 579, 604, 537, 496, 535, 612, 600, 487, 549, 635, 600, 475, 481, 566, 587, 515, 607, 510, 454, 525, 467, 531, 537, 550, 558, 500, 441, 428, 520, 601, 599, 522, 479, 481, 494, 409, 509, 537, 492]"
0.09328832477331161,0.0,0.0,0.0,0.0,0.0,0.0,-0.9512719511985779,-1.2436866760253906,28.0,-0.9512719511985779,-0.9298324584960938,28.5,-0.9512719511985779,1.1203765869140625,27.25,-0.2013978362083435,-0.23589134216308594,28.75,-0.10512441396713257,0.12617111206054688,18.75,"[413, 610, 705, 593, 528, 591, 700, 608, 475, 553, 642, 636, 572, 688, 745, 609, 387, 451, 424, 427, 495, 592, 598, 505, 469, 516, 531, 507, 587, 593, 566, 550, 479, 537, 537, 467, 551, 590, 511, 453, 496, 527, 494, 450, 506, 546, 484, 414, 442, 481, 457, 432, 502, 489, 470, 450, 507, 462, 494, 523, 524, 510, 520, 536, 486, 493, 444, 459, 527, 538, 497, 515, 556, 605, 641, 493, 577, 582, 585, 592, 418, 513, 528, 489, 545, 590, 566, 520, 615, 540, 517, 500, 624, 544, 503, 624, 663, 620, 494, 548, 621, 536, 498, 563, 627, 618, 539, 587, 681, 596, 532, 499, 590, 530, 523, 594, 567, 529, 514, 511, 468, 497, 505, 476, 512, 583, 635, 547, 505, 516, 550, 488, 533, 569, 600, 598, 530, 561, 580, 504, 527, 538, 546, 567, 595, 585, 613, 529, 594, 593, 511, 587, 591, 628, 582, 536, 625, 579, 528, 587, 467, 548, 542, 495, 562, 478, 479, 479, 563, 578, 504, 596, 608, 588, 561, 494, 601, 604, 555, 680, 660, 615, 628, 549, 641, 599, 669, 736, 608, 574, 712, 685, 626, 543, 601, 624, 508, 467, 616, 652, 591, 559, 603, 588, 583, 521, 522, 587, 559, 495, 514, 575, 587, 534, 474, 562, 463, 483, 553, 510, 501, 518, 528, 496, 428, 482, 509, 473, 392, 481, 488, 444, 501, 470, 516, 550, 599, 500, 494, 585, 518, 445, 508, 567, 600, 447, 491, 622, 881, 1062, 760, 504, 660, 668, 611, 497, 4526, 6067, 3775, 652, 2889, 3137, 2589, 815, 9537, 12658, 7710, 1224, 6111, 6691, 5414, 1578, 10462, 14319, 9106, 3166, 5703, 6703, 6584, 3926, 8566, 13548, 10666, 4252, 3906, 6467, 8645, 5391, 8856, 14056, 10546, 2964, 4929, 7936, 8923, 3614, 7784, 10987, 7247, 1658, 4026, 6010, 6086, 2017, 3218, 4076, 2794, 1287, 1694, 2183, 2349, 1568, 1162, 1741, 1878, 1177, 684, 1069, 1815, 1699, 1103, 1394, 1322, 877, 571, 823, 1309, 1231, 892, 1130, 992, 633, 639, 767, 832, 768, 1132, 1795, 1721, 938, 766, 952, 1352, 1163, 1709, 2999, 2691, 1223, 883, 1569, 2259, 1627, 1504, 2639, 2266, 982, 948, 1497, 2012, 1335, 1516, 2429, 1914, 838, 1056, 1168, 1463, 956, 1591, 2274, 1711, 739, 1044, 1113, 1391, 944, 1223, 1617, 1310, 723, 868, 873, 1075, 879, 783, 972, 840, 611, 626, 785, 785, 629, 656, 781, 743, 646, 678, 744, 788, 686, 631, 775, 652, 594, 666, 708, 698, 618, 947, 938, 771, 657, 829, 975, 857, 714, 1163, 1225, 1069, 684, 994, 1260, 978, 775, 1238, 1453, 1058, 713, 879, 1176, 1013, 776, 1430, 1994, 1534, 686, 1076, 1102, 990, 754, 2287, 3480, 2582, 1156, 2290, 2036, 1226, 933, 3720, 5463, 3861, 1800, 3736, 3401, 1801, 1247, 3120, 4498, 3185, 1841, 3338, 3023, 1529, 1282, 2193, 3264, 2524, 1334, 2245, 2097, 1106, 854, 1894, 3162, 2501, 1143, 1776, 1732, 1129, 769, 1274, 1995, 1683, 987, 1245, 1213, 956, 861, 1119, 1391, 1159, 910, 1051, 1022, 716, 805, 1067, 1086, 946, 857, 949, 852, 622, 776, 1112, 1138, 883, 823, 894, 761, 631, 868, 917, 989, 752, 601, 720, 675, 598, 729, 754, 798, 626, 639, 697, 629, 616, 623, 671, 676, 603, 570, 608, 558, 571, 668, 767, 694, 637, 626, 603, 608, 590, 719, 660, 656, 636, 626, 643, 588, 525, 634, 663, 686, 641, 616, 695, 640, 543, 630, 670, 729, 829, 680, 653, 724, 575, 568, 672, 696, 679, 593, 623, 674, 645, 600, 712, 814, 732, 640, 586, 613, 566, 603, 884, 973, 892, 690, 754, 769, 635, 768, 894, 906, 782, 705, 746, 810, 676, 768, 681, 719, 763, 662, 559, 630, 604, 561, 683, 783, 738, 653, 636, 638, 540, 530, 668, 741, 709, 685, 641, 675, 627, 531, 731, 909, 790, 678, 711, 702, 686, 565, 718, 872, 743, 546, 726, 701, 563, 605, 654, 715, 639, 616, 659, 616, 519, 545, 678, 699, 678, 645, 623, 651, 660, 647, 582, 699, 651, 543, 557, 614, 638, 550, 676, 730, 616, 575, 591, 681, 654, 581, 780, 810, 662, 615, 686, 688, 694, 673, 888, 1051, 836, 722, 761, 860, 810, 642, 1077, 982, 844, 838, 723, 826, 714, 817, 1031, 868, 748, 950, 930, 767, 647, 856, 936, 861, 694, 899, 888, 804, 793, 818, 808, 766, 749, 820, 759, 804, 811, 701, 575, 585, 684, 710, 653, 608, 586, 561, 645, 717, 718, 654, 709, 688, 625, 582, 678, 662, 626, 576, 629, 635, 620, 638, 699, 640, 624, 582, 659, 687, 591, 679, 636, 621, 695, 588, 543, 656, 693, 680, 1133, 925, 858, 713, 745, 885, 981, 1146, 1074, 1059, 788, 631, 776, 836, 852, 897, 1072, 891, 696, 680, 732, 843, 1028, 1119, 980, 864, 843, 801, 792, 678, 979, 1138, 843, 954, 824, 684, 766, 716, 847, 815, 726, 898, 684, 634, 703, 776, 845, 729, 827, 876, 713, 638, 644, 847, 877, 700, 793, 802, 851, 754, 615, 840, 780, 747, 602, 646, 861, 759, 628, 636, 613, 717, 723, 863, 879, 712, 687, 806, 834, 809, 1052, 1826, 1965, 1303, 995, 1711, 2256, 1941, 1831, 2805, 3365, 2160, 1460, 2467, 3591, 3461, 1692, 2630, 3079, 2047, 1375, 2028, 3237, 3193, 1306, 1483, 1878, 1564, 887, 1302, 1800, 1670, 1320, 1186, 1407, 1317, 835, 963, 1221, 1480, 1324, 1754, 1660, 1109, 883, 1056, 1509, 1309, 1406, 1793, 1404, 1040, 1021, 1036, 1173, 890, 1263, 986, 971, 996, 848, 837, 1050, 1435, 1234, 1124, 1289, 845, 877, 1170, 1919, 1979, 1386, 1015, 887, 868, 950, 1348, 1758, 1787, 1194, 984, 1286, 1138, 883, 1103, 1464, 1582, 934, 1094, 1147, 850, 715, 954, 1208, 979, 1268, 857, 770, 901, 853, 931, 1214, 1459, 1157, 951, 1060, 980, 732, 819, 1255, 1521, 782, 827, 879, 746, 621, 750, 875, 960, 637, 797, 805, 654, 613, 767, 844, 805, 529, 653, 832, 816, 649, 701, 902, 807, 578, 596, 787, 856, 613, 762, 1009, 823, 409, 657, 751, 641, 464, 696, 896, 699, 494, 653, 617, 546, 475, 588, 657, 549, 551, 507, 482, 520, 495, 481, 568, 581, 571, 573, 540, 498, 477, 498, 535, 555, 512, 628, 651, 501, 438, 482, 571, 630]"
0.09328832477331161,0.0,0.0,0.0,0.0,0.0,0.0,-0.9512719511985779,-1.043844223022461,25.25,-0.9512719511985779,-1.0358333587646484,24.5,-0.9512719511985779,-0.9717464447021484,29.0,-0.9512719511985779,-0.9282588958740234,16.5,-0.9512719511985779,-0.8524417877197266,25.25,"[680, 643, 555, 598, 685, 601, 553, 643, 651, 618, 610, 651, 755, 603, 527, 634, 544, 535, 564, 544, 560, 617, 579, 598, 467, 574, 539, 471, 543, 598, 559, 468, 479, 554, 628, 558, 539, 555, 605, 552, 527, 513, 555, 601, 578, 564, 569, 549, 586, 503, 461, 505, 530, 564, 577, 593, 527, 513, 489, 509, 557, 576, 572, 519, 488, 495, 434, 459, 526, 528, 491, 465, 502, 481, 520, 508, 589, 575, 471, 489, 498, 499, 628, 595, 530, 552, 568, 632, 586, 545, 579, 555, 549, 526, 596, 601, 574, 543, 535, 582, 602, 582, 614, 574, 570, 570, 628, 617, 524, 580, 663, 573, 542, 475, 498, 627, 551, 487, 545, 518, 525, 471, 506, 619, 566, 563, 561, 517, 551, 529, 498, 544, 584, 582, 542, 538, 613, 587, 600, 583, 604, 659, 606, 582, 533, 556, 575, 611, 608, 580, 642, 613, 461, 465, 472, 520, 565, 580, 611, 555, 577, 566, 485, 541, 574, 566, 570, 520, 538, 470, 450, 559, 650, 532, 522, 574, 656, 603, 509, 576, 630, 579, 509, 590, 654, 664, 594, 523, 484, 605, 571, 569, 621, 634, 676, 663, 568, 591, 640, 607, 574, 640, 623, 538, 474, 550, 584, 498, 528, 514, 503, 554, 561, 536, 477, 446, 411, 474, 506, 515, 503, 488, 545, 494, 1681, 1999, 1185, 679, 995, 1022, 989, 698, 7648, 9655, 5409, 1708, 4310, 4004, 3916, 1844, 12428, 15968, 9125, 2483, 7253, 6590, 6227, 2743, 7885, 10415, 6201, 1765, 5015, 5042, 4521, 2111, 6796, 10557, 7505, 2116, 2774, 5745, 6887, 3127, 9887, 16072, 11855, 3460, 3642, 8193, 10520, 4852, 7616, 12591, 9579, 2962, 3102, 6051, 8035, 3988, 3648, 5769, 4450, 1611, 1867, 2638, 3543, 2051, 1281, 2025, 1657, 789, 1068, 1280, 1545, 1104, 1503, 2196, 1763, 1007, 1073, 1492, 1799, 1640, 2273, 3403, 2666, 1231, 1375, 1906, 2336, 1701, 2385, 3370, 2485, 906, 1393, 1723, 2127, 1174, 3121, 5006, 4242, 1875, 1443, 2501, 3842, 2918, 4038, 7835, 7258, 3216, 1638, 4171, 6730, 5085, 2991, 4927, 4390, 2071, 1299, 2515, 3973, 3236, 2374, 4203, 3504, 1336, 1216, 2034, 2865, 1772, 1282, 2531, 2284, 990, 831, 1353, 1852, 1275, 762, 1041, 959, 627, 636, 788, 773, 611, 844, 981, 808, 592, 712, 706, 684, 589, 662, 789, 720, 619, 665, 645, 646, 627, 624, 567, 568, 581, 654, 537, 554, 650, 768, 814, 631, 559, 664, 642, 655, 662, 1214, 1529, 1128, 671, 1029, 1110, 958, 659, 2203, 2994, 1994, 868, 2133, 2113, 1217, 824, 2088, 2992, 2101, 957, 2375, 2414, 1500, 840, 1784, 2533, 1899, 821, 1529, 1658, 1422, 928, 2119, 2655, 1945, 1083, 1411, 1471, 1321, 1169, 1989, 2324, 2002, 1435, 1385, 1780, 1742, 1554, 1453, 1674, 1617, 1197, 1257, 1726, 1583, 1313, 1484, 2200, 1847, 775, 999, 1171, 1258, 755, 1545, 2531, 1992, 744, 1145, 1114, 1173, 677, 1147, 1823, 1554, 770, 895, 794, 1055, 786, 954, 1528, 1373, 833, 920, 894, 1018, 835, 791, 1069, 1039, 852, 880, 783, 772, 736, 739, 892, 819, 710, 783, 749, 719, 739, 755, 894, 926, 701, 628, 784, 811, 753, 760, 792, 885, 769, 693, 759, 818, 755, 896, 910, 837, 832, 791, 729, 628, 674, 736, 811, 673, 644, 670, 664, 551, 487, 702, 735, 626, 593, 632, 680, 562, 560, 772, 841, 714, 627, 736, 723, 648, 647, 745, 811, 726, 701, 698, 605, 646, 689, 831, 776, 698, 718, 724, 584, 576, 734, 991, 869, 791, 709, 761, 804, 788, 867, 1012, 1035, 917, 694, 640, 897, 828, 766, 1002, 986, 854, 696, 659, 919, 765, 769, 883, 918, 902, 730, 647, 836, 706, 757, 798, 964, 876, 717, 795, 816, 803, 667, 780, 1095, 1049, 808, 789, 923, 885, 628, 765, 926, 1001, 759, 653, 902, 841, 669, 810, 935, 800, 617, 671, 745, 700, 645, 797, 944, 747, 600, 713, 683, 653, 524, 762, 848, 717, 663, 759, 580, 662, 650, 800, 727, 670, 824, 746, 576, 663, 810, 859, 781, 841, 812, 627, 787, 893, 869, 890, 838, 869, 815, 741, 921, 790, 797, 1019, 833, 861, 842, 650, 884, 780, 953, 973, 855, 875, 708, 777, 1029, 960, 865, 861, 823, 778, 554, 774, 1042, 881, 713, 658, 794, 697, 575, 633, 731, 721, 668, 833, 794, 773, 663, 646, 733, 755, 781, 833, 711, 679, 536, 589, 736, 602, 704, 724, 640, 649, 539, 651, 750, 645, 660, 774, 720, 674, 641, 645, 683, 663, 702, 660, 636, 538, 561, 606, 664, 618, 572, 741, 844, 682, 667, 757, 819, 689, 611, 710, 831, 752, 645, 642, 688, 733, 738, 880, 904, 806, 661, 631, 707, 865, 1034, 1174, 1196, 890, 689, 711, 982, 985, 934, 1191, 1108, 890, 826, 801, 1074, 1046, 948, 843, 780, 757, 692, 762, 990, 967, 851, 913, 798, 705, 819, 802, 841, 797, 838, 754, 683, 667, 673, 634, 828, 644, 652, 655, 664, 728, 604, 618, 713, 763, 644, 677, 642, 698, 622, 498, 679, 768, 675, 741, 692, 680, 641, 565, 688, 726, 668, 866, 883, 777, 717, 648, 778, 749, 710, 960, 1149, 1314, 953, 860, 907, 1523, 1608, 1264, 1750, 1988, 1249, 1145, 1333, 3025, 3125, 911, 1940, 2180, 1657, 937, 1793, 2984, 2358, 1612, 1620, 2718, 2342, 1003, 1714, 2436, 2666, 1682, 2022, 2726, 1852, 1245, 1906, 3044, 3027, 1431, 2184, 1997, 1163, 1221, 2052, 2755, 2187, 1090, 1434, 1367, 1003, 1009, 1502, 1960, 1664, 655, 1084, 1113, 774, 721, 1020, 1337, 1112, 804, 1086, 973, 721, 708, 981, 1158, 932, 1252, 927, 842, 897, 838, 747, 928, 1256, 1189, 872, 1206, 1041, 682, 631, 1260, 1631, 762, 872, 1227, 1011, 596, 751, 1059, 1114, 914, 962, 904, 721, 689, 1016, 1116, 912, 1208, 1221, 983, 800, 804, 1006, 980, 924, 1160, 1041, 920, 762, 752, 837, 868, 983, 778, 797, 771, 634, 584, 745, 686, 722, 617, 679, 726, 635, 572, 624, 709, 674, 582, 772, 807, 650, 410, 559, 776, 586, 686, 841, 791, 627, 444, 663, 713, 508, 592, 769, 767, 558, 462, 662, 615, 440, 531, 694, 683, 568, 468, 634, 663, 524, 470, 525, 584, 520, 428, 487, 515, 480, 527, 533, 555, 511, 375, 425, 480, 492]"
0.09328832477331161,0.0,0.0,0.0,0.0,0.0,0.0,-0.598507821559906,-0.5297183990478516,18.25,-0.5215463042259216,-0.6467342376708984,24.25,-0.43914884328842163,-0.569915771484375,23.75,-0.3744897246360779,-0.2464771270751953,15.25,-0.33701032400131226,-0.5066871643066406,18.0,"[545, 585, 662, 626, 628, 620, 662, 589, 458, 609, 628, 495, 517, 566, 579, 523, 551, 617, 585, 572, 638, 596, 482, 525, 570, 575, 494, 568, 627, 602, 588, 537, 497, 499, 427, 486, 517, 526, 540, 524, 496, 475, 469, 555, 586, 540, 612, 560, 528, 470, 501, 533, 580, 607, 552, 538, 560, 494, 498, 610, 575, 492, 479, 511, 521, 483, 510, 504, 548, 555, 533, 521, 532, 549, 426, 493, 542, 533, 559, 508, 575, 606, 480, 458, 535, 628, 579, 506, 608, 547, 497, 550, 589, 639, 578, 603, 563, 552, 573, 585, 562, 472, 541, 632, 558, 516, 551, 560, 505, 510, 615, 634, 464, 483, 571, 566, 525, 540, 639, 567, 544, 579, 494, 487, 530, 491, 519, 489, 515, 580, 512, 407, 410, 457, 474, 470, 522, 511, 528, 474, 519, 496, 479, 534, 544, 474, 547, 556, 598, 594, 506, 544, 637, 672, 565, 534, 597, 638, 561, 546, 524, 622, 564, 459, 564, 606, 564, 564, 508, 561, 582, 614, 610, 575, 578, 544, 478, 540, 587, 585, 591, 632, 612, 526, 510, 553, 555, 483, 552, 621, 527, 445, 503, 476, 559, 590, 522, 558, 552, 553, 980, 1167, 1017, 680, 731, 900, 971, 752, 2411, 3276, 2271, 863, 1434, 1832, 1994, 1197, 3290, 4669, 3114, 1041, 1810, 2050, 2446, 1423, 2304, 3089, 2065, 862, 1215, 1193, 1480, 1094, 1726, 2653, 2250, 1118, 1210, 1962, 2321, 1656, 6027, 9713, 7152, 2348, 3093, 6621, 7722, 4112, 9737, 16145, 11902, 3199, 4325, 9892, 11928, 5352, 6611, 11778, 8972, 2413, 2839, 6988, 8769, 3866, 1852, 3849, 3405, 1505, 1051, 2643, 3563, 2224, 1154, 1328, 1288, 942, 783, 1265, 1646, 1389, 896, 1413, 1255, 672, 640, 985, 1358, 994, 1030, 1505, 1143, 611, 625, 745, 992, 691, 1277, 1970, 1674, 842, 716, 1007, 1314, 894, 1298, 2035, 1848, 1003, 775, 1207, 1647, 1204, 1950, 3855, 3360, 1361, 1033, 2145, 3075, 1810, 2763, 5509, 4676, 1754, 1427, 2781, 3973, 2211, 1879, 3430, 2980, 1206, 1190, 1658, 2210, 1431, 1151, 1781, 1550, 734, 910, 1147, 1255, 771, 900, 1083, 823, 533, 728, 859, 854, 710, 702, 811, 769, 753, 651, 669, 817, 689, 630, 683, 606, 629, 683, 721, 640, 622, 638, 637, 729, 628, 589, 591, 632, 697, 654, 755, 787, 678, 582, 636, 639, 589, 570, 759, 754, 589, 528, 676, 657, 524, 605, 730, 772, 629, 619, 759, 700, 616, 709, 767, 645, 621, 790, 816, 670, 622, 1000, 1359, 1018, 599, 898, 800, 787, 755, 1739, 2475, 1871, 785, 1221, 918, 1148, 994, 2534, 3776, 2885, 850, 2126, 1956, 1642, 1074, 4680, 7330, 5231, 1177, 4003, 3751, 2437, 1179, 5891, 8901, 6238, 1650, 4617, 4003, 2788, 1347, 4159, 5887, 3930, 1432, 3077, 2509, 1969, 1218, 1897, 2647, 1835, 856, 1409, 1191, 1167, 883, 1430, 1967, 1368, 597, 1125, 1032, 855, 683, 1846, 2485, 1697, 656, 1443, 1374, 1082, 735, 1637, 2058, 1409, 660, 1127, 1236, 1082, 786, 1241, 1548, 1136, 727, 886, 947, 923, 760, 844, 1047, 746, 608, 806, 752, 702, 625, 725, 897, 728, 571, 705, 720, 675, 609, 639, 788, 703, 604, 667, 608, 617, 639, 675, 727, 652, 649, 690, 711, 765, 709, 567, 696, 665, 616, 524, 617, 727, 614, 698, 830, 905, 644, 616, 807, 702, 638, 933, 1003, 905, 667, 864, 927, 835, 758, 909, 1027, 876, 674, 976, 1041, 750, 638, 914, 875, 814, 796, 813, 805, 567, 637, 993, 986, 660, 682, 843, 819, 641, 677, 1007, 1134, 817, 661, 821, 844, 686, 730, 908, 1286, 1101, 863, 866, 986, 1000, 836, 859, 1233, 1115, 783, 849, 872, 909, 786, 785, 1052, 974, 735, 747, 779, 851, 749, 796, 903, 762, 658, 688, 646, 646, 694, 701, 771, 648, 658, 625, 640, 709, 626, 664, 786, 686, 612, 615, 637, 713, 611, 785, 804, 784, 625, 620, 692, 691, 813, 659, 747, 791, 652, 676, 693, 702, 743, 565, 745, 793, 696, 682, 703, 673, 660, 550, 623, 727, 646, 556, 626, 787, 734, 599, 631, 709, 694, 614, 651, 811, 783, 739, 572, 691, 683, 640, 717, 706, 803, 640, 641, 702, 721, 653, 678, 671, 673, 613, 650, 684, 694, 619, 613, 663, 692, 611, 640, 622, 601, 634, 636, 592, 667, 705, 694, 711, 617, 579, 635, 648, 636, 695, 693, 679, 618, 591, 662, 705, 690, 493, 705, 719, 638, 568, 615, 778, 680, 674, 658, 662, 730, 741, 669, 733, 731, 593, 707, 735, 623, 544, 538, 673, 647, 686, 882, 858, 698, 608, 685, 705, 680, 624, 859, 897, 655, 599, 754, 918, 743, 705, 833, 785, 740, 697, 885, 986, 716, 618, 773, 768, 729, 688, 754, 861, 652, 656, 633, 618, 668, 712, 619, 717, 727, 711, 751, 677, 624, 649, 748, 848, 832, 726, 707, 627, 565, 597, 740, 834, 819, 678, 727, 741, 657, 567, 737, 858, 800, 580, 761, 816, 669, 675, 717, 795, 683, 621, 769, 716, 599, 654, 725, 703, 623, 744, 761, 683, 637, 600, 619, 688, 680, 645, 768, 767, 589, 548, 745, 768, 590, 850, 726, 774, 726, 755, 766, 935, 996, 1386, 993, 1734, 1511, 911, 1074, 2504, 2713, 1714, 1524, 2371, 1970, 1057, 1853, 3903, 3895, 1672, 1501, 1942, 1651, 1060, 1987, 3404, 3258, 1809, 1501, 2144, 1767, 1019, 1736, 2671, 3052, 1349, 1530, 2071, 1590, 749, 1328, 2014, 2080, 1551, 1623, 1843, 1424, 772, 1158, 1490, 1621, 1366, 1266, 1187, 1002, 666, 974, 1008, 1189, 1203, 1443, 1478, 1172, 861, 1089, 1463, 1565, 1061, 1644, 1717, 1268, 991, 1367, 1810, 1719, 936, 1188, 1290, 1095, 841, 947, 1220, 1154, 875, 927, 1047, 926, 762, 830, 1080, 1056, 854, 994, 1352, 1203, 715, 851, 960, 901, 669, 1106, 1410, 1109, 563, 786, 1070, 915, 750, 1063, 1114, 799, 560, 724, 955, 874, 604, 777, 803, 609, 571, 657, 881, 799, 605, 755, 705, 572, 613, 749, 838, 770, 679, 733, 785, 578, 605, 756, 803, 737, 742, 617, 650, 628, 604, 702, 672, 612, 534, 557, 633, 607, 494, 588, 603, 556, 465, 554, 594, 535, 475, 585, 602, 499, 552, 502, 583, 585, 545, 575, 562, 558, 560, 531, 474, 452, 484, 608, 599, 575]"
0.09328832477331161,0.0,0.0,0.0,0.0,0.0,0.0,-0.9512719511985779,-0.9196758270263672,16.25,-0.9512719511985779,-0.8646011352539062,16.75,-0.9512719511985779,-0.8246898651123047,20.5,-0.9512719511985779,-0.8149623870849609,22.5,-0.43929189443588257,-0.8408546447753906,17.0,"[599, 661, 724, 684, 671, 679, 724, 659, 555, 530, 623, 628, 672, 598, 678, 671, 562, 574, 550, 518, 612, 594, 519, 568, 537, 518, 521, 537, 449, 485, 495, 457, 508, 501, 513, 493, 528, 523, 507, 493, 528, 597, 591, 490, 553, 590, 614, 590, 566, 659, 589, 493, 551, 582, 547, 540, 513, 587, 519, 473, 585, 622, 516, 467, 543, 526, 523, 526, 551, 512, 631, 653, 536, 436, 471, 573, 581, 449, 536, 606, 566, 492, 446, 496, 592, 507, 420, 492, 584, 557, 523, 536, 541, 438, 471, 571, 590, 575, 536, 531, 487, 481, 483, 518, 670, 575, 446, 557, 608, 546, 445, 523, 537, 469, 426, 527, 515, 527, 490, 486, 460, 490, 580, 606, 538, 573, 577, 515, 495, 499, 653, 670, 567, 557, 575, 531, 485, 588, 649, 587, 607, 552, 538, 540, 508, 546, 516, 472, 499, 553, 565, 465, 443, 483, 583, 518, 410, 488, 567, 538, 518, 532, 543, 494, 478, 479, 544, 550, 583, 508, 456, 568, 536, 403, 519, 626, 576, 600, 580, 604, 581, 434, 530, 564, 622, 835, 838, 668, 676, 799, 763, 617, 1972, 3634, 3218, 1395, 1531, 2265, 2540, 1450, 3878, 7039, 5889, 2066, 2576, 3799, 4521, 2197, 3005, 5417, 4446, 1595, 2025, 2587, 3332, 1712, 1715, 2662, 2082, 709, 1177, 1112, 1467, 821, 1930, 3049, 2456, 1133, 1030, 1478, 2078, 1408, 2974, 6257, 5371, 1952, 1705, 3735, 5058, 2693, 3930, 7764, 6344, 1991, 2198, 4751, 5960, 2734, 3122, 5539, 4376, 1396, 1649, 3465, 4044, 1595, 1811, 3208, 2654, 1067, 1096, 2249, 2535, 1060, 1249, 1936, 1613, 889, 928, 1482, 1511, 786, 1474, 2067, 1605, 751, 1001, 1359, 1466, 1003, 1802, 3012, 2260, 900, 1224, 1702, 2094, 1138, 1920, 3182, 2359, 870, 1306, 1594, 2103, 1178, 2016, 3314, 2501, 815, 1259, 1707, 2170, 1246, 2966, 5710, 4404, 1162, 1290, 2889, 4167, 2101, 3144, 5921, 4552, 1260, 1084, 2708, 4068, 2024, 1440, 2516, 2129, 931, 670, 1007, 1826, 1270, 671, 1104, 1121, 722, 697, 807, 1020, 913, 628, 920, 883, 607, 680, 811, 744, 630, 742, 734, 706, 653, 630, 647, 650, 686, 831, 806, 644, 626, 641, 560, 586, 649, 768, 720, 510, 562, 640, 656, 620, 598, 747, 710, 648, 624, 653, 619, 608, 691, 685, 757, 820, 628, 594, 644, 727, 776, 750, 735, 688, 623, 634, 695, 702, 642, 712, 731, 668, 644, 579, 598, 590, 531, 1044, 1288, 1016, 728, 684, 822, 920, 722, 2288, 3257, 2582, 1433, 1882, 2088, 1666, 1311, 3553, 5046, 4078, 2328, 3262, 3285, 2154, 1861, 2803, 3844, 3165, 1940, 2803, 2682, 1543, 1494, 1484, 1826, 1467, 1148, 1592, 1513, 1029, 997, 1095, 1280, 1022, 750, 903, 967, 736, 796, 1263, 1512, 1128, 775, 1000, 1070, 853, 701, 1378, 2021, 1643, 831, 1202, 1179, 1009, 819, 1024, 1302, 1218, 837, 1029, 929, 793, 844, 700, 663, 681, 759, 718, 638, 712, 712, 707, 795, 701, 648, 595, 613, 595, 547, 634, 717, 748, 676, 602, 750, 658, 574, 634, 728, 765, 625, 577, 639, 663, 641, 650, 854, 804, 542, 433, 617, 710, 648, 755, 805, 726, 696, 633, 721, 714, 748, 713, 791, 673, 570, 582, 676, 684, 607, 666, 783, 737, 651, 667, 648, 685, 570, 830, 904, 789, 707, 751, 738, 850, 798, 858, 853, 767, 756, 840, 855, 864, 849, 1018, 982, 716, 681, 992, 1040, 858, 763, 929, 942, 774, 634, 773, 966, 754, 664, 748, 823, 904, 770, 709, 973, 822, 662, 658, 737, 690, 727, 756, 834, 714, 595, 546, 760, 780, 623, 718, 767, 780, 720, 612, 726, 757, 559, 724, 694, 709, 723, 639, 714, 677, 613, 652, 643, 590, 588, 707, 861, 778, 630, 657, 600, 518, 580, 725, 989, 949, 591, 737, 794, 725, 694, 724, 1004, 913, 574, 673, 758, 744, 671, 826, 925, 838, 599, 623, 693, 753, 813, 672, 830, 814, 608, 587, 658, 667, 662, 771, 789, 793, 772, 644, 661, 731, 741, 851, 716, 879, 903, 787, 830, 891, 896, 659, 814, 961, 881, 622, 999, 1057, 759, 761, 656, 658, 672, 667, 883, 803, 647, 823, 661, 654, 790, 798, 701, 661, 692, 712, 748, 729, 653, 657, 705, 697, 606, 665, 760, 734, 662, 622, 738, 823, 770, 730, 791, 670, 535, 628, 725, 727, 654, 1000, 1107, 859, 681, 851, 1013, 900, 717, 971, 911, 716, 682, 824, 815, 789, 761, 765, 676, 532, 615, 703, 766, 737, 691, 708, 723, 691, 539, 517, 775, 790, 675, 542, 662, 711, 670, 666, 725, 700, 587, 496, 683, 784, 690, 625, 656, 667, 506, 620, 881, 933, 696, 649, 866, 866, 623, 767, 850, 832, 704, 714, 867, 864, 747, 855, 886, 714, 682, 829, 836, 672, 788, 818, 834, 752, 665, 853, 941, 677, 629, 771, 742, 659, 606, 782, 811, 597, 617, 738, 795, 779, 745, 805, 830, 725, 672, 805, 767, 712, 714, 787, 936, 799, 654, 792, 670, 690, 640, 681, 968, 813, 658, 790, 676, 750, 702, 654, 813, 726, 633, 711, 640, 768, 701, 574, 627, 630, 658, 774, 745, 692, 690, 729, 729, 625, 709, 937, 850, 692, 856, 962, 833, 804, 905, 837, 918, 814, 986, 962, 694, 1112, 1102, 1118, 800, 888, 859, 886, 681, 1012, 1445, 1162, 751, 890, 858, 722, 684, 804, 1322, 837, 774, 964, 877, 654, 591, 857, 1036, 710, 713, 832, 795, 740, 659, 845, 934, 703, 712, 696, 689, 815, 786, 697, 658, 777, 989, 1055, 761, 711, 878, 1047, 842, 1012, 1074, 1010, 860, 738, 946, 1019, 859, 1001, 1102, 856, 765, 788, 1009, 1058, 816, 895, 802, 758, 844, 730, 984, 1072, 884, 754, 845, 874, 771, 628, 982, 1202, 1000, 673, 752, 805, 748, 551, 731, 1028, 909, 630, 849, 786, 551, 593, 685, 926, 732, 681, 811, 750, 572, 605, 654, 870, 721, 622, 693, 748, 667, 583, 649, 902, 808, 587, 621, 711, 671, 536, 666, 812, 719, 559, 535, 645, 596, 519, 634, 630, 656, 550, 579, 573, 487, 501, 530, 554, 536, 561, 548, 533, 548, 503, 399, 443, 512, 474, 523, 519, 471, 437, 457, 500, 490, 483, 519, 480, 468, 510, 485, 492, 554]"
-0.27070778608322144,-0.3712577819824219,0.0810454934835434,-0.8735604286193848,-0.6497230529785156,-0.03618072718381882,-1.1056462526321411,-1.0022687911987305,-0.7009506225585938,17.25,-1.0022687911987305,1.5183448791503906,15.75,-0.2977418899536133,-0.569915771484375,20.75,-0.23994922637939453,-0.4268646240234375,18.0,-0.2375173568725586,-0.5174160003662109,20.25,"[516, 534, 575, 578, 545, 578, 575, 534, 505, 599, 704, 646, 496, 549, 608, 558, 533, 574, 513, 583, 575, 545, 492, 431, 573, 545, 522, 629, 580, 494, 549, 537, 580, 605, 548, 526, 535, 536, 583, 473, 564, 542, 631, 604, 481, 584, 657, 603, 494, 498, 578, 516, 483, 661, 691, 588, 499, 453, 535, 556, 526, 540, 532, 568, 574, 519, 505, 629, 639, 553, 498, 496, 628, 579, 495, 611, 667, 658, 508, 570, 548, 535, 506, 506, 503, 577, 564, 522, 530, 615, 642, 601, 577, 513, 622, 652, 518, 630, 643, 527, 587, 599, 651, 639, 487, 585, 536, 517, 591, 611, 603, 578, 441, 522, 604, 578, 539, 521, 638, 613, 491, 571, 470, 490, 624, 609, 517, 440, 549, 481, 385, 438, 472, 501, 446, 477, 580, 512, 463, 503, 485, 474, 452, 577, 468, 497, 524, 512, 455, 478, 552, 551, 548, 546, 552, 603, 545, 548, 587, 529, 652, 597, 543, 535, 525, 539, 540, 549, 633, 653, 547, 418, 439, 563, 588, 544, 1112, 1271, 910, 604, 853, 1259, 1209, 787, 1911, 2561, 1569, 721, 1256, 2590, 2607, 1066, 1725, 2825, 2098, 945, 1028, 2594, 2955, 1453, 2428, 3954, 3044, 1209, 1165, 2782, 3427, 1740, 2945, 4662, 3450, 1289, 1455, 3727, 4282, 1980, 3913, 6750, 5294, 2140, 2147, 5738, 6668, 3027, 5150, 9002, 6963, 2827, 2606, 7485, 8882, 3929, 3762, 6303, 4650, 1893, 2039, 5673, 6510, 2654, 1881, 2443, 1594, 682, 1212, 2435, 2368, 897, 1514, 2243, 1770, 798, 952, 1652, 1863, 1053, 2113, 3298, 2490, 981, 1460, 2250, 2620, 1470, 2914, 4180, 2958, 1093, 1810, 2380, 2705, 1517, 3641, 5460, 4010, 1370, 1731, 2504, 3172, 1442, 2769, 4361, 3328, 1215, 1374, 2173, 2731, 1245, 955, 1503, 1257, 721, 810, 1047, 1361, 920, 672, 814, 682, 535, 595, 606, 580, 501, 753, 945, 792, 499, 639, 766, 801, 679, 734, 1018, 856, 532, 593, 732, 1036, 831, 651, 993, 899, 518, 616, 597, 829, 633, 617, 869, 825, 479, 587, 692, 720, 654, 688, 902, 776, 490, 572, 719, 685, 490, 749, 858, 670, 515, 620, 721, 756, 608, 561, 774, 731, 584, 564, 587, 842, 744, 646, 843, 734, 600, 658, 767, 902, 726, 550, 627, 617, 624, 582, 598, 778, 696, 477, 532, 564, 588, 543, 612, 792, 717, 529, 715, 729, 514, 547, 659, 682, 543, 640, 809, 757, 667, 619, 610, 701, 599, 765, 956, 836, 649, 632, 632, 626, 561, 1180, 1639, 1215, 633, 835, 781, 869, 700, 1517, 2285, 1687, 676, 1123, 1043, 1124, 683, 2023, 2862, 2348, 1154, 1646, 1810, 1381, 1166, 3388, 4470, 3250, 1523, 2461, 2433, 1800, 1547, 2537, 3443, 2608, 1191, 1683, 1643, 1649, 1416, 2014, 2607, 1768, 942, 1525, 1507, 1274, 975, 3312, 4284, 3031, 1638, 2418, 2256, 1827, 1550, 2410, 3438, 2764, 1476, 1841, 1757, 1663, 1443, 1213, 1626, 1377, 879, 1044, 1120, 954, 871, 875, 1023, 958, 781, 790, 889, 728, 703, 798, 770, 714, 609, 585, 686, 652, 667, 801, 800, 650, 677, 633, 567, 568, 656, 747, 881, 795, 701, 550, 521, 632, 587, 724, 820, 659, 563, 539, 626, 626, 461, 592, 668, 592, 511, 569, 742, 724, 489, 602, 669, 762, 626, 550, 733, 770, 638, 513, 606, 634, 538, 419, 536, 607, 535, 582, 594, 663, 532, 429, 534, 569, 570, 621, 599, 617, 589, 552, 604, 561, 595, 672, 702, 686, 600, 646, 761, 653, 556, 671, 655, 747, 721, 667, 792, 781, 776, 723, 730, 674, 642, 624, 759, 781, 760, 717, 890, 914, 684, 698, 801, 745, 739, 727, 917, 896, 670, 705, 775, 810, 807, 842, 864, 786, 675, 686, 790, 721, 808, 821, 782, 591, 536, 650, 726, 624, 656, 694, 771, 629, 618, 753, 697, 636, 599, 706, 819, 760, 608, 663, 721, 688, 592, 676, 871, 825, 650, 665, 789, 760, 642, 618, 703, 743, 610, 677, 831, 735, 622, 621, 654, 631, 599, 688, 859, 768, 529, 735, 764, 605, 533, 610, 704, 650, 621, 811, 799, 687, 585, 659, 753, 699, 662, 664, 736, 730, 588, 652, 915, 902, 699, 602, 603, 691, 656, 623, 766, 832, 767, 658, 652, 624, 620, 604, 615, 645, 638, 680, 711, 617, 607, 600, 678, 604, 531, 566, 590, 531, 564, 648, 660, 634, 618, 673, 613, 582, 564, 709, 646, 667, 751, 744, 578, 628, 660, 622, 522, 614, 746, 598, 580, 627, 678, 572, 571, 604, 609, 522, 616, 669, 658, 595, 693, 711, 603, 635, 625, 646, 611, 596, 575, 653, 681, 644, 680, 662, 579, 541, 504, 559, 606, 705, 658, 680, 610, 611, 664, 639, 702, 546, 616, 616, 533, 553, 556, 512, 590, 507, 524, 588, 608, 561, 520, 573, 590, 653, 577, 608, 652, 627, 740, 747, 680, 756, 684, 730, 656, 715, 838, 758, 734, 579, 510, 624, 612, 647, 719, 649, 594, 590, 538, 569, 645, 646, 661, 694, 642, 722, 609, 555, 671, 672, 642, 741, 776, 679, 715, 707, 703, 706, 642, 683, 634, 624, 711, 753, 598, 639, 763, 740, 703, 540, 605, 611, 543, 516, 561, 622, 587, 708, 582, 582, 601, 500, 558, 749, 780, 1040, 754, 602, 867, 1054, 908, 913, 1076, 1339, 992, 749, 820, 1316, 1140, 921, 1273, 1186, 1094, 1024, 692, 1062, 1249, 971, 1203, 1030, 1062, 1161, 890, 829, 824, 1083, 1290, 967, 860, 933, 1003, 926, 760, 1178, 1424, 1150, 801, 666, 879, 932, 991, 1358, 1469, 1106, 973, 797, 836, 861, 1380, 1631, 1328, 710, 655, 708, 739, 738, 920, 994, 838, 787, 1023, 1019, 824, 765, 723, 660, 672, 1190, 1580, 1338, 801, 699, 929, 903, 831, 1338, 1693, 1212, 658, 883, 1526, 1434, 923, 1028, 1253, 1107, 756, 872, 1519, 1395, 868, 862, 1096, 1276, 929, 700, 1211, 1144, 828, 771, 856, 926, 715, 638, 899, 849, 769, 639, 793, 755, 584, 598, 728, 835, 760, 597, 701, 710, 521, 536, 657, 734, 675, 498, 477, 542, 486, 487, 476, 525, 556, 444, 466, 459, 467, 517, 469, 410, 404, 564, 589, 485, 404, 507, 562, 458, 388, 511, 460, 395, 404, 391, 481, 475, 454, 490, 498, 409, 463, 503, 500, 415, 401]"
-0.4803628623485565,-0.6367685794830322,-0.11384977400302887,-1.2716678380966187,-0.9521416425704956,-0.3214279115200043,-1.4917879104614258,-0.9346074461936951,-1.2870311737060547,19.5,-0.4353589415550232,-0.6000995635986328,17.25,-0.23065274953842163,-0.33631324768066406,19.0,0.0979357361793518,-0.6649017333984375,19.5,0.11939340829849243,-0.6696224212646484,20.25,"[653, 596, 615, 603, 594, 599, 615, 594, 655, 667, 667, 702, 709, 688, 670, 669, 518, 598, 668, 701, 611, 657, 696, 571, 549, 576, 619, 551, 460, 540, 516, 475, 524, 497, 459, 524, 558, 489, 353, 414, 565, 547, 479, 549, 567, 474, 409, 492, 602, 571, 486, 489, 502, 467, 457, 527, 602, 525, 572, 606, 528, 510, 529, 583, 507, 575, 541, 484, 466, 487, 572, 549, 483, 515, 444, 470, 525, 512, 478, 477, 548, 559, 569, 555, 506, 494, 563, 558, 558, 569, 602, 615, 520, 498, 529, 493, 548, 524, 525, 501, 509, 511, 452, 505, 451, 447, 527, 488, 543, 558, 526, 540, 436, 503, 567, 531, 622, 634, 598, 480, 484, 551, 582, 609, 568, 600, 625, 494, 561, 568, 552, 569, 518, 506, 466, 519, 442, 513, 541, 553, 510, 477, 517, 500, 475, 516, 525, 501, 451, 539, 560, 467, 540, 502, 575, 521, 491, 464, 409, 513, 598, 570, 536, 527, 594, 528, 512, 620, 598, 607, 618, 517, 593, 606, 535, 562, 647, 670, 646, 571, 600, 644, 669, 699, 981, 1337, 1060, 1118, 946, 1818, 2232, 1459, 1222, 2030, 1937, 2115, 1352, 3485, 4566, 2912, 1008, 1578, 1818, 1924, 1165, 2667, 3821, 2711, 1090, 1217, 1659, 1599, 1051, 1821, 2867, 2324, 983, 1443, 1556, 1433, 772, 1733, 2382, 1576, 1765, 2798, 1979, 1045, 1002, 2504, 2843, 1269, 2276, 3541, 2410, 914, 1391, 3454, 3845, 1766, 1304, 1907, 1431, 847, 938, 1996, 2355, 1362, 719, 929, 858, 683, 684, 920, 1062, 823, 883, 1474, 1114, 607, 772, 1272, 1387, 859, 1590, 2623, 1877, 746, 1075, 2430, 2703, 1348, 1522, 2439, 1838, 991, 1108, 2642, 2965, 1574, 1186, 1874, 1469, 911, 867, 1820, 2093, 1284, 900, 1668, 1583, 1039, 610, 1430, 1877, 1261, 1573, 3358, 3401, 1740, 1073, 2593, 3440, 2390, 2447, 7072, 6993, 3092, 1653, 4876, 6814, 4189, 2915, 7602, 7160, 2931, 1828, 5283, 7053, 3946, 2001, 3681, 3117, 1379, 1344, 2779, 3247, 1600, 1125, 2055, 1717, 856, 978, 1567, 1832, 1064, 974, 1765, 1584, 717, 692, 1236, 1514, 945, 951, 1224, 1011, 615, 673, 1007, 1063, 747, 795, 1041, 734, 476, 683, 864, 819, 610, 642, 731, 628, 551, 703, 719, 614, 597, 561, 666, 693, 619, 520, 651, 703, 611, 659, 615, 664, 655, 631, 657, 680, 632, 514, 459, 622, 626, 531, 596, 582, 527, 560, 554, 526, 516, 498, 570, 594, 555, 763, 782, 679, 594, 603, 655, 708, 719, 720, 926, 814, 653, 636, 742, 765, 553, 1208, 1630, 1157, 644, 929, 845, 752, 625, 1439, 1987, 1369, 795, 1265, 1054, 824, 692, 1175, 1393, 1120, 1008, 1102, 915, 808, 913, 1345, 1216, 997, 983, 1042, 1019, 784, 1117, 2284, 2942, 2136, 1068, 1354, 1830, 1848, 1288, 2986, 3715, 2512, 1190, 1710, 2399, 2494, 1318, 3109, 3433, 2266, 1532, 2482, 2721, 1877, 1480, 2764, 3386, 2620, 1607, 2749, 2752, 1764, 1835, 1438, 1766, 1444, 968, 1723, 2035, 1414, 944, 972, 1154, 841, 654, 844, 1050, 957, 677, 839, 818, 757, 692, 636, 689, 654, 768, 744, 885, 758, 573, 613, 710, 791, 729, 604, 752, 710, 596, 622, 619, 893, 828, 647, 728, 685, 608, 572, 647, 831, 793, 635, 729, 657, 587, 611, 666, 711, 734, 817, 864, 750, 640, 581, 672, 780, 670, 761, 877, 729, 572, 633, 641, 697, 686, 777, 827, 723, 627, 663, 653, 648, 698, 636, 704, 719, 686, 615, 572, 690, 691, 600, 650, 673, 535, 521, 771, 784, 678, 640, 574, 677, 663, 603, 684, 702, 706, 679, 554, 619, 591, 602, 674, 631, 605, 705, 705, 610, 534, 703, 757, 625, 589, 637, 644, 681, 612, 640, 693, 616, 661, 603, 621, 702, 695, 614, 652, 709, 685, 640, 736, 756, 712, 686, 711, 731, 623, 642, 708, 669, 636, 710, 719, 775, 765, 602, 679, 738, 721, 671, 660, 820, 803, 618, 692, 674, 711, 691, 808, 815, 684, 623, 649, 696, 610, 598, 726, 730, 673, 725, 760, 730, 689, 723, 787, 707, 663, 634, 758, 701, 646, 640, 747, 733, 646, 662, 728, 687, 609, 573, 748, 841, 692, 739, 780, 783, 733, 591, 741, 841, 659, 629, 657, 684, 721, 664, 697, 707, 729, 643, 705, 729, 705, 589, 704, 744, 626, 658, 668, 724, 686, 719, 709, 713, 681, 613, 580, 725, 696, 606, 703, 767, 709, 624, 610, 608, 716, 633, 606, 795, 719, 636, 545, 528, 635, 690, 678, 693, 683, 606, 581, 558, 591, 604, 552, 554, 633, 695, 579, 585, 577, 515, 560, 558, 646, 665, 699, 631, 487, 589, 644, 476, 554, 559, 662, 622, 522, 611, 598, 482, 475, 625, 660, 620, 592, 624, 593, 556, 596, 688, 564, 493, 635, 670, 571, 542, 633, 587, 583, 550, 624, 574, 558, 565, 578, 594, 615, 536, 506, 604, 599, 522, 484, 583, 596, 518, 471, 510, 630, 573, 446, 560, 561, 539, 462, 502, 640, 637, 480, 646, 592, 537, 556, 587, 654, 577, 567, 716, 623, 558, 583, 642, 669, 650, 622, 645, 585, 627, 621, 630, 676, 690, 659, 669, 680, 732, 592, 614, 652, 656, 690, 658, 671, 669, 614, 580, 638, 603, 611, 615, 652, 738, 689, 657, 681, 677, 663, 569, 651, 873, 898, 674, 709, 839, 776, 632, 669, 934, 976, 650, 811, 1109, 1030, 913, 680, 734, 828, 791, 726, 983, 1134, 1092, 887, 1077, 859, 905, 1067, 1047, 1176, 1162, 1166, 1047, 877, 823, 1077, 1158, 1009, 1113, 1180, 816, 765, 820, 880, 969, 872, 855, 998, 810, 623, 738, 761, 796, 746, 777, 950, 927, 594, 639, 770, 1022, 1106, 920, 984, 976, 614, 718, 817, 1078, 1122, 948, 1050, 892, 684, 660, 797, 945, 848, 695, 818, 756, 685, 641, 875, 999, 777, 711, 714, 798, 736, 648, 801, 843, 787, 711, 595, 807, 774, 637, 746, 738, 727, 654, 595, 740, 751, 537, 548, 635, 722, 540, 488, 602, 556, 395, 411, 511, 593, 511, 516, 590, 527, 438, 483, 542, 560, 493, 466, 471, 514, 460, 406, 479, 539, 472, 437, 466, 445, 430, 467, 474, 479, 476, 505, 522, 468, 500, 516, 451, 433, 513, 548, 624, 465, 481, 531, 508, 517]"
-0.5653725862503052,-0.4827476441860199,0.009712442755699158,-1.2912920713424683,-0.29826611280441284,0.19758473336696625,-1.3596394062042236,-0.1060519814491272,-0.2602100372314453,15.25,-0.08101803064346313,-0.2978324890136719,24.75,-0.03838878870010376,-0.23446083068847656,27.5,-0.020221292972564697,-0.27179718017578125,24.5,0.03370898962020874,-0.28138160705566406,17.0,"[600, 579, 570, 538, 473, 538, 573, 581, 607, 617, 596, 602, 628, 564, 476, 540, 597, 630, 637, 562, 694, 602, 500, 571, 539, 552, 499, 451, 476, 536, 529, 527, 460, 513, 514, 475, 534, 560, 575, 477, 483, 591, 574, 539, 564, 654, 649, 506, 489, 542, 534, 517, 528, 538, 568, 497, 536, 620, 490, 447, 555, 557, 479, 425, 464, 546, 539, 414, 518, 582, 502, 398, 413, 454, 500, 457, 500, 544, 515, 413, 503, 471, 459, 449, 593, 631, 498, 481, 507, 513, 458, 421, 541, 606, 456, 433, 512, 510, 458, 495, 571, 559, 486, 454, 546, 564, 551, 528, 516, 547, 615, 597, 583, 556, 569, 533, 525, 578, 572, 513, 635, 610, 619, 600, 596, 590, 578, 601, 465, 527, 604, 581, 523, 537, 594, 514, 574, 486, 487, 550, 537, 534, 536, 551, 496, 469, 581, 542, 468, 552, 596, 616, 507, 627, 543, 459, 544, 590, 550, 472, 484, 627, 649, 480, 562, 576, 511, 492, 511, 580, 535, 466, 532, 566, 585, 529, 650, 634, 592, 633, 709, 664, 643, 699, 653, 619, 599, 550, 702, 669, 519, 561, 553, 522, 465, 484, 554, 549, 474, 456, 657, 646, 645, 622, 638, 692, 612, 553, 718, 640, 692, 733, 687, 613, 681, 767, 1205, 1224, 2400, 2854, 1489, 1665, 3315, 2886, 2044, 2643, 6910, 8100, 3285, 5197, 9672, 7537, 2122, 3458, 8792, 10245, 3829, 7498, 12894, 9462, 1633, 3123, 6020, 6861, 2615, 6088, 9363, 6386, 1052, 2028, 2849, 2738, 1169, 3072, 4050, 2497, 769, 2082, 3801, 3487, 993, 2721, 3863, 2578, 623, 2267, 4046, 3424, 907, 3094, 3846, 2236, 676, 1012, 1593, 1376, 671, 1336, 1362, 869, 738, 891, 876, 733, 644, 838, 1068, 926, 675, 801, 837, 829, 652, 891, 1130, 964, 1109, 1582, 1096, 860, 868, 1388, 1560, 933, 2059, 3537, 2512, 856, 1306, 3088, 3492, 1467, 2155, 4245, 3205, 1033, 1394, 3760, 4527, 2174, 1024, 2378, 2041, 879, 810, 2082, 2853, 1831, 678, 934, 868, 635, 578, 887, 1343, 1130, 715, 1015, 872, 710, 644, 1108, 1246, 791, 1170, 1592, 1075, 751, 845, 1919, 1994, 871, 1450, 1932, 1197, 650, 1030, 2217, 2218, 849, 1166, 1573, 1077, 692, 921, 1644, 1646, 883, 791, 1006, 838, 690, 758, 943, 1035, 754, 783, 831, 626, 527, 589, 621, 707, 645, 738, 743, 537, 531, 606, 651, 574, 664, 785, 678, 619, 575, 612, 628, 636, 742, 684, 753, 670, 583, 594, 613, 660, 674, 978, 1204, 893, 656, 974, 991, 833, 581, 1800, 2441, 1568, 672, 1520, 1475, 1254, 588, 2119, 3182, 2173, 613, 1743, 1638, 1440, 591, 2544, 3744, 2547, 734, 2285, 2085, 1311, 786, 3279, 4683, 3113, 1013, 2890, 2642, 1645, 986, 2582, 3538, 2477, 1116, 2192, 1935, 1198, 1074, 1448, 1764, 1362, 878, 1235, 1144, 722, 930, 1033, 1136, 914, 733, 833, 862, 810, 779, 1172, 1263, 907, 792, 888, 862, 906, 797, 1318, 1418, 975, 812, 1014, 1149, 1140, 788, 1213, 1321, 967, 663, 892, 1247, 1215, 853, 896, 994, 753, 676, 834, 1097, 1107, 804, 642, 635, 732, 805, 788, 831, 800, 680, 639, 698, 728, 695, 615, 648, 726, 702, 668, 822, 780, 603, 561, 630, 703, 645, 543, 661, 811, 662, 488, 654, 826, 708, 607, 558, 701, 697, 601, 557, 676, 703, 592, 617, 611, 670, 662, 641, 671, 663, 799, 946, 805, 701, 675, 765, 904, 827, 952, 1114, 951, 656, 668, 898, 1029, 960, 890, 1010, 963, 738, 662, 819, 1025, 932, 681, 762, 798, 673, 630, 602, 716, 720, 635, 764, 658, 660, 787, 703, 683, 636, 731, 797, 664, 731, 682, 682, 746, 631, 621, 694, 681, 579, 600, 668, 630, 567, 599, 659, 597, 594, 646, 717, 643, 558, 651, 679, 571, 626, 681, 631, 589, 572, 566, 612, 686, 717, 641, 636, 661, 580, 618, 658, 654, 714, 661, 668, 711, 621, 503, 613, 645, 558, 591, 628, 656, 527, 554, 526, 576, 650, 619, 605, 601, 564, 675, 654, 653, 701, 644, 664, 627, 639, 722, 630, 528, 591, 562, 507, 468, 588, 614, 604, 588, 591, 473, 541, 611, 614, 650, 688, 676, 674, 540, 562, 745, 707, 735, 739, 636, 656, 647, 615, 625, 625, 718, 735, 713, 729, 623, 649, 698, 685, 745, 603, 675, 784, 673, 642, 619, 706, 729, 635, 632, 694, 660, 678, 638, 581, 582, 614, 549, 584, 540, 607, 631, 543, 610, 655, 612, 611, 514, 545, 677, 572, 639, 555, 540, 500, 519, 552, 522, 596, 663, 578, 507, 491, 572, 546, 500, 590, 547, 648, 676, 616, 513, 628, 599, 561, 607, 625, 612, 575, 540, 598, 638, 588, 609, 607, 631, 546, 540, 583, 623, 642, 665, 614, 465, 569, 628, 558, 580, 620, 646, 624, 529, 626, 616, 560, 562, 587, 645, 564, 550, 612, 603, 547, 561, 602, 553, 572, 527, 503, 480, 488, 484, 509, 438, 544, 586, 607, 512, 546, 557, 500, 450, 545, 662, 657, 514, 611, 712, 575, 581, 473, 584, 639, 569, 549, 637, 661, 650, 547, 514, 636, 654, 539, 517, 667, 561, 564, 553, 753, 758, 551, 666, 706, 513, 581, 603, 697, 665, 588, 666, 654, 536, 601, 712, 668, 526, 584, 715, 648, 547, 540, 544, 541, 548, 620, 649, 585, 669, 587, 649, 643, 611, 659, 726, 752, 647, 562, 599, 604, 689, 637, 720, 729, 662, 638, 489, 603, 819, 681, 603, 701, 641, 624, 628, 583, 717, 873, 789, 659, 660, 665, 789, 721, 682, 830, 837, 804, 564, 836, 1039, 724, 518, 795, 1182, 1048, 572, 808, 885, 584, 533, 749, 1021, 971, 513, 675, 812, 624, 555, 708, 862, 824, 588, 657, 828, 688, 589, 704, 862, 814, 687, 665, 770, 717, 655, 671, 828, 840, 713, 750, 616, 511, 595, 723, 687, 619, 595, 643, 645, 543, 538, 694, 812, 793, 605, 618, 590, 544, 518, 679, 775, 747, 532, 493, 556, 592, 564, 518, 579, 622, 549, 467, 519, 541, 496, 513, 560, 571, 449, 427, 445, 472, 445, 533, 519, 448, 495, 563, 559, 495, 447, 502, 490, 461, 512, 456, 480, 486, 460, 504, 487, 497, 338, 388, 463, 374, 350, 416, 436, 377]"
-0.5173534154891968,-0.22410371899604797,0.3654823303222656,-1.019612431526184,0.2107272744178772,0.8082985877990723,-0.8867464065551758,-0.08211243152618408,-0.107574462890625,15.25,-0.04563438892364502,-0.18181800842285156,23.0,-0.010300755500793457,-0.10986328125,23.5,0.003432154655456543,0.11301040649414062,17.75,0.04119765758514404,0.03948211669921875,17.75,"[508, 556, 566, 627, 672, 627, 565, 548, 547, 641, 607, 611, 685, 658, 669, 586, 538, 592, 541, 500, 590, 601, 529, 472, 459, 514, 563, 535, 563, 593, 540, 475, 427, 506, 609, 534, 496, 545, 550, 515, 468, 564, 633, 559, 486, 468, 548, 525, 549, 467, 417, 559, 556, 489, 537, 536, 456, 572, 568, 591, 554, 520, 584, 477, 623, 639, 556, 510, 559, 538, 476, 512, 607, 543, 479, 499, 522, 509, 550, 598, 482, 500, 535, 569, 520, 441, 538, 534, 597, 434, 494, 601, 553, 479, 496, 605, 538, 475, 522, 551, 484, 512, 522, 578, 583, 572, 665, 677, 586, 531, 567, 625, 582, 522, 641, 649, 616, 552, 536, 584, 543, 516, 615, 597, 569, 603, 545, 573, 549, 532, 578, 549, 515, 585, 607, 620, 593, 499, 563, 548, 514, 664, 606, 523, 485, 447, 524, 591, 511, 509, 515, 540, 470, 550, 508, 589, 599, 514, 541, 542, 543, 477, 456, 512, 529, 484, 475, 512, 518, 641, 523, 537, 575, 639, 604, 507, 528, 573, 576, 563, 556, 687, 621, 513, 460, 536, 549, 591, 508, 526, 599, 521, 474, 563, 551, 538, 478, 561, 573, 528, 497, 556, 538, 496, 486, 490, 534, 543, 538, 617, 561, 489, 501, 556, 608, 515, 619, 619, 582, 565, 535, 536, 551, 583, 569, 522, 468, 549, 528, 489, 522, 602, 650, 558, 606, 753, 692, 530, 784, 889, 1113, 1155, 1867, 2524, 1634, 1658, 3220, 2841, 1812, 2766, 4623, 5522, 2766, 4803, 7927, 6074, 1809, 2904, 5145, 5691, 2702, 5735, 8484, 6079, 1387, 1750, 2842, 3071, 1809, 2853, 4391, 3421, 1342, 1872, 3036, 3638, 1811, 2514, 4676, 3671, 1314, 1970, 3650, 4404, 1898, 3066, 5312, 3948, 963, 1228, 1691, 2013, 1092, 1668, 2573, 1716, 755, 1259, 1627, 1291, 740, 1711, 2011, 1235, 1448, 1707, 1776, 1658, 1265, 2182, 2419, 1498, 2323, 2887, 1694, 1188, 1766, 3370, 3281, 1491, 2420, 3203, 2197, 1373, 1679, 3505, 3469, 1636, 1781, 2431, 1798, 1115, 1157, 2265, 2328, 1088, 1461, 2036, 1615, 1081, 1126, 1910, 2020, 1281, 2208, 3362, 2936, 1908, 1862, 4350, 4497, 1982, 1958, 3472, 3427, 2170, 2000, 5152, 5369, 2394, 1364, 2011, 2143, 1411, 1419, 2917, 3126, 1745, 1037, 1147, 965, 761, 839, 1172, 1211, 947, 827, 980, 853, 727, 766, 764, 775, 689, 612, 762, 730, 610, 692, 715, 680, 536, 680, 782, 728, 748, 674, 769, 792, 667, 738, 721, 601, 606, 687, 759, 776, 693, 614, 525, 587, 595, 536, 564, 599, 635, 525, 587, 632, 580, 586, 532, 575, 572, 1388, 1520, 897, 812, 1093, 1274, 1086, 803, 4237, 5414, 3184, 1344, 2814, 2868, 2485, 1193, 5527, 7657, 4966, 1722, 3739, 3472, 3310, 1357, 3270, 4642, 3296, 1571, 2396, 2116, 2116, 1292, 1912, 2295, 1830, 1108, 1481, 1403, 1282, 1167, 1685, 2137, 1662, 794, 1210, 1366, 1065, 1130, 1134, 1468, 1247, 793, 841, 919, 844, 778, 1029, 1230, 1051, 871, 701, 867, 877, 726, 989, 1147, 1062, 853, 911, 1017, 901, 844, 994, 1275, 1252, 823, 960, 1033, 1023, 936, 949, 1072, 1096, 778, 959, 943, 901, 981, 862, 901, 881, 721, 812, 919, 943, 849, 746, 787, 650, 635, 657, 871, 875, 681, 761, 840, 781, 622, 707, 849, 839, 645, 574, 675, 726, 629, 556, 673, 758, 651, 553, 551, 582, 642, 566, 532, 642, 634, 558, 567, 615, 634, 605, 486, 507, 577, 634, 585, 669, 597, 649, 615, 560, 643, 704, 620, 678, 651, 557, 660, 702, 645, 685, 667, 643, 595, 503, 525, 690, 688, 631, 789, 680, 639, 617, 674, 753, 619, 585, 751, 789, 692, 614, 866, 898, 582, 646, 745, 752, 711, 687, 776, 802, 665, 660, 560, 527, 625, 641, 621, 635, 648, 671, 599, 556, 577, 673, 614, 626, 658, 606, 589, 603, 588, 581, 544, 601, 667, 630, 571, 708, 738, 693, 504, 577, 738, 646, 611, 667, 675, 723, 557, 541, 699, 596, 677, 729, 668, 693, 670, 629, 653, 503, 651, 667, 617, 613, 579, 592, 546, 560, 627, 623, 654, 758, 692, 669, 627, 554, 642, 632, 579, 617, 685, 749, 643, 640, 594, 651, 600, 577, 601, 687, 678, 601, 509, 590, 580, 482, 601, 649, 662, 616, 621, 581, 588, 624, 706, 657, 630, 638, 589, 518, 560, 597, 645, 555, 562, 579, 603, 515, 537, 516, 595, 609, 550, 585, 578, 549, 575, 629, 605, 524, 560, 526, 632, 580, 639, 732, 684, 579, 555, 525, 514, 585, 626, 541, 508, 555, 512, 492, 545, 599, 629, 499, 546, 643, 593, 542, 540, 589, 571, 573, 547, 594, 613, 539, 598, 600, 546, 626, 619, 622, 606, 548, 582, 646, 610, 566, 628, 600, 529, 548, 618, 650, 615, 574, 619, 659, 537, 571, 676, 704, 615, 541, 644, 715, 627, 640, 592, 622, 634, 588, 564, 675, 713, 535, 505, 572, 528, 552, 587, 566, 644, 567, 496, 571, 666, 607, 594, 582, 593, 653, 560, 576, 711, 612, 552, 676, 684, 684, 555, 564, 681, 654, 530, 635, 760, 654, 534, 521, 641, 632, 479, 567, 724, 693, 570, 602, 687, 607, 522, 590, 728, 641, 630, 648, 617, 562, 583, 653, 644, 628, 625, 613, 643, 623, 588, 599, 541, 723, 692, 637, 635, 574, 673, 753, 657, 817, 702, 681, 696, 599, 661, 682, 747, 679, 630, 558, 648, 532, 507, 624, 672, 689, 643, 776, 946, 756, 646, 986, 976, 715, 673, 878, 1265, 990, 756, 1347, 1267, 663, 735, 933, 1071, 927, 726, 1233, 1199, 547, 659, 767, 722, 622, 628, 762, 787, 614, 713, 760, 693, 614, 682, 761, 710, 592, 568, 598, 567, 552, 606, 678, 721, 568, 638, 709, 526, 515, 581, 677, 713, 685, 692, 580, 482, 576, 678, 627, 588, 563, 635, 569, 517, 554, 701, 774, 658, 552, 689, 666, 510, 496, 701, 946, 781, 525, 647, 719, 572, 533, 555, 830, 769, 477, 484, 581, 515, 485, 481, 596, 587, 544, 512, 582, 503, 485, 528, 659, 588, 527, 517, 567, 569, 541, 522, 598, 617, 471, 516, 471, 423, 502, 475, 452, 433, 426, 459, 501, 410, 372, 405, 477, 499, 433, 452, 410, 468, 413, 421, 486, 430]"
1.014801025390625,-0.4119594991207123,-0.5737513899803162,-0.04518117755651474,-0.4428268074989319,-0.5484336614608765,-0.037350937724113464,-0.19866478443145752,1.3076305389404297,21.75,-0.06577026844024658,1.1089324951171875,25.25,-0.0061179399490356445,1.2506961822509766,17.25,0.10932433605194092,0.9348392486572266,17.0,0.30129897594451904,0.2788066864013672,22.0,"[521, 581, 614, 600, 680, 600, 616, 583, 604, 521, 630, 661, 704, 656, 657, 667, 547, 668, 626, 462, 555, 692, 634, 479, 446, 481, 457, 409, 439, 506, 564, 491, 449, 459, 544, 585, 526, 456, 525, 529, 527, 545, 536, 531, 500, 488, 524, 537, 564, 562, 630, 578, 487, 573, 651, 627, 558, 483, 603, 587, 550, 576, 577, 571, 543, 433, 603, 595, 472, 546, 517, 516, 522, 587, 641, 594, 571, 583, 561, 504, 523, 581, 594, 516, 475, 538, 544, 522, 468, 488, 550, 604, 581, 517, 508, 502, 529, 547, 520, 554, 549, 509, 492, 422, 510, 544, 653, 651, 553, 511, 559, 509, 554, 560, 523, 550, 576, 521, 556, 616, 559, 493, 474, 436, 499, 549, 481, 511, 485, 420, 440, 459, 498, 473, 482, 524, 518, 514, 523, 546, 553, 536, 540, 585, 414, 471, 495, 502, 514, 487, 593, 553, 490, 515, 497, 614, 696, 522, 491, 488, 543, 646, 620, 591, 632, 657, 610, 538, 619, 643, 531, 530, 597, 706, 620, 613, 560, 592, 579, 556, 538, 539, 518, 537, 585, 550, 619, 634, 540, 529, 521, 582, 589, 649, 719, 638, 549, 503, 603, 595, 562, 591, 634, 586, 583, 550, 659, 644, 668, 583, 481, 599, 602, 534, 593, 641, 616, 532, 474, 567, 594, 609, 541, 569, 530, 466, 523, 500, 486, 479, 500, 543, 654, 667, 569, 613, 642, 593, 654, 635, 507, 559, 574, 591, 582, 524, 577, 535, 506, 609, 615, 560, 573, 517, 581, 557, 550, 630, 565, 509, 589, 550, 560, 499, 559, 647, 634, 482, 505, 526, 591, 500, 547, 502, 588, 570, 585, 564, 557, 563, 562, 524, 560, 514, 503, 480, 529, 611, 576, 514, 512, 478, 463, 455, 464, 566, 563, 521, 523, 552, 534, 546, 551, 572, 518, 559, 582, 605, 563, 519, 523, 536, 653, 602, 621, 531, 479, 616, 592, 577, 660, 604, 548, 549, 517, 536, 429, 577, 619, 643, 591, 564, 571, 551, 536, 599, 643, 598, 578, 528, 587, 588, 497, 551, 654, 656, 582, 582, 540, 586, 574, 537, 601, 533, 579, 574, 456, 577, 612, 571, 686, 690, 671, 602, 552, 612, 670, 638, 605, 578, 683, 659, 582, 568, 732, 737, 661, 571, 668, 728, 680, 647, 653, 690, 622, 570, 600, 641, 604, 606, 603, 590, 651, 661, 656, 614, 663, 639, 513, 520, 686, 819, 786, 743, 644, 739, 928, 765, 742, 923, 1011, 836, 637, 984, 1692, 1477, 771, 1121, 1206, 875, 702, 1053, 1914, 1698, 652, 964, 980, 721, 691, 892, 1318, 1115, 588, 722, 808, 657, 553, 602, 912, 910, 586, 691, 700, 595, 570, 675, 755, 695, 547, 575, 686, 701, 568, 662, 714, 691, 629, 787, 970, 994, 751, 1031, 1479, 1256, 1499, 2056, 2654, 2553, 1427, 2715, 5539, 4916, 4332, 4653, 6402, 5505, 3285, 5532, 13067, 12519, 7653, 5174, 8932, 7992, 5506, 6341, 17213, 17946, 5762, 2898, 6126, 6035, 4272, 3642, 11146, 12251, 1954, 1668, 2865, 2650, 1585, 1920, 4354, 4459, 1025, 925, 1257, 1313, 1054, 1159, 1666, 1617, 718, 675, 865, 871, 737, 855, 998, 933, 1086, 979, 1428, 1123, 783, 788, 1575, 1836, 2532, 1445, 2431, 1941, 1277, 1021, 2728, 3741, 4873, 2229, 5025, 3956, 2517, 1757, 6219, 7990, 4475, 3406, 6252, 4511, 2355, 2675, 7665, 8726, 1783, 2239, 3363, 2369, 1132, 1748, 3884, 3975, 908, 1031, 1328, 1128, 694, 847, 1323, 1470, 630, 734, 951, 908, 621, 755, 982, 919, 573, 642, 744, 762, 635, 656, 832, 805, 782, 634, 735, 801, 780, 601, 712, 888, 896, 689, 847, 901, 807, 668, 735, 870, 771, 650, 815, 850, 723, 670, 688, 824, 692, 633, 746, 745, 637, 544, 659, 721, 967, 1564, 1876, 1474, 795, 1239, 1493, 1112, 2267, 4100, 4179, 2551, 1332, 2643, 3063, 1831, 2865, 5004, 4774, 2633, 1458, 2830, 3419, 2047, 1904, 2762, 2448, 1325, 995, 1746, 1969, 1254, 1271, 1695, 1625, 1049, 914, 1237, 1294, 995, 1065, 1189, 1192, 1060, 1019, 1022, 954, 866, 1021, 1659, 1554, 925, 988, 1290, 1570, 1158, 1000, 1447, 1500, 1049, 958, 1062, 1354, 1388, 841, 1004, 1096, 1043, 983, 812, 908, 1011, 887, 1132, 1155, 1043, 929, 1047, 1054, 876, 762, 1050, 1202, 964, 769, 893, 1010, 949, 738, 784, 965, 888, 738, 687, 786, 823, 681, 767, 898, 865, 771, 830, 836, 770, 712, 672, 772, 816, 732, 774, 699, 766, 755, 774, 900, 854, 739, 762, 775, 751, 690, 781, 948, 793, 649, 692, 763, 784, 715, 762, 929, 785, 725, 675, 726, 826, 706, 774, 881, 822, 644, 633, 803, 873, 798, 712, 696, 787, 804, 629, 780, 947, 723, 585, 624, 846, 798, 681, 883, 952, 808, 596, 580, 736, 704, 590, 612, 763, 661, 633, 565, 617, 627, 591, 611, 675, 856, 682, 522, 587, 694, 648, 651, 837, 879, 679, 628, 640, 650, 661, 666, 808, 875, 691, 531, 657, 762, 668, 665, 816, 748, 644, 560, 654, 761, 715, 676, 732, 621, 667, 630, 671, 731, 777, 715, 615, 599, 688, 667, 629, 613, 617, 545, 495, 624, 644, 691, 670, 611, 504, 525, 614, 765, 740, 724, 817, 716, 575, 659, 777, 805, 764, 796, 812, 683, 629, 757, 842, 744, 723, 752, 708, 627, 638, 683, 775, 594, 630, 709, 668, 589, 624, 704, 687, 693, 670, 699, 721, 707, 651, 741, 846, 711, 640, 725, 713, 697, 773, 815, 828, 633, 643, 660, 642, 648, 820, 749, 576, 587, 719, 746, 658, 636, 757, 800, 745, 714, 808, 871, 661, 622, 716, 830, 852, 691, 716, 783, 710, 692, 703, 735, 786, 520, 737, 710, 597, 579, 780, 848, 686, 533, 772, 804, 672, 609, 801, 947, 797, 551, 656, 575, 550, 612, 708, 787, 691, 614, 561, 509, 632, 681, 604, 615, 656, 624, 569, 580, 589, 593, 642, 678, 701, 649, 572, 595, 576, 515, 561, 759, 738, 569, 491, 608, 588, 511, 556, 792, 790, 528, 421, 494, 522, 549, 470, 537, 591, 509, 439, 503, 484, 465, 462, 434, 491, 528, 459, 395, 426, 493, 459, 396, 462, 572, 507, 487, 427, 470, 560, 461, 500, 555, 492, 577, 546, 544, 610, 592, 615]"
0.8125454187393188,-0.9074045419692993,-0.26309633255004883,-0.5263832807540894,-0.995430052280426,-0.03786855936050415,-0.6345256567001343,-0.08751881122589111,0.8666038513183594,15.5,-0.02815258502960205,0.8213996887207031,27.0,0.006751894950866699,0.7119655609130859,24.0,0.02491939067840576,0.7069587707519531,29.75,0.4736708402633667,0.34275054931640625,20.25,"[626, 561, 593, 607, 487, 608, 594, 562, 536, 512, 511, 568, 586, 617, 625, 529, 485, 549, 570, 529, 535, 536, 516, 466, 485, 550, 498, 553, 544, 518, 519, 513, 443, 450, 464, 518, 506, 514, 431, 441, 530, 513, 518, 522, 547, 602, 584, 555, 474, 530, 573, 566, 539, 570, 563, 498, 482, 522, 512, 549, 491, 560, 589, 489, 540, 532, 496, 496, 472, 548, 481, 458, 654, 570, 588, 654, 618, 514, 472, 582, 606, 564, 532, 503, 554, 543, 514, 548, 564, 485, 514, 605, 603, 538, 529, 620, 494, 414, 437, 494, 545, 504, 419, 458, 534, 420, 497, 510, 485, 455, 472, 572, 510, 537, 527, 564, 479, 472, 510, 469, 530, 563, 580, 645, 596, 532, 603, 601, 509, 561, 573, 487, 555, 512, 504, 549, 548, 531, 512, 501, 501, 532, 557, 567, 540, 591, 551, 493, 496, 589, 612, 553, 531, 498, 525, 577, 479, 502, 528, 542, 559, 603, 584, 564, 461, 470, 550, 529, 580, 605, 620, 635, 510, 471, 596, 611, 556, 585, 550, 496, 555, 563, 567, 594, 546, 661, 648, 588, 557, 585, 660, 539, 537, 599, 683, 626, 622, 635, 624, 569, 525, 602, 640, 562, 558, 711, 622, 547, 559, 632, 667, 599, 556, 655, 648, 642, 562, 492, 468, 534, 588, 626, 572, 590, 456, 421, 515, 522, 525, 563, 546, 547, 522, 540, 609, 571, 524, 595, 556, 554, 495, 596, 583, 539, 563, 645, 580, 475, 519, 531, 574, 600, 607, 587, 558, 553, 608, 562, 545, 531, 521, 529, 522, 552, 684, 606, 542, 582, 516, 495, 497, 552, 619, 610, 610, 535, 553, 551, 518, 584, 552, 607, 570, 533, 582, 593, 562, 516, 500, 526, 582, 606, 514, 485, 498, 492, 420, 484, 505, 525, 591, 543, 484, 454, 549, 601, 535, 549, 579, 591, 602, 552, 594, 572, 563, 488, 480, 549, 580, 591, 615, 603, 578, 576, 479, 652, 799, 722, 706, 944, 812, 950, 681, 1264, 1781, 1308, 579, 1017, 1020, 1175, 610, 1441, 2159, 1584, 750, 960, 950, 966, 662, 1154, 1498, 1175, 686, 740, 738, 741, 592, 890, 1106, 843, 583, 632, 569, 626, 525, 658, 810, 687, 597, 780, 830, 775, 514, 886, 1319, 1085, 1117, 1534, 2024, 1743, 823, 1814, 3512, 3126, 1437, 1962, 2627, 2154, 1159, 2394, 4621, 4154, 1998, 3481, 3823, 2723, 1567, 3867, 6767, 5667, 5221, 12295, 13562, 9070, 3757, 14351, 26216, 21646, 8256, 17058, 20014, 13687, 5987, 19798, 38651, 33192, 6775, 10827, 13754, 9827, 4931, 12206, 25784, 23340, 3613, 4213, 6016, 4504, 2627, 4889, 10855, 10325, 1929, 1951, 3238, 2535, 1485, 1846, 4209, 4315, 1481, 2101, 3060, 2178, 974, 1524, 3360, 3389, 958, 1919, 2566, 1653, 732, 1403, 2682, 2496, 1081, 1955, 2206, 1354, 726, 1366, 2315, 2079, 3458, 6783, 7066, 3654, 1605, 3936, 6784, 5420, 6065, 13954, 14140, 6623, 2365, 8069, 13831, 10265, 5376, 13235, 13188, 5851, 1994, 7847, 13209, 9436, 2581, 7058, 7055, 3169, 1191, 4291, 7149, 5088, 1212, 3305, 3441, 1742, 816, 2193, 3463, 2492, 846, 1609, 1626, 926, 609, 1183, 1613, 1248, 740, 829, 804, 804, 714, 780, 833, 761, 701, 653, 783, 789, 727, 715, 726, 806, 587, 601, 798, 752, 566, 645, 748, 774, 712, 652, 736, 759, 604, 584, 802, 867, 1099, 1060, 1115, 930, 855, 864, 1093, 1146, 1235, 1362, 1324, 1004, 952, 1029, 1180, 1149, 1613, 2024, 1814, 1454, 1230, 1305, 1477, 1134, 3275, 4596, 4241, 3304, 1691, 3222, 3769, 2172, 5674, 7763, 7086, 5046, 2519, 5262, 5666, 3416, 5956, 8091, 7610, 5085, 3254, 5515, 5255, 3790, 5636, 7624, 6638, 4183, 3451, 4259, 3914, 3471, 4165, 5614, 4745, 3055, 2607, 2406, 2469, 2611, 2040, 2458, 2454, 1894, 1421, 1375, 1406, 1747, 1115, 1238, 1159, 895, 929, 996, 994, 966, 1282, 1319, 1059, 873, 927, 874, 990, 975, 1286, 1305, 1089, 974, 992, 979, 1047, 1023, 997, 965, 1080, 973, 906, 914, 1006, 1174, 1262, 1580, 1482, 984, 1029, 1231, 1441, 1256, 1430, 2502, 2448, 1318, 988, 1315, 1900, 1465, 1295, 2372, 2246, 1308, 1066, 1156, 1684, 1300, 1029, 1343, 1231, 973, 819, 738, 951, 898, 1119, 1438, 1258, 766, 852, 951, 821, 851, 958, 1243, 1169, 723, 760, 891, 906, 894, 773, 879, 857, 668, 733, 776, 803, 754, 687, 709, 693, 614, 647, 693, 701, 675, 674, 515, 624, 678, 573, 589, 764, 797, 654, 631, 687, 740, 632, 686, 789, 741, 659, 681, 730, 683, 671, 730, 747, 708, 890, 750, 849, 800, 752, 700, 830, 978, 899, 755, 905, 839, 756, 782, 901, 969, 793, 792, 723, 698, 732, 685, 671, 694, 749, 636, 757, 725, 659, 688, 669, 749, 710, 677, 788, 759, 688, 622, 719, 779, 696, 726, 685, 589, 667, 695, 750, 740, 761, 633, 679, 721, 667, 694, 857, 894, 827, 582, 639, 795, 629, 535, 722, 914, 807, 718, 687, 826, 759, 695, 785, 827, 791, 652, 736, 836, 775, 614, 849, 969, 797, 819, 994, 935, 811, 753, 1074, 1106, 1453, 895, 1457, 1459, 1217, 933, 2413, 2766, 2068, 701, 1564, 1764, 1640, 854, 2880, 3607, 1677, 911, 1202, 1237, 1308, 1002, 1998, 2530, 1292, 759, 1225, 1325, 1041, 1000, 1775, 2093, 1062, 660, 1096, 1277, 1040, 856, 1546, 1710, 703, 662, 922, 963, 827, 778, 907, 846, 707, 595, 844, 999, 872, 743, 1255, 1231, 654, 773, 677, 657, 702, 930, 1152, 879, 987, 860, 669, 811, 886, 1066, 1089, 1026, 949, 732, 685, 958, 785, 803, 1092, 991, 919, 851, 749, 901, 693, 689, 1059, 1077, 867, 859, 901, 773, 629, 888, 1395, 1389, 895, 928, 993, 872, 851, 1045, 1458, 1362, 731, 722, 666, 837, 809, 886, 962, 819, 651, 626, 662, 765, 621, 639, 835, 821, 710, 704, 651, 720, 637, 700, 750, 771, 585, 599, 644, 587, 575, 570, 694, 697, 566, 525, 609, 638, 563, 552, 651, 684, 535, 566, 677, 597, 476, 529, 699, 652, 495, 568, 672, 576, 476, 551, 725, 717, 505, 544, 672, 560, 447, 546, 705, 753, 614, 505, 549, 557, 493, 473, 552, 687, 625, 596, 578, 570, 594, 558, 549, 606, 544, 496, 519, 627, 569, 432, 525, 566, 549, 520, 519, 609, 491, 433, 500, 485]"
0.734301745891571,-1.1792702674865723,-0.5812109112739563,-0.6740172505378723,-1.311105728149414,-0.5473134517669678,-0.8164969682693481,-0.7177764177322388,1.1680126190185547,19.25,-0.23054420948028564,2.6444435119628906,16.5,-0.08849442005157471,0.5760669708251953,19.25,0.05913436412811279,0.5274295806884766,17.5,0.12794196605682373,0.4265785217285156,19.0,"[473, 517, 566, 587, 550, 586, 565, 516, 536, 514, 516, 640, 662, 670, 643, 607, 540, 502, 500, 632, 665, 650, 566, 542, 539, 539, 467, 480, 540, 502, 478, 496, 513, 553, 501, 413, 468, 527, 498, 514, 563, 637, 501, 469, 534, 534, 520, 444, 623, 567, 472, 523, 580, 519, 465, 583, 554, 584, 507, 501, 630, 580, 407, 501, 470, 561, 603, 523, 563, 641, 517, 465, 530, 517, 579, 569, 520, 493, 572, 591, 463, 509, 563, 556, 500, 513, 643, 567, 489, 459, 605, 633, 446, 457, 561, 539, 539, 404, 533, 578, 538, 502, 479, 544, 662, 562, 507, 577, 603, 598, 527, 538, 633, 567, 575, 580, 551, 554, 565, 601, 469, 555, 593, 524, 530, 529, 531, 496, 502, 522, 543, 486, 466, 488, 474, 503, 578, 626, 613, 545, 566, 520, 467, 563, 502, 470, 496, 502, 510, 477, 532, 542, 560, 481, 580, 548, 476, 443, 532, 634, 552, 542, 610, 511, 529, 530, 580, 650, 606, 561, 582, 571, 634, 622, 565, 623, 554, 541, 595, 534, 492, 506, 559, 637, 512, 592, 619, 577, 542, 603, 642, 560, 567, 583, 483, 519, 583, 511, 470, 480, 543, 649, 501, 510, 583, 533, 537, 465, 555, 638, 534, 520, 591, 579, 546, 469, 534, 508, 461, 502, 522, 538, 522, 461, 547, 459, 481, 563, 544, 530, 552, 558, 613, 506, 480, 578, 608, 618, 603, 593, 564, 526, 520, 544, 562, 582, 524, 458, 567, 578, 573, 536, 459, 652, 600, 456, 459, 538, 491, 487, 431, 485, 553, 476, 518, 629, 605, 499, 548, 590, 536, 504, 510, 471, 562, 558, 507, 536, 544, 556, 514, 542, 581, 595, 584, 597, 597, 580, 708, 843, 833, 720, 645, 770, 1011, 978, 867, 1559, 1541, 1219, 809, 1751, 2885, 2380, 1049, 1898, 1954, 1620, 923, 2561, 4112, 3228, 1180, 1489, 1844, 1447, 867, 1749, 3044, 2747, 1248, 1838, 2286, 1631, 856, 1684, 3000, 2750, 1428, 2873, 3415, 2440, 1013, 3037, 5723, 4882, 1706, 3851, 4615, 3297, 1264, 4292, 8377, 7202, 1791, 2871, 3605, 3028, 1359, 3675, 7239, 6364, 2769, 3085, 3807, 2769, 1687, 3619, 6608, 6149, 5207, 8397, 10052, 5820, 3165, 8181, 14755, 13068, 5901, 12889, 15192, 8571, 3530, 12695, 23009, 19524, 3760, 11129, 12819, 7082, 2450, 11045, 19934, 16498, 1139, 5225, 5859, 3372, 1054, 5258, 9201, 7277, 778, 1587, 1864, 1519, 791, 1884, 2920, 2287, 755, 876, 1046, 964, 696, 908, 1301, 1178, 673, 770, 1024, 880, 617, 766, 1257, 1260, 838, 1065, 1033, 809, 665, 924, 1273, 1124, 1597, 2667, 2131, 1018, 876, 1460, 1999, 1293, 2219, 3897, 3123, 1207, 996, 1977, 2748, 1460, 1757, 2575, 2600, 1648, 868, 1444, 2494, 2307, 2121, 4649, 5756, 3311, 1222, 2772, 5633, 5307, 2739, 7100, 8254, 4341, 1374, 4477, 8320, 7252, 2899, 6988, 7313, 3539, 1369, 4452, 7452, 5912, 1748, 3621, 3332, 1460, 1044, 2165, 3385, 2535, 891, 1276, 993, 577, 747, 793, 969, 874, 1828, 2310, 1456, 781, 1389, 1160, 1085, 692, 2766, 3304, 1932, 1055, 1874, 1413, 1275, 921, 2195, 2601, 1622, 1054, 1466, 1230, 1167, 867, 1503, 1821, 1234, 821, 1187, 1113, 999, 815, 1686, 2036, 1416, 958, 1397, 1309, 1005, 867, 1692, 2005, 1706, 1354, 1502, 1363, 1053, 1132, 2677, 2778, 3189, 2832, 1993, 1745, 2097, 2304, 3704, 4338, 4903, 3944, 2388, 2854, 3542, 3109, 3604, 5441, 5587, 3532, 1942, 3324, 3934, 2646, 2391, 4414, 4354, 2504, 1309, 2408, 2965, 2068, 1607, 2335, 2196, 1433, 1041, 1415, 1657, 1379, 1087, 1489, 1556, 1079, 847, 1028, 982, 916, 1151, 1441, 1325, 951, 815, 1064, 1112, 825, 1078, 1357, 1008, 680, 719, 1105, 1126, 693, 941, 1079, 929, 644, 698, 984, 864, 691, 803, 849, 966, 841, 787, 811, 809, 848, 908, 1074, 1150, 957, 902, 957, 1030, 1077, 967, 1122, 1077, 914, 860, 1104, 1214, 1045, 1011, 1359, 1276, 876, 845, 1239, 1393, 1072, 1114, 1935, 1807, 920, 821, 1298, 1519, 1052, 1528, 2843, 2539, 1195, 1154, 1606, 1739, 1122, 1605, 2849, 2528, 1206, 1333, 1697, 1850, 1199, 1271, 1955, 1648, 896, 1137, 1305, 1192, 868, 811, 1077, 1046, 804, 889, 909, 815, 765, 696, 924, 963, 797, 676, 708, 919, 847, 769, 862, 836, 729, 669, 840, 911, 760, 694, 727, 750, 701, 725, 719, 720, 661, 576, 650, 631, 638, 619, 643, 732, 628, 791, 709, 661, 748, 783, 724, 898, 887, 1200, 850, 672, 915, 973, 721, 1104, 1425, 1346, 929, 791, 1007, 1111, 766, 1279, 1625, 1252, 962, 958, 1077, 1045, 793, 1104, 1403, 966, 907, 1042, 1098, 1125, 949, 932, 1128, 620, 820, 922, 814, 752, 836, 836, 807, 826, 747, 659, 835, 774, 700, 714, 774, 756, 623, 651, 729, 736, 653, 666, 774, 658, 717, 765, 818, 694, 618, 868, 788, 872, 857, 764, 709, 683, 637, 747, 759, 1148, 848, 845, 985, 864, 717, 726, 1089, 1122, 964, 887, 967, 873, 835, 824, 985, 772, 822, 928, 826, 724, 795, 976, 916, 854, 934, 1244, 1057, 655, 1058, 1539, 1436, 1968, 1486, 2677, 2465, 1453, 1692, 4156, 4316, 3113, 1767, 4075, 3942, 2446, 1893, 5662, 6315, 2195, 1582, 3510, 3827, 2134, 1784, 4520, 4651, 1260, 1282, 1974, 2217, 1253, 1607, 2982, 2639, 1337, 1111, 1172, 1220, 963, 1253, 1874, 1700, 1246, 814, 933, 831, 760, 851, 1127, 1453, 1231, 714, 735, 683, 704, 644, 1207, 1547, 1331, 796, 798, 903, 912, 851, 1265, 1606, 1255, 927, 920, 1113, 963, 928, 1167, 1393, 1006, 816, 906, 934, 823, 851, 986, 1111, 814, 809, 871, 885, 889, 895, 1021, 997, 622, 884, 993, 820, 764, 950, 1260, 1146, 737, 883, 945, 665, 669, 963, 1347, 1229, 772, 731, 869, 769, 659, 708, 1046, 1108, 763, 959, 807, 729, 628, 747, 855, 851, 811, 936, 892, 708, 609, 772, 914, 771, 872, 873, 865, 744, 619, 798, 998, 953, 898, 827, 747, 743, 557, 828, 933, 849, 696, 713, 699, 667, 554, 738, 837, 743, 651, 643, 586, 563, 533, 542, 727, 751, 533, 526, 598, 535, 498, 522, 745, 748, 540, 559, 537, 482, 445, 501, 498, 514, 428, 483, 494, 418, 386, 411, 418, 413, 467, 517, 507, 423, 451, 442, 493, 507, 394, 492, 544, 478, 424, 436, 461, 456]"
0.43202486634254456,-1.3501241207122803,-0.15553981065750122,-1.2067052125930786,-1.2623629570007324,0.20207226276397705,-1.214746117591858,-0.2269425392150879,0.2514839172363281,17.0,-0.22451066970825195,0.3394603729248047,28.5,-0.20004892349243164,0.29883384704589844,31.25,-0.15126848220825195,0.17337799072265625,28.0,0.9044489860534668,0.1480579376220703,16.25,"[660, 653, 630, 601, 603, 597, 630, 656, 611, 639, 661, 621, 643, 660, 669, 643, 466, 521, 530, 520, 593, 644, 639, 510, 468, 479, 531, 520, 472, 485, 582, 587, 518, 473, 479, 454, 417, 418, 487, 525, 517, 519, 573, 475, 533, 505, 449, 526, 624, 502, 496, 559, 575, 572, 464, 545, 604, 556, 477, 524, 588, 583, 451, 486, 476, 455, 500, 508, 456, 460, 534, 567, 579, 513, 533, 577, 615, 615, 513, 561, 525, 516, 536, 438, 458, 559, 542, 561, 537, 589, 602, 540, 562, 565, 590, 534, 581, 521, 490, 515, 536, 525, 505, 569, 599, 513, 495, 509, 538, 524, 539, 636, 539, 539, 550, 510, 562, 497, 502, 580, 550, 506, 546, 484, 530, 414, 369, 557, 629, 568, 490, 508, 602, 487, 445, 575, 577, 485, 415, 570, 581, 485, 479, 543, 504, 506, 444, 451, 541, 492, 429, 469, 569, 630, 606, 521, 545, 528, 502, 578, 563, 555, 515, 498, 521, 534, 495, 539, 575, 559, 574, 585, 590, 560, 508, 551, 508, 567, 635, 559, 527, 530, 577, 553, 513, 611, 599, 538, 529, 569, 620, 519, 572, 578, 590, 555, 568, 623, 606, 576, 631, 585, 564, 562, 575, 600, 581, 593, 550, 558, 580, 571, 599, 553, 534, 618, 621, 687, 643, 582, 641, 644, 581, 550, 617, 671, 605, 577, 579, 655, 557, 474, 550, 680, 724, 609, 606, 653, 632, 480, 531, 542, 532, 541, 588, 547, 567, 492, 471, 561, 459, 436, 549, 574, 574, 478, 471, 428, 440, 464, 566, 566, 512, 485, 534, 513, 544, 591, 578, 525, 563, 589, 524, 549, 605, 662, 561, 554, 651, 638, 1331, 2351, 2418, 1444, 1005, 2329, 4099, 3483, 2744, 8785, 9109, 4012, 1692, 8680, 15419, 12354, 2720, 12388, 12852, 5498, 1624, 11817, 20735, 16241, 1899, 9297, 9520, 4052, 1319, 8081, 14020, 10760, 1684, 6168, 6506, 2923, 1107, 5085, 8784, 6908, 1273, 4297, 5175, 2729, 859, 3643, 6572, 5544, 1093, 3934, 4314, 2324, 921, 3216, 5589, 4446, 1136, 4304, 5295, 2899, 896, 3552, 6533, 5614, 1500, 4514, 5284, 2771, 916, 3579, 6633, 5667, 1394, 3855, 4391, 2200, 866, 3178, 5837, 4820, 1093, 2565, 2605, 1306, 681, 2026, 3393, 2732, 1053, 1394, 1695, 1159, 603, 1145, 2113, 2080, 760, 1227, 1560, 1116, 607, 943, 1543, 1533, 654, 1093, 1201, 820, 519, 1006, 1295, 1036, 775, 1064, 920, 676, 753, 970, 984, 754, 1893, 2906, 2390, 1081, 1082, 1347, 1811, 1174, 2902, 4758, 3778, 1336, 1510, 2049, 2876, 1578, 3753, 6338, 5700, 2615, 2003, 3508, 4801, 3393, 5207, 11489, 11161, 4910, 2561, 6231, 9520, 6621, 4091, 9604, 9189, 3792, 1847, 5399, 8168, 5388, 1914, 3809, 3480, 1518, 938, 2497, 3528, 2275, 1090, 1619, 1466, 877, 688, 1210, 1520, 978, 844, 1045, 862, 628, 730, 927, 1035, 743, 865, 1165, 1119, 715, 821, 845, 874, 830, 985, 1584, 1461, 748, 848, 978, 1034, 886, 1255, 1857, 1487, 716, 1126, 1230, 1032, 881, 2642, 3958, 3150, 1114, 2315, 2845, 1809, 1019, 3507, 4805, 3449, 1412, 2971, 3597, 2321, 1160, 4794, 5147, 3798, 3162, 2831, 4437, 4178, 2662, 6577, 6704, 5549, 4485, 3305, 7002, 6452, 3794, 5449, 5211, 4611, 3891, 2942, 5455, 4683, 2967, 5081, 6437, 5881, 3185, 3102, 4656, 3417, 2518, 4743, 7047, 6365, 2877, 3302, 4470, 3017, 2322, 2625, 4147, 3705, 1726, 1985, 2594, 1884, 1482, 1486, 2321, 1920, 957, 1028, 1405, 1310, 892, 1079, 1697, 1533, 824, 890, 1159, 1427, 1148, 1166, 1803, 1752, 1127, 822, 1354, 1696, 1412, 1236, 1787, 1677, 995, 694, 1140, 1619, 1321, 995, 1436, 1227, 810, 681, 1024, 1385, 1024, 1027, 1236, 1080, 849, 844, 1016, 1287, 1019, 1075, 1220, 1005, 755, 765, 829, 924, 908, 993, 992, 884, 829, 697, 677, 773, 851, 1000, 951, 893, 803, 613, 749, 802, 881, 1138, 1221, 1095, 691, 688, 922, 778, 769, 1139, 1362, 1161, 607, 871, 1049, 844, 731, 1036, 1198, 1128, 761, 841, 923, 960, 905, 973, 1096, 1012, 951, 991, 884, 1088, 1058, 1163, 1219, 1088, 938, 1105, 1069, 1176, 1095, 1432, 1504, 1231, 897, 1095, 1195, 1277, 1185, 1699, 1827, 1176, 1022, 1192, 1357, 1258, 1169, 1459, 1738, 1130, 842, 1056, 1445, 1314, 923, 915, 1135, 890, 656, 788, 1130, 1115, 742, 690, 817, 710, 727, 748, 795, 828, 689, 688, 831, 823, 770, 695, 690, 743, 708, 701, 679, 796, 696, 532, 632, 735, 757, 787, 736, 688, 607, 670, 652, 716, 819, 1132, 995, 721, 903, 793, 786, 814, 937, 1339, 977, 850, 1149, 903, 876, 962, 1137, 1096, 832, 844, 1013, 881, 813, 1110, 1222, 1052, 722, 834, 942, 814, 745, 1076, 1239, 1262, 736, 971, 1190, 987, 691, 872, 1294, 1137, 764, 864, 954, 818, 793, 933, 1141, 896, 696, 805, 860, 717, 781, 818, 873, 736, 693, 727, 709, 680, 724, 703, 692, 761, 727, 717, 749, 704, 694, 691, 769, 739, 698, 734, 759, 676, 754, 855, 748, 992, 926, 892, 893, 913, 989, 1161, 1089, 1325, 1208, 963, 1046, 918, 934, 1179, 1215, 1577, 1284, 1244, 1291, 1137, 1038, 1381, 1715, 1947, 1331, 1873, 1783, 1370, 1103, 1804, 2410, 2087, 1240, 1983, 1753, 1545, 1194, 2325, 2918, 2303, 1242, 1623, 1605, 1852, 1197, 2468, 3250, 2402, 1898, 2566, 1745, 1759, 1614, 3679, 4247, 2076, 2202, 3300, 2511, 1572, 2104, 4730, 4843, 1790, 1602, 2540, 2380, 1338, 1665, 3462, 3512, 1784, 1163, 1859, 1775, 1208, 1133, 2388, 2871, 1341, 1023, 1380, 1280, 1028, 974, 1809, 2105, 1161, 996, 1084, 957, 832, 1029, 1367, 1485, 1210, 917, 1180, 1094, 741, 1002, 1269, 1429, 1259, 1055, 1064, 1040, 791, 941, 1004, 1179, 1197, 1355, 1228, 954, 706, 1022, 1363, 1325, 1095, 1364, 1269, 937, 812, 1056, 1463, 1309, 853, 1083, 1097, 942, 718, 922, 1257, 1207, 826, 971, 1187, 1059, 764, 852, 1237, 1190, 872, 876, 1005, 1072, 811, 671, 1018, 1117, 937, 791, 881, 869, 836, 773, 981, 1137, 771, 781, 988, 858, 648, 863, 1252, 1234, 837, 724, 987, 933, 616, 727, 1148, 1192, 780, 746, 880, 722, 612, 683, 927, 1023, 518, 623, 632, 506, 526, 558, 617, 586, 540, 612, 632, 533, 526, 625, 616, 572, 513, 579, 647, 592, 587, 696, 628, 533, 521, 545, 547, 527, 562, 640, 602, 537]"
0.15102563798427582,-1.3414981365203857,-0.05202870815992355,-1.6942112445831299,-1.0393362045288086,0.41076144576072693,-1.6330360174179077,-0.2844576835632324,-0.16107559204101562,15.75,-0.2695803642272949,-0.3242969512939453,20.75,-0.1920466423034668,-0.0835418701171875,17.5,-0.1565699577331543,0.0,23.0,-0.09005117416381836,0.08912086486816406,20.75,"[607, 632, 585, 602, 689, 603, 584, 634, 638, 673, 614, 621, 715, 602, 594, 647, 566, 593, 541, 563, 620, 630, 581, 620, 431, 530, 507, 475, 483, 452, 569, 551, 470, 503, 520, 436, 424, 410, 469, 460, 574, 542, 526, 506, 520, 497, 479, 525, 541, 510, 495, 497, 451, 462, 482, 479, 495, 566, 567, 570, 508, 614, 606, 477, 478, 486, 559, 528, 506, 544, 466, 508, 511, 490, 528, 452, 524, 559, 503, 522, 510, 458, 469, 509, 504, 532, 495, 545, 536, 486, 469, 488, 611, 610, 459, 481, 548, 502, 494, 520, 526, 551, 570, 507, 502, 542, 580, 590, 542, 583, 563, 477, 633, 571, 615, 666, 594, 585, 611, 586, 582, 573, 635, 653, 607, 634, 655, 587, 547, 644, 579, 529, 563, 633, 565, 530, 635, 628, 597, 529, 567, 573, 636, 698, 548, 655, 534, 486, 527, 571, 553, 468, 558, 621, 523, 559, 529, 497, 597, 546, 531, 549, 536, 617, 556, 600, 666, 569, 512, 520, 686, 648, 501, 597, 603, 565, 509, 582, 620, 598, 488, 596, 628, 556, 561, 534, 631, 627, 507, 537, 571, 569, 483, 519, 507, 559, 574, 524, 545, 493, 516, 536, 528, 489, 571, 548, 582, 530, 486, 512, 535, 564, 546, 561, 674, 560, 606, 626, 507, 511, 547, 497, 584, 596, 530, 558, 530, 521, 552, 526, 545, 531, 514, 535, 567, 592, 607, 549, 573, 558, 566, 592, 626, 636, 558, 541, 573, 532, 544, 615, 590, 550, 553, 660, 622, 465, 499, 483, 428, 513, 503, 416, 479, 486, 852, 753, 797, 712, 624, 551, 922, 1076, 1271, 2054, 2751, 1676, 733, 1688, 3646, 3488, 1324, 4302, 4968, 2564, 820, 3424, 6242, 5202, 1951, 3166, 3366, 2230, 1044, 2748, 4412, 3835, 3662, 7474, 8274, 4662, 1838, 4530, 8167, 7183, 5229, 12934, 13561, 6653, 2144, 7598, 13395, 10797, 3734, 10642, 10585, 4587, 1552, 6267, 10783, 7990, 2728, 7955, 8076, 3522, 1456, 4097, 6263, 4325, 2409, 8837, 10288, 5548, 1516, 4303, 5629, 4661, 2238, 9902, 11589, 6159, 1385, 4864, 7060, 5832, 2776, 8637, 9198, 4322, 1592, 3895, 6144, 4454, 3008, 6754, 6263, 2440, 1732, 2983, 4640, 2797, 2433, 4502, 3920, 1714, 1316, 2438, 3082, 1887, 1970, 3046, 2534, 1363, 1203, 2210, 2448, 1435, 3627, 5996, 4715, 1402, 2389, 3079, 3424, 1645, 6609, 10450, 7673, 1481, 4148, 4410, 4996, 1620, 8437, 14431, 11221, 2884, 4972, 5905, 7749, 3644, 7266, 14141, 12470, 4780, 4135, 7014, 10104, 6443, 6113, 12585, 11175, 3968, 3377, 6482, 9309, 5643, 4158, 7245, 5988, 1935, 2381, 3698, 4832, 2580, 2174, 3461, 2734, 998, 1474, 1942, 2128, 1086, 1263, 1953, 1633, 764, 863, 1258, 1399, 824, 990, 1207, 950, 662, 796, 889, 878, 692, 1535, 2045, 1718, 1086, 1049, 1596, 1561, 1098, 2514, 3828, 3255, 1464, 1547, 2308, 2110, 1262, 3328, 5247, 4453, 1644, 2320, 2818, 2353, 1409, 3227, 5215, 4420, 1439, 2404, 2714, 2136, 1362, 2718, 4054, 3318, 1372, 1954, 2004, 1574, 1210, 2470, 3714, 2845, 1242, 1840, 1779, 1568, 1169, 2558, 3964, 3113, 1651, 2154, 1966, 1860, 1281, 2750, 4177, 3498, 1763, 2352, 2258, 1624, 1307, 2112, 3149, 2628, 1414, 1911, 1873, 1095, 1019, 1349, 1824, 1432, 991, 1298, 1366, 981, 775, 1194, 1688, 1267, 750, 991, 1116, 982, 618, 1125, 1602, 1288, 689, 974, 1196, 1102, 768, 1417, 2012, 1624, 912, 1312, 1319, 1069, 879, 1392, 1919, 1546, 961, 1381, 1320, 1061, 1009, 1148, 1763, 1579, 999, 1034, 1133, 1205, 1110, 864, 1385, 1207, 792, 786, 878, 1147, 932, 641, 1049, 980, 647, 647, 814, 1025, 806, 704, 898, 872, 648, 697, 867, 950, 840, 706, 841, 733, 595, 727, 914, 923, 708, 681, 817, 698, 576, 660, 728, 674, 535, 652, 711, 725, 645, 644, 690, 668, 653, 720, 718, 749, 727, 726, 646, 517, 655, 804, 867, 803, 820, 834, 732, 615, 652, 991, 1159, 934, 930, 1143, 990, 758, 744, 1117, 1349, 1051, 950, 1186, 1051, 830, 813, 874, 1164, 1022, 801, 928, 954, 837, 726, 813, 925, 856, 701, 727, 842, 807, 738, 788, 814, 767, 642, 678, 872, 838, 730, 1139, 1144, 1029, 943, 784, 1182, 1198, 877, 1330, 1325, 1174, 978, 945, 1348, 1132, 972, 1012, 1067, 976, 882, 967, 1132, 943, 781, 878, 905, 787, 729, 870, 960, 851, 797, 682, 739, 653, 620, 596, 729, 801, 739, 781, 747, 785, 730, 652, 654, 920, 971, 848, 857, 758, 671, 716, 643, 896, 940, 784, 732, 628, 664, 623, 688, 745, 707, 704, 657, 617, 634, 597, 584, 636, 696, 1063, 874, 768, 846, 843, 734, 986, 1098, 1733, 1176, 920, 1107, 1121, 1034, 1584, 1928, 1516, 1163, 886, 920, 973, 1055, 1469, 1697, 779, 882, 848, 767, 693, 864, 931, 866, 904, 853, 767, 641, 712, 748, 814, 910, 915, 791, 750, 587, 613, 734, 873, 982, 937, 924, 844, 742, 694, 888, 903, 880, 821, 882, 816, 740, 672, 785, 861, 703, 930, 900, 766, 768, 622, 810, 799, 730, 1161, 987, 833, 843, 678, 878, 1018, 1030, 834, 801, 801, 719, 640, 780, 953, 890, 909, 1092, 1347, 707, 591, 824, 1367, 1451, 1937, 1807, 2655, 1481, 872, 1414, 3542, 3991, 2868, 1945, 3265, 2170, 1457, 1666, 4549, 5398, 2048, 1883, 2541, 1790, 1155, 1660, 3461, 3591, 1671, 1822, 1917, 1219, 1143, 1426, 2288, 2276, 1661, 1571, 1586, 1211, 1223, 1352, 1875, 2005, 1259, 1241, 1441, 1190, 894, 1142, 1717, 1765, 1134, 1251, 1494, 1179, 751, 1089, 1594, 1523, 1061, 1497, 1574, 952, 701, 1112, 1512, 1318, 936, 1614, 1652, 938, 839, 1328, 1747, 1462, 1065, 1652, 1748, 1113, 849, 1328, 1933, 1719, 1193, 1748, 1761, 1216, 901, 1266, 1770, 1577, 1275, 1445, 1617, 1388, 881, 1070, 1477, 1431, 1073, 908, 1104, 1112, 791, 1010, 1439, 1316, 821, 886, 1115, 975, 686, 1106, 1238, 1067, 883, 969, 1152, 905, 723, 963, 1245, 1056, 704, 883, 997, 760, 654, 799, 1000, 915, 837, 891, 988, 903, 708, 766, 967, 958, 782, 828, 888, 809, 678, 671, 851, 850, 848, 892, 818, 724, 636, 600, 697, 622, 715, 801, 750, 662, 513, 604, 682, 575, 605, 659, 731, 549, 525, 676, 678, 647, 548, 494, 501, 432, 437, 556, 632, 637, 506, 478, 499, 484, 429, 514, 535, 505]"
0.013983551412820816,-1.374297857284546,-0.061244674026966095,-1.7685414552688599,-0.9109717607498169,0.38653361797332764,-1.5262701511383057,-1.2478426694869995,-1.0957717895507812,27.25,-1.2478426694869995,-0.85601806640625,25.0,-0.8763388395309448,-0.8019447326660156,22.75,-0.6112650632858276,-0.6606101989746094,23.25,-0.34733569622039795,-0.1682281494140625,15.0,"[519, 537, 613, 668, 629, 661, 613, 535, 493, 511, 536, 596, 588, 582, 557, 583, 524, 587, 643, 648, 636, 569, 527, 566, 550, 599, 630, 539, 568, 602, 553, 585, 461, 452, 463, 454, 472, 467, 463, 500, 504, 434, 481, 535, 516, 400, 430, 512, 452, 511, 517, 505, 541, 532, 477, 512, 536, 554, 531, 507, 496, 482, 497, 505, 468, 543, 514, 482, 529, 462, 439, 453, 468, 519, 563, 505, 516, 516, 484, 491, 488, 547, 565, 465, 500, 619, 542, 480, 532, 556, 572, 603, 564, 534, 551, 530, 472, 508, 539, 523, 473, 439, 526, 515, 486, 494, 541, 474, 454, 523, 547, 498, 477, 465, 489, 469, 477, 543, 547, 531, 485, 470, 529, 564, 537, 585, 597, 573, 502, 530, 632, 593, 452, 527, 554, 538, 560, 579, 620, 638, 567, 573, 598, 554, 487, 655, 687, 662, 557, 617, 642, 513, 571, 663, 633, 591, 535, 567, 511, 477, 614, 572, 502, 544, 465, 525, 505, 464, 571, 598, 527, 520, 479, 604, 604, 481, 574, 528, 556, 510, 429, 484, 502, 540, 623, 548, 567, 588, 541, 490, 519, 633, 609, 503, 479, 499, 517, 517, 467, 601, 634, 541, 602, 576, 484, 470, 527, 641, 597, 611, 625, 609, 491, 547, 627, 568, 495, 557, 572, 587, 568, 541, 538, 503, 568, 555, 614, 571, 492, 525, 504, 547, 629, 602, 649, 548, 580, 671, 582, 600, 582, 579, 640, 524, 459, 570, 606, 550, 561, 434, 525, 531, 453, 537, 651, 655, 1596, 2821, 2324, 967, 787, 1837, 2411, 1471, 5671, 9956, 7540, 1963, 1909, 5687, 7467, 3455, 7364, 12656, 9354, 2178, 2277, 6876, 9093, 3882, 4465, 7770, 6012, 1871, 1656, 3998, 5467, 2739, 4485, 7867, 6233, 1947, 2041, 3539, 4897, 2450, 3046, 4742, 3706, 1593, 1445, 2365, 3083, 2083, 1824, 2742, 2535, 1427, 1154, 1722, 2331, 2011, 1451, 2925, 2965, 1414, 975, 1839, 2801, 2262, 1343, 3479, 3351, 1438, 836, 2085, 3291, 2278, 1603, 3183, 2792, 1163, 1276, 1929, 2466, 1543, 3914, 7241, 5969, 1290, 3310, 3686, 3251, 1324, 5465, 9492, 7355, 1290, 4475, 4699, 3939, 1310, 4391, 7001, 5525, 1650, 3220, 3863, 3717, 1299, 4187, 6860, 5431, 1819, 2822, 3626, 3630, 1499, 3120, 4815, 3693, 1341, 2018, 2295, 2423, 1274, 2599, 4116, 3089, 1021, 1479, 1752, 2112, 1012, 2487, 4271, 3355, 958, 1344, 1735, 2320, 1006, 1736, 2714, 2123, 708, 969, 1330, 1714, 912, 1983, 3218, 2555, 1215, 1845, 2049, 1854, 1055, 3744, 5787, 4529, 2396, 4021, 3840, 2685, 1696, 4157, 5952, 4389, 2588, 4275, 3945, 2477, 1853, 2592, 3507, 2629, 1769, 2458, 2335, 1574, 1345, 1821, 2287, 1923, 1412, 1594, 1650, 1358, 1181, 1667, 1718, 1647, 1654, 1684, 1557, 1359, 1240, 1727, 2052, 1645, 1531, 2054, 1814, 1198, 1221, 2073, 2875, 2169, 1301, 1959, 1813, 1306, 1180, 2553, 3838, 3008, 1248, 2078, 2103, 1709, 1160, 2518, 3821, 2777, 1011, 2110, 2119, 1604, 976, 1747, 2775, 2173, 809, 1544, 1652, 1258, 764, 1207, 1870, 1616, 813, 1113, 1214, 963, 705, 933, 1127, 969, 702, 726, 850, 854, 710, 900, 911, 756, 638, 619, 705, 700, 799, 981, 1097, 878, 630, 771, 867, 694, 703, 887, 1277, 1181, 642, 708, 894, 835, 660, 776, 1087, 1027, 593, 682, 796, 824, 706, 781, 871, 794, 623, 570, 764, 784, 711, 688, 695, 614, 614, 561, 634, 665, 606, 680, 734, 661, 626, 631, 606, 656, 628, 678, 738, 678, 637, 593, 549, 587, 573, 657, 879, 834, 684, 609, 675, 890, 720, 770, 924, 892, 706, 700, 719, 883, 769, 735, 1013, 956, 744, 714, 821, 890, 762, 798, 1214, 1080, 709, 737, 913, 1016, 743, 956, 1222, 944, 743, 767, 844, 828, 643, 946, 1143, 1003, 833, 899, 880, 769, 727, 980, 1130, 963, 850, 931, 869, 737, 677, 920, 1027, 875, 668, 739, 679, 718, 723, 791, 918, 912, 765, 589, 668, 786, 758, 655, 717, 832, 797, 599, 546, 661, 669, 687, 743, 743, 749, 625, 605, 655, 662, 781, 795, 669, 579, 678, 730, 577, 635, 814, 780, 656, 683, 697, 771, 682, 687, 933, 908, 697, 822, 780, 879, 782, 726, 929, 930, 772, 801, 735, 1066, 1080, 655, 870, 898, 955, 887, 685, 987, 1060, 693, 769, 924, 1003, 871, 673, 916, 918, 736, 779, 878, 981, 842, 664, 876, 935, 737, 822, 865, 924, 866, 734, 943, 876, 662, 755, 697, 771, 772, 611, 820, 825, 619, 569, 670, 706, 583, 660, 805, 777, 641, 613, 683, 724, 611, 597, 650, 615, 665, 654, 694, 734, 575, 626, 561, 521, 645, 659, 657, 612, 512, 630, 567, 619, 716, 695, 687, 636, 527, 575, 656, 748, 731, 593, 642, 694, 562, 541, 695, 726, 717, 704, 826, 953, 787, 645, 886, 1123, 970, 780, 790, 895, 751, 651, 826, 1094, 1044, 694, 701, 764, 695, 667, 693, 789, 721, 781, 709, 686, 692, 682, 773, 779, 642, 828, 877, 743, 729, 571, 688, 842, 754, 792, 747, 654, 625, 534, 658, 724, 745, 846, 812, 698, 611, 630, 826, 843, 804, 873, 1112, 991, 797, 796, 777, 839, 714, 967, 1766, 1890, 1105, 817, 1061, 1805, 1663, 1444, 2150, 2955, 1669, 754, 1612, 3337, 3368, 1643, 1644, 2635, 1795, 911, 1479, 3132, 3395, 1206, 1090, 1519, 1018, 753, 964, 1891, 2066, 911, 986, 923, 746, 639, 951, 1340, 1145, 996, 986, 901, 883, 594, 696, 866, 882, 837, 1013, 1008, 853, 632, 815, 1052, 974, 873, 742, 818, 812, 723, 801, 851, 862, 862, 736, 689, 836, 763, 789, 1101, 1088, 868, 932, 805, 563, 642, 941, 1104, 989, 766, 974, 893, 592, 723, 933, 764, 554, 910, 870, 768, 711, 793, 933, 803, 770, 853, 739, 815, 730, 732, 733, 795, 927, 788, 830, 873, 732, 690, 718, 894, 902, 789, 822, 711, 646, 577, 754, 761, 724, 541, 626, 685, 617, 576, 601, 707, 687, 603, 701, 658, 584, 599, 645, 834, 820, 624, 641, 645, 603, 561, 610, 712, 672, 575, 552, 617, 666, 618, 673, 719, 680, 579, 512, 560, 568, 469, 564, 606, 599, 722, 506, 592, 586, 512, 603, 562, 676, 628, 534, 573, 586, 466, 510, 457, 551, 556, 538, 487, 557, 455, 513, 542, 468]"
-0.1705019474029541,-1.4653949737548828,-0.02259131148457527,-1.9211684465408325,0.0,0.0,0.0,-1.2436507940292358,1.6141891479492188,15.25,-0.9322284460067749,-0.7033824920654297,17.25,1.3311268091201782,1.5988826751708984,21.5,1.43669855594635,1.4782905578613281,21.25,1.7293812036514282,0.0,16.75,"[664, 616, 581, 625, 661, 623, 581, 618, 608, 557, 549, 580, 568, 696, 655, 642, 504, 524, 511, 539, 463, 497, 514, 520, 424, 547, 550, 509, 473, 540, 545, 486, 486, 588, 555, 595, 587, 463, 478, 476, 542, 500, 526, 576, 568, 483, 530, 526, 414, 504, 581, 573, 415, 450, 545, 502, 525, 537, 548, 479, 474, 530, 481, 542, 455, 480, 421, 491, 505, 426, 430, 408, 378, 415, 459, 596, 588, 492, 429, 463, 411, 466, 566, 571, 566, 567, 609, 576, 442, 479, 594, 552, 501, 451, 508, 532, 399, 495, 540, 460, 452, 474, 469, 407, 441, 468, 532, 488, 439, 469, 531, 468, 527, 559, 563, 566, 488, 519, 559, 513, 651, 592, 603, 687, 539, 491, 565, 592, 592, 618, 618, 594, 516, 517, 521, 524, 541, 490, 470, 554, 563, 500, 511, 550, 556, 518, 546, 565, 527, 441, 476, 522, 654, 542, 582, 613, 498, 487, 478, 662, 562, 521, 599, 582, 472, 455, 483, 587, 633, 558, 526, 443, 466, 557, 564, 601, 596, 561, 554, 498, 555, 605, 576, 575, 535, 535, 632, 560, 520, 507, 587, 638, 544, 538, 584, 588, 548, 546, 550, 530, 574, 500, 570, 528, 533, 588, 525, 568, 648, 591, 528, 525, 535, 602, 583, 602, 649, 563, 612, 580, 515, 593, 632, 614, 696, 576, 564, 616, 594, 591, 600, 677, 544, 578, 607, 589, 556, 542, 541, 546, 999, 1267, 983, 606, 752, 908, 927, 596, 2746, 3927, 2783, 802, 1510, 2049, 2232, 1016, 7304, 10764, 7200, 930, 3360, 4415, 5216, 1131, 11428, 16783, 11049, 970, 5386, 6528, 7944, 1065, 9933, 14247, 9141, 1078, 4766, 5585, 6706, 1369, 5222, 7375, 4775, 1018, 2620, 2984, 3367, 1580, 2375, 4549, 3766, 1070, 1570, 2301, 3127, 1891, 2182, 4421, 3617, 1080, 1525, 2410, 3205, 1775, 1895, 3345, 2599, 799, 1390, 1805, 2101, 1089, 2400, 3862, 2918, 713, 1855, 1921, 1926, 871, 5723, 9401, 6875, 941, 3921, 3852, 4140, 1031, 7195, 11718, 8584, 1188, 4738, 4807, 5106, 1142, 4281, 6668, 4992, 1206, 2858, 3189, 3037, 981, 2554, 3609, 2892, 1310, 1994, 1935, 1528, 1258, 2836, 4070, 3132, 1480, 2402, 2196, 1531, 1400, 2529, 3526, 2676, 1261, 1885, 1632, 1461, 1185, 1665, 2337, 1861, 948, 1198, 1380, 1258, 932, 1185, 1579, 1244, 690, 1116, 1054, 821, 737, 1298, 2045, 1676, 948, 1259, 1171, 973, 730, 3458, 5182, 4005, 2399, 3569, 3342, 2097, 1301, 4477, 6365, 4561, 3090, 5041, 4365, 2209, 1555, 2896, 4275, 3037, 1934, 3501, 3054, 1525, 1183, 2619, 3304, 2319, 1450, 2316, 2277, 1352, 1336, 2827, 3879, 2783, 1316, 2845, 2613, 1475, 1172, 1771, 2559, 2258, 1214, 1943, 2019, 1361, 1049, 922, 1230, 1282, 928, 1007, 1076, 883, 767, 983, 1305, 1053, 626, 968, 1088, 931, 638, 1054, 1219, 1047, 752, 908, 953, 998, 835, 981, 1288, 1186, 770, 870, 880, 927, 795, 961, 1226, 1052, 749, 819, 775, 788, 737, 908, 1048, 880, 612, 712, 649, 512, 695, 670, 806, 804, 623, 619, 668, 615, 599, 643, 760, 879, 806, 709, 750, 667, 645, 765, 946, 883, 678, 703, 788, 568, 561, 1018, 1315, 1022, 529, 850, 866, 648, 551, 1029, 1275, 945, 546, 868, 851, 669, 609, 798, 983, 799, 622, 687, 723, 678, 599, 662, 797, 794, 709, 592, 675, 804, 697, 674, 694, 678, 725, 576, 670, 781, 781, 667, 806, 780, 682, 495, 700, 798, 700, 713, 719, 710, 591, 603, 694, 774, 782, 712, 833, 752, 621, 687, 695, 616, 567, 826, 914, 754, 584, 608, 713, 669, 549, 886, 852, 662, 538, 639, 690, 676, 657, 837, 849, 700, 648, 716, 662, 694, 757, 775, 1001, 871, 704, 694, 813, 925, 797, 650, 914, 856, 611, 637, 760, 972, 824, 715, 892, 1004, 836, 762, 798, 895, 819, 712, 905, 1110, 916, 681, 789, 919, 895, 747, 819, 834, 750, 677, 777, 848, 831, 809, 849, 762, 758, 801, 750, 789, 775, 791, 708, 719, 709, 722, 695, 685, 800, 757, 672, 669, 681, 611, 655, 702, 750, 802, 846, 781, 604, 639, 815, 846, 827, 708, 851, 728, 596, 712, 949, 910, 692, 677, 678, 599, 647, 641, 652, 727, 661, 704, 618, 733, 702, 544, 676, 735, 654, 875, 943, 813, 701, 858, 989, 851, 674, 795, 811, 640, 520, 758, 922, 820, 668, 674, 663, 639, 555, 565, 727, 768, 692, 850, 766, 610, 662, 611, 755, 763, 770, 873, 850, 683, 676, 638, 751, 758, 741, 791, 744, 677, 659, 614, 651, 657, 730, 564, 612, 660, 642, 619, 649, 624, 595, 582, 596, 722, 675, 557, 628, 654, 635, 777, 786, 817, 674, 599, 770, 829, 789, 714, 741, 725, 598, 583, 716, 731, 721, 809, 767, 633, 704, 666, 699, 717, 718, 884, 846, 807, 783, 665, 744, 812, 819, 840, 858, 801, 709, 622, 706, 829, 778, 843, 842, 734, 607, 594, 865, 882, 636, 896, 920, 728, 573, 579, 804, 771, 627, 761, 892, 796, 648, 584, 778, 835, 675, 771, 928, 721, 500, 541, 629, 713, 457, 709, 891, 796, 584, 634, 565, 744, 661, 1565, 2188, 3067, 1677, 769, 1929, 3581, 3586, 3500, 5101, 7735, 4511, 942, 4744, 9372, 9335, 3258, 5134, 7610, 4537, 856, 4652, 9369, 9172, 2112, 2506, 4024, 2800, 837, 2036, 4406, 4669, 1627, 1605, 2827, 2086, 767, 1237, 2608, 3140, 1266, 1037, 1911, 1564, 589, 1048, 1517, 1963, 1028, 1098, 1373, 1173, 742, 1009, 1198, 1253, 1148, 1147, 1078, 860, 632, 859, 1041, 1174, 1760, 1319, 1311, 1168, 860, 854, 1402, 1866, 1540, 1312, 1597, 1342, 836, 969, 1769, 2078, 1014, 1242, 1416, 1079, 768, 1049, 1390, 1349, 1080, 1289, 1210, 824, 725, 941, 1060, 953, 900, 1217, 1229, 862, 670, 867, 983, 882, 861, 1202, 1200, 789, 639, 819, 1000, 912, 735, 750, 783, 718, 694, 905, 959, 839, 566, 730, 659, 545, 625, 887, 962, 648, 614, 713, 705, 580, 588, 639, 687, 586, 614, 663, 675, 458, 561, 690, 693, 649, 511, 538, 539, 462, 493, 560, 568, 539, 435, 493, 521, 508, 407, 444, 545, 460, 501, 538, 603, 509, 450, 441, 467, 440, 496, 516, 553, 544, 525, 536, 451, 465, 512, 551, 556, 441, 523, 565, 502, 468]"
-0.3626188039779663,-1.4653949737548828,-0.02259131148457527,-1.9211684465408325,0.0,0.0,0.0,-1.241391658782959,-1.0534286499023438,19.0,-1.241391658782959,-1.0035037994384766,21.75,-1.241391658782959,-0.8897781372070312,21.5,-1.241391658782959,-0.8218288421630859,21.5,-0.8530077934265137,0.53558349609375,26.75,"[803, 644, 414, 607, 794, 609, 415, 645, 633, 624, 472, 608, 762, 626, 515, 554, 568, 578, 534, 641, 727, 674, 660, 567, 557, 564, 447, 573, 587, 475, 549, 480, 508, 564, 530, 546, 518, 465, 544, 503, 463, 468, 496, 493, 524, 527, 608, 542, 517, 457, 485, 536, 591, 599, 552, 576, 491, 462, 479, 442, 458, 471, 481, 495, 409, 453, 491, 448, 457, 473, 479, 418, 490, 576, 619, 572, 522, 524, 490, 514, 542, 585, 518, 560, 583, 539, 438, 415, 474, 492, 514, 500, 521, 530, 501, 518, 549, 463, 493, 498, 545, 526, 472, 547, 540, 491, 587, 545, 517, 551, 559, 587, 538, 518, 542, 546, 553, 583, 549, 520, 523, 481, 471, 469, 475, 590, 578, 528, 517, 554, 551, 585, 570, 562, 610, 555, 561, 599, 535, 535, 603, 613, 574, 638, 488, 485, 493, 476, 558, 606, 538, 508, 583, 524, 457, 544, 538, 541, 542, 536, 565, 555, 479, 562, 540, 499, 537, 539, 633, 643, 539, 553, 486, 528, 602, 601, 575, 596, 559, 542, 581, 589, 535, 531, 488, 505, 552, 512, 517, 503, 555, 569, 451, 471, 464, 429, 465, 441, 455, 503, 492, 520, 580, 634, 654, 508, 518, 574, 518, 580, 610, 627, 602, 559, 590, 616, 1048, 1151, 793, 613, 851, 1000, 831, 667, 5392, 6785, 3979, 1363, 3160, 3906, 3372, 1448, 8987, 11954, 7550, 2157, 5487, 5821, 5279, 2190, 4030, 6403, 5169, 1808, 3581, 4123, 3211, 2010, 6234, 6580, 3681, 1927, 2313, 4711, 4209, 2853, 4671, 5607, 3764, 1676, 1714, 3945, 4074, 2466, 1600, 2026, 1829, 1103, 1652, 2238, 1873, 1255, 2290, 2958, 1942, 1124, 2098, 1923, 1257, 1039, 5427, 8294, 5778, 1186, 4157, 3790, 3046, 1130, 15141, 24995, 18369, 1662, 11143, 10179, 8787, 1772, 24431, 39088, 27854, 2895, 17498, 14899, 13440, 2369, 18272, 27191, 18246, 3734, 12818, 10100, 8951, 3345, 7042, 9452, 5760, 2192, 4982, 3637, 2928, 1934, 2500, 3123, 1854, 1075, 1423, 1091, 1337, 1035, 2102, 2868, 1912, 826, 1105, 1398, 1654, 763, 1805, 2331, 1756, 1006, 1083, 1097, 1285, 878, 1479, 1827, 1525, 1042, 1110, 1380, 1258, 836, 998, 1278, 1165, 833, 982, 1145, 1040, 749, 882, 1019, 885, 738, 835, 985, 930, 839, 1341, 1637, 1275, 935, 1151, 1374, 1212, 855, 1226, 1464, 1308, 1042, 1242, 1330, 1130, 1007, 1001, 1603, 1499, 867, 974, 1279, 1240, 885, 1151, 1979, 1792, 1037, 1153, 1657, 1823, 1206, 1655, 3297, 2750, 1368, 1775, 2706, 2730, 1688, 1958, 3176, 2717, 1545, 2048, 2819, 2519, 1861, 1999, 2270, 1928, 1458, 1782, 2106, 1513, 1334, 1244, 1531, 1238, 893, 1271, 1314, 899, 866, 899, 1177, 1031, 681, 1081, 1092, 712, 652, 762, 1054, 1016, 722, 949, 1008, 723, 651, 760, 1063, 955, 647, 1031, 1171, 895, 624, 925, 1305, 1053, 667, 1149, 1280, 987, 642, 908, 1169, 1003, 685, 987, 1071, 918, 704, 902, 960, 828, 700, 884, 916, 770, 743, 747, 852, 759, 645, 692, 783, 683, 565, 765, 776, 762, 704, 591, 773, 751, 643, 720, 822, 732, 621, 672, 599, 641, 635, 844, 1005, 807, 542, 686, 652, 616, 619, 762, 1007, 862, 609, 675, 639, 649, 541, 713, 714, 746, 714, 692, 670, 551, 593, 715, 866, 770, 638, 634, 697, 682, 554, 616, 850, 760, 637, 566, 695, 819, 612, 571, 715, 685, 712, 565, 594, 728, 626, 689, 710, 686, 599, 623, 675, 705, 685, 787, 1034, 905, 652, 773, 896, 841, 656, 870, 1118, 1110, 872, 861, 911, 897, 736, 735, 895, 800, 708, 719, 710, 658, 597, 590, 772, 713, 643, 708, 814, 793, 583, 646, 746, 751, 606, 664, 736, 716, 631, 669, 667, 762, 686, 650, 731, 696, 762, 701, 854, 877, 653, 619, 676, 575, 695, 773, 943, 808, 631, 678, 701, 742, 713, 818, 941, 659, 603, 681, 778, 821, 664, 858, 1018, 801, 674, 733, 815, 912, 750, 864, 940, 767, 632, 753, 892, 905, 744, 779, 747, 653, 676, 728, 865, 848, 672, 812, 759, 736, 743, 653, 693, 795, 790, 761, 854, 833, 684, 588, 786, 906, 839, 811, 877, 779, 797, 666, 780, 769, 664, 818, 704, 639, 759, 724, 713, 647, 728, 829, 796, 745, 734, 679, 785, 850, 879, 826, 699, 727, 737, 734, 731, 791, 912, 671, 671, 640, 654, 674, 620, 646, 750, 819, 801, 685, 680, 644, 729, 769, 762, 694, 718, 679, 630, 539, 720, 756, 678, 477, 674, 711, 601, 508, 622, 708, 568, 561, 702, 700, 536, 635, 757, 705, 588, 812, 964, 734, 572, 574, 707, 770, 659, 931, 968, 794, 647, 461, 712, 719, 618, 959, 848, 875, 845, 671, 799, 758, 907, 861, 693, 762, 775, 637, 728, 768, 900, 715, 772, 764, 672, 589, 748, 836, 756, 649, 686, 725, 640, 595, 677, 773, 661, 622, 788, 685, 550, 571, 697, 758, 649, 621, 639, 605, 597, 601, 703, 723, 653, 727, 770, 866, 654, 694, 750, 767, 738, 754, 998, 986, 765, 666, 761, 824, 675, 909, 1083, 880, 757, 700, 692, 838, 743, 799, 862, 736, 678, 742, 804, 800, 706, 983, 889, 865, 790, 760, 848, 709, 884, 1288, 886, 1301, 1158, 922, 1204, 1160, 1444, 1696, 1139, 2105, 1703, 902, 1543, 2211, 2651, 1801, 1458, 2398, 1827, 888, 1775, 2930, 3216, 1361, 1383, 1632, 1161, 853, 1623, 2421, 2164, 1362, 1230, 1327, 930, 789, 1176, 2156, 2249, 1050, 1170, 1313, 988, 640, 1048, 1802, 1709, 846, 1032, 1034, 774, 673, 1046, 1749, 1626, 1007, 1142, 1237, 828, 680, 1015, 1674, 1741, 1015, 1358, 1240, 802, 738, 1032, 1357, 1179, 1533, 1555, 1030, 807, 829, 1081, 1070, 1025, 1620, 1489, 796, 685, 857, 1151, 986, 1048, 1255, 1308, 851, 676, 838, 1155, 1117, 925, 1058, 1292, 1004, 734, 818, 1164, 1261, 905, 827, 1114, 965, 713, 701, 1059, 1305, 941, 586, 726, 714, 658, 626, 855, 1028, 840, 608, 612, 591, 546, 581, 666, 640, 598, 591, 673, 650, 532, 498, 662, 676, 604, 601, 676, 711, 504, 465, 636, 773, 740, 645, 606, 709, 601, 433, 607, 707, 770, 629, 508, 595, 620, 512, 445, 493, 536, 580, 518, 448, 475, 464, 458, 445, 466, 513, 551, 486, 373, 449, 522, 519, 474]"
-0.5547356605529785,-1.4653949737548828,-0.02259131148457527,-1.9211684465408325,0.0,0.0,0.0,-1.2391325235366821,0.8381366729736328,-30.75,-1.2391325235366821,0.9066581726074219,-26.75,-1.2391325235366821,0.9139537811279297,19.5,-1.2391325235366821,0.9484291076660156,-30.25,-0.7765051126480103,-0.7016658782958984,15.75,"[455, 604, 674, 597, 470, 588, 665, 600, 430, 497, 591, 632, 547, 580, 652, 622, 546, 534, 535, 587, 562, 550, 616, 565, 555, 548, 486, 510, 542, 562, 598, 516, 462, 534, 519, 498, 471, 478, 530, 445, 635, 548, 538, 544, 540, 558, 589, 597, 613, 548, 491, 470, 507, 541, 561, 570, 455, 518, 558, 550, 451, 516, 637, 523, 508, 528, 548, 509, 509, 495, 565, 595, 509, 512, 542, 593, 649, 629, 582, 562, 601, 461, 434, 517, 593, 590, 544, 573, 623, 538, 511, 502, 553, 548, 538, 600, 528, 518, 452, 453, 559, 491, 459, 553, 555, 543, 451, 496, 623, 613, 503, 543, 641, 522, 479, 540, 566, 599, 551, 571, 643, 539, 487, 532, 590, 586, 519, 591, 599, 494, 432, 476, 523, 542, 491, 556, 575, 473, 413, 449, 482, 531, 465, 499, 583, 535, 549, 596, 585, 623, 622, 579, 587, 582, 540, 516, 496, 540, 610, 588, 576, 556, 548, 579, 546, 498, 495, 526, 609, 525, 554, 632, 561, 510, 526, 557, 581, 557, 518, 507, 514, 549, 489, 524, 573, 700, 606, 513, 534, 532, 487, 456, 734, 741, 561, 501, 537, 516, 500, 557, 4201, 5039, 2731, 954, 2107, 2118, 2009, 1189, 19318, 24039, 13150, 3189, 10018, 8923, 8950, 4040, 31616, 38531, 20523, 6189, 17084, 14213, 13544, 7519, 23171, 27077, 13789, 6058, 12355, 9979, 9396, 7228, 9505, 10791, 6104, 3333, 4660, 4382, 4950, 4408, 5905, 8507, 5726, 1445, 2712, 3191, 4204, 2293, 3669, 5355, 3651, 936, 1682, 2113, 2744, 1296, 5828, 8808, 5979, 924, 3832, 3214, 3518, 1207, 9222, 14750, 10530, 1133, 6086, 5159, 5533, 1233, 8536, 14087, 10318, 1333, 5481, 4771, 5331, 1253, 5248, 9088, 6966, 1451, 3217, 2859, 3644, 1441, 2137, 3370, 2702, 1279, 1521, 1474, 1688, 1285, 1139, 1637, 1351, 828, 1077, 1308, 1291, 840, 1636, 2388, 1809, 933, 1211, 1203, 1307, 797, 2392, 3644, 2659, 1205, 1628, 1548, 2063, 1297, 2097, 3168, 2440, 1035, 1380, 1503, 2070, 1544, 1422, 2075, 1889, 896, 990, 1411, 2219, 1856, 1031, 1880, 1829, 1046, 816, 1381, 2030, 1642, 1184, 2241, 2273, 1284, 874, 1836, 2769, 2337, 1469, 2520, 2348, 1262, 852, 2042, 3012, 2480, 1319, 1811, 1566, 1037, 864, 1257, 1773, 1441, 1100, 1223, 1025, 851, 835, 841, 899, 874, 1023, 1064, 928, 759, 708, 809, 803, 796, 726, 778, 693, 727, 622, 676, 761, 670, 908, 806, 977, 1083, 820, 837, 882, 848, 1346, 1108, 1479, 1435, 1193, 1456, 1160, 1192, 861, 1130, 1473, 984, 1104, 1503, 1088, 945, 914, 1217, 985, 570, 1143, 1203, 772, 587, 1085, 1196, 947, 805, 1115, 1065, 840, 758, 1233, 1364, 952, 841, 1165, 1036, 729, 706, 986, 1194, 979, 800, 974, 877, 697, 688, 815, 1013, 902, 674, 812, 866, 749, 621, 927, 1026, 888, 686, 847, 940, 810, 816, 908, 981, 762, 713, 803, 820, 725, 747, 926, 1004, 779, 690, 731, 729, 657, 679, 920, 961, 739, 570, 627, 671, 583, 612, 802, 934, 793, 650, 673, 668, 640, 524, 796, 775, 551, 560, 693, 686, 578, 626, 721, 718, 623, 569, 611, 650, 631, 666, 744, 761, 610, 532, 624, 685, 666, 653, 737, 814, 685, 549, 635, 749, 677, 614, 657, 734, 726, 654, 696, 753, 706, 604, 775, 883, 806, 618, 663, 836, 874, 721, 946, 1092, 891, 625, 732, 952, 846, 776, 943, 1095, 873, 618, 786, 808, 715, 824, 830, 979, 905, 710, 685, 742, 783, 770, 725, 832, 834, 654, 589, 825, 870, 663, 861, 758, 693, 600, 721, 716, 623, 715, 928, 834, 717, 610, 754, 747, 583, 779, 684, 680, 719, 784, 829, 759, 763, 759, 700, 816, 705, 646, 808, 851, 753, 659, 786, 863, 746, 702, 757, 761, 760, 713, 805, 881, 735, 744, 645, 632, 795, 689, 1012, 1189, 860, 631, 691, 888, 981, 733, 934, 1041, 838, 591, 782, 1095, 1103, 822, 737, 810, 709, 571, 722, 885, 848, 706, 741, 812, 713, 580, 578, 781, 782, 693, 1304, 1359, 1100, 858, 707, 1032, 1043, 1019, 1519, 1506, 1247, 924, 1053, 1184, 971, 1079, 1463, 1405, 1063, 888, 1088, 1211, 843, 1045, 1108, 1034, 800, 741, 854, 1064, 863, 837, 860, 930, 794, 630, 711, 872, 797, 686, 869, 1095, 878, 736, 807, 793, 759, 684, 833, 845, 712, 748, 735, 613, 739, 680, 784, 907, 794, 684, 713, 722, 805, 633, 694, 886, 801, 658, 609, 709, 766, 669, 750, 801, 712, 721, 708, 716, 782, 698, 779, 767, 655, 597, 689, 720, 690, 691, 898, 986, 765, 559, 634, 799, 715, 702, 770, 823, 721, 633, 614, 658, 668, 636, 746, 773, 735, 674, 714, 807, 666, 663, 846, 788, 668, 597, 659, 802, 812, 714, 1044, 976, 945, 773, 776, 1009, 963, 909, 1177, 1052, 911, 864, 871, 1077, 928, 970, 980, 909, 713, 735, 745, 837, 786, 824, 854, 835, 693, 643, 731, 797, 814, 777, 783, 846, 869, 747, 690, 813, 934, 812, 749, 734, 774, 742, 727, 862, 851, 760, 724, 700, 724, 732, 734, 846, 818, 779, 706, 845, 747, 650, 702, 859, 810, 625, 811, 858, 755, 688, 735, 796, 746, 715, 1004, 959, 899, 884, 742, 1140, 1205, 947, 1350, 1336, 1462, 1213, 837, 1740, 1877, 1433, 1116, 1356, 1337, 1035, 801, 1788, 1937, 1116, 761, 1075, 986, 775, 769, 1148, 1404, 1068, 896, 937, 924, 818, 763, 907, 1205, 1113, 1214, 994, 1094, 1035, 940, 946, 942, 1189, 1562, 996, 1460, 1313, 1124, 1206, 1093, 1672, 1747, 941, 1577, 1621, 1034, 1314, 1137, 1617, 1497, 1058, 1350, 1462, 951, 1317, 1069, 1198, 1021, 1009, 1106, 1019, 663, 985, 944, 973, 1242, 1037, 1028, 859, 856, 1100, 1189, 1334, 1408, 1056, 1073, 965, 986, 1184, 1409, 1593, 1129, 1111, 897, 759, 788, 1099, 1122, 1014, 917, 1095, 835, 633, 677, 943, 1004, 706, 788, 810, 647, 624, 664, 762, 738, 647, 586, 591, 627, 595, 594, 660, 726, 676, 580, 530, 527, 517, 509, 523, 697, 689, 551, 576, 553, 461, 445, 682, 794, 630, 527, 549, 524, 466, 455, 670, 741, 595, 517, 631, 539, 488, 483, 640, 725, 555, 490, 495, 464, 492, 417, 477, 550, 516, 507, 486, 480, 495, 461, 497, 451, 469]"
-0.7468525171279907,-1.4653949737548828,-0.02259131148457527,-1.9211684465408325,0.0,0.0,0.0,-1.2368733882904053,-0.9291172027587891,24.75,-1.2368733882904053,-0.7746219635009766,29.0,-1.2368733882904053,-0.7375717163085938,29.5,-1.2368733882904053,-0.6580352783203125,26.75,-1.0295922756195068,1.1984825134277344,15.0,"[568, 602, 615, 587, 573, 586, 610, 599, 511, 581, 617, 582, 529, 535, 646, 600, 468, 516, 554, 518, 509, 520, 568, 574, 524, 611, 602, 525, 513, 512, 522, 530, 491, 570, 572, 453, 412, 543, 518, 507, 582, 613, 654, 473, 521, 638, 548, 535, 567, 639, 611, 536, 555, 588, 508, 458, 541, 593, 571, 580, 605, 615, 584, 562, 655, 575, 497, 598, 576, 539, 515, 597, 603, 573, 547, 540, 589, 549, 562, 636, 505, 527, 536, 583, 570, 549, 509, 511, 486, 434, 539, 604, 484, 531, 569, 474, 578, 499, 511, 574, 553, 527, 500, 519, 474, 469, 474, 456, 397, 424, 530, 488, 554, 496, 482, 501, 483, 521, 522, 548, 631, 480, 525, 598, 531, 537, 488, 573, 622, 497, 560, 581, 531, 508, 554, 645, 552, 501, 566, 553, 507, 527, 561, 586, 552, 547, 593, 599, 625, 664, 528, 543, 537, 561, 597, 605, 595, 633, 535, 504, 504, 551, 622, 585, 531, 585, 606, 538, 465, 534, 592, 594, 570, 607, 629, 532, 2007, 2337, 1368, 837, 1546, 1960, 1608, 786, 11914, 13991, 7144, 2978, 7570, 9009, 6859, 2935, 21060, 24231, 12164, 5674, 13065, 13277, 9562, 6120, 13969, 15301, 7834, 5198, 8768, 6598, 4785, 6070, 7417, 11305, 8277, 3205, 3568, 5749, 7393, 4032, 8792, 12847, 8647, 1826, 3354, 6993, 7547, 2050, 6192, 7753, 5270, 1428, 3063, 4416, 3884, 1986, 4990, 7633, 5490, 1254, 3007, 3382, 3791, 1724, 4404, 6827, 5001, 1049, 2741, 2665, 3217, 1264, 5992, 8686, 6118, 1420, 3570, 2923, 3685, 1581, 5369, 7652, 5157, 1345, 3144, 2263, 2936, 1433, 3696, 5334, 3602, 903, 2423, 2382, 2305, 808, 3639, 5057, 3252, 801, 2332, 2722, 2690, 884, 2173, 2889, 2026, 792, 1538, 1570, 1480, 844, 2060, 2747, 2012, 1014, 1296, 1740, 1587, 923, 2747, 3896, 3010, 1161, 1921, 2527, 2241, 1229, 2088, 2334, 1988, 1099, 1623, 2342, 2071, 1708, 1618, 3051, 2659, 1229, 1353, 3266, 4481, 3202, 1545, 3868, 3927, 1916, 1250, 3627, 5726, 4591, 1279, 3094, 3596, 2044, 1112, 2673, 4734, 4177, 1089, 2171, 2225, 1338, 1090, 1700, 2564, 2190, 1184, 1668, 1491, 1015, 1198, 1324, 1320, 988, 1299, 1701, 1362, 869, 1043, 1252, 1141, 858, 1068, 1263, 1037, 715, 775, 992, 962, 805, 752, 879, 844, 685, 626, 759, 697, 681, 883, 1152, 1032, 657, 859, 936, 789, 614, 1078, 1568, 1302, 757, 1256, 1222, 864, 695, 1420, 2176, 2040, 1151, 1588, 1983, 1273, 1012, 1676, 2557, 2293, 1100, 1748, 2329, 1557, 899, 2783, 3992, 2888, 1174, 2541, 2563, 1651, 1086, 3643, 5094, 3368, 1469, 3505, 3135, 1609, 1434, 2563, 3064, 2035, 1249, 2267, 2073, 1312, 1348, 1286, 1476, 1270, 883, 995, 1181, 1031, 951, 915, 1227, 1118, 782, 937, 984, 829, 694, 929, 1229, 1084, 710, 962, 1011, 833, 739, 886, 1075, 998, 815, 979, 1131, 878, 731, 916, 1024, 889, 782, 964, 1163, 914, 703, 874, 934, 874, 726, 831, 1029, 859, 719, 688, 782, 837, 704, 618, 843, 815, 706, 757, 788, 964, 794, 520, 843, 860, 763, 778, 791, 1007, 843, 711, 952, 919, 829, 786, 761, 678, 724, 818, 766, 666, 653, 823, 1025, 741, 639, 759, 757, 689, 544, 870, 1013, 804, 651, 780, 776, 717, 619, 715, 933, 826, 494, 787, 892, 661, 496, 734, 820, 733, 563, 741, 862, 770, 696, 763, 852, 832, 673, 621, 846, 938, 805, 827, 1055, 898, 620, 663, 885, 915, 689, 809, 964, 747, 559, 565, 757, 768, 649, 860, 916, 801, 669, 626, 683, 663, 714, 851, 784, 664, 638, 578, 577, 600, 714, 776, 698, 530, 639, 699, 629, 639, 729, 714, 710, 682, 745, 726, 658, 659, 704, 775, 801, 783, 733, 750, 710, 682, 748, 740, 909, 793, 606, 647, 756, 707, 703, 725, 721, 667, 500, 651, 706, 651, 654, 731, 782, 646, 585, 676, 640, 575, 612, 911, 957, 751, 554, 594, 842, 902, 785, 1144, 1236, 942, 636, 752, 1096, 1128, 914, 1140, 1133, 1000, 783, 905, 1178, 1129, 1063, 989, 991, 951, 779, 789, 922, 1047, 1016, 784, 827, 889, 756, 593, 720, 732, 658, 930, 864, 804, 811, 752, 870, 765, 771, 867, 892, 862, 737, 694, 851, 869, 773, 745, 785, 752, 716, 660, 782, 769, 688, 799, 836, 637, 681, 742, 740, 669, 664, 748, 839, 622, 552, 667, 661, 678, 665, 695, 872, 777, 663, 600, 640, 700, 646, 662, 761, 822, 726, 544, 567, 737, 744, 673, 650, 778, 732, 540, 591, 817, 825, 822, 758, 719, 703, 629, 830, 781, 800, 1160, 922, 924, 996, 835, 1036, 1071, 1148, 1394, 959, 967, 957, 867, 973, 1071, 1414, 926, 887, 841, 745, 802, 972, 1028, 920, 793, 876, 947, 861, 876, 982, 896, 667, 843, 920, 927, 831, 642, 776, 757, 719, 946, 892, 814, 833, 688, 730, 784, 906, 960, 865, 780, 759, 709, 853, 916, 926, 930, 866, 884, 738, 687, 842, 875, 989, 926, 837, 855, 758, 706, 648, 769, 969, 832, 771, 720, 687, 692, 675, 719, 796, 865, 793, 676, 620, 767, 1006, 909, 700, 1017, 815, 633, 724, 735, 1023, 910, 789, 854, 815, 832, 760, 644, 932, 942, 768, 866, 762, 878, 886, 755, 796, 1046, 1081, 1058, 827, 849, 944, 867, 1036, 1062, 1171, 1046, 1153, 1171, 1002, 854, 1241, 1168, 950, 1407, 1379, 1289, 1047, 809, 1079, 1089, 1303, 1414, 1371, 1221, 797, 828, 986, 1026, 1367, 1408, 1108, 934, 666, 739, 734, 842, 1246, 1204, 948, 998, 781, 852, 935, 923, 1229, 1139, 1303, 1066, 925, 948, 1037, 1311, 1329, 1158, 1303, 1160, 1033, 969, 1088, 1235, 1225, 1044, 1189, 1438, 1110, 855, 1019, 1189, 1186, 974, 904, 1356, 1164, 772, 715, 1032, 1348, 997, 860, 1069, 918, 681, 842, 1130, 1238, 760, 773, 703, 669, 639, 814, 942, 853, 573, 844, 769, 559, 566, 729, 858, 608, 570, 772, 720, 584, 501, 688, 868, 726, 628, 669, 633, 679, 590, 647, 906, 813, 664, 609, 660, 691, 589, 627, 923, 937, 584, 649, 654, 625, 530, 616, 794, 712, 477, 556, 667, 616, 420, 495, 611, 594, 559, 557, 666, 604, 525, 500, 581, 690, 559, 559, 630, 586, 522, 586, 557, 527, 483, 504, 563, 487, 446, 549, 516, 495]"
-0.49575093388557434,-0.9655225872993469,-0.2363906353712082,-1.0128672122955322,0.5751771330833435,-0.21113178133964539,0.9513640403747559,-1.1290520429611206,0.8693218231201172,22.0,-1.1290520429611206,0.8987903594970703,18.25,-0.7542580366134644,0.3676414489746094,15.0,-0.6077736616134644,0.0,25.5,-0.22897422313690186,-0.09012222290039062,21.5,"[536, 629, 735, 598, 561, 597, 733, 634, 502, 619, 628, 481, 469, 598, 672, 506, 551, 664, 688, 619, 490, 594, 615, 553, 389, 531, 543, 465, 435, 475, 518, 458, 433, 511, 510, 442, 514, 544, 535, 463, 573, 571, 588, 522, 549, 558, 520, 559, 540, 492, 494, 525, 497, 475, 568, 603, 467, 506, 506, 517, 484, 456, 546, 561, 526, 532, 489, 492, 456, 511, 548, 512, 536, 501, 547, 592, 550, 568, 626, 589, 469, 485, 601, 621, 483, 450, 539, 558, 448, 553, 736, 745, 611, 510, 584, 551, 470, 558, 568, 565, 525, 510, 529, 504, 553, 618, 587, 613, 573, 572, 595, 517, 625, 521, 602, 692, 626, 565, 548, 614, 584, 508, 655, 653, 548, 573, 540, 617, 603, 543, 607, 664, 620, 529, 526, 625, 642, 476, 521, 645, 602, 554, 570, 691, 619, 532, 546, 535, 534, 601, 634, 657, 630, 587, 591, 585, 622, 549, 583, 691, 2061, 3018, 2323, 823, 1518, 1839, 1952, 1079, 6901, 10137, 6983, 1366, 4442, 5789, 5788, 1787, 10115, 14627, 9837, 1880, 5972, 8155, 8267, 2522, 8073, 12685, 8964, 1899, 4401, 6962, 7737, 2654, 6292, 10084, 7072, 1779, 3084, 5780, 6569, 2518, 7257, 10553, 6716, 1676, 4740, 8419, 7994, 2394, 9148, 11603, 6442, 1299, 6896, 12220, 10288, 1984, 6987, 9336, 5891, 1115, 5092, 8298, 6891, 1254, 3947, 5810, 4320, 981, 2349, 2802, 2879, 1207, 2011, 2823, 2071, 834, 1396, 1952, 1998, 1253, 1514, 2498, 1902, 791, 1212, 1618, 1758, 985, 1535, 2374, 1702, 662, 1223, 1216, 1216, 710, 1144, 1808, 1364, 561, 1057, 1046, 878, 589, 844, 1226, 898, 562, 964, 890, 815, 558, 855, 939, 749, 632, 899, 882, 786, 595, 1046, 1291, 990, 608, 1152, 1301, 892, 600, 1069, 1380, 1132, 619, 1095, 1261, 915, 642, 747, 1081, 1010, 646, 816, 855, 761, 632, 824, 1141, 1033, 726, 836, 813, 933, 936, 1419, 1889, 1589, 888, 862, 1439, 1671, 1223, 2147, 3771, 3081, 1132, 1110, 2601, 3234, 1769, 2382, 4198, 3298, 1136, 1221, 2618, 3314, 1702, 1363, 2356, 1891, 799, 885, 1278, 1667, 1015, 749, 989, 824, 653, 644, 716, 890, 740, 606, 600, 645, 583, 449, 558, 666, 617, 605, 571, 684, 685, 568, 680, 610, 563, 784, 790, 705, 777, 830, 803, 655, 584, 1209, 1241, 815, 1023, 1107, 717, 739, 699, 1116, 1307, 971, 818, 1033, 898, 668, 674, 1431, 1590, 1248, 908, 1538, 1679, 1084, 791, 2603, 3129, 1850, 1440, 2850, 2584, 1430, 1021, 3944, 4966, 2789, 1866, 3600, 2730, 1349, 1427, 3411, 4399, 2797, 1811, 3236, 2592, 1431, 1523, 2246, 2846, 1995, 1482, 2170, 1729, 1219, 1330, 1376, 1577, 1283, 1003, 1081, 865, 1039, 1073, 1042, 1212, 1021, 815, 800, 885, 1105, 913, 958, 1287, 1067, 761, 759, 908, 1019, 762, 973, 1283, 1113, 785, 854, 968, 1083, 800, 840, 1272, 1165, 806, 898, 1098, 991, 591, 1112, 1519, 1220, 804, 932, 1172, 1091, 696, 1038, 1316, 1066, 762, 899, 1074, 919, 678, 819, 1040, 962, 692, 780, 788, 746, 729, 630, 888, 961, 624, 604, 878, 799, 685, 744, 903, 883, 709, 669, 813, 806, 624, 747, 908, 735, 668, 746, 748, 774, 629, 739, 888, 699, 597, 779, 743, 632, 589, 711, 807, 769, 589, 729, 660, 645, 688, 742, 815, 717, 584, 689, 636, 667, 705, 697, 739, 694, 576, 633, 622, 555, 605, 636, 800, 716, 604, 682, 668, 652, 573, 673, 842, 718, 611, 636, 591, 643, 557, 695, 761, 633, 615, 631, 577, 564, 634, 732, 677, 678, 594, 643, 668, 638, 693, 684, 680, 599, 572, 708, 743, 724, 692, 713, 723, 596, 611, 671, 730, 694, 600, 751, 803, 696, 566, 619, 726, 772, 632, 610, 681, 685, 557, 625, 733, 711, 639, 812, 802, 689, 659, 676, 714, 780, 758, 977, 1086, 783, 632, 752, 805, 847, 697, 1048, 967, 888, 736, 766, 877, 894, 939, 1044, 889, 841, 796, 1089, 1266, 960, 893, 1486, 1362, 972, 936, 1193, 1498, 1117, 884, 1662, 1467, 936, 1028, 1233, 1600, 1271, 1087, 1183, 1172, 786, 904, 1120, 1453, 1379, 1093, 929, 977, 869, 864, 886, 1092, 1037, 785, 935, 999, 842, 658, 843, 1030, 899, 687, 810, 888, 825, 693, 839, 1035, 853, 669, 805, 881, 821, 686, 652, 771, 762, 691, 606, 735, 728, 637, 671, 713, 664, 580, 652, 684, 630, 673, 665, 671, 654, 588, 644, 692, 655, 631, 659, 680, 637, 605, 628, 752, 712, 549, 663, 774, 717, 657, 674, 635, 598, 627, 680, 693, 700, 720, 759, 724, 713, 698, 829, 743, 645, 775, 1030, 1100, 1034, 862, 773, 911, 803, 918, 1468, 1304, 1165, 1051, 984, 1191, 1114, 1356, 1375, 1141, 965, 1014, 1019, 1081, 906, 1082, 959, 903, 770, 809, 907, 899, 803, 837, 781, 783, 683, 786, 814, 823, 806, 784, 847, 788, 835, 713, 784, 890, 743, 782, 1313, 930, 1054, 862, 920, 1102, 771, 1208, 1606, 1177, 1086, 1009, 1239, 1359, 836, 1390, 1226, 1082, 831, 873, 1089, 1122, 873, 984, 794, 799, 664, 702, 756, 823, 694, 659, 1130, 826, 728, 820, 932, 1050, 787, 892, 1131, 811, 683, 854, 1039, 1182, 937, 943, 1005, 964, 1168, 948, 899, 1150, 1399, 1443, 1951, 2057, 2471, 1572, 1288, 2274, 3127, 3126, 2991, 2961, 3449, 2377, 1963, 3638, 4683, 4322, 3042, 2530, 3071, 2545, 2296, 3298, 3882, 3616, 2239, 1976, 1984, 1715, 1871, 2460, 2292, 2079, 1886, 1768, 1950, 1570, 1347, 1847, 2021, 2025, 1542, 1837, 1913, 1417, 1069, 1842, 2484, 2184, 1750, 2416, 2580, 1823, 1092, 2168, 2768, 2326, 2298, 2626, 3134, 2268, 1302, 2083, 2542, 2819, 1813, 1858, 2488, 1993, 1222, 1450, 2182, 2364, 1402, 1594, 1812, 1387, 1126, 1623, 1928, 1717, 1087, 1366, 1622, 1351, 1181, 1532, 1982, 1691, 954, 1512, 1561, 1192, 1238, 1685, 2106, 1683, 1217, 1604, 1744, 1294, 1097, 1785, 2275, 1861, 938, 1268, 1345, 1028, 987, 1471, 1710, 1301, 717, 951, 967, 723, 741, 987, 948, 786, 684, 691, 733, 755, 629, 794, 912, 809, 796, 724, 633, 636, 637, 808, 769, 738, 653, 701, 640, 591, 541, 736, 658, 523, 673, 638, 631, 556, 477, 653, 507, 529, 529, 489, 529, 497, 456, 488, 458, 536, 592, 560, 489, 461, 548, 497, 533, 546]"
1.0494695901870728,-0.5457156896591187,-0.335827112197876,-0.09041345119476318,-1.2764767408370972,-0.5402133464813232,-0.6493744850158691,-0.8170799016952515,1.7247676849365234,16.25,-0.3591731786727905,1.4373779296875,17.25,-0.12299573421478271,1.2711524963378906,24.25,0.033788323402404785,1.0431289672851562,-31.25,0.05581820011138916,1.0374069213867188,28.0,"[515, 564, 635, 663, 724, 664, 634, 561, 515, 593, 656, 721, 686, 653, 621, 525, 511, 594, 588, 565, 566, 633, 644, 537, 609, 592, 482, 583, 576, 571, 640, 580, 565, 550, 499, 558, 473, 559, 658, 579, 565, 568, 541, 469, 494, 508, 556, 576, 503, 559, 598, 543, 472, 542, 602, 523, 438, 504, 592, 537, 517, 478, 551, 522, 617, 496, 444, 593, 653, 478, 461, 618, 574, 484, 490, 585, 592, 507, 444, 521, 575, 510, 555, 590, 604, 540, 521, 614, 482, 549, 601, 535, 601, 595, 641, 641, 585, 559, 558, 509, 573, 611, 553, 586, 599, 555, 569, 599, 572, 553, 550, 619, 608, 558, 548, 552, 580, 574, 517, 547, 621, 580, 630, 542, 601, 640, 535, 626, 575, 706, 680, 563, 575, 607, 586, 553, 582, 605, 654, 640, 615, 611, 581, 582, 613, 575, 546, 574, 630, 667, 652, 614, 603, 548, 547, 568, 581, 544, 526, 571, 600, 552, 540, 596, 586, 509, 501, 624, 575, 598, 595, 566, 555, 478, 538, 584, 579, 554, 527, 628, 623, 436, 560, 619, 576, 494, 553, 615, 712, 528, 541, 581, 495, 515, 545, 501, 524, 516, 496, 520, 580, 607, 550, 516, 573, 549, 509, 560, 494, 562, 578, 508, 502, 514, 528, 480, 529, 572, 507, 421, 452, 503, 523, 474, 471, 508, 534, 497, 447, 506, 621, 522, 558, 541, 520, 585, 639, 568, 611, 574, 541, 573, 537, 530, 561, 594, 652, 564, 568, 560, 507, 634, 732, 589, 544, 563, 578, 517, 429, 623, 728, 604, 498, 539, 501, 530, 566, 584, 663, 682, 591, 525, 544, 645, 630, 567, 671, 696, 583, 493, 497, 603, 576, 523, 618, 587, 536, 541, 486, 499, 580, 596, 626, 607, 515, 513, 474, 487, 591, 567, 519, 524, 595, 563, 496, 565, 632, 617, 568, 539, 613, 593, 525, 582, 644, 588, 563, 604, 598, 587, 503, 588, 599, 571, 599, 639, 520, 458, 643, 693, 581, 572, 674, 727, 634, 570, 647, 700, 631, 673, 686, 634, 652, 596, 635, 606, 704, 633, 615, 621, 529, 677, 617, 533, 541, 604, 564, 474, 538, 671, 667, 676, 583, 670, 666, 625, 707, 692, 590, 550, 574, 591, 560, 590, 686, 689, 575, 522, 504, 648, 709, 636, 579, 637, 604, 514, 528, 569, 598, 559, 467, 586, 688, 599, 557, 534, 623, 629, 624, 686, 652, 548, 628, 683, 643, 554, 769, 829, 680, 611, 659, 651, 635, 580, 593, 711, 627, 644, 624, 656, 603, 585, 673, 667, 687, 685, 684, 753, 664, 562, 803, 767, 715, 613, 670, 712, 640, 604, 675, 791, 583, 627, 623, 644, 616, 641, 680, 674, 571, 527, 592, 660, 622, 653, 695, 640, 760, 672, 754, 741, 617, 782, 965, 917, 1992, 1937, 2971, 2419, 1220, 2182, 4732, 4633, 7658, 6305, 10499, 8548, 5202, 7006, 17335, 17808, 13768, 9574, 17527, 14936, 9684, 10733, 29233, 30996, 11437, 7748, 14524, 12684, 8289, 8608, 24347, 25976, 4998, 4341, 7347, 5842, 3640, 4451, 11696, 12134, 1789, 2272, 3358, 2299, 1265, 2147, 4708, 4622, 1434, 1269, 2181, 1921, 1096, 1249, 2890, 2965, 1423, 1287, 2182, 1703, 938, 1299, 2593, 2740, 1147, 1228, 1872, 1534, 885, 1287, 2371, 2451, 1038, 1086, 1448, 1172, 709, 935, 1732, 1729, 761, 736, 821, 707, 507, 615, 955, 986, 686, 627, 661, 691, 575, 535, 593, 694, 710, 640, 616, 705, 626, 586, 639, 658, 617, 617, 591, 650, 577, 689, 705, 604, 541, 471, 574, 601, 530, 576, 653, 629, 572, 558, 649, 613, 667, 666, 637, 623, 787, 721, 762, 858, 780, 646, 706, 761, 897, 597, 838, 1024, 858, 728, 881, 979, 707, 614, 699, 705, 681, 808, 748, 732, 908, 1408, 1930, 1475, 788, 1181, 1180, 1187, 874, 2781, 3438, 2090, 854, 1265, 1642, 1693, 1602, 3840, 3728, 1616, 919, 1542, 2479, 1646, 1603, 3196, 2831, 1090, 1001, 1627, 2184, 1193, 999, 990, 879, 838, 844, 1100, 979, 824, 988, 1594, 1720, 1179, 884, 1535, 1831, 1323, 980, 1283, 1401, 1332, 1192, 1173, 1458, 1347, 868, 956, 1112, 1150, 1108, 1040, 1211, 1241, 923, 924, 1298, 1188, 839, 1105, 1266, 1030, 1178, 1009, 1333, 1347, 943, 991, 1152, 1178, 1131, 911, 1162, 1212, 826, 867, 1158, 1309, 804, 803, 901, 805, 690, 718, 960, 966, 647, 695, 907, 972, 769, 562, 785, 823, 876, 750, 810, 883, 776, 594, 798, 1016, 856, 846, 820, 810, 775, 849, 910, 915, 677, 728, 715, 674, 661, 670, 723, 710, 759, 717, 803, 636, 593, 704, 826, 911, 885, 700, 828, 641, 762, 821, 860, 1120, 877, 625, 689, 597, 721, 725, 787, 1001, 725, 637, 565, 572, 803, 922, 774, 754, 708, 590, 652, 741, 724, 779, 700, 628, 578, 596, 675, 718, 621, 632, 681, 666, 594, 498, 539, 615, 595, 589, 591, 640, 648, 491, 556, 606, 525, 469, 505, 711, 717, 580, 636, 668, 544, 514, 550, 697, 696, 686, 694, 719, 710, 617, 512, 636, 825, 719, 888, 1033, 935, 716, 874, 964, 1171, 797, 1343, 1684, 1261, 825, 2030, 2221, 1324, 1098, 1522, 2167, 1528, 1025, 2570, 2580, 1228, 966, 1104, 1703, 1183, 885, 1663, 1576, 898, 827, 771, 1194, 1071, 736, 979, 883, 674, 841, 684, 927, 1000, 794, 845, 727, 765, 921, 702, 791, 946, 861, 976, 901, 846, 726, 793, 838, 946, 847, 1152, 1277, 727, 621, 800, 840, 822, 600, 1026, 1153, 659, 625, 749, 713, 639, 637, 804, 748, 716, 645, 764, 797, 580, 649, 877, 831, 781, 605, 677, 884, 782, 662, 916, 974, 776, 624, 690, 821, 808, 633, 880, 1042, 688, 515, 668, 680, 622, 519, 699, 865, 613, 676, 679, 625, 630, 622, 793, 765, 723, 719, 804, 733, 641, 640, 991, 1114, 815, 636, 803, 836, 639, 517, 930, 1089, 702, 544, 763, 802, 609, 544, 836, 993, 672, 538, 723, 736, 552, 600, 721, 807, 546, 559, 646, 649, 518, 574, 682, 690, 519, 594, 659, 561, 455, 496, 571, 609, 415, 519, 523, 478, 436, 440, 591, 587, 429, 486, 531, 572, 453, 446, 616, 563, 455, 570, 569, 531, 494, 576, 518, 506, 599, 573, 462, 522, 525, 641, 537, 481]"
1.0904529094696045,-0.5899060964584351,-0.5873391628265381,-0.04241812229156494,-1.154270887374878,-0.8133400082588196,-0.5281174182891846,-1.156392216682434,1.6779899597167969,25.0,-1.156392216682434,1.6937255859375,18.75,-0.2733374834060669,1.2987613677978516,23.75,-0.2149726152420044,1.2469768524169922,25.25,-0.13443481922149658,1.2140750885009766,22.75,"[594, 621, 513, 512, 643, 509, 515, 617, 529, 557, 507, 473, 588, 561, 420, 532, 482, 473, 523, 544, 507, 494, 482, 518, 478, 467, 471, 506, 539, 459, 450, 497, 549, 509, 389, 488, 532, 483, 498, 470, 549, 508, 510, 505, 546, 571, 553, 479, 526, 594, 529, 472, 541, 690, 574, 458, 618, 658, 520, 482, 551, 686, 622, 499, 574, 532, 484, 513, 516, 508, 487, 532, 635, 620, 530, 533, 577, 565, 516, 534, 675, 626, 543, 606, 640, 528, 464, 581, 585, 516, 595, 657, 562, 517, 546, 587, 612, 505, 498, 650, 608, 552, 613, 605, 606, 607, 638, 542, 533, 586, 580, 543, 573, 584, 563, 499, 517, 607, 697, 614, 521, 506, 521, 510, 510, 501, 528, 505, 442, 566, 570, 501, 523, 584, 584, 513, 482, 510, 558, 523, 556, 622, 637, 521, 533, 544, 543, 526, 517, 578, 643, 544, 572, 551, 482, 549, 603, 641, 590, 477, 599, 545, 528, 655, 606, 538, 552, 528, 621, 568, 594, 636, 586, 581, 610, 564, 624, 559, 641, 656, 503, 580, 652, 613, 593, 564, 573, 618, 563, 504, 573, 615, 530, 491, 506, 550, 632, 557, 449, 531, 528, 655, 578, 470, 649, 658, 484, 429, 556, 600, 486, 444, 551, 579, 536, 512, 592, 549, 472, 522, 518, 556, 522, 532, 547, 488, 524, 530, 629, 570, 520, 601, 599, 566, 551, 629, 676, 621, 546, 585, 483, 555, 542, 577, 519, 542, 631, 552, 567, 611, 597, 540, 471, 533, 613, 524, 513, 546, 626, 607, 556, 519, 575, 534, 503, 530, 573, 591, 494, 594, 697, 622, 611, 539, 505, 515, 475, 472, 452, 480, 491, 448, 493, 504, 372, 413, 442, 448, 504, 498, 581, 558, 493, 504, 566, 578, 623, 577, 617, 598, 611, 630, 627, 636, 676, 614, 608, 537, 585, 630, 660, 712, 596, 636, 640, 533, 580, 636, 657, 678, 524, 585, 590, 503, 597, 642, 553, 495, 571, 636, 609, 522, 594, 636, 580, 552, 591, 636, 649, 553, 565, 591, 596, 644, 614, 669, 681, 640, 589, 567, 596, 632, 538, 552, 534, 578, 579, 557, 672, 590, 522, 575, 507, 623, 635, 577, 638, 591, 459, 612, 671, 646, 600, 572, 617, 609, 601, 576, 659, 728, 656, 595, 634, 648, 638, 671, 857, 949, 676, 625, 932, 843, 759, 696, 780, 864, 712, 678, 944, 867, 751, 643, 684, 645, 692, 682, 728, 757, 678, 502, 630, 832, 806, 625, 904, 928, 791, 546, 761, 1006, 823, 615, 1181, 1225, 669, 621, 744, 901, 736, 781, 1170, 1077, 707, 505, 647, 744, 765, 820, 1133, 1055, 798, 826, 1066, 1128, 915, 1092, 1928, 1826, 1728, 1159, 1906, 2037, 1447, 1530, 3873, 3975, 3213, 1846, 3303, 3120, 2135, 2334, 6592, 7100, 5515, 3010, 6263, 5083, 3532, 3483, 10635, 11785, 7185, 3560, 7975, 6341, 4596, 3466, 12162, 14274, 8420, 4059, 9458, 7179, 4953, 3288, 12869, 15793, 6979, 3715, 8383, 6409, 4198, 2955, 11024, 13314, 3235, 1836, 3787, 3173, 2072, 1815, 5212, 6044, 1343, 934, 1440, 1530, 998, 960, 1824, 2069, 1115, 1200, 1707, 1352, 783, 1054, 1898, 1971, 785, 1101, 1388, 1011, 701, 1020, 1576, 1586, 563, 724, 914, 698, 601, 756, 1005, 1003, 708, 648, 750, 707, 544, 573, 832, 914, 648, 621, 680, 684, 566, 544, 663, 745, 648, 562, 616, 706, 618, 591, 687, 653, 650, 678, 617, 516, 535, 593, 610, 651, 653, 701, 656, 598, 594, 570, 622, 684, 668, 615, 685, 617, 592, 575, 646, 684, 624, 601, 635, 651, 646, 566, 629, 627, 659, 594, 573, 702, 699, 598, 538, 615, 612, 660, 820, 842, 709, 643, 730, 655, 995, 1538, 1597, 1109, 874, 1001, 1187, 874, 1711, 3753, 3995, 2211, 1280, 1939, 2401, 1692, 2019, 5150, 5876, 3293, 1384, 2557, 3364, 2529, 1710, 3852, 4513, 2696, 1285, 2229, 2556, 2013, 1467, 1581, 2247, 2013, 1160, 1241, 1489, 1578, 1502, 1542, 1901, 2018, 1437, 1102, 1069, 1435, 1503, 1691, 1526, 1471, 1383, 1475, 1168, 1258, 1366, 1494, 1396, 1153, 1210, 1217, 1064, 1147, 942, 1340, 1408, 1136, 1053, 1039, 1189, 957, 654, 1041, 1199, 994, 700, 1005, 1295, 1003, 758, 744, 781, 797, 837, 843, 936, 963, 891, 987, 996, 734, 990, 1141, 926, 807, 788, 957, 1014, 666, 825, 1102, 1002, 789, 701, 713, 724, 724, 707, 698, 666, 648, 731, 719, 630, 752, 807, 714, 664, 720, 657, 793, 892, 765, 738, 732, 861, 907, 761, 800, 839, 770, 699, 788, 867, 821, 952, 807, 729, 698, 847, 850, 912, 1081, 740, 729, 715, 766, 712, 547, 794, 836, 704, 920, 777, 725, 696, 719, 871, 688, 795, 897, 843, 733, 804, 766, 737, 677, 728, 793, 660, 681, 792, 673, 574, 658, 608, 779, 704, 589, 719, 696, 585, 528, 570, 681, 726, 651, 677, 652, 580, 490, 561, 672, 695, 631, 687, 660, 536, 549, 705, 602, 617, 593, 686, 628, 573, 728, 848, 645, 667, 825, 751, 605, 641, 846, 865, 633, 630, 895, 825, 575, 703, 882, 837, 732, 836, 907, 845, 631, 964, 1080, 881, 764, 930, 862, 771, 711, 1143, 1344, 831, 656, 772, 728, 758, 675, 1006, 1210, 736, 752, 829, 749, 743, 702, 897, 977, 714, 857, 852, 749, 716, 681, 909, 898, 757, 619, 683, 691, 640, 580, 818, 930, 626, 622, 685, 674, 652, 604, 692, 724, 570, 591, 660, 633, 609, 664, 627, 595, 504, 580, 672, 580, 579, 609, 650, 579, 555, 593, 561, 628, 595, 636, 684, 658, 661, 780, 717, 638, 621, 799, 823, 659, 700, 890, 851, 720, 711, 864, 869, 693, 663, 799, 773, 663, 705, 747, 770, 637, 666, 715, 828, 705, 561, 701, 779, 719, 610, 715, 937, 716, 477, 654, 909, 922, 515, 822, 957, 761, 579, 754, 1083, 940, 513, 676, 778, 707, 540, 643, 778, 586, 491, 588, 655, 562, 553, 593, 548, 458, 433, 555, 577, 547, 491, 520, 541, 520, 490, 448, 426, 489, 478, 446, 569, 585, 560, 358, 354, 518, 519, 427, 421, 569, 504, 455, 500, 612, 585, 496, 565, 556, 490, 472, 526, 552, 611, 518, 471, 545, 462, 415, 464, 501, 443, 456, 406, 414]"
1.0841562747955322,-0.5674234628677368,-0.6790379881858826,-0.057242341339588165,-0.9040896892547607,-0.7836054563522339,-0.41962745785713196,-0.30723679065704346,1.3223648071289062,21.5,0.12434852123260498,0.9504318237304688,21.5,0.3815544843673706,0.5331516265869141,18.75,0.389851450920105,0.5167007446289062,17.75,0.4426373243331909,0.3955364227294922,19.5,"[476, 607, 620, 662, 754, 661, 620, 610, 475, 550, 612, 742, 708, 630, 635, 580, 561, 641, 627, 584, 559, 648, 632, 520, 557, 549, 485, 575, 633, 549, 505, 519, 596, 524, 454, 517, 579, 536, 479, 532, 566, 498, 571, 651, 508, 515, 537, 515, 513, 574, 544, 525, 481, 521, 520, 510, 490, 558, 563, 579, 525, 548, 532, 453, 500, 525, 498, 500, 531, 522, 458, 465, 581, 536, 518, 516, 535, 517, 482, 524, 624, 600, 531, 519, 564, 609, 537, 510, 582, 513, 566, 536, 495, 551, 540, 531, 531, 469, 421, 453, 488, 528, 511, 538, 583, 577, 496, 528, 566, 553, 552, 532, 608, 666, 519, 476, 541, 535, 557, 544, 650, 627, 575, 550, 564, 540, 653, 703, 515, 541, 480, 544, 568, 498, 591, 567, 499, 574, 548, 539, 506, 503, 650, 602, 568, 493, 505, 540, 567, 534, 534, 590, 561, 529, 582, 551, 526, 525, 502, 561, 594, 549, 537, 547, 525, 507, 466, 515, 645, 547, 548, 712, 594, 490, 569, 638, 575, 552, 522, 608, 523, 493, 550, 557, 559, 538, 543, 602, 560, 450, 529, 594, 545, 518, 602, 604, 592, 489, 597, 680, 611, 559, 576, 602, 623, 595, 540, 621, 542, 521, 608, 536, 525, 557, 628, 602, 554, 535, 549, 561, 501, 535, 503, 505, 586, 493, 534, 555, 546, 524, 540, 574, 616, 591, 603, 610, 666, 647, 657, 690, 581, 553, 539, 536, 588, 516, 562, 683, 707, 638, 598, 650, 568, 544, 625, 660, 550, 530, 574, 583, 513, 529, 462, 463, 546, 612, 635, 614, 545, 596, 536, 524, 474, 622, 679, 602, 535, 593, 653, 504, 507, 529, 592, 625, 560, 532, 584, 487, 521, 532, 533, 592, 545, 501, 565, 537, 541, 587, 545, 635, 665, 574, 541, 541, 590, 582, 540, 515, 562, 546, 538, 549, 611, 537, 512, 528, 536, 597, 552, 609, 513, 470, 566, 521, 518, 544, 440, 450, 597, 554, 517, 568, 630, 657, 558, 562, 565, 581, 472, 535, 604, 549, 577, 585, 507, 495, 520, 552, 634, 556, 528, 530, 518, 391, 505, 577, 544, 499, 518, 612, 588, 455, 641, 694, 544, 489, 624, 723, 732, 591, 791, 937, 855, 680, 1103, 1137, 930, 546, 818, 1124, 1064, 817, 1351, 1437, 737, 487, 738, 973, 773, 721, 1084, 1031, 771, 530, 778, 858, 733, 823, 1073, 1019, 811, 676, 886, 929, 748, 774, 1188, 1188, 830, 667, 714, 863, 734, 622, 951, 1026, 688, 603, 660, 749, 616, 581, 755, 755, 1704, 1488, 2312, 2332, 1307, 1742, 3996, 3990, 4357, 3116, 5525, 5509, 3375, 3874, 10354, 10577, 4816, 3153, 5625, 6155, 3979, 4021, 11114, 11448, 3639, 2738, 4420, 4287, 2929, 3144, 7665, 7936, 4423, 3405, 5680, 4022, 3009, 3492, 9246, 9825, 4364, 2947, 5227, 3671, 2887, 2838, 7834, 8731, 3105, 1900, 3473, 2708, 2080, 1851, 4626, 5416, 1442, 966, 1570, 1340, 1139, 1020, 1873, 2238, 843, 656, 788, 837, 759, 730, 1119, 1192, 998, 761, 1192, 1097, 830, 743, 1556, 1761, 1043, 1067, 1506, 1117, 800, 916, 1807, 1942, 869, 882, 1180, 958, 742, 793, 1317, 1450, 693, 893, 974, 754, 763, 823, 1145, 1122, 595, 767, 854, 770, 640, 729, 880, 876, 624, 536, 636, 713, 639, 631, 665, 665, 654, 558, 625, 694, 614, 591, 692, 716, 599, 606, 631, 697, 626, 535, 666, 685, 583, 604, 588, 667, 637, 570, 619, 549, 644, 659, 621, 600, 616, 652, 617, 591, 561, 579, 598, 633, 606, 583, 581, 568, 652, 644, 640, 613, 635, 614, 544, 670, 575, 624, 699, 732, 641, 681, 836, 696, 940, 1325, 1414, 1195, 864, 1476, 1544, 841, 1778, 2665, 2662, 1803, 1110, 2287, 2434, 1299, 1863, 2952, 2988, 2008, 1024, 2126, 2303, 1578, 1197, 1813, 2021, 1497, 825, 1142, 1316, 1245, 1536, 1220, 966, 1105, 1169, 1188, 1044, 1264, 2323, 2063, 1594, 1828, 1851, 1652, 1298, 1832, 1760, 2049, 1888, 1867, 1735, 1446, 1321, 1506, 1190, 1675, 1550, 1391, 1207, 1160, 1107, 1097, 1048, 1377, 1393, 1045, 992, 1383, 1474, 1130, 1025, 1570, 1558, 1029, 716, 1421, 1883, 1384, 1312, 1595, 1240, 990, 874, 1227, 1461, 1178, 1306, 1287, 1078, 1133, 980, 701, 761, 1061, 1071, 1101, 1124, 1053, 829, 646, 760, 920, 753, 779, 1023, 889, 711, 718, 805, 766, 738, 700, 807, 812, 657, 698, 886, 871, 732, 906, 962, 771, 640, 740, 1155, 1159, 653, 1156, 1378, 948, 607, 933, 1441, 1288, 744, 864, 962, 788, 731, 884, 1043, 1005, 899, 775, 702, 682, 706, 853, 998, 1050, 738, 700, 820, 875, 698, 711, 977, 964, 613, 694, 707, 696, 562, 690, 854, 762, 656, 657, 685, 710, 672, 798, 932, 787, 618, 585, 770, 849, 734, 745, 886, 840, 651, 733, 924, 931, 785, 808, 836, 838, 679, 600, 724, 731, 704, 674, 696, 821, 572, 527, 554, 512, 694, 644, 564, 596, 666, 613, 785, 843, 735, 760, 905, 895, 839, 731, 937, 1008, 850, 726, 1126, 1237, 950, 647, 939, 990, 829, 658, 1095, 1393, 1265, 623, 1168, 1169, 837, 627, 1420, 1881, 1150, 696, 877, 1093, 983, 695, 1062, 1447, 717, 620, 580, 789, 826, 637, 641, 719, 612, 633, 609, 675, 682, 622, 612, 581, 774, 673, 616, 634, 543, 616, 589, 678, 750, 678, 582, 616, 575, 570, 508, 582, 653, 648, 618, 569, 616, 620, 627, 679, 670, 575, 560, 486, 510, 609, 654, 717, 747, 674, 616, 642, 581, 570, 699, 774, 714, 676, 722, 743, 600, 551, 789, 823, 618, 703, 833, 766, 599, 679, 750, 600, 726, 920, 895, 737, 582, 712, 886, 800, 868, 731, 895, 809, 579, 637, 842, 1079, 904, 686, 858, 739, 650, 708, 769, 964, 771, 750, 788, 685, 642, 710, 837, 878, 714, 652, 812, 661, 539, 631, 817, 847, 704, 593, 733, 753, 638, 518, 586, 716, 676, 557, 588, 596, 583, 568, 659, 706, 543, 508, 497, 457, 590, 522, 538, 586, 447, 522, 513, 451, 435, 554, 644, 534, 609, 601, 586, 608, 555, 720, 721, 590, 781, 681, 612, 649, 602, 760, 663, 599, 591, 565, 448, 500, 480, 558, 557, 453, 507, 499, 522, 535, 411, 511, 575, 472]"
1.1075966358184814,-0.6966122984886169,-0.7637492418289185,-0.02458777278661728,-0.9471492767333984,-0.782937228679657,-0.3274872899055481,-0.24196243286132812,1.3555526733398438,22.5,-0.15741920471191406,1.3082027435302734,28.0,-0.148406982421875,1.2851715087890625,16.25,-0.03210639953613281,1.1479854583740234,30.5,0.056728363037109375,1.073312759399414,-28.5,"[502, 603, 642, 631, 557, 627, 640, 604, 524, 656, 633, 551, 572, 641, 685, 589, 485, 569, 555, 442, 511, 662, 640, 538, 501, 585, 622, 526, 536, 608, 593, 485, 458, 514, 520, 490, 481, 490, 544, 495, 466, 505, 471, 421, 470, 538, 543, 446, 496, 482, 466, 478, 503, 485, 508, 519, 574, 525, 573, 582, 589, 563, 608, 621, 494, 416, 488, 533, 531, 444, 457, 546, 560, 453, 559, 616, 589, 422, 517, 638, 613, 609, 523, 557, 650, 561, 408, 542, 629, 640, 584, 586, 666, 619, 482, 576, 523, 523, 602, 510, 529, 544, 551, 536, 557, 554, 529, 553, 563, 496, 391, 462, 504, 594, 576, 522, 523, 598, 547, 510, 537, 487, 554, 568, 540, 569, 600, 593, 465, 411, 455, 498, 526, 555, 580, 537, 551, 492, 581, 506, 514, 624, 593, 567, 527, 569, 585, 490, 546, 682, 597, 509, 543, 505, 540, 547, 510, 517, 548, 562, 567, 503, 539, 601, 476, 433, 444, 498, 576, 552, 511, 637, 642, 537, 453, 508, 648, 628, 551, 639, 659, 589, 532, 516, 604, 564, 533, 634, 692, 573, 464, 542, 507, 545, 569, 531, 551, 507, 465, 518, 534, 613, 581, 599, 583, 491, 492, 547, 660, 644, 615, 578, 551, 658, 670, 646, 623, 538, 511, 570, 538, 578, 501, 557, 633, 521, 560, 565, 636, 658, 524, 596, 564, 516, 506, 556, 548, 508, 574, 573, 601, 613, 549, 559, 525, 557, 647, 662, 528, 497, 501, 583, 625, 585, 550, 517, 514, 549, 458, 470, 619, 559, 480, 462, 507, 470, 450, 521, 588, 448, 460, 526, 493, 476, 465, 450, 470, 511, 522, 478, 545, 502, 565, 550, 518, 479, 486, 528, 527, 556, 515, 584, 609, 552, 486, 430, 597, 659, 590, 550, 589, 606, 528, 467, 602, 699, 660, 532, 536, 558, 579, 568, 529, 544, 607, 554, 534, 540, 549, 510, 625, 563, 629, 593, 537, 527, 556, 599, 656, 608, 560, 639, 603, 535, 528, 616, 695, 669, 651, 610, 618, 647, 748, 788, 902, 745, 853, 961, 833, 800, 1339, 1382, 936, 667, 987, 1290, 1032, 788, 1747, 1789, 736, 656, 900, 1150, 853, 663, 1317, 1327, 756, 604, 718, 869, 715, 707, 1028, 1042, 761, 610, 624, 769, 698, 831, 1097, 1012, 758, 566, 767, 985, 760, 749, 1105, 1101, 1041, 744, 1073, 1262, 851, 661, 1107, 1338, 1194, 1009, 1516, 1456, 828, 1021, 2273, 2385, 1860, 1322, 2205, 2384, 1481, 1622, 4159, 4244, 2380, 2686, 3768, 3679, 2010, 3084, 6789, 6341, 8700, 9998, 13920, 10393, 6105, 10757, 23027, 22066, 20424, 18880, 29121, 22398, 14075, 20185, 47542, 48154, 20912, 15052, 25921, 22173, 15103, 16428, 43170, 45791, 11276, 6945, 13652, 11776, 8417, 7338, 22237, 24387, 3869, 3637, 6293, 4640, 2697, 3367, 8969, 9384, 1011, 1038, 1314, 1199, 795, 951, 1584, 1590, 833, 1035, 1258, 973, 736, 870, 1142, 1162, 811, 934, 904, 687, 704, 780, 885, 947, 691, 733, 803, 676, 657, 739, 835, 846, 663, 660, 798, 685, 665, 644, 726, 757, 633, 705, 758, 724, 592, 575, 677, 732, 657, 651, 824, 773, 515, 470, 769, 878, 687, 698, 751, 740, 620, 593, 711, 732, 635, 613, 677, 706, 664, 578, 620, 679, 503, 516, 602, 648, 637, 523, 578, 610, 542, 598, 655, 648, 586, 550, 665, 656, 568, 622, 732, 754, 617, 597, 616, 560, 596, 504, 669, 754, 578, 516, 664, 704, 734, 661, 1044, 1110, 769, 623, 752, 866, 790, 647, 992, 1092, 790, 613, 828, 908, 810, 688, 780, 906, 741, 601, 739, 753, 1241, 2728, 3006, 1948, 1110, 1243, 1733, 1470, 3966, 8479, 8509, 4573, 2161, 3247, 4845, 3313, 4938, 9332, 9020, 4749, 2362, 3638, 5060, 3405, 3040, 4595, 4222, 2651, 1600, 2162, 2562, 1940, 2004, 2213, 2069, 1847, 1678, 1773, 1780, 1596, 1214, 1754, 1740, 1383, 1325, 1332, 1501, 1354, 1252, 1636, 1339, 1085, 1322, 1285, 1159, 1050, 1472, 1976, 1710, 1394, 1321, 1338, 1373, 1246, 878, 1089, 1461, 1221, 861, 923, 1136, 988, 865, 1949, 1995, 1139, 725, 1596, 2088, 1306, 955, 2225, 2203, 1191, 729, 1516, 2053, 1356, 1039, 1564, 1499, 1008, 987, 1160, 1352, 1046, 885, 1160, 1064, 818, 899, 911, 971, 873, 670, 941, 1045, 852, 677, 740, 926, 790, 636, 1032, 1096, 780, 667, 756, 771, 657, 680, 1037, 1063, 665, 606, 729, 814, 723, 691, 925, 1022, 831, 651, 702, 793, 873, 658, 854, 944, 857, 725, 775, 918, 839, 871, 797, 850, 726, 681, 674, 1007, 1116, 821, 741, 930, 860, 631, 639, 1004, 1155, 668, 705, 784, 797, 656, 605, 848, 911, 572, 656, 741, 745, 655, 554, 708, 746, 610, 633, 673, 725, 593, 557, 686, 751, 753, 784, 969, 951, 768, 670, 780, 796, 794, 888, 1032, 928, 798, 830, 795, 761, 810, 741, 806, 761, 729, 702, 685, 878, 652, 717, 731, 724, 632, 618, 675, 692, 729, 734, 792, 779, 661, 647, 872, 875, 667, 687, 802, 859, 773, 713, 939, 971, 863, 777, 850, 858, 716, 839, 1084, 1130, 1201, 743, 1177, 1183, 871, 690, 1671, 1943, 1375, 706, 1372, 1357, 980, 739, 1800, 2174, 920, 696, 1054, 1111, 793, 697, 1212, 1302, 731, 745, 849, 776, 733, 795, 918, 868, 757, 666, 589, 645, 680, 704, 745, 737, 1031, 708, 663, 905, 916, 757, 1009, 1235, 1041, 753, 920, 1032, 840, 694, 1055, 1320, 653, 734, 823, 771, 629, 686, 808, 807, 716, 686, 721, 713, 753, 747, 837, 882, 761, 634, 686, 776, 686, 780, 850, 863, 654, 655, 678, 688, 557, 858, 1076, 836, 570, 717, 731, 706, 564, 856, 1146, 849, 799, 690, 801, 826, 666, 758, 855, 841, 804, 742, 842, 802, 704, 727, 746, 909, 688, 737, 928, 825, 653, 668, 783, 811, 857, 805, 1262, 1007, 676, 793, 1147, 1250, 795, 623, 923, 853, 710, 765, 1059, 1114, 643, 589, 661, 669, 576, 572, 789, 825, 570, 497, 538, 613, 562, 570, 533, 567, 596, 544, 586, 597, 562, 553, 616, 666, 602, 530, 599, 560, 481, 533, 612, 647, 442, 468, 653, 563, 435, 539, 564, 602, 478, 498, 558, 505, 407, 498, 565, 545, 493, 474, 448, 501, 430, 435, 497, 523]"
1.0560522079467773,-0.9020774364471436,-0.584595799446106,-0.1719452142715454,-1.1234298944473267,-0.4206687808036804,-0.4655429422855377,0.08153069019317627,1.0143756866455078,-28.5,0.10499107837677002,0.9246826171875,16.75,0.1235877275466919,1.0040760040283203,29.25,0.15019524097442627,0.9624481201171875,28.75,0.19096481800079346,0.8923530578613281,-27.75,"[566, 618, 736, 640, 583, 640, 744, 614, 537, 582, 623, 601, 599, 668, 678, 560, 560, 606, 590, 547, 527, 635, 607, 509, 545, 558, 499, 472, 518, 568, 574, 552, 527, 504, 526, 534, 536, 537, 538, 504, 556, 549, 445, 517, 611, 536, 516, 505, 609, 452, 479, 570, 598, 513, 507, 581, 536, 444, 495, 587, 625, 553, 522, 619, 522, 461, 545, 574, 580, 599, 580, 531, 542, 536, 629, 624, 564, 574, 622, 611, 465, 455, 522, 566, 480, 470, 561, 534, 480, 460, 566, 556, 559, 549, 483, 518, 608, 495, 562, 550, 622, 663, 498, 591, 573, 503, 533, 516, 505, 607, 589, 568, 611, 521, 530, 616, 567, 522, 599, 622, 505, 490, 546, 627, 562, 498, 478, 527, 518, 517, 530, 517, 476, 476, 549, 545, 595, 524, 586, 589, 491, 576, 654, 641, 482, 527, 592, 550, 514, 555, 613, 532, 510, 601, 669, 635, 594, 625, 577, 481, 529, 525, 585, 616, 567, 524, 561, 585, 579, 611, 565, 512, 494, 520, 573, 582, 501, 544, 558, 573, 504, 479, 470, 542, 631, 626, 613, 654, 640, 529, 591, 549, 572, 616, 551, 526, 545, 535, 539, 565, 648, 615, 600, 635, 549, 526, 562, 592, 664, 583, 549, 638, 604, 536, 553, 655, 543, 487, 506, 617, 605, 502, 534, 569, 634, 593, 499, 539, 599, 581, 483, 512, 580, 592, 544, 546, 567, 575, 549, 533, 465, 512, 586, 537, 462, 559, 551, 478, 450, 538, 549, 444, 427, 500, 510, 447, 506, 521, 452, 433, 461, 485, 517, 492, 550, 623, 504, 521, 555, 536, 564, 500, 584, 565, 574, 541, 526, 574, 612, 588, 653, 647, 532, 522, 599, 634, 614, 587, 531, 616, 474, 486, 597, 569, 583, 442, 506, 541, 556, 639, 562, 572, 687, 607, 528, 473, 517, 662, 663, 660, 600, 583, 553, 549, 597, 567, 565, 642, 604, 526, 549, 588, 590, 604, 559, 727, 769, 624, 644, 679, 896, 890, 690, 887, 1242, 1083, 727, 737, 903, 931, 798, 820, 1007, 905, 600, 565, 767, 766, 616, 548, 629, 686, 686, 729, 964, 766, 590, 752, 954, 979, 936, 891, 1185, 1196, 668, 1127, 1626, 1530, 1396, 1204, 1698, 1551, 821, 1273, 2112, 2227, 1301, 1123, 1569, 1392, 847, 1274, 1856, 1961, 1912, 1751, 2821, 2903, 1681, 2119, 4932, 4798, 2137, 2438, 3138, 3142, 1959, 2637, 5645, 5345, 8847, 14456, 17614, 10063, 5156, 14142, 26654, 23785, 24690, 37729, 51908, 32217, 14544, 35720, 73305, 68903, 25945, 38897, 56677, 37727, 16219, 36030, 76551, 73297, 11939, 18144, 26972, 19509, 8588, 17116, 35837, 33998, 3709, 5601, 7430, 5661, 2765, 5763, 10693, 9538, 1534, 1928, 1956, 1722, 1112, 2057, 3033, 2499, 982, 1121, 1191, 1089, 732, 1090, 1639, 1490, 803, 781, 905, 789, 596, 728, 928, 995, 854, 880, 935, 817, 657, 754, 966, 1047, 687, 858, 841, 744, 664, 827, 1052, 954, 728, 1392, 1366, 865, 655, 1070, 1726, 1382, 803, 1920, 1967, 1138, 698, 1575, 2423, 1823, 778, 1448, 1521, 1008, 628, 1178, 1765, 1407, 695, 909, 972, 723, 584, 716, 1016, 908, 586, 692, 802, 687, 563, 648, 764, 742, 616, 710, 650, 559, 603, 734, 720, 619, 599, 671, 668, 536, 537, 681, 651, 615, 609, 671, 743, 613, 538, 625, 679, 658, 565, 692, 801, 735, 592, 673, 715, 667, 593, 718, 788, 790, 628, 593, 655, 657, 647, 849, 820, 650, 568, 697, 650, 614, 1016, 1331, 1397, 1085, 763, 1134, 1195, 894, 2317, 3505, 3920, 3018, 1717, 2521, 2718, 2093, 3117, 5786, 6850, 4715, 2326, 3397, 3686, 3075, 3019, 6746, 7663, 4661, 1851, 3115, 3894, 3116, 2743, 5109, 5268, 3415, 1875, 2455, 2987, 2525, 1945, 2607, 3178, 2711, 1371, 1540, 1861, 2024, 1563, 2053, 2498, 1751, 907, 1459, 1544, 1374, 1500, 2254, 2261, 1359, 899, 1339, 1401, 1020, 1834, 3063, 2696, 1510, 1098, 1663, 1863, 1174, 1650, 2183, 1973, 1329, 1145, 1326, 1457, 1215, 1054, 1225, 1366, 1107, 949, 916, 1081, 1152, 1044, 1167, 1290, 972, 896, 1190, 1314, 1138, 1202, 1308, 1228, 1078, 1033, 1217, 1415, 1141, 998, 1061, 1165, 1107, 920, 962, 1144, 1010, 819, 924, 989, 991, 927, 905, 1021, 1018, 801, 863, 913, 819, 698, 803, 1046, 1018, 845, 729, 791, 799, 570, 627, 968, 1005, 706, 568, 735, 677, 535, 687, 734, 762, 633, 599, 675, 537, 511, 694, 684, 665, 700, 697, 758, 676, 541, 808, 835, 687, 729, 759, 820, 771, 724, 892, 971, 806, 749, 780, 789, 711, 751, 865, 787, 815, 751, 664, 712, 708, 739, 732, 757, 856, 781, 713, 734, 808, 761, 621, 885, 1005, 628, 657, 811, 795, 636, 627, 745, 761, 575, 633, 735, 658, 521, 566, 623, 585, 687, 781, 822, 649, 537, 618, 736, 725, 782, 719, 611, 679, 685, 638, 701, 775, 710, 641, 669, 747, 600, 699, 661, 553, 648, 636, 781, 745, 704, 836, 819, 636, 668, 658, 650, 626, 716, 812, 764, 600, 607, 599, 630, 633, 608, 651, 824, 783, 986, 848, 1237, 1007, 751, 859, 1576, 1689, 1432, 914, 1474, 1241, 959, 891, 1690, 2091, 1141, 819, 1153, 1078, 934, 880, 1336, 1604, 687, 723, 763, 615, 657, 796, 1022, 1014, 666, 661, 577, 707, 761, 751, 713, 686, 653, 606, 668, 742, 714, 716, 647, 638, 672, 699, 839, 806, 665, 718, 755, 705, 902, 679, 690, 848, 875, 689, 889, 1021, 1129, 645, 859, 1155, 1003, 745, 1398, 1603, 1093, 638, 962, 1121, 865, 723, 1643, 1821, 862, 669, 899, 1001, 762, 640, 1087, 1182, 784, 698, 935, 845, 682, 729, 819, 920, 1036, 802, 935, 900, 847, 748, 932, 1310, 920, 886, 849, 775, 888, 816, 853, 999, 784, 859, 804, 766, 676, 736, 695, 699, 680, 590, 666, 688, 598, 709, 782, 780, 535, 506, 544, 543, 532, 604, 615, 634, 584, 505, 595, 542, 483, 563, 592, 695, 573, 575, 592, 550, 520, 531, 520, 553, 637, 698, 651, 540, 515, 551, 610, 697, 558, 651, 627, 507, 480, 539, 570, 590, 475, 473, 473, 424, 362, 450, 480, 439, 455, 484, 485, 527, 492, 508, 560, 457, 471, 482, 520, 589, 493, 404, 510, 505, 508, 492, 566, 594, 536, 499, 569, 553]"
1.029106855392456,-1.0915120840072632,-0.6088374257087708,-0.24720944464206696,-1.2505831718444824,-0.4076358377933502,-0.5240033864974976,-0.9626367688179016,1.5413761138916016,16.75,-0.2885797619819641,1.1163711547851562,15.0,-0.22420674562454224,2.8714656829833984,16.0,0.4039308428764343,1.9286155700683594,17.25,1.267387568950653,1.9217491149902344,17.75,"[652, 598, 582, 589, 527, 592, 584, 596, 609, 612, 637, 588, 512, 687, 721, 637, 591, 584, 606, 585, 600, 631, 666, 662, 615, 574, 506, 521, 478, 438, 507, 574, 506, 496, 412, 442, 425, 408, 452, 484, 550, 532, 469, 567, 522, 438, 502, 541, 608, 586, 565, 560, 540, 629, 558, 501, 531, 555, 557, 514, 478, 481, 485, 490, 478, 528, 531, 512, 469, 489, 480, 475, 522, 588, 591, 522, 499, 519, 552, 551, 547, 542, 608, 540, 530, 565, 575, 566, 473, 550, 607, 465, 535, 597, 539, 565, 558, 586, 607, 508, 513, 511, 489, 551, 616, 611, 536, 570, 590, 561, 530, 554, 499, 480, 549, 591, 591, 545, 528, 547, 538, 645, 687, 608, 506, 637, 566, 488, 568, 574, 649, 605, 572, 490, 498, 561, 573, 616, 576, 631, 618, 505, 478, 544, 549, 564, 477, 522, 622, 462, 540, 621, 522, 614, 503, 500, 566, 494, 551, 584, 507, 593, 558, 501, 537, 579, 509, 480, 496, 557, 599, 505, 535, 656, 581, 523, 603, 536, 604, 537, 541, 575, 506, 579, 564, 542, 606, 649, 548, 513, 625, 680, 613, 494, 599, 664, 593, 586, 543, 612, 658, 542, 577, 651, 620, 605, 577, 609, 627, 590, 497, 535, 588, 553, 537, 517, 569, 646, 570, 464, 564, 575, 572, 528, 596, 584, 537, 464, 562, 531, 528, 557, 501, 616, 647, 567, 603, 594, 627, 540, 493, 635, 587, 536, 574, 569, 603, 491, 475, 650, 557, 451, 500, 579, 612, 453, 386, 530, 507, 441, 428, 445, 563, 474, 562, 558, 559, 514, 559, 586, 507, 507, 597, 553, 614, 547, 540, 638, 591, 566, 562, 549, 560, 541, 514, 577, 609, 593, 484, 587, 539, 605, 553, 560, 661, 620, 549, 712, 639, 589, 587, 795, 970, 780, 849, 1101, 1151, 900, 655, 1193, 1606, 1302, 1202, 1229, 1738, 1358, 761, 1116, 1897, 1958, 1226, 1129, 1700, 1486, 910, 914, 1872, 2101, 941, 854, 1121, 1115, 752, 790, 1316, 1465, 660, 846, 999, 884, 627, 844, 1276, 1103, 1278, 2067, 2614, 2009, 1039, 2212, 4338, 3869, 2701, 3714, 5389, 4275, 2153, 4090, 8888, 8286, 2346, 3186, 4810, 3873, 1823, 3472, 7513, 7045, 1269, 1666, 2213, 1810, 1126, 1812, 3019, 2716, 3848, 4847, 6858, 4763, 2383, 4876, 10171, 9831, 6678, 10298, 14814, 10249, 4106, 10357, 22246, 20972, 5371, 9377, 12941, 9145, 3686, 9737, 20729, 18999, 2460, 4223, 5466, 4017, 1882, 4560, 9601, 8691, 843, 1422, 1709, 1295, 711, 1586, 2800, 2362, 715, 1006, 1041, 915, 709, 974, 1306, 1134, 733, 831, 909, 761, 675, 747, 1006, 990, 575, 729, 784, 648, 658, 684, 881, 926, 579, 885, 969, 625, 639, 874, 1048, 896, 641, 834, 858, 616, 594, 777, 976, 885, 1441, 2428, 2645, 1542, 761, 1477, 2648, 2386, 2646, 6023, 6265, 2933, 1070, 3521, 6111, 4706, 2747, 7053, 7195, 3298, 1315, 4145, 7014, 5240, 1489, 4221, 4318, 2172, 960, 2631, 4411, 3332, 854, 1682, 1812, 1221, 792, 1331, 1938, 1546, 807, 954, 887, 748, 747, 819, 853, 831, 685, 683, 782, 729, 666, 691, 724, 739, 669, 708, 861, 749, 560, 656, 781, 818, 811, 701, 921, 876, 675, 687, 729, 905, 852, 593, 853, 945, 808, 726, 759, 939, 1150, 1056, 977, 993, 822, 928, 946, 914, 2409, 2260, 2423, 2735, 1594, 1951, 2229, 1829, 5505, 6134, 6798, 6885, 3306, 5100, 5960, 4210, 7435, 8916, 9309, 8436, 3990, 6846, 7642, 5159, 6298, 7268, 7144, 5771, 3688, 5212, 5449, 3955, 4275, 5875, 5482, 3770, 2706, 3099, 3277, 2595, 2866, 4282, 3642, 1998, 1812, 1991, 2113, 1745, 1613, 2364, 1970, 1123, 1195, 1342, 1464, 1283, 1329, 1591, 1212, 829, 771, 989, 1034, 951, 878, 1024, 1027, 727, 575, 800, 868, 765, 1074, 1301, 1163, 913, 833, 914, 1061, 1039, 1072, 1451, 1283, 895, 859, 1204, 1514, 1135, 1011, 1400, 1363, 859, 916, 1317, 1511, 1261, 1315, 1798, 1488, 1095, 1151, 1353, 1418, 1339, 1314, 1666, 1359, 1018, 1106, 1383, 1615, 1464, 996, 1121, 994, 861, 919, 1100, 1318, 1189, 936, 1387, 1415, 902, 1049, 1408, 1570, 1109, 955, 1542, 1507, 852, 962, 1317, 1278, 934, 906, 1189, 1209, 951, 808, 1039, 935, 746, 761, 746, 843, 801, 694, 750, 804, 746, 717, 676, 625, 561, 633, 787, 788, 693, 802, 730, 685, 686, 774, 845, 716, 776, 886, 831, 823, 782, 855, 879, 775, 871, 880, 825, 806, 729, 739, 775, 780, 909, 832, 741, 713, 687, 652, 722, 716, 803, 853, 731, 771, 853, 857, 789, 707, 839, 880, 863, 830, 743, 735, 832, 787, 782, 765, 786, 811, 755, 768, 749, 697, 687, 738, 768, 825, 809, 742, 769, 757, 696, 718, 812, 807, 755, 739, 855, 852, 698, 729, 736, 803, 770, 703, 743, 719, 703, 789, 612, 856, 790, 600, 694, 796, 882, 690, 607, 765, 692, 559, 593, 806, 925, 658, 506, 620, 656, 632, 588, 853, 942, 577, 626, 708, 650, 594, 655, 828, 799, 782, 942, 1220, 1163, 830, 1003, 1940, 1785, 1806, 1737, 2714, 2573, 1565, 1983, 4812, 4726, 2373, 2091, 3259, 3414, 2220, 2221, 5977, 6023, 1806, 1606, 2664, 3023, 2005, 1609, 4260, 4360, 1314, 1019, 2001, 2214, 1499, 1114, 2108, 2343, 883, 733, 1134, 1249, 966, 819, 1132, 1178, 853, 660, 842, 1133, 894, 765, 1345, 1359, 1022, 734, 1076, 1367, 1039, 886, 1899, 1903, 1453, 753, 1412, 1534, 1217, 900, 2277, 2617, 1780, 793, 1558, 1573, 1105, 902, 2013, 2637, 1442, 817, 1255, 1416, 908, 1148, 1585, 1752, 904, 1089, 1050, 1075, 753, 1139, 1557, 1300, 763, 1099, 1104, 956, 759, 938, 1546, 1310, 890, 807, 878, 1008, 854, 681, 1262, 1250, 1159, 753, 692, 1074, 928, 719, 1269, 1495, 1151, 931, 1160, 1209, 935, 799, 1777, 2007, 952, 1303, 1604, 1260, 762, 1276, 2360, 2203, 686, 1253, 1475, 1141, 593, 1350, 2106, 1636, 721, 1058, 1197, 1034, 535, 996, 1489, 1136, 687, 668, 851, 791, 619, 725, 891, 806, 484, 506, 609, 534, 598, 691, 710, 536, 460, 469, 601, 643, 631, 562, 659, 646, 524, 413, 447, 574, 505, 534, 539, 530, 560, 549, 559, 583, 460, 535, 603, 541, 560, 565, 560, 495, 466, 536, 581, 525, 477, 474, 497, 454, 433, 428, 472, 516]"
0.8039975762367249,-1.2910079956054688,-0.17770424485206604,-0.7546582818031311,-1.3903638124465942,0.2458406388759613,-1.040985345840454,-0.1624755859375,0.7215499877929688,20.75,-0.08494186401367188,0.6249904632568359,19.75,0.003177642822265625,0.3298759460449219,17.0,0.11304092407226562,0.5069732666015625,17.5,0.2158946990966797,0.409698486328125,20.5,"[590, 613, 604, 638, 683, 640, 604, 611, 533, 553, 634, 688, 713, 732, 615, 530, 516, 548, 589, 624, 618, 604, 576, 580, 677, 564, 465, 540, 671, 643, 522, 619, 570, 512, 430, 447, 473, 464, 484, 565, 543, 490, 433, 512, 540, 403, 494, 583, 489, 445, 431, 535, 554, 483, 519, 535, 538, 541, 524, 513, 583, 542, 566, 567, 577, 607, 514, 474, 517, 490, 430, 479, 530, 651, 633, 556, 499, 485, 514, 496, 485, 568, 583, 591, 503, 488, 589, 545, 641, 565, 548, 627, 592, 492, 605, 712, 576, 547, 482, 531, 520, 590, 639, 551, 510, 627, 641, 627, 600, 628, 619, 546, 554, 575, 608, 573, 567, 543, 643, 638, 534, 552, 606, 515, 556, 638, 615, 518, 486, 522, 602, 523, 460, 540, 582, 570, 546, 576, 610, 603, 579, 629, 644, 515, 479, 538, 531, 549, 496, 512, 540, 512, 555, 508, 447, 529, 504, 513, 480, 516, 547, 542, 478, 510, 556, 573, 540, 498, 583, 526, 549, 595, 651, 615, 540, 533, 560, 548, 562, 541, 579, 621, 659, 621, 542, 546, 604, 593, 545, 565, 550, 567, 514, 521, 549, 565, 535, 562, 618, 574, 594, 560, 550, 554, 524, 546, 535, 530, 543, 565, 623, 589, 494, 542, 564, 564, 546, 597, 603, 530, 500, 598, 528, 462, 565, 587, 615, 516, 529, 563, 547, 604, 506, 540, 633, 552, 605, 604, 637, 626, 563, 558, 596, 542, 570, 581, 584, 621, 573, 517, 515, 526, 546, 489, 474, 583, 545, 519, 508, 533, 499, 493, 507, 549, 720, 629, 798, 683, 563, 602, 866, 907, 1413, 1610, 1999, 1264, 938, 1405, 2580, 2409, 1781, 3043, 3347, 1916, 1211, 2854, 4686, 3694, 1183, 2557, 2644, 1679, 925, 2614, 3988, 2907, 833, 1584, 1737, 1300, 762, 1801, 2711, 2217, 1411, 2765, 3164, 2137, 1030, 3029, 5688, 4866, 2163, 4067, 5147, 3402, 1509, 4338, 9062, 8139, 1741, 2661, 3526, 2384, 1282, 2793, 6116, 5679, 1517, 1809, 2191, 1560, 1145, 1790, 3276, 3009, 2954, 2065, 3534, 2675, 1807, 2198, 4792, 5389, 5754, 8136, 10902, 6558, 3187, 8160, 16005, 15042, 6678, 16027, 18176, 9532, 3745, 17044, 30431, 25323, 4825, 16484, 17489, 8790, 2971, 17841, 30544, 24105, 2286, 9188, 9702, 4962, 1675, 9816, 16401, 12646, 1152, 3326, 3351, 1946, 982, 3637, 5854, 4423, 788, 1440, 1524, 961, 748, 1306, 2212, 1905, 634, 1146, 1185, 835, 664, 986, 1452, 1207, 592, 758, 843, 719, 632, 655, 720, 797, 766, 736, 670, 626, 711, 661, 684, 768, 971, 1171, 1019, 742, 691, 852, 953, 817, 2091, 2960, 2299, 1097, 1033, 1631, 1876, 1359, 2741, 3529, 3191, 1881, 1175, 2024, 3135, 3000, 2193, 4092, 5035, 2960, 1094, 3388, 6181, 5508, 1420, 6654, 7192, 3372, 919, 4924, 8198, 6160, 1615, 5303, 5161, 2137, 906, 3713, 5600, 3673, 1033, 2436, 2246, 1041, 691, 1743, 2454, 1523, 879, 1430, 1228, 793, 666, 1048, 1316, 1041, 1453, 1972, 1456, 679, 927, 1004, 1051, 788, 2146, 2879, 1911, 782, 1340, 1206, 1190, 848, 2220, 2840, 1865, 988, 1520, 1266, 1265, 1062, 2414, 3069, 2002, 936, 1775, 1580, 1432, 879, 2590, 3430, 2472, 1333, 1933, 2548, 2055, 1217, 3725, 4128, 3409, 2858, 2455, 3502, 2868, 2408, 4031, 4045, 3536, 3088, 2535, 3342, 2610, 2600, 3174, 3724, 3060, 2202, 2041, 2663, 2194, 1670, 2066, 2993, 2593, 1513, 1276, 1822, 1723, 1252, 1646, 2792, 2792, 1533, 1097, 1390, 1686, 1338, 1457, 2395, 2328, 1304, 1003, 1271, 1589, 1129, 1115, 1696, 1609, 977, 759, 1020, 1006, 750, 965, 1297, 1162, 777, 799, 794, 755, 651, 721, 1129, 1085, 714, 631, 743, 923, 759, 796, 1105, 1014, 741, 670, 796, 936, 746, 937, 912, 906, 819, 705, 805, 880, 856, 787, 1143, 1095, 797, 821, 1057, 1112, 856, 923, 1354, 1324, 860, 850, 1208, 1444, 1101, 1120, 1244, 1245, 1100, 930, 1326, 1439, 1338, 1420, 1679, 1689, 1299, 1074, 1825, 2035, 1587, 1234, 1702, 1941, 1475, 1107, 2021, 2388, 1764, 1124, 1720, 1786, 1298, 1093, 1573, 1808, 1339, 1251, 1703, 1406, 829, 1033, 1374, 1242, 884, 917, 1189, 1017, 748, 918, 1078, 969, 810, 975, 891, 954, 967, 883, 899, 838, 970, 885, 786, 892, 902, 809, 768, 836, 843, 730, 760, 797, 747, 698, 827, 890, 715, 649, 739, 787, 664, 608, 805, 780, 607, 943, 966, 882, 875, 929, 938, 793, 851, 1154, 1276, 961, 1125, 1368, 1196, 910, 877, 928, 925, 771, 1023, 1132, 919, 854, 787, 920, 788, 783, 1012, 848, 718, 868, 881, 1045, 802, 905, 1194, 908, 728, 915, 968, 1024, 765, 903, 1123, 874, 774, 862, 991, 791, 785, 826, 884, 741, 781, 940, 877, 778, 947, 916, 891, 836, 746, 954, 900, 801, 899, 839, 792, 828, 831, 950, 831, 802, 705, 736, 678, 654, 760, 833, 769, 682, 731, 889, 819, 601, 729, 899, 882, 660, 683, 854, 906, 701, 772, 1027, 886, 675, 743, 878, 859, 685, 775, 1035, 921, 802, 869, 899, 759, 741, 777, 978, 993, 890, 793, 965, 848, 814, 721, 969, 1146, 1482, 1141, 1908, 1799, 1166, 1370, 2312, 2235, 1977, 1555, 2807, 2829, 1632, 1888, 3728, 3598, 1928, 1433, 2776, 2831, 1685, 1666, 3610, 3641, 2126, 1193, 2535, 2578, 1646, 1374, 3279, 3660, 2045, 1150, 2439, 2254, 1464, 1156, 3246, 3742, 1050, 1120, 1623, 1225, 796, 1051, 2285, 2294, 1387, 1242, 1017, 1035, 1158, 1094, 1477, 1731, 1666, 1098, 1277, 1174, 1262, 1061, 1840, 2252, 1055, 867, 1152, 1135, 967, 971, 1450, 1536, 1203, 798, 804, 1071, 1138, 831, 1142, 1527, 1430, 871, 885, 1063, 1344, 1053, 1044, 1654, 1435, 1012, 1049, 1154, 1333, 1275, 1182, 1437, 1500, 1361, 1416, 1124, 1140, 1249, 1631, 1811, 1598, 1569, 1479, 1017, 1045, 1436, 1799, 1720, 1651, 1605, 1319, 981, 1068, 1321, 1452, 1286, 1443, 1353, 1077, 909, 858, 983, 1207, 1075, 1128, 1153, 1082, 885, 799, 778, 1107, 1052, 1057, 895, 1026, 1008, 771, 914, 1370, 1283, 964, 811, 1016, 1126, 758, 1063, 1693, 1501, 867, 779, 946, 910, 727, 842, 1238, 1274, 633, 620, 632, 641, 649, 705, 719, 709, 586, 470, 580, 615, 585, 591, 616, 679, 562, 503, 610, 568, 511, 502, 549, 568, 551, 566, 611, 540, 487, 440, 542, 595, 563, 640, 656, 572, 542, 528, 611, 616]"
0.4826236367225647,-1.359168529510498,0.22809730470180511,-1.4146628379821777,-1.3205314874649048,0.7850574254989624,-1.6677188873291016,-0.13271498680114746,0.16078948974609375,24.5,-0.11240172386169434,0.1620769500732422,28.25,-0.08608031272888184,0.08211135864257812,26.0,-0.023280858993530273,0.272369384765625,16.0,-0.0046842098236083984,0.0,18.75,"[491, 598, 679, 618, 442, 612, 677, 605, 583, 553, 574, 692, 672, 609, 676, 637, 470, 512, 586, 669, 621, 661, 724, 621, 537, 512, 498, 572, 587, 491, 569, 641, 518, 497, 583, 593, 600, 443, 533, 637, 483, 545, 658, 533, 500, 523, 477, 548, 491, 447, 561, 576, 480, 471, 499, 520, 556, 527, 495, 479, 517, 542, 494, 476, 565, 611, 575, 520, 576, 575, 524, 512, 610, 570, 522, 614, 674, 552, 540, 607, 572, 500, 521, 471, 517, 503, 484, 582, 564, 553, 413, 419, 567, 602, 542, 521, 425, 473, 401, 488, 579, 538, 490, 424, 466, 572, 540, 491, 530, 587, 580, 476, 605, 564, 635, 591, 549, 596, 535, 592, 671, 555, 456, 495, 539, 584, 519, 593, 572, 587, 476, 502, 505, 522, 556, 562, 608, 558, 482, 498, 509, 503, 489, 542, 467, 431, 469, 462, 455, 499, 458, 428, 485, 448, 535, 510, 514, 571, 498, 458, 561, 509, 471, 532, 552, 568, 504, 511, 539, 572, 561, 554, 550, 545, 597, 565, 552, 650, 632, 539, 542, 548, 541, 569, 465, 568, 575, 514, 546, 540, 488, 471, 494, 528, 516, 447, 453, 569, 492, 407, 636, 525, 484, 521, 522, 573, 608, 605, 626, 502, 461, 582, 590, 584, 602, 699, 673, 598, 552, 578, 623, 631, 553, 567, 490, 562, 642, 507, 550, 606, 535, 489, 441, 539, 618, 513, 472, 571, 567, 478, 473, 558, 558, 465, 465, 572, 552, 470, 506, 523, 498, 459, 491, 532, 464, 498, 499, 578, 518, 440, 487, 584, 594, 553, 1023, 1695, 1810, 1014, 835, 1479, 2489, 2246, 2270, 6186, 6479, 2994, 1543, 5137, 9206, 7539, 2775, 9804, 10172, 4647, 1790, 8166, 14054, 10974, 1944, 8101, 8489, 4093, 1434, 6277, 10745, 8290, 1359, 5285, 5712, 2841, 942, 3659, 6277, 4870, 2055, 5860, 6656, 3583, 1249, 3962, 6950, 5562, 2638, 9323, 10968, 5751, 1508, 6385, 11830, 9952, 2642, 10015, 11269, 5539, 1605, 6837, 12279, 9849, 2425, 7488, 8336, 4163, 1394, 4858, 8363, 6757, 1775, 4982, 5710, 2812, 964, 3827, 6745, 5657, 1207, 3766, 4476, 2253, 877, 2960, 5539, 4827, 838, 2419, 2861, 1526, 616, 1863, 3314, 2859, 616, 1464, 1503, 878, 625, 1252, 1796, 1330, 742, 1237, 1379, 988, 647, 1134, 1602, 1341, 911, 1121, 1285, 890, 591, 922, 1369, 1327, 840, 1432, 1353, 859, 558, 1165, 1575, 1193, 1858, 2814, 2398, 1170, 908, 1516, 2108, 1412, 5157, 9011, 7216, 2510, 2406, 4290, 5916, 3058, 6784, 12775, 10781, 3954, 3137, 6610, 9477, 5573, 4990, 9889, 8688, 3552, 2313, 5447, 8101, 5388, 2891, 5552, 4883, 1928, 1589, 3020, 4322, 2794, 2180, 4205, 3566, 1224, 1230, 2219, 3094, 1776, 1444, 2272, 1835, 813, 1209, 1776, 1767, 1032, 1425, 1905, 1586, 947, 1434, 1777, 1242, 882, 1320, 1543, 1177, 853, 1149, 1313, 925, 699, 841, 973, 847, 815, 710, 828, 871, 792, 1257, 1570, 1667, 1006, 1049, 1555, 1367, 861, 1905, 2199, 2378, 1465, 1507, 2127, 1824, 1258, 3979, 4499, 5015, 2998, 2838, 4210, 3497, 2489, 5319, 6113, 7127, 4241, 3772, 5888, 4713, 3640, 3907, 4849, 5354, 3239, 2729, 3838, 3395, 3173, 3005, 5223, 5430, 3022, 1654, 2701, 3167, 2800, 3677, 6473, 6096, 2867, 2084, 2872, 3062, 2327, 3535, 6068, 5181, 1791, 2264, 2455, 2474, 1452, 2121, 3663, 3198, 1222, 1480, 1721, 1675, 935, 1046, 1772, 1579, 832, 887, 1187, 1205, 855, 932, 1346, 1216, 785, 819, 1138, 1300, 962, 854, 1323, 1173, 676, 898, 1253, 1262, 768, 942, 1345, 1134, 704, 917, 1086, 1046, 681, 964, 1267, 1055, 805, 1002, 975, 945, 806, 942, 1380, 1247, 826, 847, 1103, 1129, 901, 941, 1282, 1212, 818, 830, 1096, 1050, 890, 902, 1017, 955, 812, 718, 803, 862, 892, 682, 877, 886, 671, 557, 716, 837, 738, 721, 960, 890, 667, 682, 925, 1018, 807, 774, 951, 934, 708, 765, 1019, 1238, 986, 1014, 1253, 1146, 850, 941, 1428, 1724, 1364, 1058, 1368, 1495, 1136, 1019, 1575, 1892, 1448, 1374, 1938, 1870, 1306, 1275, 1661, 1605, 1295, 1612, 2181, 1785, 1198, 1678, 1662, 1264, 1088, 1391, 1615, 1191, 1017, 1461, 1457, 1155, 926, 1156, 1232, 1173, 968, 979, 1118, 1108, 1060, 1209, 1184, 1305, 1086, 873, 1179, 1138, 1025, 1293, 1317, 1309, 1305, 919, 1335, 1396, 1149, 1196, 1036, 923, 994, 893, 1065, 1115, 962, 1183, 990, 876, 1009, 824, 1025, 1121, 988, 893, 971, 972, 949, 748, 1045, 1229, 947, 896, 995, 1010, 931, 675, 1082, 1245, 1074, 800, 963, 926, 750, 602, 898, 1033, 940, 865, 892, 890, 827, 714, 804, 1007, 969, 939, 930, 972, 861, 786, 888, 1168, 1089, 921, 986, 956, 808, 782, 895, 1102, 1026, 985, 1102, 1053, 808, 874, 1091, 1257, 1134, 1082, 1081, 1040, 846, 908, 1077, 1193, 1091, 938, 770, 1037, 985, 764, 980, 885, 907, 807, 782, 1099, 997, 691, 1018, 1165, 909, 870, 716, 845, 885, 767, 941, 1107, 968, 754, 726, 864, 726, 646, 741, 849, 878, 991, 1028, 982, 823, 806, 869, 879, 935, 1042, 1014, 802, 674, 709, 786, 790, 935, 1093, 855, 758, 732, 689, 848, 968, 1049, 1430, 1078, 1081, 774, 886, 996, 1640, 1857, 1719, 1197, 1505, 1078, 1291, 1353, 2468, 2743, 1584, 1515, 2174, 1589, 1246, 1677, 2919, 2896, 1636, 1774, 2501, 1904, 1065, 1636, 3002, 2880, 1448, 1578, 1980, 1671, 1050, 1507, 2535, 2438, 1288, 1363, 1738, 1334, 828, 1302, 2169, 2205, 1096, 1090, 1406, 1077, 842, 1107, 1763, 1891, 1138, 1219, 1653, 1195, 800, 1104, 1946, 2001, 1023, 1590, 1737, 1160, 678, 1085, 1955, 1790, 1085, 1731, 1719, 1088, 730, 1095, 1799, 1477, 1065, 1784, 1607, 1081, 855, 1127, 1684, 1154, 1160, 2087, 1810, 984, 754, 1262, 1857, 1153, 1420, 2097, 1639, 1003, 825, 1252, 1747, 1142, 1429, 1593, 1349, 1181, 790, 1162, 1564, 1175, 1084, 1212, 1100, 987, 754, 980, 1261, 993, 848, 1044, 1055, 871, 588, 915, 1077, 914, 768, 766, 951, 909, 514, 775, 938, 838, 669, 737, 830, 782, 571, 728, 941, 809, 620, 657, 801, 764, 477, 660, 904, 820, 597, 539, 703, 694, 474, 639, 703, 682, 583, 524, 580, 595, 470, 572, 659, 624, 619, 559, 600, 593, 534, 572, 570, 617, 581, 591, 585, 598, 462, 515, 632, 577, 606, 599, 561, 545, 455, 636, 577, 443]"
0.11226141452789307,-1.4391635656356812,0.2818501889705658,-2.1335177421569824,-1.2942705154418945,0.7142552137374878,-2.373140335083008,-0.26366615295410156,-0.2231597900390625,16.75,-0.20601654052734375,-0.18825531005859375,26.5,-0.18913650512695312,-0.22687911987304688,28.0,-0.06081962585449219,0.08497238159179688,23.25,-0.04236602783203125,0.0,18.25,"[585, 520, 543, 503, 425, 499, 543, 519, 649, 538, 592, 664, 651, 593, 536, 562, 554, 507, 566, 593, 573, 537, 488, 549, 525, 493, 552, 552, 508, 533, 476, 508, 526, 448, 565, 540, 486, 517, 534, 582, 428, 458, 594, 524, 483, 565, 591, 502, 478, 482, 505, 451, 452, 509, 463, 472, 572, 518, 521, 525, 503, 480, 443, 527, 603, 555, 515, 575, 578, 577, 556, 559, 539, 480, 510, 555, 566, 551, 520, 579, 528, 533, 574, 585, 559, 523, 520, 576, 552, 571, 569, 546, 466, 546, 604, 534, 504, 538, 529, 474, 418, 525, 561, 501, 585, 459, 489, 459, 430, 486, 478, 519, 559, 540, 473, 482, 485, 490, 511, 517, 532, 547, 532, 515, 491, 546, 593, 585, 486, 460, 503, 511, 457, 441, 565, 551, 545, 542, 487, 554, 507, 478, 537, 521, 592, 585, 574, 547, 537, 565, 631, 582, 539, 448, 557, 601, 527, 547, 574, 566, 500, 516, 562, 570, 532, 551, 508, 462, 568, 633, 637, 550, 525, 596, 612, 548, 549, 625, 622, 539, 564, 549, 568, 620, 560, 573, 526, 488, 639, 575, 517, 571, 539, 491, 502, 506, 568, 532, 485, 521, 551, 513, 561, 557, 486, 480, 544, 556, 560, 534, 545, 492, 494, 475, 488, 517, 622, 629, 682, 657, 558, 522, 524, 586, 526, 571, 590, 621, 549, 478, 479, 529, 491, 630, 691, 551, 553, 611, 546, 501, 555, 628, 669, 497, 575, 605, 662, 633, 965, 2482, 2909, 1562, 704, 2042, 3676, 3300, 2305, 8848, 8984, 3780, 1251, 6638, 11251, 8550, 4464, 11841, 10858, 4216, 1949, 8446, 13052, 8866, 3430, 6911, 5939, 2348, 1697, 4657, 6504, 4056, 2165, 3283, 3585, 2182, 1056, 1715, 3094, 3139, 5724, 13042, 13289, 6454, 2483, 8216, 13316, 10254, 7671, 18563, 18119, 7992, 3015, 11756, 18704, 13506, 4468, 10562, 9955, 4063, 1731, 6833, 10980, 7948, 1965, 3969, 3557, 1465, 933, 2627, 3999, 2921, 1606, 3665, 3614, 1658, 994, 2448, 3783, 2710, 1324, 2948, 2799, 1311, 1052, 2184, 3102, 2157, 1389, 2943, 2643, 1120, 982, 1833, 2455, 1523, 3851, 7909, 7045, 2632, 1806, 3942, 5849, 3522, 7205, 15751, 14131, 4992, 3271, 7335, 10954, 6430, 6575, 14084, 12742, 4529, 3156, 6673, 9463, 5400, 3347, 6619, 5919, 2206, 1713, 3249, 4545, 2597, 2364, 4358, 3624, 1322, 1305, 2343, 3009, 1491, 4259, 8104, 6821, 2440, 1971, 4246, 5911, 3366, 5773, 11365, 10039, 4080, 2351, 6197, 9060, 5709, 4361, 8149, 7305, 3143, 1870, 4307, 6527, 4451, 2159, 3371, 2876, 1380, 1103, 1677, 2089, 1660, 1518, 1994, 1480, 858, 1048, 1263, 1147, 886, 962, 1358, 1161, 728, 788, 1062, 997, 580, 1021, 1377, 1247, 791, 835, 1023, 892, 729, 1694, 2574, 2158, 1098, 1177, 1512, 1530, 996, 2252, 3619, 2960, 1250, 1479, 1904, 1969, 1161, 2737, 3846, 2884, 1259, 2013, 2257, 1870, 1121, 3373, 4723, 3707, 1626, 2724, 3006, 1848, 1304, 3019, 4488, 3715, 1714, 2611, 3059, 1944, 1322, 2022, 2980, 2381, 1270, 1763, 2043, 1561, 1033, 1596, 2226, 1745, 910, 1225, 1276, 1130, 777, 1505, 1944, 1573, 921, 1084, 1124, 1082, 740, 1512, 2067, 1643, 982, 1212, 1363, 1246, 800, 1483, 2185, 1639, 819, 1128, 1253, 1167, 758, 1335, 1786, 1249, 945, 1122, 968, 873, 728, 1281, 1701, 1202, 845, 1204, 1096, 813, 698, 1126, 1572, 1182, 810, 1099, 1021, 759, 647, 942, 1382, 1177, 702, 900, 1024, 796, 671, 894, 1188, 1042, 721, 904, 941, 739, 686, 896, 1205, 1029, 610, 868, 906, 657, 656, 698, 959, 887, 605, 757, 877, 779, 625, 737, 807, 690, 575, 605, 618, 679, 672, 762, 762, 730, 607, 561, 663, 708, 738, 789, 734, 732, 615, 632, 630, 699, 851, 671, 821, 841, 678, 609, 714, 878, 844, 602, 913, 928, 712, 607, 832, 1040, 876, 814, 1227, 1051, 632, 782, 1224, 1406, 1094, 1096, 1791, 1678, 942, 1190, 1617, 1604, 1139, 1405, 1977, 2048, 1164, 1506, 1643, 1157, 1273, 1286, 1539, 1448, 1004, 1379, 1217, 1418, 1538, 915, 985, 1035, 1020, 1035, 873, 1272, 1353, 828, 959, 895, 863, 754, 904, 1025, 960, 1087, 1206, 938, 823, 774, 1043, 1096, 880, 1104, 1111, 1023, 877, 807, 982, 941, 863, 967, 901, 961, 808, 782, 867, 835, 881, 800, 831, 815, 635, 616, 739, 702, 708, 796, 944, 820, 600, 600, 692, 626, 571, 746, 933, 856, 611, 579, 747, 713, 627, 745, 806, 815, 612, 682, 808, 754, 782, 674, 652, 589, 606, 767, 747, 723, 752, 674, 663, 628, 640, 577, 613, 684, 674, 727, 765, 761, 620, 578, 628, 674, 723, 710, 667, 736, 697, 616, 725, 760, 841, 886, 867, 741, 596, 663, 786, 913, 864, 1087, 999, 872, 704, 673, 982, 941, 901, 917, 988, 1215, 968, 677, 1114, 1046, 855, 708, 866, 1228, 948, 610, 1034, 1035, 793, 617, 738, 871, 704, 674, 791, 725, 592, 715, 720, 734, 621, 661, 717, 696, 655, 844, 791, 782, 782, 727, 723, 703, 740, 825, 704, 705, 689, 646, 664, 705, 759, 725, 794, 813, 697, 532, 677, 818, 805, 633, 868, 837, 706, 608, 644, 825, 802, 858, 1058, 1139, 756, 595, 700, 1028, 1126, 1527, 1176, 1679, 1069, 882, 919, 1839, 2338, 1722, 1150, 1726, 1115, 1044, 968, 2212, 2846, 1277, 1151, 1746, 1319, 940, 1101, 2334, 2458, 1507, 1408, 2124, 1633, 1112, 1302, 2785, 2943, 1370, 1409, 1679, 1280, 913, 1237, 2180, 2156, 1003, 1176, 1217, 1002, 836, 950, 1345, 1243, 1156, 1152, 968, 905, 780, 978, 1384, 1263, 1150, 1600, 1315, 756, 750, 1036, 1677, 1324, 1028, 1668, 1769, 1071, 816, 1137, 2066, 1886, 1056, 1476, 1432, 855, 847, 1172, 1943, 1784, 1045, 1491, 1333, 855, 811, 1202, 1545, 1166, 1503, 1602, 1335, 1071, 1010, 1380, 1307, 1178, 1330, 1310, 1135, 1116, 956, 1043, 1272, 1138, 839, 1158, 1100, 903, 763, 910, 1201, 913, 829, 884, 809, 678, 659, 783, 935, 899, 890, 720, 898, 799, 651, 742, 918, 1093, 782, 691, 874, 826, 692, 671, 876, 968, 678, 625, 834, 701, 530, 492, 773, 931, 700, 729, 733, 589, 524, 640, 827, 892, 587, 636, 698, 524, 534, 652, 808, 768, 535, 556, 647, 617, 575, 618, 659, 670, 637, 630, 604, 520, 486, 507, 609, 669, 510, 482, 451, 442, 379, 466, 459, 436]"
-0.09977088868618011,-1.5483758449554443,0.28946465253829956,-2.3265230655670166,-1.2627218961715698,0.6093531847000122,-2.3077292442321777,-1.2065142393112183,-0.8369922637939453,16.5,-0.7803648710250854,-0.7935047149658203,16.75,-0.726577639579773,-0.7368564605712891,26.5,-0.7187098264694214,-0.7493019104003906,26.75,-0.5808085203170776,-0.44231414794921875,23.0,"[635, 634, 633, 689, 700, 690, 634, 632, 517, 550, 553, 584, 608, 595, 538, 520, 526, 583, 644, 588, 613, 636, 489, 539, 564, 563, 595, 555, 549, 551, 435, 513, 494, 500, 543, 537, 453, 434, 403, 458, 504, 495, 453, 509, 582, 539, 478, 526, 581, 533, 439, 498, 670, 593, 461, 560, 615, 564, 461, 527, 691, 594, 502, 603, 605, 520, 457, 436, 579, 582, 415, 508, 473, 476, 579, 503, 480, 518, 472, 510, 456, 492, 553, 509, 524, 562, 505, 540, 606, 602, 513, 481, 517, 572, 585, 606, 514, 595, 661, 467, 474, 465, 518, 607, 616, 629, 596, 556, 532, 483, 566, 651, 601, 604, 558, 568, 629, 582, 553, 542, 599, 573, 634, 681, 666, 582, 572, 576, 561, 534, 519, 550, 644, 533, 511, 618, 565, 566, 533, 597, 567, 508, 555, 562, 594, 617, 616, 560, 536, 575, 584, 566, 566, 575, 589, 643, 547, 636, 677, 635, 428, 475, 586, 586, 548, 584, 578, 455, 522, 472, 592, 624, 618, 539, 560, 561, 547, 490, 548, 616, 620, 568, 584, 521, 517, 460, 541, 543, 454, 555, 550, 510, 612, 497, 519, 545, 546, 555, 535, 603, 490, 591, 550, 573, 569, 494, 535, 538, 580, 575, 574, 553, 536, 561, 613, 571, 520, 527, 567, 531, 521, 596, 594, 526, 585, 650, 619, 529, 542, 570, 577, 580, 2265, 3443, 2620, 996, 1121, 2042, 2533, 1646, 6737, 10649, 7928, 2368, 2680, 5855, 7424, 3975, 8587, 13106, 9485, 2469, 3534, 7008, 8484, 4212, 5058, 7297, 5139, 1567, 2190, 3911, 4498, 2475, 6190, 11310, 9430, 3450, 2052, 6330, 8819, 5093, 10497, 19806, 16378, 5663, 3362, 10692, 15121, 8350, 7900, 14910, 12381, 4454, 2730, 7797, 11278, 6417, 2952, 4874, 4089, 1728, 1463, 2797, 3806, 2462, 1352, 2527, 2174, 1015, 841, 1798, 2441, 1567, 1340, 2561, 2457, 1254, 783, 1728, 2463, 1789, 1331, 2822, 2705, 1256, 757, 1695, 2470, 1721, 1085, 1962, 1727, 811, 755, 1274, 1567, 978, 2564, 4756, 4015, 1342, 1552, 2152, 2801, 1438, 4069, 7887, 6713, 2171, 2201, 3287, 4758, 2497, 3429, 6556, 5660, 2033, 1959, 2969, 4162, 2326, 1969, 3344, 2875, 1184, 1175, 1713, 2243, 1435, 1313, 1767, 1411, 761, 836, 1032, 1086, 815, 1151, 1493, 1176, 743, 895, 849, 914, 821, 1412, 1697, 1241, 714, 1009, 860, 803, 808, 1249, 1631, 1202, 680, 874, 749, 704, 657, 889, 1093, 864, 589, 709, 724, 731, 566, 811, 924, 662, 537, 782, 882, 617, 520, 1394, 2068, 1541, 759, 1376, 1439, 1060, 647, 3001, 4278, 2850, 1187, 2783, 2671, 1712, 853, 2981, 4298, 3016, 1224, 2845, 2840, 1693, 925, 1971, 2752, 2138, 1380, 2014, 2141, 1304, 939, 2509, 3002, 1980, 1420, 2095, 1703, 992, 1281, 2097, 2181, 1335, 1016, 1371, 1202, 869, 1226, 1720, 2217, 1576, 821, 1329, 1356, 1003, 851, 1786, 2809, 2335, 958, 1557, 1878, 1397, 860, 1840, 2861, 2535, 1149, 1608, 2116, 1580, 1069, 1584, 2358, 2071, 993, 1259, 1622, 1255, 971, 1103, 1655, 1506, 861, 921, 1131, 1076, 783, 944, 1351, 1240, 842, 735, 912, 922, 715, 887, 1127, 972, 768, 767, 787, 715, 699, 731, 944, 734, 604, 764, 790, 689, 507, 771, 960, 809, 666, 813, 821, 628, 518, 682, 962, 837, 626, 798, 845, 669, 620, 689, 985, 863, 670, 769, 786, 704, 583, 882, 925, 869, 806, 801, 722, 757, 752, 760, 814, 785, 823, 829, 807, 755, 784, 663, 776, 812, 716, 674, 640, 693, 721, 627, 887, 812, 706, 629, 714, 853, 725, 835, 952, 823, 667, 666, 882, 756, 624, 896, 1025, 981, 799, 772, 917, 1007, 874, 806, 1216, 1347, 957, 826, 954, 1263, 1125, 751, 840, 969, 790, 731, 902, 930, 869, 931, 1184, 1016, 813, 952, 1529, 1869, 1291, 1020, 1580, 1739, 1374, 1257, 2012, 2410, 1575, 1066, 1199, 1188, 1173, 1229, 1573, 1500, 1088, 1026, 1051, 810, 735, 1013, 1047, 821, 969, 859, 844, 679, 680, 786, 841, 731, 768, 775, 729, 588, 697, 792, 756, 730, 744, 755, 636, 756, 723, 748, 796, 800, 822, 874, 792, 875, 789, 631, 898, 908, 838, 1010, 915, 866, 806, 635, 815, 787, 791, 1130, 957, 900, 847, 771, 885, 753, 927, 1046, 859, 714, 802, 792, 821, 747, 873, 793, 752, 671, 695, 657, 735, 790, 702, 756, 798, 747, 647, 629, 752, 722, 598, 813, 870, 813, 686, 661, 848, 802, 603, 739, 799, 695, 647, 693, 692, 774, 707, 598, 703, 715, 782, 644, 667, 815, 720, 696, 665, 769, 758, 596, 581, 711, 732, 724, 704, 777, 782, 714, 683, 782, 771, 749, 709, 695, 826, 729, 864, 963, 815, 655, 837, 896, 786, 682, 946, 1006, 716, 683, 798, 958, 872, 573, 814, 962, 839, 848, 731, 821, 777, 709, 767, 893, 986, 791, 705, 762, 745, 578, 743, 838, 814, 722, 721, 697, 684, 551, 865, 842, 707, 731, 704, 642, 579, 557, 747, 749, 672, 712, 560, 747, 688, 593, 639, 832, 948, 625, 659, 870, 691, 575, 648, 764, 845, 663, 762, 784, 607, 587, 766, 846, 824, 728, 825, 817, 702, 561, 811, 1038, 800, 754, 1007, 1099, 835, 620, 949, 1321, 1155, 1551, 1456, 1834, 1096, 886, 1146, 2146, 2447, 2435, 1940, 2944, 1651, 1048, 1527, 3902, 4527, 2188, 1781, 2614, 1671, 1083, 1453, 3253, 3814, 1518, 1034, 1453, 1334, 760, 914, 1486, 1968, 1052, 890, 1067, 1021, 714, 833, 1093, 1263, 830, 798, 978, 885, 772, 817, 1089, 1154, 798, 690, 861, 808, 695, 791, 930, 1005, 739, 800, 844, 730, 650, 732, 791, 827, 844, 1068, 1019, 679, 630, 844, 912, 805, 886, 1388, 1362, 830, 672, 1058, 1181, 862, 953, 1510, 1403, 835, 697, 1204, 1392, 953, 935, 1251, 1079, 639, 693, 1044, 1141, 813, 773, 828, 753, 684, 596, 728, 803, 656, 732, 917, 836, 710, 656, 754, 876, 824, 640, 848, 963, 677, 564, 725, 1017, 991, 643, 754, 786, 597, 646, 702, 835, 943, 537, 608, 609, 497, 439, 569, 579, 506, 519, 540, 632, 582, 530, 574, 608, 614, 445, 575, 534, 396, 390, 454, 521, 514, 446, 583, 553, 385, 390, 469, 475, 443, 497, 473, 476, 401, 417, 438, 382, 472, 440, 418, 512, 526, 488, 457, 439, 432]"
-0.3439618647098541,-1.6746480464935303,0.3503999710083008,-2.55729603767395,0.0,0.0,0.0,-1.2385075092315674,-0.8179664611816406,20.5,-1.2385075092315674,-0.7716178894042969,25.25,-1.2385075092315674,-0.7322788238525391,19.75,-1.2385075092315674,0.9873390197753906,18.0,-1.2385075092315674,1.3348102569580078,18.25,"[589, 654, 627, 670, 726, 663, 628, 656, 544, 601, 634, 646, 684, 709, 685, 589, 472, 602, 593, 532, 617, 685, 670, 544, 545, 542, 539, 531, 556, 609, 595, 604, 512, 480, 477, 420, 539, 564, 530, 519, 555, 521, 501, 559, 628, 576, 530, 568, 546, 475, 512, 550, 555, 557, 511, 536, 495, 523, 572, 531, 506, 537, 597, 553, 593, 542, 494, 571, 572, 507, 521, 623, 491, 517, 547, 487, 416, 432, 524, 519, 554, 542, 568, 534, 451, 470, 596, 613, 554, 471, 613, 628, 531, 562, 534, 572, 537, 457, 539, 597, 531, 457, 463, 578, 565, 540, 589, 548, 469, 503, 534, 603, 617, 595, 537, 500, 584, 616, 522, 550, 503, 565, 552, 512, 545, 614, 623, 523, 493, 411, 409, 522, 520, 494, 524, 521, 579, 513, 591, 574, 604, 523, 528, 620, 618, 673, 597, 424, 542, 560, 526, 516, 578, 548, 526, 484, 509, 514, 513, 583, 574, 566, 545, 485, 494, 488, 490, 520, 520, 605, 585, 543, 511, 551, 590, 544, 584, 498, 540, 584, 547, 489, 477, 571, 594, 528, 594, 656, 561, 599, 560, 576, 491, 501, 498, 525, 474, 527, 551, 500, 487, 582, 506, 467, 516, 585, 541, 509, 567, 709, 616, 509, 600, 629, 624, 545, 1945, 2417, 1603, 747, 1165, 1304, 1235, 777, 3323, 4311, 2704, 978, 1846, 2126, 2097, 962, 4507, 5953, 3784, 1007, 2183, 3012, 3025, 1394, 7408, 10147, 6638, 1339, 3610, 6116, 5911, 2033, 8769, 11574, 7381, 1761, 3747, 6891, 6649, 3003, 5867, 7807, 5058, 1429, 2582, 4412, 4377, 1874, 4368, 6956, 5205, 1693, 1835, 3634, 4551, 2297, 3785, 6397, 4991, 1783, 1588, 3532, 4774, 2684, 2365, 3916, 3019, 1107, 1127, 2307, 3043, 1746, 1309, 2059, 1609, 799, 819, 1266, 1520, 891, 3142, 5088, 3812, 967, 1741, 1930, 2428, 932, 6739, 10992, 8005, 1215, 3659, 3557, 4946, 1254, 6352, 10468, 7617, 1137, 3473, 3214, 4712, 1221, 2466, 3920, 2862, 658, 1531, 1444, 1753, 750, 1258, 1621, 1224, 731, 888, 1109, 1111, 738, 2112, 2650, 1772, 842, 1189, 1379, 1540, 964, 1979, 2556, 1699, 717, 1097, 1559, 1657, 905, 1254, 1665, 1191, 600, 853, 1203, 1101, 582, 933, 1166, 874, 665, 793, 830, 751, 598, 821, 911, 731, 593, 680, 741, 669, 599, 733, 829, 706, 557, 625, 742, 594, 524, 947, 1170, 1002, 695, 716, 770, 706, 613, 1255, 1868, 1568, 752, 988, 1146, 940, 662, 1102, 1665, 1379, 697, 1060, 1164, 871, 574, 921, 1067, 938, 811, 1072, 1196, 821, 691, 1330, 1879, 1718, 988, 1294, 1461, 1046, 884, 1575, 2458, 2051, 1039, 1660, 1681, 1063, 877, 1327, 1837, 1469, 841, 1255, 1214, 804, 847, 1150, 1472, 1201, 828, 986, 890, 780, 829, 959, 1344, 1202, 760, 817, 870, 926, 785, 787, 1183, 1130, 792, 838, 1022, 938, 766, 806, 1078, 1071, 754, 741, 777, 858, 682, 1274, 1312, 1008, 795, 786, 900, 875, 803, 1668, 2025, 1420, 674, 1057, 1173, 1029, 820, 1362, 1509, 1012, 487, 865, 907, 721, 679, 800, 827, 718, 590, 715, 730, 619, 618, 695, 826, 701, 507, 652, 657, 664, 632, 759, 838, 652, 452, 638, 771, 625, 558, 873, 1005, 861, 646, 745, 821, 667, 607, 827, 977, 815, 621, 711, 649, 510, 630, 651, 768, 689, 525, 510, 549, 531, 473, 722, 853, 767, 532, 568, 641, 612, 512, 785, 887, 809, 671, 795, 793, 683, 638, 798, 901, 826, 805, 814, 814, 654, 610, 801, 1189, 1145, 907, 837, 1026, 1201, 938, 838, 1694, 1651, 1012, 907, 1483, 2011, 1572, 988, 1679, 1543, 898, 944, 1604, 2118, 1581, 907, 1459, 1297, 727, 838, 1512, 1959, 1421, 895, 1685, 1592, 788, 934, 1571, 1894, 1335, 878, 1081, 1231, 1007, 890, 937, 1078, 1038, 787, 826, 731, 794, 781, 580, 847, 952, 734, 915, 795, 614, 639, 764, 976, 842, 650, 821, 783, 628, 546, 735, 943, 770, 540, 759, 724, 573, 587, 732, 839, 681, 642, 736, 711, 613, 637, 715, 767, 657, 692, 747, 726, 705, 680, 680, 742, 630, 657, 736, 729, 677, 685, 768, 742, 598, 691, 637, 715, 679, 674, 638, 678, 695, 689, 776, 743, 653, 635, 697, 687, 616, 637, 736, 810, 708, 561, 809, 817, 613, 809, 929, 938, 820, 736, 1159, 1239, 865, 854, 810, 835, 778, 738, 1064, 1058, 906, 821, 823, 851, 730, 672, 883, 750, 625, 661, 751, 800, 745, 726, 890, 816, 670, 698, 813, 749, 643, 708, 790, 750, 578, 755, 1055, 917, 658, 706, 716, 849, 710, 793, 1045, 1028, 706, 585, 627, 876, 864, 862, 897, 919, 725, 690, 795, 815, 836, 829, 960, 877, 638, 685, 839, 821, 742, 856, 815, 775, 570, 666, 823, 816, 778, 883, 862, 834, 694, 754, 904, 958, 962, 868, 916, 732, 631, 771, 987, 954, 769, 1012, 850, 664, 776, 807, 1011, 817, 775, 1094, 754, 710, 903, 818, 943, 734, 847, 988, 806, 857, 776, 610, 737, 690, 891, 654, 713, 789, 553, 641, 812, 859, 748, 780, 777, 750, 588, 676, 831, 854, 738, 988, 885, 856, 736, 700, 825, 856, 947, 1130, 1087, 1275, 998, 765, 1023, 1362, 1428, 1582, 1416, 2169, 1625, 1055, 1372, 2531, 2720, 1810, 1338, 2287, 1814, 1081, 1263, 2746, 3162, 1590, 1268, 2150, 1747, 893, 1132, 2498, 2811, 1267, 2010, 2878, 1784, 681, 1541, 3355, 3389, 1229, 2276, 2887, 1564, 791, 1737, 3764, 3629, 1067, 2374, 2734, 1370, 740, 1770, 3624, 3279, 760, 1936, 1979, 1000, 760, 1428, 2476, 2028, 638, 1253, 1141, 777, 753, 1040, 1526, 1264, 967, 951, 1135, 835, 803, 850, 1334, 1436, 1498, 1344, 1138, 905, 1030, 1074, 1279, 1415, 1555, 1194, 1220, 1026, 884, 1176, 1698, 1929, 1354, 862, 1026, 766, 737, 919, 1686, 1966, 766, 761, 794, 690, 606, 865, 1138, 987, 750, 871, 774, 727, 524, 802, 923, 742, 702, 732, 609, 558, 474, 587, 692, 658, 684, 640, 670, 572, 549, 502, 665, 739, 644, 705, 643, 589, 531, 637, 720, 617, 554, 646, 607, 555, 459, 568, 695, 516, 597, 628, 666, 575, 492, 711, 710, 591, 550, 618, 685, 616, 462, 624, 691, 448, 503, 481, 586, 635, 447, 586, 578, 363, 504, 570, 635, 624, 514, 582, 598, 444]"
-0.5996915102005005,-1.6746480464935303,0.3503999710083008,-2.55729603767395,0.0,0.0,0.0,-1.2735475301742554,-0.8148193359375,21.25,-1.2735475301742554,-0.7414340972900391,29.0,-1.2735475301742554,0.8139610290527344,21.0,-1.2735475301742554,0.9202480316162109,28.5,-1.1512387990951538,-0.6600379943847656,27.0,"[593, 626, 626, 501, 476, 499, 629, 623, 549, 541, 648, 659, 612, 582, 675, 660, 512, 648, 610, 533, 534, 646, 653, 555, 469, 616, 629, 451, 461, 560, 594, 484, 518, 548, 448, 413, 520, 470, 554, 525, 566, 574, 536, 481, 518, 553, 549, 515, 554, 564, 521, 485, 553, 542, 533, 523, 537, 508, 564, 550, 505, 504, 548, 613, 499, 492, 541, 522, 438, 500, 609, 581, 434, 516, 623, 541, 442, 510, 577, 522, 491, 518, 652, 573, 488, 566, 572, 606, 574, 554, 640, 644, 515, 503, 506, 560, 518, 572, 577, 550, 496, 550, 520, 468, 532, 597, 498, 550, 619, 501, 493, 537, 571, 523, 495, 579, 649, 564, 433, 505, 555, 478, 526, 578, 589, 563, 540, 556, 537, 542, 469, 471, 573, 641, 565, 529, 525, 564, 514, 543, 569, 597, 552, 445, 499, 560, 491, 427, 479, 568, 572, 496, 547, 538, 500, 515, 499, 497, 544, 502, 635, 672, 606, 618, 567, 584, 572, 521, 745, 635, 568, 645, 550, 584, 566, 573, 699, 633, 563, 587, 596, 593, 572, 611, 590, 552, 548, 551, 569, 590, 528, 582, 514, 421, 483, 553, 448, 449, 559, 581, 1033, 1054, 721, 624, 844, 828, 656, 743, 5300, 6386, 3624, 1452, 3257, 3208, 2609, 1507, 11922, 15259, 8950, 2578, 6621, 6364, 6353, 2539, 12476, 16616, 10236, 2965, 6353, 6793, 7648, 3271, 9096, 12792, 8475, 2731, 4918, 5792, 6982, 3581, 4712, 7414, 5541, 1949, 2898, 3886, 4916, 2697, 2055, 4244, 3667, 1461, 1553, 2227, 3327, 2075, 3006, 5264, 4037, 1242, 1776, 2326, 3265, 1491, 2859, 4502, 3342, 1057, 1538, 2399, 2837, 1155, 4006, 6064, 4330, 1229, 2130, 2862, 3484, 1271, 5492, 8327, 5917, 1401, 3084, 3552, 4351, 1517, 4674, 7229, 5195, 1122, 2785, 2776, 3580, 1237, 2505, 3758, 2755, 796, 1539, 1543, 1764, 824, 1319, 1992, 1553, 663, 1041, 1163, 1148, 851, 1281, 1930, 1441, 693, 955, 1334, 1412, 946, 1116, 1546, 1270, 722, 802, 1140, 1289, 861, 1071, 1423, 1160, 745, 655, 1154, 1326, 818, 1189, 1574, 1318, 799, 929, 1352, 1390, 826, 1296, 2057, 1733, 808, 1059, 1541, 1677, 1113, 1603, 2840, 2295, 1046, 1093, 2344, 3240, 2185, 1816, 3397, 2728, 1237, 1026, 2759, 3915, 2579, 1699, 2861, 2231, 1083, 1012, 1890, 2702, 1740, 1280, 1674, 1225, 769, 801, 1274, 1477, 915, 1029, 1169, 846, 646, 816, 987, 893, 661, 1230, 1642, 1319, 991, 1079, 1086, 949, 834, 1191, 1359, 1415, 1190, 1087, 1468, 1287, 955, 1348, 1502, 1332, 936, 1217, 1573, 1235, 952, 1231, 1708, 1388, 747, 1192, 1320, 1050, 750, 1122, 1521, 1145, 705, 1139, 1228, 996, 707, 1153, 1514, 1158, 654, 1048, 1054, 885, 665, 952, 1276, 1030, 740, 902, 961, 840, 611, 873, 1142, 919, 758, 914, 890, 747, 671, 1051, 1314, 1087, 752, 1000, 950, 800, 742, 1143, 1317, 937, 793, 1014, 912, 754, 706, 1013, 1046, 782, 683, 853, 788, 711, 769, 827, 930, 729, 543, 743, 687, 631, 617, 817, 888, 756, 559, 694, 709, 551, 565, 873, 1031, 988, 690, 894, 990, 766, 646, 903, 986, 834, 638, 908, 909, 684, 620, 698, 775, 595, 499, 763, 742, 562, 571, 718, 672, 619, 646, 751, 720, 588, 648, 683, 683, 666, 610, 652, 776, 699, 645, 837, 914, 748, 680, 772, 737, 637, 628, 717, 821, 696, 575, 722, 705, 568, 588, 788, 854, 694, 668, 747, 730, 669, 688, 993, 931, 838, 716, 909, 943, 820, 855, 831, 937, 937, 752, 794, 920, 984, 1012, 822, 1098, 1118, 860, 692, 896, 1220, 1109, 933, 1331, 1342, 962, 878, 1314, 1569, 1337, 1070, 1320, 1392, 1082, 777, 1451, 1688, 1291, 936, 1025, 1113, 919, 705, 1071, 1097, 914, 846, 833, 905, 797, 883, 1022, 822, 757, 760, 800, 914, 797, 822, 973, 911, 740, 704, 653, 709, 615, 586, 785, 833, 738, 671, 677, 700, 635, 621, 735, 730, 640, 645, 634, 541, 623, 762, 752, 687, 612, 651, 686, 596, 669, 780, 794, 730, 678, 781, 782, 731, 794, 788, 659, 762, 778, 860, 912, 750, 688, 854, 811, 740, 762, 764, 1050, 901, 602, 793, 862, 712, 511, 749, 986, 811, 626, 756, 707, 775, 643, 822, 1076, 833, 724, 904, 809, 723, 674, 839, 955, 770, 629, 798, 878, 831, 676, 968, 1243, 903, 575, 775, 994, 1052, 721, 943, 1141, 950, 693, 649, 849, 1054, 889, 699, 895, 854, 664, 648, 722, 889, 758, 604, 908, 768, 589, 637, 720, 915, 741, 745, 921, 685, 544, 603, 739, 913, 743, 748, 787, 625, 560, 597, 755, 803, 715, 799, 786, 887, 730, 599, 769, 763, 776, 767, 656, 747, 787, 662, 776, 698, 684, 909, 776, 619, 729, 719, 800, 716, 722, 789, 794, 728, 759, 544, 626, 752, 725, 550, 719, 818, 700, 571, 761, 923, 714, 702, 622, 677, 689, 781, 819, 815, 776, 902, 729, 682, 765, 747, 668, 737, 847, 944, 863, 706, 644, 740, 780, 772, 835, 875, 797, 693, 655, 679, 661, 746, 834, 940, 828, 769, 775, 700, 760, 905, 914, 1017, 973, 950, 826, 755, 794, 762, 859, 781, 945, 922, 736, 753, 931, 881, 720, 1122, 1124, 1356, 1067, 820, 1104, 1285, 1187, 1483, 1345, 2291, 1865, 910, 1295, 1799, 2247, 1602, 1251, 2115, 1821, 866, 1241, 1754, 2266, 1570, 1129, 1977, 1598, 914, 1083, 1737, 2231, 1403, 1187, 1851, 1515, 800, 979, 1820, 2093, 1389, 1270, 1438, 1264, 745, 980, 1582, 1647, 1193, 1269, 1169, 1048, 746, 1028, 1239, 1084, 1102, 1201, 1252, 1038, 802, 1057, 1167, 1161, 1218, 1220, 1240, 1100, 973, 1243, 1469, 1303, 1110, 1535, 1642, 1052, 801, 1142, 1556, 1379, 1405, 1297, 1532, 1029, 817, 1028, 1371, 1627, 1388, 1133, 951, 903, 801, 1034, 1159, 1305, 967, 1175, 1004, 724, 721, 1052, 1221, 902, 750, 1051, 983, 727, 637, 947, 1141, 875, 716, 791, 752, 701, 639, 733, 858, 802, 690, 750, 778, 694, 618, 706, 872, 821, 534, 693, 770, 615, 548, 675, 715, 640, 668, 681, 626, 566, 668, 786, 849, 755, 696, 714, 635, 532, 611, 764, 716, 623, 696, 680, 519, 545, 555, 640, 592, 519, 662, 616, 523, 511, 547, 613, 572, 595, 564, 613, 503, 409, 507, 611, 568, 521]"
-0.8554211258888245,-1.6746480464935303,0.3503999710083008,-2.55729603767395,0.0,0.0,0.0,-1.3085875511169434,0.7061004638671875,28.75,-1.3085875511169434,0.8281230926513672,18.5,-1.3085875511169434,0.9175300598144531,22.0,-0.9366545677185059,0.5179882049560547,29.25,-0.8086237907409668,0.36163330078125,21.75,"[447, 577, 679, 642, 607, 644, 681, 576, 470, 560, 595, 631, 643, 562, 628, 522, 520, 548, 529, 466, 540, 483, 527, 512, 504, 655, 590, 445, 443, 490, 491, 410, 449, 561, 456, 386, 454, 450, 429, 378, 451, 499, 537, 482, 457, 505, 495, 470, 489, 489, 528, 572, 557, 485, 502, 529, 444, 426, 535, 577, 457, 474, 559, 539, 527, 477, 476, 539, 525, 474, 451, 507, 581, 515, 490, 536, 529, 520, 487, 484, 601, 593, 539, 594, 572, 511, 516, 542, 687, 682, 591, 572, 580, 552, 501, 557, 562, 547, 431, 415, 540, 546, 543, 538, 575, 618, 545, 525, 640, 668, 594, 581, 568, 553, 580, 552, 524, 583, 572, 500, 543, 492, 560, 618, 567, 518, 574, 633, 491, 486, 639, 689, 566, 489, 518, 580, 566, 546, 532, 471, 536, 529, 488, 516, 552, 464, 468, 475, 425, 451, 421, 514, 529, 486, 507, 498, 490, 468, 478, 595, 524, 544, 496, 496, 541, 536, 536, 534, 519, 553, 554, 530, 559, 622, 609, 558, 516, 495, 512, 470, 460, 538, 534, 486, 545, 518, 511, 531, 541, 546, 536, 544, 1122, 1158, 796, 753, 789, 884, 788, 774, 4867, 6346, 4715, 2030, 2709, 4433, 4497, 2421, 10623, 15151, 11043, 3586, 5567, 9309, 10008, 4526, 9800, 13896, 9839, 3573, 5005, 7513, 8546, 4527, 4931, 6460, 4292, 2102, 2395, 2818, 3647, 2760, 3903, 4983, 3126, 1492, 1571, 2242, 2828, 1738, 2757, 3625, 2421, 1024, 1555, 2232, 2198, 1162, 2216, 3328, 2441, 912, 1890, 2435, 2206, 953, 1971, 2955, 2189, 1006, 1631, 1922, 1794, 1028, 2300, 3301, 2457, 1005, 1487, 1934, 2070, 1176, 2454, 3195, 2170, 863, 1347, 1826, 1939, 1106, 1891, 2478, 1673, 761, 1241, 1447, 1539, 938, 1484, 1999, 1373, 751, 1034, 1167, 1166, 743, 1456, 1743, 1131, 782, 1125, 1038, 775, 760, 1416, 1713, 1144, 754, 1046, 1117, 1017, 834, 1717, 2299, 1691, 765, 1072, 1759, 1996, 1293, 2478, 3678, 2750, 1053, 1441, 3203, 3663, 2143, 2593, 3880, 3017, 1172, 1573, 3521, 4003, 2344, 1722, 2637, 2182, 1041, 1006, 1845, 2169, 1504, 1416, 1997, 1661, 880, 1175, 1438, 1184, 887, 1225, 1556, 1317, 746, 1010, 1196, 946, 816, 952, 995, 876, 669, 801, 806, 684, 787, 651, 780, 694, 543, 672, 578, 582, 655, 624, 786, 761, 670, 741, 699, 750, 718, 862, 1080, 864, 673, 792, 818, 710, 670, 1765, 1934, 1082, 1050, 1426, 1097, 884, 809, 2399, 3120, 2235, 1583, 2019, 1701, 1371, 1156, 1953, 2897, 2298, 1287, 1772, 1693, 1202, 1039, 2161, 2789, 1922, 1188, 1877, 1742, 1160, 1025, 2039, 2475, 1630, 1096, 1920, 1751, 1035, 1098, 1390, 1628, 1139, 815, 1445, 1429, 903, 829, 899, 1034, 792, 687, 941, 970, 766, 622, 797, 920, 727, 700, 812, 875, 775, 603, 741, 961, 886, 715, 781, 1004, 884, 583, 690, 799, 778, 661, 667, 887, 851, 618, 670, 791, 781, 603, 659, 719, 689, 604, 749, 894, 823, 677, 760, 749, 591, 583, 860, 870, 676, 614, 696, 709, 591, 620, 757, 735, 596, 608, 654, 662, 552, 581, 781, 835, 759, 650, 640, 582, 608, 641, 709, 704, 644, 640, 623, 627, 632, 629, 579, 464, 594, 585, 547, 535, 542, 656, 576, 578, 560, 542, 500, 516, 570, 590, 683, 748, 703, 634, 642, 627, 632, 621, 780, 772, 773, 688, 678, 659, 730, 769, 759, 957, 882, 653, 708, 888, 1034, 965, 804, 1176, 1161, 720, 789, 1120, 1351, 1072, 752, 1046, 1125, 813, 768, 1070, 1191, 1062, 864, 1122, 973, 906, 747, 1060, 1266, 986, 954, 1216, 892, 764, 689, 1182, 1296, 796, 871, 1078, 883, 815, 745, 1053, 1284, 990, 824, 874, 874, 781, 866, 958, 979, 885, 637, 772, 708, 687, 712, 821, 824, 676, 544, 751, 774, 740, 741, 797, 780, 601, 549, 730, 796, 719, 655, 693, 732, 599, 789, 801, 751, 745, 648, 759, 734, 701, 736, 770, 718, 596, 554, 674, 683, 641, 1023, 1095, 958, 758, 593, 750, 819, 875, 1455, 1299, 1070, 897, 937, 879, 1007, 1288, 1265, 1231, 1004, 779, 742, 869, 1006, 1110, 774, 875, 855, 617, 682, 828, 867, 761, 974, 941, 933, 722, 662, 909, 958, 927, 753, 1028, 1219, 921, 671, 943, 1159, 1024, 687, 875, 1053, 953, 663, 977, 1066, 784, 764, 970, 932, 801, 744, 851, 809, 718, 908, 993, 843, 810, 894, 940, 811, 727, 873, 870, 745, 695, 788, 867, 769, 679, 722, 892, 749, 600, 675, 877, 797, 663, 681, 858, 728, 504, 642, 682, 653, 627, 711, 762, 700, 632, 691, 735, 743, 731, 730, 771, 708, 666, 699, 771, 739, 692, 627, 740, 775, 665, 682, 775, 667, 627, 800, 674, 716, 642, 643, 676, 560, 738, 1051, 825, 725, 671, 704, 835, 665, 832, 1083, 944, 686, 747, 818, 802, 721, 958, 902, 822, 728, 710, 783, 751, 756, 881, 717, 699, 759, 687, 687, 698, 729, 772, 850, 806, 771, 673, 711, 1032, 967, 700, 976, 1084, 800, 570, 675, 1064, 1117, 768, 1007, 995, 829, 662, 830, 846, 802, 805, 863, 847, 821, 707, 756, 849, 835, 806, 905, 906, 792, 731, 815, 929, 809, 707, 967, 936, 796, 761, 890, 812, 654, 802, 1095, 836, 1358, 1112, 757, 725, 1180, 1574, 1027, 980, 1342, 1039, 817, 771, 1270, 1526, 943, 1360, 1490, 1124, 1171, 1361, 1470, 1356, 1118, 1868, 2059, 1658, 1342, 1475, 1860, 1926, 1068, 1348, 1839, 1561, 1047, 1058, 1510, 1690, 857, 1020, 1319, 1042, 766, 980, 1448, 1440, 780, 989, 1051, 773, 748, 784, 909, 957, 898, 1083, 1001, 840, 800, 735, 688, 806, 787, 779, 715, 656, 784, 804, 927, 872, 685, 1058, 932, 628, 709, 935, 1282, 1110, 654, 940, 894, 584, 573, 736, 1150, 1028, 625, 815, 737, 561, 494, 873, 1044, 734, 712, 885, 882, 709, 513, 852, 1008, 702, 674, 698, 727, 619, 593, 673, 661, 549, 721, 701, 610, 632, 633, 580, 588, 602, 574, 527, 568, 644, 641, 564, 603, 587, 580, 551, 594, 596, 518, 597, 624, 545, 506, 356, 524, 562, 449, 488, 496, 555, 547, 472, 491, 504, 492, 451, 418, 541, 518, 502, 496, 526, 516, 414, 452, 535, 545, 504, 582, 575, 449, 496, 581, 546]"
-1.1111507415771484,-1.6746480464935303,0.3503999710083008,-2.55729603767395,0.0,0.0,0.0,-1.3436275720596313,0.5497455596923828,25.25,-1.3436275720596313,0.6115436553955078,28.75,-1.3436275720596313,0.6628990173339844,19.0,-1.3436275720596313,0.6834983825683594,20.5,-0.8593994379043579,-0.28324127197265625,26.0,"[572, 651, 739, 710, 698, 712, 740, 650, 601, 626, 656, 613, 636, 718, 743, 686, 546, 564, 547, 535, 602, 669, 650, 581, 481, 468, 446, 536, 544, 480, 497, 490, 566, 612, 499, 491, 530, 515, 495, 448, 536, 580, 558, 541, 560, 508, 462, 512, 513, 501, 509, 491, 477, 488, 464, 537, 554, 526, 515, 519, 511, 577, 601, 567, 491, 549, 577, 519, 488, 503, 515, 495, 557, 673, 655, 552, 528, 454, 606, 585, 604, 646, 619, 566, 575, 534, 581, 624, 566, 577, 522, 518, 493, 493, 560, 506, 488, 453, 508, 584, 563, 510, 530, 475, 434, 492, 605, 632, 562, 561, 537, 454, 456, 587, 612, 471, 589, 695, 541, 467, 553, 502, 488, 526, 573, 567, 549, 542, 573, 514, 490, 595, 548, 488, 624, 687, 605, 534, 527, 586, 627, 510, 566, 655, 521, 591, 533, 432, 513, 491, 559, 484, 497, 595, 648, 608, 512, 603, 623, 468, 514, 572, 552, 589, 642, 570, 563, 489, 564, 581, 609, 555, 578, 534, 539, 532, 1895, 2493, 1788, 1087, 1482, 1455, 1346, 1052, 7342, 9583, 6311, 3109, 4895, 4673, 4313, 3160, 11447, 14580, 9290, 4169, 6794, 6542, 6165, 4529, 8265, 10782, 7117, 2955, 4527, 4492, 4606, 3453, 4052, 5839, 4272, 2015, 2465, 3140, 3431, 2275, 4697, 7047, 4752, 1623, 3296, 4595, 4337, 1622, 6887, 10023, 6585, 1555, 4812, 5933, 5349, 1595, 7347, 10820, 7183, 1542, 4778, 5733, 5561, 1705, 5267, 7986, 5602, 1413, 3416, 4333, 4442, 1888, 3350, 4803, 3488, 1199, 2011, 2743, 2999, 1775, 2013, 2446, 1851, 959, 1143, 1480, 1532, 1351, 1567, 1689, 1105, 763, 901, 946, 792, 838, 1651, 1871, 1128, 710, 1007, 980, 930, 782, 1314, 1539, 1040, 607, 864, 829, 785, 694, 1092, 1190, 877, 649, 757, 771, 742, 727, 1447, 1721, 1362, 746, 1148, 1499, 1264, 847, 1894, 2550, 1806, 738, 1287, 2091, 1851, 842, 1803, 2584, 1823, 841, 1160, 1801, 1798, 971, 1398, 2320, 1852, 953, 990, 1720, 2090, 1353, 1256, 2226, 1894, 1067, 1011, 1852, 2299, 1439, 1440, 2528, 2189, 1162, 944, 1663, 2153, 1451, 1249, 1988, 1772, 1032, 879, 1138, 1391, 1032, 918, 1141, 1052, 860, 845, 884, 885, 814, 727, 745, 726, 603, 640, 730, 708, 745, 709, 728, 733, 606, 643, 657, 625, 665, 1030, 1303, 1021, 681, 920, 931, 733, 625, 1249, 1640, 1207, 815, 1167, 1079, 831, 657, 1566, 2125, 1530, 867, 1350, 1341, 965, 745, 1717, 2454, 1897, 853, 1473, 1617, 1180, 824, 1509, 2171, 1819, 1023, 1523, 1616, 1223, 901, 1063, 1196, 1380, 1028, 992, 1233, 926, 886, 952, 965, 973, 887, 800, 860, 733, 745, 814, 1130, 1040, 659, 741, 789, 729, 696, 646, 741, 873, 809, 789, 769, 677, 778, 815, 719, 775, 807, 699, 805, 819, 812, 833, 902, 790, 658, 654, 910, 902, 669, 668, 920, 859, 627, 656, 824, 836, 647, 741, 906, 777, 599, 728, 739, 728, 615, 690, 867, 788, 685, 624, 686, 770, 613, 687, 936, 881, 633, 607, 690, 755, 549, 789, 975, 916, 686, 698, 782, 735, 694, 764, 860, 854, 718, 686, 678, 705, 772, 797, 853, 678, 582, 622, 666, 684, 724, 875, 884, 645, 607, 681, 757, 656, 709, 797, 765, 580, 540, 636, 683, 558, 616, 696, 830, 732, 512, 585, 698, 612, 546, 720, 894, 846, 662, 769, 817, 890, 794, 789, 916, 1080, 886, 729, 877, 928, 973, 951, 974, 914, 769, 751, 829, 794, 862, 865, 1156, 1260, 842, 809, 1001, 1278, 1120, 642, 1180, 1261, 827, 820, 1009, 1238, 1061, 712, 1080, 1103, 834, 753, 896, 1049, 775, 813, 1076, 1023, 850, 728, 899, 1065, 837, 686, 833, 818, 638, 552, 825, 977, 800, 751, 876, 763, 622, 597, 781, 851, 729, 700, 808, 696, 582, 588, 663, 743, 668, 781, 884, 838, 695, 653, 659, 800, 775, 729, 709, 758, 740, 777, 700, 837, 814, 722, 743, 746, 759, 843, 778, 657, 727, 878, 750, 721, 784, 821, 747, 687, 848, 1016, 941, 834, 757, 895, 991, 913, 915, 976, 1058, 684, 525, 886, 1010, 858, 693, 885, 992, 723, 534, 778, 918, 762, 596, 857, 932, 859, 800, 803, 903, 880, 836, 772, 933, 1046, 886, 891, 960, 851, 806, 837, 872, 809, 698, 770, 906, 869, 759, 704, 761, 862, 775, 707, 832, 807, 756, 766, 803, 855, 764, 684, 754, 734, 776, 796, 770, 767, 662, 682, 706, 647, 703, 748, 761, 737, 661, 593, 665, 723, 662, 674, 684, 717, 681, 663, 653, 660, 679, 725, 723, 689, 596, 643, 670, 637, 723, 694, 742, 855, 694, 695, 830, 826, 784, 967, 880, 968, 789, 784, 986, 928, 997, 897, 932, 778, 658, 796, 982, 876, 864, 736, 869, 768, 741, 834, 967, 861, 769, 795, 884, 817, 734, 829, 983, 941, 805, 978, 955, 895, 765, 939, 1121, 977, 903, 1067, 805, 844, 827, 1074, 1115, 782, 1002, 1009, 826, 772, 780, 1014, 1009, 818, 934, 1151, 1172, 1080, 896, 824, 1155, 1218, 1133, 1360, 1475, 1250, 941, 971, 1268, 1182, 1294, 1163, 1004, 808, 820, 729, 854, 730, 956, 935, 867, 619, 686, 774, 710, 665, 744, 923, 870, 708, 718, 786, 723, 705, 769, 903, 1146, 1391, 1110, 909, 1197, 1621, 1643, 1898, 2035, 2690, 1913, 1184, 2025, 3482, 3602, 1961, 2066, 2743, 1965, 1324, 2182, 3678, 3714, 1341, 2136, 2210, 1478, 1302, 2158, 2837, 2274, 1372, 1963, 2105, 1594, 1263, 1944, 2227, 1530, 1183, 1194, 1212, 1169, 1015, 1460, 1548, 1093, 1111, 1344, 1119, 936, 951, 1384, 1531, 1111, 1469, 1701, 1622, 1053, 955, 1397, 1714, 1721, 1531, 1652, 1581, 1227, 1083, 1488, 1632, 1637, 1172, 1477, 1100, 808, 1076, 1600, 1526, 1122, 1315, 1263, 996, 927, 1010, 1450, 1569, 1265, 1204, 1367, 1197, 944, 880, 1502, 1750, 1243, 892, 1032, 1088, 1017, 750, 1249, 1449, 1067, 899, 1056, 1169, 990, 674, 995, 1105, 1069, 757, 1050, 1118, 791, 629, 893, 1048, 1022, 777, 894, 1288, 986, 738, 895, 1225, 1273, 711, 774, 1364, 1079, 592, 787, 1062, 1222, 588, 661, 803, 669, 529, 656, 751, 732, 652, 526, 666, 710, 606, 577, 565, 702, 581, 688, 733, 713, 614, 663, 624, 613, 549, 740, 746, 627, 543, 634, 629, 548]"
-1.3668804168701172,-1.6746480464935303,0.3503999710083008,-2.55729603767395,0.0,0.0,0.0,-1.3786675930023193,0.6947994232177734,27.25,-1.3786675930023193,0.7905006408691406,21.5,-1.3786675930023193,0.7946491241455078,16.25,-1.3786675930023193,0.9312629699707031,17.0,-1.3786675930023193,0.9492874145507812,15.0,"[421, 547, 592, 535, 583, 537, 593, 548, 491, 575, 573, 549, 550, 549, 614, 578, 520, 504, 478, 476, 425, 503, 512, 509, 468, 456, 445, 465, 459, 448, 454, 482, 516, 478, 517, 557, 528, 486, 476, 559, 493, 466, 584, 525, 469, 471, 505, 524, 457, 432, 556, 538, 497, 504, 520, 507, 450, 453, 571, 561, 581, 532, 533, 556, 467, 403, 504, 549, 442, 392, 487, 550, 498, 463, 510, 559, 483, 425, 498, 498, 502, 435, 455, 533, 503, 467, 523, 533, 559, 533, 532, 569, 541, 546, 566, 541, 457, 474, 489, 479, 480, 512, 544, 511, 437, 522, 470, 475, 452, 466, 495, 482, 501, 537, 565, 556, 526, 548, 474, 529, 607, 610, 512, 510, 527, 477, 550, 569, 551, 565, 466, 455, 522, 513, 560, 530, 475, 553, 478, 471, 542, 544, 552, 498, 466, 498, 555, 548, 532, 503, 567, 539, 456, 454, 485, 561, 459, 482, 568, 573, 447, 495, 573, 566, 466, 510, 587, 550, 1571, 2410, 1740, 684, 701, 1301, 1568, 710, 5405, 8163, 5453, 1179, 2226, 4544, 5197, 1623, 8719, 12382, 7970, 1661, 3686, 6916, 7357, 2104, 7618, 10423, 6494, 1500, 3160, 5525, 5873, 1637, 4646, 6369, 3948, 1063, 1962, 3501, 3683, 1191, 3112, 3773, 2623, 1265, 1655, 2538, 2405, 1272, 2076, 4033, 3886, 2064, 1208, 2911, 4065, 2876, 2664, 5445, 4521, 1664, 1571, 3830, 4923, 2547, 3289, 4606, 3048, 922, 2164, 2798, 2693, 1073, 4298, 5392, 2975, 1075, 2640, 2702, 2423, 980, 3115, 3846, 2040, 1037, 2054, 1873, 1674, 912, 1430, 1711, 1053, 718, 1046, 1052, 940, 672, 726, 848, 755, 625, 651, 742, 661, 610, 712, 712, 670, 682, 603, 591, 694, 662, 719, 665, 674, 679, 651, 604, 582, 653, 691, 697, 569, 604, 687, 659, 593, 622, 780, 811, 691, 651, 663, 653, 700, 680, 931, 1003, 794, 612, 583, 662, 787, 658, 872, 982, 739, 505, 634, 812, 815, 592, 830, 941, 726, 534, 710, 948, 814, 549, 757, 869, 766, 608, 638, 788, 692, 584, 651, 748, 788, 678, 627, 678, 620, 582, 673, 779, 778, 605, 652, 725, 697, 587, 885, 926, 686, 590, 725, 731, 653, 597, 1050, 1081, 745, 721, 780, 792, 708, 782, 1024, 1145, 822, 836, 947, 924, 835, 766, 870, 1011, 717, 718, 857, 772, 726, 633, 794, 1002, 781, 549, 836, 786, 638, 561, 1285, 1811, 1323, 718, 1362, 1288, 810, 710, 1610, 2507, 1960, 890, 1759, 1765, 1065, 815, 1363, 1693, 1407, 952, 1509, 1392, 854, 905, 1355, 1284, 927, 1209, 1248, 1065, 751, 977, 1252, 1248, 963, 1127, 1238, 1004, 859, 1083, 1033, 1005, 839, 840, 880, 757, 739, 903, 721, 795, 739, 676, 755, 671, 679, 651, 844, 1157, 1093, 713, 883, 946, 707, 614, 893, 1050, 1004, 835, 820, 957, 798, 612, 846, 1046, 811, 635, 692, 831, 893, 673, 693, 809, 692, 644, 689, 761, 825, 630, 672, 736, 671, 686, 749, 750, 696, 551, 733, 738, 641, 729, 832, 771, 664, 634, 677, 739, 698, 657, 681, 606, 634, 652, 684, 738, 682, 632, 601, 547, 610, 578, 573, 663, 618, 621, 577, 589, 687, 599, 680, 770, 710, 645, 624, 673, 768, 672, 704, 833, 818, 549, 630, 771, 804, 683, 646, 964, 1030, 749, 588, 876, 1129, 895, 725, 1426, 1531, 950, 695, 1192, 1570, 1242, 744, 1329, 1523, 1069, 681, 1151, 1330, 1190, 702, 781, 944, 900, 616, 810, 950, 808, 721, 737, 788, 719, 657, 685, 807, 725, 610, 728, 803, 681, 596, 762, 753, 675, 785, 841, 863, 699, 606, 665, 760, 747, 902, 950, 775, 647, 654, 736, 728, 720, 822, 922, 665, 547, 612, 777, 726, 542, 632, 899, 854, 599, 481, 629, 840, 653, 601, 868, 849, 638, 618, 723, 808, 683, 654, 733, 690, 655, 704, 678, 703, 665, 649, 656, 705, 686, 613, 621, 734, 768, 639, 657, 629, 649, 564, 528, 589, 549, 640, 711, 688, 580, 520, 543, 573, 569, 690, 744, 777, 613, 667, 769, 762, 709, 847, 862, 805, 674, 736, 856, 742, 747, 787, 945, 868, 637, 728, 815, 770, 638, 849, 887, 791, 665, 762, 890, 800, 753, 792, 764, 682, 618, 736, 905, 793, 779, 755, 779, 816, 705, 677, 803, 728, 689, 820, 832, 839, 663, 716, 872, 698, 664, 759, 891, 716, 546, 746, 752, 717, 613, 706, 732, 627, 478, 663, 752, 703, 710, 724, 672, 691, 745, 744, 699, 664, 701, 586, 594, 622, 635, 634, 600, 613, 627, 686, 777, 671, 605, 556, 630, 745, 636, 719, 882, 665, 556, 584, 694, 793, 678, 781, 878, 707, 618, 612, 687, 811, 663, 799, 721, 623, 590, 588, 667, 695, 741, 888, 765, 590, 623, 635, 656, 713, 805, 834, 828, 628, 572, 632, 685, 650, 699, 777, 792, 622, 649, 656, 698, 696, 651, 814, 717, 618, 638, 585, 574, 636, 686, 765, 793, 716, 591, 556, 643, 656, 621, 664, 743, 624, 497, 636, 741, 697, 583, 812, 894, 758, 734, 755, 735, 689, 746, 808, 818, 801, 766, 723, 664, 684, 773, 766, 821, 792, 709, 811, 747, 670, 748, 784, 975, 783, 639, 835, 950, 935, 727, 687, 870, 750, 621, 781, 979, 932, 718, 632, 839, 722, 620, 707, 731, 794, 613, 1256, 1118, 1354, 1009, 890, 1190, 1139, 1306, 1744, 1289, 1877, 1432, 1127, 1702, 1739, 2151, 1527, 1316, 1780, 1383, 1078, 1508, 1963, 2358, 1444, 1219, 1423, 1191, 977, 1220, 1435, 1672, 1200, 1033, 1202, 1173, 1005, 1029, 1086, 1246, 1058, 844, 808, 864, 694, 666, 753, 1004, 1282, 1084, 890, 911, 689, 818, 857, 1049, 1431, 1230, 1107, 1144, 833, 987, 969, 1184, 1514, 1144, 1130, 1241, 838, 897, 763, 1228, 1250, 894, 953, 1065, 799, 862, 717, 1001, 998, 951, 804, 912, 838, 970, 883, 803, 838, 885, 780, 792, 753, 912, 923, 931, 740, 962, 1118, 905, 830, 860, 1100, 1089, 632, 906, 1095, 988, 835, 823, 871, 878, 681, 627, 866, 917, 839, 729, 836, 894, 551, 563, 624, 698, 614, 501, 572, 634, 568, 504, 619, 638, 548, 506, 565, 580, 658, 615, 682, 624, 574, 678, 656, 671, 648, 770, 812, 610, 567, 739, 749, 644]"
0.9251481890678406,-0.23351751267910004,-0.852433443069458,0.14973273873329163,-0.3842747211456299,-0.7680056691169739,0.2262183278799057,0.008713722229003906,0.9411334991455078,-32.0,0.014721870422363281,0.881195068359375,31.0,0.0911111831665039,0.8581638336181641,16.75,0.12243938446044922,0.8716106414794922,25.5,0.30025196075439453,0.0,21.25,"[552, 514, 485, 551, 621, 555, 486, 509, 551, 645, 626, 581, 672, 639, 537, 501, 447, 576, 626, 559, 562, 572, 531, 461, 493, 575, 460, 416, 534, 543, 574, 520, 502, 476, 442, 424, 545, 527, 497, 542, 459, 534, 483, 382, 475, 536, 514, 464, 481, 541, 597, 504, 465, 499, 550, 520, 588, 514, 586, 593, 643, 612, 544, 572, 464, 469, 484, 584, 519, 523, 585, 502, 506, 532, 537, 599, 531, 506, 572, 592, 521, 564, 506, 504, 536, 553, 588, 534, 624, 587, 511, 504, 557, 565, 552, 503, 538, 577, 498, 427, 473, 482, 512, 480, 538, 642, 621, 533, 570, 578, 617, 553, 529, 562, 530, 501, 611, 559, 525, 597, 625, 605, 523, 459, 496, 582, 558, 565, 530, 613, 602, 527, 530, 576, 616, 563, 492, 568, 648, 586, 506, 585, 598, 538, 518, 580, 592, 554, 494, 483, 501, 499, 454, 561, 625, 598, 494, 404, 436, 447, 564, 633, 674, 587, 517, 550, 490, 545, 537, 556, 599, 590, 593, 534, 530, 537, 536, 542, 599, 573, 542, 562, 572, 582, 545, 527, 592, 562, 570, 568, 502, 609, 535, 452, 532, 543, 578, 592, 442, 477, 570, 572, 555, 569, 569, 609, 444, 463, 522, 570, 570, 573, 507, 540, 565, 531, 482, 537, 532, 521, 487, 461, 610, 541, 548, 534, 591, 490, 478, 521, 585, 585, 564, 534, 544, 584, 565, 567, 619, 598, 592, 587, 528, 574, 590, 499, 603, 636, 425, 552, 496, 472, 536, 509, 614, 593, 447, 494, 488, 412, 439, 517, 569, 520, 602, 569, 575, 511, 537, 605, 627, 651, 559, 534, 616, 534, 479, 511, 584, 632, 547, 597, 610, 493, 493, 576, 520, 594, 511, 605, 649, 574, 538, 469, 464, 497, 567, 744, 723, 575, 580, 625, 611, 506, 634, 726, 617, 679, 755, 698, 582, 527, 533, 591, 549, 618, 678, 613, 664, 583, 450, 542, 578, 496, 510, 499, 492, 517, 582, 598, 626, 611, 586, 475, 499, 629, 574, 591, 635, 638, 636, 624, 609, 588, 679, 576, 569, 656, 689, 640, 617, 591, 685, 596, 595, 625, 564, 682, 682, 621, 641, 610, 600, 594, 564, 737, 693, 665, 566, 515, 543, 541, 543, 541, 517, 613, 686, 698, 607, 612, 683, 620, 563, 614, 668, 614, 642, 706, 675, 599, 602, 678, 653, 633, 611, 707, 715, 552, 608, 662, 627, 646, 550, 550, 686, 644, 591, 530, 861, 713, 846, 1053, 882, 898, 1402, 1384, 1845, 1301, 1934, 2428, 1690, 1554, 4097, 4178, 4605, 4047, 5974, 5012, 3336, 4616, 11766, 11834, 11801, 6633, 12841, 11817, 8452, 7497, 22606, 24919, 11497, 4528, 11127, 11817, 8668, 5177, 18929, 22096, 4669, 1574, 4506, 5465, 3888, 1722, 6922, 8348, 1161, 823, 1310, 1586, 1174, 903, 1116, 1337, 908, 805, 1029, 920, 676, 894, 1211, 1309, 865, 1090, 1413, 1120, 709, 872, 1583, 1705, 798, 1151, 1391, 1073, 755, 905, 1506, 1521, 734, 1420, 1430, 949, 740, 1199, 1806, 1462, 685, 1169, 1167, 744, 638, 1046, 1627, 1339, 698, 944, 930, 739, 631, 800, 1102, 1023, 725, 839, 938, 720, 592, 727, 928, 950, 657, 723, 744, 597, 603, 570, 662, 764, 674, 606, 611, 676, 652, 613, 654, 690, 586, 590, 608, 552, 574, 624, 652, 606, 578, 606, 545, 541, 613, 620, 589, 530, 603, 611, 580, 605, 621, 593, 557, 522, 620, 591, 589, 633, 631, 630, 589, 545, 719, 617, 650, 800, 679, 665, 772, 796, 771, 906, 1036, 979, 666, 952, 1065, 898, 1304, 2389, 2615, 1626, 769, 1683, 1992, 1464, 1607, 3507, 3697, 2075, 971, 1800, 2263, 1650, 1002, 2313, 2841, 1868, 866, 1023, 1390, 1306, 913, 1341, 1639, 1317, 918, 1301, 1389, 1019, 1697, 1751, 1998, 1294, 1678, 2120, 1461, 1538, 2420, 2347, 2802, 1732, 2163, 2501, 1508, 2002, 1867, 1677, 1832, 1549, 1850, 1658, 1208, 1842, 1129, 1159, 1084, 1100, 1225, 905, 882, 1131, 921, 1277, 1275, 1032, 837, 943, 1226, 1090, 821, 1221, 1159, 855, 747, 1005, 1263, 974, 712, 958, 855, 684, 673, 871, 1012, 790, 876, 1112, 973, 757, 627, 770, 936, 736, 865, 1039, 900, 704, 656, 709, 834, 721, 818, 887, 926, 778, 648, 689, 897, 839, 858, 748, 971, 932, 635, 581, 962, 1087, 826, 764, 972, 870, 686, 686, 962, 1086, 722, 644, 778, 800, 658, 713, 719, 782, 703, 495, 623, 658, 628, 571, 588, 751, 710, 586, 674, 628, 604, 651, 570, 765, 570, 555, 664, 605, 564, 628, 616, 630, 649, 640, 643, 647, 731, 613, 586, 640, 547, 637, 662, 664, 645, 585, 656, 640, 534, 681, 730, 581, 609, 667, 667, 558, 509, 624, 670, 581, 572, 629, 639, 546, 522, 574, 626, 649, 498, 567, 652, 572, 611, 493, 633, 691, 588, 531, 660, 741, 589, 463, 672, 705, 538, 445, 704, 832, 560, 603, 695, 559, 483, 490, 714, 751, 602, 706, 698, 606, 635, 582, 686, 677, 602, 592, 612, 668, 675, 638, 570, 617, 628, 697, 811, 757, 655, 673, 706, 693, 626, 651, 630, 658, 600, 655, 665, 553, 691, 812, 793, 678, 646, 708, 697, 570, 695, 810, 765, 653, 728, 800, 717, 605, 550, 638, 649, 602, 729, 712, 681, 584, 508, 541, 600, 575, 541, 612, 659, 608, 541, 676, 655, 600, 534, 571, 603, 607, 531, 657, 609, 529, 543, 610, 671, 552, 533, 566, 605, 636, 592, 565, 653, 598, 443, 431, 513, 549, 445, 539, 653, 560, 603, 631, 602, 607, 596, 582, 641, 642, 498, 589, 633, 501, 426, 530, 678, 545, 545, 678, 684, 597, 479, 707, 886, 706, 685, 678, 676, 698, 632, 656, 834, 772, 876, 797, 1059, 1035, 712, 601, 968, 1103, 756, 972, 1209, 1092, 714, 811, 1122, 1138, 673, 842, 954, 912, 704, 756, 1160, 1037, 557, 560, 651, 698, 499, 569, 839, 807, 448, 554, 660, 566, 437, 546, 653, 604, 490, 573, 537, 523, 497, 533, 597, 505, 406, 450, 414, 476, 420, 469, 597, 519, 434, 441, 422, 394, 437, 493, 546, 500, 452, 485, 539, 501, 448, 506, 565, 541, 457, 517, 568, 482, 410, 455, 521, 517, 466, 433, 399, 447, 409, 418, 449, 438]"
0.95554518699646,-0.36730408668518066,-0.9248141646385193,0.20456945896148682,-0.5367590188980103,-0.7792510390281677,0.24796569347381592,-0.4867844581604004,1.2708663940429688,18.25,-0.30954408645629883,1.164865493774414,24.25,-0.23973512649536133,1.119375228881836,25.0,-0.07465410232543945,1.0179519653320312,24.25,0.2703852653503418,0.6082534790039062,21.75,"[458, 504, 569, 529, 545, 528, 565, 504, 526, 571, 505, 555, 688, 653, 564, 496, 564, 562, 534, 484, 562, 655, 574, 549, 459, 495, 521, 477, 445, 469, 519, 535, 529, 453, 497, 516, 487, 460, 500, 548, 627, 502, 483, 564, 529, 502, 503, 588, 570, 428, 542, 579, 497, 467, 489, 526, 446, 511, 509, 456, 480, 487, 502, 484, 451, 477, 547, 533, 566, 465, 489, 572, 556, 478, 589, 647, 611, 565, 549, 589, 558, 499, 532, 659, 600, 532, 612, 571, 594, 584, 601, 587, 595, 537, 542, 603, 568, 530, 584, 552, 561, 518, 516, 610, 578, 570, 600, 597, 615, 639, 611, 589, 519, 509, 506, 603, 577, 506, 534, 496, 528, 466, 589, 672, 556, 482, 497, 563, 567, 460, 554, 653, 621, 525, 530, 569, 564, 487, 443, 562, 550, 493, 500, 547, 608, 534, 505, 524, 483, 493, 509, 599, 678, 506, 463, 564, 527, 485, 439, 602, 577, 545, 577, 558, 524, 515, 570, 583, 571, 575, 531, 561, 565, 522, 641, 622, 528, 565, 522, 579, 625, 594, 619, 550, 626, 598, 544, 597, 648, 508, 462, 622, 620, 483, 496, 542, 558, 578, 482, 550, 715, 596, 530, 621, 599, 681, 613, 531, 673, 551, 518, 631, 603, 634, 568, 538, 717, 621, 512, 636, 606, 505, 553, 646, 611, 563, 548, 517, 479, 466, 485, 519, 636, 602, 536, 590, 556, 548, 546, 521, 527, 575, 520, 540, 577, 602, 624, 536, 526, 568, 556, 525, 579, 585, 585, 519, 481, 546, 575, 561, 540, 508, 496, 468, 480, 575, 586, 528, 504, 521, 546, 498, 478, 528, 581, 541, 475, 454, 465, 480, 527, 518, 540, 506, 441, 452, 489, 525, 559, 531, 495, 527, 466, 425, 483, 531, 535, 595, 609, 614, 540, 504, 536, 514, 556, 604, 615, 589, 559, 537, 551, 586, 554, 535, 560, 546, 559, 563, 481, 558, 616, 629, 675, 636, 614, 648, 646, 629, 561, 534, 643, 662, 582, 590, 641, 593, 585, 564, 620, 598, 570, 557, 600, 615, 581, 612, 621, 582, 576, 636, 605, 547, 528, 598, 593, 630, 570, 609, 657, 567, 646, 672, 653, 698, 632, 586, 683, 657, 598, 577, 589, 687, 691, 647, 608, 600, 649, 636, 565, 603, 712, 684, 599, 598, 718, 655, 739, 868, 784, 673, 884, 966, 2110, 1113, 2202, 3126, 2188, 1471, 4471, 4715, 4634, 1964, 4469, 6534, 4682, 2522, 8947, 9783, 5387, 2747, 5402, 6532, 4907, 3134, 9567, 10683, 4897, 3575, 6203, 5475, 3749, 3517, 8747, 9681, 3689, 3369, 5711, 4347, 2501, 3070, 7322, 7876, 2495, 1965, 3603, 2892, 1843, 1909, 4660, 5170, 1402, 1080, 1847, 1540, 1263, 1234, 2444, 2683, 812, 1001, 1223, 931, 809, 1003, 1466, 1399, 965, 1102, 1245, 936, 775, 1106, 1549, 1473, 1197, 2336, 2766, 1599, 777, 1940, 3454, 3109, 1038, 2779, 3470, 1990, 721, 2173, 4157, 3686, 1291, 2820, 3651, 2153, 837, 2058, 4005, 3695, 1386, 2868, 3565, 2068, 829, 2014, 3710, 3381, 823, 1812, 2190, 1322, 637, 1199, 2083, 1851, 570, 800, 907, 697, 428, 634, 975, 870, 608, 561, 603, 615, 484, 597, 658, 671, 704, 704, 756, 676, 532, 643, 750, 814, 724, 759, 783, 665, 621, 683, 721, 707, 820, 866, 863, 777, 678, 710, 726, 807, 679, 672, 789, 916, 724, 683, 823, 789, 768, 620, 693, 903, 844, 690, 805, 839, 784, 703, 681, 740, 789, 697, 726, 837, 1050, 1223, 1171, 876, 636, 1208, 1241, 946, 2737, 4063, 2987, 1416, 1357, 2701, 2970, 1238, 4245, 7299, 6137, 2717, 2144, 4263, 4930, 2448, 3548, 5911, 5316, 2601, 1837, 3428, 3807, 2456, 1927, 2895, 2900, 1808, 1320, 1995, 1976, 1581, 2014, 3612, 3563, 1955, 1511, 2041, 2396, 1593, 2946, 5183, 4665, 2287, 2031, 2604, 3342, 1922, 2585, 4472, 4069, 1985, 1539, 2179, 3124, 1781, 1147, 1952, 2142, 1444, 866, 1249, 1871, 1406, 859, 1563, 1841, 1364, 901, 1180, 1774, 1544, 830, 1547, 1799, 1222, 798, 1116, 1632, 1456, 687, 1072, 1312, 950, 659, 666, 1109, 1146, 805, 745, 774, 771, 705, 633, 772, 843, 869, 818, 825, 794, 684, 713, 772, 827, 832, 973, 962, 782, 547, 765, 893, 750, 692, 922, 920, 741, 646, 825, 1027, 798, 692, 843, 832, 704, 681, 668, 827, 821, 679, 838, 807, 723, 780, 655, 710, 773, 588, 707, 683, 649, 653, 677, 628, 654, 688, 633, 574, 593, 630, 652, 663, 680, 711, 634, 570, 703, 683, 674, 679, 689, 601, 599, 575, 642, 583, 631, 637, 586, 629, 544, 582, 587, 617, 589, 637, 678, 598, 606, 648, 687, 669, 603, 669, 694, 604, 555, 624, 717, 729, 624, 679, 703, 569, 529, 532, 649, 666, 611, 620, 634, 808, 670, 518, 593, 748, 654, 632, 724, 696, 569, 573, 685, 720, 709, 635, 645, 613, 573, 563, 659, 660, 639, 634, 637, 567, 518, 555, 508, 609, 595, 596, 642, 590, 586, 617, 585, 637, 600, 531, 629, 597, 662, 772, 615, 631, 753, 762, 737, 749, 702, 695, 639, 634, 723, 792, 772, 729, 635, 640, 697, 657, 562, 704, 684, 733, 585, 623, 766, 678, 616, 726, 783, 619, 637, 772, 747, 683, 735, 791, 798, 564, 691, 759, 626, 687, 722, 726, 733, 552, 614, 630, 526, 536, 589, 649, 621, 635, 640, 689, 693, 613, 617, 646, 714, 719, 655, 706, 737, 698, 653, 669, 741, 772, 648, 643, 757, 672, 637, 650, 728, 812, 763, 704, 753, 766, 750, 599, 669, 720, 700, 894, 814, 649, 749, 755, 768, 1071, 866, 1518, 1285, 681, 596, 1260, 1683, 1416, 1144, 2037, 1512, 705, 864, 2020, 2557, 1281, 1379, 2081, 1468, 774, 1009, 2103, 2434, 825, 1044, 1465, 1054, 669, 982, 1623, 1669, 522, 905, 1073, 695, 491, 814, 1115, 1002, 513, 648, 698, 456, 574, 718, 747, 712, 523, 615, 589, 503, 577, 613, 664, 559, 488, 580, 612, 581, 520, 645, 731, 619, 553, 492, 585, 628, 584, 465, 565, 666, 538, 486, 599, 611, 504, 473, 602, 677, 534, 447, 536, 691, 558, 499, 688, 760, 534, 461, 474, 516, 469, 475, 592, 639, 495, 501, 516, 544, 484, 492, 516, 504, 417, 453, 489, 443, 344, 421, 465, 483]"
0.8934440612792969,-0.6220072507858276,-0.7067595720291138,-0.02529081702232361,-0.8843474388122559,-0.4297832250595093,-0.14135044813156128,-0.08841049671173096,1.0411262512207031,31.0,-0.046782612800598145,0.9455680847167969,17.5,0.02045142650604248,0.9191036224365234,-25.0,0.09498107433319092,0.8584499359130859,-26.0,0.21857726573944092,1.0099411010742188,17.75,"[479, 648, 647, 602, 665, 598, 648, 650, 534, 536, 594, 628, 604, 555, 620, 630, 503, 438, 445, 522, 543, 568, 594, 610, 544, 568, 591, 512, 495, 577, 610, 525, 493, 589, 580, 532, 518, 555, 523, 447, 477, 517, 573, 592, 564, 586, 570, 514, 553, 468, 472, 542, 639, 549, 457, 564, 629, 503, 439, 530, 645, 584, 524, 613, 549, 497, 514, 573, 519, 514, 495, 509, 693, 540, 525, 524, 544, 531, 538, 659, 659, 685, 605, 542, 507, 540, 565, 556, 647, 683, 570, 561, 649, 632, 691, 689, 578, 610, 536, 560, 609, 522, 624, 633, 531, 557, 529, 594, 646, 614, 652, 578, 525, 499, 477, 580, 624, 535, 481, 526, 525, 463, 441, 574, 658, 611, 506, 543, 528, 501, 476, 593, 620, 576, 543, 565, 497, 479, 517, 572, 544, 471, 490, 502, 533, 553, 623, 624, 575, 582, 471, 460, 577, 541, 515, 582, 576, 552, 484, 502, 627, 529, 518, 598, 527, 499, 572, 545, 467, 510, 523, 526, 457, 557, 571, 471, 525, 618, 539, 436, 567, 611, 613, 540, 504, 625, 571, 529, 517, 619, 605, 465, 602, 616, 517, 513, 537, 635, 608, 528, 717, 696, 558, 517, 594, 639, 652, 623, 574, 593, 531, 545, 521, 498, 554, 560, 512, 562, 609, 593, 505, 476, 461, 477, 537, 452, 493, 593, 542, 431, 459, 475, 427, 513, 559, 584, 578, 552, 523, 524, 574, 653, 645, 613, 651, 539, 508, 560, 586, 574, 524, 535, 550, 515, 522, 560, 590, 660, 534, 525, 606, 624, 586, 566, 561, 627, 522, 536, 573, 618, 536, 473, 553, 467, 562, 567, 538, 545, 606, 645, 561, 473, 560, 589, 575, 617, 595, 592, 564, 516, 608, 593, 585, 594, 593, 607, 536, 552, 545, 478, 527, 625, 563, 551, 424, 563, 643, 584, 514, 583, 668, 555, 533, 561, 608, 557, 564, 597, 601, 571, 531, 600, 613, 564, 549, 584, 602, 533, 588, 668, 633, 520, 557, 620, 650, 609, 586, 613, 618, 598, 595, 615, 628, 613, 579, 619, 712, 753, 663, 595, 647, 651, 554, 638, 587, 562, 531, 566, 552, 547, 545, 580, 648, 627, 589, 634, 638, 634, 879, 856, 1089, 1494, 982, 1132, 1954, 1898, 1935, 1875, 2470, 2953, 1874, 2202, 4628, 4502, 5309, 8072, 9463, 7021, 3914, 9115, 18035, 16044, 16391, 20065, 26997, 17688, 10931, 22126, 48514, 46020, 20465, 20768, 31057, 20476, 13424, 22839, 54979, 54514, 10318, 9507, 14986, 11402, 7134, 11043, 27717, 27662, 1646, 2302, 2897, 3815, 1825, 3390, 6992, 6006, 1261, 1789, 2371, 2045, 983, 2044, 3685, 3262, 1613, 3585, 4165, 2253, 1100, 3676, 7118, 6134, 1385, 3128, 3686, 1900, 804, 2964, 5809, 5103, 1533, 2422, 3445, 2232, 979, 1704, 3664, 3651, 1501, 3775, 4640, 2702, 1005, 2502, 4529, 3946, 1266, 2825, 3180, 1817, 823, 1977, 3003, 2498, 1201, 977, 1040, 957, 764, 869, 1016, 1226, 807, 907, 991, 875, 633, 764, 988, 1025, 637, 748, 763, 672, 555, 704, 775, 657, 683, 603, 681, 704, 577, 589, 724, 772, 593, 704, 743, 596, 549, 654, 615, 619, 555, 648, 751, 675, 583, 627, 653, 659, 666, 605, 709, 781, 624, 565, 693, 701, 714, 760, 882, 764, 602, 612, 785, 794, 705, 754, 760, 656, 656, 629, 722, 782, 761, 725, 732, 786, 729, 683, 693, 682, 971, 1338, 1342, 1168, 703, 963, 1107, 872, 2675, 4305, 4443, 3030, 1307, 3025, 3586, 2320, 4510, 7899, 8028, 4775, 1862, 4735, 5734, 3698, 4109, 7443, 7685, 4284, 1817, 4290, 4864, 3134, 3294, 4153, 4779, 3138, 1590, 3736, 3264, 2420, 3164, 2830, 3692, 2856, 1609, 3574, 2646, 2436, 1910, 1837, 2740, 2351, 1227, 2367, 1975, 1496, 1384, 1558, 1968, 1812, 1303, 1635, 1742, 1302, 1347, 1465, 1646, 1551, 1357, 1476, 1527, 1319, 1192, 1733, 1689, 1341, 1164, 1120, 1514, 1396, 1292, 1760, 1638, 1114, 1287, 1056, 1553, 1445, 1233, 1687, 1444, 878, 1068, 1015, 1227, 960, 1108, 1507, 1221, 768, 864, 1041, 1094, 710, 835, 1189, 1095, 813, 821, 787, 920, 736, 733, 945, 933, 828, 779, 713, 799, 751, 801, 896, 1081, 904, 769, 764, 899, 1016, 888, 919, 1068, 964, 791, 725, 952, 1139, 785, 845, 825, 732, 610, 645, 679, 730, 690, 696, 772, 741, 637, 656, 713, 699, 630, 574, 688, 667, 662, 609, 660, 786, 509, 523, 674, 634, 554, 542, 714, 801, 583, 570, 591, 555, 576, 525, 600, 685, 628, 648, 613, 604, 558, 578, 642, 637, 591, 585, 550, 535, 557, 533, 604, 664, 661, 603, 577, 513, 541, 604, 667, 715, 654, 650, 667, 567, 560, 659, 725, 689, 603, 686, 682, 605, 617, 709, 829, 757, 713, 742, 626, 606, 646, 733, 783, 766, 664, 760, 756, 684, 638, 720, 788, 729, 659, 735, 716, 650, 638, 700, 797, 721, 620, 590, 629, 638, 574, 657, 789, 757, 515, 494, 535, 596, 526, 571, 719, 668, 563, 583, 558, 595, 522, 545, 639, 616, 619, 632, 739, 677, 601, 638, 788, 783, 950, 796, 1124, 1155, 900, 751, 1423, 1542, 997, 740, 1087, 1189, 906, 767, 1501, 1612, 713, 709, 855, 882, 734, 802, 1002, 969, 593, 700, 749, 788, 693, 743, 711, 658, 681, 671, 747, 813, 707, 706, 688, 650, 568, 592, 670, 658, 578, 619, 654, 627, 692, 665, 705, 718, 668, 664, 759, 762, 726, 671, 789, 761, 599, 643, 714, 728, 675, 722, 749, 658, 527, 632, 597, 563, 670, 624, 869, 847, 629, 642, 706, 826, 754, 667, 1007, 945, 700, 576, 897, 1114, 653, 651, 898, 765, 529, 550, 960, 1069, 733, 644, 635, 670, 759, 684, 771, 835, 751, 530, 651, 831, 775, 586, 750, 891, 716, 595, 585, 721, 642, 631, 701, 751, 539, 645, 622, 619, 568, 670, 656, 576, 607, 636, 605, 515, 538, 642, 560, 540, 627, 574, 654, 545, 524, 743, 631, 562, 666, 565, 617, 624, 535, 659, 600, 611, 643, 498, 584, 658, 565, 546, 543, 619, 468, 406, 620, 645, 460, 459, 562, 583, 407, 359, 459, 449, 378, 405, 550, 558, 448, 463, 468, 468, 447, 491, 494, 465, 503, 567, 523, 421, 423, 483, 501, 494, 414, 538, 501, 390, 418, 474, 488, 466]"
0.7517737150192261,-0.8507812023162842,-0.22289985418319702,-0.4204714298248291,-1.112065315246582,0.24951159954071045,-0.6562598943710327,-0.44008326530456543,2.2217273712158203,18.0,-0.4006011486053467,1.0096549987792969,20.5,-0.22607874870300293,0.9492874145507812,27.5,0.7303612232208252,2.041769027709961,16.5,0.8942978382110596,1.1163711547851562,22.0,"[643, 603, 659, 705, 729, 705, 660, 603, 580, 582, 635, 664, 727, 764, 692, 572, 418, 538, 498, 460, 501, 651, 591, 456, 496, 532, 569, 521, 517, 554, 518, 499, 532, 493, 538, 602, 539, 546, 527, 563, 501, 548, 558, 542, 505, 523, 521, 455, 541, 474, 564, 563, 495, 521, 566, 603, 616, 574, 596, 545, 535, 549, 470, 574, 623, 486, 542, 515, 509, 580, 520, 581, 608, 596, 524, 494, 493, 557, 524, 525, 596, 525, 560, 495, 492, 565, 564, 533, 591, 466, 478, 592, 553, 497, 458, 545, 463, 449, 520, 587, 523, 467, 526, 558, 484, 558, 576, 563, 534, 522, 579, 568, 508, 577, 606, 560, 565, 574, 515, 513, 579, 637, 697, 578, 562, 653, 573, 494, 600, 526, 548, 639, 578, 586, 514, 497, 581, 553, 532, 564, 608, 567, 502, 511, 553, 432, 483, 639, 588, 503, 514, 560, 600, 512, 567, 625, 633, 622, 543, 615, 569, 551, 544, 570, 575, 570, 638, 637, 545, 524, 515, 592, 601, 585, 615, 602, 535, 542, 637, 592, 490, 507, 569, 624, 541, 508, 579, 522, 478, 504, 570, 600, 540, 601, 592, 545, 587, 551, 510, 487, 589, 623, 619, 598, 651, 595, 486, 541, 624, 579, 477, 544, 618, 514, 470, 533, 563, 573, 572, 584, 586, 577, 532, 554, 573, 565, 601, 586, 548, 622, 624, 615, 609, 583, 631, 591, 559, 617, 632, 633, 516, 552, 623, 506, 554, 599, 535, 526, 509, 620, 623, 495, 558, 539, 515, 488, 507, 502, 544, 480, 567, 490, 467, 515, 564, 542, 572, 653, 529, 455, 489, 511, 523, 545, 506, 499, 541, 574, 531, 508, 515, 589, 533, 527, 496, 525, 586, 499, 463, 462, 495, 511, 465, 493, 506, 488, 569, 559, 488, 473, 455, 499, 486, 490, 541, 611, 583, 552, 553, 567, 580, 510, 475, 548, 588, 540, 498, 589, 575, 502, 596, 673, 637, 613, 611, 608, 592, 594, 609, 706, 664, 565, 574, 610, 689, 628, 832, 829, 1148, 1279, 730, 1132, 1860, 1586, 1883, 1811, 2864, 3338, 1730, 2465, 5486, 5084, 2620, 2749, 4099, 4581, 2449, 3453, 7922, 7433, 3724, 5959, 7562, 5316, 2740, 6268, 12844, 11583, 6670, 11453, 15142, 8951, 4189, 11590, 24747, 22781, 8193, 12451, 16716, 10380, 5464, 13018, 28596, 26692, 5099, 6654, 9615, 6192, 3511, 6851, 16208, 15656, 2069, 1910, 3091, 2337, 1586, 1842, 4545, 4729, 1575, 2120, 2853, 1860, 985, 2430, 4857, 4493, 1983, 6831, 7574, 4123, 1345, 7466, 13095, 10543, 2827, 8716, 8815, 4646, 1634, 8773, 14287, 10754, 4517, 6243, 4981, 2605, 2217, 4839, 6219, 4225, 3662, 3610, 3131, 2205, 1804, 2386, 3627, 4007, 1848, 3394, 4110, 2645, 1226, 2431, 4520, 4174, 1374, 4148, 4925, 2832, 896, 2871, 5150, 4273, 1215, 3013, 3412, 1867, 724, 2174, 3591, 2971, 946, 1451, 1637, 1028, 628, 1141, 1740, 1549, 731, 781, 822, 708, 580, 735, 1002, 916, 694, 775, 642, 601, 517, 632, 771, 687, 601, 774, 705, 491, 460, 628, 758, 603, 661, 659, 631, 594, 569, 717, 672, 568, 724, 813, 922, 768, 645, 948, 868, 732, 860, 854, 1012, 921, 700, 848, 853, 841, 855, 623, 815, 915, 756, 602, 671, 868, 782, 680, 698, 757, 602, 562, 672, 732, 2211, 2364, 2126, 2371, 1285, 1985, 2398, 1793, 7786, 7492, 7401, 7691, 3212, 8077, 8340, 5481, 10839, 10102, 11692, 10215, 3928, 12165, 11431, 7318, 6789, 8600, 11009, 7806, 3005, 8360, 7784, 5395, 3354, 5725, 7125, 4876, 2051, 3746, 3793, 3338, 2067, 2686, 3317, 2504, 1494, 1861, 1931, 1816, 2151, 2590, 2133, 1353, 1295, 1849, 1730, 1209, 2226, 3035, 2232, 1017, 1400, 1773, 1939, 1175, 1939, 2466, 1782, 936, 984, 1533, 1635, 1010, 1229, 1532, 1320, 866, 799, 1090, 1307, 1019, 867, 1271, 1211, 861, 960, 1048, 1198, 961, 1066, 1584, 1394, 931, 1135, 1249, 1261, 934, 1106, 1199, 1051, 890, 1092, 1050, 1052, 999, 979, 920, 851, 906, 916, 897, 952, 1048, 744, 948, 879, 769, 840, 865, 1002, 871, 684, 717, 777, 890, 790, 697, 824, 764, 719, 722, 761, 890, 715, 629, 734, 724, 887, 801, 757, 794, 706, 827, 669, 637, 902, 713, 680, 828, 725, 789, 742, 746, 773, 639, 634, 715, 682, 696, 705, 705, 646, 645, 587, 605, 614, 649, 641, 621, 623, 692, 650, 730, 765, 655, 717, 695, 550, 757, 697, 554, 644, 752, 739, 594, 704, 652, 559, 557, 648, 662, 637, 614, 692, 728, 681, 748, 723, 652, 777, 744, 604, 702, 715, 715, 592, 599, 793, 727, 645, 765, 715, 624, 650, 695, 728, 691, 629, 701, 685, 626, 676, 692, 678, 631, 607, 641, 616, 651, 612, 567, 657, 603, 653, 601, 533, 599, 547, 548, 619, 571, 742, 684, 614, 672, 597, 558, 712, 728, 746, 613, 581, 698, 628, 593, 671, 761, 644, 595, 571, 634, 562, 502, 656, 692, 637, 723, 717, 704, 641, 646, 662, 652, 620, 569, 607, 761, 755, 585, 569, 657, 896, 614, 818, 961, 952, 628, 1158, 1394, 1669, 966, 1836, 1849, 1424, 1050, 2990, 3349, 2262, 1165, 2557, 2454, 1642, 1325, 3981, 4486, 1685, 1045, 1871, 1807, 1247, 1092, 2721, 3065, 1097, 939, 853, 923, 906, 827, 966, 1132, 686, 960, 837, 697, 712, 833, 1057, 841, 604, 813, 856, 744, 758, 727, 1034, 1000, 680, 726, 764, 715, 756, 734, 834, 805, 667, 714, 875, 757, 647, 765, 941, 903, 851, 825, 1014, 795, 668, 845, 1198, 1235, 757, 784, 923, 786, 675, 746, 969, 1024, 675, 705, 879, 752, 719, 722, 875, 918, 726, 639, 760, 685, 619, 604, 741, 790, 749, 525, 653, 674, 542, 577, 789, 934, 697, 678, 799, 733, 535, 655, 965, 993, 659, 848, 1036, 822, 542, 860, 1059, 921, 645, 999, 1073, 699, 480, 884, 1131, 875, 673, 728, 829, 733, 569, 783, 850, 724, 557, 627, 609, 550, 477, 567, 702, 618, 556, 628, 637, 642, 509, 645, 824, 672, 578, 545, 623, 624, 487, 561, 637, 622, 602, 517, 552, 698, 546, 527, 501, 556, 529, 466, 432, 525, 507, 476, 510, 499, 495, 560, 561, 536, 500, 524, 576, 467, 443, 502, 525, 489, 455, 476, 626, 640, 583, 589, 517, 429, 450, 502, 618, 650]"
0.6133827567100525,-1.1133217811584473,-0.004437878727912903,-0.7650394439697266,-1.4237682819366455,0.4105706810951233,-1.0934556722640991,-1.249906063079834,1.1873245239257812,22.25,-0.29718542098999023,0.6757736206054688,24.75,-0.2001967430114746,0.53558349609375,22.5,-0.07874631881713867,0.3813743591308594,17.0,-0.01022481918334961,0.39496421813964844,22.25,"[566, 608, 568, 702, 713, 703, 566, 605, 501, 525, 644, 788, 752, 658, 630, 597, 490, 471, 603, 652, 552, 489, 622, 615, 568, 510, 520, 586, 564, 587, 495, 514, 541, 563, 504, 550, 497, 486, 418, 456, 438, 534, 577, 604, 513, 442, 524, 455, 458, 514, 565, 573, 530, 431, 502, 477, 357, 442, 555, 506, 456, 470, 490, 480, 496, 491, 515, 470, 528, 584, 519, 469, 532, 580, 542, 512, 506, 502, 510, 538, 672, 541, 469, 634, 658, 484, 468, 586, 667, 521, 555, 643, 658, 615, 578, 626, 577, 554, 508, 531, 683, 637, 487, 520, 569, 527, 523, 548, 562, 587, 583, 599, 604, 578, 543, 573, 580, 528, 591, 598, 557, 578, 617, 577, 576, 581, 584, 551, 579, 488, 534, 586, 545, 501, 576, 587, 578, 536, 561, 545, 548, 607, 593, 557, 591, 593, 573, 509, 559, 600, 676, 596, 633, 577, 509, 530, 536, 503, 564, 557, 550, 561, 511, 531, 507, 512, 572, 529, 544, 597, 599, 549, 547, 621, 587, 520, 565, 560, 627, 518, 517, 624, 626, 590, 642, 643, 673, 655, 534, 586, 633, 594, 598, 527, 501, 536, 549, 554, 544, 554, 609, 497, 537, 563, 643, 610, 528, 596, 603, 513, 554, 532, 609, 522, 467, 640, 491, 548, 523, 512, 572, 494, 548, 552, 504, 530, 532, 561, 533, 483, 583, 564, 558, 587, 593, 638, 614, 558, 546, 532, 568, 534, 463, 555, 522, 530, 589, 565, 525, 481, 463, 481, 491, 529, 554, 497, 575, 479, 467, 546, 553, 519, 546, 564, 644, 566, 585, 644, 556, 562, 507, 557, 656, 663, 485, 550, 587, 529, 570, 610, 601, 589, 539, 527, 557, 527, 549, 610, 566, 608, 509, 486, 588, 599, 558, 495, 764, 1451, 1292, 1149, 720, 1822, 2535, 1764, 1553, 3133, 3275, 2981, 1302, 4100, 7206, 5828, 2303, 3657, 4198, 4107, 1952, 4832, 9541, 8210, 1952, 2483, 2970, 3303, 1732, 3470, 7147, 6356, 1478, 1842, 2274, 2152, 1312, 2176, 3932, 3482, 2731, 6061, 6664, 3567, 1759, 6060, 10454, 8591, 3628, 9495, 10924, 5410, 2252, 9633, 17346, 14461, 2704, 6901, 8301, 4391, 1734, 7140, 13370, 11396, 1437, 2916, 3595, 2311, 901, 3177, 5893, 5057, 788, 1291, 1491, 1150, 622, 1336, 2114, 1724, 924, 1001, 1111, 904, 623, 1021, 1606, 1510, 1138, 1340, 1619, 949, 783, 1466, 2511, 2408, 1721, 2119, 2253, 1455, 1018, 1966, 3092, 2794, 2291, 4806, 4816, 2397, 1220, 3130, 4379, 3045, 2267, 4824, 4952, 2519, 1222, 3036, 4428, 3062, 3952, 8371, 7966, 3513, 1626, 5032, 8063, 5948, 7061, 14673, 13400, 5524, 2385, 9091, 13957, 9313, 5998, 12351, 11315, 4819, 2235, 7971, 12162, 8298, 3087, 6293, 6202, 3109, 1440, 4067, 6467, 5137, 1437, 2488, 2471, 1348, 878, 1740, 2639, 2167, 775, 879, 1110, 1029, 721, 834, 1071, 971, 740, 884, 926, 926, 783, 809, 851, 792, 587, 794, 785, 715, 683, 765, 767, 661, 653, 868, 827, 591, 621, 831, 852, 668, 802, 970, 869, 640, 633, 835, 868, 697, 1142, 1218, 920, 742, 796, 900, 830, 778, 1854, 2173, 1617, 1069, 1216, 1235, 1140, 1032, 2735, 3402, 2281, 1352, 1728, 1575, 1712, 1347, 5694, 5906, 4472, 4068, 3081, 3735, 4084, 3483, 7118, 6513, 5757, 5367, 3737, 5282, 5022, 4766, 4799, 4265, 4761, 3596, 2851, 4284, 3383, 3304, 2647, 3325, 3512, 2214, 1851, 2820, 2283, 1791, 1969, 2567, 2288, 1605, 1438, 1956, 1770, 1364, 1777, 1937, 1489, 1378, 1157, 1497, 1418, 1371, 1321, 1534, 1221, 1144, 878, 1151, 1323, 1132, 1002, 1208, 1053, 895, 718, 911, 1175, 989, 936, 922, 998, 895, 717, 759, 1127, 1126, 794, 1232, 1537, 1152, 805, 1093, 1653, 1513, 802, 1259, 1434, 1017, 761, 1007, 1485, 1369, 922, 1359, 1377, 874, 732, 955, 1193, 1078, 862, 1274, 1250, 869, 778, 896, 1048, 950, 773, 1036, 1038, 764, 775, 818, 936, 857, 765, 942, 945, 740, 821, 846, 762, 657, 1021, 1514, 1355, 724, 831, 934, 955, 670, 1096, 1456, 1211, 701, 758, 826, 854, 737, 859, 893, 736, 649, 775, 854, 657, 617, 900, 970, 957, 860, 897, 979, 913, 916, 870, 857, 818, 752, 824, 817, 806, 826, 841, 755, 682, 716, 703, 728, 738, 744, 659, 630, 650, 686, 639, 643, 728, 677, 547, 554, 643, 714, 658, 589, 629, 616, 583, 595, 558, 637, 577, 558, 616, 622, 680, 673, 737, 708, 671, 648, 697, 779, 791, 821, 701, 761, 834, 758, 828, 826, 652, 714, 771, 716, 609, 756, 845, 687, 670, 613, 659, 756, 672, 624, 784, 791, 631, 666, 683, 803, 729, 605, 822, 798, 539, 686, 620, 627, 610, 639, 856, 682, 596, 569, 553, 623, 595, 664, 743, 660, 637, 569, 577, 671, 606, 594, 671, 625, 603, 493, 586, 622, 582, 657, 621, 573, 720, 634, 636, 646, 643, 632, 660, 684, 586, 657, 680, 628, 638, 682, 691, 640, 535, 525, 576, 572, 660, 558, 558, 669, 660, 598, 572, 629, 699, 668, 632, 676, 732, 634, 791, 937, 743, 721, 1073, 1022, 1215, 848, 1488, 1873, 1284, 978, 2462, 2575, 1548, 991, 1751, 2154, 1496, 1122, 2845, 3087, 1078, 1098, 1531, 1752, 1101, 1230, 2305, 2097, 938, 886, 1224, 1370, 967, 849, 1623, 1602, 855, 764, 1029, 1112, 841, 638, 931, 1055, 999, 1187, 1550, 1243, 929, 918, 1684, 1729, 1030, 1803, 1941, 1380, 1123, 1253, 2432, 2236, 1244, 1683, 1621, 1313, 1179, 1270, 2287, 2124, 1168, 969, 1028, 1047, 1122, 960, 1693, 1785, 835, 773, 844, 827, 721, 774, 1125, 1061, 673, 806, 922, 768, 608, 789, 943, 834, 1050, 1007, 905, 830, 867, 898, 1064, 1141, 1335, 1524, 1260, 900, 784, 1280, 1550, 1374, 1211, 1621, 1271, 778, 574, 1328, 1661, 1073, 948, 1213, 1058, 851, 581, 897, 1268, 1021, 853, 874, 829, 850, 649, 717, 828, 796, 768, 847, 815, 659, 513, 742, 804, 723, 911, 1036, 915, 719, 630, 775, 934, 729, 901, 1012, 983, 807, 686, 812, 918, 755, 688, 775, 816, 662, 453, 608, 715, 671, 572, 644, 619, 516, 482, 562, 576, 596, 429, 565, 609, 457, 425, 520, 549, 494, 506, 520, 519, 542, 508, 483, 505, 496, 464, 426, 466, 529, 445, 396, 547, 570, 495, 480, 543, 605, 479, 473, 602, 589]"
0.5370171666145325,-1.3105361461639404,-0.16638121008872986,-0.8574749827384949,-1.546759843826294,0.052961140871047974,-1.10309898853302,-0.3742361068725586,0.6740570068359375,28.25,-0.24277210235595703,0.4314422607421875,-32.0,-0.2071523666381836,0.30684471130371094,18.25,-0.18254756927490234,0.23374557495117188,28.75,-0.15479564666748047,0.3261566162109375,19.25,"[667, 609, 660, 665, 670, 661, 661, 614, 571, 621, 648, 695, 698, 647, 667, 571, 554, 569, 520, 538, 594, 541, 542, 562, 557, 525, 518, 455, 449, 510, 508, 513, 516, 471, 486, 531, 470, 461, 480, 499, 526, 529, 546, 516, 503, 504, 530, 544, 519, 515, 532, 564, 548, 475, 440, 508, 473, 519, 513, 500, 497, 465, 428, 440, 526, 535, 534, 434, 500, 487, 430, 453, 543, 512, 498, 486, 511, 540, 513, 505, 515, 434, 461, 508, 588, 604, 550, 504, 459, 455, 487, 507, 497, 574, 615, 539, 560, 511, 496, 500, 525, 577, 645, 603, 667, 537, 582, 553, 620, 601, 554, 636, 624, 592, 667, 631, 654, 680, 574, 590, 554, 552, 655, 654, 522, 577, 608, 575, 637, 602, 526, 546, 569, 584, 527, 600, 600, 529, 534, 584, 654, 693, 529, 533, 432, 488, 554, 627, 549, 536, 540, 452, 493, 539, 533, 555, 606, 626, 553, 472, 484, 486, 518, 586, 536, 527, 524, 477, 498, 648, 653, 623, 529, 539, 609, 517, 584, 614, 635, 588, 602, 579, 581, 569, 537, 511, 500, 549, 631, 565, 543, 625, 533, 481, 543, 558, 643, 623, 561, 571, 515, 472, 623, 626, 627, 633, 577, 551, 491, 536, 605, 539, 679, 677, 493, 500, 453, 484, 552, 611, 634, 579, 535, 554, 509, 467, 505, 531, 546, 537, 576, 572, 575, 493, 514, 550, 547, 515, 506, 566, 592, 513, 521, 559, 551, 547, 535, 580, 612, 672, 669, 602, 543, 758, 989, 829, 1405, 2419, 2248, 1633, 1107, 3000, 4574, 3597, 2981, 7088, 7044, 4900, 2330, 8891, 15366, 12234, 3200, 9996, 10192, 6958, 2596, 12287, 21535, 17103, 1855, 6773, 6962, 4972, 1543, 8217, 14020, 10824, 1365, 2900, 3124, 2544, 976, 3291, 5529, 4370, 1639, 2389, 3148, 2182, 1133, 2213, 4293, 4125, 2343, 4846, 6785, 3934, 1390, 3945, 8620, 8230, 1770, 6288, 8058, 4302, 934, 5009, 10143, 9042, 1308, 4017, 4319, 2102, 844, 3382, 5808, 4757, 1108, 1970, 1923, 1157, 848, 1962, 3091, 2463, 698, 1399, 1431, 952, 698, 1330, 2075, 1636, 665, 996, 1093, 772, 616, 966, 1280, 1039, 793, 1135, 1075, 734, 654, 1001, 1289, 1111, 734, 1193, 1227, 801, 631, 1011, 1362, 1109, 841, 1676, 1832, 1046, 599, 1176, 1712, 1401, 1819, 3275, 2901, 1297, 758, 1863, 2688, 1765, 2801, 4972, 4062, 1624, 943, 2566, 3627, 2091, 4416, 7578, 5947, 1934, 1503, 3575, 4872, 2455, 5778, 10482, 9061, 3526, 2153, 4556, 7355, 5003, 4310, 9440, 8879, 3842, 2160, 4577, 8056, 6110, 2329, 5719, 5510, 2410, 1514, 3331, 5393, 3961, 1238, 2536, 2352, 1061, 921, 1572, 2243, 1601, 808, 1179, 1068, 621, 612, 895, 1078, 853, 809, 1088, 1092, 705, 529, 824, 1098, 962, 1141, 1475, 1268, 703, 710, 935, 1075, 817, 1455, 2512, 2305, 1018, 927, 1186, 1427, 927, 1408, 2786, 2601, 1056, 955, 1258, 1585, 1012, 1440, 2242, 1898, 832, 1132, 1390, 1386, 834, 3081, 3855, 3092, 1582, 2283, 2796, 2344, 1459, 4181, 4757, 5362, 3885, 3128, 4104, 3585, 2955, 4604, 4434, 6140, 4898, 3066, 5222, 4386, 3581, 2947, 2633, 3897, 3299, 1734, 3594, 3055, 2463, 2329, 2967, 2878, 1782, 1311, 2041, 1884, 1402, 3892, 6398, 5410, 1967, 2191, 2724, 2654, 1652, 3957, 6170, 5042, 1827, 2185, 2524, 2283, 1619, 2419, 3236, 2710, 1396, 1456, 1620, 1304, 1258, 1336, 1605, 1531, 978, 1068, 1337, 1199, 1053, 956, 1210, 1187, 813, 890, 1098, 1142, 911, 975, 1174, 1066, 765, 820, 924, 928, 801, 831, 942, 891, 772, 708, 769, 844, 769, 831, 1050, 883, 769, 744, 736, 844, 743, 956, 1296, 1098, 661, 751, 973, 942, 729, 936, 1391, 1269, 740, 804, 1073, 1149, 795, 1332, 2420, 2227, 863, 908, 1270, 1465, 903, 1788, 3422, 3031, 1084, 1219, 1498, 1793, 1051, 1309, 2290, 2070, 985, 1060, 1215, 1337, 1054, 1062, 1481, 1272, 685, 777, 977, 1052, 898, 782, 1132, 1042, 639, 717, 767, 827, 703, 788, 1002, 1008, 852, 753, 767, 951, 831, 956, 949, 1021, 987, 874, 792, 928, 992, 1194, 987, 957, 1001, 950, 854, 1004, 1208, 1022, 947, 828, 815, 823, 784, 997, 1111, 734, 740, 750, 692, 572, 732, 918, 849, 694, 665, 822, 720, 577, 634, 819, 872, 657, 670, 756, 678, 570, 597, 691, 759, 700, 724, 639, 678, 748, 722, 731, 714, 736, 716, 666, 674, 606, 639, 603, 584, 786, 616, 683, 806, 760, 604, 611, 757, 927, 720, 856, 903, 861, 632, 754, 980, 861, 772, 859, 919, 836, 690, 867, 915, 1128, 782, 896, 1038, 997, 825, 942, 1213, 970, 723, 759, 852, 786, 785, 838, 1010, 713, 664, 640, 651, 634, 706, 759, 724, 880, 772, 704, 749, 749, 712, 751, 761, 819, 642, 663, 783, 772, 699, 765, 796, 825, 671, 698, 802, 814, 705, 694, 803, 769, 619, 713, 749, 641, 607, 697, 781, 973, 845, 638, 595, 558, 665, 779, 829, 1142, 874, 720, 786, 760, 788, 932, 1069, 887, 775, 741, 734, 639, 729, 790, 856, 917, 724, 765, 744, 740, 730, 838, 921, 1043, 785, 883, 830, 750, 642, 973, 1188, 978, 827, 910, 858, 838, 709, 1027, 1159, 1272, 953, 1139, 1095, 1026, 897, 1407, 1733, 1275, 1113, 1347, 1113, 826, 848, 1553, 1927, 1226, 1078, 1406, 1206, 899, 1210, 1944, 1984, 1581, 984, 1351, 1439, 1190, 1213, 2175, 2454, 1429, 963, 1219, 1340, 1051, 1032, 1812, 1963, 1331, 1017, 1003, 1019, 859, 936, 1380, 1434, 1067, 875, 1064, 1036, 842, 877, 1354, 1447, 1380, 967, 1169, 1340, 1055, 974, 1436, 1667, 1520, 1467, 1366, 1280, 962, 988, 1450, 1403, 1742, 2234, 1991, 1233, 824, 1184, 1768, 1543, 1429, 1869, 1728, 1051, 767, 1079, 1482, 1266, 1121, 1115, 1098, 1054, 773, 913, 996, 945, 995, 1000, 1133, 1074, 797, 912, 983, 933, 905, 687, 946, 918, 731, 765, 728, 923, 863, 759, 802, 645, 635, 760, 760, 882, 647, 642, 699, 581, 543, 629, 777, 764, 703, 697, 650, 537, 566, 688, 746, 634, 678, 681, 532, 571, 671, 744, 722, 619, 643, 577, 519, 586, 605, 628, 635, 582, 610, 531, 448, 466, 467, 441, 491, 556, 519, 500, 518, 563, 458, 470, 648, 580, 504, 594, 575, 498, 477, 533, 626, 597, 565, 622, 544, 505, 499, 545, 606, 549]"
0.24843628704547882,-1.2743808031082153,0.09566205739974976,-1.4727118015289307,-1.2224115133285522,0.5315219163894653,-1.7322242259979248,-0.2775697708129883,0.4832267761230469,15.25,0.3678770065307617,2.6144027709960938,18.25,1.4420480728149414,1.3582706451416016,18.0,1.5195817947387695,0.9801864624023438,17.75,1.562067985534668,0.6101131439208984,15.25,"[640, 580, 561, 645, 698, 649, 559, 575, 561, 569, 603, 737, 776, 643, 629, 643, 574, 601, 574, 525, 531, 524, 485, 519, 552, 573, 518, 422, 502, 605, 537, 473, 572, 503, 444, 495, 649, 646, 488, 496, 542, 471, 433, 557, 563, 486, 436, 492, 486, 518, 469, 523, 471, 499, 544, 472, 601, 559, 535, 550, 528, 584, 498, 500, 536, 507, 490, 526, 476, 437, 475, 519, 597, 586, 528, 503, 502, 560, 532, 599, 501, 525, 521, 564, 466, 521, 595, 573, 574, 528, 518, 594, 556, 523, 550, 531, 459, 553, 539, 516, 507, 440, 492, 517, 591, 650, 634, 627, 601, 502, 529, 598, 601, 552, 551, 640, 586, 485, 514, 609, 574, 513, 574, 674, 717, 651, 557, 642, 413, 451, 537, 493, 462, 501, 555, 566, 524, 565, 603, 561, 569, 593, 573, 544, 441, 524, 614, 558, 570, 587, 592, 610, 462, 472, 505, 619, 526, 461, 564, 559, 552, 548, 513, 607, 531, 491, 559, 535, 609, 478, 571, 651, 498, 448, 530, 613, 566, 577, 572, 628, 665, 578, 461, 563, 567, 569, 484, 555, 601, 569, 566, 620, 464, 521, 512, 509, 550, 560, 606, 576, 548, 574, 603, 607, 599, 677, 677, 581, 601, 576, 589, 593, 605, 637, 651, 610, 606, 598, 570, 582, 623, 605, 580, 628, 615, 713, 754, 623, 565, 653, 750, 708, 1141, 1447, 1620, 1008, 689, 1336, 2341, 2192, 2281, 4403, 5149, 2361, 955, 3672, 7236, 6589, 2424, 7028, 7564, 2984, 1090, 5554, 10512, 8889, 1599, 5093, 5053, 1841, 962, 3995, 7063, 5642, 1127, 2693, 2657, 1393, 903, 2353, 3366, 2429, 2405, 4349, 4589, 2691, 1387, 3147, 4843, 4028, 4780, 12760, 13752, 6810, 2114, 8329, 14284, 11441, 5985, 18061, 18599, 8532, 2423, 11687, 19640, 14760, 4181, 11565, 10891, 4385, 1793, 7779, 12198, 8249, 1599, 3541, 3043, 1259, 1028, 2641, 3662, 2254, 730, 863, 842, 730, 714, 837, 1012, 956, 729, 910, 871, 628, 578, 747, 962, 847, 590, 992, 1023, 724, 540, 756, 938, 687, 647, 957, 1094, 887, 590, 726, 937, 840, 592, 920, 1001, 818, 537, 790, 1053, 848, 802, 1324, 1193, 739, 640, 1271, 1576, 1011, 1153, 1904, 1448, 799, 855, 1475, 1752, 874, 6901, 11799, 9108, 2607, 2866, 5405, 7322, 3279, 21319, 37993, 30122, 8666, 8258, 16506, 23576, 10987, 25520, 45800, 36546, 10818, 10202, 18516, 27553, 13409, 13390, 23416, 18607, 5747, 5623, 8161, 13054, 6871, 3871, 5855, 4455, 1625, 1856, 2362, 3022, 1733, 2075, 3274, 2391, 898, 1239, 1574, 1818, 939, 1636, 2652, 1997, 732, 1046, 1389, 1579, 798, 958, 1329, 1110, 725, 703, 938, 960, 674, 650, 809, 733, 630, 613, 677, 738, 639, 909, 1216, 1171, 758, 856, 1085, 899, 630, 1377, 1859, 1669, 836, 1141, 1439, 1103, 796, 1588, 2176, 1847, 1028, 1264, 1463, 1424, 1090, 2304, 2915, 2742, 1563, 1507, 2206, 2054, 1629, 2588, 2945, 2821, 1663, 1745, 2719, 2109, 1694, 2499, 3249, 2761, 1497, 1906, 2650, 2038, 1325, 3304, 4445, 3287, 1516, 2671, 3222, 2335, 1303, 3470, 4930, 3694, 1413, 2696, 2893, 2296, 1464, 2811, 3958, 2970, 1304, 1923, 2251, 2174, 1533, 2118, 3162, 2409, 1094, 1380, 1821, 1932, 1329, 1456, 2177, 1695, 750, 1135, 1265, 1357, 979, 869, 1170, 999, 550, 839, 1006, 905, 643, 738, 1006, 942, 632, 724, 813, 842, 664, 723, 1058, 990, 760, 760, 776, 780, 613, 902, 1076, 1050, 762, 746, 823, 778, 715, 790, 943, 834, 554, 640, 722, 689, 638, 852, 903, 747, 629, 523, 566, 614, 674, 940, 1071, 852, 618, 632, 674, 597, 615, 908, 1145, 971, 725, 815, 896, 847, 671, 882, 1099, 926, 697, 748, 929, 828, 630, 632, 825, 808, 626, 678, 757, 694, 529, 597, 616, 631, 539, 607, 639, 592, 586, 617, 775, 830, 641, 632, 651, 658, 588, 679, 746, 865, 788, 880, 872, 751, 717, 821, 1051, 961, 745, 939, 1010, 776, 744, 814, 1032, 933, 702, 749, 873, 804, 698, 894, 947, 878, 690, 780, 970, 841, 803, 839, 808, 864, 732, 739, 855, 744, 747, 816, 794, 819, 730, 640, 846, 766, 645, 709, 739, 623, 596, 571, 653, 636, 627, 741, 760, 625, 661, 688, 749, 705, 691, 617, 589, 528, 604, 682, 708, 680, 639, 645, 670, 709, 652, 638, 729, 762, 739, 667, 722, 786, 743, 637, 784, 784, 610, 687, 731, 714, 691, 629, 709, 765, 712, 660, 729, 627, 565, 633, 692, 710, 683, 714, 746, 721, 668, 569, 586, 750, 756, 856, 710, 737, 652, 671, 687, 789, 902, 1413, 943, 846, 861, 965, 824, 1145, 1619, 1771, 1123, 910, 865, 985, 794, 1417, 2045, 1130, 989, 998, 969, 797, 760, 1083, 1313, 835, 846, 862, 759, 663, 744, 746, 701, 787, 751, 718, 658, 697, 749, 675, 654, 706, 681, 693, 738, 700, 733, 785, 729, 963, 781, 872, 833, 695, 903, 753, 759, 943, 881, 892, 946, 768, 832, 744, 815, 1015, 913, 879, 792, 710, 782, 786, 935, 973, 870, 826, 767, 748, 803, 835, 934, 918, 763, 694, 712, 676, 752, 798, 872, 1352, 1163, 1551, 1144, 748, 977, 1917, 2112, 3041, 2523, 4066, 2427, 1254, 2227, 5584, 6245, 3545, 3344, 5264, 3226, 1662, 3049, 7175, 7716, 2937, 3255, 4735, 2829, 1489, 2956, 6565, 6763, 2339, 2897, 3958, 2350, 1317, 2754, 6233, 6225, 1488, 2127, 2569, 1699, 1042, 2030, 4194, 3989, 1275, 1633, 1785, 1266, 1015, 1655, 3192, 3040, 1430, 1645, 1602, 1000, 973, 1476, 2746, 2632, 1505, 1524, 1546, 847, 827, 1218, 2325, 2350, 1616, 1838, 1488, 1104, 979, 1498, 2553, 2202, 1831, 1626, 1469, 1364, 893, 1322, 1982, 2064, 1194, 1325, 1478, 1115, 863, 1099, 1583, 1590, 1416, 1236, 1204, 1038, 1038, 1111, 1187, 1491, 1742, 1056, 1016, 1071, 1068, 1091, 1216, 1662, 1345, 887, 1133, 1004, 853, 989, 1392, 1589, 923, 776, 963, 738, 641, 800, 1110, 1181, 811, 708, 974, 759, 558, 708, 969, 1026, 723, 628, 838, 751, 595, 729, 1046, 999, 624, 657, 706, 671, 550, 666, 978, 898, 585, 756, 726, 645, 513, 629, 899, 826, 516, 825, 762, 521, 504, 647, 813, 615, 529, 752, 705, 479, 416, 521, 629, 493, 516, 593, 643, 589, 428, 458, 613, 581, 428, 475, 549, 488, 405, 518, 574, 484]"
0.0007077455520629883,-1.2662668228149414,0.097116619348526,-1.8906641006469727,-1.0373172760009766,0.47282081842422485,-2.064258098602295,-1.212786316871643,-0.7802009582519531,25.5,-0.7222639322280884,-0.7420063018798828,28.0,-0.6916509866714478,-0.6325721740722656,20.0,-0.3393160104751587,-0.38166046142578125,16.25,1.7585290670394897,0.12359619140625,16.75,"[545, 564, 592, 614, 611, 615, 592, 563, 560, 601, 672, 716, 657, 669, 655, 595, 565, 608, 627, 593, 678, 692, 594, 561, 515, 444, 449, 547, 571, 569, 509, 551, 437, 470, 495, 432, 428, 400, 423, 477, 618, 632, 571, 497, 540, 543, 485, 597, 566, 539, 481, 499, 532, 545, 564, 593, 564, 552, 477, 583, 587, 481, 524, 641, 453, 504, 513, 519, 503, 480, 467, 525, 522, 507, 553, 549, 500, 450, 559, 646, 531, 582, 623, 660, 556, 507, 673, 689, 463, 552, 611, 635, 564, 466, 606, 593, 512, 492, 528, 581, 552, 427, 456, 477, 551, 563, 563, 544, 595, 573, 450, 459, 596, 603, 594, 511, 547, 632, 445, 485, 617, 601, 537, 566, 592, 633, 564, 519, 381, 505, 551, 527, 449, 581, 580, 460, 489, 530, 584, 517, 430, 524, 542, 511, 537, 589, 634, 531, 524, 566, 509, 523, 512, 610, 596, 485, 531, 506, 467, 501, 455, 566, 541, 474, 518, 538, 488, 397, 511, 490, 542, 509, 585, 663, 514, 490, 541, 542, 580, 575, 532, 576, 608, 572, 584, 644, 693, 636, 546, 588, 674, 550, 587, 606, 595, 626, 511, 526, 608, 575, 485, 506, 565, 555, 450, 494, 560, 580, 537, 505, 523, 524, 561, 496, 527, 585, 507, 555, 562, 567, 559, 531, 557, 527, 559, 607, 656, 603, 486, 706, 807, 671, 2036, 3777, 3263, 1359, 921, 2529, 3583, 2420, 5618, 10149, 8110, 2475, 1967, 5939, 8189, 4766, 6114, 10426, 8060, 2272, 2013, 5685, 7680, 4269, 3435, 5573, 4426, 1479, 1275, 2857, 3963, 2545, 7592, 13995, 11797, 4399, 2462, 7931, 10980, 6413, 13755, 26766, 22509, 7902, 4188, 15117, 21258, 11799, 10321, 20519, 17392, 6160, 3173, 11252, 16154, 9078, 3654, 7431, 6623, 2739, 1429, 3626, 5730, 3674, 1344, 2858, 2632, 1357, 945, 1894, 2497, 1746, 994, 2070, 1868, 967, 815, 1356, 1827, 1255, 903, 1477, 1323, 784, 843, 1092, 1239, 926, 760, 1056, 980, 721, 724, 842, 816, 714, 723, 1029, 1015, 772, 608, 781, 918, 757, 1402, 2259, 1861, 893, 991, 1174, 1448, 850, 2951, 4602, 3408, 1016, 1753, 2017, 2609, 1178, 3260, 5119, 3700, 1049, 1906, 2157, 2724, 1215, 1893, 3196, 2544, 1029, 1217, 1554, 2002, 1029, 1283, 2085, 1720, 852, 949, 1116, 1392, 791, 1769, 2668, 1966, 752, 1169, 1264, 1339, 722, 1835, 2591, 1851, 751, 1088, 1303, 1351, 732, 1542, 2292, 1671, 676, 981, 1108, 1209, 630, 972, 1287, 1095, 699, 768, 811, 824, 602, 789, 975, 805, 747, 679, 653, 671, 580, 1126, 1376, 1074, 724, 913, 819, 644, 644, 1526, 2054, 1530, 740, 1220, 1209, 906, 698, 1661, 2231, 1601, 792, 1305, 1243, 927, 730, 1591, 2203, 1626, 862, 1280, 1232, 932, 715, 1543, 2044, 1546, 864, 1230, 1337, 974, 782, 2444, 3530, 2487, 1014, 1946, 1881, 1459, 882, 3633, 5326, 3534, 1446, 2910, 2342, 1864, 1152, 3018, 4089, 2572, 1211, 2268, 1740, 1395, 1044, 2614, 3295, 1965, 998, 1866, 1628, 1087, 877, 2434, 2901, 1756, 962, 1907, 1624, 1004, 980, 1578, 1996, 1369, 929, 1344, 1201, 977, 820, 804, 1034, 761, 676, 742, 797, 785, 616, 630, 819, 772, 660, 698, 678, 684, 697, 753, 915, 824, 781, 754, 651, 690, 760, 738, 850, 708, 622, 727, 667, 577, 623, 599, 724, 719, 542, 562, 584, 547, 591, 686, 882, 760, 548, 673, 702, 654, 582, 752, 780, 762, 637, 781, 720, 609, 683, 731, 825, 686, 593, 717, 653, 687, 695, 734, 841, 678, 629, 604, 715, 788, 677, 808, 892, 768, 648, 786, 715, 710, 694, 947, 1009, 889, 777, 931, 894, 830, 790, 907, 962, 863, 846, 877, 813, 665, 733, 911, 1004, 753, 719, 860, 801, 631, 676, 842, 964, 755, 681, 796, 778, 751, 696, 850, 1006, 897, 647, 683, 810, 727, 731, 728, 827, 778, 664, 586, 591, 654, 655, 705, 820, 879, 653, 629, 698, 645, 720, 643, 699, 733, 740, 730, 614, 618, 672, 658, 665, 659, 789, 841, 743, 682, 634, 618, 595, 576, 618, 674, 636, 569, 567, 699, 618, 614, 618, 737, 678, 646, 745, 631, 710, 628, 553, 607, 752, 857, 710, 722, 754, 738, 646, 668, 727, 827, 720, 679, 733, 705, 696, 635, 622, 812, 783, 779, 694, 781, 764, 586, 620, 764, 840, 793, 781, 797, 628, 625, 686, 648, 819, 640, 673, 738, 685, 642, 713, 681, 712, 656, 619, 602, 699, 671, 670, 680, 645, 594, 630, 612, 653, 585, 719, 752, 562, 723, 618, 589, 646, 653, 713, 634, 620, 750, 671, 570, 617, 687, 670, 602, 666, 591, 513, 493, 584, 604, 571, 631, 678, 678, 619, 710, 635, 534, 596, 716, 757, 655, 787, 887, 685, 583, 779, 825, 774, 746, 780, 800, 754, 622, 598, 717, 751, 753, 862, 756, 619, 579, 533, 639, 705, 718, 778, 665, 655, 630, 661, 659, 649, 698, 625, 582, 717, 696, 711, 665, 691, 763, 683, 598, 664, 769, 751, 601, 692, 671, 709, 621, 633, 764, 782, 578, 542, 698, 735, 665, 586, 634, 714, 682, 670, 607, 650, 602, 539, 575, 602, 593, 593, 622, 889, 1218, 853, 586, 741, 1248, 1228, 1591, 1885, 3133, 2133, 894, 1759, 3384, 3555, 2305, 2740, 4517, 3260, 1214, 2489, 4574, 4787, 1927, 2339, 3565, 2813, 1296, 2376, 3505, 3347, 1202, 1957, 2486, 1768, 1041, 2268, 3011, 2161, 858, 1478, 1737, 1194, 747, 1377, 1884, 1447, 645, 822, 953, 766, 583, 810, 984, 807, 645, 667, 749, 667, 545, 720, 864, 840, 895, 920, 976, 686, 666, 819, 784, 876, 1207, 1640, 1415, 834, 737, 892, 1241, 1050, 1344, 1901, 1457, 894, 839, 1264, 1643, 921, 1108, 1274, 1022, 1026, 850, 1066, 1175, 866, 1045, 906, 1036, 1051, 831, 974, 1101, 1089, 946, 830, 895, 880, 521, 916, 1103, 1015, 852, 804, 694, 785, 608, 766, 932, 905, 889, 840, 862, 737, 564, 878, 980, 896, 673, 816, 857, 701, 550, 716, 864, 762, 711, 756, 750, 676, 635, 634, 593, 670, 767, 646, 660, 612, 604, 606, 577, 698, 564, 619, 714, 555, 446, 541, 643, 579, 499, 508, 590, 598, 499, 499, 498, 500, 493, 443, 431, 449, 456, 518, 481, 466, 594, 590, 504, 435, 450, 486, 529, 579]"
-0.19867995381355286,-1.369998574256897,0.14439870417118073,-2.097090005874634,0.0,0.0,0.0,-1.2248620986938477,-0.9939193725585938,20.75,-1.2248620986938477,-0.9052276611328125,29.0,-1.2248620986938477,-0.8787631988525391,24.75,-1.2248620986938477,1.027679443359375,27.75,-0.4559621810913086,0.07467269897460938,17.25,"[439, 617, 640, 556, 600, 557, 639, 614, 509, 563, 622, 663, 633, 581, 715, 708, 547, 578, 559, 553, 511, 571, 616, 597, 526, 566, 533, 575, 543, 533, 608, 507, 614, 525, 497, 517, 512, 519, 482, 573, 483, 475, 448, 467, 555, 505, 428, 456, 501, 554, 528, 471, 462, 566, 555, 471, 568, 624, 555, 581, 510, 541, 609, 488, 509, 582, 547, 554, 536, 520, 541, 480, 428, 549, 562, 547, 522, 521, 588, 538, 542, 670, 660, 553, 550, 556, 590, 576, 611, 650, 629, 613, 583, 610, 511, 513, 563, 614, 670, 622, 504, 550, 583, 493, 512, 525, 627, 624, 561, 531, 574, 602, 615, 565, 494, 522, 541, 532, 488, 585, 596, 589, 496, 497, 552, 591, 546, 570, 503, 493, 455, 442, 491, 539, 533, 494, 568, 578, 556, 511, 561, 670, 623, 546, 545, 555, 524, 456, 542, 590, 539, 548, 526, 544, 520, 441, 470, 599, 587, 525, 488, 490, 466, 504, 546, 565, 495, 474, 481, 584, 649, 539, 530, 576, 557, 523, 444, 553, 654, 577, 401, 550, 619, 511, 469, 491, 612, 571, 429, 564, 657, 585, 532, 576, 553, 614, 549, 463, 595, 562, 535, 616, 596, 587, 586, 598, 602, 491, 563, 634, 552, 476, 536, 507, 534, 517, 1510, 1890, 1306, 589, 827, 1104, 1144, 760, 4324, 5829, 3735, 955, 1996, 2787, 2921, 1308, 5801, 7924, 5030, 1344, 2800, 3508, 3895, 1732, 6721, 9418, 6064, 1214, 3271, 4408, 4702, 1670, 11216, 15968, 10503, 2074, 5002, 7569, 8534, 2589, 12426, 17815, 11727, 2459, 5387, 7732, 9262, 3071, 6930, 10165, 6902, 1830, 3070, 4022, 5358, 2547, 3035, 5059, 3822, 1273, 1494, 2567, 3471, 2035, 2376, 3836, 3048, 1204, 1144, 2286, 2990, 1786, 2608, 4209, 3478, 1528, 1124, 2245, 3181, 2253, 2526, 4134, 3398, 1437, 1181, 2284, 3098, 1857, 2860, 4675, 3771, 1440, 1430, 2485, 3215, 1798, 3886, 5984, 4354, 1270, 1969, 2863, 3528, 1676, 4175, 6371, 4537, 1143, 2221, 2741, 3287, 1278, 2661, 3832, 2656, 855, 1521, 1807, 1998, 836, 1430, 1711, 1133, 644, 970, 1196, 1095, 614, 893, 1001, 868, 796, 818, 801, 711, 600, 723, 910, 859, 715, 631, 605, 607, 618, 797, 1002, 896, 682, 624, 714, 807, 658, 704, 957, 941, 699, 690, 793, 806, 685, 904, 1200, 1060, 662, 620, 655, 792, 687, 941, 1220, 1082, 623, 648, 651, 673, 641, 1947, 2877, 2191, 1003, 1687, 1637, 1113, 740, 3491, 4947, 3466, 2033, 3567, 3112, 1721, 1300, 3278, 4583, 3551, 2335, 3646, 3355, 1814, 1444, 2616, 3596, 2707, 1839, 2830, 2573, 1426, 1275, 1908, 2203, 1583, 1491, 1683, 1533, 993, 1141, 1438, 1588, 1251, 1033, 1355, 1400, 942, 934, 1077, 1439, 1200, 795, 1060, 1148, 930, 622, 1196, 1593, 1393, 895, 1057, 1228, 1057, 829, 1454, 1783, 1566, 1232, 1226, 1563, 1223, 990, 1187, 1517, 1328, 1018, 1037, 1230, 1093, 825, 1086, 1318, 1109, 712, 942, 1057, 821, 772, 1123, 1202, 950, 759, 984, 986, 767, 802, 1151, 1045, 833, 779, 885, 829, 735, 940, 1029, 981, 836, 795, 786, 829, 717, 915, 825, 980, 950, 704, 804, 869, 711, 747, 777, 958, 834, 633, 768, 779, 666, 642, 720, 822, 846, 662, 627, 699, 702, 761, 694, 722, 796, 607, 545, 666, 767, 753, 705, 684, 755, 743, 598, 668, 718, 692, 573, 621, 630, 602, 559, 539, 603, 618, 566, 651, 719, 717, 676, 546, 602, 609, 664, 728, 696, 633, 662, 683, 600, 585, 681, 740, 715, 609, 664, 662, 614, 653, 615, 709, 633, 524, 644, 815, 666, 479, 679, 844, 680, 532, 713, 774, 684, 630, 670, 920, 790, 615, 677, 682, 716, 639, 630, 720, 725, 689, 687, 709, 757, 726, 802, 737, 676, 603, 590, 687, 693, 741, 677, 647, 668, 772, 739, 718, 716, 733, 673, 730, 647, 735, 760, 657, 699, 617, 615, 717, 700, 639, 610, 731, 813, 671, 603, 619, 649, 657, 627, 630, 689, 685, 688, 696, 639, 760, 940, 773, 625, 668, 688, 642, 785, 753, 737, 710, 714, 747, 700, 764, 800, 723, 651, 731, 786, 721, 712, 783, 756, 705, 739, 767, 769, 736, 716, 877, 989, 825, 675, 921, 943, 758, 690, 747, 784, 736, 693, 803, 914, 798, 651, 676, 693, 655, 557, 680, 722, 679, 740, 646, 698, 669, 591, 619, 594, 653, 624, 669, 626, 591, 628, 622, 553, 539, 571, 648, 581, 583, 594, 586, 596, 514, 596, 660, 586, 555, 565, 556, 532, 579, 624, 571, 592, 525, 487, 584, 592, 587, 673, 602, 603, 547, 585, 730, 586, 580, 1079, 864, 799, 703, 652, 744, 793, 937, 1189, 874, 837, 755, 733, 881, 947, 1115, 1024, 787, 718, 655, 702, 753, 948, 1110, 789, 713, 686, 636, 602, 673, 803, 917, 784, 724, 584, 604, 591, 648, 758, 820, 830, 695, 736, 652, 664, 780, 672, 777, 780, 790, 781, 650, 683, 765, 619, 727, 680, 837, 825, 664, 654, 799, 823, 680, 795, 873, 746, 696, 743, 833, 830, 697, 809, 774, 624, 532, 654, 774, 723, 741, 623, 618, 598, 559, 513, 638, 723, 679, 814, 830, 870, 765, 677, 704, 905, 1028, 1054, 920, 1341, 1098, 836, 882, 1271, 1553, 1199, 776, 1328, 1090, 727, 848, 1335, 1772, 1047, 1349, 1249, 1194, 775, 1218, 1757, 1349, 996, 1777, 1757, 1434, 753, 1501, 2537, 1997, 841, 1340, 1335, 970, 646, 1107, 1734, 1460, 976, 1385, 1160, 765, 593, 1024, 1368, 962, 778, 1152, 1057, 765, 713, 829, 1107, 938, 820, 1008, 1150, 904, 773, 755, 924, 973, 879, 951, 1052, 927, 737, 784, 935, 973, 851, 939, 740, 807, 663, 958, 1076, 668, 786, 1113, 921, 757, 637, 1116, 1469, 1103, 1027, 1178, 974, 733, 725, 1026, 1149, 978, 1026, 794, 837, 761, 671, 759, 963, 1188, 952, 586, 632, 657, 657, 834, 1061, 1188, 869, 758, 757, 679, 691, 903, 1111, 1089, 680, 766, 859, 754, 629, 786, 910, 808, 621, 676, 607, 583, 541, 696, 739, 667, 615, 562, 486, 494, 514, 600, 612, 561, 576, 496, 531, 574, 423, 473, 545, 575, 538, 474, 502, 520, 423, 470, 495, 532, 493, 488, 489, 487, 422, 507, 534, 462, 542, 510, 421, 410, 453, 487, 409, 423]"
-0.40838897228240967,-1.369998574256897,0.14439870417118073,-2.097090005874634,0.0,0.0,0.0,-1.2393019199371338,0.6721973419189453,18.5,-0.6765387058258057,0.12674331665039062,21.75,-0.641348123550415,-0.19483566284179688,24.75,-0.5849859714508057,-0.06594657897949219,22.5,-0.44651246070861816,0.37779808044433594,18.0,"[570, 610, 567, 584, 672, 582, 566, 616, 521, 568, 566, 602, 663, 627, 501, 531, 567, 552, 534, 555, 590, 624, 539, 489, 576, 556, 524, 553, 563, 544, 528, 511, 600, 520, 484, 537, 566, 512, 527, 538, 487, 550, 478, 465, 524, 560, 536, 487, 541, 500, 487, 486, 498, 448, 514, 573, 555, 513, 486, 509, 539, 527, 550, 558, 482, 453, 556, 513, 413, 425, 556, 550, 475, 413, 588, 600, 524, 494, 500, 603, 560, 562, 506, 516, 599, 553, 395, 527, 528, 568, 600, 541, 462, 599, 501, 442, 499, 516, 543, 550, 542, 663, 577, 532, 518, 514, 612, 620, 564, 596, 557, 538, 557, 502, 596, 644, 596, 563, 549, 589, 645, 501, 551, 584, 618, 610, 573, 613, 585, 562, 553, 601, 550, 515, 557, 585, 665, 627, 662, 695, 651, 595, 556, 578, 565, 567, 593, 614, 574, 594, 560, 531, 466, 529, 554, 568, 522, 602, 688, 605, 439, 433, 482, 482, 487, 527, 603, 573, 514, 526, 546, 494, 477, 534, 603, 591, 595, 614, 565, 494, 555, 584, 546, 559, 564, 604, 581, 616, 577, 553, 583, 560, 1120, 1061, 697, 811, 959, 948, 742, 755, 2885, 3044, 1468, 1354, 2135, 1973, 1406, 1237, 4113, 4497, 2119, 1635, 2770, 2263, 1654, 1476, 5598, 6650, 3600, 1477, 3241, 3254, 2735, 1644, 7540, 9597, 5985, 2015, 4194, 4563, 4310, 2258, 6254, 8274, 5512, 2123, 3295, 3359, 3628, 2416, 2809, 3612, 2637, 1410, 1782, 1279, 1688, 1812, 1368, 2053, 1739, 735, 1314, 2005, 2010, 1260, 1279, 2007, 1600, 738, 1072, 1648, 1762, 996, 2182, 2850, 1917, 644, 1259, 1268, 1158, 807, 3312, 4520, 2889, 645, 1754, 1719, 1892, 710, 6936, 10364, 7008, 699, 3661, 3309, 4294, 623, 10169, 15721, 10873, 854, 5483, 4705, 6556, 759, 7309, 11199, 7658, 885, 3969, 3549, 4714, 835, 2512, 3950, 2879, 689, 1411, 1508, 1862, 808, 1290, 1953, 1505, 649, 832, 819, 998, 639, 2056, 2917, 2094, 853, 1220, 1232, 1329, 743, 2479, 3520, 2607, 1167, 1489, 1371, 1518, 1086, 1581, 2421, 1906, 853, 1224, 1045, 962, 770, 975, 1263, 1149, 716, 785, 840, 723, 702, 703, 939, 862, 629, 634, 583, 632, 671, 896, 1039, 816, 620, 677, 560, 638, 729, 1076, 1371, 1073, 747, 775, 684, 797, 749, 989, 1281, 1050, 714, 763, 792, 951, 716, 923, 1371, 1189, 683, 992, 1015, 849, 551, 1018, 1512, 1250, 879, 1275, 1211, 761, 638, 1203, 2008, 1819, 948, 1538, 1851, 1370, 966, 1465, 2159, 2131, 1146, 1703, 2220, 1659, 1213, 1611, 2444, 2409, 1456, 2171, 2488, 1711, 1281, 2117, 3101, 3086, 2307, 2907, 3048, 1884, 1594, 1844, 2521, 2454, 1918, 2327, 2363, 1585, 1360, 1304, 1564, 1236, 1054, 1315, 1287, 995, 972, 998, 1166, 955, 833, 868, 973, 868, 785, 804, 1045, 894, 678, 772, 863, 759, 619, 665, 868, 769, 596, 696, 770, 732, 586, 774, 930, 667, 601, 682, 714, 654, 543, 979, 904, 691, 754, 682, 617, 584, 666, 897, 870, 671, 670, 655, 705, 633, 650, 806, 921, 653, 602, 781, 774, 611, 629, 751, 947, 788, 668, 791, 814, 787, 668, 680, 775, 656, 623, 715, 703, 685, 707, 713, 796, 675, 548, 624, 646, 648, 674, 793, 852, 670, 505, 667, 714, 563, 541, 828, 817, 576, 655, 765, 647, 643, 719, 725, 759, 624, 613, 709, 613, 598, 640, 784, 843, 705, 614, 613, 600, 606, 639, 671, 824, 750, 624, 599, 721, 782, 711, 827, 1070, 896, 590, 746, 824, 746, 654, 850, 913, 737, 599, 627, 743, 702, 708, 779, 711, 673, 601, 710, 702, 679, 692, 744, 702, 640, 603, 748, 731, 628, 712, 873, 824, 613, 682, 746, 688, 724, 719, 853, 1013, 886, 619, 778, 784, 854, 752, 1057, 1320, 997, 628, 859, 984, 1006, 758, 897, 983, 639, 598, 760, 695, 690, 653, 735, 720, 639, 678, 735, 627, 664, 700, 692, 621, 677, 678, 685, 635, 563, 678, 844, 754, 694, 728, 691, 669, 649, 805, 989, 999, 903, 856, 626, 750, 914, 1000, 1208, 1145, 829, 682, 750, 887, 962, 1087, 1088, 1006, 717, 736, 798, 899, 927, 1002, 873, 814, 697, 696, 817, 846, 824, 888, 664, 737, 749, 678, 659, 649, 699, 736, 604, 679, 589, 533, 631, 627, 672, 640, 740, 721, 648, 596, 662, 634, 654, 653, 783, 768, 726, 667, 696, 725, 676, 724, 817, 944, 796, 590, 653, 823, 856, 613, 846, 1056, 928, 750, 719, 840, 955, 770, 821, 920, 775, 724, 736, 689, 736, 654, 715, 871, 695, 575, 641, 643, 669, 560, 738, 812, 689, 555, 616, 744, 675, 584, 887, 935, 736, 579, 671, 800, 740, 660, 952, 1093, 855, 640, 690, 840, 782, 686, 893, 944, 717, 636, 676, 746, 670, 604, 788, 824, 624, 606, 585, 674, 646, 585, 637, 728, 643, 568, 580, 602, 544, 519, 637, 701, 566, 423, 523, 589, 586, 527, 850, 821, 634, 571, 691, 650, 615, 671, 746, 718, 718, 641, 686, 615, 653, 760, 636, 653, 686, 693, 731, 697, 901, 891, 671, 620, 702, 704, 600, 760, 987, 915, 1045, 826, 1029, 916, 552, 912, 1200, 1282, 1802, 1551, 2432, 2180, 954, 1574, 2231, 2710, 2461, 2078, 3466, 3027, 1118, 2145, 2989, 3797, 2018, 1554, 2716, 2195, 929, 1574, 2672, 3233, 1326, 1242, 2006, 1434, 700, 1199, 2501, 2616, 1307, 1230, 1561, 1064, 772, 1513, 2525, 2468, 982, 878, 821, 865, 857, 1160, 1600, 1530, 904, 792, 663, 675, 671, 756, 872, 973, 757, 929, 810, 673, 710, 751, 698, 649, 910, 959, 970, 821, 638, 772, 802, 882, 985, 993, 880, 705, 650, 826, 823, 907, 586, 899, 811, 578, 520, 762, 925, 690, 618, 832, 786, 574, 484, 753, 911, 784, 599, 811, 778, 529, 570, 643, 689, 635, 727, 877, 765, 518, 621, 644, 670, 652, 722, 733, 589, 568, 640, 671, 692, 685, 656, 695, 614, 599, 621, 728, 759, 661, 600, 686, 679, 596, 517, 705, 759, 641, 548, 689, 641, 528, 490, 633, 634, 515, 442, 511, 516, 456, 480, 507, 499, 469, 542, 551, 539, 573, 501, 477, 504, 469, 492, 473, 526, 527, 525, 557, 492, 450, 507, 511, 520, 513, 504, 525, 554, 491]"
-0.8278069496154785,-1.369998574256897,0.14439870417118073,-2.097090005874634,0.0,0.0,0.0,-1.268181562423706,0.5620479583740234,31.5,-1.268181562423706,0.6041049957275391,27.0,-1.268181562423706,0.6498813629150391,29.25,-1.268181562423706,0.7780551910400391,25.75,-0.8272979259490967,-0.3242969512939453,18.0,"[525, 625, 682, 701, 675, 696, 681, 630, 567, 575, 592, 675, 699, 744, 768, 676, 589, 616, 632, 625, 573, 628, 612, 581, 568, 593, 589, 593, 590, 558, 594, 612, 535, 561, 455, 476, 543, 537, 544, 518, 482, 603, 552, 432, 560, 559, 550, 534, 487, 566, 563, 475, 533, 512, 517, 551, 519, 595, 550, 581, 641, 583, 554, 539, 450, 497, 566, 476, 506, 565, 527, 486, 469, 437, 439, 391, 449, 547, 478, 472, 544, 645, 608, 527, 524, 540, 490, 441, 503, 632, 620, 576, 507, 532, 643, 543, 507, 540, 470, 432, 520, 586, 518, 453, 525, 505, 459, 446, 460, 631, 636, 467, 494, 461, 460, 499, 414, 474, 517, 444, 555, 584, 541, 540, 564, 549, 471, 483, 594, 510, 461, 563, 608, 446, 403, 555, 530, 551, 494, 459, 564, 527, 479, 507, 572, 619, 484, 521, 563, 497, 529, 532, 2273, 2274, 1131, 1218, 1579, 1353, 1004, 1154, 10897, 12060, 5253, 4615, 7933, 5904, 3688, 3704, 17813, 20512, 9685, 7119, 13447, 9778, 6307, 5756, 13680, 16235, 8620, 5420, 10119, 8069, 5756, 4887, 8459, 10597, 6573, 2932, 4978, 4758, 4414, 2936, 4370, 5936, 4036, 1529, 2239, 2355, 2815, 1413, 2828, 3619, 2324, 920, 1429, 1697, 1847, 999, 2990, 3796, 2453, 1138, 1619, 1831, 2110, 1396, 4418, 5907, 3693, 1108, 2563, 3108, 3090, 1324, 6705, 8861, 5621, 1436, 3726, 4082, 4123, 1568, 4953, 6490, 4642, 1416, 2730, 3217, 3532, 1609, 3471, 4567, 3063, 1207, 1937, 2151, 2410, 1290, 4673, 6634, 4280, 912, 2754, 2643, 2930, 837, 2337, 3325, 2342, 688, 1420, 1652, 1576, 841, 1172, 1629, 1262, 637, 1136, 1334, 1025, 616, 1005, 1398, 1192, 664, 847, 1018, 1041, 722, 1048, 1591, 1264, 713, 817, 1080, 1261, 784, 1102, 1735, 1553, 810, 856, 1079, 1242, 844, 998, 1567, 1431, 838, 768, 1154, 1411, 1176, 1379, 2629, 2230, 1090, 787, 2077, 2764, 1802, 1690, 3352, 2845, 1309, 1056, 2606, 3403, 1984, 1208, 2121, 1821, 1068, 912, 1607, 2045, 1377, 961, 1246, 1070, 829, 883, 954, 917, 822, 897, 1057, 822, 666, 763, 887, 780, 583, 803, 943, 787, 570, 616, 643, 676, 570, 696, 755, 692, 584, 638, 569, 555, 565, 715, 753, 628, 557, 619, 599, 556, 493, 739, 797, 602, 514, 631, 724, 687, 549, 814, 1002, 862, 659, 707, 770, 697, 637, 1394, 1741, 1405, 1266, 1336, 1169, 878, 952, 2598, 3162, 2479, 2101, 2393, 1827, 1159, 1487, 2598, 3624, 2979, 2175, 2637, 2185, 1282, 1330, 1499, 1950, 1589, 1332, 1683, 1361, 878, 919, 1248, 1395, 905, 888, 1223, 1090, 786, 840, 999, 1068, 904, 982, 1034, 862, 682, 780, 804, 952, 815, 757, 792, 731, 694, 664, 744, 791, 749, 739, 752, 710, 681, 711, 649, 729, 693, 591, 719, 774, 672, 590, 751, 837, 759, 726, 760, 832, 719, 615, 798, 854, 732, 652, 772, 749, 612, 602, 771, 771, 571, 660, 724, 684, 584, 646, 740, 714, 667, 743, 667, 589, 650, 669, 725, 777, 778, 671, 694, 668, 632, 690, 658, 821, 816, 665, 754, 745, 721, 620, 717, 892, 961, 773, 822, 796, 793, 777, 754, 834, 816, 722, 825, 736, 636, 689, 705, 724, 711, 665, 766, 678, 619, 682, 775, 782, 659, 624, 656, 734, 654, 581, 753, 809, 678, 640, 801, 837, 714, 546, 705, 740, 584, 611, 712, 686, 698, 593, 617, 753, 648, 634, 694, 682, 653, 521, 596, 709, 626, 563, 638, 653, 510, 469, 704, 787, 776, 655, 630, 666, 556, 574, 811, 798, 678, 653, 696, 711, 652, 646, 760, 772, 665, 586, 678, 818, 779, 642, 798, 919, 711, 530, 809, 943, 797, 590, 696, 761, 732, 618, 762, 815, 734, 611, 691, 737, 691, 659, 683, 817, 800, 627, 597, 687, 622, 585, 568, 729, 835, 713, 728, 802, 718, 591, 592, 766, 791, 708, 889, 1093, 894, 570, 736, 976, 882, 724, 999, 1102, 956, 631, 820, 1077, 861, 654, 1013, 982, 971, 676, 793, 1099, 958, 713, 819, 870, 866, 720, 743, 964, 846, 682, 862, 888, 747, 737, 801, 749, 754, 637, 815, 831, 689, 712, 742, 778, 749, 637, 770, 691, 756, 721, 737, 732, 783, 805, 742, 778, 751, 752, 773, 809, 746, 713, 680, 702, 749, 714, 715, 784, 780, 710, 764, 596, 695, 706, 614, 683, 813, 815, 838, 733, 732, 689, 660, 773, 781, 810, 970, 872, 687, 703, 706, 691, 628, 787, 899, 824, 666, 631, 688, 758, 682, 689, 804, 728, 674, 709, 752, 702, 558, 612, 880, 721, 629, 820, 776, 635, 532, 744, 837, 877, 775, 697, 755, 744, 679, 765, 836, 740, 633, 640, 743, 779, 735, 734, 755, 630, 551, 623, 625, 648, 763, 833, 700, 715, 721, 740, 761, 783, 716, 730, 694, 648, 798, 773, 690, 681, 693, 742, 641, 609, 676, 693, 558, 496, 682, 732, 798, 767, 695, 676, 562, 535, 705, 704, 959, 967, 870, 737, 642, 730, 838, 712, 1032, 1106, 884, 776, 738, 838, 903, 784, 984, 915, 703, 749, 832, 825, 827, 844, 957, 765, 600, 741, 837, 747, 704, 812, 981, 1068, 818, 630, 813, 772, 820, 870, 1061, 1523, 1890, 1260, 702, 1158, 1918, 1826, 2173, 2280, 3320, 2506, 1117, 1995, 3536, 3674, 2142, 2120, 3073, 2482, 1183, 2034, 3267, 3378, 1771, 1434, 2397, 1981, 797, 1294, 1942, 2575, 1618, 1130, 2088, 1727, 800, 1307, 2222, 2582, 1079, 1206, 1539, 1060, 704, 1285, 1970, 1933, 1001, 1096, 950, 668, 620, 886, 1089, 935, 975, 1133, 1042, 818, 696, 872, 1069, 1008, 884, 1179, 1348, 1025, 794, 956, 1324, 1265, 680, 840, 1042, 775, 719, 862, 1035, 969, 774, 800, 670, 706, 641, 677, 702, 678, 842, 1030, 909, 768, 602, 844, 1063, 770, 827, 1017, 906, 672, 647, 906, 1043, 788, 762, 967, 806, 561, 583, 788, 849, 650, 705, 919, 832, 546, 600, 743, 759, 597, 612, 708, 752, 696, 557, 761, 745, 572, 746, 550, 734, 697, 539, 783, 692, 716, 625, 577, 701, 643, 549, 606, 564, 627, 663, 680, 568, 556, 603, 669, 554, 537, 684, 586, 521, 528, 516, 608, 562, 668, 568, 498, 502, 490, 523, 614, 513, 489, 568, 462, 518, 466, 514, 620, 607, 530]"
-1.0375159978866577,-1.369998574256897,0.14439870417118073,-2.097090005874634,0.0,0.0,0.0,-1.2826213836669922,0.4383087158203125,25.75,-1.2826213836669922,0.47020912170410156,23.75,-1.2826213836669922,0.5621910095214844,16.75,-1.2826213836669922,1.1698722839355469,17.0,-1.0414371490478516,0.36292076110839844,23.5,"[497, 567, 662, 637, 626, 638, 666, 574, 570, 570, 742, 664, 683, 704, 702, 686, 531, 502, 635, 609, 566, 605, 600, 627, 583, 546, 603, 570, 612, 576, 540, 583, 522, 543, 508, 517, 540, 478, 502, 573, 529, 552, 505, 455, 520, 455, 462, 548, 579, 639, 468, 444, 558, 504, 464, 483, 513, 544, 565, 545, 531, 578, 549, 540, 552, 514, 555, 494, 491, 593, 531, 541, 539, 556, 531, 499, 610, 611, 571, 596, 437, 460, 516, 495, 546, 555, 537, 579, 476, 564, 595, 487, 562, 583, 488, 535, 442, 540, 567, 477, 463, 505, 456, 362, 550, 558, 652, 584, 514, 488, 488, 506, 533, 473, 589, 594, 513, 475, 519, 537, 516, 542, 516, 455, 465, 598, 581, 446, 782, 826, 638, 536, 575, 591, 616, 574, 3067, 3757, 2362, 1094, 1741, 1853, 1786, 1271, 6734, 8440, 5116, 2041, 3703, 4002, 3960, 2376, 8040, 10159, 6296, 2441, 3958, 4635, 4804, 2944, 6417, 7946, 5090, 2313, 3190, 3907, 4170, 2790, 4460, 5219, 3487, 1993, 2275, 3133, 3255, 2752, 2746, 2801, 2109, 1782, 2494, 2605, 2404, 2563, 2640, 3666, 2560, 1439, 2355, 2435, 2429, 1763, 1386, 1914, 1527, 1164, 1464, 1194, 1317, 1246, 1947, 2325, 1461, 1093, 1398, 1607, 1336, 1005, 2804, 3472, 2091, 1060, 2005, 2326, 1847, 1190, 2515, 2911, 1644, 1151, 2159, 2077, 1393, 1192, 2172, 2798, 1733, 833, 1715, 1697, 1222, 818, 2238, 3253, 2247, 651, 1693, 1893, 1484, 636, 2682, 3763, 2442, 842, 2250, 2110, 1490, 769, 2599, 3352, 2067, 1136, 2207, 1827, 1127, 983, 1716, 2109, 1336, 882, 1468, 1325, 796, 795, 1052, 1135, 816, 695, 849, 816, 657, 605, 839, 942, 935, 804, 638, 703, 897, 785, 1543, 3560, 3315, 1418, 1113, 2672, 3332, 1783, 3459, 6560, 5214, 1487, 1742, 4124, 4998, 1944, 2939, 4979, 3765, 1022, 1410, 2792, 3252, 1072, 1605, 2295, 1772, 782, 834, 1393, 1514, 819, 957, 1249, 1041, 752, 708, 869, 1072, 698, 944, 1178, 885, 657, 720, 793, 895, 637, 993, 1212, 1071, 695, 712, 864, 915, 778, 878, 1020, 861, 677, 808, 730, 652, 656, 758, 848, 671, 683, 751, 701, 591, 622, 754, 823, 701, 596, 603, 656, 584, 590, 759, 835, 678, 611, 639, 753, 707, 564, 644, 780, 689, 681, 744, 731, 731, 613, 800, 892, 771, 646, 755, 739, 693, 623, 898, 1049, 855, 858, 917, 767, 557, 662, 1296, 1425, 1143, 885, 1113, 1006, 786, 870, 1774, 1958, 1411, 1080, 1355, 1499, 1245, 1095, 1602, 1846, 1342, 1125, 1426, 1612, 1207, 995, 1117, 1275, 1125, 1031, 1193, 1249, 928, 771, 842, 839, 823, 795, 807, 888, 714, 685, 784, 1016, 966, 759, 713, 797, 722, 684, 829, 1117, 951, 710, 790, 828, 782, 733, 781, 1196, 1108, 795, 747, 825, 790, 679, 970, 1317, 1188, 868, 1068, 1026, 867, 702, 995, 1105, 1021, 965, 1072, 1083, 879, 826, 837, 916, 1000, 943, 805, 787, 942, 906, 749, 1158, 1173, 880, 759, 864, 1011, 794, 800, 1051, 896, 652, 727, 867, 881, 693, 783, 834, 649, 551, 601, 685, 703, 630, 649, 707, 666, 526, 654, 762, 660, 589, 741, 792, 692, 540, 688, 718, 527, 630, 624, 727, 690, 584, 659, 652, 689, 669, 634, 637, 626, 585, 669, 657, 661, 703, 704, 701, 607, 594, 531, 582, 651, 649, 642, 650, 640, 635, 559, 577, 591, 620, 626, 755, 760, 665, 594, 666, 708, 645, 535, 585, 661, 578, 559, 632, 626, 640, 552, 651, 671, 639, 554, 669, 616, 544, 557, 631, 658, 686, 660, 669, 564, 509, 480, 651, 698, 670, 698, 653, 617, 589, 744, 823, 640, 584, 624, 653, 617, 540, 828, 942, 736, 645, 584, 670, 809, 653, 697, 769, 609, 625, 573, 603, 727, 575, 592, 656, 679, 677, 632, 643, 767, 690, 692, 727, 632, 581, 546, 570, 685, 686, 796, 771, 664, 653, 643, 817, 834, 771, 819, 854, 765, 659, 715, 937, 907, 761, 876, 860, 681, 645, 734, 909, 746, 646, 887, 900, 759, 761, 804, 738, 673, 729, 655, 781, 791, 708, 671, 739, 756, 720, 565, 707, 697, 556, 580, 752, 670, 581, 536, 688, 773, 646, 582, 668, 630, 479, 646, 702, 726, 605, 569, 671, 692, 660, 648, 718, 712, 625, 602, 691, 707, 640, 665, 565, 616, 657, 590, 576, 670, 712, 528, 548, 570, 539, 604, 680, 659, 575, 487, 490, 545, 501, 627, 642, 598, 522, 542, 611, 616, 571, 592, 615, 654, 626, 655, 658, 528, 606, 675, 596, 602, 598, 676, 635, 568, 521, 550, 633, 649, 623, 711, 714, 792, 676, 695, 824, 796, 760, 1050, 843, 797, 769, 800, 900, 742, 882, 922, 829, 750, 745, 678, 826, 720, 806, 1023, 935, 719, 754, 718, 800, 770, 793, 1055, 1030, 810, 785, 626, 794, 852, 659, 832, 1018, 812, 658, 639, 839, 894, 638, 708, 820, 637, 624, 707, 763, 854, 658, 875, 907, 776, 771, 757, 749, 741, 724, 755, 713, 795, 804, 634, 738, 682, 781, 683, 666, 731, 716, 696, 769, 775, 710, 792, 865, 773, 592, 656, 891, 807, 683, 853, 825, 648, 655, 791, 859, 734, 711, 788, 720, 584, 605, 714, 794, 802, 715, 1098, 926, 1133, 1067, 903, 919, 1323, 1551, 1649, 1539, 2001, 1613, 1147, 1536, 2606, 2936, 1783, 1766, 2223, 1706, 1247, 1951, 3264, 3440, 1941, 1726, 1996, 1708, 1191, 1885, 2860, 3134, 2397, 1858, 1794, 1663, 1143, 1661, 1956, 2436, 1814, 1353, 987, 1093, 843, 1276, 985, 1309, 1127, 895, 952, 871, 792, 1008, 1267, 1332, 990, 1000, 1308, 1034, 733, 874, 1577, 1729, 1000, 1072, 1358, 964, 694, 879, 1763, 1902, 736, 955, 1035, 742, 556, 915, 1607, 1436, 1077, 982, 1048, 800, 636, 1106, 1372, 1184, 1067, 1108, 1102, 834, 616, 1092, 1068, 1009, 794, 1149, 1360, 1079, 619, 1143, 1409, 1032, 539, 856, 1013, 786, 632, 948, 1364, 1126, 798, 746, 881, 728, 730, 742, 997, 1067, 878, 644, 886, 847, 589, 631, 811, 980, 607, 466, 676, 588, 415, 637, 690, 690, 520, 570, 606, 564, 458, 520, 623, 553, 654, 663, 717, 562, 510, 570, 744, 712, 615, 635, 571, 433, 500, 606, 650, 591, 616, 605, 580, 486, 415, 543, 739, 723]"
0.3911561965942383,0.0894833356142044,0.21608510613441467,-0.23704996705055237,-0.14496731758117676,0.07574357837438583,0.06688431650400162,-0.10895934700965881,0.6544589996337891,16.0,0.058839648962020874,0.4025459289550781,23.25,0.07929596304893494,0.4009723663330078,24.75,0.08859428763389587,0.3956794738769531,18.5,0.17542633414268494,0.4637718200683594,19.75,"[478, 567, 579, 619, 626, 617, 581, 566, 567, 573, 652, 537, 571, 638, 622, 580, 538, 513, 522, 519, 559, 662, 584, 495, 554, 482, 489, 502, 579, 565, 597, 574, 419, 507, 498, 475, 528, 528, 523, 487, 538, 515, 466, 495, 466, 450, 446, 505, 487, 505, 527, 525, 518, 558, 533, 543, 513, 586, 598, 567, 516, 586, 540, 484, 470, 531, 601, 510, 475, 542, 520, 483, 479, 534, 529, 525, 558, 562, 551, 516, 565, 554, 515, 509, 539, 562, 513, 522, 514, 480, 497, 466, 487, 491, 453, 453, 470, 467, 475, 548, 629, 546, 518, 558, 607, 560, 462, 585, 671, 572, 588, 543, 629, 588, 497, 518, 627, 646, 541, 558, 598, 663, 607, 580, 641, 755, 640, 455, 478, 517, 480, 460, 496, 573, 547, 458, 759, 795, 601, 606, 583, 472, 535, 606, 3324, 4420, 3015, 1352, 1714, 1724, 2092, 1552, 7108, 9368, 6178, 2484, 3512, 4130, 4712, 2895, 6092, 7897, 4907, 1713, 3211, 3931, 4024, 2048, 1690, 2193, 1493, 687, 1309, 1559, 1319, 715, 1542, 1504, 1199, 746, 973, 1226, 934, 1017, 2062, 2408, 1628, 942, 1533, 1727, 1385, 1058, 3647, 4844, 3143, 1510, 2114, 2465, 2697, 1603, 6445, 7861, 4666, 2495, 3482, 3150, 3291, 2429, 5178, 5752, 3342, 2484, 3119, 2316, 2009, 2489, 2372, 2646, 1778, 1356, 1622, 1724, 1660, 1698, 1372, 1593, 1069, 819, 1008, 1194, 1145, 965, 806, 752, 595, 695, 922, 852, 596, 629, 1009, 925, 710, 751, 799, 790, 631, 772, 982, 893, 792, 855, 890, 752, 582, 750, 746, 722, 634, 661, 814, 670, 509, 616, 747, 640, 550, 705, 737, 581, 521, 640, 747, 631, 612, 653, 754, 665, 575, 703, 782, 782, 733, 576, 687, 748, 599, 605, 744, 863, 712, 606, 706, 745, 676, 546, 884, 969, 703, 546, 705, 776, 752, 586, 806, 715, 745, 713, 687, 667, 653, 729, 906, 899, 843, 770, 748, 764, 695, 784, 862, 840, 753, 681, 675, 668, 729, 833, 796, 770, 826, 733, 797, 763, 685, 769, 752, 711, 727, 653, 729, 821, 675, 659, 668, 720, 782, 752, 793, 800, 654, 634, 481, 600, 671, 642, 621, 630, 586, 522, 554, 555, 583, 708, 723, 579, 583, 575, 703, 696, 596, 566, 657, 649, 614, 611, 886, 1047, 768, 579, 846, 784, 773, 708, 1120, 1472, 1120, 535, 1018, 1109, 824, 666, 1358, 1871, 1374, 666, 1226, 1336, 935, 687, 1305, 1688, 1168, 673, 935, 1070, 994, 712, 957, 1303, 1040, 683, 762, 841, 857, 621, 641, 901, 900, 592, 536, 704, 720, 592, 697, 797, 743, 588, 562, 583, 670, 668, 631, 676, 633, 606, 674, 685, 647, 595, 705, 687, 590, 581, 644, 708, 663, 675, 746, 708, 626, 577, 668, 755, 658, 522, 698, 720, 625, 580, 673, 663, 609, 556, 698, 624, 515, 605, 656, 691, 565, 666, 603, 579, 501, 503, 472, 561, 638, 630, 533, 523, 613, 601, 552, 572, 635, 632, 533, 622, 600, 590, 598, 613, 697, 625, 527, 601, 604, 625, 645, 722, 729, 567, 594, 630, 666, 563, 670, 659, 601, 621, 591, 648, 758, 627, 629, 568, 638, 700, 608, 719, 807, 721, 664, 662, 719, 766, 622, 692, 637, 581, 647, 706, 589, 525, 600, 644, 627, 548, 622, 678, 633, 595, 570, 599, 582, 550, 621, 641, 550, 554, 613, 620, 641, 645, 629, 588, 507, 546, 569, 654, 661, 638, 674, 582, 501, 590, 604, 623, 619, 577, 670, 564, 604, 564, 614, 619, 638, 592, 563, 576, 648, 636, 724, 793, 712, 546, 600, 709, 738, 629, 612, 812, 750, 485, 562, 642, 676, 618, 585, 688, 667, 528, 623, 655, 642, 678, 554, 606, 604, 531, 545, 517, 585, 584, 614, 717, 577, 645, 696, 626, 646, 576, 621, 636, 516, 571, 647, 595, 611, 633, 505, 520, 546, 617, 643, 611, 588, 504, 541, 595, 588, 601, 556, 606, 596, 492, 666, 725, 622, 641, 615, 657, 656, 521, 712, 719, 644, 724, 742, 693, 677, 666, 779, 706, 642, 665, 647, 606, 698, 811, 638, 593, 612, 655, 602, 579, 685, 757, 667, 679, 590, 612, 636, 618, 593, 582, 634, 713, 701, 580, 602, 585, 583, 634, 702, 631, 606, 608, 558, 548, 604, 674, 600, 560, 529, 516, 563, 596, 559, 578, 607, 555, 511, 546, 575, 622, 574, 548, 548, 632, 627, 590, 573, 594, 614, 607, 527, 585, 638, 655, 575, 555, 578, 638, 497, 609, 566, 505, 575, 555, 566, 559, 554, 585, 524, 616, 712, 582, 515, 524, 563, 605, 463, 492, 675, 650, 488, 492, 588, 589, 511, 521, 589, 613, 522, 541, 614, 598, 517, 493, 615, 658, 569, 587, 793, 655, 601, 534, 686, 757, 615, 753, 791, 590, 592, 655, 755, 691, 649, 807, 712, 673, 607, 665, 707, 666, 570, 601, 734, 641, 522, 625, 701, 600, 450, 524, 943, 1000, 759, 633, 802, 743, 660, 702, 1096, 1051, 763, 536, 737, 785, 698, 793, 899, 802, 698, 568, 525, 713, 815, 865, 662, 535, 541, 579, 578, 577, 631, 738, 627, 502, 667, 685, 529, 544, 540, 599, 578, 585, 778, 734, 575, 678, 692, 640, 680, 713, 716, 656, 672, 660, 617, 605, 604, 562, 528, 563, 577, 624, 647, 643, 584, 517, 501, 475, 548, 563, 526, 647, 680, 513, 626, 574, 577, 588, 626, 737, 754, 715, 743, 646, 679, 799, 694, 801, 942, 765, 793, 761, 777, 906, 648, 842, 753, 854, 945, 831, 739, 970, 894, 802, 771, 887, 772, 696, 774, 1006, 926, 747, 866, 832, 684, 629, 782, 784, 733, 749, 770, 651, 459, 608, 680, 650, 518, 657, 830, 899, 735, 596, 664, 788, 825, 739, 774, 1027, 921, 696, 681, 860, 1034, 830, 793, 756, 910, 831, 590, 694, 948, 1004, 681, 617, 782, 847, 655, 657, 722, 783, 615, 645, 761, 650, 523, 588, 684, 717, 714, 697, 818, 733, 583, 535, 667, 837, 679, 601, 740, 739, 590, 600, 649, 733, 573, 501, 710, 721, 570, 688, 814, 762, 620, 461, 641, 664, 523, 608, 728, 716, 487, 482, 511, 598, 508, 476, 489, 504, 501, 534, 605, 604, 474, 456, 518, 551]"
0.9114001989364624,-0.2726675570011139,-0.298546701669693,-0.09534862637519836,-0.46849584579467773,0.06071290373802185,-0.37664300203323364,-1.1984899044036865,1.6536712646484375,21.5,-0.44060492515563965,1.3485431671142578,28.25,-0.3427579402923584,1.2528419494628906,26.0,-0.03205084800720215,1.0402679443359375,31.25,0.19196724891662598,1.036691665649414,16.75,"[663, 653, 753, 748, 587, 746, 752, 658, 575, 726, 755, 639, 599, 727, 707, 568, 520, 578, 610, 588, 542, 583, 557, 480, 549, 621, 567, 559, 580, 544, 456, 453, 483, 462, 562, 494, 481, 431, 527, 545, 635, 591, 498, 557, 625, 538, 547, 576, 546, 535, 508, 503, 496, 509, 490, 448, 557, 529, 442, 535, 567, 536, 544, 488, 576, 526, 522, 533, 505, 577, 567, 540, 521, 592, 548, 514, 554, 567, 516, 530, 513, 523, 517, 533, 585, 537, 592, 611, 534, 528, 524, 593, 515, 551, 623, 566, 487, 529, 514, 486, 417, 526, 540, 431, 591, 584, 464, 483, 471, 480, 511, 503, 507, 599, 609, 549, 500, 565, 553, 517, 537, 594, 648, 594, 594, 562, 608, 659, 554, 500, 543, 555, 583, 543, 568, 568, 529, 553, 469, 530, 592, 636, 535, 502, 603, 607, 553, 562, 614, 603, 526, 573, 602, 545, 527, 548, 528, 500, 507, 601, 534, 449, 424, 535, 520, 448, 473, 532, 577, 530, 466, 572, 595, 470, 453, 519, 519, 547, 610, 563, 557, 522, 522, 576, 563, 604, 568, 579, 591, 581, 596, 485, 595, 630, 548, 503, 541, 577, 527, 471, 569, 577, 617, 588, 619, 683, 648, 608, 511, 539, 595, 596, 618, 585, 619, 600, 473, 578, 624, 575, 524, 530, 665, 604, 496, 570, 565, 475, 514, 539, 542, 567, 456, 481, 614, 633, 557, 594, 544, 529, 504, 409, 526, 574, 501, 498, 540, 617, 524, 593, 564, 559, 535, 509, 540, 535, 539, 589, 588, 614, 561, 528, 596, 508, 569, 637, 648, 607, 613, 611, 565, 521, 600, 483, 512, 491, 547, 497, 507, 604, 509, 488, 503, 510, 572, 532, 521, 614, 500, 568, 547, 528, 511, 499, 532, 471, 541, 569, 590, 591, 569, 532, 630, 657, 518, 561, 551, 561, 659, 622, 658, 663, 566, 482, 520, 602, 655, 616, 552, 620, 622, 571, 612, 634, 638, 657, 617, 603, 587, 603, 598, 572, 610, 705, 651, 593, 517, 566, 552, 548, 607, 627, 610, 591, 519, 595, 578, 597, 718, 681, 652, 580, 523, 547, 495, 509, 638, 605, 546, 514, 594, 508, 442, 615, 619, 551, 458, 502, 580, 514, 461, 504, 497, 548, 540, 510, 552, 589, 588, 591, 538, 648, 686, 547, 524, 603, 597, 571, 671, 663, 598, 550, 532, 556, 556, 493, 558, 570, 553, 557, 496, 584, 570, 459, 473, 532, 636, 588, 594, 535, 484, 559, 539, 454, 538, 558, 562, 514, 510, 518, 544, 539, 562, 601, 698, 784, 825, 795, 625, 898, 1242, 1081, 2691, 1907, 3279, 3436, 2281, 2199, 6164, 6386, 5921, 3963, 6715, 6425, 4545, 4651, 13250, 13898, 8730, 6514, 10254, 7108, 5571, 7171, 18755, 19747, 11143, 7145, 12573, 8982, 6936, 7528, 20543, 22752, 6445, 3375, 6836, 5810, 4427, 3446, 10650, 12372, 948, 1285, 1519, 1451, 982, 1565, 3053, 2708, 3173, 3719, 5440, 3648, 2013, 3478, 8278, 8270, 3058, 4440, 6242, 4257, 1994, 3932, 9058, 8761, 1795, 2969, 3954, 2796, 1201, 2660, 5657, 5256, 671, 1347, 1618, 1242, 649, 1251, 2031, 1663, 590, 677, 741, 654, 548, 637, 682, 681, 674, 743, 725, 633, 566, 582, 680, 696, 581, 661, 663, 604, 561, 602, 697, 653, 546, 594, 680, 562, 474, 616, 802, 750, 548, 543, 695, 684, 535, 543, 606, 605, 574, 590, 747, 822, 668, 506, 601, 618, 721, 654, 775, 829, 755, 586, 726, 802, 751, 672, 737, 915, 778, 608, 765, 826, 769, 842, 936, 876, 721, 779, 815, 795, 688, 1313, 1478, 1132, 813, 970, 1331, 1218, 2075, 3779, 3071, 1276, 1169, 2308, 3114, 1765, 3555, 4963, 3127, 1241, 1503, 3557, 3989, 1661, 2146, 2324, 1824, 1550, 1111, 2737, 2599, 1147, 734, 1590, 2258, 1668, 706, 1196, 1299, 1127, 1081, 1246, 1433, 1271, 775, 1081, 1355, 1323, 1620, 1263, 1874, 1752, 1110, 1375, 1402, 1684, 1899, 1786, 2087, 2263, 1582, 1596, 1272, 1846, 1290, 1333, 1479, 1614, 1371, 1112, 820, 1207, 799, 876, 770, 804, 789, 625, 586, 669, 788, 685, 611, 690, 743, 682, 603, 672, 672, 607, 747, 735, 592, 698, 727, 699, 617, 701, 802, 711, 626, 695, 755, 721, 715, 713, 718, 596, 665, 591, 744, 792, 687, 700, 741, 687, 615, 601, 645, 693, 530, 609, 706, 708, 571, 603, 671, 570, 500, 699, 824, 702, 510, 633, 721, 595, 611, 762, 809, 688, 566, 630, 695, 629, 746, 693, 886, 877, 619, 630, 768, 848, 732, 684, 1146, 1028, 635, 620, 752, 999, 532, 702, 885, 783, 561, 585, 624, 682, 540, 595, 597, 566, 454, 584, 666, 621, 604, 515, 550, 619, 592, 622, 605, 582, 487, 443, 534, 584, 492, 557, 556, 459, 538, 533, 550, 630, 622, 590, 561, 501, 554, 545, 545, 496, 591, 608, 627, 633, 532, 552, 600, 523, 471, 596, 644, 604, 481, 428, 557, 561, 519, 520, 517, 467, 544, 432, 562, 576, 617, 691, 636, 629, 491, 488, 588, 586, 555, 567, 588, 560, 583, 571, 692, 715, 509, 586, 648, 589, 617, 552, 708, 764, 623, 613, 587, 624, 722, 732, 756, 669, 660, 659, 571, 661, 707, 702, 715, 687, 733, 684, 653, 694, 635, 710, 689, 625, 615, 604, 604, 652, 648, 618, 614, 617, 642, 555, 554, 626, 555, 603, 606, 584, 670, 609, 652, 699, 584, 683, 697, 583, 584, 629, 653, 653, 615, 610, 532, 588, 597, 602, 571, 577, 560, 592, 574, 625, 648, 588, 547, 504, 544, 571, 481, 481, 645, 557, 486, 547, 654, 599, 552, 553, 592, 623, 643, 611, 783, 652, 659, 639, 614, 547, 640, 778, 887, 651, 787, 799, 681, 577, 843, 1094, 756, 692, 1039, 788, 535, 625, 1210, 1320, 480, 814, 1078, 722, 499, 637, 1209, 1168, 544, 771, 844, 666, 547, 725, 1010, 897, 485, 570, 692, 654, 547, 609, 834, 715, 470, 471, 617, 659, 552, 503, 610, 576, 463, 512, 480, 512, 550, 484, 490, 506, 477, 523, 463, 525, 558, 471, 467, 509, 398, 383, 414, 444, 405, 349, 405, 423, 464, 417, 448, 467, 400, 414, 419, 441, 467, 380, 333, 370, 395, 447, 424, 384, 476, 435, 420, 403, 417, 442, 458, 485]"
0.9311261177062988,-0.35624411702156067,-0.24875840544700623,-0.05843888968229294,-0.5069180727005005,0.12762412428855896,-0.28280889987945557,-1.0191417932510376,1.5027523040771484,19.0,-0.7195926904678345,1.4599800109863281,17.0,-0.17642748355865479,1.3644218444824219,16.0,-0.16326677799224854,1.1662960052490234,17.75,0.035860419273376465,0.9212493896484375,17.5,"[441, 547, 584, 579, 596, 576, 585, 550, 435, 505, 554, 550, 521, 510, 504, 495, 465, 529, 564, 572, 501, 503, 536, 461, 554, 593, 639, 601, 475, 542, 576, 525, 516, 577, 584, 544, 473, 522, 574, 529, 549, 527, 541, 623, 560, 480, 568, 569, 544, 491, 491, 614, 581, 485, 541, 519, 493, 494, 492, 561, 566, 485, 518, 455, 528, 507, 477, 556, 506, 408, 497, 445, 560, 529, 547, 552, 516, 486, 468, 485, 518, 502, 535, 560, 448, 447, 566, 587, 554, 508, 545, 567, 493, 479, 529, 555, 529, 503, 505, 545, 532, 489, 536, 590, 543, 583, 601, 622, 640, 616, 577, 554, 460, 491, 576, 574, 617, 596, 551, 486, 513, 492, 510, 546, 539, 563, 519, 511, 548, 439, 540, 586, 518, 462, 525, 647, 497, 511, 629, 706, 583, 511, 563, 606, 490, 478, 519, 559, 476, 480, 540, 547, 526, 568, 550, 513, 480, 485, 565, 562, 408, 463, 608, 581, 533, 510, 478, 445, 420, 456, 524, 554, 564, 520, 521, 526, 549, 613, 620, 610, 578, 545, 522, 497, 677, 619, 589, 657, 640, 541, 542, 555, 522, 535, 530, 525, 472, 501, 522, 528, 597, 609, 561, 539, 537, 518, 550, 561, 578, 631, 575, 575, 610, 662, 614, 521, 536, 569, 599, 600, 604, 671, 685, 577, 563, 592, 543, 557, 539, 612, 519, 502, 572, 608, 609, 588, 597, 530, 509, 557, 485, 498, 534, 522, 541, 569, 458, 465, 462, 491, 456, 524, 597, 544, 509, 452, 567, 516, 545, 539, 544, 492, 467, 550, 516, 605, 598, 467, 482, 554, 516, 460, 546, 638, 634, 534, 520, 549, 526, 551, 540, 602, 556, 513, 528, 532, 560, 539, 544, 564, 545, 523, 530, 489, 516, 483, 538, 528, 537, 562, 523, 543, 624, 559, 506, 519, 554, 555, 538, 524, 587, 603, 521, 590, 623, 547, 546, 594, 664, 657, 551, 585, 610, 667, 689, 616, 523, 510, 551, 647, 659, 576, 555, 657, 616, 537, 535, 595, 571, 480, 433, 452, 532, 557, 544, 550, 525, 516, 518, 545, 545, 508, 554, 510, 526, 540, 448, 518, 531, 465, 552, 488, 490, 507, 451, 485, 512, 557, 493, 521, 461, 426, 461, 560, 622, 540, 465, 528, 614, 522, 493, 618, 723, 551, 565, 553, 670, 727, 658, 641, 582, 572, 548, 629, 669, 596, 590, 699, 633, 533, 602, 539, 567, 601, 594, 605, 607, 605, 587, 550, 524, 589, 620, 561, 557, 621, 568, 591, 655, 644, 569, 610, 700, 766, 1201, 1016, 1493, 1644, 1006, 1171, 2635, 2582, 2145, 1280, 2210, 2678, 1893, 1680, 4574, 4761, 1828, 1241, 2097, 2582, 1812, 1518, 3697, 3842, 2092, 1495, 2547, 2406, 1721, 1638, 4080, 4320, 2271, 1318, 2502, 2157, 1676, 1372, 3933, 4454, 2073, 1574, 2748, 2354, 1552, 1735, 3705, 3969, 1817, 2317, 3363, 2378, 1443, 2107, 4148, 4053, 2017, 2422, 3608, 2484, 1516, 1826, 4040, 4407, 1876, 2288, 3916, 2854, 1253, 1635, 4065, 4485, 1040, 1252, 2118, 1685, 754, 1025, 2166, 2318, 768, 752, 1044, 860, 611, 656, 931, 1070, 601, 664, 621, 528, 596, 636, 701, 668, 528, 559, 632, 607, 601, 653, 649, 545, 485, 650, 686, 645, 572, 575, 669, 518, 518, 568, 664, 678, 535, 644, 757, 653, 512, 528, 745, 788, 567, 553, 709, 708, 598, 565, 743, 798, 687, 608, 637, 640, 597, 637, 651, 658, 640, 549, 533, 519, 692, 663, 765, 664, 591, 613, 668, 753, 668, 692, 787, 729, 651, 600, 628, 723, 902, 1311, 2441, 2056, 720, 1378, 1437, 1461, 1779, 3342, 5419, 4172, 809, 3365, 3371, 2600, 2459, 4555, 5802, 4009, 1043, 3909, 3977, 2484, 1932, 3344, 3538, 2211, 1065, 2521, 2612, 1637, 1060, 1352, 1680, 1478, 982, 1041, 1206, 1157, 1319, 1605, 1875, 1882, 1435, 954, 898, 1336, 1649, 1997, 2050, 2110, 1962, 1487, 1151, 1404, 1374, 1628, 1553, 1432, 1520, 1333, 1131, 1173, 759, 716, 768, 927, 879, 689, 827, 905, 933, 1067, 1029, 929, 854, 953, 928, 787, 966, 998, 896, 844, 830, 906, 923, 850, 751, 726, 771, 746, 639, 603, 743, 762, 663, 608, 673, 622, 516, 650, 765, 770, 823, 687, 654, 808, 720, 680, 798, 868, 906, 747, 706, 824, 602, 705, 843, 878, 755, 698, 766, 823, 650, 685, 794, 839, 595, 607, 628, 757, 737, 633, 742, 731, 590, 681, 800, 760, 663, 632, 756, 777, 648, 739, 803, 783, 698, 575, 745, 809, 587, 713, 676, 608, 578, 645, 656, 645, 607, 606, 505, 589, 645, 724, 681, 603, 555, 506, 564, 653, 572, 538, 588, 595, 631, 535, 592, 673, 681, 625, 636, 634, 691, 561, 546, 582, 567, 542, 511, 595, 609, 499, 635, 685, 576, 561, 595, 616, 584, 484, 571, 626, 551, 507, 612, 636, 528, 498, 609, 603, 482, 471, 475, 574, 647, 563, 623, 625, 542, 571, 546, 581, 579, 557, 571, 660, 625, 577, 620, 627, 526, 518, 592, 652, 651, 538, 621, 698, 538, 494, 605, 654, 609, 544, 557, 624, 579, 563, 607, 607, 549, 585, 665, 698, 577, 656, 749, 688, 663, 656, 667, 633, 618, 582, 530, 530, 605, 619, 628, 532, 624, 679, 625, 522, 493, 661, 657, 572, 611, 742, 705, 609, 580, 596, 676, 651, 649, 640, 731, 666, 593, 696, 729, 717, 636, 510, 758, 647, 555, 686, 763, 846, 622, 659, 770, 700, 624, 759, 893, 842, 591, 651, 728, 700, 665, 620, 778, 758, 514, 669, 722, 648, 531, 636, 786, 671, 620, 673, 797, 690, 525, 629, 916, 856, 709, 854, 1071, 814, 590, 785, 1165, 1152, 678, 941, 925, 709, 607, 890, 1160, 987, 697, 666, 818, 743, 677, 849, 858, 745, 588, 804, 797, 521, 591, 747, 994, 905, 505, 699, 759, 587, 542, 730, 958, 817, 516, 633, 678, 481, 478, 601, 704, 660, 474, 547, 649, 547, 469, 538, 693, 659, 382, 530, 540, 449, 385, 562, 745, 605, 407, 467, 491, 493, 435, 550, 627, 500, 456, 450, 390, 442, 417, 421, 420, 451, 498, 419, 430, 424, 445, 428, 398, 507, 500, 427, 461, 539, 438, 431, 522, 576, 437, 381, 465, 463, 375, 381, 453, 533]"
0.8661284446716309,-0.39852261543273926,-0.09698951244354248,-0.22233055531978607,-0.4893127381801605,0.320309042930603,-0.4296268820762634,-0.11235904693603516,1.0178089141845703,23.75,-0.05771350860595703,1.0107994079589844,20.5,0.01838970184326172,0.8378505706787109,21.25,0.16887950897216797,0.7259845733642578,19.75,0.2258138656616211,0.7355690002441406,22.5,"[507, 627, 696, 661, 567, 665, 694, 628, 514, 674, 690, 616, 575, 542, 575, 545, 424, 516, 575, 552, 487, 523, 557, 525, 454, 522, 554, 511, 480, 505, 535, 498, 394, 511, 536, 441, 457, 533, 498, 391, 527, 524, 557, 556, 531, 533, 477, 472, 530, 441, 409, 491, 519, 502, 506, 508, 462, 411, 383, 490, 517, 510, 538, 492, 514, 461, 412, 495, 482, 426, 477, 447, 541, 551, 474, 505, 492, 488, 510, 525, 571, 578, 545, 467, 517, 533, 496, 544, 536, 573, 598, 523, 494, 535, 592, 608, 432, 449, 469, 534, 494, 417, 459, 464, 515, 501, 540, 562, 556, 482, 549, 532, 526, 557, 510, 532, 603, 524, 545, 569, 547, 597, 635, 554, 531, 539, 488, 491, 511, 531, 528, 492, 495, 509, 511, 499, 465, 524, 605, 545, 546, 585, 526, 537, 597, 535, 474, 564, 625, 574, 542, 552, 658, 567, 531, 582, 654, 632, 567, 615, 615, 537, 571, 611, 637, 563, 543, 611, 576, 610, 548, 525, 517, 553, 565, 479, 589, 583, 570, 491, 569, 613, 519, 552, 642, 579, 448, 529, 642, 622, 540, 534, 555, 438, 502, 592, 579, 573, 588, 608, 506, 497, 555, 568, 530, 591, 610, 654, 528, 603, 588, 554, 564, 618, 634, 552, 571, 562, 544, 538, 533, 591, 595, 563, 526, 570, 531, 518, 499, 528, 536, 484, 447, 475, 513, 476, 488, 528, 539, 459, 538, 560, 580, 525, 560, 668, 602, 516, 555, 511, 598, 627, 560, 621, 616, 543, 487, 492, 568, 580, 533, 536, 600, 528, 513, 489, 592, 593, 605, 597, 584, 545, 522, 508, 639, 692, 631, 501, 474, 568, 516, 571, 614, 583, 565, 492, 505, 555, 612, 562, 566, 540, 479, 494, 550, 584, 597, 496, 562, 599, 546, 549, 572, 554, 526, 676, 664, 557, 549, 512, 593, 592, 560, 588, 542, 503, 514, 470, 480, 478, 488, 583, 568, 480, 449, 497, 468, 481, 626, 638, 628, 572, 581, 680, 650, 614, 535, 574, 598, 502, 485, 614, 604, 559, 639, 614, 592, 638, 623, 615, 595, 546, 552, 517, 570, 664, 594, 540, 540, 489, 543, 496, 565, 644, 632, 558, 532, 511, 552, 547, 527, 593, 535, 586, 580, 458, 557, 529, 562, 597, 523, 518, 578, 551, 632, 605, 588, 537, 489, 568, 641, 592, 649, 645, 656, 613, 597, 614, 640, 684, 674, 647, 607, 549, 636, 645, 602, 668, 572, 618, 696, 658, 637, 643, 647, 618, 747, 673, 978, 1003, 764, 810, 1282, 1187, 962, 1238, 1685, 1481, 988, 1454, 2447, 2209, 2782, 2638, 3822, 2841, 2014, 2682, 5666, 5809, 4304, 2721, 5031, 4351, 3056, 2910, 7917, 8696, 3414, 1720, 3791, 3547, 2542, 1855, 5716, 6569, 2851, 1980, 3670, 2835, 2045, 2082, 5561, 6082, 3264, 2448, 4250, 3261, 2172, 2805, 7675, 8007, 1784, 2128, 2886, 2434, 1305, 2270, 5093, 4821, 1398, 1463, 1741, 1377, 851, 1355, 2070, 1988, 1064, 889, 1184, 1024, 652, 769, 1158, 1339, 686, 812, 1028, 954, 698, 756, 827, 840, 662, 819, 769, 742, 731, 641, 652, 629, 640, 620, 575, 526, 575, 556, 567, 580, 610, 642, 566, 469, 469, 506, 532, 510, 555, 633, 665, 576, 505, 592, 628, 545, 576, 630, 736, 736, 707, 643, 657, 619, 555, 568, 698, 649, 704, 619, 594, 633, 556, 625, 873, 841, 618, 607, 604, 650, 561, 721, 982, 969, 749, 578, 686, 704, 622, 633, 808, 799, 696, 546, 640, 651, 964, 1179, 838, 703, 694, 1008, 1049, 630, 1878, 2945, 2399, 1234, 1179, 2423, 2495, 915, 2462, 4283, 3675, 1486, 1616, 2819, 2774, 1034, 2140, 4286, 3886, 1333, 1507, 2160, 1948, 987, 1559, 3315, 3037, 1182, 1075, 1215, 1693, 1079, 1042, 2061, 1944, 997, 830, 895, 1297, 996, 937, 1307, 2079, 1685, 799, 739, 904, 1305, 1008, 1246, 2556, 2310, 1005, 808, 907, 1460, 803, 1357, 1971, 1590, 1012, 872, 897, 1284, 912, 1099, 1073, 856, 897, 859, 1053, 983, 842, 904, 926, 983, 776, 817, 1069, 918, 638, 725, 900, 865, 780, 788, 776, 785, 686, 692, 711, 754, 677, 745, 832, 699, 909, 827, 784, 917, 861, 831, 962, 918, 959, 711, 757, 959, 891, 754, 999, 1099, 858, 642, 767, 833, 730, 691, 927, 931, 718, 599, 574, 714, 679, 640, 659, 689, 674, 623, 639, 675, 617, 559, 650, 666, 717, 766, 700, 696, 642, 639, 592, 616, 643, 720, 774, 656, 552, 589, 564, 606, 517, 592, 707, 623, 484, 588, 597, 526, 562, 619, 685, 638, 525, 621, 660, 595, 595, 567, 666, 579, 547, 667, 621, 523, 683, 674, 637, 651, 719, 653, 553, 600, 562, 528, 515, 599, 654, 611, 574, 654, 546, 554, 623, 612, 626, 649, 686, 664, 499, 580, 661, 669, 591, 631, 712, 609, 649, 644, 547, 564, 691, 640, 645, 633, 786, 632, 537, 597, 714, 663, 593, 709, 543, 692, 659, 598, 657, 606, 590, 556, 686, 628, 695, 751, 774, 605, 603, 784, 729, 680, 676, 740, 741, 631, 754, 879, 760, 779, 659, 705, 667, 658, 759, 702, 741, 842, 686, 721, 729, 692, 809, 670, 736, 820, 690, 727, 693, 613, 789, 670, 682, 594, 744, 772, 620, 557, 665, 733, 645, 632, 719, 655, 682, 623, 619, 654, 694, 682, 624, 646, 733, 731, 696, 676, 737, 658, 461, 589, 729, 763, 692, 691, 608, 626, 633, 671, 695, 687, 688, 648, 562, 645, 557, 541, 590, 611, 610, 565, 581, 682, 689, 660, 571, 600, 746, 682, 695, 550, 763, 735, 618, 643, 756, 870, 942, 695, 1205, 1024, 625, 612, 967, 1337, 772, 811, 1307, 1056, 660, 766, 1224, 1338, 569, 720, 925, 825, 618, 671, 864, 842, 631, 641, 739, 613, 488, 578, 654, 584, 492, 535, 658, 615, 484, 587, 720, 669, 559, 624, 754, 695, 551, 595, 838, 788, 527, 679, 744, 618, 457, 670, 843, 739, 506, 542, 596, 525, 483, 544, 644, 609, 483, 451, 497, 481, 418, 468, 542, 541, 483, 394, 571, 568, 417, 515, 632, 622, 520, 448, 521, 498, 475, 492, 527, 578, 423, 498, 485, 414, 339, 412, 519, 458, 424, 478, 420, 400, 439, 485, 458, 401]"
0.7820260524749756,-0.5355278253555298,0.10370801389217377,-0.4217052459716797,-0.648766279220581,0.5117918252944946,-0.635844886302948,-0.1814732551574707,0.9917736053466797,-30.5,-0.07404184341430664,0.8597373962402344,20.5,-0.04929399490356445,0.8678913116455078,-31.5,-0.016964435577392578,1.0674476623535156,19.75,0.5868544578552246,1.3591289520263672,16.5,"[549, 557, 584, 704, 715, 704, 589, 561, 557, 512, 546, 629, 632, 610, 548, 544, 538, 557, 644, 576, 484, 554, 598, 568, 538, 537, 557, 540, 509, 520, 533, 556, 513, 556, 548, 527, 478, 460, 466, 488, 636, 596, 541, 550, 492, 582, 565, 536, 536, 564, 608, 509, 460, 525, 569, 554, 477, 436, 527, 528, 383, 448, 520, 486, 425, 386, 417, 422, 443, 490, 405, 412, 472, 475, 471, 436, 495, 540, 462, 453, 482, 432, 503, 597, 566, 542, 586, 533, 612, 524, 425, 554, 542, 500, 503, 538, 517, 481, 460, 471, 488, 414, 458, 505, 531, 613, 540, 512, 589, 596, 579, 528, 497, 552, 524, 485, 513, 589, 551, 482, 447, 515, 513, 454, 487, 491, 536, 486, 526, 571, 498, 473, 549, 532, 571, 547, 556, 578, 564, 504, 536, 554, 564, 544, 471, 422, 466, 522, 550, 545, 581, 520, 493, 466, 550, 554, 573, 534, 594, 612, 503, 510, 487, 449, 487, 482, 509, 518, 527, 555, 507, 505, 500, 546, 510, 437, 634, 589, 577, 550, 477, 578, 571, 533, 519, 546, 597, 542, 552, 483, 555, 570, 513, 537, 578, 578, 580, 537, 553, 577, 623, 589, 555, 601, 569, 539, 541, 602, 595, 536, 435, 502, 548, 507, 485, 535, 601, 515, 427, 551, 611, 523, 500, 494, 565, 473, 515, 547, 513, 492, 595, 694, 516, 553, 609, 529, 500, 474, 617, 685, 593, 614, 581, 503, 528, 484, 476, 597, 529, 558, 598, 510, 487, 505, 635, 642, 493, 466, 515, 514, 474, 475, 561, 578, 552, 512, 507, 458, 487, 510, 444, 505, 452, 503, 502, 530, 497, 506, 572, 510, 590, 567, 509, 509, 485, 503, 522, 522, 553, 520, 468, 518, 573, 579, 578, 545, 568, 512, 514, 544, 563, 646, 612, 619, 564, 599, 566, 538, 571, 603, 583, 514, 492, 620, 628, 655, 649, 690, 660, 466, 518, 563, 559, 525, 500, 551, 629, 590, 539, 631, 614, 532, 564, 620, 537, 509, 544, 618, 623, 599, 557, 561, 574, 605, 590, 551, 586, 633, 534, 566, 669, 609, 582, 514, 580, 691, 585, 550, 586, 589, 490, 520, 641, 700, 591, 534, 647, 656, 554, 534, 548, 541, 577, 553, 571, 627, 597, 602, 570, 508, 495, 567, 582, 653, 586, 593, 629, 622, 572, 588, 672, 632, 636, 598, 658, 674, 587, 590, 638, 645, 611, 622, 772, 836, 635, 671, 865, 811, 1345, 888, 1556, 1757, 1284, 1085, 2592, 2710, 4052, 3855, 5037, 4237, 3104, 3607, 6155, 6370, 11627, 10729, 16497, 11625, 7230, 10747, 24592, 25462, 13369, 10111, 17864, 13453, 8351, 10178, 27159, 29296, 6872, 2688, 7189, 6818, 4331, 2757, 9879, 12195, 2005, 4127, 3879, 3571, 1664, 5167, 7821, 5494, 2435, 4310, 5276, 3561, 1677, 5201, 10237, 8932, 2818, 3433, 5345, 3710, 1589, 3276, 7253, 7181, 2414, 4623, 6955, 4653, 1499, 2894, 6687, 6825, 1228, 3197, 4419, 2912, 938, 1990, 4049, 3904, 625, 1302, 1539, 1114, 638, 1012, 1405, 1192, 737, 853, 928, 777, 546, 633, 862, 857, 672, 724, 682, 578, 548, 628, 723, 659, 522, 616, 605, 565, 502, 649, 728, 600, 501, 539, 616, 624, 515, 526, 754, 669, 570, 693, 706, 578, 493, 570, 704, 660, 660, 744, 800, 712, 629, 554, 641, 681, 662, 742, 843, 754, 621, 653, 722, 697, 659, 785, 908, 826, 650, 733, 834, 798, 737, 725, 810, 776, 758, 670, 802, 899, 789, 782, 901, 884, 713, 711, 957, 887, 1413, 1586, 2918, 2675, 1137, 2098, 2399, 1642, 1345, 3572, 5745, 4354, 1398, 3169, 3125, 2679, 1263, 3664, 5018, 3352, 1050, 1963, 2202, 2198, 870, 1797, 2213, 1446, 865, 940, 1008, 1242, 688, 1308, 1579, 1323, 942, 720, 1071, 1149, 1351, 2342, 3038, 2918, 1788, 1170, 1563, 1986, 1909, 3043, 3348, 2906, 1895, 1614, 1618, 1731, 1358, 1982, 2056, 1634, 1098, 1133, 1130, 921, 1016, 1032, 1252, 1170, 874, 845, 975, 1074, 1101, 1019, 1124, 1094, 835, 886, 1038, 1133, 929, 1053, 963, 789, 716, 847, 1013, 976, 744, 843, 817, 678, 560, 770, 826, 782, 881, 746, 770, 705, 761, 740, 725, 898, 793, 778, 881, 842, 791, 844, 869, 878, 660, 649, 822, 767, 613, 762, 753, 745, 678, 769, 774, 614, 581, 700, 720, 717, 717, 728, 691, 652, 686, 717, 827, 808, 679, 673, 623, 657, 690, 770, 876, 839, 667, 668, 641, 587, 636, 654, 616, 645, 666, 599, 624, 624, 690, 669, 504, 560, 582, 556, 678, 699, 653, 635, 681, 711, 511, 534, 624, 439, 427, 578, 636, 682, 661, 528, 630, 575, 556, 631, 788, 873, 643, 501, 551, 654, 579, 630, 658, 700, 713, 571, 506, 586, 683, 631, 504, 654, 650, 634, 527, 584, 652, 614, 535, 562, 620, 634, 589, 482, 667, 668, 542, 572, 778, 588, 683, 697, 693, 685, 714, 843, 690, 475, 604, 779, 640, 539, 645, 692, 684, 563, 667, 738, 608, 598, 681, 652, 625, 713, 674, 725, 613, 576, 779, 636, 648, 686, 718, 881, 871, 763, 740, 618, 717, 729, 792, 940, 922, 828, 813, 719, 778, 774, 762, 798, 732, 678, 707, 749, 594, 713, 751, 646, 530, 585, 614, 664, 539, 701, 801, 659, 507, 565, 641, 527, 593, 582, 690, 618, 536, 570, 603, 611, 590, 536, 623, 599, 504, 578, 599, 561, 472, 565, 603, 575, 540, 604, 678, 586, 591, 699, 792, 725, 561, 619, 827, 772, 490, 692, 847, 774, 605, 646, 832, 765, 609, 709, 977, 831, 654, 672, 945, 949, 774, 1007, 1207, 860, 690, 795, 1069, 1104, 696, 1056, 1068, 625, 646, 824, 1117, 984, 582, 647, 687, 756, 594, 719, 828, 737, 670, 795, 911, 837, 633, 633, 649, 667, 598, 741, 869, 765, 648, 712, 731, 602, 555, 637, 797, 754, 559, 502, 775, 797, 494, 592, 672, 635, 557, 665, 744, 689, 579, 548, 624, 529, 464, 557, 648, 704, 569, 472, 477, 537, 548, 555, 556, 576, 578, 584, 612, 584, 555, 605, 626, 541, 499, 426, 493, 507, 438, 495, 570, 524, 492, 408, 473, 513, 404, 475, 582, 585, 459, 366, 382, 443, 429, 404, 377, 408, 401, 388, 408, 382, 401, 393, 431, 433]"
0.7621683478355408,-0.6040343046188354,0.06727229058742523,-0.4316716492176056,-0.6824563145637512,0.3603189289569855,-0.5925561189651489,-1.2623600959777832,1.9240379333496094,17.75,-0.25013017654418945,1.2043476104736328,19.25,-0.24097490310668945,0.9548664093017578,26.25,-0.21851587295532227,0.9508609771728516,26.0,-0.13654756546020508,0.991058349609375,16.25,"[610, 700, 706, 694, 671, 694, 705, 701, 529, 589, 619, 689, 654, 667, 617, 588, 521, 480, 562, 602, 580, 580, 614, 619, 491, 588, 648, 502, 486, 507, 518, 476, 481, 512, 534, 481, 459, 471, 528, 546, 633, 517, 509, 489, 487, 534, 512, 609, 569, 490, 473, 500, 513, 525, 512, 514, 588, 572, 571, 552, 590, 585, 539, 579, 502, 485, 568, 599, 527, 483, 466, 479, 515, 500, 542, 507, 560, 598, 482, 485, 514, 515, 562, 493, 511, 544, 531, 551, 564, 435, 542, 611, 493, 424, 518, 625, 578, 556, 546, 539, 581, 530, 512, 517, 631, 658, 582, 591, 548, 516, 590, 548, 603, 649, 645, 664, 633, 564, 589, 587, 703, 680, 581, 620, 642, 655, 576, 567, 526, 471, 417, 465, 467, 491, 431, 420, 562, 507, 553, 566, 580, 548, 439, 495, 593, 502, 531, 647, 590, 536, 575, 625, 542, 497, 537, 612, 554, 495, 534, 505, 492, 599, 589, 593, 462, 510, 626, 477, 553, 589, 571, 578, 577, 560, 534, 503, 570, 540, 633, 609, 572, 490, 497, 639, 502, 503, 589, 586, 451, 473, 486, 526, 474, 429, 502, 593, 528, 458, 461, 455, 586, 497, 491, 541, 605, 557, 445, 533, 630, 547, 439, 534, 589, 532, 455, 537, 475, 475, 528, 531, 545, 498, 464, 508, 519, 560, 559, 596, 567, 501, 534, 482, 571, 732, 600, 529, 558, 574, 542, 426, 545, 544, 574, 574, 564, 569, 583, 553, 593, 616, 535, 501, 548, 607, 599, 521, 635, 598, 523, 537, 461, 492, 417, 475, 560, 529, 503, 476, 486, 472, 396, 464, 586, 647, 627, 523, 510, 546, 538, 493, 622, 699, 593, 517, 551, 550, 511, 523, 621, 560, 603, 630, 532, 503, 508, 608, 529, 599, 612, 532, 433, 486, 543, 560, 547, 550, 500, 480, 448, 569, 591, 451, 494, 539, 588, 528, 478, 636, 686, 500, 559, 490, 521, 590, 563, 569, 590, 534, 620, 580, 594, 645, 604, 579, 546, 558, 570, 506, 569, 679, 646, 598, 559, 561, 633, 578, 579, 606, 448, 498, 549, 548, 616, 589, 585, 595, 542, 577, 635, 640, 601, 546, 576, 619, 659, 638, 671, 682, 665, 562, 627, 667, 713, 633, 594, 670, 567, 608, 552, 531, 629, 522, 554, 648, 593, 616, 689, 605, 517, 546, 680, 740, 940, 831, 972, 1157, 906, 760, 1582, 1658, 2645, 1791, 2978, 3023, 2237, 1902, 4805, 5239, 5937, 4318, 6874, 6067, 4396, 4698, 10793, 11580, 6568, 4225, 7387, 6669, 4650, 4518, 11315, 12525, 3260, 1735, 3928, 3745, 2027, 1557, 4714, 5732, 2224, 3429, 4190, 3697, 1687, 3670, 5416, 4387, 2136, 4965, 5071, 3674, 1848, 4983, 8490, 6635, 1361, 3517, 3879, 2178, 1033, 3135, 5515, 4567, 2144, 2211, 4155, 3381, 1462, 1265, 3577, 4386, 2493, 3101, 5712, 4254, 1510, 1893, 5508, 6198, 1431, 2116, 3515, 2578, 983, 1422, 3448, 3651, 779, 1017, 1383, 1001, 616, 891, 1398, 1298, 677, 752, 762, 779, 565, 755, 900, 815, 646, 768, 761, 724, 736, 704, 927, 845, 589, 682, 876, 693, 576, 697, 872, 807, 581, 589, 724, 719, 653, 668, 611, 575, 580, 613, 650, 628, 697, 661, 620, 603, 627, 648, 618, 643, 703, 646, 602, 587, 754, 559, 504, 668, 736, 593, 557, 725, 612, 551, 689, 664, 590, 606, 635, 679, 586, 602, 751, 780, 654, 678, 681, 628, 721, 906, 1044, 878, 622, 783, 870, 780, 1214, 1887, 1901, 1249, 745, 1430, 1549, 1110, 1840, 3126, 2886, 1688, 932, 1954, 2366, 1565, 1737, 2728, 2607, 1555, 919, 1519, 2067, 1569, 1209, 1656, 1865, 1329, 905, 1370, 1450, 1207, 1184, 1766, 2491, 1776, 1149, 1447, 1239, 1119, 1738, 2139, 2822, 2305, 1469, 1741, 1373, 1535, 2094, 2535, 2778, 2453, 1730, 1410, 1338, 1767, 1741, 2427, 2618, 1950, 1140, 1123, 1353, 1349, 1296, 2186, 1995, 1144, 812, 1244, 1244, 856, 1152, 1317, 1148, 921, 888, 1016, 934, 914, 980, 738, 790, 854, 815, 757, 783, 1029, 722, 585, 633, 825, 875, 760, 799, 902, 987, 687, 792, 1054, 909, 776, 807, 1014, 974, 712, 734, 883, 792, 646, 842, 992, 750, 699, 869, 857, 705, 608, 838, 965, 811, 853, 893, 806, 761, 731, 776, 882, 968, 803, 909, 790, 693, 746, 898, 1140, 826, 651, 900, 954, 758, 565, 811, 1064, 712, 656, 662, 722, 673, 636, 671, 757, 831, 668, 668, 782, 761, 664, 658, 725, 935, 702, 659, 737, 745, 678, 631, 883, 808, 661, 548, 650, 708, 647, 573, 738, 655, 569, 571, 696, 738, 625, 643, 692, 531, 505, 555, 701, 685, 605, 698, 640, 598, 631, 629, 653, 687, 668, 577, 518, 556, 581, 545, 512, 597, 608, 503, 487, 622, 723, 577, 537, 687, 654, 553, 555, 643, 628, 592, 563, 631, 595, 633, 726, 718, 639, 562, 625, 669, 635, 659, 742, 687, 654, 629, 672, 666, 661, 631, 685, 711, 702, 747, 722, 620, 663, 712, 686, 556, 737, 817, 763, 679, 734, 792, 703, 722, 659, 645, 796, 839, 730, 700, 822, 669, 661, 637, 712, 716, 549, 779, 792, 587, 619, 555, 676, 616, 565, 652, 642, 624, 563, 581, 711, 640, 623, 563, 539, 809, 621, 664, 877, 682, 601, 714, 644, 713, 682, 656, 780, 564, 550, 703, 587, 657, 622, 730, 767, 550, 691, 775, 623, 633, 577, 702, 796, 637, 764, 785, 711, 631, 774, 724, 668, 621, 851, 841, 634, 700, 844, 801, 847, 621, 755, 949, 768, 719, 814, 1090, 881, 629, 720, 991, 1021, 602, 883, 1056, 910, 617, 782, 1354, 1249, 638, 646, 883, 912, 649, 623, 996, 943, 664, 658, 682, 656, 566, 551, 661, 695, 578, 650, 633, 614, 557, 586, 660, 627, 518, 731, 802, 681, 532, 581, 724, 647, 529, 651, 686, 664, 529, 467, 559, 490, 437, 506, 651, 670, 503, 609, 648, 498, 575, 597, 714, 620, 539, 673, 702, 581, 563, 493, 570, 536, 468, 578, 604, 611, 488, 517, 515, 408, 420, 495, 523, 501, 378, 440, 558, 476, 357, 406, 467, 443, 384, 355, 469, 481, 411, 410, 444, 443, 419, 390, 388, 453, 399, 415, 438, 414, 503, 481, 440, 448, 443, 440, 419, 440]"
0.802310585975647,-0.5618615746498108,-0.1571166217327118,-0.2743765115737915,-0.5203821659088135,-0.0012282133102416992,-0.33195731043815613,-1.1809183359146118,1.5456676483154297,16.0,-1.1809183359146118,1.5480995178222656,21.25,-1.1809183359146118,1.8237590789794922,18.25,-0.5268884897232056,1.2392520904541016,20.0,0.6783174276351929,1.8261909484863281,16.0,"[591, 611, 529, 643, 746, 641, 529, 607, 556, 514, 540, 649, 715, 637, 554, 573, 515, 620, 623, 569, 605, 654, 648, 588, 562, 583, 565, 508, 485, 549, 593, 550, 543, 554, 543, 532, 509, 561, 596, 521, 535, 594, 570, 498, 490, 587, 557, 464, 434, 496, 490, 498, 540, 517, 443, 421, 527, 481, 429, 467, 503, 571, 485, 482, 520, 478, 507, 516, 543, 571, 539, 517, 618, 557, 498, 531, 559, 537, 498, 527, 594, 518, 475, 523, 608, 626, 600, 576, 568, 521, 537, 535, 485, 567, 569, 544, 609, 549, 592, 595, 520, 534, 543, 649, 507, 564, 624, 530, 502, 596, 631, 605, 579, 679, 679, 568, 504, 549, 631, 630, 585, 567, 548, 538, 513, 583, 605, 592, 490, 571, 594, 555, 537, 583, 520, 521, 592, 623, 602, 537, 641, 591, 522, 576, 587, 677, 638, 562, 625, 596, 542, 596, 503, 572, 585, 562, 530, 532, 558, 513, 569, 487, 520, 559, 540, 526, 482, 538, 571, 468, 508, 563, 526, 477, 517, 569, 516, 439, 524, 557, 580, 545, 573, 562, 471, 518, 541, 592, 577, 541, 558, 459, 487, 594, 533, 492, 506, 541, 514, 470, 616, 713, 652, 608, 672, 653, 614, 573, 577, 629, 576, 536, 561, 544, 512, 537, 533, 528, 567, 512, 461, 476, 459, 533, 471, 484, 550, 504, 521, 499, 498, 532, 588, 576, 534, 571, 570, 551, 535, 528, 573, 574, 508, 532, 587, 579, 560, 552, 509, 456, 524, 522, 537, 573, 613, 587, 577, 531, 482, 442, 532, 577, 604, 594, 557, 561, 553, 620, 605, 622, 672, 641, 576, 543, 527, 561, 581, 558, 583, 609, 605, 553, 510, 584, 549, 513, 488, 498, 528, 600, 576, 574, 543, 508, 549, 453, 510, 575, 599, 589, 577, 550, 557, 491, 472, 541, 498, 521, 555, 601, 633, 537, 429, 510, 518, 521, 499, 565, 587, 470, 582, 567, 549, 653, 637, 504, 496, 535, 455, 491, 580, 691, 634, 542, 537, 487, 521, 593, 610, 571, 622, 648, 593, 528, 660, 682, 589, 580, 718, 709, 568, 536, 625, 616, 545, 597, 657, 538, 521, 567, 518, 564, 522, 659, 642, 569, 595, 517, 596, 757, 753, 878, 702, 831, 1107, 936, 1258, 1451, 2002, 2127, 1167, 1642, 3511, 3261, 2394, 2075, 3091, 3499, 2243, 2488, 5730, 5579, 5269, 5886, 8289, 6128, 3718, 6146, 13194, 12756, 10399, 8591, 14638, 11367, 6776, 8868, 22228, 23397, 8535, 5307, 10620, 9240, 5708, 5708, 16072, 17739, 3746, 2521, 4542, 4118, 2716, 2756, 7208, 7721, 2533, 3915, 4805, 3231, 1737, 3779, 7248, 6617, 2561, 4674, 5936, 3325, 1557, 4117, 8354, 7753, 2842, 3407, 5846, 4023, 1539, 2645, 6489, 7043, 3081, 3335, 6271, 4580, 1657, 2273, 6266, 7227, 2237, 2664, 4537, 3293, 1232, 1912, 4655, 5152, 994, 1275, 1927, 1481, 769, 1051, 2005, 2064, 569, 660, 935, 853, 477, 597, 935, 950, 648, 755, 936, 750, 544, 610, 811, 926, 554, 705, 999, 866, 609, 666, 866, 837, 545, 610, 879, 888, 722, 713, 767, 739, 659, 677, 610, 650, 625, 673, 557, 578, 711, 746, 743, 651, 543, 633, 602, 537, 751, 777, 678, 642, 635, 677, 649, 557, 679, 801, 682, 654, 606, 731, 730, 580, 589, 661, 600, 676, 720, 662, 727, 590, 585, 597, 682, 801, 648, 705, 827, 654, 804, 1001, 1032, 963, 705, 803, 1012, 883, 1770, 2510, 2387, 1632, 1088, 1875, 2016, 1360, 2529, 4245, 4605, 2733, 1568, 2911, 2960, 2003, 2032, 3837, 4030, 2236, 1449, 2312, 2367, 1757, 1187, 2373, 2459, 1304, 1011, 1531, 1524, 1047, 2145, 2153, 2808, 2522, 1913, 2192, 1684, 1821, 3865, 3373, 4873, 5267, 3778, 3228, 1785, 3522, 3014, 2872, 4001, 4400, 3149, 2203, 1346, 3011, 1153, 1404, 1660, 1743, 1399, 885, 1094, 1425, 897, 1373, 1342, 956, 901, 1084, 1313, 1153, 875, 1436, 1405, 924, 864, 1298, 1599, 1152, 838, 1312, 1262, 889, 676, 1244, 1530, 1080, 833, 1144, 1069, 924, 689, 1122, 1280, 922, 1165, 1160, 1121, 1027, 813, 1140, 1263, 1107, 1312, 1033, 1231, 1382, 1025, 980, 1278, 1411, 1081, 933, 1163, 1301, 929, 893, 1058, 1077, 899, 884, 1008, 1189, 818, 837, 928, 815, 714, 757, 865, 777, 670, 832, 754, 728, 642, 748, 840, 705, 656, 632, 710, 768, 745, 690, 900, 864, 708, 820, 853, 853, 698, 635, 750, 799, 614, 669, 832, 808, 620, 670, 696, 712, 648, 673, 778, 687, 672, 740, 652, 671, 718, 748, 700, 616, 721, 748, 713, 644, 804, 777, 565, 619, 665, 836, 843, 653, 652, 761, 742, 686, 723, 783, 823, 796, 751, 702, 753, 745, 685, 670, 786, 769, 644, 544, 702, 759, 578, 453, 629, 750, 607, 503, 613, 629, 599, 588, 526, 651, 626, 532, 647, 641, 590, 536, 531, 571, 526, 607, 679, 641, 568, 477, 661, 805, 659, 556, 809, 817, 567, 547, 733, 841, 588, 558, 814, 807, 510, 623, 752, 706, 497, 526, 629, 580, 592, 656, 733, 594, 622, 556, 677, 720, 644, 582, 675, 706, 657, 511, 723, 893, 677, 621, 771, 860, 690, 541, 739, 818, 682, 636, 840, 856, 693, 615, 706, 791, 634, 660, 854, 941, 720, 615, 733, 731, 670, 781, 959, 798, 594, 714, 879, 848, 571, 661, 770, 722, 593, 581, 875, 838, 704, 871, 1034, 1016, 785, 714, 944, 906, 764, 930, 1215, 1132, 819, 808, 1137, 1110, 882, 730, 1107, 1040, 641, 685, 954, 1153, 1294, 868, 1366, 1135, 679, 691, 1285, 1735, 1075, 790, 1235, 1043, 723, 689, 1228, 1517, 924, 707, 845, 803, 684, 647, 875, 1068, 885, 807, 721, 712, 586, 682, 858, 898, 705, 721, 699, 664, 552, 600, 769, 783, 636, 611, 646, 635, 569, 684, 800, 777, 581, 700, 677, 586, 488, 736, 922, 713, 525, 529, 643, 635, 432, 564, 691, 590, 609, 515, 588, 641, 513, 517, 561, 595, 643, 564, 592, 639, 528, 581, 617, 561, 553, 504, 649, 594, 529, 545, 592, 649, 410, 490, 614, 527, 403, 437, 593, 603, 445, 457, 542, 505, 460, 403, 530, 511, 450, 494, 479, 452, 410, 458, 505, 443, 449, 463, 518, 542, 504, 484, 486, 487, 461, 417, 496, 481, 443, 497, 488, 533]"
0.7784076929092407,-0.6391612887382507,-0.1709475815296173,-0.2982538044452667,-0.5691946148872375,-0.0338389128446579,-0.33149829506874084,-1.162009835243225,2.2613525390625,15.75,-0.21400988101959229,0.8419990539550781,17.5,-0.18611490726470947,1.2077808380126953,16.25,-0.18139421939849854,0.9356975555419922,30.5,-0.07353365421295166,0.7731914520263672,-32.0,"[545, 639, 712, 681, 510, 676, 712, 638, 499, 558, 575, 530, 549, 610, 575, 501, 472, 481, 502, 528, 572, 607, 520, 499, 418, 527, 592, 525, 557, 586, 612, 582, 465, 481, 451, 487, 601, 565, 470, 482, 470, 440, 458, 529, 561, 554, 503, 533, 535, 474, 429, 562, 584, 601, 542, 488, 529, 457, 459, 541, 518, 450, 495, 540, 486, 527, 584, 613, 498, 505, 615, 573, 606, 620, 658, 604, 534, 575, 612, 586, 519, 474, 519, 519, 494, 577, 554, 526, 551, 619, 549, 552, 609, 630, 589, 487, 565, 491, 491, 623, 593, 485, 501, 537, 609, 581, 532, 586, 602, 495, 613, 650, 590, 521, 552, 538, 582, 564, 574, 641, 581, 563, 551, 572, 613, 527, 497, 574, 557, 590, 465, 524, 545, 467, 471, 493, 546, 628, 627, 588, 479, 440, 602, 624, 593, 633, 557, 587, 624, 541, 579, 624, 615, 668, 533, 603, 708, 597, 481, 574, 568, 630, 613, 575, 611, 564, 497, 527, 577, 617, 636, 583, 602, 610, 553, 603, 569, 710, 720, 537, 559, 681, 648, 563, 460, 564, 606, 561, 529, 631, 588, 482, 517, 507, 586, 549, 575, 578, 480, 494, 598, 470, 496, 574, 513, 574, 545, 576, 483, 542, 530, 609, 601, 568, 582, 511, 582, 587, 503, 513, 607, 615, 583, 456, 629, 610, 571, 493, 612, 635, 536, 496, 561, 600, 625, 552, 582, 619, 500, 513, 514, 571, 602, 564, 535, 571, 439, 463, 565, 526, 477, 519, 593, 578, 493, 513, 497, 548, 546, 494, 508, 600, 599, 566, 541, 526, 547, 569, 548, 485, 559, 602, 602, 556, 609, 625, 569, 493, 466, 541, 550, 585, 643, 585, 519, 520, 574, 561, 542, 533, 519, 543, 491, 540, 645, 606, 548, 506, 567, 540, 540, 612, 567, 557, 482, 516, 624, 550, 511, 572, 570, 605, 531, 582, 626, 545, 559, 623, 611, 626, 532, 488, 598, 615, 608, 523, 568, 676, 576, 501, 604, 632, 614, 516, 552, 648, 533, 553, 612, 518, 518, 484, 623, 674, 561, 597, 680, 751, 602, 710, 875, 834, 987, 973, 1522, 1459, 896, 1080, 2268, 2178, 2123, 1461, 2703, 2591, 1558, 1753, 4290, 4480, 3093, 3275, 4875, 3948, 2237, 3026, 6219, 6245, 7841, 9651, 14317, 9581, 4587, 8769, 19558, 19501, 10749, 11771, 18890, 13236, 6286, 10186, 24695, 25688, 5829, 6071, 9994, 7511, 3697, 4923, 11978, 12799, 2200, 1778, 2358, 1932, 1571, 1727, 3133, 3522, 1057, 1667, 2139, 1651, 937, 1863, 3099, 2655, 1410, 2727, 3746, 2579, 1063, 2605, 4927, 4407, 1569, 3002, 4304, 2850, 997, 2600, 5141, 4676, 1229, 1879, 2507, 1643, 795, 1520, 2838, 2721, 1014, 1526, 1782, 1233, 938, 1088, 1762, 1689, 887, 1308, 1373, 943, 718, 1042, 1365, 1273, 773, 999, 1084, 826, 719, 923, 1051, 1048, 681, 701, 916, 900, 758, 684, 865, 944, 590, 615, 778, 699, 649, 669, 824, 787, 467, 528, 648, 606, 608, 615, 622, 635, 563, 570, 724, 773, 678, 586, 602, 703, 532, 564, 662, 662, 603, 542, 578, 639, 549, 597, 662, 606, 587, 702, 725, 613, 673, 614, 776, 750, 586, 700, 793, 779, 619, 704, 848, 796, 626, 711, 800, 754, 668, 714, 756, 750, 720, 760, 744, 636, 808, 873, 817, 749, 789, 667, 720, 782, 1423, 1611, 1392, 1078, 967, 1243, 1240, 1156, 2619, 3319, 3409, 2740, 1376, 2636, 2934, 2075, 2462, 3745, 4554, 3559, 1285, 2642, 3142, 2213, 1974, 2542, 2811, 2041, 1138, 1457, 1676, 1342, 1951, 2586, 2550, 2073, 1444, 1853, 1938, 1461, 1662, 2394, 3792, 3332, 1563, 2222, 2435, 1832, 1212, 2128, 2799, 2316, 1247, 1358, 1363, 1134, 1372, 2175, 1892, 1216, 1089, 1158, 1339, 908, 1074, 1498, 1383, 1042, 768, 982, 1349, 1121, 1288, 2022, 2009, 1229, 812, 1215, 1695, 1505, 1155, 1847, 1859, 1216, 849, 1242, 1670, 1333, 929, 1216, 1337, 1104, 861, 903, 1172, 1080, 964, 1140, 1250, 1036, 958, 792, 916, 962, 1083, 1089, 1086, 1094, 1036, 856, 983, 1023, 937, 931, 881, 942, 912, 805, 837, 895, 856, 814, 794, 839, 754, 663, 737, 809, 662, 684, 787, 786, 655, 662, 794, 743, 723, 687, 797, 723, 593, 721, 822, 679, 771, 709, 733, 703, 608, 699, 744, 716, 847, 672, 604, 696, 708, 733, 655, 767, 714, 638, 711, 730, 720, 659, 715, 827, 641, 618, 666, 706, 734, 630, 742, 811, 642, 688, 648, 640, 653, 553, 622, 674, 740, 701, 693, 721, 740, 702, 737, 837, 680, 612, 617, 675, 680, 628, 692, 750, 639, 692, 660, 709, 703, 555, 736, 805, 659, 612, 640, 712, 718, 593, 726, 739, 655, 610, 622, 596, 646, 551, 674, 733, 607, 600, 644, 651, 515, 552, 715, 712, 727, 619, 625, 711, 591, 578, 720, 775, 705, 619, 603, 705, 710, 645, 794, 837, 696, 633, 573, 727, 800, 715, 734, 765, 735, 639, 585, 672, 765, 702, 686, 740, 730, 611, 672, 717, 738, 612, 723, 787, 699, 742, 743, 758, 616, 636, 796, 777, 670, 699, 814, 830, 687, 697, 896, 907, 715, 710, 905, 830, 584, 675, 960, 935, 1032, 709, 936, 870, 590, 732, 893, 1098, 1284, 802, 984, 972, 653, 689, 1044, 1446, 1032, 707, 852, 828, 637, 649, 975, 1206, 722, 693, 705, 758, 696, 638, 827, 854, 789, 708, 706, 806, 714, 633, 705, 844, 1015, 721, 832, 851, 688, 750, 966, 1228, 1156, 630, 892, 1009, 813, 773, 930, 1317, 869, 753, 889, 939, 697, 703, 770, 911, 747, 736, 752, 748, 575, 679, 870, 889, 640, 653, 647, 663, 608, 651, 787, 768, 606, 570, 663, 658, 644, 641, 865, 837, 589, 564, 738, 677, 529, 634, 925, 844, 590, 560, 646, 669, 580, 604, 652, 618, 566, 565, 566, 706, 608, 538, 616, 594, 626, 653, 676, 759, 652, 580, 624, 663, 484, 581, 640, 668, 565, 581, 617, 542, 390, 467, 474, 455, 496, 486, 588, 531, 488, 428, 437, 442, 418, 504, 595, 566, 551, 488, 539, 533, 455, 491, 573, 565, 423, 389, 494, 499, 390, 430, 495, 462, 435, 376, 438, 490, 387, 386, 445, 443, 384, 435, 407, 401, 443, 439, 429, 359, 434, 456, 412, 402, 416, 490, 548, 449]"
0.8181355595588684,-0.6645728349685669,-0.45107340812683105,-0.15221554040908813,-0.5563825964927673,-0.4741148352622986,-0.14343217015266418,-1.05361008644104,2.286958694458008,16.5,-0.7775213718414307,1.1655807495117188,25.75,-0.536480188369751,1.061868667602539,21.5,-0.3828432559967041,1.1711597442626953,22.25,-0.13236069679260254,0.9471416473388672,28.25,"[616, 697, 763, 713, 705, 716, 763, 698, 565, 648, 650, 704, 667, 647, 647, 600, 534, 544, 558, 597, 620, 604, 580, 512, 597, 540, 608, 643, 579, 568, 504, 539, 426, 560, 623, 491, 464, 508, 555, 501, 472, 573, 538, 501, 597, 570, 519, 479, 502, 490, 504, 532, 565, 494, 486, 536, 512, 440, 526, 539, 466, 496, 571, 597, 576, 551, 522, 545, 456, 507, 541, 594, 524, 564, 543, 477, 471, 498, 566, 580, 508, 533, 501, 434, 548, 483, 482, 551, 522, 546, 561, 554, 531, 502, 570, 584, 521, 650, 591, 503, 526, 538, 627, 618, 621, 669, 611, 492, 515, 549, 550, 567, 552, 512, 597, 590, 522, 466, 568, 620, 539, 590, 600, 586, 554, 515, 625, 624, 489, 519, 486, 509, 497, 489, 556, 495, 508, 551, 572, 545, 522, 534, 555, 535, 529, 560, 498, 528, 526, 543, 568, 514, 590, 649, 591, 570, 630, 713, 607, 495, 500, 578, 610, 547, 569, 629, 597, 502, 559, 638, 583, 562, 540, 564, 562, 515, 623, 576, 590, 634, 601, 590, 660, 639, 540, 542, 647, 686, 602, 626, 639, 550, 555, 543, 575, 693, 704, 601, 537, 530, 512, 489, 554, 571, 592, 605, 570, 533, 522, 463, 491, 592, 642, 578, 576, 646, 473, 524, 562, 545, 560, 524, 506, 486, 532, 523, 501, 450, 409, 479, 492, 486, 629, 603, 552, 512, 484, 575, 571, 566, 613, 575, 486, 445, 431, 469, 544, 616, 556, 474, 542, 628, 569, 517, 583, 641, 455, 413, 586, 601, 561, 519, 568, 601, 500, 474, 682, 671, 562, 508, 636, 666, 538, 641, 628, 595, 560, 530, 594, 583, 521, 591, 558, 547, 572, 592, 627, 546, 542, 520, 473, 481, 580, 549, 490, 487, 633, 547, 488, 496, 567, 550, 426, 551, 569, 648, 582, 516, 527, 526, 525, 490, 572, 595, 775, 800, 638, 569, 697, 705, 1069, 1025, 1890, 1695, 894, 1045, 1947, 2034, 2578, 3013, 5236, 4412, 1786, 3005, 6885, 6967, 4174, 4210, 6964, 6108, 3187, 4483, 10932, 10858, 3744, 3200, 4547, 4482, 3121, 3568, 7400, 7519, 8087, 11787, 14514, 9436, 5435, 11299, 19702, 17816, 15586, 23633, 32988, 22037, 9767, 21762, 43506, 41098, 13013, 20208, 29948, 20921, 8548, 18635, 39356, 37503, 5541, 8206, 12095, 9299, 3883, 8361, 17417, 16160, 2884, 3247, 4811, 3989, 1742, 3193, 6177, 6097, 1849, 2164, 3301, 2619, 1149, 1861, 3596, 3922, 1014, 1940, 2503, 1760, 709, 1538, 2648, 2341, 1238, 1854, 2232, 1574, 770, 1433, 2235, 2136, 1100, 1312, 1747, 1225, 699, 898, 1619, 1689, 925, 1366, 1720, 1106, 645, 980, 1688, 1667, 940, 960, 1179, 982, 744, 760, 1081, 1341, 1072, 1499, 1900, 1380, 741, 1003, 1887, 1865, 723, 1592, 1876, 1212, 680, 1053, 1839, 1652, 608, 1019, 1089, 806, 604, 843, 1083, 902, 691, 789, 837, 706, 599, 705, 766, 773, 604, 735, 920, 794, 686, 757, 779, 783, 562, 681, 792, 688, 639, 644, 826, 848, 663, 711, 787, 649, 701, 694, 685, 761, 706, 697, 673, 655, 686, 806, 793, 712, 618, 589, 834, 914, 637, 682, 907, 756, 601, 624, 903, 947, 684, 795, 939, 689, 540, 563, 720, 670, 603, 652, 697, 674, 726, 836, 872, 804, 742, 718, 813, 775, 1825, 2986, 3422, 2389, 1477, 2094, 2071, 1694, 3172, 6176, 6523, 4140, 2459, 3474, 3360, 2822, 3561, 5887, 5744, 3910, 2633, 3281, 2850, 2577, 2847, 3554, 3571, 2790, 2525, 2704, 1697, 2066, 2167, 2557, 2181, 1909, 2118, 2144, 1524, 1697, 1367, 1825, 1458, 1035, 1113, 1485, 1543, 1099, 1328, 2048, 1842, 947, 1055, 1483, 1431, 923, 1436, 2139, 1761, 797, 1157, 1497, 1282, 672, 1393, 2225, 1896, 788, 965, 1454, 1575, 1030, 1529, 2449, 2019, 874, 1057, 1400, 2025, 1364, 1487, 2320, 1832, 821, 1096, 1155, 1635, 1164, 1002, 1329, 1069, 704, 876, 821, 853, 727, 879, 1005, 797, 843, 998, 800, 910, 848, 865, 1046, 795, 857, 965, 808, 962, 868, 808, 907, 892, 898, 906, 865, 833, 864, 780, 874, 929, 864, 745, 731, 822, 799, 729, 778, 970, 884, 630, 528, 745, 775, 711, 742, 861, 790, 628, 550, 679, 676, 635, 750, 768, 669, 593, 705, 739, 666, 590, 668, 679, 636, 639, 690, 715, 621, 579, 802, 699, 586, 597, 729, 808, 629, 717, 749, 681, 592, 585, 763, 920, 812, 770, 669, 649, 753, 683, 778, 864, 820, 698, 670, 783, 733, 647, 701, 823, 796, 700, 670, 646, 609, 604, 689, 824, 742, 581, 706, 641, 638, 736, 757, 803, 693, 808, 812, 628, 700, 746, 729, 732, 771, 641, 698, 700, 728, 666, 670, 750, 747, 601, 574, 693, 669, 554, 621, 715, 701, 562, 525, 676, 657, 557, 580, 670, 708, 639, 605, 661, 571, 549, 649, 715, 723, 560, 552, 550, 575, 637, 657, 647, 601, 639, 632, 596, 635, 661, 667, 710, 735, 643, 506, 557, 508, 534, 493, 643, 766, 649, 605, 660, 577, 547, 531, 652, 743, 814, 699, 902, 930, 608, 646, 952, 989, 921, 704, 1125, 1266, 905, 847, 1652, 1702, 1026, 706, 1202, 1493, 1050, 823, 1897, 1976, 1102, 684, 1084, 1355, 1043, 827, 1618, 1828, 1123, 512, 995, 1137, 989, 603, 1337, 1723, 1057, 570, 926, 1040, 924, 673, 1107, 1400, 864, 755, 885, 895, 608, 736, 939, 980, 842, 976, 937, 794, 589, 904, 1056, 931, 806, 866, 825, 806, 716, 792, 897, 906, 723, 785, 730, 679, 646, 650, 850, 871, 752, 773, 840, 774, 669, 663, 849, 920, 670, 952, 917, 711, 628, 713, 890, 889, 778, 957, 857, 532, 580, 764, 1023, 903, 750, 795, 815, 775, 657, 773, 1224, 1178, 585, 717, 787, 833, 712, 762, 1071, 969, 534, 516, 782, 710, 606, 610, 646, 668, 475, 597, 790, 659, 513, 673, 773, 664, 663, 701, 716, 656, 564, 669, 787, 741, 655, 592, 676, 619, 594, 570, 704, 748, 565, 516, 517, 548, 492, 438, 540, 612, 535, 507, 476, 458, 506, 513, 504, 528, 542, 538, 568, 485, 528, 522, 530, 527, 508, 542, 460, 464, 446, 389, 501, 516, 478, 534, 599, 514, 446, 455, 570, 521, 487, 594, 606, 475, 458, 494, 496, 435, 446, 507, 519, 430, 434, 429, 488, 507]"
0.652909517288208,-0.7667760848999023,-0.3737338185310364,-0.6031728386878967,-0.7381476759910583,-0.40666884183883667,-0.7747519016265869,-0.8751599788665771,1.123952865600586,15.5,-0.7127969264984131,1.0568618774414062,18.25,-0.07764983177185059,0.5783557891845703,19.0,0.04723381996154785,0.3895282745361328,21.25,0.05824875831604004,0.4414558410644531,16.0,"[644, 718, 743, 700, 690, 697, 747, 720, 569, 626, 699, 698, 717, 735, 702, 627, 445, 544, 588, 599, 609, 690, 581, 449, 511, 494, 457, 477, 582, 544, 461, 472, 500, 491, 470, 475, 497, 471, 448, 448, 549, 567, 545, 547, 538, 531, 518, 495, 567, 497, 510, 629, 604, 545, 520, 618, 533, 481, 506, 543, 546, 491, 452, 492, 508, 500, 496, 536, 480, 421, 440, 480, 453, 488, 518, 490, 446, 488, 480, 443, 547, 508, 542, 491, 415, 448, 576, 607, 520, 509, 489, 521, 501, 455, 441, 507, 519, 541, 528, 558, 556, 437, 479, 494, 538, 651, 552, 514, 533, 500, 527, 522, 567, 657, 561, 568, 613, 534, 591, 580, 505, 514, 469, 492, 523, 499, 494, 491, 611, 574, 472, 459, 534, 595, 484, 510, 543, 571, 471, 538, 577, 605, 580, 484, 539, 540, 457, 523, 569, 575, 511, 464, 698, 589, 513, 536, 565, 544, 491, 599, 613, 563, 574, 584, 532, 519, 529, 548, 430, 540, 546, 533, 494, 623, 618, 455, 586, 643, 480, 553, 626, 599, 484, 491, 594, 591, 525, 563, 605, 636, 606, 487, 512, 546, 555, 557, 584, 548, 571, 504, 603, 588, 572, 517, 539, 618, 612, 565, 569, 626, 509, 454, 528, 600, 578, 506, 554, 540, 516, 547, 568, 601, 534, 529, 491, 545, 500, 501, 516, 545, 486, 404, 590, 616, 502, 500, 543, 559, 596, 526, 492, 493, 457, 583, 563, 503, 572, 533, 571, 569, 588, 602, 484, 572, 597, 550, 640, 701, 938, 853, 604, 629, 764, 825, 670, 866, 1068, 840, 623, 789, 905, 895, 923, 1033, 1521, 1226, 673, 960, 1579, 1659, 895, 1928, 2560, 1711, 613, 1252, 2366, 2288, 785, 1919, 2280, 1362, 656, 1349, 2375, 2078, 1208, 2148, 2705, 1933, 1061, 1940, 3613, 3221, 1738, 2292, 3196, 2663, 1340, 2436, 5094, 4741, 1594, 1841, 2605, 2455, 1286, 2184, 4498, 4169, 1895, 2409, 3376, 2763, 1436, 2075, 4394, 4316, 4191, 5645, 9082, 6049, 2669, 3635, 9506, 10307, 5799, 10097, 15722, 10123, 3601, 6681, 16884, 17464, 4054, 8103, 12065, 7466, 2631, 5738, 13731, 13625, 1842, 3254, 4438, 2830, 1282, 2613, 5604, 5304, 958, 1775, 1737, 1284, 852, 1999, 3072, 2458, 1126, 2085, 2176, 1668, 996, 2498, 4101, 3432, 1112, 1732, 1882, 1436, 908, 1984, 3339, 2792, 923, 1085, 1215, 965, 784, 1173, 1702, 1652, 814, 1203, 1315, 920, 679, 966, 1269, 1208, 1021, 1543, 1547, 995, 768, 1137, 1405, 1190, 3500, 8538, 9006, 4511, 1461, 5019, 8518, 6665, 6595, 18662, 18990, 8696, 2471, 10993, 18541, 13517, 5406, 15747, 15505, 6593, 1925, 9300, 15648, 11049, 2321, 5191, 4886, 1982, 1151, 3156, 5362, 3995, 1150, 1631, 1384, 803, 865, 1395, 1585, 1231, 759, 983, 935, 655, 597, 836, 925, 780, 752, 801, 693, 654, 650, 686, 795, 761, 659, 649, 729, 757, 577, 669, 762, 625, 637, 612, 570, 531, 612, 614, 576, 642, 665, 600, 560, 557, 635, 601, 512, 620, 699, 738, 724, 686, 659, 748, 724, 658, 1112, 1158, 966, 863, 960, 1059, 960, 807, 1706, 1889, 1453, 1231, 1290, 1344, 1144, 1079, 2616, 3221, 2177, 1495, 1466, 1539, 1684, 1439, 4459, 4774, 3400, 3037, 2646, 3089, 3082, 2612, 6051, 5939, 4798, 4310, 3740, 4646, 4107, 3770, 5436, 6132, 5242, 3625, 3277, 3777, 3256, 3284, 3655, 5844, 5656, 3197, 2216, 2830, 2808, 2372, 2406, 4009, 3951, 2342, 1688, 2227, 2058, 1616, 1642, 2131, 1887, 1403, 1199, 1217, 1117, 996, 1220, 1310, 960, 855, 883, 1000, 910, 754, 1009, 1148, 939, 894, 927, 1110, 986, 850, 1097, 1244, 1053, 919, 1088, 1039, 949, 987, 1221, 1289, 1085, 771, 1050, 995, 843, 1014, 998, 1165, 911, 714, 897, 921, 914, 864, 874, 1174, 1232, 864, 820, 948, 1145, 1050, 798, 1000, 1239, 932, 725, 845, 1165, 1139, 696, 1076, 1103, 842, 703, 935, 1116, 946, 819, 1189, 1117, 749, 740, 987, 1032, 786, 876, 1073, 959, 742, 785, 901, 917, 690, 722, 854, 807, 681, 711, 794, 848, 737, 643, 745, 807, 702, 614, 628, 641, 721, 620, 778, 821, 595, 608, 696, 830, 798, 577, 667, 746, 596, 523, 609, 757, 712, 559, 681, 755, 656, 598, 605, 625, 664, 592, 621, 608, 516, 646, 632, 581, 595, 689, 697, 639, 524, 596, 711, 692, 746, 752, 670, 842, 763, 573, 550, 810, 924, 815, 744, 819, 847, 728, 714, 812, 939, 701, 754, 751, 706, 670, 775, 755, 698, 698, 781, 670, 687, 704, 708, 710, 695, 725, 695, 617, 600, 640, 611, 616, 669, 702, 600, 651, 666, 729, 732, 725, 731, 670, 557, 661, 695, 704, 769, 828, 783, 638, 668, 712, 616, 631, 708, 786, 763, 722, 649, 646, 573, 668, 658, 697, 810, 893, 718, 701, 759, 765, 705, 706, 884, 718, 686, 719, 812, 655, 611, 786, 812, 731, 713, 724, 834, 740, 666, 809, 813, 736, 702, 723, 691, 619, 668, 671, 693, 620, 639, 656, 690, 574, 640, 664, 618, 656, 642, 615, 648, 621, 596, 657, 703, 1077, 1023, 1169, 1055, 835, 904, 1225, 1306, 1506, 1402, 2008, 1703, 971, 1121, 1975, 2221, 1337, 1332, 1824, 1615, 958, 1019, 1963, 2122, 1191, 936, 1237, 1274, 1063, 936, 1617, 1757, 1182, 801, 1080, 1240, 1042, 818, 1339, 1517, 959, 747, 751, 936, 909, 797, 939, 1101, 936, 884, 680, 668, 836, 893, 827, 875, 1178, 962, 726, 757, 785, 975, 845, 1006, 1049, 798, 831, 814, 711, 723, 731, 1033, 756, 659, 837, 770, 640, 598, 749, 911, 900, 1284, 1583, 1298, 745, 992, 1481, 1411, 1292, 1945, 2228, 1618, 841, 1290, 1786, 1689, 1369, 1715, 1607, 1290, 759, 1028, 1322, 1248, 1170, 1229, 1176, 1059, 732, 735, 970, 969, 784, 734, 802, 890, 735, 651, 800, 751, 631, 712, 763, 735, 604, 668, 772, 753, 618, 643, 784, 727, 556, 686, 799, 753, 647, 555, 513, 542, 497, 510, 588, 622, 589, 552, 557, 539, 529, 559, 682, 678, 592, 528, 582, 671, 559, 505, 584, 677, 599, 570, 620, 596, 513, 514, 605, 661, 537, 525, 487, 433, 407, 518, 622, 577, 430, 459, 503, 432, 420, 508, 587, 483, 489, 452, 473, 472, 428, 417, 472, 513, 379, 444, 487, 433, 426, 488, 535, 495]"
0.5585579872131348,-1.0527559518814087,-0.40700089931488037,-0.7598690986633301,-1.1012028455734253,-0.4672638177871704,-0.9160382747650146,-0.38583195209503174,0.42929649353027344,18.25,-0.3383389711380005,0.432586669921875,19.25,-0.1629582643508911,0.5521774291992188,16.5,-0.14407551288604736,0.4551887512207031,20.25,-0.12948429584503174,0.4204273223876953,22.75,"[510, 537, 629, 685, 635, 682, 626, 540, 570, 620, 587, 594, 651, 691, 638, 586, 551, 624, 564, 520, 564, 652, 638, 498, 529, 544, 520, 508, 578, 634, 536, 477, 545, 518, 528, 547, 592, 573, 561, 590, 551, 568, 587, 556, 564, 512, 607, 611, 480, 465, 529, 513, 548, 518, 525, 516, 606, 555, 625, 585, 492, 541, 510, 528, 589, 594, 546, 466, 475, 569, 525, 515, 554, 515, 507, 593, 570, 514, 445, 547, 501, 461, 498, 548, 445, 399, 454, 526, 518, 524, 522, 514, 594, 619, 505, 484, 591, 570, 511, 556, 609, 600, 519, 550, 633, 537, 522, 510, 565, 548, 587, 652, 668, 583, 531, 545, 515, 578, 586, 603, 595, 517, 489, 538, 469, 448, 479, 521, 508, 486, 416, 483, 565, 571, 468, 492, 587, 597, 498, 490, 616, 665, 640, 639, 505, 529, 561, 561, 557, 663, 652, 564, 485, 479, 535, 527, 531, 602, 539, 469, 493, 461, 540, 512, 515, 566, 547, 523, 584, 560, 442, 439, 525, 481, 453, 513, 564, 557, 507, 473, 552, 584, 568, 566, 635, 530, 478, 559, 582, 499, 463, 545, 645, 497, 658, 710, 598, 513, 542, 653, 965, 1203, 1741, 1306, 745, 934, 1588, 1750, 1307, 3207, 4281, 2697, 913, 2289, 4471, 4125, 1265, 3624, 4538, 2809, 822, 2728, 4996, 4339, 906, 2171, 2608, 1623, 638, 1707, 3011, 2611, 777, 1089, 1192, 889, 684, 927, 1302, 1247, 861, 935, 912, 654, 718, 833, 781, 690, 1009, 2830, 2788, 1503, 912, 2695, 4154, 3049, 3005, 9638, 10272, 5187, 2129, 9737, 17324, 13877, 4555, 14028, 15792, 8287, 2984, 14626, 27510, 22847, 3306, 10236, 11393, 6306, 2196, 10798, 20322, 16875, 1903, 5041, 5302, 3246, 1421, 5024, 9403, 7751, 1410, 1930, 2223, 1693, 1082, 1769, 3773, 3444, 1836, 1976, 2736, 2200, 1181, 1820, 3476, 3412, 2258, 3771, 5215, 3458, 1483, 3127, 6108, 5767, 1841, 4196, 5078, 2872, 1328, 3337, 5872, 4980, 1001, 2016, 2199, 1396, 814, 1891, 2791, 2363, 706, 889, 1239, 1006, 642, 903, 1407, 1322, 826, 907, 976, 779, 594, 748, 1107, 1095, 758, 991, 1008, 794, 626, 825, 1051, 976, 718, 1089, 1100, 743, 654, 871, 1173, 971, 754, 1027, 973, 600, 620, 653, 967, 892, 663, 1103, 1029, 598, 649, 791, 952, 761, 1569, 2602, 2182, 911, 940, 1365, 1769, 1100, 5672, 9017, 6961, 2361, 2626, 4462, 5661, 2915, 9517, 15192, 12361, 4865, 4138, 8467, 11293, 7068, 7329, 13460, 13025, 6079, 3152, 8312, 12491, 9439, 3047, 9053, 9939, 4867, 1642, 5118, 8987, 7276, 1610, 5184, 5439, 2534, 1014, 2674, 4740, 3641, 851, 1897, 2018, 1060, 555, 1135, 1850, 1481, 774, 1282, 1250, 774, 624, 963, 1172, 1001, 733, 1018, 920, 698, 710, 805, 799, 770, 1009, 1061, 860, 865, 912, 751, 850, 894, 1579, 1552, 1209, 1251, 1348, 1196, 1032, 1095, 1978, 2326, 1625, 1177, 1629, 1394, 1039, 1211, 2443, 3337, 2151, 958, 2029, 1882, 1408, 1056, 2647, 3660, 2630, 1535, 2386, 2523, 1855, 1337, 3679, 4142, 3423, 2874, 2921, 2612, 1906, 2523, 4492, 4700, 4885, 3976, 2761, 2814, 2769, 3402, 3113, 3779, 4201, 3143, 2154, 2753, 2581, 2621, 1969, 2734, 2639, 1755, 1527, 2032, 2047, 1645, 2510, 3962, 3448, 1949, 1672, 2714, 2871, 1771, 2970, 4752, 4019, 1821, 1686, 2535, 2592, 1578, 1904, 3046, 2694, 1163, 1179, 1536, 1484, 1009, 933, 1237, 1031, 584, 561, 812, 882, 703, 824, 1038, 929, 761, 744, 802, 886, 753, 968, 1359, 1374, 975, 837, 999, 1204, 1110, 1088, 1873, 1832, 1082, 846, 1314, 1743, 1187, 1093, 1808, 1703, 959, 889, 1260, 1519, 1114, 1151, 1963, 1916, 958, 1030, 1230, 1338, 1016, 1436, 2584, 2605, 1367, 1280, 1460, 1542, 1233, 1492, 2149, 2151, 1458, 1245, 1291, 1330, 1326, 1187, 1367, 1266, 1035, 974, 953, 1010, 1042, 1364, 1990, 1747, 925, 1226, 1251, 1041, 894, 1360, 2116, 1799, 803, 1250, 1216, 990, 704, 1211, 1421, 1170, 786, 1077, 1030, 878, 862, 1045, 1262, 1050, 830, 1022, 1008, 785, 776, 933, 1073, 994, 719, 950, 982, 776, 702, 781, 856, 819, 772, 847, 717, 670, 708, 726, 784, 711, 705, 725, 723, 804, 708, 727, 688, 646, 706, 751, 827, 764, 721, 747, 798, 696, 747, 925, 876, 749, 762, 667, 625, 746, 690, 727, 660, 760, 858, 877, 684, 774, 765, 803, 642, 595, 898, 949, 692, 814, 1037, 852, 643, 750, 902, 1073, 797, 937, 1268, 999, 768, 915, 1075, 964, 919, 1078, 1155, 820, 697, 966, 1043, 856, 895, 823, 915, 805, 775, 958, 1037, 895, 726, 545, 799, 785, 615, 768, 927, 825, 674, 677, 913, 822, 594, 714, 798, 1083, 716, 789, 1012, 902, 737, 724, 1027, 1155, 759, 730, 898, 812, 749, 704, 1050, 1067, 776, 707, 921, 830, 851, 722, 981, 876, 568, 622, 827, 677, 720, 806, 882, 679, 619, 679, 747, 701, 758, 833, 794, 654, 638, 669, 749, 703, 683, 842, 809, 708, 675, 717, 758, 660, 609, 800, 800, 810, 682, 680, 700, 704, 671, 786, 876, 857, 676, 830, 1011, 952, 603, 905, 1104, 1308, 730, 1442, 1791, 1391, 852, 2190, 2450, 2047, 964, 1993, 2002, 1517, 1123, 3229, 3808, 1769, 1108, 1730, 1433, 1120, 1119, 2802, 3238, 1345, 1019, 1251, 1227, 1195, 983, 1787, 2037, 1399, 920, 1160, 1227, 1328, 753, 1979, 2332, 1218, 1083, 1181, 1235, 1126, 827, 1580, 1749, 1176, 1210, 970, 1034, 1089, 1124, 1047, 981, 1078, 942, 1066, 1073, 902, 813, 943, 1046, 843, 1308, 1516, 1212, 828, 885, 1239, 1202, 1338, 1476, 1418, 1282, 1360, 1296, 1502, 1614, 1221, 1480, 1337, 1005, 1031, 1096, 1280, 1235, 932, 1154, 1085, 876, 885, 846, 1101, 935, 952, 1105, 851, 647, 746, 1029, 1155, 833, 921, 1397, 1251, 666, 788, 1067, 1186, 920, 902, 1235, 1105, 685, 818, 869, 944, 802, 702, 817, 694, 554, 678, 819, 746, 686, 750, 978, 840, 599, 658, 955, 1013, 819, 631, 847, 917, 732, 563, 734, 933, 777, 633, 633, 787, 687, 492, 607, 785, 763, 566, 496, 477, 642, 587, 515, 622, 611, 611, 574, 550, 603, 666, 742, 720, 589, 430, 508, 533, 517, 575, 721, 790, 557, 484, 545, 599, 492, 491, 679, 615, 425, 445, 463, 501, 501, 436, 531, 549, 457, 364, 468, 482, 509, 425, 459, 558, 447]"
0.2458377629518509,-1.0519533157348633,-0.16976505517959595,-1.4151934385299683,-0.9355273246765137,-0.04331767559051514,-1.5774121284484863,-0.32750582695007324,-0.3600597381591797,15.5,-0.2715728282928467,-0.2643585205078125,16.0,-0.21234965324401855,-0.13604164123535156,21.5,-0.17158007621765137,-0.06909370422363281,20.75,-0.1465461254119873,0.07066726684570312,15.25,"[476, 577, 653, 651, 573, 648, 655, 578, 494, 597, 636, 664, 621, 679, 680, 603, 451, 468, 583, 609, 550, 580, 568, 493, 480, 488, 530, 526, 532, 560, 513, 493, 413, 398, 419, 480, 461, 433, 433, 485, 528, 506, 453, 479, 549, 615, 580, 561, 443, 467, 525, 479, 494, 563, 588, 563, 434, 496, 547, 494, 447, 526, 614, 471, 549, 550, 499, 501, 522, 551, 542, 487, 507, 540, 497, 471, 473, 472, 514, 505, 560, 561, 509, 456, 540, 547, 504, 488, 474, 492, 487, 501, 539, 532, 491, 479, 567, 470, 424, 539, 502, 440, 418, 520, 520, 493, 508, 547, 526, 535, 576, 540, 484, 462, 480, 505, 539, 550, 622, 596, 695, 574, 405, 534, 612, 586, 573, 577, 643, 579, 573, 540, 468, 582, 582, 576, 627, 616, 700, 627, 555, 620, 621, 627, 543, 509, 597, 608, 534, 511, 575, 586, 542, 586, 637, 622, 568, 560, 578, 542, 615, 558, 551, 564, 554, 535, 540, 631, 617, 594, 583, 502, 543, 586, 565, 624, 575, 586, 580, 552, 576, 662, 606, 556, 641, 631, 601, 579, 590, 557, 531, 574, 921, 1395, 1228, 753, 686, 781, 953, 688, 1721, 3338, 3105, 1335, 1138, 1380, 1978, 1296, 2302, 5362, 4982, 1775, 1633, 2086, 3053, 1809, 1774, 3956, 3725, 1464, 1250, 1732, 2631, 1738, 1683, 3213, 3620, 1741, 1135, 2095, 3581, 3154, 2571, 5565, 6349, 3083, 1420, 4210, 7349, 6370, 2823, 6857, 7644, 3868, 1491, 5432, 8640, 7003, 2104, 4953, 5185, 2692, 1179, 4095, 6365, 5056, 1789, 3944, 3614, 1667, 1335, 2751, 4031, 3006, 2229, 4614, 4559, 2156, 1359, 2333, 3565, 2783, 3003, 7415, 8857, 4943, 1428, 4216, 8253, 7484, 3130, 10586, 12021, 6184, 1504, 6630, 12213, 10146, 2434, 6654, 6962, 3357, 1207, 4622, 7606, 5809, 1819, 3149, 2785, 1393, 942, 2056, 2867, 2076, 1423, 2289, 2268, 1197, 837, 1219, 1982, 1660, 1207, 2149, 2167, 1207, 744, 1198, 1793, 1465, 1077, 1967, 1944, 1041, 670, 1218, 1791, 1370, 940, 1793, 1738, 918, 732, 1222, 1671, 1277, 881, 1382, 1398, 804, 653, 958, 1302, 1053, 765, 1043, 882, 658, 703, 785, 828, 707, 1081, 1276, 1017, 666, 767, 845, 937, 798, 4013, 6453, 5029, 1718, 1813, 2996, 3972, 2086, 10128, 17618, 14071, 4506, 4135, 8482, 11609, 5876, 10842, 18111, 14054, 4501, 4403, 9827, 12756, 6465, 6656, 11439, 8815, 2301, 2831, 6006, 7477, 3256, 3482, 6531, 5329, 1536, 1686, 2897, 3940, 1840, 1964, 3267, 2656, 1109, 1024, 1845, 2363, 1533, 1656, 2156, 1711, 1089, 1097, 1691, 1801, 1457, 1248, 1549, 1239, 807, 1003, 1196, 1185, 1048, 884, 1069, 971, 729, 766, 872, 752, 672, 783, 925, 883, 637, 823, 883, 661, 678, 1717, 2197, 2042, 1006, 1324, 1824, 1278, 987, 2755, 3513, 3237, 1497, 1991, 2691, 1923, 1531, 2991, 3569, 3227, 1686, 2133, 2724, 2054, 1757, 3230, 3671, 3494, 2133, 2397, 3060, 2338, 1953, 3015, 3274, 3162, 2084, 2221, 2933, 2077, 1863, 1916, 1852, 1708, 1226, 1366, 1681, 1289, 1215, 1776, 2497, 1961, 1082, 1360, 1475, 1113, 999, 2697, 3591, 2479, 1149, 1882, 1812, 1090, 1139, 3072, 4092, 3097, 1459, 2696, 2727, 1585, 1360, 2463, 3708, 2965, 1321, 2210, 2094, 1400, 1229, 1318, 1854, 1590, 1030, 1040, 997, 1109, 930, 923, 1168, 1056, 749, 757, 860, 891, 787, 1004, 1213, 990, 699, 810, 1027, 910, 731, 940, 1276, 1126, 719, 827, 1138, 1019, 718, 984, 1266, 1023, 752, 892, 1097, 928, 765, 939, 1158, 960, 780, 947, 973, 887, 773, 982, 1168, 944, 794, 904, 846, 835, 803, 853, 1030, 836, 699, 729, 694, 763, 736, 728, 800, 716, 592, 603, 613, 686, 611, 726, 859, 789, 697, 639, 725, 799, 644, 719, 782, 741, 666, 619, 678, 692, 603, 821, 920, 762, 664, 733, 725, 731, 721, 767, 921, 851, 706, 810, 862, 772, 727, 874, 1190, 1153, 958, 946, 1029, 806, 785, 1167, 1347, 1281, 1176, 1122, 1124, 1069, 1020, 1349, 1266, 1130, 1248, 1214, 1084, 1121, 1159, 1414, 1318, 1156, 1250, 1062, 1281, 1492, 1245, 1430, 1389, 1195, 1196, 1142, 1415, 1455, 1224, 1274, 1188, 990, 1044, 919, 1054, 1068, 1069, 961, 921, 741, 711, 773, 816, 798, 781, 757, 819, 736, 739, 667, 758, 825, 761, 790, 816, 839, 816, 702, 667, 890, 907, 840, 877, 935, 819, 631, 779, 1095, 1052, 772, 799, 915, 740, 563, 644, 913, 950, 635, 735, 805, 637, 573, 709, 798, 768, 684, 726, 694, 613, 601, 612, 729, 804, 747, 794, 768, 688, 688, 620, 837, 895, 1065, 1148, 935, 1037, 792, 1141, 1469, 1115, 1576, 1496, 1170, 1323, 1001, 1581, 1947, 1447, 1420, 1260, 1060, 1051, 968, 1372, 1552, 1357, 1184, 957, 909, 901, 854, 963, 1214, 1201, 1094, 841, 615, 836, 851, 777, 950, 1074, 1010, 918, 766, 841, 783, 837, 942, 912, 1009, 998, 840, 726, 792, 855, 860, 935, 1204, 1082, 876, 805, 816, 877, 922, 1009, 1178, 957, 808, 824, 723, 761, 798, 997, 1082, 814, 866, 797, 720, 802, 960, 1115, 938, 806, 972, 917, 702, 886, 1106, 1043, 846, 789, 860, 869, 725, 884, 1124, 1030, 1344, 1079, 1129, 843, 799, 1126, 2014, 2094, 2215, 1800, 2325, 1425, 1260, 1745, 3498, 3762, 1981, 2003, 2439, 1931, 1391, 2043, 3235, 3133, 1698, 1513, 2147, 2192, 1324, 1804, 2616, 2410, 1857, 1856, 2785, 2506, 1208, 2033, 2921, 2639, 1878, 2167, 2918, 2491, 1153, 2124, 3119, 2611, 1926, 2259, 2490, 1681, 1322, 2219, 3245, 2677, 1885, 2366, 2163, 1267, 1210, 2094, 3089, 2563, 1828, 2238, 1870, 1408, 1183, 1996, 3013, 2271, 2076, 1852, 1719, 1630, 1074, 1467, 1986, 1931, 1722, 1649, 1632, 1300, 974, 992, 1360, 1486, 1849, 1547, 1512, 1194, 1051, 1235, 1462, 1634, 1744, 1531, 1545, 1238, 1016, 1253, 1453, 1588, 1416, 1467, 1381, 1139, 830, 1243, 1220, 1137, 872, 992, 988, 952, 736, 998, 1038, 830, 768, 742, 1105, 1041, 748, 758, 1125, 1197, 732, 763, 940, 847, 590, 759, 1092, 1084, 710, 761, 760, 635, 531, 660, 787, 782, 722, 903, 785, 469, 506, 735, 777, 684, 667, 773, 632, 494, 504, 612, 705, 613, 595, 616, 527, 438, 477, 490, 566, 536, 589, 651, 630, 551, 459, 479, 562, 527, 550, 528, 533, 501, 450, 538, 579, 527, 585, 566, 477, 473, 494, 546, 509, 503]"
0.06479623913764954,-1.1687250137329102,-0.14896272122859955,-1.6497435569763184,-0.9702132940292358,-0.00991114228963852,-1.6744283437728882,-1.0776296854019165,0.7568836212158203,24.75,-0.5567804574966431,-0.71868896484375,30.5,-0.5307451486587524,-0.7238388061523438,27.25,-0.5105749368667603,-0.5577564239501953,17.5,-0.5002752542495728,-0.6315708160400391,25.25,"[390, 518, 627, 559, 537, 553, 624, 518, 418, 542, 591, 612, 498, 634, 692, 538, 473, 549, 582, 543, 585, 565, 581, 489, 498, 545, 572, 535, 488, 481, 558, 531, 519, 571, 595, 541, 425, 429, 463, 491, 560, 567, 500, 553, 547, 512, 527, 543, 598, 568, 486, 558, 600, 596, 527, 489, 607, 505, 546, 621, 625, 532, 516, 569, 506, 545, 536, 543, 533, 452, 541, 586, 483, 495, 552, 531, 516, 518, 539, 509, 499, 494, 555, 605, 554, 508, 520, 552, 602, 631, 544, 545, 568, 581, 574, 545, 531, 607, 457, 454, 505, 581, 589, 499, 634, 644, 459, 502, 597, 518, 560, 598, 555, 564, 458, 509, 494, 466, 600, 565, 535, 508, 474, 499, 500, 533, 565, 548, 502, 513, 521, 539, 517, 558, 490, 479, 516, 461, 540, 574, 528, 536, 512, 547, 483, 502, 538, 522, 469, 503, 521, 552, 580, 576, 569, 521, 490, 541, 531, 533, 497, 535, 531, 484, 510, 531, 469, 493, 608, 638, 564, 526, 653, 595, 491, 554, 481, 480, 516, 566, 615, 503, 458, 527, 562, 533, 513, 562, 523, 483, 474, 496, 476, 442, 480, 499, 403, 441, 502, 477, 602, 567, 504, 504, 536, 645, 629, 546, 874, 1157, 1093, 708, 599, 1044, 1223, 987, 2851, 5564, 4775, 1916, 1056, 3378, 4817, 3013, 5331, 11098, 9312, 3170, 1655, 6415, 9078, 4845, 4225, 8932, 7474, 2633, 1435, 5119, 7221, 3747, 2119, 4008, 3378, 1521, 929, 2288, 3125, 1852, 6253, 11289, 9851, 4190, 2613, 5071, 7664, 4968, 20902, 41696, 37626, 15741, 9426, 18422, 28521, 18723, 28122, 58202, 54289, 23282, 16024, 27961, 37795, 24901, 18974, 39876, 38567, 17402, 14111, 21258, 23047, 15639, 8099, 16037, 15639, 7576, 6971, 9842, 9120, 6375, 2923, 5809, 5441, 2639, 2481, 4561, 4936, 3009, 1232, 3139, 2924, 1395, 1008, 2412, 3280, 2140, 893, 1619, 1431, 765, 777, 1300, 1548, 1050, 635, 917, 879, 578, 560, 558, 750, 612, 631, 1031, 974, 577, 579, 643, 722, 610, 731, 1267, 1375, 923, 753, 997, 1057, 860, 1328, 2430, 2572, 1613, 1289, 2021, 1941, 1180, 1833, 3283, 3267, 1799, 1501, 2350, 2227, 1223, 2523, 4418, 3983, 1679, 1664, 2377, 2744, 1355, 3491, 6100, 4953, 1630, 2001, 2524, 3332, 1687, 2933, 4953, 3984, 1344, 1675, 2020, 2566, 1264, 1491, 2208, 1670, 812, 1077, 1065, 1238, 743, 888, 1096, 835, 861, 926, 767, 705, 656, 964, 1042, 821, 978, 1157, 886, 675, 688, 932, 1029, 803, 856, 952, 714, 615, 702, 937, 1133, 869, 700, 964, 810, 597, 630, 1508, 2002, 1414, 834, 1374, 1158, 744, 863, 2139, 2866, 2067, 1042, 1805, 1535, 1042, 1085, 2308, 3061, 2002, 1071, 1781, 1401, 1034, 1126, 2682, 3345, 2341, 1295, 1819, 1604, 1044, 1349, 2612, 3395, 2527, 1309, 1850, 1727, 1069, 1164, 1878, 2242, 1576, 956, 1400, 1265, 873, 932, 1328, 1602, 1327, 727, 1013, 1131, 857, 727, 908, 1156, 1026, 706, 725, 845, 787, 636, 663, 878, 814, 545, 624, 670, 589, 528, 832, 902, 735, 647, 679, 694, 649, 647, 882, 917, 793, 700, 802, 733, 637, 672, 742, 870, 775, 637, 631, 743, 693, 619, 729, 812, 727, 639, 591, 664, 745, 692, 879, 1107, 823, 621, 837, 785, 672, 669, 927, 1135, 905, 685, 785, 820, 683, 629, 866, 1082, 932, 708, 745, 710, 669, 647, 701, 940, 796, 601, 657, 649, 618, 551, 781, 978, 809, 565, 586, 658, 757, 570, 737, 816, 755, 692, 631, 646, 586, 596, 786, 809, 696, 656, 611, 598, 649, 665, 747, 798, 684, 574, 620, 604, 669, 726, 567, 685, 621, 538, 583, 597, 647, 568, 663, 694, 671, 607, 703, 663, 607, 661, 685, 759, 774, 755, 771, 663, 765, 766, 720, 863, 791, 686, 682, 630, 719, 653, 776, 868, 779, 646, 748, 744, 651, 615, 847, 767, 655, 667, 706, 637, 543, 680, 723, 599, 628, 679, 491, 572, 671, 738, 631, 641, 766, 730, 454, 690, 780, 710, 859, 783, 848, 798, 644, 714, 857, 961, 927, 823, 775, 747, 694, 763, 707, 864, 838, 812, 899, 828, 703, 771, 746, 725, 818, 659, 807, 857, 633, 681, 764, 822, 707, 731, 703, 647, 610, 560, 625, 691, 792, 865, 769, 632, 681, 720, 647, 696, 779, 804, 692, 655, 663, 699, 679, 601, 753, 693, 676, 694, 769, 700, 633, 714, 687, 552, 828, 807, 670, 543, 711, 883, 526, 623, 717, 665, 482, 555, 778, 756, 663, 622, 657, 620, 580, 631, 725, 715, 591, 530, 508, 557, 616, 551, 573, 688, 622, 615, 570, 519, 613, 647, 598, 626, 813, 730, 694, 643, 597, 666, 627, 728, 924, 817, 772, 707, 630, 808, 819, 908, 765, 722, 752, 683, 566, 730, 871, 842, 629, 777, 718, 550, 450, 655, 802, 658, 680, 839, 755, 599, 602, 634, 681, 665, 718, 925, 815, 521, 548, 669, 723, 581, 742, 831, 784, 567, 514, 710, 782, 611, 788, 722, 827, 645, 611, 775, 839, 854, 848, 830, 779, 599, 561, 741, 923, 867, 864, 678, 598, 701, 708, 640, 652, 825, 660, 596, 740, 688, 568, 574, 762, 867, 990, 796, 1099, 909, 755, 850, 1500, 1618, 1117, 1247, 1418, 1129, 860, 1207, 1921, 1728, 1155, 1329, 1522, 1315, 808, 1242, 1658, 1414, 1037, 1236, 1194, 1085, 652, 1135, 1537, 1121, 951, 1184, 912, 732, 780, 1050, 1391, 1089, 1144, 999, 984, 853, 855, 900, 1355, 1599, 1295, 1045, 1109, 838, 833, 946, 1464, 1670, 1150, 915, 881, 758, 772, 882, 1431, 1496, 632, 1085, 1107, 819, 739, 854, 1096, 963, 1018, 1192, 1119, 930, 801, 1012, 1301, 1153, 1038, 1128, 1006, 798, 779, 1028, 1202, 1155, 1017, 843, 926, 754, 628, 758, 997, 1076, 963, 752, 941, 783, 603, 747, 1105, 1214, 733, 709, 843, 720, 531, 658, 965, 940, 743, 676, 729, 664, 525, 695, 894, 858, 691, 685, 619, 637, 544, 679, 848, 768, 641, 663, 711, 705, 520, 650, 928, 935, 619, 730, 725, 602, 462, 607, 900, 822, 586, 585, 505, 490, 404, 612, 698, 609, 436, 538, 576, 512, 444, 523, 532, 404, 460, 391, 409, 437, 461, 469, 434, 487, 435, 442, 488, 476, 421, 429, 491, 488, 510, 463, 496, 436, 424, 421, 457, 515]"
-0.10855026543140411,-1.2657463550567627,-0.14995384216308594,-1.8171863555908203,0.0,0.0,0.0,-1.0626838207244873,-0.8781909942626953,29.0,-1.0626838207244873,-0.7641792297363281,26.75,-0.8403823375701904,-0.6737709045410156,21.75,-0.6595656871795654,-0.6354331970214844,26.5,-0.4279658794403076,-0.4284381866455078,21.25,"[572, 758, 735, 632, 660, 632, 735, 760, 482, 593, 577, 616, 586, 545, 651, 674, 577, 579, 530, 558, 518, 515, 528, 495, 446, 535, 538, 440, 460, 503, 482, 381, 514, 574, 509, 501, 553, 620, 576, 458, 628, 560, 477, 572, 610, 547, 494, 607, 577, 533, 456, 554, 512, 444, 481, 507, 581, 476, 415, 536, 515, 504, 478, 529, 485, 433, 469, 533, 489, 486, 463, 451, 568, 490, 382, 516, 629, 579, 479, 541, 640, 589, 483, 511, 607, 624, 584, 593, 555, 532, 532, 556, 606, 590, 523, 576, 575, 487, 497, 595, 650, 620, 521, 585, 563, 531, 476, 549, 516, 543, 528, 493, 528, 555, 487, 501, 515, 569, 547, 507, 583, 511, 499, 453, 537, 523, 530, 578, 499, 549, 549, 443, 451, 494, 525, 543, 526, 551, 593, 532, 514, 494, 574, 624, 601, 638, 625, 569, 536, 611, 655, 570, 535, 567, 613, 515, 518, 566, 491, 430, 435, 484, 571, 516, 508, 517, 405, 414, 523, 513, 539, 537, 621, 619, 512, 559, 496, 522, 534, 570, 578, 627, 618, 519, 552, 502, 530, 491, 519, 541, 533, 560, 561, 600, 632, 530, 551, 605, 659, 632, 1270, 1832, 1344, 571, 700, 1134, 1267, 667, 5787, 8790, 6103, 1379, 2680, 4127, 4994, 1807, 9914, 15292, 10940, 2593, 4500, 7151, 8599, 3304, 7694, 11840, 8516, 2387, 3326, 5433, 6838, 3059, 4508, 6785, 4837, 1429, 1877, 2841, 3927, 2186, 9426, 14872, 10726, 2297, 3673, 6717, 8501, 3207, 12381, 20048, 14556, 3150, 4666, 9072, 11822, 4311, 7489, 12350, 9038, 2166, 2557, 5852, 7736, 3048, 1929, 3300, 2636, 1108, 897, 2116, 2706, 1596, 1473, 2802, 2525, 1163, 988, 1943, 2723, 1972, 1356, 2502, 2239, 941, 951, 1457, 1936, 1426, 1086, 1916, 1849, 917, 917, 1248, 1154, 875, 1062, 2139, 2201, 1126, 957, 1442, 1316, 1033, 1480, 2831, 2856, 1427, 1205, 1742, 1703, 1069, 2767, 4953, 4274, 1637, 2084, 2452, 2399, 1215, 3374, 5474, 4257, 1401, 2280, 2434, 2366, 1078, 2128, 3120, 2432, 1110, 1544, 1728, 1498, 920, 1628, 2294, 1806, 987, 1360, 1431, 1138, 885, 1588, 2143, 1636, 855, 1119, 1190, 979, 814, 983, 1209, 1022, 764, 753, 873, 771, 614, 923, 1088, 852, 572, 717, 844, 722, 547, 859, 1082, 900, 635, 721, 782, 679, 620, 687, 911, 924, 625, 602, 741, 749, 577, 834, 1067, 953, 637, 746, 852, 815, 607, 1140, 1541, 1234, 881, 1286, 1166, 928, 722, 1697, 2306, 1581, 1161, 2097, 2086, 1414, 921, 2014, 2597, 1712, 1382, 2836, 2807, 1718, 1068, 2379, 2853, 1794, 1496, 2755, 2346, 1315, 1251, 2575, 2815, 1826, 1531, 2248, 1765, 1177, 1461, 1762, 1884, 1362, 1317, 1647, 1331, 975, 1233, 1092, 1367, 1314, 1160, 1093, 1040, 851, 861, 1308, 2051, 1660, 809, 1105, 1347, 1030, 604, 1089, 1689, 1440, 810, 1041, 1241, 938, 636, 875, 1073, 1079, 774, 742, 1018, 790, 704, 977, 1001, 884, 731, 790, 793, 689, 731, 808, 816, 729, 675, 704, 658, 588, 657, 773, 755, 848, 720, 711, 656, 628, 753, 781, 866, 875, 742, 719, 689, 635, 697, 754, 859, 816, 695, 656, 738, 680, 579, 733, 877, 805, 723, 696, 760, 668, 492, 783, 848, 661, 593, 743, 811, 711, 659, 632, 639, 602, 644, 649, 722, 714, 645, 728, 693, 638, 624, 684, 746, 703, 683, 646, 610, 661, 629, 605, 669, 622, 617, 732, 742, 789, 757, 727, 832, 743, 616, 1168, 1059, 851, 744, 766, 936, 783, 848, 1429, 1270, 861, 740, 733, 904, 789, 974, 1098, 1156, 848, 620, 614, 792, 886, 906, 986, 1008, 828, 704, 727, 734, 848, 860, 944, 1059, 853, 721, 722, 703, 800, 748, 865, 928, 851, 671, 655, 668, 694, 718, 747, 729, 646, 624, 652, 649, 624, 677, 747, 684, 786, 723, 681, 753, 771, 764, 664, 655, 689, 660, 622, 790, 776, 688, 647, 708, 677, 650, 615, 660, 660, 570, 689, 668, 701, 698, 680, 642, 603, 658, 843, 773, 922, 882, 747, 822, 698, 779, 894, 847, 900, 826, 659, 734, 703, 878, 887, 846, 968, 818, 595, 686, 837, 914, 877, 855, 952, 857, 679, 730, 871, 909, 750, 751, 748, 726, 660, 698, 698, 666, 653, 666, 685, 659, 664, 735, 752, 587, 621, 701, 628, 569, 646, 729, 760, 722, 570, 729, 689, 475, 592, 708, 691, 563, 643, 763, 712, 566, 549, 681, 803, 738, 908, 1180, 1024, 672, 712, 1004, 1164, 897, 884, 1280, 1214, 733, 743, 1123, 1260, 927, 792, 1303, 1240, 733, 660, 1025, 1249, 995, 1125, 1975, 1857, 970, 764, 1362, 1760, 1331, 1088, 1717, 1576, 783, 816, 1237, 1530, 1162, 912, 1227, 1122, 695, 722, 971, 1243, 1137, 845, 867, 830, 576, 668, 823, 903, 938, 690, 866, 838, 623, 694, 791, 777, 655, 791, 751, 819, 776, 676, 845, 817, 757, 895, 842, 934, 901, 693, 961, 947, 899, 907, 721, 848, 785, 697, 889, 912, 887, 944, 823, 826, 624, 774, 986, 942, 884, 904, 790, 840, 675, 777, 974, 979, 901, 748, 697, 789, 788, 623, 831, 813, 725, 850, 780, 923, 764, 632, 708, 683, 895, 1366, 1081, 1197, 990, 880, 872, 1216, 1648, 1565, 1033, 1061, 1075, 1245, 992, 1505, 2070, 881, 979, 787, 855, 944, 788, 1120, 1109, 828, 943, 1050, 991, 597, 846, 1302, 1189, 703, 1045, 862, 702, 586, 1031, 1377, 888, 914, 1083, 1289, 1005, 806, 1008, 1339, 1274, 805, 1052, 1148, 859, 651, 824, 1296, 1245, 731, 889, 817, 645, 497, 688, 1023, 901, 870, 1002, 969, 882, 697, 910, 1004, 804, 933, 903, 1057, 1052, 699, 983, 966, 905, 848, 827, 987, 907, 645, 824, 835, 794, 709, 682, 626, 670, 616, 687, 649, 665, 688, 658, 764, 609, 541, 700, 712, 797, 820, 754, 921, 760, 586, 678, 848, 977, 721, 822, 1022, 746, 534, 701, 881, 873, 804, 834, 977, 821, 567, 637, 774, 885, 688, 695, 816, 691, 483, 647, 750, 716, 649, 612, 622, 522, 507, 633, 533, 559, 511, 478, 557, 525, 522, 567, 584, 592, 460, 545, 543, 522, 471, 512, 607, 566, 422, 612, 575, 448, 503, 516, 599, 482, 482, 510, 500, 501, 547, 507, 557, 525, 446, 483, 546, 509, 448, 500, 545, 547]"
-0.2902688980102539,-1.2657463550567627,-0.14995384216308594,-1.8171863555908203,0.0,0.0,0.0,-1.0476884841918945,-0.7947921752929688,22.25,-1.0476884841918945,-0.7470130920410156,24.75,-1.0476884841918945,0.8135318756103516,18.75,1.7392339706420898,0.36864280700683594,19.25,1.7978849411010742,0.0,19.5,"[578, 531, 525, 606, 493, 605, 528, 533, 545, 637, 622, 591, 573, 642, 710, 595, 627, 703, 607, 475, 553, 726, 640, 547, 448, 521, 597, 523, 542, 545, 500, 489, 450, 494, 592, 626, 501, 482, 588, 563, 547, 500, 540, 542, 565, 605, 582, 519, 512, 580, 607, 547, 517, 549, 516, 490, 454, 516, 563, 550, 598, 595, 513, 448, 491, 506, 504, 534, 544, 554, 509, 462, 509, 384, 523, 593, 549, 532, 512, 576, 536, 542, 520, 496, 540, 580, 575, 548, 505, 547, 534, 493, 558, 533, 583, 596, 504, 556, 516, 484, 487, 506, 625, 577, 568, 538, 529, 523, 549, 553, 588, 607, 585, 542, 622, 654, 576, 523, 525, 595, 586, 447, 597, 681, 534, 542, 597, 538, 574, 517, 522, 536, 527, 508, 494, 547, 599, 557, 559, 487, 504, 582, 550, 568, 550, 493, 536, 579, 597, 568, 532, 570, 568, 570, 574, 567, 566, 540, 539, 598, 478, 529, 582, 570, 633, 553, 500, 503, 520, 618, 641, 524, 635, 552, 549, 556, 503, 546, 592, 567, 596, 614, 578, 550, 734, 851, 780, 601, 589, 772, 691, 486, 2428, 2995, 1851, 855, 1351, 1622, 1399, 821, 3569, 4507, 2672, 1027, 1797, 2055, 1947, 981, 2875, 3976, 2632, 639, 1665, 1600, 1564, 739, 5262, 6997, 4490, 745, 2765, 3015, 2814, 1262, 8030, 10245, 6153, 1095, 3710, 5444, 5046, 1945, 6775, 8647, 5106, 1065, 3425, 5348, 4753, 1491, 5097, 6756, 4188, 1203, 2720, 3515, 3590, 1329, 3928, 5724, 3939, 1366, 2134, 2337, 3438, 2035, 2052, 3144, 2494, 979, 1009, 1366, 2136, 1395, 1260, 1307, 944, 641, 702, 698, 829, 893, 1614, 2135, 1546, 800, 931, 1083, 1135, 949, 3957, 6321, 4706, 976, 2403, 2219, 2497, 828, 6020, 10376, 7985, 1633, 3714, 3258, 4141, 1341, 4545, 7912, 6316, 1886, 2985, 2689, 3282, 1713, 2423, 3331, 2499, 1380, 1664, 1533, 1579, 1426, 1495, 1979, 1496, 802, 1063, 1193, 1318, 918, 1123, 1668, 1269, 616, 814, 961, 1073, 773, 958, 1382, 1086, 562, 928, 1021, 960, 676, 861, 1301, 1064, 531, 836, 1089, 1080, 688, 832, 1125, 945, 553, 774, 932, 959, 759, 990, 1095, 878, 575, 740, 709, 824, 817, 1294, 1796, 1416, 679, 963, 884, 1088, 939, 1875, 2921, 2415, 1094, 1455, 1541, 1658, 1232, 2274, 3547, 2978, 1360, 1817, 1897, 1750, 1330, 2044, 3140, 2736, 1354, 1636, 1697, 1384, 1098, 1584, 2084, 1907, 1048, 1215, 1318, 1018, 904, 1427, 1359, 1256, 999, 1151, 1394, 1167, 1008, 1825, 2009, 1730, 1463, 1925, 2169, 1621, 1365, 2161, 2487, 2112, 1811, 2338, 2562, 1716, 1509, 1923, 2029, 1498, 1573, 1890, 1881, 1166, 1206, 1275, 1501, 1169, 1015, 1145, 1096, 812, 828, 817, 1128, 1111, 738, 866, 1015, 832, 689, 911, 1432, 1311, 716, 939, 1123, 1001, 728, 955, 1313, 1115, 744, 974, 1071, 898, 726, 873, 1084, 895, 650, 793, 901, 773, 569, 966, 1052, 823, 676, 765, 822, 721, 655, 845, 1010, 842, 652, 807, 904, 797, 630, 640, 922, 981, 713, 714, 942, 840, 604, 676, 826, 991, 730, 663, 820, 786, 714, 702, 709, 781, 672, 644, 693, 678, 738, 693, 668, 632, 606, 592, 578, 500, 582, 680, 621, 637, 627, 661, 698, 598, 645, 601, 671, 692, 651, 666, 699, 596, 581, 645, 753, 785, 694, 737, 735, 654, 685, 693, 820, 860, 621, 768, 857, 776, 736, 802, 1002, 843, 604, 750, 978, 927, 696, 828, 959, 763, 631, 679, 821, 822, 723, 941, 1022, 709, 610, 719, 764, 783, 755, 744, 840, 767, 658, 683, 657, 732, 715, 720, 811, 684, 674, 667, 639, 708, 649, 829, 837, 690, 661, 814, 804, 754, 692, 883, 833, 713, 689, 779, 771, 753, 764, 865, 865, 755, 689, 795, 802, 687, 672, 857, 802, 754, 642, 716, 768, 717, 743, 793, 758, 743, 644, 662, 729, 680, 708, 672, 692, 631, 587, 667, 717, 679, 596, 771, 741, 621, 647, 615, 591, 676, 643, 736, 740, 699, 660, 626, 648, 663, 652, 848, 924, 807, 659, 693, 785, 752, 651, 994, 944, 840, 747, 707, 663, 744, 875, 984, 1094, 979, 771, 659, 741, 1009, 969, 1026, 1155, 924, 723, 714, 772, 988, 940, 998, 1068, 993, 830, 622, 738, 913, 863, 980, 1193, 1105, 788, 613, 905, 1103, 932, 902, 1008, 866, 611, 615, 758, 926, 848, 944, 1009, 816, 672, 722, 696, 779, 878, 1038, 1249, 1100, 730, 896, 1121, 1087, 874, 1306, 1541, 1138, 683, 925, 1240, 1203, 850, 1255, 1532, 1083, 614, 817, 1153, 1249, 795, 948, 1093, 938, 667, 727, 906, 859, 683, 809, 913, 723, 675, 684, 723, 719, 698, 832, 947, 751, 617, 672, 814, 794, 580, 852, 1035, 834, 613, 642, 871, 838, 537, 703, 945, 896, 728, 669, 804, 849, 627, 662, 772, 742, 634, 652, 691, 694, 633, 734, 733, 766, 716, 682, 810, 784, 677, 710, 700, 662, 627, 611, 831, 785, 638, 667, 775, 679, 532, 576, 757, 733, 584, 828, 841, 715, 676, 644, 737, 758, 764, 951, 1101, 941, 733, 658, 725, 733, 737, 1088, 1169, 1000, 714, 608, 727, 779, 945, 1868, 1302, 2122, 1664, 836, 1381, 2396, 2915, 3187, 2094, 4243, 3326, 1236, 2473, 4940, 5764, 3181, 2196, 4200, 3147, 1341, 2363, 5119, 5879, 2103, 2082, 2870, 1651, 1174, 2054, 4365, 4414, 1422, 2335, 2292, 1230, 1090, 2364, 4216, 3694, 1551, 1951, 2216, 1305, 1048, 1636, 3036, 2975, 1645, 1524, 1630, 1196, 1067, 1085, 1884, 2326, 1983, 1320, 1184, 1223, 1197, 1163, 1576, 2068, 2087, 1655, 1152, 1154, 1185, 1318, 1355, 1839, 1565, 1982, 1556, 880, 984, 1292, 1173, 1019, 1175, 2719, 3109, 1932, 983, 1731, 2466, 1918, 1264, 2817, 3199, 1922, 1005, 2024, 3154, 2597, 1373, 2022, 1675, 1028, 981, 1500, 1868, 1217, 1063, 1200, 994, 753, 796, 900, 942, 798, 728, 716, 639, 593, 670, 682, 733, 760, 698, 780, 769, 581, 631, 659, 843, 889, 659, 699, 706, 531, 588, 675, 616, 699, 579, 635, 536, 456, 568, 674, 600, 512, 540, 604, 692, 583, 544, 727, 718, 573, 538, 498, 620, 523, 468, 542, 541, 634, 560, 495, 565, 529, 472, 566, 510, 594, 508, 504, 633, 581, 422, 466, 498, 569, 498, 523, 619, 553, 440, 584, 588, 446]"
-0.8354248404502869,-1.2657463550567627,-0.14995384216308594,-1.8171863555908203,0.0,0.0,0.0,-1.0027024745941162,0.5534648895263672,29.25,-1.0027024745941162,0.5779266357421875,17.75,-1.0027024745941162,0.5846500396728516,28.25,-1.0027024745941162,0.6304264068603516,23.75,-1.0027024745941162,0.6381511688232422,28.5,"[560, 588, 551, 571, 578, 566, 550, 590, 554, 603, 570, 530, 558, 662, 628, 517, 491, 562, 505, 482, 591, 679, 582, 468, 616, 616, 520, 536, 601, 593, 606, 548, 585, 454, 503, 562, 534, 537, 506, 554, 454, 444, 594, 579, 493, 518, 537, 528, 480, 530, 509, 446, 516, 574, 534, 485, 591, 617, 567, 525, 562, 552, 501, 511, 517, 507, 469, 494, 537, 590, 530, 461, 574, 440, 431, 578, 635, 609, 494, 485, 510, 495, 490, 562, 544, 498, 536, 505, 524, 594, 507, 482, 511, 532, 555, 503, 590, 541, 521, 531, 462, 429, 470, 539, 590, 622, 557, 613, 520, 445, 531, 567, 540, 623, 609, 588, 591, 547, 625, 656, 532, 565, 517, 467, 546, 602, 627, 554, 538, 520, 507, 501, 572, 619, 570, 522, 758, 757, 699, 599, 653, 665, 575, 578, 2845, 4218, 3001, 1082, 1719, 1989, 2364, 1290, 9787, 14617, 9877, 2090, 4989, 6958, 8314, 3353, 13381, 20578, 14206, 2705, 5978, 10443, 12653, 4626, 10410, 16148, 11190, 2813, 4769, 8837, 10783, 4247, 10710, 15431, 9834, 3486, 6121, 10904, 11731, 5420, 10582, 16181, 11019, 3488, 6678, 12978, 13835, 6079, 5657, 9262, 6804, 2113, 4233, 8214, 8693, 3817, 3522, 5434, 4013, 1281, 2296, 4111, 4259, 1852, 2504, 3874, 2885, 1063, 1420, 2722, 2885, 1189, 2916, 4126, 2687, 788, 1253, 2343, 2673, 1021, 4433, 6136, 4016, 1121, 1841, 3049, 3559, 1674, 3648, 5263, 3727, 1290, 1480, 2552, 3271, 1928, 2329, 3492, 2696, 1095, 1274, 1876, 2261, 1424, 1743, 2438, 1664, 826, 1285, 1311, 1239, 934, 1654, 1897, 1132, 704, 984, 906, 817, 782, 1285, 1361, 796, 600, 750, 702, 595, 692, 1026, 1131, 837, 599, 736, 775, 652, 642, 848, 1093, 923, 584, 844, 929, 803, 619, 1422, 1947, 1480, 779, 871, 1155, 1307, 855, 1486, 1956, 1435, 826, 852, 972, 1316, 954, 929, 1242, 1043, 635, 740, 715, 894, 751, 836, 1100, 1023, 736, 729, 834, 848, 667, 904, 1208, 1154, 755, 755, 1063, 1049, 726, 1147, 1572, 1371, 830, 783, 1425, 1573, 994, 1217, 1544, 1178, 686, 820, 1546, 1680, 1082, 1014, 1122, 909, 679, 647, 1067, 1182, 878, 714, 818, 746, 621, 525, 769, 788, 648, 722, 815, 697, 658, 791, 814, 793, 654, 819, 958, 859, 646, 801, 891, 822, 709, 833, 905, 738, 632, 810, 783, 712, 720, 1220, 1289, 877, 774, 993, 914, 736, 871, 1567, 1916, 1413, 956, 1400, 1251, 888, 901, 2834, 3593, 2260, 1207, 2330, 1885, 1119, 1065, 3761, 4899, 2919, 1380, 2898, 2243, 1645, 1403, 2536, 3144, 1888, 1352, 2050, 1757, 1391, 1249, 1284, 1322, 1064, 955, 1203, 1099, 1010, 971, 894, 864, 721, 730, 758, 677, 781, 790, 895, 1034, 783, 673, 970, 1002, 784, 695, 1173, 1326, 993, 748, 1069, 993, 762, 753, 1188, 1249, 953, 822, 1025, 856, 816, 875, 865, 1021, 942, 666, 829, 817, 820, 784, 923, 1094, 1061, 780, 806, 954, 929, 831, 895, 1091, 975, 766, 814, 946, 843, 746, 885, 1003, 943, 733, 804, 872, 809, 781, 928, 956, 876, 724, 686, 854, 764, 723, 910, 970, 828, 664, 722, 869, 815, 703, 907, 903, 751, 669, 657, 830, 791, 725, 791, 893, 856, 762, 603, 656, 689, 714, 767, 837, 829, 703, 726, 767, 705, 732, 825, 1009, 789, 609, 715, 859, 780, 595, 760, 817, 642, 610, 683, 710, 648, 584, 724, 746, 685, 566, 595, 671, 663, 669, 666, 806, 752, 591, 611, 705, 685, 557, 802, 808, 661, 602, 773, 717, 588, 606, 592, 684, 659, 593, 547, 626, 632, 572, 563, 609, 637, 657, 632, 645, 668, 617, 585, 710, 677, 616, 650, 761, 758, 543, 904, 1080, 914, 722, 733, 826, 936, 797, 870, 1003, 873, 609, 666, 720, 757, 752, 865, 878, 668, 629, 775, 778, 640, 640, 815, 703, 592, 738, 827, 809, 692, 716, 834, 718, 591, 664, 675, 696, 627, 726, 764, 800, 746, 696, 607, 714, 647, 643, 721, 844, 817, 621, 766, 940, 807, 651, 927, 877, 710, 563, 909, 1031, 726, 767, 798, 872, 747, 594, 701, 843, 639, 605, 761, 894, 724, 519, 641, 917, 788, 565, 757, 766, 701, 639, 644, 744, 702, 753, 692, 691, 738, 628, 722, 806, 685, 595, 583, 700, 690, 642, 791, 777, 617, 567, 606, 646, 615, 632, 737, 729, 638, 560, 627, 542, 524, 789, 765, 646, 613, 661, 724, 712, 635, 602, 693, 714, 641, 651, 781, 809, 742, 567, 691, 761, 622, 676, 852, 813, 679, 559, 704, 791, 657, 662, 957, 939, 804, 649, 656, 852, 834, 756, 1039, 969, 712, 636, 821, 936, 827, 835, 898, 849, 666, 806, 790, 779, 813, 798, 699, 719, 629, 671, 738, 715, 648, 580, 879, 835, 706, 762, 809, 678, 648, 738, 904, 828, 712, 679, 772, 720, 702, 856, 1014, 895, 749, 775, 781, 960, 789, 814, 1079, 928, 648, 666, 836, 1213, 932, 661, 1123, 1053, 672, 646, 841, 1155, 870, 665, 906, 948, 815, 662, 762, 943, 709, 624, 1135, 987, 835, 743, 865, 1039, 771, 887, 986, 879, 789, 707, 850, 1067, 821, 755, 763, 660, 679, 685, 734, 924, 799, 701, 836, 839, 899, 730, 710, 989, 1023, 941, 1210, 1445, 1702, 1259, 836, 1508, 1824, 1704, 1241, 1689, 1800, 1375, 872, 1706, 2268, 1904, 1163, 1519, 1518, 1269, 980, 1447, 2086, 1867, 1579, 1243, 1405, 1354, 1316, 1193, 1548, 1867, 1296, 1289, 1341, 1108, 1255, 1713, 1600, 1386, 1207, 1500, 1444, 1047, 1112, 1794, 1880, 1620, 1138, 1206, 1268, 1005, 1030, 1410, 1560, 1492, 1249, 1245, 1279, 1075, 847, 1220, 1436, 1287, 1384, 1221, 1214, 1055, 660, 1004, 1106, 1298, 1550, 1278, 1091, 1104, 810, 910, 1165, 1341, 1706, 1501, 1506, 1483, 1120, 1468, 1632, 1714, 1691, 1274, 1399, 1277, 998, 1571, 1484, 1685, 1096, 1000, 877, 768, 638, 984, 993, 947, 727, 906, 1023, 763, 686, 876, 788, 697, 767, 970, 1044, 810, 603, 848, 961, 789, 688, 792, 745, 628, 482, 714, 834, 636, 544, 636, 597, 550, 481, 630, 682, 528, 495, 497, 609, 563, 561, 609, 565, 551, 581, 556, 642, 495, 543, 573, 548, 658, 605, 535, 609, 584, 472, 591, 631, 633, 633, 481, 605, 639, 481, 582, 608, 571]"
-0.8286290764808655,-0.3472214341163635,-0.41606929898262024,-1.497782826423645,0.9187906980514526,-0.176197350025177,0.2808716893196106,-0.8115185499191284,0.5177021026611328,19.75,-0.8115185499191284,0.5700588226318359,28.5,-0.8115185499191284,0.6106853485107422,15.25,-0.6236923933029175,0.40497779846191406,25.0,-0.2464665174484253,-0.5590438842773438,16.25,"[385, 600, 700, 571, 600, 576, 695, 602, 536, 663, 620, 623, 579, 540, 566, 504, 513, 561, 579, 654, 581, 517, 588, 492, 489, 487, 471, 594, 601, 505, 466, 502, 462, 437, 506, 571, 528, 432, 475, 519, 508, 449, 493, 627, 608, 541, 518, 501, 463, 537, 558, 519, 534, 571, 526, 485, 523, 603, 521, 545, 589, 550, 496, 531, 436, 608, 569, 513, 521, 460, 506, 491, 433, 488, 435, 511, 538, 468, 518, 516, 464, 437, 477, 524, 434, 479, 563, 580, 488, 581, 651, 609, 484, 554, 619, 556, 559, 549, 530, 520, 530, 532, 575, 536, 611, 587, 555, 590, 620, 597, 566, 600, 604, 653, 540, 473, 568, 519, 491, 527, 648, 694, 596, 442, 512, 555, 486, 545, 537, 625, 592, 481, 456, 541, 568, 528, 1869, 3077, 2283, 695, 879, 2020, 2397, 1043, 7274, 10763, 7289, 1734, 3236, 8036, 8516, 2986, 10724, 14797, 9618, 2505, 4929, 11373, 11499, 4269, 7664, 10286, 6515, 1776, 3777, 7801, 7761, 2918, 3981, 5534, 3559, 1240, 2741, 3930, 3679, 1550, 2586, 3362, 2276, 1308, 1783, 1821, 1851, 1307, 2438, 2459, 2123, 2209, 2068, 1770, 2518, 2446, 3510, 3837, 3139, 3151, 3746, 4258, 4531, 3710, 2753, 3578, 2774, 2257, 2937, 3311, 3691, 2749, 1482, 2214, 1945, 1064, 1201, 1406, 1827, 1273, 1286, 1836, 1526, 900, 1058, 1143, 1010, 808, 1690, 2164, 1419, 784, 1071, 970, 870, 729, 1440, 1630, 1000, 668, 904, 859, 750, 719, 1083, 1232, 952, 676, 873, 859, 809, 706, 1037, 1113, 762, 766, 897, 764, 803, 726, 741, 809, 680, 640, 802, 711, 610, 659, 728, 803, 843, 691, 725, 764, 646, 646, 857, 972, 809, 597, 767, 859, 778, 623, 799, 807, 678, 548, 659, 714, 543, 655, 670, 629, 604, 556, 577, 682, 622, 657, 716, 724, 682, 636, 635, 704, 688, 635, 604, 779, 761, 642, 640, 730, 725, 567, 592, 727, 615, 603, 643, 643, 749, 630, 645, 650, 626, 579, 630, 585, 603, 613, 814, 800, 715, 596, 629, 637, 569, 610, 786, 878, 865, 746, 693, 726, 775, 718, 657, 778, 778, 699, 595, 662, 643, 581, 714, 748, 758, 618, 675, 747, 680, 654, 702, 884, 947, 714, 795, 893, 768, 714, 837, 1069, 972, 747, 885, 875, 704, 673, 849, 1021, 928, 689, 822, 898, 668, 574, 891, 996, 1001, 996, 930, 855, 738, 783, 1093, 1074, 1248, 1541, 1615, 1382, 1046, 972, 2014, 1710, 1300, 2152, 2521, 1975, 1371, 1309, 2705, 2430, 1600, 2395, 2742, 1967, 1244, 1734, 1961, 1631, 1617, 1962, 1688, 1113, 1082, 1605, 919, 925, 1081, 1092, 867, 805, 904, 964, 781, 847, 974, 903, 817, 838, 732, 751, 721, 895, 895, 835, 906, 916, 787, 678, 772, 900, 856, 791, 857, 939, 756, 609, 831, 954, 810, 849, 911, 836, 693, 647, 794, 799, 754, 739, 780, 726, 672, 712, 906, 848, 642, 662, 754, 740, 730, 803, 682, 825, 675, 680, 665, 589, 655, 632, 649, 819, 834, 761, 677, 637, 697, 601, 651, 716, 654, 657, 697, 664, 677, 661, 681, 708, 636, 520, 692, 672, 614, 643, 606, 693, 494, 417, 529, 600, 589, 536, 635, 700, 540, 546, 632, 662, 662, 603, 700, 638, 602, 573, 620, 587, 549, 609, 672, 800, 744, 601, 779, 694, 585, 592, 546, 685, 661, 564, 625, 537, 595, 647, 697, 623, 574, 630, 645, 590, 587, 688, 646, 640, 607, 716, 713, 532, 550, 636, 608, 618, 657, 640, 680, 601, 512, 562, 572, 511, 469, 610, 678, 636, 576, 607, 648, 622, 591, 643, 568, 552, 567, 562, 608, 608, 614, 572, 582, 668, 651, 599, 528, 515, 617, 635, 681, 754, 620, 587, 561, 605, 614, 677, 700, 707, 608, 517, 640, 713, 789, 752, 632, 637, 631, 570, 570, 670, 761, 653, 570, 642, 658, 610, 611, 676, 676, 599, 579, 640, 674, 601, 688, 691, 573, 593, 658, 695, 694, 641, 811, 713, 597, 637, 724, 692, 705, 863, 794, 719, 653, 661, 617, 728, 744, 792, 704, 627, 691, 640, 579, 578, 648, 706, 596, 609, 721, 567, 566, 577, 576, 622, 680, 763, 841, 710, 660, 628, 609, 665, 712, 738, 728, 648, 701, 645, 602, 668, 549, 564, 655, 566, 591, 627, 607, 600, 615, 616, 648, 578, 582, 589, 590, 629, 711, 675, 664, 626, 588, 620, 620, 605, 675, 728, 691, 623, 561, 571, 593, 539, 683, 702, 662, 601, 572, 618, 535, 491, 606, 634, 617, 566, 460, 596, 562, 474, 595, 626, 637, 578, 509, 581, 596, 574, 677, 700, 573, 557, 564, 634, 682, 654, 782, 646, 591, 585, 665, 698, 704, 777, 692, 634, 651, 618, 629, 641, 665, 745, 653, 705, 735, 655, 688, 802, 812, 729, 731, 711, 757, 688, 700, 767, 758, 743, 741, 652, 662, 623, 525, 556, 611, 765, 649, 601, 678, 637, 588, 614, 748, 789, 759, 633, 771, 717, 677, 747, 805, 757, 982, 692, 694, 805, 805, 722, 649, 822, 814, 678, 670, 698, 721, 733, 578, 738, 731, 635, 734, 659, 667, 713, 629, 757, 764, 643, 779, 774, 728, 711, 642, 772, 753, 596, 674, 732, 802, 724, 640, 869, 726, 686, 633, 719, 909, 814, 656, 734, 1179, 964, 834, 1091, 1132, 1160, 1014, 927, 2173, 1567, 1116, 1688, 1595, 2052, 1604, 1608, 2296, 1543, 1504, 1866, 1663, 2112, 1831, 2493, 2379, 1037, 1620, 1667, 1354, 1350, 1956, 2698, 1880, 1002, 1291, 1175, 962, 912, 1442, 2054, 1677, 1422, 1555, 1308, 985, 1168, 1534, 1753, 1740, 1576, 1642, 1370, 1111, 1260, 1612, 1721, 1419, 1625, 1281, 1042, 960, 1245, 1410, 1339, 1407, 1549, 1067, 980, 986, 1377, 1255, 1088, 1317, 1442, 1135, 974, 916, 1494, 1366, 992, 1012, 1589, 1211, 723, 861, 1257, 1425, 879, 977, 1444, 1356, 833, 793, 952, 1538, 1392, 823, 1205, 1245, 858, 722, 856, 1217, 1189, 669, 1000, 965, 669, 711, 857, 945, 768, 666, 808, 782, 666, 668, 792, 854, 680, 621, 812, 915, 690, 616, 703, 751, 625, 601, 585, 818, 674, 592, 635, 730, 726, 611, 569, 580, 514, 507, 552, 650, 653, 468, 567, 563, 457, 482, 558, 552, 521, 592, 593, 678, 591, 528, 538, 669, 711]"
1.1115652322769165,-0.7679747343063354,-0.32473865151405334,-0.15708504617214203,-0.7316644191741943,0.037962406873703,-0.5252941846847534,-0.8940044641494751,1.4677047729492188,21.75,-0.31822359561920166,1.2030601501464844,27.5,-0.03898775577545166,1.1688709259033203,25.5,0.02624356746673584,0.9633064270019531,15.75,0.1698669195175171,0.9385585784912109,20.5,"[603, 678, 697, 600, 560, 601, 698, 675, 485, 680, 615, 607, 626, 616, 715, 583, 593, 592, 548, 628, 626, 599, 588, 582, 589, 514, 574, 574, 587, 581, 478, 528, 498, 502, 528, 515, 484, 493, 413, 440, 492, 513, 554, 551, 523, 507, 475, 476, 540, 545, 559, 548, 568, 590, 583, 534, 477, 518, 589, 611, 550, 558, 573, 518, 508, 519, 560, 595, 550, 526, 530, 545, 560, 484, 579, 633, 536, 525, 636, 626, 503, 518, 544, 531, 535, 578, 560, 511, 516, 603, 547, 540, 596, 654, 626, 504, 409, 427, 445, 423, 429, 463, 500, 477, 519, 518, 525, 511, 505, 524, 518, 566, 552, 557, 619, 596, 569, 535, 517, 597, 553, 484, 527, 590, 624, 590, 555, 571, 569, 504, 465, 517, 568, 610, 532, 536, 551, 503, 474, 579, 610, 586, 510, 531, 553, 551, 564, 625, 572, 569, 584, 647, 514, 556, 572, 611, 559, 509, 626, 630, 540, 477, 581, 568, 474, 538, 631, 580, 636, 514, 529, 583, 541, 542, 517, 568, 626, 576, 510, 457, 556, 576, 569, 608, 565, 624, 484, 560, 673, 581, 575, 601, 583, 542, 518, 593, 622, 576, 576, 574, 552, 572, 606, 612, 618, 626, 602, 568, 589, 560, 579, 651, 644, 534, 511, 630, 524, 584, 542, 529, 596, 586, 562, 525, 507, 526, 493, 475, 529, 520, 509, 525, 550, 540, 542, 587, 553, 521, 572, 581, 510, 518, 579, 579, 555, 574, 563, 514, 598, 600, 662, 627, 558, 580, 625, 597, 521, 512, 515, 451, 428, 494, 577, 589, 512, 513, 587, 532, 524, 562, 589, 604, 595, 460, 512, 595, 490, 582, 592, 614, 673, 499, 503, 592, 499, 507, 538, 599, 532, 532, 603, 542, 496, 546, 564, 572, 515, 594, 653, 594, 533, 527, 544, 581, 513, 512, 597, 582, 608, 644, 595, 642, 525, 511, 538, 548, 605, 631, 603, 560, 598, 515, 563, 658, 669, 477, 759, 833, 802, 521, 746, 922, 890, 563, 895, 1088, 815, 552, 764, 907, 818, 631, 957, 981, 776, 647, 719, 839, 855, 753, 1004, 950, 832, 767, 744, 762, 790, 732, 896, 971, 760, 945, 867, 895, 674, 920, 1315, 1168, 2651, 2488, 3950, 4338, 2191, 3378, 7857, 7472, 7022, 4660, 8483, 9779, 5945, 6084, 17013, 17339, 7084, 2998, 6706, 8916, 6185, 4129, 13861, 15076, 3294, 3001, 3915, 3499, 2845, 2791, 4765, 5103, 6006, 6862, 10306, 6459, 3756, 7162, 16345, 16067, 7587, 6256, 10675, 8160, 5497, 6593, 17696, 18398, 4593, 3409, 5912, 5192, 3675, 3449, 9606, 10264, 2332, 1632, 2627, 2682, 1982, 1778, 4083, 4389, 1254, 1268, 1736, 1541, 1151, 1256, 2590, 2689, 807, 1255, 1392, 1070, 763, 1068, 1801, 1589, 1312, 1846, 2686, 2021, 946, 1296, 2563, 2705, 1808, 3252, 4721, 3229, 1111, 2088, 4515, 4615, 1361, 2862, 4036, 2657, 932, 1926, 3872, 3760, 786, 1273, 1587, 1168, 698, 1088, 1649, 1518, 711, 742, 899, 745, 530, 730, 976, 995, 738, 762, 924, 663, 532, 710, 873, 890, 653, 748, 752, 625, 615, 716, 784, 728, 625, 653, 659, 636, 586, 680, 768, 700, 649, 703, 612, 677, 681, 669, 683, 683, 667, 579, 531, 617, 671, 656, 630, 645, 693, 530, 645, 688, 655, 555, 591, 749, 770, 663, 793, 742, 598, 629, 790, 907, 682, 770, 817, 701, 749, 669, 707, 665, 720, 787, 727, 728, 709, 662, 654, 607, 1006, 1007, 1129, 1144, 860, 883, 964, 820, 1752, 2524, 2962, 2492, 1391, 1528, 1885, 1625, 2524, 4719, 5904, 4219, 1750, 2216, 3231, 2977, 2325, 5179, 6034, 3714, 1510, 2288, 3407, 2902, 1986, 3592, 3644, 2145, 1437, 2159, 2201, 1765, 2222, 2363, 2165, 1632, 1450, 1915, 1636, 1302, 2078, 2561, 2109, 1302, 1539, 1768, 1706, 1325, 1433, 1842, 1687, 1297, 1448, 1233, 1182, 1178, 1294, 1342, 1254, 1198, 1301, 1110, 962, 1207, 1108, 1580, 1346, 878, 1143, 1105, 1214, 1043, 949, 1580, 1544, 1024, 946, 1087, 1294, 1077, 1068, 1214, 1316, 1031, 808, 907, 1103, 1017, 937, 1097, 1342, 1129, 847, 877, 982, 984, 818, 1012, 1332, 1237, 892, 808, 1012, 1061, 834, 1136, 1279, 1088, 948, 912, 1045, 1083, 794, 1094, 1200, 837, 741, 924, 1053, 1078, 800, 887, 1039, 808, 805, 754, 785, 1005, 808, 649, 883, 810, 675, 700, 772, 919, 723, 630, 695, 675, 573, 627, 617, 713, 626, 719, 725, 650, 672, 672, 749, 627, 693, 739, 703, 620, 676, 566, 648, 713, 686, 663, 611, 635, 692, 506, 555, 628, 657, 625, 589, 642, 636, 541, 499, 641, 598, 587, 682, 678, 560, 496, 676, 775, 606, 592, 737, 659, 584, 584, 724, 704, 535, 547, 581, 564, 586, 585, 747, 668, 538, 472, 536, 591, 576, 555, 478, 521, 567, 567, 641, 671, 643, 596, 513, 627, 704, 625, 649, 679, 701, 574, 535, 650, 647, 631, 639, 718, 657, 559, 562, 597, 697, 590, 510, 516, 614, 543, 542, 669, 618, 569, 506, 508, 685, 710, 702, 695, 742, 710, 630, 759, 809, 712, 775, 860, 928, 698, 762, 983, 945, 671, 1105, 1296, 920, 597, 738, 974, 978, 643, 1061, 1291, 787, 613, 604, 830, 1005, 781, 811, 879, 702, 526, 568, 688, 701, 652, 702, 741, 605, 528, 606, 691, 624, 563, 713, 718, 811, 653, 751, 758, 690, 626, 907, 1061, 715, 611, 789, 843, 744, 717, 861, 967, 712, 597, 730, 837, 757, 743, 933, 880, 747, 782, 823, 833, 697, 722, 906, 811, 797, 701, 848, 861, 661, 689, 749, 733, 781, 696, 842, 879, 705, 649, 697, 787, 797, 671, 799, 749, 687, 625, 873, 910, 646, 737, 713, 666, 700, 636, 929, 929, 625, 702, 646, 545, 611, 612, 799, 842, 694, 647, 597, 576, 577, 624, 689, 781, 590, 562, 610, 668, 521, 510, 650, 649, 610, 587, 607, 716, 581, 572, 797, 764, 771, 655, 663, 855, 785, 649, 1018, 1092, 790, 683, 577, 664, 689, 696, 1018, 1023, 603, 560, 574, 503, 432, 588, 860, 841, 439, 484, 508, 477, 468, 534, 586, 538, 437, 366, 432, 496, 419, 436, 435, 441, 620, 504, 421, 488, 511, 534, 422, 489, 465, 454, 475, 499, 431, 504, 530, 450, 511, 569, 518, 444, 429, 466, 581, 514]"
0.8979660272598267,-0.6165868639945984,0.17058426141738892,-0.6805223226547241,-0.4847780466079712,0.646012544631958,-1.0992918014526367,-0.45349442958831787,1.1266708374023438,17.75,-0.43747270107269287,1.1322498321533203,15.25,-0.07412278652191162,0.8841991424560547,16.5,0.004841446876525879,0.7761955261230469,18.75,0.5445734262466431,0.32515525817871094,24.0,"[518, 606, 618, 566, 602, 561, 617, 608, 552, 604, 618, 591, 527, 641, 645, 593, 552, 579, 608, 534, 484, 535, 574, 561, 579, 530, 544, 534, 574, 585, 529, 597, 531, 505, 439, 489, 514, 440, 448, 521, 624, 522, 441, 528, 461, 380, 486, 598, 488, 473, 495, 452, 442, 421, 428, 481, 414, 451, 594, 541, 526, 529, 510, 506, 474, 535, 579, 518, 518, 541, 505, 508, 564, 571, 524, 587, 595, 627, 518, 474, 557, 476, 524, 645, 577, 532, 523, 564, 586, 482, 531, 584, 652, 555, 557, 618, 505, 524, 529, 590, 582, 485, 518, 563, 574, 584, 552, 590, 546, 531, 530, 497, 636, 566, 571, 660, 538, 527, 555, 592, 535, 574, 602, 582, 548, 565, 543, 490, 462, 581, 628, 511, 547, 607, 492, 455, 551, 570, 524, 469, 511, 583, 523, 538, 511, 574, 553, 523, 585, 562, 522, 503, 558, 577, 632, 620, 666, 604, 539, 573, 570, 514, 569, 652, 698, 598, 499, 571, 453, 425, 506, 612, 630, 567, 490, 499, 457, 484, 515, 543, 559, 637, 607, 485, 486, 549, 528, 545, 655, 610, 553, 528, 542, 567, 474, 519, 598, 588, 558, 530, 685, 590, 455, 509, 540, 554, 531, 589, 645, 598, 516, 486, 523, 610, 627, 595, 478, 553, 550, 510, 456, 504, 586, 481, 552, 502, 508, 513, 455, 478, 498, 520, 601, 606, 497, 534, 519, 500, 502, 522, 513, 475, 476, 541, 587, 539, 460, 527, 479, 459, 570, 597, 582, 510, 476, 524, 531, 511, 496, 599, 648, 502, 450, 523, 508, 536, 526, 586, 660, 594, 538, 519, 548, 533, 564, 608, 569, 497, 501, 525, 602, 564, 560, 593, 605, 544, 531, 581, 528, 577, 628, 625, 547, 613, 626, 524, 500, 509, 563, 571, 583, 465, 519, 517, 991, 629, 763, 1147, 1097, 663, 1373, 1559, 1275, 761, 1245, 1856, 1491, 904, 2262, 2477, 1193, 749, 1132, 1593, 1265, 963, 1981, 2124, 1054, 823, 1147, 1556, 1199, 1138, 2049, 1906, 983, 887, 1060, 1414, 1170, 1107, 1801, 1696, 1392, 1269, 1815, 2102, 1352, 1655, 3135, 3004, 2364, 2174, 3497, 3736, 2077, 2804, 6533, 6280, 2029, 2245, 3542, 3537, 1907, 2696, 6059, 5754, 1347, 1640, 2024, 1785, 1250, 1807, 2604, 2270, 4597, 4098, 6186, 4504, 3279, 4141, 9131, 9635, 7160, 5860, 9248, 6253, 4693, 5812, 13981, 15047, 4847, 3205, 5510, 3959, 3127, 3268, 8332, 9442, 1879, 1141, 1906, 1721, 1341, 1029, 2286, 2815, 1644, 2789, 2932, 1697, 1188, 1719, 2825, 2360, 2137, 3823, 3891, 2022, 1342, 1998, 3370, 2730, 1718, 2543, 2858, 1706, 1148, 1475, 2689, 2446, 1525, 1724, 2633, 2220, 1100, 1211, 2444, 2664, 2094, 3401, 5581, 4027, 1229, 2465, 5588, 5787, 2466, 7839, 10806, 6409, 1192, 5266, 11439, 10780, 1726, 7419, 9372, 5236, 1006, 4786, 9809, 8756, 1050, 3500, 3784, 2048, 790, 2297, 3912, 2997, 749, 1131, 1194, 965, 627, 885, 1253, 909, 644, 596, 698, 737, 640, 708, 753, 700, 671, 624, 748, 740, 691, 662, 677, 675, 620, 628, 734, 710, 572, 566, 590, 644, 590, 672, 678, 597, 602, 659, 695, 622, 552, 558, 658, 614, 505, 554, 688, 645, 609, 619, 826, 718, 532, 651, 698, 769, 658, 735, 994, 889, 743, 806, 779, 799, 816, 795, 844, 851, 790, 753, 677, 709, 1107, 1229, 1202, 1062, 822, 835, 950, 851, 1577, 2125, 2955, 2503, 1043, 1916, 1879, 1555, 2064, 4568, 5990, 4241, 1486, 3060, 2693, 2247, 2974, 6137, 6751, 3866, 1724, 2947, 2702, 2156, 2898, 4964, 4648, 2296, 1855, 2617, 2401, 1689, 2460, 3514, 3015, 1733, 1806, 2059, 1905, 1359, 2219, 2963, 2384, 1500, 1602, 1842, 1814, 1176, 1544, 2201, 1903, 1273, 1212, 1453, 1538, 1171, 1300, 1929, 1669, 1084, 1203, 1295, 1269, 963, 1040, 1563, 1590, 1174, 892, 1013, 1137, 1014, 1037, 1550, 1803, 1376, 945, 1042, 1444, 1353, 1082, 1322, 1579, 1400, 970, 1025, 1412, 1378, 894, 1155, 1257, 1136, 905, 937, 1130, 1048, 966, 1076, 1049, 944, 960, 925, 857, 813, 861, 944, 948, 826, 840, 824, 686, 729, 765, 720, 897, 952, 813, 762, 688, 773, 719, 697, 769, 827, 747, 702, 765, 750, 557, 731, 725, 732, 743, 742, 826, 780, 621, 731, 738, 704, 740, 761, 788, 722, 887, 935, 824, 638, 836, 917, 801, 899, 1044, 831, 757, 753, 1003, 942, 1024, 1225, 747, 668, 637, 746, 847, 746, 793, 934, 598, 702, 645, 571, 639, 630, 724, 706, 691, 697, 622, 607, 744, 622, 678, 808, 766, 577, 535, 614, 796, 683, 690, 848, 488, 518, 543, 514, 568, 578, 648, 572, 635, 557, 632, 594, 530, 626, 735, 672, 664, 657, 697, 683, 595, 619, 660, 620, 517, 608, 690, 635, 562, 533, 579, 584, 608, 630, 659, 771, 727, 553, 652, 701, 612, 507, 639, 807, 696, 555, 659, 764, 674, 585, 653, 765, 706, 662, 647, 692, 671, 705, 663, 697, 685, 658, 714, 674, 814, 681, 692, 729, 660, 603, 720, 852, 836, 579, 763, 916, 738, 612, 796, 915, 970, 734, 936, 1082, 910, 756, 1351, 1426, 894, 670, 749, 894, 930, 633, 1237, 1447, 1146, 630, 761, 980, 1039, 693, 1170, 1571, 1301, 610, 992, 1260, 1146, 747, 1427, 1862, 878, 647, 749, 917, 690, 715, 940, 1050, 835, 737, 764, 686, 708, 583, 1045, 1132, 872, 982, 993, 681, 721, 888, 1227, 1157, 958, 878, 995, 935, 865, 901, 1044, 1075, 830, 736, 1010, 1110, 868, 728, 1338, 1402, 847, 604, 969, 1143, 901, 685, 1251, 1359, 958, 698, 903, 1079, 907, 734, 1063, 1181, 748, 855, 1131, 1089, 747, 902, 1290, 1120, 794, 1118, 1316, 965, 676, 1041, 1446, 1205, 840, 1143, 1097, 879, 698, 1038, 1402, 1094, 689, 1016, 906, 672, 649, 1055, 1371, 1022, 579, 992, 831, 823, 595, 1123, 1587, 1090, 686, 908, 867, 1077, 784, 1132, 1648, 1195, 538, 524, 839, 1034, 686, 676, 1027, 871, 586, 585, 723, 743, 598, 501, 730, 783, 606, 466, 626, 649, 500, 397, 685, 798, 540, 503, 593, 689, 600, 424, 585, 643, 445, 475, 462, 433, 446, 465, 458, 405, 526, 519, 460, 438, 479, 557, 527, 401, 435, 533, 548, 448, 334, 450, 520, 449, 483, 558, 497, 432, 410, 499, 562, 511]"
0.7768797874450684,-0.7359241247177124,0.2588239908218384,-0.9228785037994385,-0.6502935886383057,0.6063844561576843,-1.3160462379455566,-0.6403424739837646,1.0637283325195312,19.0,-0.06212973594665527,0.6588935852050781,16.75,-0.05883955955505371,0.7750511169433594,22.25,0.010826349258422852,0.7291316986083984,22.25,0.10795807838439941,0.6314277648925781,18.0,"[466, 536, 537, 521, 480, 524, 538, 537, 511, 509, 504, 496, 493, 532, 536, 532, 488, 557, 597, 593, 554, 530, 518, 547, 532, 506, 516, 524, 579, 521, 486, 499, 542, 519, 460, 475, 505, 506, 484, 467, 571, 514, 486, 542, 566, 529, 485, 573, 594, 584, 553, 554, 531, 499, 505, 569, 496, 495, 482, 538, 524, 554, 546, 461, 550, 512, 514, 598, 530, 538, 534, 540, 538, 574, 533, 520, 547, 652, 583, 464, 547, 591, 602, 544, 502, 580, 601, 514, 622, 608, 591, 615, 531, 530, 548, 583, 534, 583, 577, 479, 468, 517, 525, 524, 538, 638, 616, 526, 523, 532, 588, 541, 568, 615, 553, 566, 559, 506, 560, 594, 628, 594, 517, 569, 553, 488, 495, 569, 598, 536, 526, 576, 487, 423, 440, 520, 580, 538, 525, 565, 541, 516, 582, 547, 472, 547, 488, 577, 596, 507, 629, 580, 560, 568, 539, 544, 548, 550, 577, 602, 535, 508, 526, 604, 564, 477, 497, 585, 626, 545, 493, 556, 612, 610, 489, 533, 556, 637, 528, 448, 554, 587, 559, 502, 484, 588, 559, 512, 625, 630, 591, 547, 474, 588, 614, 469, 563, 663, 655, 590, 570, 513, 587, 555, 596, 655, 611, 645, 575, 519, 480, 529, 596, 625, 506, 474, 510, 560, 511, 514, 519, 569, 534, 502, 562, 592, 582, 550, 531, 511, 553, 542, 615, 605, 576, 553, 560, 568, 563, 522, 528, 578, 553, 501, 516, 485, 515, 464, 586, 612, 575, 565, 640, 591, 527, 549, 566, 615, 486, 469, 601, 618, 513, 521, 547, 589, 486, 529, 553, 514, 538, 541, 581, 568, 496, 563, 529, 576, 740, 681, 544, 620, 617, 585, 615, 632, 747, 690, 601, 630, 714, 594, 527, 612, 736, 680, 754, 660, 766, 739, 657, 628, 844, 937, 791, 645, 801, 879, 791, 693, 979, 1015, 976, 1171, 1638, 1582, 946, 1535, 2708, 2377, 1776, 1784, 2749, 2689, 1499, 2262, 5186, 4937, 1323, 1161, 1754, 1750, 1158, 1290, 2893, 2921, 1277, 1130, 1729, 1395, 1059, 1114, 2315, 2475, 2356, 2320, 3310, 2709, 1763, 2243, 4665, 4769, 4916, 6432, 8853, 6493, 3514, 6354, 12734, 12077, 5929, 9872, 13151, 9305, 4285, 10171, 20211, 18306, 3132, 7280, 9032, 6434, 2704, 7690, 14827, 12715, 1823, 6222, 6664, 3560, 1358, 4925, 8769, 6817, 2930, 6800, 6859, 3310, 1503, 3965, 6617, 5156, 2505, 4358, 4461, 2513, 1367, 2276, 3599, 3150, 1812, 2450, 3446, 2361, 999, 1905, 3884, 3890, 1902, 3331, 4539, 2833, 1047, 2586, 5235, 5032, 2369, 2724, 3186, 2131, 1079, 1625, 3223, 3401, 3584, 6203, 5975, 2908, 1439, 3489, 5582, 4172, 3649, 7570, 7755, 4103, 1594, 4285, 7205, 5906, 2538, 6033, 6542, 3622, 1281, 3804, 6473, 5434, 1532, 3804, 3940, 1964, 891, 2460, 3890, 3049, 719, 2071, 2182, 1132, 596, 1365, 2082, 1613, 761, 1124, 1244, 803, 664, 879, 1269, 1157, 698, 821, 748, 601, 629, 800, 898, 763, 680, 719, 702, 552, 628, 733, 745, 656, 683, 688, 744, 614, 567, 673, 679, 685, 880, 1006, 830, 615, 590, 734, 748, 591, 1829, 2391, 1594, 696, 1100, 1116, 1200, 746, 3055, 4070, 2777, 955, 1743, 1658, 1900, 1016, 2916, 3862, 2917, 1373, 1782, 1673, 1977, 1173, 2999, 3384, 2773, 2657, 2282, 1724, 2006, 1867, 4851, 4902, 4757, 4589, 3151, 3821, 4128, 3367, 5760, 5435, 4805, 4186, 3259, 4889, 4213, 3642, 3870, 3907, 2851, 2247, 2098, 3052, 2203, 2330, 1878, 2089, 1870, 1380, 1151, 1405, 1172, 1280, 1350, 1199, 1127, 957, 853, 1022, 873, 961, 1232, 1192, 878, 879, 1004, 974, 776, 919, 1129, 1008, 778, 819, 833, 861, 822, 868, 988, 1281, 1115, 788, 722, 988, 1147, 922, 977, 1732, 1764, 974, 763, 1007, 1489, 1209, 948, 1960, 1932, 1003, 793, 1107, 1522, 1084, 1015, 1731, 1598, 949, 819, 1123, 1360, 962, 982, 1331, 1268, 813, 772, 1043, 1199, 929, 957, 1532, 1409, 808, 787, 1016, 1124, 790, 1167, 2039, 1904, 1003, 996, 1239, 1107, 861, 1047, 1770, 1716, 1062, 1070, 1238, 993, 912, 756, 1029, 1117, 953, 901, 939, 963, 855, 710, 789, 803, 729, 607, 811, 906, 811, 720, 849, 820, 607, 618, 795, 877, 788, 547, 579, 690, 733, 733, 702, 607, 619, 607, 634, 754, 710, 647, 672, 772, 770, 705, 669, 774, 805, 635, 634, 838, 867, 761, 717, 912, 1095, 967, 781, 1035, 1069, 858, 668, 815, 1106, 1091, 726, 939, 1133, 744, 674, 677, 821, 798, 609, 778, 829, 550, 641, 609, 643, 648, 517, 599, 588, 703, 685, 730, 763, 736, 672, 710, 772, 970, 773, 811, 919, 929, 758, 738, 964, 853, 761, 764, 887, 971, 834, 687, 875, 692, 617, 727, 773, 776, 651, 641, 814, 630, 570, 649, 624, 553, 645, 725, 772, 635, 648, 685, 691, 599, 645, 730, 708, 570, 561, 564, 608, 612, 588, 582, 581, 623, 664, 781, 703, 614, 708, 718, 660, 714, 673, 765, 734, 603, 722, 847, 823, 687, 573, 645, 746, 685, 628, 770, 828, 683, 608, 656, 690, 688, 596, 664, 766, 807, 705, 787, 803, 735, 662, 780, 915, 966, 836, 1195, 1148, 884, 782, 1273, 1430, 1132, 813, 1683, 1995, 1219, 913, 1935, 2047, 1265, 1106, 1891, 2231, 1420, 1288, 2761, 2748, 1270, 1300, 1929, 2133, 1431, 1401, 2254, 2235, 1493, 1904, 2710, 2048, 1385, 1746, 2762, 2899, 1367, 1963, 2758, 1670, 1155, 1774, 3042, 3147, 764, 1380, 1627, 1294, 919, 1188, 2164, 1884, 925, 907, 920, 1016, 848, 976, 1450, 1239, 865, 727, 780, 954, 836, 963, 1301, 1181, 746, 860, 1139, 1064, 796, 860, 1184, 1192, 909, 1181, 1449, 1228, 845, 1018, 1615, 1594, 1108, 1536, 2017, 1448, 757, 1217, 2101, 2091, 1080, 1474, 1621, 1179, 676, 1163, 1705, 1606, 925, 1027, 1063, 809, 618, 915, 1072, 1000, 604, 687, 738, 727, 568, 766, 957, 847, 653, 782, 785, 711, 618, 704, 1033, 925, 749, 813, 835, 736, 649, 733, 1103, 976, 979, 922, 726, 754, 766, 832, 1020, 1018, 713, 693, 608, 607, 623, 669, 848, 851, 584, 610, 578, 547, 552, 575, 666, 637, 461, 448, 482, 562, 457, 432, 587, 552, 502, 594, 557, 572, 430, 454, 660, 543, 531, 660, 616, 492, 486, 515, 626, 560, 464, 497, 653, 538, 421, 484, 584, 587]"
0.6622448563575745,-1.016100525856018,0.17059823870658875,-1.0996109247207642,-1.03001070022583,0.2936791181564331,-1.448363184928894,-0.1793220043182373,0.6402969360351562,-31.25,-0.17674708366394043,0.6498813629150391,27.0,-0.09592318534851074,0.5078315734863281,30.5,-0.0854804515838623,0.4981040954589844,21.75,0.12866711616516113,0.4952430725097656,18.0,"[482, 518, 547, 498, 399, 496, 547, 515, 601, 598, 556, 541, 528, 531, 511, 551, 572, 623, 605, 562, 555, 563, 576, 555, 517, 590, 653, 596, 517, 513, 568, 554, 467, 461, 552, 519, 490, 513, 545, 563, 568, 560, 504, 551, 539, 553, 584, 594, 601, 587, 500, 541, 544, 525, 600, 592, 517, 627, 578, 521, 546, 539, 555, 462, 463, 565, 515, 537, 568, 508, 567, 510, 566, 591, 534, 539, 591, 591, 576, 530, 617, 586, 513, 528, 544, 541, 563, 515, 549, 585, 614, 542, 465, 550, 659, 620, 550, 581, 554, 522, 445, 483, 505, 547, 470, 611, 649, 587, 508, 509, 559, 499, 552, 550, 595, 589, 540, 466, 496, 534, 446, 518, 530, 587, 551, 471, 580, 576, 535, 523, 514, 565, 561, 503, 529, 581, 568, 573, 594, 578, 550, 549, 540, 488, 626, 516, 522, 567, 489, 548, 487, 456, 583, 521, 542, 595, 567, 569, 556, 596, 576, 449, 526, 589, 585, 501, 513, 573, 547, 498, 534, 501, 424, 566, 703, 679, 563, 589, 584, 511, 525, 572, 625, 650, 534, 511, 519, 520, 509, 491, 543, 545, 523, 589, 546, 441, 491, 517, 539, 476, 529, 555, 541, 530, 532, 551, 541, 494, 647, 594, 562, 547, 518, 529, 497, 582, 526, 516, 525, 505, 440, 507, 499, 529, 564, 569, 518, 468, 547, 453, 516, 595, 497, 587, 613, 602, 511, 451, 539, 569, 501, 548, 531, 552, 555, 554, 590, 550, 634, 614, 584, 545, 552, 540, 511, 540, 650, 642, 551, 494, 536, 727, 665, 542, 842, 1243, 877, 726, 686, 1609, 1922, 1137, 1085, 2035, 1612, 1148, 927, 2450, 3135, 1872, 1699, 3573, 3357, 2212, 1335, 4341, 6497, 4773, 3437, 8754, 8824, 5506, 2678, 10046, 17577, 14047, 4564, 11266, 12098, 7358, 3362, 12594, 23569, 19682, 3512, 7091, 7929, 5470, 2597, 8151, 15971, 13717, 3572, 4631, 5106, 3568, 2235, 4992, 9596, 8643, 6727, 9575, 11621, 6948, 3614, 8445, 15973, 14904, 6521, 12215, 14908, 8311, 3597, 9777, 18715, 16965, 4943, 11550, 12785, 6764, 2882, 11284, 20354, 17008, 5417, 13911, 13976, 7361, 3229, 14874, 24959, 19482, 5599, 7652, 7722, 5649, 2962, 9332, 15856, 13273, 5617, 9293, 9769, 5597, 2429, 5841, 9710, 8390, 5028, 11959, 12746, 6596, 2206, 6851, 11819, 9543, 3185, 7621, 8189, 4257, 1487, 4653, 7487, 5831, 1672, 3303, 3276, 1722, 893, 2253, 3155, 2253, 1603, 2164, 1838, 1047, 904, 1641, 1980, 1466, 1772, 3384, 3228, 1663, 1114, 2186, 2989, 2152, 2186, 4666, 5275, 2968, 1214, 2625, 4721, 4160, 2535, 5321, 5969, 3283, 1234, 3220, 5756, 5098, 1952, 3547, 3373, 1625, 1136, 2507, 3807, 3015, 1061, 1207, 1118, 817, 797, 1235, 1330, 880, 730, 1122, 1323, 952, 707, 904, 1098, 1090, 1173, 1747, 1502, 826, 1036, 1088, 1170, 782, 2575, 3820, 2698, 883, 1762, 1493, 1682, 746, 2935, 4377, 2907, 841, 1909, 1611, 1995, 731, 1940, 2568, 1677, 785, 1330, 1117, 1230, 811, 1591, 1970, 1320, 692, 1055, 897, 896, 821, 2497, 3091, 2199, 1075, 1484, 1521, 1371, 1121, 2651, 3426, 2989, 1670, 1561, 1999, 1788, 1532, 2900, 3764, 5133, 3966, 1607, 3450, 3379, 2955, 3841, 3844, 5869, 4857, 1998, 4052, 4061, 3747, 3198, 2895, 3510, 2765, 1758, 2614, 2501, 2753, 1968, 3034, 2895, 1552, 1450, 1548, 1725, 1476, 1519, 2256, 2100, 1259, 1300, 1206, 1450, 1256, 1025, 1425, 1305, 900, 929, 923, 887, 881, 923, 1121, 935, 779, 888, 944, 790, 637, 900, 907, 751, 722, 796, 839, 743, 771, 821, 952, 858, 713, 766, 869, 821, 752, 895, 1016, 1011, 748, 696, 875, 932, 871, 859, 1030, 933, 623, 634, 798, 914, 889, 893, 1231, 1012, 682, 828, 1079, 1112, 791, 1036, 1648, 1458, 882, 1014, 1200, 1232, 930, 939, 2027, 2044, 926, 1031, 1288, 1307, 1031, 1254, 2251, 2102, 949, 1172, 1454, 1346, 941, 1158, 1813, 1660, 918, 1158, 1269, 1134, 902, 973, 1506, 1486, 942, 908, 1010, 990, 870, 786, 1201, 1119, 699, 794, 807, 833, 765, 853, 945, 831, 640, 688, 739, 823, 779, 784, 780, 765, 643, 674, 688, 841, 820, 697, 756, 675, 701, 719, 802, 935, 823, 640, 683, 784, 822, 672, 692, 896, 840, 713, 761, 811, 860, 727, 656, 909, 956, 676, 875, 852, 657, 621, 701, 804, 787, 676, 771, 767, 612, 559, 677, 685, 664, 714, 661, 746, 748, 610, 681, 760, 759, 694, 636, 712, 757, 669, 639, 755, 699, 793, 831, 778, 806, 824, 772, 796, 827, 1663, 1231, 1077, 1372, 1195, 1087, 1058, 1414, 1684, 1090, 1065, 1470, 1225, 1023, 1143, 1477, 875, 740, 857, 835, 693, 762, 852, 862, 800, 749, 815, 775, 713, 739, 689, 720, 783, 681, 803, 837, 794, 753, 786, 857, 740, 591, 672, 700, 688, 644, 746, 820, 747, 635, 692, 625, 749, 721, 723, 826, 848, 742, 692, 686, 793, 777, 729, 803, 869, 692, 718, 793, 783, 713, 701, 714, 751, 696, 710, 794, 643, 722, 677, 630, 658, 716, 685, 725, 613, 653, 741, 600, 744, 770, 912, 902, 678, 747, 997, 1002, 1147, 896, 1442, 1308, 909, 886, 2011, 2157, 1867, 949, 1680, 1605, 1461, 898, 2388, 3039, 1728, 1390, 1293, 1234, 1499, 1563, 1837, 2141, 1614, 2008, 3182, 2581, 1262, 1904, 3024, 3145, 1535, 1892, 3118, 2509, 1227, 1470, 2944, 3073, 1076, 1385, 1961, 1548, 966, 1071, 2073, 2100, 1087, 1207, 1321, 1049, 970, 1091, 1692, 1719, 1420, 1018, 1032, 1274, 1212, 944, 1615, 1916, 1719, 1076, 1032, 1237, 1396, 1065, 1466, 1940, 1675, 1298, 957, 1096, 1074, 1031, 1313, 1457, 2116, 2676, 2049, 1359, 1039, 1324, 2108, 1517, 1950, 2822, 2077, 1220, 965, 1417, 2188, 1427, 1464, 1642, 1444, 977, 858, 1066, 1457, 1337, 1203, 1073, 1153, 1102, 788, 1014, 1134, 1256, 1075, 1275, 1224, 888, 781, 1096, 1198, 989, 899, 900, 1057, 834, 649, 819, 1154, 1123, 865, 862, 774, 661, 711, 821, 824, 839, 810, 812, 719, 602, 673, 928, 913, 744, 685, 761, 614, 573, 588, 789, 841, 674, 607, 680, 553, 510, 514, 624, 841, 756, 620, 630, 706, 653, 556, 599, 906, 918, 558, 624, 671, 596, 567, 573, 722, 727, 524, 620, 650, 568, 558, 549, 536, 538, 532, 607, 556, 542, 537, 516, 591, 574, 420, 431, 438, 387, 374, 472, 502, 450]"
0.410902202129364,-1.101438283920288,0.3709367513656616,-1.5825905799865723,-0.9873383045196533,0.5600298643112183,-1.8774869441986084,-1.1547596454620361,2.0607948303222656,17.5,-0.15340161323547363,0.19512176513671875,23.0,-0.14653515815734863,0.3230094909667969,20.5,-0.12164425849914551,0.3396034240722656,15.5,-0.08974385261535645,0.16694068908691406,20.5,"[441, 499, 551, 585, 595, 587, 551, 502, 517, 565, 541, 594, 632, 644, 616, 515, 455, 500, 542, 509, 557, 605, 555, 493, 583, 511, 488, 469, 497, 501, 499, 548, 498, 541, 511, 446, 441, 529, 548, 475, 483, 502, 516, 478, 506, 557, 510, 467, 510, 535, 545, 505, 469, 480, 479, 420, 466, 542, 545, 554, 531, 525, 541, 480, 458, 517, 569, 488, 493, 507, 414, 468, 544, 536, 513, 517, 517, 445, 469, 557, 534, 555, 529, 493, 480, 503, 578, 568, 551, 574, 505, 518, 515, 478, 549, 549, 594, 546, 510, 579, 538, 482, 560, 593, 560, 649, 602, 628, 602, 545, 576, 533, 595, 544, 541, 500, 498, 418, 470, 551, 561, 670, 606, 484, 557, 532, 448, 473, 528, 572, 581, 489, 519, 524, 509, 523, 607, 510, 532, 609, 562, 496, 508, 586, 519, 465, 517, 544, 586, 589, 512, 533, 538, 543, 625, 598, 566, 632, 700, 581, 533, 620, 664, 554, 509, 588, 611, 520, 582, 671, 612, 587, 559, 546, 546, 532, 660, 721, 651, 645, 643, 587, 646, 664, 565, 554, 562, 615, 588, 486, 544, 568, 510, 525, 521, 566, 584, 497, 512, 527, 543, 652, 536, 565, 621, 462, 585, 521, 521, 572, 557, 534, 532, 564, 548, 505, 537, 513, 465, 547, 515, 501, 499, 566, 511, 453, 509, 535, 484, 454, 512, 564, 461, 454, 531, 533, 554, 572, 577, 593, 524, 536, 505, 567, 588, 578, 610, 560, 912, 1006, 954, 841, 819, 1011, 1492, 1369, 1762, 2647, 2779, 1872, 1154, 2752, 5024, 4350, 2295, 4459, 4847, 2762, 1339, 4676, 8539, 7243, 1859, 4193, 4610, 2609, 1274, 4287, 7690, 6505, 1476, 3499, 3978, 2229, 1082, 3289, 5834, 4870, 1891, 5269, 6367, 3337, 1168, 3619, 7000, 6142, 2446, 6010, 7228, 3943, 1357, 3701, 7382, 6649, 2007, 3437, 3975, 2285, 1099, 2246, 4302, 4027, 1338, 1700, 1733, 1138, 846, 1311, 2131, 1943, 1238, 1860, 2266, 1271, 854, 1368, 2715, 2663, 1978, 4755, 5491, 2647, 1280, 3139, 5887, 5136, 3986, 10643, 10218, 3765, 2634, 6224, 9852, 6567, 6325, 13526, 11735, 3517, 3533, 7233, 10825, 6178, 5002, 9359, 7455, 1926, 2699, 4805, 6815, 3332, 2264, 3536, 2585, 974, 1333, 1917, 2398, 1276, 1101, 1323, 1046, 743, 806, 934, 905, 757, 1876, 2587, 2139, 1189, 1020, 1423, 1876, 1578, 3798, 6952, 6406, 2942, 1662, 3622, 5737, 4383, 3724, 7757, 7237, 3148, 1812, 4121, 6308, 4454, 2340, 4690, 4120, 1499, 1500, 2183, 2849, 1808, 1963, 3255, 2544, 1006, 1288, 1500, 1929, 1193, 1390, 2077, 1542, 703, 1001, 1308, 1396, 728, 712, 873, 812, 623, 711, 761, 747, 672, 845, 1050, 863, 641, 774, 846, 893, 747, 751, 989, 852, 665, 652, 773, 823, 680, 885, 1230, 1019, 806, 839, 758, 846, 657, 1133, 1583, 1449, 934, 996, 1156, 1104, 708, 2076, 3663, 3604, 1498, 2127, 3335, 2469, 930, 3048, 4710, 4881, 2343, 2917, 4544, 3411, 1641, 3808, 3876, 4887, 3141, 2508, 4936, 3666, 2429, 3760, 4271, 4691, 3155, 2234, 4078, 2995, 2446, 2623, 3377, 2739, 1768, 1411, 1901, 2072, 1485, 3761, 6690, 5794, 2053, 2782, 3066, 2411, 1530, 4034, 7380, 6593, 2436, 3154, 3592, 2281, 1508, 2229, 3688, 3223, 1427, 1770, 2111, 1558, 1009, 1615, 2414, 1799, 653, 1053, 1296, 1458, 800, 1543, 2501, 2066, 887, 925, 1430, 1767, 1028, 1148, 1855, 1752, 1044, 864, 1288, 1519, 1017, 873, 1180, 1211, 985, 922, 1152, 1121, 863, 791, 1153, 1003, 743, 815, 944, 920, 765, 684, 934, 898, 678, 693, 741, 770, 725, 729, 858, 817, 722, 753, 767, 776, 738, 878, 937, 901, 764, 750, 812, 815, 925, 1041, 833, 871, 844, 794, 787, 755, 956, 833, 853, 933, 794, 689, 690, 703, 808, 740, 1051, 945, 721, 688, 750, 752, 724, 775, 1123, 1160, 807, 691, 807, 857, 729, 828, 1013, 890, 723, 702, 711, 711, 688, 722, 771, 646, 752, 786, 680, 829, 789, 704, 729, 716, 762, 707, 697, 948, 839, 856, 842, 754, 717, 677, 744, 890, 915, 858, 855, 782, 746, 699, 847, 869, 791, 814, 863, 647, 631, 707, 710, 725, 644, 657, 824, 680, 572, 573, 641, 738, 581, 636, 710, 650, 572, 507, 630, 724, 668, 501, 624, 682, 694, 538, 663, 859, 697, 596, 766, 757, 673, 661, 649, 781, 717, 643, 648, 680, 647, 582, 596, 633, 663, 763, 651, 677, 654, 596, 594, 763, 826, 869, 725, 699, 826, 788, 720, 967, 1016, 900, 843, 904, 898, 839, 811, 1000, 1107, 986, 805, 788, 813, 782, 825, 1079, 1184, 1350, 827, 742, 860, 930, 821, 1077, 1472, 1256, 759, 686, 819, 843, 666, 901, 1365, 1018, 715, 714, 727, 755, 627, 748, 1119, 796, 630, 706, 780, 755, 668, 914, 1077, 762, 668, 735, 826, 733, 616, 804, 880, 752, 738, 794, 879, 770, 678, 800, 750, 811, 731, 818, 848, 752, 700, 976, 993, 741, 723, 783, 770, 600, 664, 785, 900, 845, 716, 604, 659, 734, 823, 736, 742, 769, 646, 773, 727, 724, 747, 768, 894, 899, 690, 933, 1005, 803, 817, 911, 1012, 1247, 1360, 1543, 1118, 746, 1222, 1982, 2007, 1751, 1755, 2108, 1123, 905, 1493, 3014, 3195, 1801, 1257, 1614, 1142, 1013, 1094, 2433, 2950, 1897, 1408, 2145, 1713, 1020, 1279, 2878, 3373, 2161, 1515, 2586, 1923, 1016, 1408, 3367, 3955, 2012, 1281, 2268, 1863, 1016, 1210, 2808, 3412, 1555, 1151, 1515, 1363, 980, 1033, 1704, 2161, 1462, 1603, 1864, 1473, 1106, 1302, 2063, 1857, 1605, 2055, 2075, 1372, 1150, 1367, 2465, 2235, 1450, 1895, 1995, 1128, 1048, 1365, 2349, 2214, 1051, 1282, 1401, 907, 898, 1138, 1674, 1557, 945, 900, 1020, 908, 814, 894, 1198, 1160, 944, 789, 935, 955, 841, 930, 1110, 1088, 880, 916, 940, 970, 783, 865, 1069, 949, 924, 853, 866, 883, 699, 806, 971, 963, 712, 767, 994, 915, 695, 874, 1070, 933, 566, 637, 855, 774, 556, 661, 881, 841, 739, 784, 751, 697, 567, 690, 969, 910, 756, 703, 597, 610, 567, 623, 824, 813, 595, 647, 623, 555, 573, 640, 809, 782, 579, 611, 602, 492, 474, 569, 702, 667, 486, 558, 604, 585, 491, 563, 719, 586, 597, 681, 769, 714, 588, 586, 750, 684, 491, 492, 683, 682, 564, 481, 652, 648]"
-0.0012110769748687744,-0.988851010799408,0.5851238965988159,-2.4368183612823486,-0.6889616250991821,0.84110027551651,-2.7599751949310303,-0.4935746192932129,-0.6196975708007812,26.0,-0.41403818130493164,-0.36950111389160156,15.25,-0.31447458267211914,-0.2620697021484375,21.5,-0.2711300849914551,-0.2670764923095703,21.5,-0.19574213027954102,-0.27680397033691406,21.75,"[442, 506, 592, 544, 507, 541, 588, 508, 547, 537, 601, 689, 710, 670, 583, 533, 548, 459, 566, 684, 688, 559, 434, 559, 509, 561, 516, 516, 442, 498, 607, 548, 480, 500, 526, 531, 481, 460, 511, 517, 482, 547, 521, 548, 512, 465, 524, 489, 460, 513, 508, 528, 561, 550, 564, 461, 463, 585, 560, 508, 523, 504, 518, 530, 541, 580, 517, 510, 581, 563, 604, 530, 556, 573, 548, 598, 583, 601, 567, 512, 521, 629, 566, 464, 585, 580, 613, 542, 493, 538, 550, 501, 530, 491, 594, 592, 555, 586, 512, 481, 536, 541, 610, 570, 585, 612, 533, 537, 533, 496, 591, 588, 589, 636, 631, 592, 562, 617, 585, 501, 509, 498, 541, 527, 512, 535, 498, 484, 604, 494, 523, 580, 492, 423, 496, 589, 660, 641, 607, 554, 567, 562, 577, 600, 569, 604, 530, 542, 587, 520, 470, 557, 539, 536, 471, 538, 535, 462, 488, 540, 434, 456, 506, 509, 514, 525, 545, 478, 498, 516, 495, 604, 616, 558, 575, 485, 496, 487, 518, 565, 562, 562, 546, 623, 586, 581, 557, 541, 535, 546, 615, 620, 526, 579, 525, 493, 515, 485, 533, 521, 498, 564, 636, 642, 508, 545, 669, 625, 602, 591, 613, 608, 578, 588, 602, 548, 593, 559, 571, 544, 506, 603, 534, 477, 608, 627, 551, 582, 587, 584, 609, 560, 574, 627, 536, 559, 528, 591, 652, 482, 670, 631, 622, 609, 552, 603, 655, 658, 1345, 1553, 2214, 1209, 666, 1310, 3038, 3184, 1686, 4487, 5532, 2494, 798, 3201, 6868, 6410, 1603, 5364, 5962, 2666, 873, 3553, 6977, 5991, 3043, 7851, 7551, 3074, 1260, 4265, 7181, 5146, 6728, 13908, 12335, 4643, 2724, 6410, 10176, 6485, 7363, 14477, 12688, 4794, 2839, 6743, 10830, 7293, 4307, 8741, 7715, 2955, 1644, 4642, 7484, 5090, 1979, 4686, 4147, 1617, 1102, 2769, 4332, 2845, 855, 2581, 2541, 1312, 755, 2291, 3530, 2532, 1001, 2073, 1959, 974, 772, 2154, 3130, 2305, 869, 1458, 1364, 767, 879, 1557, 2145, 1552, 1070, 2106, 2031, 1044, 997, 1557, 1666, 1022, 2287, 4431, 4071, 1643, 1475, 2542, 3285, 2122, 3134, 6312, 5594, 2099, 1710, 3425, 5045, 3410, 2948, 5470, 4760, 1970, 1191, 2846, 4349, 3040, 6388, 10724, 8440, 2841, 2536, 5523, 7252, 3818, 10678, 18572, 14816, 4850, 4172, 8837, 12423, 6720, 8151, 14148, 11392, 3967, 3385, 6496, 9322, 5437, 4948, 7823, 5927, 1831, 2476, 3597, 4586, 2424, 4675, 7189, 5068, 1144, 2496, 3105, 3834, 1435, 3151, 5023, 3704, 924, 1840, 2210, 2651, 1141, 1563, 2286, 1861, 808, 952, 1211, 1413, 940, 1059, 1381, 1134, 650, 619, 813, 973, 758, 867, 1288, 1089, 657, 666, 655, 812, 639, 1759, 2397, 1778, 943, 1320, 1299, 1045, 905, 3406, 4416, 2980, 1467, 2469, 2412, 1655, 1565, 3797, 4707, 3342, 1777, 2421, 2471, 1972, 1883, 2710, 3414, 2585, 1373, 1649, 2209, 1978, 1577, 1944, 2451, 2057, 1192, 1319, 1701, 1540, 1274, 1488, 1949, 1696, 987, 1127, 1111, 1095, 1059, 1251, 1717, 1534, 948, 1052, 1018, 1004, 934, 1101, 1431, 1237, 837, 900, 864, 915, 910, 1061, 1360, 1064, 726, 892, 848, 874, 749, 972, 1283, 1004, 557, 715, 819, 777, 600, 1047, 1224, 979, 732, 864, 967, 767, 662, 897, 1102, 874, 576, 753, 874, 764, 637, 854, 911, 808, 669, 771, 770, 721, 709, 726, 740, 665, 581, 660, 748, 741, 701, 676, 757, 728, 621, 702, 756, 699, 615, 687, 842, 769, 630, 641, 862, 823, 625, 721, 771, 805, 650, 591, 743, 788, 693, 690, 766, 705, 684, 597, 645, 709, 694, 892, 846, 662, 729, 747, 762, 698, 747, 820, 785, 612, 689, 727, 743, 679, 758, 766, 883, 822, 765, 754, 800, 843, 748, 915, 1114, 927, 818, 918, 894, 838, 698, 920, 1063, 898, 858, 973, 923, 765, 709, 709, 756, 765, 724, 739, 740, 687, 695, 741, 762, 777, 718, 687, 687, 607, 578, 622, 837, 825, 667, 678, 653, 638, 613, 678, 847, 809, 820, 806, 695, 713, 695, 687, 742, 681, 667, 717, 754, 673, 572, 823, 762, 738, 812, 728, 719, 682, 679, 807, 737, 732, 818, 646, 660, 635, 654, 763, 641, 748, 773, 689, 693, 605, 731, 895, 735, 636, 739, 750, 716, 630, 807, 797, 678, 580, 635, 694, 629, 576, 681, 715, 646, 621, 592, 521, 590, 604, 624, 727, 667, 723, 579, 533, 662, 671, 679, 620, 666, 720, 649, 576, 648, 679, 718, 477, 613, 636, 564, 539, 640, 684, 587, 527, 564, 590, 617, 653, 622, 649, 615, 817, 729, 697, 533, 650, 703, 736, 851, 1324, 961, 822, 666, 842, 938, 1018, 1250, 1515, 1041, 927, 770, 847, 936, 1039, 1446, 1137, 858, 814, 757, 692, 769, 808, 1118, 849, 779, 709, 745, 620, 805, 819, 781, 732, 707, 597, 603, 563, 707, 705, 633, 748, 822, 709, 624, 631, 732, 691, 578, 1038, 1080, 893, 800, 746, 1045, 947, 812, 1023, 1047, 895, 829, 651, 1118, 1043, 815, 707, 665, 805, 751, 598, 731, 708, 658, 894, 921, 813, 690, 694, 930, 857, 757, 999, 1080, 795, 772, 751, 874, 983, 917, 1392, 1004, 1377, 977, 834, 1002, 2272, 2600, 2090, 1551, 2674, 1587, 1066, 1733, 4393, 4750, 1929, 1781, 2663, 1558, 973, 1896, 4403, 4536, 921, 1533, 1535, 919, 670, 1546, 2924, 2535, 1168, 1473, 1451, 1381, 887, 1496, 2244, 1872, 1252, 1069, 1019, 1045, 923, 1005, 1067, 1256, 1354, 1051, 914, 924, 954, 844, 954, 1265, 1230, 875, 1006, 931, 825, 865, 1238, 1414, 976, 799, 995, 833, 608, 838, 1365, 1453, 968, 841, 1037, 714, 668, 875, 1324, 1373, 1218, 1027, 1233, 1014, 857, 1000, 1449, 1580, 1201, 1020, 1257, 1081, 793, 942, 1442, 1557, 1105, 953, 1131, 977, 696, 971, 1125, 1149, 847, 897, 1140, 938, 642, 904, 1033, 955, 591, 650, 824, 783, 547, 653, 779, 733, 666, 617, 716, 661, 489, 600, 674, 718, 697, 659, 705, 623, 492, 615, 547, 668, 605, 672, 799, 703, 548, 662, 712, 656, 449, 532, 644, 666, 594, 630, 736, 622, 456, 520, 592, 502, 514, 654, 633, 515, 525, 492, 553, 510, 378, 572, 638, 553, 561, 482, 554, 577, 486, 526, 555, 578, 501, 482, 574, 532, 453, 519, 566, 528]"
-0.25551366806030273,-1.0198698043823242,0.6076733469963074,-2.695009708404541,-0.6356372237205505,0.7563226222991943,-2.729341506958008,-1.2626478672027588,-0.9172439575195312,23.75,-1.2626478672027588,-0.9103775024414062,19.5,-1.2626478672027588,-0.9080886840820312,24.5,-1.1347601413726807,-0.8973598480224609,24.75,-0.7957289218902588,-0.7483005523681641,21.0,"[452, 540, 621, 623, 505, 617, 623, 541, 550, 654, 599, 632, 626, 735, 721, 591, 533, 584, 537, 564, 657, 600, 597, 522, 524, 515, 513, 542, 565, 565, 519, 476, 585, 580, 519, 436, 583, 577, 463, 544, 571, 566, 550, 480, 542, 618, 516, 529, 477, 403, 435, 456, 505, 478, 429, 484, 455, 461, 482, 464, 476, 427, 410, 442, 465, 507, 516, 453, 479, 493, 496, 464, 480, 543, 562, 481, 469, 474, 488, 473, 496, 486, 493, 514, 492, 475, 483, 509, 519, 536, 508, 514, 550, 536, 509, 531, 614, 597, 616, 534, 645, 715, 590, 576, 616, 634, 581, 467, 484, 595, 592, 510, 482, 576, 553, 514, 517, 430, 504, 509, 464, 540, 511, 435, 523, 580, 462, 429, 509, 508, 607, 543, 546, 629, 579, 629, 479, 601, 688, 598, 568, 625, 535, 542, 553, 624, 624, 519, 582, 609, 528, 524, 625, 688, 615, 580, 572, 598, 604, 524, 540, 634, 630, 542, 507, 563, 562, 479, 479, 578, 620, 585, 589, 529, 477, 458, 528, 566, 629, 563, 590, 602, 492, 569, 614, 568, 543, 545, 596, 599, 446, 584, 578, 638, 690, 618, 565, 548, 504, 515, 571, 648, 671, 614, 576, 623, 620, 538, 595, 666, 556, 523, 556, 639, 621, 492, 561, 506, 442, 523, 584, 530, 459, 566, 496, 532, 474, 526, 586, 519, 508, 519, 494, 541, 610, 570, 523, 560, 603, 609, 635, 626, 567, 516, 605, 653, 588, 585, 1036, 1350, 1167, 733, 641, 851, 1158, 1010, 3294, 5652, 4676, 1717, 1404, 3206, 4359, 2806, 5140, 8921, 7464, 2724, 2148, 4919, 6604, 4081, 3886, 6620, 5426, 1938, 1873, 3582, 4519, 2680, 5815, 10208, 8090, 2153, 2746, 3691, 5320, 2384, 6769, 11522, 8817, 2184, 3259, 4088, 5869, 2302, 3765, 5879, 4244, 1106, 1863, 2326, 2948, 1325, 1928, 3159, 2703, 1061, 1201, 1738, 2290, 1576, 1484, 2832, 2681, 1176, 1074, 1971, 2610, 1889, 1072, 2081, 1896, 829, 805, 1422, 1970, 1465, 928, 1546, 1325, 683, 738, 790, 1014, 867, 1995, 3638, 3080, 1033, 1327, 1527, 1773, 991, 4406, 8471, 7047, 2081, 2644, 3194, 4483, 2060, 5502, 10620, 8790, 2447, 3211, 3725, 5525, 2351, 4318, 8080, 6621, 1930, 2343, 2792, 4164, 1759, 3340, 5517, 4265, 1296, 1829, 2207, 2883, 1263, 2355, 3358, 2382, 861, 1412, 1626, 1716, 885, 1238, 1712, 1273, 569, 895, 1029, 1059, 592, 1006, 1678, 1451, 599, 822, 994, 1097, 720, 1275, 2343, 2052, 962, 926, 1262, 1481, 833, 1215, 2292, 2097, 990, 1091, 1229, 1253, 812, 1057, 1589, 1344, 611, 939, 906, 793, 646, 1376, 1883, 1359, 628, 1139, 1157, 904, 692, 1791, 2443, 1644, 884, 1524, 1271, 932, 774, 1794, 2167, 1378, 1210, 1745, 1510, 990, 891, 1695, 2135, 1574, 1269, 1885, 1756, 1003, 965, 1424, 1832, 1394, 919, 1348, 1264, 856, 865, 1186, 1689, 1321, 772, 1018, 1133, 1059, 830, 1348, 1754, 1301, 646, 969, 1130, 1034, 766, 1284, 1596, 1197, 716, 867, 1019, 1019, 781, 922, 1237, 981, 654, 689, 942, 860, 639, 866, 1083, 914, 702, 830, 796, 719, 679, 950, 1194, 931, 686, 940, 862, 798, 685, 921, 1057, 812, 617, 685, 772, 712, 641, 725, 848, 712, 601, 653, 687, 523, 520, 625, 733, 666, 503, 603, 653, 576, 530, 667, 698, 605, 589, 563, 620, 589, 545, 623, 817, 678, 558, 583, 638, 616, 478, 634, 769, 701, 621, 660, 710, 724, 666, 699, 640, 554, 550, 642, 716, 547, 563, 657, 660, 685, 562, 714, 748, 582, 614, 754, 716, 637, 558, 727, 763, 665, 638, 843, 916, 750, 657, 678, 805, 811, 695, 932, 989, 818, 752, 803, 876, 823, 678, 1021, 1110, 825, 701, 728, 793, 776, 723, 902, 918, 676, 643, 677, 709, 699, 769, 749, 714, 641, 624, 597, 651, 704, 715, 701, 767, 765, 779, 668, 651, 732, 738, 630, 711, 663, 677, 684, 682, 714, 664, 576, 731, 725, 548, 611, 716, 741, 660, 673, 731, 673, 568, 607, 590, 615, 691, 668, 748, 681, 589, 643, 612, 650, 687, 768, 834, 709, 676, 687, 654, 605, 579, 881, 837, 605, 654, 620, 720, 713, 666, 952, 846, 749, 771, 648, 849, 810, 890, 846, 744, 676, 740, 571, 694, 700, 746, 754, 707, 600, 593, 613, 683, 636, 668, 664, 749, 688, 661, 667, 705, 668, 632, 589, 707, 701, 611, 649, 735, 744, 551, 540, 672, 713, 616, 701, 735, 654, 608, 588, 670, 689, 653, 666, 598, 582, 600, 632, 624, 593, 538, 528, 608, 569, 506, 533, 575, 573, 544, 542, 541, 544, 560, 442, 518, 543, 489, 544, 527, 572, 571, 754, 707, 641, 575, 688, 669, 629, 762, 952, 809, 681, 597, 643, 818, 677, 855, 881, 623, 657, 675, 662, 811, 774, 963, 785, 653, 714, 692, 607, 752, 771, 822, 920, 861, 824, 804, 686, 782, 857, 870, 677, 705, 706, 714, 732, 674, 652, 678, 763, 769, 705, 656, 751, 781, 695, 732, 706, 755, 750, 622, 645, 715, 682, 712, 757, 808, 785, 731, 613, 671, 680, 669, 789, 813, 725, 823, 662, 797, 835, 662, 776, 833, 941, 902, 689, 804, 1194, 1078, 1218, 1329, 1676, 1082, 684, 1011, 2112, 2265, 1242, 1542, 1780, 1102, 771, 1171, 2192, 2297, 1384, 1528, 2088, 1288, 766, 1163, 2505, 2676, 1259, 1445, 1852, 1199, 768, 1151, 2290, 2536, 1082, 1257, 1548, 923, 747, 1031, 1755, 1847, 922, 904, 934, 676, 680, 800, 1030, 1152, 986, 781, 766, 724, 712, 693, 925, 1090, 872, 804, 793, 818, 732, 880, 959, 819, 820, 813, 793, 796, 682, 789, 865, 738, 953, 789, 706, 726, 785, 723, 873, 1013, 967, 662, 778, 700, 709, 689, 975, 1263, 1357, 886, 869, 792, 680, 826, 1130, 1478, 1322, 879, 898, 902, 728, 877, 1116, 1404, 863, 737, 942, 764, 661, 804, 1158, 1214, 727, 749, 892, 815, 607, 621, 999, 1073, 717, 746, 936, 836, 653, 608, 891, 1006, 628, 744, 885, 708, 557, 598, 727, 803, 562, 649, 612, 483, 460, 572, 566, 564, 499, 553, 602, 509, 369, 463, 561, 551, 534, 594, 580, 498, 432, 458, 482, 469, 482, 593, 573, 459, 419, 494, 511, 470, 480, 454, 575, 526, 385, 433, 508, 560]"
-0.5386613607406616,-1.0834335088729858,0.6833056211471558,-2.9679439067840576,0.0,0.0,0.0,-1.327196717262268,-1.0628700256347656,29.25,1.2070974111557007,-0.6277084350585938,15.5,1.5056451559066772,-0.12459754943847656,17.25,1.5376886129379272,0.4929542541503906,15.25,1.5973409414291382,0.2476215362548828,17.75,"[505, 680, 752, 636, 588, 635, 750, 686, 545, 701, 682, 632, 679, 785, 671, 575, 485, 582, 599, 520, 597, 609, 587, 514, 500, 582, 610, 515, 455, 578, 647, 555, 391, 496, 576, 487, 478, 583, 619, 520, 542, 592, 598, 577, 601, 558, 579, 625, 618, 576, 542, 467, 469, 513, 467, 517, 498, 528, 431, 442, 541, 522, 435, 471, 457, 546, 562, 588, 580, 506, 488, 476, 477, 528, 530, 556, 489, 464, 565, 516, 507, 559, 491, 423, 435, 533, 562, 546, 496, 502, 488, 396, 427, 498, 536, 567, 550, 463, 392, 412, 505, 459, 474, 492, 567, 616, 551, 545, 496, 559, 646, 520, 518, 527, 492, 557, 490, 500, 634, 575, 556, 456, 441, 525, 453, 505, 606, 645, 507, 591, 523, 504, 539, 491, 531, 502, 517, 596, 568, 567, 521, 492, 604, 574, 460, 495, 521, 458, 533, 533, 572, 560, 414, 502, 550, 559, 561, 568, 668, 592, 486, 512, 532, 618, 645, 545, 468, 507, 494, 612, 572, 582, 514, 472, 512, 498, 489, 556, 669, 657, 494, 507, 578, 535, 498, 575, 590, 562, 527, 561, 532, 498, 544, 544, 553, 521, 466, 585, 558, 477, 660, 611, 624, 653, 630, 634, 586, 571, 533, 500, 441, 548, 661, 594, 547, 537, 498, 468, 413, 469, 546, 582, 526, 500, 575, 584, 533, 473, 502, 561, 573, 546, 548, 527, 640, 651, 592, 559, 559, 608, 512, 525, 617, 624, 609, 585, 601, 594, 508, 480, 551, 479, 619, 611, 503, 547, 763, 948, 705, 499, 550, 613, 639, 569, 1837, 2689, 1877, 581, 1123, 1317, 1365, 665, 3866, 6067, 4481, 1050, 2344, 2937, 3143, 959, 9586, 15502, 11175, 1868, 4862, 5634, 7670, 2085, 8586, 13831, 9849, 2102, 4099, 4915, 6880, 2606, 3625, 6655, 5502, 1773, 1771, 2621, 4052, 2446, 2611, 5170, 4619, 1740, 1532, 3120, 4090, 2568, 1173, 2165, 2116, 1081, 899, 1622, 2090, 1492, 2172, 4204, 3609, 1033, 1721, 1931, 2008, 1055, 4406, 8384, 6957, 1549, 3366, 3585, 3590, 1467, 4692, 8283, 6487, 1457, 3385, 3854, 4040, 1520, 4088, 6727, 4997, 977, 2876, 2882, 3130, 1095, 1954, 2928, 2162, 713, 1463, 1364, 1404, 689, 1802, 2653, 2070, 818, 1084, 1170, 1457, 874, 1923, 3029, 2392, 935, 968, 1425, 1909, 1121, 1252, 2006, 1723, 805, 735, 1178, 1560, 1131, 913, 1255, 1186, 735, 807, 1024, 1069, 951, 1060, 1247, 1106, 756, 891, 942, 936, 911, 2100, 3203, 2666, 1624, 2475, 2277, 1566, 1198, 4258, 6667, 5285, 3207, 5367, 4841, 2648, 1758, 4051, 6123, 4978, 3172, 5125, 4802, 2478, 1762, 2342, 3302, 2780, 1919, 2786, 2686, 1657, 1359, 1045, 1621, 1512, 1024, 1400, 1317, 1002, 909, 1035, 1242, 944, 576, 724, 967, 899, 634, 1828, 2763, 2011, 606, 1079, 1215, 1354, 672, 2004, 3222, 2472, 731, 1263, 1311, 1475, 763, 1531, 2697, 2241, 820, 1253, 1497, 1471, 755, 1235, 2057, 1807, 875, 1084, 1308, 1151, 790, 830, 1185, 1075, 750, 765, 753, 696, 656, 654, 869, 731, 544, 705, 648, 556, 540, 662, 811, 589, 499, 603, 584, 561, 465, 623, 745, 533, 536, 626, 568, 669, 592, 571, 749, 696, 580, 650, 634, 672, 565, 591, 710, 672, 589, 561, 589, 696, 623, 685, 734, 687, 569, 490, 549, 609, 631, 658, 731, 678, 511, 490, 560, 627, 609, 599, 700, 655, 565, 541, 578, 615, 535, 606, 612, 627, 634, 651, 589, 620, 619, 677, 639, 624, 710, 692, 644, 606, 632, 617, 679, 653, 619, 550, 570, 667, 643, 635, 759, 705, 577, 616, 709, 653, 520, 597, 759, 724, 579, 657, 706, 618, 534, 603, 665, 659, 507, 493, 686, 744, 622, 631, 634, 608, 601, 626, 716, 668, 579, 591, 648, 544, 532, 617, 630, 606, 525, 523, 552, 624, 600, 565, 607, 572, 596, 688, 608, 715, 712, 620, 633, 622, 676, 752, 671, 683, 752, 670, 669, 665, 746, 725, 632, 700, 783, 690, 685, 715, 731, 670, 678, 684, 669, 675, 698, 649, 678, 633, 677, 688, 635, 677, 735, 690, 633, 641, 626, 684, 697, 706, 665, 545, 673, 662, 632, 717, 772, 628, 558, 542, 596, 797, 713, 634, 763, 688, 602, 631, 649, 665, 716, 672, 561, 615, 629, 649, 630, 609, 723, 676, 644, 598, 573, 664, 613, 692, 785, 659, 591, 598, 655, 661, 620, 770, 791, 679, 585, 590, 636, 679, 736, 709, 680, 579, 610, 703, 613, 621, 675, 700, 650, 697, 672, 543, 607, 665, 674, 625, 566, 553, 641, 568, 575, 602, 636, 577, 590, 643, 628, 538, 593, 561, 548, 584, 637, 630, 582, 536, 555, 583, 543, 646, 651, 613, 645, 634, 578, 557, 547, 728, 666, 542, 594, 602, 608, 580, 618, 662, 634, 607, 623, 531, 572, 597, 568, 665, 517, 632, 617, 561, 596, 656, 742, 755, 651, 688, 670, 685, 891, 941, 891, 705, 717, 680, 645, 685, 783, 797, 695, 713, 781, 711, 586, 572, 792, 747, 626, 729, 798, 700, 635, 561, 723, 685, 592, 700, 563, 568, 642, 578, 595, 586, 654, 818, 883, 747, 623, 625, 777, 733, 627, 1004, 1192, 1274, 815, 634, 942, 1218, 1196, 1834, 1906, 3099, 1916, 876, 1877, 3444, 3779, 2339, 2448, 4101, 2500, 969, 2333, 4706, 5120, 2645, 2030, 3968, 2780, 1037, 1900, 4107, 4888, 2714, 1393, 3084, 2626, 1085, 988, 2765, 4004, 2008, 1147, 1693, 1659, 1025, 1020, 1905, 2612, 1276, 1011, 816, 739, 827, 883, 1172, 1389, 784, 667, 648, 677, 672, 949, 1121, 1013, 960, 713, 692, 841, 767, 805, 840, 917, 1543, 935, 616, 879, 934, 771, 900, 1523, 1667, 1151, 846, 952, 1042, 1029, 1362, 1780, 1647, 1598, 1158, 812, 997, 1249, 1363, 1487, 1715, 1797, 1312, 681, 948, 1367, 1566, 1519, 1318, 1420, 1174, 614, 767, 1186, 1471, 1338, 912, 1114, 920, 669, 576, 815, 999, 927, 625, 745, 694, 632, 464, 586, 734, 622, 513, 586, 578, 544, 493, 495, 556, 536, 499, 602, 577, 541, 470, 555, 608, 552, 564, 590, 653, 537, 453, 546, 552, 564, 538, 453, 625, 604, 415, 467, 486, 548, 556, 563, 602, 516, 484, 559, 551, 569, 476, 513, 545, 483, 428, 493, 520, 461, 501, 493, 467, 440, 407, 462, 513, 531]"
-0.8354557752609253,-1.0834335088729858,0.6833056211471558,-2.9679439067840576,0.0,0.0,0.0,-1.3955272436141968,-0.9502887725830078,27.0,-1.1758006811141968,-0.7816314697265625,-31.75,-0.8725322484970093,-0.7349967956542969,19.25,-0.7984317541122437,-0.5443096160888672,30.5,-0.6623901128768921,0.30727386474609375,20.0,"[419, 504, 599, 615, 667, 614, 601, 503, 507, 552, 592, 596, 706, 708, 693, 581, 570, 572, 502, 532, 680, 638, 570, 564, 493, 531, 497, 490, 564, 601, 567, 478, 432, 521, 507, 453, 462, 467, 491, 436, 609, 605, 595, 525, 527, 533, 537, 536, 582, 561, 601, 516, 568, 575, 514, 559, 524, 463, 481, 550, 580, 556, 590, 582, 464, 480, 467, 472, 528, 532, 507, 470, 478, 518, 516, 516, 490, 506, 565, 481, 457, 554, 515, 493, 564, 559, 537, 539, 462, 507, 511, 552, 576, 560, 504, 508, 463, 446, 424, 509, 523, 480, 429, 444, 562, 524, 528, 569, 528, 485, 531, 564, 609, 531, 487, 517, 528, 501, 556, 589, 576, 582, 496, 439, 449, 549, 615, 555, 511, 496, 522, 583, 530, 525, 523, 496, 523, 507, 584, 602, 559, 535, 571, 563, 595, 580, 529, 638, 611, 609, 604, 635, 590, 556, 497, 512, 650, 640, 538, 566, 567, 495, 512, 586, 653, 573, 552, 622, 594, 538, 594, 566, 571, 616, 594, 605, 546, 560, 618, 581, 610, 609, 495, 577, 603, 575, 572, 615, 557, 550, 521, 575, 506, 587, 567, 560, 557, 568, 531, 481, 550, 587, 643, 642, 660, 622, 536, 501, 560, 512, 558, 636, 606, 531, 505, 462, 631, 582, 572, 603, 590, 483, 483, 577, 589, 530, 511, 548, 565, 565, 517, 594, 645, 620, 535, 584, 611, 531, 511, 617, 648, 670, 597, 657, 634, 547, 611, 645, 790, 850, 747, 657, 670, 692, 776, 603, 3813, 5533, 3809, 801, 2046, 2455, 2828, 857, 12363, 18446, 12556, 2017, 6378, 7390, 8904, 2036, 15438, 23069, 15665, 2752, 7934, 8932, 11074, 2806, 8438, 13102, 9373, 2262, 4289, 5095, 6723, 2291, 3171, 5623, 4352, 1355, 1825, 2498, 3453, 1705, 2094, 4438, 3780, 1197, 1653, 2444, 3237, 1902, 3479, 7096, 5941, 1477, 2646, 3211, 4106, 2065, 5883, 11153, 9074, 1872, 4499, 4697, 5070, 2160, 6085, 11232, 9078, 1896, 4995, 5125, 4540, 1775, 3278, 5422, 4209, 1175, 2687, 2727, 2090, 974, 1460, 2011, 1389, 687, 1088, 1248, 1188, 734, 993, 1649, 1417, 738, 788, 908, 953, 734, 3076, 4913, 3671, 1303, 1661, 1314, 2163, 1430, 4874, 7895, 5803, 1650, 2469, 2315, 3655, 2032, 3419, 5645, 4219, 1162, 1615, 2008, 3012, 1539, 1285, 1994, 1643, 743, 844, 997, 1200, 862, 920, 935, 675, 585, 742, 1007, 940, 698, 1234, 1626, 1248, 834, 1039, 1305, 1195, 769, 1702, 2121, 1630, 1360, 1600, 1420, 1096, 1020, 2244, 2564, 1782, 2033, 2337, 2064, 1506, 1325, 2286, 2137, 1679, 2035, 2161, 2455, 1803, 1385, 1679, 1363, 1407, 1438, 1265, 1614, 1226, 1238, 989, 1071, 1106, 875, 807, 973, 745, 745, 686, 805, 964, 721, 579, 815, 786, 707, 616, 655, 710, 634, 649, 656, 667, 613, 663, 794, 845, 621, 673, 888, 780, 599, 639, 765, 776, 560, 602, 840, 808, 669, 751, 861, 768, 622, 762, 868, 744, 645, 647, 933, 807, 653, 736, 817, 851, 589, 626, 716, 710, 698, 695, 648, 703, 625, 793, 814, 730, 670, 681, 662, 696, 699, 887, 1231, 1053, 665, 817, 865, 777, 682, 997, 1334, 1135, 627, 777, 817, 780, 625, 807, 1047, 866, 611, 775, 711, 682, 610, 725, 831, 657, 575, 744, 692, 596, 574, 842, 763, 723, 702, 712, 653, 697, 740, 781, 928, 834, 636, 780, 751, 703, 612, 824, 1052, 874, 621, 827, 854, 835, 644, 647, 964, 831, 546, 646, 774, 781, 529, 608, 838, 788, 547, 686, 802, 676, 526, 612, 670, 654, 547, 616, 657, 560, 576, 782, 890, 764, 602, 717, 700, 616, 593, 795, 761, 701, 690, 691, 669, 574, 666, 729, 596, 554, 652, 645, 498, 416, 616, 763, 731, 533, 569, 757, 678, 541, 641, 616, 612, 632, 651, 698, 695, 712, 667, 769, 755, 721, 739, 690, 817, 783, 712, 844, 941, 792, 694, 629, 687, 745, 732, 608, 740, 796, 653, 617, 708, 720, 637, 476, 601, 876, 803, 584, 686, 764, 637, 566, 673, 795, 779, 621, 636, 674, 572, 781, 831, 716, 637, 692, 732, 691, 700, 849, 791, 768, 734, 747, 854, 689, 701, 759, 767, 751, 585, 655, 885, 818, 689, 812, 746, 681, 609, 669, 767, 716, 719, 790, 801, 674, 755, 759, 723, 622, 642, 828, 805, 698, 699, 721, 818, 595, 635, 790, 750, 721, 635, 640, 693, 659, 721, 711, 738, 723, 588, 612, 668, 599, 649, 626, 627, 592, 587, 551, 590, 593, 582, 692, 703, 636, 548, 512, 584, 555, 638, 772, 735, 614, 555, 608, 678, 677, 648, 813, 764, 699, 700, 619, 711, 695, 680, 1221, 790, 1067, 960, 798, 1192, 861, 947, 1716, 1018, 1649, 1245, 959, 1837, 1352, 1384, 1450, 1121, 1508, 1134, 939, 1671, 1446, 1296, 1331, 1192, 1318, 1003, 1005, 1487, 1350, 1219, 1478, 1251, 1264, 1021, 989, 1414, 1146, 1186, 1100, 980, 777, 782, 796, 896, 853, 934, 978, 939, 944, 804, 725, 773, 771, 964, 995, 1233, 1166, 786, 627, 959, 916, 906, 951, 1239, 999, 681, 640, 709, 862, 696, 756, 938, 668, 581, 636, 629, 702, 530, 687, 717, 710, 695, 648, 778, 887, 864, 946, 1467, 1995, 1223, 661, 1139, 1829, 1850, 1002, 1810, 2432, 1344, 679, 1376, 2319, 2273, 817, 794, 921, 778, 643, 755, 845, 953, 1304, 1304, 1416, 1242, 768, 994, 1408, 1509, 1156, 1302, 1277, 908, 749, 951, 1323, 1332, 590, 842, 965, 697, 609, 888, 1011, 798, 831, 800, 717, 636, 635, 631, 644, 730, 948, 971, 902, 746, 846, 1014, 1075, 1075, 1134, 1196, 1082, 665, 1054, 1454, 1387, 1128, 1390, 1215, 1120, 773, 1053, 1409, 1488, 1438, 2003, 2059, 1775, 866, 1296, 2034, 2286, 1925, 2505, 3384, 2720, 941, 1648, 2454, 2485, 1809, 1683, 2741, 2234, 778, 1300, 1709, 1680, 1019, 1083, 1412, 1095, 623, 814, 989, 925, 743, 723, 795, 659, 553, 641, 807, 757, 659, 564, 538, 549, 578, 566, 641, 678, 617, 504, 578, 574, 522, 559, 547, 558, 551, 582, 570, 665, 579, 565, 554, 546, 639, 581, 631, 629, 554, 508, 570, 509, 550, 512, 591, 612, 540, 458, 460, 569, 474, 447, 501, 616, 594, 447, 411, 485, 447, 516, 567, 550, 480, 463, 450, 453, 473]"
-1.132250189781189,-1.0834335088729858,0.6833056211471558,-2.9679439067840576,0.0,0.0,0.0,-1.4638577699661255,-0.8910655975341797,24.5,-1.4638577699661255,1.0811805725097656,20.0,-0.6527577638626099,0.0,-30.75,-0.05051243305206299,1.1818885803222656,19.5,0.14832866191864014,0.8916378021240234,18.0,"[518, 660, 663, 578, 591, 579, 661, 656, 582, 622, 588, 551, 535, 627, 676, 569, 533, 552, 621, 658, 631, 585, 588, 550, 483, 541, 478, 501, 553, 539, 459, 458, 460, 468, 516, 542, 541, 588, 576, 503, 512, 586, 663, 658, 596, 692, 692, 565, 425, 534, 681, 564, 477, 663, 674, 492, 497, 513, 633, 582, 551, 625, 555, 530, 487, 511, 576, 588, 518, 553, 560, 542, 462, 491, 624, 601, 545, 476, 552, 587, 492, 565, 630, 586, 580, 571, 578, 587, 522, 595, 603, 542, 556, 517, 570, 615, 630, 711, 606, 550, 519, 514, 525, 563, 677, 616, 544, 605, 641, 557, 493, 556, 689, 602, 573, 597, 595, 511, 634, 698, 600, 461, 565, 651, 566, 405, 551, 710, 520, 502, 563, 588, 536, 453, 517, 624, 618, 532, 504, 571, 498, 507, 535, 605, 543, 532, 584, 591, 532, 608, 585, 534, 476, 592, 700, 645, 425, 549, 629, 497, 499, 560, 687, 661, 452, 541, 644, 526, 484, 547, 554, 558, 534, 592, 636, 545, 608, 630, 543, 611, 669, 626, 602, 607, 659, 615, 538, 602, 663, 604, 556, 619, 595, 599, 554, 554, 677, 641, 610, 588, 615, 609, 618, 640, 608, 624, 656, 638, 553, 554, 532, 503, 559, 647, 626, 547, 524, 520, 543, 522, 507, 611, 656, 572, 458, 496, 544, 540, 525, 575, 542, 470, 740, 786, 676, 556, 659, 696, 657, 561, 5611, 8491, 5818, 882, 3029, 3739, 4215, 783, 16201, 26320, 18941, 2325, 8617, 9743, 12873, 2521, 14685, 27004, 21206, 4248, 7891, 8565, 13874, 5166, 5348, 9523, 8333, 3809, 3132, 3480, 5318, 4702, 4643, 5968, 4193, 1807, 3387, 4177, 2686, 1703, 2006, 3293, 3243, 1370, 1987, 3299, 2735, 1478, 4107, 7127, 5856, 1266, 3296, 3932, 2698, 1209, 5742, 10109, 8147, 1812, 4358, 4802, 4028, 1682, 4935, 8470, 6760, 1746, 3675, 3983, 3518, 1491, 2589, 4147, 3162, 1053, 2118, 2265, 1914, 865, 1193, 1829, 1466, 760, 1040, 1026, 971, 685, 1466, 2515, 2050, 820, 997, 1069, 1258, 700, 3164, 5161, 3831, 1135, 1965, 1795, 2228, 1102, 3561, 5306, 3705, 1186, 1856, 2044, 2622, 1255, 2120, 2985, 2195, 880, 1250, 1923, 1991, 924, 1497, 2453, 2160, 965, 1320, 1681, 1378, 1020, 1850, 3278, 2876, 1178, 1767, 2023, 1672, 1272, 1588, 2756, 2518, 1143, 1809, 2226, 1594, 1017, 1273, 1831, 1677, 953, 1152, 1427, 1150, 839, 1373, 1631, 1304, 1202, 1129, 929, 832, 827, 3852, 3868, 2989, 3859, 3631, 1830, 1483, 2174, 6876, 6756, 4941, 6491, 6067, 2966, 2395, 3758, 5530, 5292, 4015, 5189, 4611, 2162, 1941, 3132, 2397, 2548, 1950, 2150, 2023, 1256, 1107, 1384, 1218, 1462, 1200, 847, 1121, 1185, 840, 766, 1259, 1605, 1298, 890, 1238, 1322, 964, 792, 1257, 1615, 1333, 835, 1246, 1253, 887, 740, 973, 1313, 1084, 645, 1100, 1095, 821, 681, 796, 815, 724, 611, 698, 857, 749, 621, 906, 882, 792, 683, 554, 746, 823, 750, 826, 965, 953, 793, 674, 782, 786, 630, 674, 769, 767, 659, 703, 758, 737, 611, 629, 750, 763, 615, 689, 723, 563, 562, 779, 854, 722, 596, 677, 755, 575, 577, 672, 868, 757, 586, 618, 696, 666, 603, 639, 680, 777, 674, 601, 599, 733, 670, 603, 822, 746, 498, 624, 687, 702, 547, 731, 791, 617, 492, 615, 721, 696, 636, 724, 695, 606, 511, 611, 701, 665, 629, 720, 785, 698, 592, 667, 732, 700, 709, 788, 815, 746, 610, 674, 701, 619, 699, 696, 811, 702, 505, 635, 654, 561, 564, 722, 693, 734, 604, 610, 633, 606, 700, 812, 673, 710, 718, 624, 698, 566, 810, 851, 857, 778, 650, 692, 820, 609, 582, 761, 936, 800, 654, 716, 835, 765, 617, 798, 888, 754, 623, 778, 661, 590, 601, 796, 923, 889, 698, 730, 747, 664, 689, 678, 870, 895, 650, 656, 745, 800, 659, 766, 753, 654, 652, 642, 675, 663, 647, 628, 647, 580, 610, 588, 637, 637, 548, 579, 716, 683, 631, 666, 656, 687, 632, 673, 674, 581, 622, 604, 628, 645, 630, 765, 634, 677, 721, 698, 774, 642, 681, 759, 728, 769, 717, 721, 809, 686, 578, 758, 653, 627, 604, 680, 690, 625, 671, 828, 674, 635, 649, 606, 661, 624, 726, 754, 634, 577, 621, 661, 752, 654, 691, 621, 559, 593, 610, 688, 694, 600, 617, 624, 621, 652, 680, 546, 570, 647, 648, 474, 541, 664, 690, 542, 603, 652, 567, 556, 662, 617, 625, 709, 669, 629, 543, 553, 632, 640, 575, 635, 606, 596, 666, 767, 770, 813, 750, 692, 801, 826, 752, 1133, 972, 992, 854, 872, 1229, 1079, 891, 1515, 1027, 950, 907, 1014, 1326, 1049, 1201, 1531, 1117, 897, 812, 880, 978, 899, 1291, 1081, 1101, 854, 596, 755, 808, 978, 994, 753, 1078, 1097, 730, 680, 952, 1037, 752, 789, 946, 874, 599, 695, 825, 769, 692, 875, 937, 877, 650, 633, 986, 850, 639, 1382, 1270, 1545, 1147, 921, 1851, 1539, 984, 2040, 1687, 2222, 1794, 1155, 2513, 1975, 1480, 1835, 1439, 1716, 1513, 1012, 1689, 1197, 1498, 1223, 1047, 1128, 1074, 879, 1125, 1042, 1182, 1347, 1026, 1348, 1292, 802, 1356, 1421, 1284, 1694, 1308, 1804, 1716, 761, 1545, 1754, 1738, 1984, 1526, 1934, 1892, 1001, 1423, 2153, 2406, 1716, 1330, 2115, 1886, 866, 1359, 2022, 2283, 1268, 1559, 1764, 1303, 805, 1505, 1941, 1655, 958, 1240, 1245, 931, 654, 1021, 1418, 1193, 815, 1129, 1210, 907, 751, 762, 1081, 1076, 855, 1265, 1373, 890, 743, 1082, 1395, 1225, 1033, 1194, 1380, 1057, 886, 1279, 1552, 1484, 1192, 1400, 1399, 1022, 931, 1413, 1408, 1154, 1302, 1268, 1115, 1018, 956, 1196, 1222, 1165, 1461, 1244, 969, 1110, 999, 1145, 1245, 1334, 1320, 1160, 1031, 1053, 845, 919, 1069, 1219, 995, 933, 1024, 866, 654, 845, 1199, 1221, 930, 970, 896, 629, 626, 892, 1140, 1132, 809, 907, 910, 640, 597, 769, 1091, 1045, 791, 917, 984, 731, 573, 580, 919, 939, 785, 887, 952, 742, 556, 683, 703, 759, 750, 742, 943, 727, 576, 727, 717, 766, 625, 640, 725, 620, 535, 642, 738, 751, 485, 570, 658, 611, 489, 615, 730, 650, 461, 469, 509, 485, 468, 422, 527, 552, 496, 507, 494, 483, 444, 474, 600, 550]"
-1.4290446043014526,-1.0834335088729858,0.6833056211471558,-2.9679439067840576,0.0,0.0,0.0,-1.5321882963180542,-0.8896350860595703,15.0,-1.5321882963180542,-0.8196830749511719,-23.5,-1.5321882963180542,-0.8122444152832031,-31.0,-0.8273752927780151,0.13403892517089844,-31.75,-0.8104952573776245,-0.2780914306640625,18.25,"[732, 687, 637, 702, 756, 702, 634, 691, 522, 665, 712, 655, 562, 702, 740, 559, 444, 533, 570, 520, 446, 560, 576, 502, 578, 557, 512, 585, 572, 523, 490, 541, 523, 539, 503, 481, 471, 514, 522, 446, 452, 442, 543, 563, 510, 555, 602, 558, 527, 477, 479, 508, 474, 535, 522, 517, 534, 478, 456, 479, 499, 531, 435, 470, 526, 513, 549, 521, 469, 535, 526, 464, 522, 508, 521, 610, 529, 526, 544, 495, 458, 482, 567, 569, 536, 506, 484, 499, 463, 550, 591, 630, 508, 500, 554, 562, 530, 526, 564, 544, 569, 585, 548, 511, 532, 572, 607, 547, 532, 622, 611, 546, 503, 616, 609, 610, 652, 648, 628, 523, 541, 572, 513, 470, 544, 603, 569, 509, 592, 521, 537, 504, 503, 493, 456, 573, 628, 522, 506, 533, 479, 465, 536, 588, 572, 528, 542, 665, 569, 512, 527, 585, 584, 529, 525, 598, 593, 527, 538, 543, 575, 549, 498, 555, 610, 584, 604, 583, 593, 488, 600, 604, 543, 622, 732, 668, 564, 543, 610, 591, 581, 662, 636, 615, 556, 583, 588, 530, 646, 631, 582, 612, 581, 528, 581, 684, 593, 504, 447, 504, 434, 439, 601, 693, 535, 534, 647, 580, 2445, 3047, 1994, 743, 1371, 1665, 1628, 964, 16841, 23941, 15648, 1954, 8868, 11049, 11636, 2767, 38177, 56618, 37965, 3666, 19626, 24321, 28051, 5073, 34209, 52721, 36228, 3992, 17097, 20771, 26170, 5144, 13019, 21173, 15219, 2613, 6551, 7892, 10837, 3076, 4013, 6904, 5531, 2048, 2446, 3424, 4739, 2686, 2468, 4318, 3565, 1544, 1623, 2097, 3166, 2245, 1649, 2997, 2552, 993, 1195, 1678, 2078, 1321, 1851, 3295, 2780, 931, 1526, 1857, 1864, 1015, 2716, 5479, 4714, 1411, 1987, 2461, 2930, 1470, 2050, 4241, 3707, 1437, 1480, 2086, 2891, 1557, 1357, 2451, 2164, 1022, 1208, 1560, 1844, 1134, 1053, 1471, 1269, 810, 1041, 1105, 1093, 737, 1438, 2105, 1631, 811, 940, 1045, 1161, 696, 2136, 3425, 2605, 908, 1181, 1316, 1610, 975, 2268, 3691, 2852, 1072, 1328, 1126, 1724, 1273, 1910, 2946, 2310, 1038, 1317, 977, 1378, 1121, 1429, 2121, 1668, 811, 1147, 1078, 1028, 760, 1122, 1609, 1297, 711, 975, 846, 860, 691, 802, 983, 851, 663, 717, 675, 756, 613, 651, 771, 715, 573, 647, 638, 611, 591, 777, 788, 552, 477, 592, 612, 504, 616, 749, 956, 819, 499, 718, 653, 575, 584, 893, 1134, 969, 644, 812, 898, 636, 620, 1321, 1224, 1010, 905, 1214, 1426, 898, 926, 1582, 1312, 1140, 1079, 1095, 1585, 1153, 1125, 1239, 1218, 1144, 984, 866, 1285, 1094, 952, 956, 1103, 980, 824, 888, 1019, 806, 684, 893, 1175, 952, 671, 825, 909, 693, 590, 761, 962, 955, 613, 763, 895, 758, 587, 750, 936, 898, 700, 827, 832, 669, 608, 945, 1256, 1118, 793, 1010, 1005, 856, 662, 1024, 1283, 1196, 901, 956, 1021, 976, 854, 1005, 1188, 995, 836, 924, 879, 792, 818, 928, 1027, 818, 612, 837, 870, 754, 732, 763, 868, 790, 649, 845, 796, 709, 695, 663, 766, 750, 628, 684, 763, 675, 616, 748, 856, 629, 502, 576, 704, 696, 546, 744, 750, 616, 504, 566, 710, 636, 584, 732, 736, 588, 507, 586, 676, 626, 632, 757, 726, 565, 554, 697, 705, 607, 755, 671, 678, 626, 591, 790, 669, 650, 691, 879, 910, 748, 626, 788, 823, 679, 726, 909, 877, 790, 681, 593, 606, 588, 734, 824, 872, 768, 591, 661, 667, 656, 723, 755, 849, 731, 656, 806, 780, 684, 709, 783, 824, 723, 610, 742, 801, 751, 778, 762, 955, 830, 631, 839, 832, 716, 638, 636, 751, 781, 685, 737, 751, 703, 595, 614, 724, 738, 653, 695, 666, 686, 643, 762, 893, 714, 604, 706, 719, 675, 633, 798, 790, 665, 615, 689, 684, 688, 697, 661, 620, 640, 659, 563, 587, 610, 652, 715, 694, 707, 699, 671, 736, 648, 653, 822, 759, 835, 735, 629, 809, 630, 814, 1118, 969, 1009, 964, 705, 977, 905, 1111, 1037, 984, 1039, 969, 792, 1042, 918, 1001, 748, 762, 830, 689, 708, 895, 702, 723, 822, 859, 875, 675, 806, 950, 799, 754, 1041, 923, 945, 803, 854, 988, 787, 894, 870, 850, 897, 693, 607, 751, 719, 753, 807, 833, 767, 626, 567, 787, 758, 716, 684, 757, 569, 510, 617, 717, 657, 552, 577, 657, 617, 577, 645, 662, 593, 554, 710, 820, 747, 558, 626, 811, 804, 584, 719, 757, 713, 561, 535, 674, 796, 763, 706, 742, 724, 598, 625, 636, 595, 730, 1174, 943, 1073, 908, 841, 974, 746, 1093, 1509, 1154, 1340, 1077, 1006, 1197, 980, 1383, 1484, 1053, 1091, 880, 963, 1124, 966, 1364, 1064, 837, 784, 734, 764, 882, 826, 1035, 702, 752, 692, 706, 687, 802, 857, 752, 837, 684, 910, 945, 774, 944, 980, 787, 899, 852, 1140, 935, 771, 1248, 1050, 766, 1086, 1018, 1005, 922, 750, 1138, 889, 761, 984, 869, 743, 787, 748, 836, 642, 828, 923, 950, 1094, 1024, 666, 742, 1026, 1017, 1090, 1029, 1376, 1270, 812, 1099, 1167, 1169, 1163, 972, 1238, 1155, 884, 1288, 1184, 1184, 1246, 1321, 1623, 1158, 846, 1154, 1548, 1724, 1226, 1561, 1768, 1072, 835, 1288, 1938, 1839, 1351, 1139, 1499, 1273, 844, 1063, 1596, 1733, 1210, 933, 1191, 1201, 791, 965, 1237, 1430, 1205, 1668, 1358, 1094, 901, 1225, 1636, 1159, 928, 1691, 1514, 1059, 978, 1496, 2007, 1508, 771, 1330, 1398, 930, 808, 1236, 1803, 1582, 909, 1441, 1194, 499, 718, 1169, 1576, 1085, 1372, 1439, 1018, 742, 858, 1123, 1084, 855, 1308, 1066, 956, 993, 797, 984, 1002, 1102, 1079, 977, 1103, 906, 791, 1164, 1298, 1189, 1196, 959, 803, 714, 701, 986, 1206, 1257, 1265, 929, 876, 756, 765, 940, 1380, 1504, 1298, 1116, 890, 714, 899, 1131, 1455, 1565, 1053, 865, 860, 805, 782, 858, 1057, 1261, 788, 1052, 1053, 806, 693, 994, 1281, 1083, 743, 1007, 887, 731, 609, 949, 1105, 729, 756, 897, 845, 634, 500, 762, 863, 692, 729, 880, 893, 632, 504, 625, 647, 626, 527, 641, 675, 548, 589, 589, 495, 555, 595, 566, 543, 502, 450, 478, 472, 534, 509, 610, 557, 495, 523, 562, 532, 429, 552, 514, 646, 657, 534, 564, 653, 557]"
-0.44130659103393555,0.30689820647239685,-1.0096032619476318,0.4986008405685425,0.3495817184448242,0.45633894205093384,0.043372489511966705,-0.47814294695854187,-0.7434368133544922,27.75,-0.47814294695854187,0.5938053131103516,27.5,-0.47814294695854187,0.6560325622558594,20.5,-0.127667635679245,-0.40726661682128906,27.75,0.08090093731880188,-0.10929107666015625,26.5,"[663, 574, 480, 551, 591, 550, 481, 575, 619, 535, 584, 687, 690, 580, 539, 653, 457, 443, 533, 595, 619, 612, 559, 528, 463, 591, 599, 529, 536, 586, 564, 496, 540, 575, 534, 461, 484, 525, 587, 484, 605, 527, 517, 549, 564, 571, 548, 562, 582, 445, 418, 526, 547, 535, 462, 564, 543, 423, 569, 577, 495, 518, 585, 613, 555, 454, 486, 516, 475, 538, 527, 557, 595, 515, 524, 516, 559, 588, 475, 519, 592, 490, 566, 509, 485, 500, 407, 537, 586, 481, 549, 570, 534, 517, 487, 535, 514, 433, 538, 583, 520, 419, 417, 546, 549, 507, 573, 576, 614, 543, 619, 655, 567, 563, 587, 586, 632, 675, 707, 687, 536, 517, 527, 579, 593, 590, 575, 590, 505, 428, 499, 536, 483, 500, 486, 502, 538, 527, 596, 540, 395, 539, 555, 534, 531, 554, 563, 554, 490, 528, 521, 489, 1117, 1017, 730, 682, 711, 768, 733, 801, 4938, 5286, 3066, 1529, 2011, 2888, 2977, 2555, 9649, 11521, 7066, 2731, 4120, 6300, 6333, 4443, 8334, 12200, 8959, 3282, 4407, 7768, 8402, 4752, 7212, 12250, 9368, 2939, 4123, 7730, 8742, 4231, 8026, 11847, 8242, 2246, 4063, 7025, 7141, 2833, 4814, 6346, 4505, 1474, 2813, 3852, 3928, 2132, 1796, 2487, 1883, 861, 1339, 1473, 1781, 1301, 2295, 3583, 2619, 811, 1254, 1615, 2049, 972, 2790, 4302, 3007, 718, 1519, 1797, 2270, 915, 2573, 4106, 2990, 803, 1496, 1944, 2171, 948, 1957, 3759, 3251, 1158, 1197, 1673, 2217, 1240, 2286, 4135, 3651, 1352, 1371, 1648, 2232, 1407, 2431, 4147, 3384, 1063, 1399, 1556, 2093, 1155, 1843, 2950, 2334, 871, 1409, 1345, 1464, 811, 1594, 2363, 1803, 673, 1415, 1467, 1115, 626, 1629, 2334, 1785, 601, 1358, 1380, 908, 640, 1535, 2030, 1577, 606, 1079, 1132, 1022, 692, 1439, 1779, 1341, 813, 1020, 1092, 1104, 725, 2095, 2719, 1757, 675, 1583, 1756, 1323, 760, 4138, 5411, 3310, 930, 3246, 3165, 2193, 937, 4069, 5622, 3569, 1106, 3206, 2967, 2124, 925, 1917, 2664, 1838, 898, 1661, 1485, 1121, 781, 879, 1185, 961, 617, 803, 751, 788, 586, 829, 1183, 915, 580, 690, 630, 787, 560, 856, 1065, 810, 636, 734, 707, 725, 564, 781, 947, 754, 633, 692, 691, 677, 647, 620, 706, 668, 582, 628, 526, 582, 632, 630, 682, 709, 599, 643, 686, 747, 700, 626, 697, 701, 602, 581, 683, 668, 641, 1180, 970, 846, 974, 1011, 1005, 813, 954, 1881, 2028, 1586, 1382, 1744, 1728, 1298, 1323, 2058, 2517, 1640, 1149, 1767, 1663, 1238, 1121, 2036, 2381, 1393, 1051, 1504, 1462, 1210, 1027, 1914, 2271, 1658, 1076, 1648, 1776, 1333, 1049, 1458, 1881, 1511, 922, 1334, 1408, 1008, 866, 954, 1370, 1282, 807, 955, 1133, 941, 805, 791, 1058, 970, 674, 794, 947, 800, 660, 1354, 1691, 1233, 604, 939, 1063, 1008, 683, 1462, 1805, 1262, 626, 972, 1049, 967, 775, 867, 982, 864, 734, 691, 769, 757, 702, 569, 642, 679, 565, 527, 638, 681, 562, 663, 685, 711, 621, 577, 637, 751, 726, 876, 928, 753, 678, 710, 686, 782, 741, 907, 1036, 858, 754, 737, 738, 906, 823, 838, 846, 797, 704, 678, 739, 819, 746, 761, 855, 670, 724, 709, 861, 854, 680, 778, 802, 607, 655, 698, 734, 732, 739, 776, 739, 753, 693, 630, 719, 829, 797, 858, 811, 725, 779, 663, 758, 837, 746, 729, 828, 677, 633, 692, 727, 757, 681, 584, 656, 645, 649, 726, 648, 663, 693, 658, 769, 734, 677, 715, 747, 739, 659, 731, 805, 695, 643, 725, 749, 762, 622, 652, 721, 658, 640, 612, 698, 684, 561, 629, 652, 608, 691, 678, 600, 617, 647, 698, 687, 703, 714, 743, 706, 778, 746, 661, 660, 608, 674, 702, 765, 696, 625, 716, 902, 768, 622, 707, 876, 892, 746, 799, 878, 872, 702, 689, 853, 898, 849, 764, 1017, 1023, 710, 699, 1076, 1153, 890, 724, 889, 971, 672, 645, 942, 938, 753, 848, 903, 1075, 923, 667, 890, 1018, 958, 1059, 1276, 1437, 1155, 745, 1236, 1342, 1098, 796, 1093, 1255, 1017, 729, 1163, 1279, 926, 655, 798, 860, 709, 691, 919, 892, 696, 860, 908, 806, 725, 735, 901, 897, 839, 598, 701, 726, 705, 629, 695, 757, 660, 651, 633, 720, 615, 565, 678, 656, 631, 646, 775, 885, 712, 643, 757, 799, 716, 686, 877, 991, 743, 685, 791, 912, 824, 617, 768, 773, 579, 600, 674, 782, 749, 699, 647, 583, 599, 569, 613, 688, 665, 785, 583, 659, 692, 649, 638, 661, 765, 865, 761, 835, 721, 716, 825, 899, 946, 846, 813, 697, 577, 706, 809, 897, 828, 786, 707, 691, 691, 676, 751, 708, 703, 728, 663, 806, 670, 674, 838, 746, 728, 781, 802, 954, 749, 659, 962, 932, 722, 808, 933, 873, 773, 683, 905, 862, 750, 1072, 974, 692, 785, 808, 1099, 1006, 729, 915, 815, 686, 754, 779, 944, 837, 806, 777, 637, 868, 864, 730, 837, 806, 897, 819, 745, 951, 896, 793, 940, 915, 761, 717, 787, 823, 778, 630, 677, 754, 678, 733, 713, 618, 645, 494, 573, 622, 564, 844, 643, 673, 712, 647, 609, 606, 845, 896, 631, 846, 900, 680, 658, 921, 1132, 947, 1076, 1176, 911, 849, 1128, 1654, 1577, 1220, 1680, 1566, 998, 1028, 1850, 2478, 2105, 1065, 1741, 1732, 883, 1101, 2073, 2568, 1814, 950, 1539, 1532, 802, 1034, 1530, 1767, 1374, 1027, 1134, 1505, 1063, 990, 977, 1165, 1497, 1118, 1105, 1551, 1203, 1009, 1047, 1441, 1877, 1397, 1113, 1282, 1079, 1122, 1281, 1136, 1498, 1538, 1512, 1408, 1262, 1100, 1542, 1228, 1245, 1263, 1429, 1511, 1287, 1028, 1219, 1551, 1446, 1028, 1092, 1107, 864, 756, 861, 1257, 1188, 872, 748, 818, 773, 650, 635, 1093, 1201, 684, 610, 688, 693, 574, 583, 931, 944, 653, 587, 452, 451, 536, 666, 677, 614, 666, 630, 542, 493, 514, 620, 687, 667, 628, 641, 617, 562, 615, 657, 624, 633, 582, 628, 578, 538, 524, 662, 632, 592, 513, 553, 577, 559, 501, 610, 679, 520, 582, 637, 571, 495, 474, 586, 666, 526, 535, 677, 536, 424, 522, 585, 542, 400, 442, 484, 485, 425, 487, 551, 487, 441, 526, 533, 472, 452, 468, 492, 534, 492]"
-0.2019796371459961,0.43664154410362244,-0.5113503932952881,0.8260231018066406,0.2884369492530823,1.045994758605957,0.32779842615127563,-0.30737608671188354,0.4448890686035156,30.5,-0.28191298246383667,-0.42815208435058594,21.75,-0.0882217288017273,-0.20341873168945312,28.5,0.10675698518753052,-0.19211769104003906,24.25,0.14037400484085083,-0.2007007598876953,22.25,"[629, 634, 725, 705, 621, 707, 721, 631, 587, 585, 635, 709, 631, 613, 651, 588, 611, 606, 529, 576, 564, 639, 588, 553, 603, 562, 487, 445, 426, 527, 569, 564, 450, 514, 479, 443, 432, 410, 449, 473, 502, 507, 570, 588, 496, 435, 529, 545, 511, 534, 493, 444, 494, 453, 440, 435, 503, 499, 415, 413, 429, 466, 530, 498, 515, 486, 426, 427, 439, 498, 477, 468, 504, 543, 542, 555, 529, 564, 553, 510, 497, 524, 579, 591, 521, 549, 552, 481, 430, 482, 626, 573, 460, 479, 620, 549, 512, 529, 591, 557, 533, 547, 606, 573, 573, 662, 615, 577, 543, 533, 558, 499, 606, 590, 523, 544, 620, 529, 562, 601, 675, 658, 505, 605, 583, 501, 590, 645, 620, 604, 466, 525, 565, 518, 524, 616, 819, 1391, 1411, 825, 776, 1311, 1412, 1059, 3693, 8941, 8096, 2777, 2604, 6298, 7966, 4214, 8634, 17878, 15143, 4662, 5507, 12163, 14403, 6282, 8192, 14927, 12501, 4141, 5340, 11440, 12362, 4698, 4568, 7745, 6297, 2698, 3354, 8364, 9218, 3964, 5632, 8216, 5090, 2015, 3648, 8225, 8772, 3540, 4433, 5282, 2895, 1606, 3139, 5602, 5387, 2529, 1840, 1826, 1150, 869, 1467, 1924, 1485, 877, 1052, 1408, 1109, 755, 915, 999, 925, 772, 954, 1313, 1098, 718, 720, 789, 845, 672, 1131, 1511, 1123, 732, 805, 888, 959, 656, 1103, 1472, 1224, 648, 781, 848, 1037, 633, 1646, 2333, 1818, 809, 1096, 1091, 1272, 749, 1498, 2126, 1546, 743, 1106, 1052, 1126, 748, 1203, 1885, 1554, 865, 914, 1361, 1479, 874, 2659, 3351, 2051, 902, 1493, 1662, 1521, 971, 4955, 5979, 3369, 1507, 2588, 2692, 2571, 1738, 5207, 6520, 3668, 1346, 3096, 3051, 2798, 1602, 4066, 5188, 3010, 1173, 2760, 2503, 2003, 1236, 2849, 3761, 2300, 999, 2008, 1926, 1589, 1066, 1807, 2391, 1628, 808, 1375, 1724, 1643, 1141, 821, 1185, 970, 560, 699, 884, 1007, 795, 1021, 1030, 822, 648, 758, 798, 764, 789, 784, 781, 797, 664, 606, 758, 873, 809, 709, 822, 772, 722, 682, 739, 805, 666, 898, 916, 797, 654, 659, 733, 818, 766, 927, 927, 701, 543, 660, 734, 696, 697, 778, 862, 757, 638, 711, 710, 730, 702, 751, 948, 771, 658, 662, 697, 779, 659, 792, 1004, 891, 631, 667, 907, 900, 728, 821, 1143, 953, 709, 680, 913, 962, 744, 735, 882, 778, 671, 710, 760, 729, 606, 1005, 1180, 812, 706, 913, 848, 822, 695, 1663, 1813, 1237, 997, 1315, 1120, 1020, 1045, 2036, 2498, 1833, 1129, 1402, 1473, 1317, 1380, 2221, 3028, 2624, 1590, 1563, 1893, 1928, 1571, 1977, 2736, 2297, 1501, 1480, 1710, 1688, 1435, 2705, 3916, 2754, 938, 2443, 2448, 1546, 981, 3102, 4458, 3112, 1294, 2952, 2781, 1689, 1073, 1717, 2337, 1718, 911, 1607, 1631, 1045, 814, 956, 1043, 850, 733, 1037, 1051, 736, 695, 840, 1068, 885, 631, 805, 799, 771, 764, 849, 1058, 949, 692, 914, 880, 763, 822, 631, 904, 995, 712, 795, 902, 755, 655, 702, 846, 823, 713, 710, 822, 809, 605, 790, 897, 809, 767, 635, 730, 762, 619, 770, 935, 984, 741, 670, 717, 728, 808, 645, 740, 849, 680, 641, 718, 740, 685, 850, 952, 739, 611, 738, 715, 683, 681, 704, 823, 691, 556, 755, 658, 606, 662, 675, 828, 753, 620, 699, 649, 676, 657, 756, 807, 745, 625, 746, 726, 665, 658, 679, 742, 723, 606, 684, 751, 676, 545, 638, 598, 597, 653, 659, 727, 841, 729, 720, 678, 701, 670, 600, 810, 881, 680, 761, 797, 701, 589, 582, 838, 831, 621, 611, 742, 725, 588, 562, 823, 821, 565, 754, 747, 742, 644, 627, 698, 670, 633, 768, 826, 820, 644, 609, 777, 715, 672, 879, 712, 832, 727, 736, 908, 976, 917, 962, 870, 935, 809, 773, 1098, 1109, 987, 863, 990, 895, 667, 787, 1194, 1238, 936, 813, 988, 1080, 721, 632, 1176, 1363, 1095, 763, 704, 912, 799, 657, 914, 1030, 994, 655, 711, 684, 582, 675, 820, 761, 638, 705, 756, 791, 762, 678, 687, 749, 725, 738, 848, 827, 856, 843, 821, 834, 637, 716, 835, 663, 576, 667, 686, 656, 552, 745, 767, 656, 623, 671, 668, 713, 742, 762, 703, 595, 689, 705, 753, 720, 728, 726, 823, 730, 705, 754, 817, 817, 714, 693, 759, 763, 692, 608, 638, 718, 652, 715, 614, 526, 563, 626, 607, 632, 675, 621, 615, 598, 659, 618, 544, 607, 566, 933, 927, 829, 846, 817, 767, 768, 707, 1136, 959, 730, 809, 914, 921, 750, 913, 725, 771, 691, 665, 783, 850, 838, 722, 662, 752, 672, 551, 582, 771, 763, 641, 763, 868, 646, 535, 752, 833, 721, 507, 896, 1021, 831, 582, 758, 983, 845, 583, 920, 1123, 1004, 675, 656, 943, 804, 725, 803, 829, 741, 645, 697, 782, 696, 778, 614, 710, 643, 538, 543, 623, 754, 681, 747, 666, 636, 638, 647, 751, 870, 848, 789, 671, 784, 725, 864, 945, 911, 911, 669, 771, 817, 669, 707, 835, 849, 810, 668, 905, 864, 596, 629, 705, 842, 703, 755, 815, 1057, 906, 680, 813, 1075, 1051, 1148, 1174, 1802, 1471, 728, 1307, 1960, 2009, 1534, 1752, 2751, 2021, 738, 1876, 3083, 3126, 1503, 1684, 2553, 1711, 859, 1885, 3144, 3156, 988, 1280, 1462, 850, 785, 1129, 1823, 1759, 819, 765, 771, 773, 715, 807, 937, 892, 1039, 911, 1154, 818, 787, 946, 1363, 1524, 1481, 1188, 1295, 1083, 1058, 1218, 818, 1338, 1544, 1861, 1435, 991, 1176, 2106, 1837, 837, 1608, 1880, 1118, 838, 1127, 2124, 2369, 1581, 1415, 1729, 1376, 1013, 895, 1674, 1951, 1378, 1791, 1766, 1572, 1130, 997, 1507, 1437, 1408, 1444, 1351, 1575, 1137, 886, 1273, 1283, 1540, 954, 1168, 1181, 779, 669, 1028, 1301, 1152, 812, 1148, 1031, 796, 686, 1043, 1343, 982, 731, 1045, 1165, 999, 688, 818, 1152, 1008, 808, 1361, 1937, 1662, 986, 899, 1328, 1324, 899, 1572, 2070, 1690, 944, 1167, 1576, 1460, 683, 932, 1333, 1225, 788, 913, 1201, 1126, 647, 502, 860, 893, 600, 552, 693, 758, 529, 472, 571, 649, 541, 538, 571, 570, 583, 634, 572, 569, 533, 690, 774, 737, 529, 523, 524, 540, 454, 673, 962, 909, 453, 374, 460, 427, 438, 553, 605, 585]"
0.0482616201043129,0.3089744448661804,-0.4906807839870453,1.2299681901931763,0.004555493593215942,0.9900414943695068,0.7615712881088257,-0.4589409828186035,0.6155490875244141,20.25,-0.4589409828186035,0.7514476776123047,18.0,-0.4589409828186035,1.7409324645996094,15.5,0.2507357597351074,0.02460479736328125,23.0,0.26003408432006836,-0.07581710815429688,19.0,"[606, 676, 590, 684, 889, 686, 591, 677, 585, 626, 629, 710, 829, 731, 664, 652, 586, 532, 552, 640, 737, 633, 566, 562, 587, 592, 530, 535, 582, 547, 485, 524, 497, 511, 498, 504, 457, 463, 487, 441, 530, 440, 453, 519, 561, 548, 475, 549, 536, 543, 572, 578, 579, 596, 583, 574, 612, 565, 541, 560, 579, 542, 492, 581, 525, 630, 577, 492, 440, 417, 479, 446, 533, 607, 607, 542, 496, 487, 589, 543, 475, 513, 539, 533, 554, 477, 520, 524, 585, 603, 515, 440, 596, 626, 462, 474, 492, 508, 487, 574, 598, 532, 437, 411, 489, 556, 669, 686, 614, 528, 592, 603, 616, 601, 630, 651, 618, 606, 633, 640, 581, 529, 562, 583, 546, 429, 505, 612, 880, 1402, 1317, 865, 634, 935, 1434, 1145, 2751, 5676, 4811, 1996, 1191, 3693, 5309, 2985, 3868, 7874, 6553, 2642, 1375, 4644, 6747, 3438, 2875, 5236, 5110, 2839, 1444, 2992, 5022, 3443, 2647, 5311, 5908, 4271, 2362, 5442, 6892, 4884, 3930, 5232, 5537, 3993, 3769, 8440, 9088, 4723, 4158, 5671, 5215, 3724, 4270, 9951, 11084, 6560, 2470, 3820, 4635, 2711, 2710, 6349, 6838, 4197, 1272, 1846, 1903, 1078, 1382, 1814, 1598, 1082, 1652, 2499, 1896, 871, 1386, 1491, 1476, 901, 2150, 3122, 2274, 743, 1462, 1787, 1766, 981, 1853, 2413, 1752, 904, 1161, 1239, 1336, 949, 2679, 4171, 3195, 1409, 1788, 2273, 2441, 1580, 6497, 10146, 7527, 2914, 4107, 5320, 5922, 3093, 9251, 13010, 8470, 3603, 5860, 6691, 6985, 3437, 6880, 9050, 5467, 2689, 4696, 4719, 4292, 2390, 5177, 6564, 4100, 2103, 3334, 3542, 3078, 2151, 3650, 4723, 3111, 1602, 2312, 2304, 2183, 1622, 1911, 2514, 1904, 1099, 1135, 1251, 1384, 1079, 977, 1207, 1045, 774, 760, 668, 836, 717, 753, 919, 845, 620, 690, 675, 721, 679, 898, 830, 705, 696, 768, 748, 700, 757, 1122, 1401, 1104, 711, 768, 1105, 1181, 1013, 1033, 1413, 1211, 794, 747, 1186, 1503, 1191, 703, 853, 769, 672, 610, 886, 1142, 951, 759, 980, 1131, 876, 786, 1296, 1301, 851, 760, 1033, 1083, 741, 847, 1323, 1212, 727, 809, 1056, 1030, 666, 739, 1103, 1000, 608, 971, 1387, 1168, 640, 887, 1106, 1004, 680, 787, 1159, 1020, 640, 775, 873, 860, 628, 738, 859, 789, 662, 674, 654, 639, 605, 742, 782, 725, 647, 651, 712, 725, 638, 880, 1002, 823, 783, 876, 925, 774, 601, 1069, 1497, 1295, 1020, 1239, 1373, 1030, 727, 1590, 2171, 2194, 1659, 1505, 2029, 1807, 1135, 3037, 4455, 3687, 2231, 2719, 3245, 2522, 1412, 4183, 5984, 4130, 2142, 3462, 3958, 2933, 1327, 2876, 4134, 2972, 1615, 2305, 2851, 2450, 1291, 1258, 1786, 1612, 1032, 1266, 1625, 1437, 954, 962, 1596, 1486, 776, 1168, 1330, 908, 607, 1126, 1874, 1723, 730, 1338, 1517, 942, 815, 1148, 1368, 1286, 880, 1035, 1149, 1017, 1079, 1043, 967, 758, 738, 734, 881, 853, 801, 1375, 1493, 1043, 955, 981, 1053, 912, 846, 1051, 1410, 1159, 757, 813, 951, 975, 720, 676, 1163, 1106, 741, 728, 804, 920, 756, 786, 1127, 1046, 703, 726, 833, 827, 723, 813, 948, 811, 623, 686, 734, 691, 664, 760, 962, 774, 585, 656, 694, 676, 552, 713, 865, 770, 724, 731, 659, 697, 618, 651, 747, 810, 700, 599, 691, 685, 591, 651, 603, 587, 570, 550, 532, 492, 576, 652, 691, 558, 540, 661, 685, 577, 644, 604, 679, 632, 550, 663, 655, 571, 612, 710, 748, 608, 555, 740, 607, 490, 599, 834, 884, 627, 618, 744, 716, 643, 664, 678, 719, 682, 658, 667, 757, 823, 690, 711, 746, 720, 637, 709, 763, 710, 586, 634, 722, 724, 621, 674, 753, 704, 556, 745, 730, 791, 650, 765, 840, 682, 706, 696, 686, 691, 559, 662, 729, 581, 696, 695, 778, 883, 639, 724, 700, 672, 778, 742, 908, 859, 706, 716, 664, 547, 660, 737, 831, 787, 684, 793, 768, 685, 704, 612, 605, 718, 603, 696, 606, 623, 742, 686, 676, 695, 705, 740, 697, 612, 634, 692, 694, 704, 695, 657, 695, 652, 577, 690, 665, 649, 625, 733, 780, 685, 572, 663, 747, 634, 655, 822, 855, 705, 596, 615, 641, 566, 692, 787, 871, 769, 591, 462, 625, 679, 611, 537, 604, 613, 513, 625, 676, 673, 654, 731, 601, 591, 635, 624, 542, 597, 670, 742, 624, 592, 729, 576, 446, 499, 553, 516, 532, 624, 707, 566, 598, 614, 582, 598, 722, 771, 660, 690, 712, 655, 645, 664, 684, 726, 709, 684, 571, 549, 653, 696, 641, 543, 622, 768, 684, 619, 602, 640, 682, 644, 695, 742, 735, 646, 581, 667, 827, 718, 643, 785, 784, 651, 755, 790, 801, 792, 642, 870, 877, 879, 830, 672, 946, 1036, 836, 747, 853, 897, 718, 702, 907, 923, 774, 721, 630, 656, 619, 621, 626, 601, 759, 754, 557, 572, 589, 687, 686, 740, 841, 660, 598, 627, 677, 686, 659, 755, 745, 630, 680, 735, 765, 807, 700, 653, 688, 703, 678, 737, 751, 814, 771, 627, 676, 773, 802, 690, 731, 872, 870, 681, 619, 781, 727, 637, 662, 604, 738, 695, 630, 959, 712, 934, 834, 676, 882, 1376, 1393, 1492, 986, 1365, 1035, 892, 1128, 2202, 2475, 1401, 1102, 1271, 1045, 1010, 1100, 1668, 2046, 1194, 1287, 1505, 1207, 953, 1319, 1501, 1418, 1189, 1382, 1727, 1420, 997, 1549, 1821, 1657, 996, 1114, 1382, 1302, 842, 1560, 1936, 1467, 946, 1205, 1178, 1237, 1038, 1531, 1881, 1447, 865, 1179, 1301, 1072, 1043, 1267, 1248, 1010, 1073, 1459, 1515, 1058, 753, 978, 1116, 1138, 1008, 1507, 1562, 964, 781, 913, 1217, 1225, 841, 1128, 1212, 866, 880, 803, 1142, 1231, 871, 1031, 1228, 954, 872, 878, 1135, 1302, 727, 1247, 1381, 885, 699, 1065, 1494, 1292, 653, 1168, 1178, 800, 641, 999, 1409, 1114, 637, 782, 653, 537, 609, 850, 1058, 820, 638, 601, 508, 523, 490, 715, 873, 785, 714, 590, 684, 568, 539, 654, 856, 915, 605, 595, 634, 591, 573, 624, 776, 787, 485, 520, 633, 569, 454, 531, 589, 593, 467, 424, 423, 405, 365, 434, 508, 508, 462, 463, 487, 482, 438, 416, 414, 454, 494, 508, 508, 455, 397, 517, 509, 477, 471, 473, 465, 478, 449, 513, 543, 444]"
0.3462337255477905,0.19769145548343658,-0.39966145157814026,1.755920171737671,-0.23367856442928314,1.017797589302063,1.3417686223983765,-0.39457565546035767,0.6141185760498047,-28.25,-0.39457565546035767,0.8624553680419922,16.5,-0.39457565546035767,0.9105205535888672,24.25,-0.39457565546035767,0.9175300598144531,23.5,-0.39457565546035767,0.9358406066894531,16.25,"[560, 581, 625, 677, 754, 674, 625, 583, 513, 539, 624, 691, 688, 609, 588, 581, 445, 556, 593, 587, 545, 597, 620, 471, 541, 564, 527, 500, 486, 555, 499, 498, 551, 496, 436, 538, 527, 494, 505, 524, 598, 587, 575, 603, 543, 530, 536, 543, 520, 532, 460, 563, 606, 491, 440, 487, 519, 518, 494, 539, 534, 493, 515, 529, 547, 555, 592, 578, 578, 437, 525, 572, 516, 518, 538, 543, 551, 492, 498, 507, 535, 540, 525, 527, 472, 410, 469, 496, 505, 543, 544, 524, 455, 457, 563, 546, 486, 515, 569, 545, 479, 478, 479, 466, 600, 633, 610, 573, 580, 565, 540, 561, 560, 611, 568, 554, 609, 693, 706, 623, 578, 603, 581, 562, 561, 667, 640, 512, 2150, 2250, 1338, 939, 1315, 1939, 1707, 1177, 12522, 18857, 12454, 3478, 7144, 16549, 17361, 5718, 25355, 42066, 28825, 6888, 13934, 36676, 40211, 13156, 20258, 34166, 23689, 5469, 10391, 28642, 32080, 10592, 5208, 9217, 7036, 3099, 2781, 8268, 9673, 4518, 3035, 7319, 9452, 7450, 2744, 7131, 10452, 6523, 3335, 8072, 9867, 7550, 3374, 7866, 11094, 6657, 2567, 4781, 5194, 3624, 2095, 3595, 5114, 3255, 1886, 2350, 2521, 2017, 1610, 1344, 2445, 2133, 908, 1364, 1331, 1241, 1056, 1329, 1970, 1486, 1023, 2122, 1982, 901, 1011, 1521, 1682, 1001, 1829, 3136, 2483, 782, 1375, 1932, 1887, 713, 1762, 2907, 2310, 729, 1417, 1648, 1474, 773, 4787, 7244, 4975, 1381, 2217, 3766, 4482, 1587, 10660, 15454, 10159, 2482, 4638, 8658, 9510, 2544, 9665, 13745, 8831, 2494, 4502, 8157, 8797, 2607, 4249, 6232, 3985, 1279, 2436, 3915, 4147, 1652, 2100, 2756, 1960, 720, 1283, 2104, 2016, 1133, 1758, 2068, 1435, 828, 1096, 1779, 1572, 814, 1054, 1181, 964, 765, 750, 1152, 1029, 620, 724, 813, 787, 596, 713, 842, 661, 573, 808, 843, 789, 673, 758, 850, 726, 592, 788, 912, 784, 634, 647, 967, 984, 655, 883, 904, 829, 710, 993, 1412, 1197, 737, 980, 908, 778, 680, 951, 1319, 1194, 899, 856, 968, 887, 704, 769, 1084, 1193, 924, 711, 1048, 1094, 776, 733, 1001, 1106, 867, 787, 1026, 1020, 709, 717, 995, 1043, 876, 737, 1021, 1059, 802, 707, 1001, 1059, 812, 944, 1276, 1203, 888, 871, 1017, 1044, 850, 1029, 1489, 1276, 965, 1143, 1081, 1016, 851, 1076, 1607, 1476, 1237, 1374, 1204, 1081, 941, 1182, 1719, 1568, 1115, 1259, 1281, 1033, 917, 1561, 2471, 2096, 892, 1659, 1952, 1495, 937, 1825, 2723, 2071, 1299, 2283, 2346, 1549, 945, 2717, 3114, 1629, 1974, 2811, 1974, 1196, 1214, 2164, 2420, 1242, 1561, 2194, 1579, 948, 1104, 1250, 1633, 1229, 880, 1335, 1378, 1026, 767, 1129, 1466, 1162, 861, 1305, 1412, 1007, 646, 1050, 1439, 1207, 673, 1125, 1226, 868, 616, 991, 1375, 1198, 722, 1078, 1071, 802, 629, 890, 1243, 1256, 812, 953, 1066, 922, 802, 1107, 1312, 1199, 837, 935, 999, 742, 750, 1022, 1093, 868, 766, 869, 942, 726, 666, 842, 976, 890, 672, 761, 895, 823, 660, 776, 1164, 1033, 714, 849, 1005, 960, 647, 654, 702, 734, 729, 676, 614, 694, 627, 827, 828, 712, 624, 743, 716, 554, 701, 996, 905, 643, 601, 727, 712, 531, 710, 967, 986, 720, 541, 582, 597, 590, 702, 847, 1028, 922, 664, 631, 663, 604, 651, 730, 729, 750, 672, 667, 731, 723, 698, 699, 770, 822, 631, 679, 742, 722, 653, 684, 852, 852, 667, 716, 830, 739, 548, 699, 806, 768, 576, 504, 677, 718, 599, 697, 693, 564, 547, 531, 556, 672, 673, 697, 705, 646, 586, 616, 693, 759, 661, 699, 819, 817, 700, 749, 832, 890, 740, 664, 859, 789, 616, 717, 769, 824, 758, 556, 757, 765, 628, 694, 702, 744, 714, 606, 641, 733, 714, 672, 503, 564, 695, 657, 738, 737, 630, 753, 709, 653, 704, 736, 807, 756, 621, 736, 872, 865, 804, 698, 756, 679, 663, 748, 802, 807, 709, 765, 775, 599, 715, 864, 827, 676, 614, 741, 772, 646, 665, 763, 733, 667, 586, 697, 666, 646, 673, 654, 728, 691, 678, 656, 576, 604, 676, 697, 679, 631, 647, 671, 636, 563, 656, 689, 595, 603, 625, 699, 593, 591, 604, 671, 606, 549, 716, 596, 561, 618, 557, 631, 588, 633, 695, 579, 554, 540, 557, 635, 608, 657, 610, 661, 556, 526, 627, 664, 580, 555, 606, 646, 569, 551, 657, 633, 523, 540, 643, 846, 645, 713, 682, 725, 844, 675, 771, 891, 782, 802, 641, 790, 1131, 884, 860, 776, 692, 713, 644, 743, 969, 868, 684, 653, 584, 626, 720, 733, 639, 578, 662, 588, 599, 612, 588, 707, 692, 654, 641, 709, 708, 590, 559, 669, 761, 671, 598, 696, 639, 558, 603, 606, 602, 633, 636, 693, 658, 662, 687, 533, 626, 753, 711, 676, 612, 659, 603, 533, 573, 671, 701, 798, 789, 645, 634, 668, 776, 818, 785, 833, 679, 685, 569, 613, 712, 831, 935, 928, 738, 726, 667, 717, 695, 699, 938, 657, 670, 785, 698, 664, 738, 713, 708, 599, 647, 708, 699, 605, 646, 649, 584, 613, 717, 693, 663, 724, 630, 542, 503, 814, 786, 789, 798, 745, 832, 998, 970, 1062, 990, 1103, 1001, 803, 1116, 1533, 1482, 1112, 1302, 1337, 1083, 841, 1160, 1730, 1575, 807, 1115, 1258, 968, 827, 1087, 1419, 1232, 808, 1052, 1192, 1043, 926, 1116, 1253, 1112, 901, 855, 996, 1009, 858, 899, 1037, 1136, 858, 993, 941, 937, 821, 743, 1042, 1019, 1583, 1504, 1024, 904, 1177, 1580, 1463, 1200, 1804, 1648, 1515, 1262, 1295, 1655, 1592, 1837, 1442, 1265, 1870, 1858, 1236, 1161, 1277, 1609, 1884, 1331, 2605, 2965, 1953, 1425, 1297, 1915, 1790, 1421, 2776, 2961, 1972, 1287, 1429, 2162, 1304, 1435, 2453, 2518, 1652, 1020, 1331, 1846, 1154, 1360, 1956, 1878, 1158, 999, 1010, 1340, 846, 1099, 1302, 1102, 864, 825, 836, 920, 700, 865, 983, 971, 833, 667, 743, 727, 737, 947, 852, 734, 755, 818, 795, 588, 607, 754, 657, 632, 585, 712, 831, 574, 501, 531, 671, 653, 520, 621, 652, 536, 477, 588, 634, 596, 483, 553, 610, 525, 588, 574, 605, 548, 481, 621, 820, 774, 593, 536, 626, 679, 478, 560, 775, 761, 545, 524, 613, 610, 387, 504, 587, 602]"
0.46318256855010986,0.2326114922761917,-0.17166472971439362,1.7146424055099487,-0.17630279064178467,1.2072947025299072,1.1122084856033325,-0.39418137073516846,0.6443023681640625,25.75,0.06858909130096436,0.30999183654785156,19.5,0.18331611156463623,-0.176239013671875,20.25,0.18388831615447998,-0.2524852752685547,15.25,0.35926902294158936,0.05364418029785156,16.75,"[387, 510, 640, 556, 543, 558, 638, 511, 566, 665, 688, 580, 627, 710, 740, 575, 524, 580, 608, 566, 525, 542, 591, 578, 506, 511, 492, 582, 562, 481, 483, 521, 525, 478, 557, 541, 474, 434, 531, 552, 460, 531, 536, 466, 463, 457, 504, 511, 601, 553, 502, 459, 506, 559, 602, 643, 650, 545, 446, 454, 595, 581, 476, 573, 481, 474, 455, 396, 440, 492, 433, 439, 522, 513, 615, 546, 456, 487, 574, 624, 482, 446, 510, 542, 451, 488, 583, 519, 459, 520, 558, 534, 530, 538, 526, 455, 483, 567, 552, 560, 579, 542, 509, 503, 515, 588, 499, 501, 571, 543, 565, 494, 529, 501, 521, 640, 602, 556, 569, 568, 707, 585, 596, 682, 646, 541, 479, 676, 559, 633, 623, 577, 583, 585, 593, 577, 2503, 3062, 1695, 747, 1661, 3000, 2636, 781, 6065, 10127, 6823, 1358, 4475, 9963, 10634, 4055, 4969, 11298, 9128, 2351, 4353, 10608, 12857, 6708, 1128, 4848, 5151, 2055, 2104, 4136, 5496, 4085, 805, 1384, 1581, 1275, 1138, 1413, 2007, 1674, 1336, 2972, 5150, 4582, 777, 5012, 6328, 3493, 1503, 5798, 10110, 8085, 1289, 9411, 10952, 5430, 919, 4899, 8058, 5850, 1328, 7493, 8202, 3982, 835, 2004, 3021, 2282, 866, 2742, 3117, 1833, 1930, 2684, 1941, 1146, 1384, 1944, 2057, 1155, 3663, 4886, 3261, 1251, 2077, 2262, 2394, 1495, 2492, 3216, 2293, 1238, 1325, 1333, 1610, 1275, 1019, 935, 920, 1057, 865, 642, 806, 904, 1011, 982, 974, 1021, 777, 809, 978, 939, 1763, 2994, 2485, 1058, 1202, 2263, 2570, 1358, 3490, 5648, 4438, 1535, 2460, 4580, 4689, 2122, 3112, 4579, 3593, 1398, 2520, 3952, 3598, 1715, 1844, 2751, 2294, 1130, 1450, 2160, 2110, 1361, 1547, 2325, 1874, 945, 1078, 1922, 1935, 1078, 1205, 1637, 1314, 760, 918, 1391, 1382, 849, 863, 997, 816, 636, 664, 993, 1016, 709, 665, 774, 726, 621, 598, 722, 797, 603, 678, 859, 806, 632, 626, 700, 828, 724, 645, 779, 845, 613, 711, 851, 920, 739, 1040, 1533, 1411, 841, 888, 1208, 1208, 872, 1193, 1753, 1488, 876, 852, 1050, 1252, 894, 795, 1001, 998, 808, 675, 751, 844, 711, 824, 1056, 1048, 709, 722, 965, 876, 756, 788, 960, 1078, 913, 782, 1009, 980, 737, 762, 922, 872, 855, 809, 890, 892, 680, 859, 1030, 878, 812, 832, 933, 827, 627, 1100, 1471, 1207, 863, 1040, 1097, 990, 787, 1531, 1911, 1308, 929, 1434, 1498, 1132, 939, 1502, 1731, 1140, 1000, 1539, 1520, 1166, 1026, 1075, 1133, 932, 830, 1036, 1169, 1028, 828, 856, 1088, 969, 665, 866, 985, 928, 716, 796, 1025, 1103, 806, 793, 917, 819, 861, 847, 936, 872, 705, 844, 910, 739, 817, 1083, 1324, 1016, 670, 920, 1035, 758, 821, 1145, 1449, 1220, 710, 865, 1027, 822, 776, 1127, 1326, 1191, 802, 813, 913, 796, 827, 840, 1109, 1054, 768, 804, 707, 631, 716, 801, 971, 930, 829, 834, 823, 752, 721, 805, 851, 791, 747, 669, 744, 791, 717, 835, 784, 723, 691, 715, 766, 814, 807, 725, 776, 669, 663, 772, 728, 667, 658, 678, 800, 721, 612, 739, 713, 686, 620, 580, 657, 654, 572, 580, 590, 607, 608, 631, 603, 530, 539, 622, 635, 593, 575, 625, 639, 451, 559, 613, 614, 662, 544, 773, 799, 605, 608, 662, 671, 743, 661, 818, 846, 678, 657, 708, 731, 753, 673, 684, 734, 662, 718, 692, 675, 686, 696, 656, 766, 702, 633, 631, 722, 670, 594, 642, 730, 636, 676, 632, 700, 698, 516, 610, 716, 662, 660, 602, 612, 655, 573, 611, 778, 739, 630, 557, 657, 716, 589, 672, 779, 653, 626, 669, 736, 778, 669, 712, 754, 709, 709, 747, 710, 720, 637, 863, 726, 696, 817, 872, 789, 733, 785, 1033, 803, 724, 762, 785, 827, 970, 1073, 922, 803, 728, 705, 762, 854, 1021, 1054, 676, 763, 749, 624, 744, 798, 793, 839, 595, 729, 721, 588, 686, 723, 717, 691, 589, 696, 702, 736, 743, 664, 715, 673, 606, 545, 685, 782, 693, 592, 673, 778, 631, 535, 641, 774, 659, 567, 826, 863, 537, 509, 628, 670, 688, 629, 721, 721, 509, 592, 660, 615, 651, 619, 595, 564, 525, 555, 651, 520, 571, 608, 576, 620, 606, 556, 623, 572, 633, 679, 619, 620, 727, 676, 617, 629, 664, 633, 652, 669, 687, 677, 631, 655, 615, 600, 618, 682, 629, 634, 769, 725, 573, 595, 698, 730, 786, 660, 709, 719, 717, 758, 837, 967, 668, 558, 636, 648, 655, 665, 763, 775, 627, 620, 745, 728, 614, 748, 817, 712, 656, 608, 720, 689, 628, 642, 752, 812, 677, 751, 741, 651, 677, 776, 742, 682, 668, 646, 613, 557, 608, 786, 714, 626, 614, 647, 650, 591, 761, 931, 759, 617, 635, 687, 643, 595, 695, 861, 796, 563, 595, 660, 682, 660, 548, 727, 784, 669, 613, 521, 548, 568, 505, 575, 682, 654, 724, 629, 728, 656, 586, 589, 756, 826, 670, 620, 709, 739, 716, 634, 798, 841, 607, 729, 730, 669, 684, 611, 697, 661, 637, 696, 619, 669, 801, 661, 622, 609, 701, 699, 656, 692, 708, 691, 710, 671, 646, 785, 765, 662, 695, 755, 760, 654, 796, 813, 1049, 955, 776, 731, 950, 1031, 951, 715, 1074, 1036, 762, 612, 781, 1134, 801, 671, 836, 870, 665, 721, 772, 918, 860, 653, 663, 784, 864, 811, 800, 969, 975, 864, 808, 921, 953, 914, 719, 856, 712, 930, 898, 767, 815, 1015, 969, 747, 767, 1052, 1144, 965, 809, 1073, 1152, 953, 1210, 1438, 1577, 1393, 756, 1255, 1497, 1204, 1390, 1528, 1341, 1114, 791, 1349, 1280, 1005, 1001, 1405, 1329, 977, 781, 1117, 1203, 977, 1258, 1380, 1530, 1200, 794, 1008, 1179, 1179, 1233, 1198, 1257, 1096, 805, 985, 1058, 989, 993, 1291, 1287, 945, 764, 953, 1018, 972, 856, 1318, 1322, 837, 691, 973, 1202, 926, 899, 1104, 1122, 938, 686, 849, 945, 926, 772, 707, 831, 835, 693, 608, 636, 763, 592, 593, 731, 744, 611, 563, 581, 600, 553, 588, 678, 654, 556, 525, 596, 558, 491, 520, 620, 622, 517, 528, 693, 599, 487, 449, 526, 495, 451, 473, 644, 658, 551, 495, 608, 626, 510, 436, 498, 610]"
0.6402078866958618,0.0,0.0,0.0,0.0,0.0,0.0,0.15381959080696106,-0.39267539978027344,26.25,0.19244340062141418,-0.3138542175292969,-28.75,0.20374444127082825,-0.1915454864501953,15.25,0.21089699864387512,-0.2666473388671875,-26.5,0.22005227208137512,-0.2197265625,31.5,"[584, 563, 599, 605, 591, 594, 599, 571, 570, 499, 582, 610, 620, 577, 585, 608, 533, 529, 609, 603, 545, 569, 599, 580, 511, 545, 540, 550, 475, 459, 523, 546, 552, 503, 510, 546, 524, 521, 569, 589, 526, 554, 501, 491, 479, 582, 550, 466, 468, 445, 459, 460, 420, 419, 455, 460, 473, 509, 512, 518, 509, 504, 459, 443, 566, 519, 516, 519, 570, 520, 537, 611, 645, 644, 515, 511, 585, 544, 611, 703, 604, 637, 525, 521, 528, 597, 648, 550, 600, 625, 477, 626, 728, 626, 554, 476, 573, 604, 535, 561, 612, 521, 471, 507, 579, 529, 540, 653, 622, 504, 488, 579, 510, 547, 550, 593, 566, 521, 490, 527, 507, 599, 567, 630, 682, 570, 552, 534, 499, 519, 549, 551, 497, 506, 604, 560, 1900, 2494, 2028, 1448, 1528, 2955, 3106, 1743, 9047, 13586, 10928, 7086, 7585, 19122, 19601, 8028, 16102, 25123, 21706, 13674, 14723, 39070, 39329, 14599, 11705, 18892, 16939, 11099, 10728, 30898, 31538, 11622, 3908, 6738, 5437, 4451, 2994, 10248, 11449, 5004, 2216, 3786, 2865, 1554, 1683, 3995, 4361, 1994, 1925, 3162, 2542, 1398, 1288, 2229, 2583, 1252, 1498, 2129, 1831, 1463, 1191, 1785, 1976, 1126, 1195, 1789, 1879, 1206, 867, 1381, 1258, 892, 2225, 3473, 2619, 827, 1180, 1598, 1822, 788, 2992, 4260, 2840, 831, 1393, 2107, 2355, 871, 1946, 2400, 1484, 721, 984, 1276, 1257, 746, 776, 865, 683, 509, 656, 786, 687, 545, 1296, 1406, 864, 660, 864, 1004, 857, 733, 1100, 1164, 806, 589, 802, 796, 715, 622, 686, 772, 661, 555, 668, 713, 546, 450, 660, 657, 610, 616, 712, 631, 547, 599, 581, 609, 628, 559, 608, 624, 586, 608, 579, 617, 662, 597, 640, 723, 696, 679, 657, 971, 1023, 708, 707, 878, 896, 765, 702, 1301, 1309, 801, 745, 927, 1160, 934, 833, 1377, 1216, 596, 639, 822, 1115, 859, 1175, 1558, 1309, 786, 748, 873, 1111, 1020, 1080, 1394, 1199, 779, 651, 1035, 1184, 891, 745, 979, 977, 731, 596, 707, 813, 699, 1043, 1521, 1308, 833, 882, 1365, 1322, 752, 1251, 1856, 1527, 758, 911, 1644, 1655, 876, 1090, 1479, 1122, 551, 800, 1349, 1286, 733, 764, 999, 864, 495, 665, 934, 986, 720, 709, 752, 653, 574, 705, 704, 737, 739, 650, 692, 730, 679, 615, 661, 649, 664, 726, 729, 792, 707, 694, 681, 673, 768, 1085, 979, 698, 919, 979, 844, 616, 878, 1655, 1539, 1012, 1230, 1653, 1472, 955, 1217, 1804, 2064, 1315, 1027, 1642, 1544, 1014, 1034, 1555, 1560, 1038, 982, 1084, 1099, 1011, 907, 1176, 1134, 833, 940, 830, 769, 781, 805, 821, 872, 714, 751, 786, 774, 677, 691, 887, 888, 861, 692, 741, 869, 737, 809, 802, 1108, 1012, 667, 703, 907, 866, 692, 991, 1166, 969, 738, 827, 998, 896, 717, 984, 1010, 858, 752, 906, 1036, 794, 685, 872, 992, 762, 728, 964, 992, 748, 578, 853, 923, 803, 734, 857, 870, 698, 680, 715, 875, 957, 806, 811, 918, 787, 761, 745, 815, 998, 857, 847, 1048, 887, 757, 648, 629, 726, 761, 708, 769, 715, 694, 600, 677, 629, 562, 632, 679, 622, 523, 690, 733, 729, 630, 548, 707, 689, 618, 626, 678, 728, 638, 621, 685, 649, 641, 618, 698, 685, 630, 686, 733, 701, 622, 555, 590, 599, 610, 613, 561, 583, 567, 486, 609, 679, 635, 582, 546, 615, 524, 552, 630, 782, 689, 541, 586, 703, 608, 578, 635, 645, 700, 615, 672, 771, 627, 628, 702, 613, 665, 678, 771, 753, 523, 609, 672, 587, 577, 613, 740, 713, 563, 600, 567, 554, 596, 567, 523, 579, 619, 541, 613, 668, 692, 688, 612, 630, 612, 636, 742, 766, 723, 711, 618, 533, 577, 692, 861, 763, 714, 691, 622, 659, 578, 720, 796, 755, 685, 656, 638, 769, 670, 615, 665, 652, 661, 665, 667, 701, 640, 666, 626, 598, 664, 649, 588, 661, 648, 746, 744, 693, 668, 702, 717, 649, 574, 735, 678, 601, 679, 771, 690, 521, 603, 700, 738, 632, 748, 874, 757, 605, 636, 726, 727, 626, 655, 771, 672, 550, 602, 577, 680, 668, 577, 561, 617, 694, 680, 589, 729, 678, 539, 607, 707, 794, 620, 631, 592, 612, 607, 627, 616, 665, 686, 593, 625, 622, 524, 555, 632, 725, 637, 525, 585, 742, 645, 480, 680, 792, 650, 580, 660, 628, 513, 552, 649, 625, 532, 684, 677, 579, 605, 647, 670, 594, 554, 730, 740, 654, 610, 600, 597, 576, 579, 802, 813, 788, 702, 722, 703, 617, 701, 807, 762, 775, 659, 847, 850, 758, 803, 749, 684, 530, 620, 849, 826, 666, 716, 555, 600, 586, 552, 658, 780, 664, 470, 697, 670, 685, 719, 767, 695, 735, 748, 707, 683, 679, 782, 852, 754, 672, 715, 790, 834, 708, 715, 728, 771, 798, 709, 750, 810, 674, 635, 665, 633, 708, 654, 734, 770, 625, 591, 692, 667, 598, 619, 742, 707, 566, 509, 637, 697, 635, 655, 771, 679, 606, 621, 692, 615, 568, 682, 672, 586, 606, 574, 571, 581, 575, 607, 572, 544, 599, 610, 583, 631, 602, 545, 645, 648, 681, 757, 761, 749, 725, 661, 627, 670, 646, 634, 671, 709, 720, 619, 653, 625, 595, 623, 712, 799, 682, 628, 787, 726, 770, 641, 658, 754, 668, 789, 804, 772, 784, 745, 699, 753, 715, 848, 729, 785, 739, 680, 759, 796, 803, 785, 762, 971, 1037, 978, 941, 909, 1301, 1293, 942, 960, 1143, 1105, 1104, 921, 1364, 1550, 951, 884, 1015, 925, 976, 901, 1218, 1360, 872, 790, 874, 666, 730, 806, 1074, 1141, 907, 759, 875, 755, 739, 780, 861, 1017, 965, 702, 1017, 967, 688, 805, 805, 1015, 933, 809, 1206, 999, 669, 732, 1016, 1249, 889, 738, 892, 757, 731, 798, 888, 1035, 879, 826, 789, 568, 638, 721, 934, 938, 759, 799, 907, 681, 551, 647, 1043, 1106, 748, 709, 785, 591, 627, 665, 893, 974, 591, 584, 647, 505, 594, 615, 709, 799, 529, 577, 647, 480, 521, 511, 658, 716, 460, 541, 666, 500, 493, 503, 596, 632, 514, 479, 555, 485, 443, 594, 625, 628, 576, 511, 617, 552, 515, 591, 663, 678]"
0.6402078866958618,0.0,0.0,0.0,0.0,0.0,0.0,-0.3830513656139374,-0.6049633026123047,16.25,0.2695479691028595,-0.31070709228515625,27.75,0.28041985630989075,-0.28853416442871094,30.0,0.28928902745246887,-0.23403167724609375,17.0,0.31546738743782043,-0.19469261169433594,24.75,"[487, 505, 583, 575, 521, 575, 578, 504, 591, 550, 675, 694, 611, 609, 684, 643, 536, 558, 659, 661, 563, 646, 648, 573, 499, 522, 547, 438, 462, 621, 614, 541, 548, 559, 535, 448, 490, 573, 576, 527, 529, 539, 529, 586, 625, 602, 571, 503, 507, 557, 587, 652, 542, 506, 615, 632, 463, 604, 635, 656, 503, 553, 810, 652, 506, 569, 504, 457, 475, 570, 592, 523, 557, 566, 467, 449, 505, 600, 609, 448, 554, 575, 603, 557, 515, 542, 504, 460, 555, 578, 585, 603, 542, 518, 544, 574, 571, 593, 525, 532, 629, 502, 451, 450, 645, 578, 570, 579, 627, 556, 499, 630, 540, 533, 555, 591, 579, 554, 589, 610, 553, 586, 613, 605, 593, 546, 574, 558, 420, 494, 613, 592, 487, 534, 525, 447, 492, 512, 611, 567, 494, 492, 479, 477, 749, 704, 546, 638, 579, 564, 574, 618, 3633, 3733, 1627, 1144, 2330, 3836, 2903, 1136, 9256, 10240, 4615, 2038, 7505, 13420, 10712, 1821, 9666, 11383, 6154, 2643, 9254, 17404, 14588, 2963, 4068, 5623, 4161, 1941, 4471, 9052, 8272, 2570, 1215, 1891, 1404, 758, 1285, 2201, 2185, 1209, 1023, 1546, 1830, 1433, 756, 1052, 1329, 1206, 1270, 2015, 2870, 2401, 1196, 1727, 1936, 1704, 1265, 1918, 2667, 2220, 1132, 1393, 1608, 1632, 2012, 3030, 2532, 1363, 1172, 1697, 1973, 1292, 2939, 4267, 3066, 1096, 1899, 2767, 2686, 1192, 3384, 4364, 2897, 1076, 2323, 3216, 2696, 1181, 2099, 2410, 1622, 840, 1498, 1957, 1583, 918, 1120, 1164, 832, 658, 828, 887, 825, 713, 715, 825, 645, 596, 705, 710, 629, 535, 624, 689, 560, 540, 566, 579, 621, 506, 675, 604, 558, 594, 537, 541, 546, 597, 601, 683, 600, 581, 654, 582, 575, 506, 607, 784, 661, 504, 667, 706, 633, 566, 702, 805, 706, 510, 662, 842, 714, 536, 857, 1110, 894, 561, 805, 1187, 1104, 636, 1356, 2082, 1597, 858, 1022, 1941, 2280, 1312, 1275, 2111, 1557, 756, 758, 1900, 2474, 1532, 685, 1158, 957, 586, 591, 826, 1247, 985, 705, 762, 677, 586, 563, 622, 754, 707, 769, 774, 680, 604, 600, 796, 784, 642, 1158, 1276, 979, 686, 848, 1231, 1223, 838, 1168, 1374, 1069, 728, 940, 1294, 1238, 873, 987, 1033, 870, 749, 947, 1076, 893, 749, 827, 792, 710, 714, 835, 823, 585, 606, 683, 696, 628, 657, 744, 677, 580, 576, 929, 1144, 812, 697, 1054, 992, 694, 586, 1915, 2214, 1256, 1084, 1613, 1442, 907, 954, 3727, 3312, 1002, 2256, 2838, 1796, 858, 1889, 3288, 2499, 757, 2542, 2677, 1415, 898, 2030, 1309, 1194, 842, 1227, 1448, 1227, 942, 970, 984, 981, 748, 719, 1037, 1033, 772, 684, 800, 912, 731, 721, 863, 751, 720, 633, 724, 834, 742, 626, 765, 784, 555, 602, 699, 666, 577, 563, 678, 660, 592, 611, 614, 626, 619, 633, 629, 644, 610, 567, 761, 775, 685, 678, 767, 746, 644, 680, 737, 818, 718, 521, 748, 824, 674, 606, 831, 840, 794, 664, 809, 875, 707, 774, 688, 670, 710, 591, 611, 834, 758, 735, 725, 724, 692, 572, 609, 704, 797, 734, 610, 704, 715, 608, 506, 618, 769, 705, 550, 585, 645, 616, 596, 545, 651, 654, 614, 622, 665, 652, 575, 597, 620, 616, 598, 641, 729, 607, 624, 636, 606, 670, 586, 638, 642, 608, 531, 590, 658, 609, 646, 620, 598, 643, 540, 603, 618, 593, 532, 523, 719, 731, 601, 535, 571, 604, 500, 502, 694, 653, 485, 499, 681, 682, 597, 668, 664, 621, 549, 591, 602, 591, 630, 631, 529, 553, 618, 598, 652, 590, 680, 602, 540, 506, 624, 613, 668, 691, 694, 706, 687, 533, 557, 700, 699, 727, 637, 680, 742, 622, 554, 682, 704, 745, 670, 690, 636, 556, 654, 748, 734, 764, 588, 544, 667, 657, 584, 669, 619, 657, 673, 612, 601, 620, 718, 711, 641, 678, 673, 626, 656, 648, 618, 656, 638, 635, 542, 570, 658, 683, 633, 619, 615, 619, 628, 637, 547, 568, 764, 701, 579, 622, 691, 661, 578, 509, 642, 634, 641, 700, 606, 612, 589, 503, 663, 664, 599, 619, 606, 630, 630, 586, 643, 647, 540, 627, 671, 637, 616, 636, 660, 545, 568, 640, 610, 667, 782, 717, 646, 627, 676, 617, 618, 591, 664, 640, 504, 558, 695, 689, 652, 641, 576, 626, 729, 670, 718, 703, 607, 660, 583, 639, 712, 649, 623, 532, 610, 540, 627, 704, 644, 561, 558, 603, 582, 586, 617, 687, 667, 632, 581, 552, 565, 524, 514, 569, 592, 608, 538, 524, 608, 550, 582, 616, 647, 594, 546, 620, 669, 590, 570, 717, 666, 586, 551, 624, 710, 664, 604, 626, 607, 561, 631, 688, 746, 706, 670, 619, 619, 729, 728, 732, 606, 578, 590, 637, 629, 644, 638, 649, 622, 599, 614, 595, 723, 757, 571, 513, 705, 643, 630, 628, 764, 892, 736, 649, 780, 750, 703, 722, 783, 862, 769, 704, 653, 721, 651, 677, 717, 736, 632, 536, 661, 616, 606, 572, 593, 612, 642, 606, 716, 800, 625, 532, 645, 720, 659, 606, 741, 822, 711, 511, 602, 680, 688, 707, 639, 612, 619, 549, 478, 598, 652, 648, 680, 694, 678, 660, 613, 581, 743, 716, 599, 646, 644, 606, 580, 520, 658, 564, 719, 697, 621, 608, 632, 692, 643, 670, 609, 564, 580, 656, 655, 568, 615, 627, 579, 560, 610, 673, 650, 553, 662, 640, 587, 562, 561, 524, 466, 467, 502, 579, 766, 689, 690, 691, 606, 600, 731, 821, 846, 701, 737, 826, 708, 687, 798, 891, 909, 746, 727, 791, 764, 732, 882, 979, 790, 630, 678, 727, 677, 573, 776, 955, 701, 577, 689, 595, 592, 611, 739, 820, 725, 682, 826, 739, 693, 763, 741, 776, 930, 602, 836, 883, 716, 772, 651, 943, 827, 597, 752, 779, 622, 614, 600, 869, 667, 826, 790, 602, 524, 739, 764, 648, 646, 610, 750, 682, 536, 621, 711, 694, 582, 495, 548, 518, 551, 604, 589, 600, 545, 586, 506, 388, 506, 555, 511, 518, 535, 514, 581, 582, 532, 513, 562, 617, 459, 486, 486, 448, 453, 472, 487, 458, 451, 431, 604, 579, 455, 519, 491, 507]"
0.9980106353759766,-0.1939065158367157,0.1874317228794098,0.22714096307754517,-1.208164930343628,0.4898110628128052,0.06674385070800781,0.0678098201751709,1.1027812957763672,25.25,0.29998183250427246,0.5212783813476562,19.75,0.31257033348083496,0.7322788238525391,26.25,0.36321043968200684,0.6561756134033203,18.75,0.3662145137786865,0.30226707458496094,15.5,"[529, 563, 572, 576, 585, 576, 568, 566, 567, 577, 548, 591, 627, 591, 626, 558, 483, 505, 518, 564, 508, 502, 626, 561, 457, 504, 450, 470, 514, 479, 544, 474, 575, 548, 409, 600, 647, 471, 488, 536, 561, 484, 485, 597, 613, 525, 522, 566, 461, 477, 439, 535, 495, 501, 564, 533, 524, 568, 586, 519, 486, 542, 566, 539, 577, 548, 524, 500, 454, 539, 549, 543, 621, 553, 539, 546, 518, 497, 507, 598, 467, 554, 567, 557, 534, 452, 578, 586, 432, 496, 534, 599, 542, 529, 599, 547, 445, 501, 585, 536, 525, 549, 532, 515, 481, 589, 639, 555, 537, 558, 533, 473, 445, 488, 518, 579, 559, 534, 551, 502, 596, 544, 454, 513, 577, 565, 479, 508, 542, 497, 465, 482, 599, 621, 473, 475, 566, 634, 562, 548, 559, 562, 583, 537, 553, 620, 576, 523, 622, 577, 550, 558, 539, 611, 557, 566, 646, 620, 501, 491, 584, 685, 599, 576, 632, 613, 519, 522, 563, 588, 530, 493, 526, 525, 554, 585, 555, 563, 506, 459, 516, 509, 518, 543, 589, 526, 501, 537, 519, 519, 620, 673, 565, 483, 467, 572, 611, 534, 557, 579, 601, 564, 504, 613, 701, 612, 537, 545, 608, 612, 524, 540, 554, 538, 504, 511, 611, 625, 584, 498, 577, 543, 494, 512, 496, 570, 539, 488, 499, 585, 548, 470, 569, 619, 497, 581, 622, 485, 500, 493, 598, 613, 551, 679, 657, 485, 498, 494, 477, 543, 625, 591, 511, 537, 564, 558, 427, 409, 485, 547, 516, 555, 619, 579, 473, 499, 475, 477, 526, 535, 515, 534, 504, 518, 472, 467, 450, 411, 550, 535, 636, 584, 517, 503, 455, 524, 511, 546, 549, 614, 562, 478, 605, 570, 466, 445, 581, 666, 580, 517, 690, 557, 470, 577, 604, 678, 617, 504, 582, 530, 568, 604, 549, 602, 616, 511, 560, 628, 608, 645, 558, 543, 571, 564, 486, 547, 553, 493, 539, 600, 621, 602, 580, 588, 540, 542, 588, 634, 596, 622, 661, 575, 496, 572, 614, 567, 537, 563, 543, 498, 418, 524, 571, 579, 565, 517, 552, 530, 475, 506, 570, 716, 692, 566, 588, 645, 599, 545, 549, 614, 598, 541, 511, 497, 524, 550, 648, 620, 592, 522, 452, 565, 546, 569, 652, 650, 541, 497, 546, 626, 517, 521, 587, 494, 592, 705, 636, 570, 554, 602, 574, 517, 517, 557, 589, 532, 522, 603, 704, 684, 597, 559, 561, 615, 548, 604, 601, 600, 620, 516, 497, 585, 501, 461, 552, 567, 628, 579, 498, 500, 518, 558, 591, 722, 619, 577, 557, 600, 699, 515, 568, 628, 625, 571, 546, 544, 589, 529, 560, 619, 551, 610, 592, 562, 509, 530, 527, 639, 577, 560, 591, 532, 518, 515, 542, 624, 605, 618, 642, 568, 622, 541, 512, 665, 639, 588, 678, 619, 660, 599, 683, 564, 714, 693, 731, 708, 875, 976, 797, 587, 645, 678, 757, 649, 754, 913, 1262, 2582, 2667, 1917, 1219, 2640, 4794, 3985, 2838, 5532, 6448, 3973, 2073, 5905, 11611, 10139, 3121, 4705, 6206, 3752, 2056, 5010, 10688, 9936, 2178, 2338, 3781, 2479, 1386, 2207, 5687, 5862, 1662, 1970, 2941, 1939, 1103, 1590, 3641, 3799, 1082, 1333, 1651, 1120, 913, 1101, 1900, 1923, 711, 713, 721, 658, 586, 694, 769, 710, 652, 647, 678, 608, 594, 649, 641, 621, 555, 499, 577, 568, 502, 589, 720, 734, 609, 558, 617, 569, 556, 582, 602, 717, 541, 496, 603, 588, 581, 579, 561, 588, 667, 626, 623, 566, 622, 612, 544, 629, 622, 651, 747, 609, 559, 593, 635, 699, 474, 596, 622, 510, 508, 617, 723, 628, 628, 1009, 941, 643, 575, 825, 977, 724, 853, 1809, 2096, 1391, 697, 1097, 1604, 1393, 1072, 2943, 3283, 1905, 785, 1448, 2425, 1926, 2102, 4304, 3878, 1586, 948, 2353, 3146, 1778, 2423, 4456, 3718, 1344, 1177, 2491, 3085, 1505, 1396, 2476, 2151, 1032, 1023, 1386, 1620, 992, 635, 997, 1250, 964, 647, 693, 905, 859, 639, 861, 955, 833, 692, 731, 825, 643, 562, 672, 718, 625, 658, 669, 732, 645, 663, 600, 635, 685, 651, 626, 630, 718, 659, 629, 634, 576, 512, 558, 574, 613, 636, 722, 732, 676, 639, 693, 668, 632, 630, 687, 660, 618, 637, 706, 639, 570, 703, 755, 601, 610, 655, 700, 670, 596, 635, 729, 587, 630, 582, 593, 698, 551, 717, 716, 647, 689, 602, 503, 620, 613, 569, 598, 583, 568, 547, 641, 766, 632, 539, 598, 606, 610, 590, 748, 845, 689, 563, 567, 669, 595, 479, 578, 715, 661, 551, 611, 621, 632, 549, 625, 680, 609, 512, 571, 574, 575, 585, 597, 574, 558, 396, 529, 610, 574, 560, 576, 627, 534, 456, 488, 470, 564, 619, 553, 549, 485, 498, 530, 538, 611, 622, 503, 596, 607, 488, 497, 446, 478, 610, 563, 541, 531, 571, 624, 551, 598, 692, 660, 700, 653, 657, 592, 576, 634, 694, 636, 642, 689, 650, 628, 643, 676, 635, 494, 682, 792, 636, 559, 617, 650, 666, 564, 771, 836, 672, 605, 595, 767, 635, 558, 776, 786, 646, 519, 578, 673, 551, 436, 620, 734, 588, 544, 597, 665, 580, 520, 640, 711, 682, 602, 568, 652, 597, 578, 668, 690, 683, 618, 597, 651, 625, 524, 582, 700, 576, 551, 523, 579, 549, 470, 545, 565, 572, 556, 515, 588, 594, 577, 596, 578, 528, 560, 561, 558, 544, 525, 521, 534, 579, 485, 515, 576, 573, 540, 581, 656, 502, 509, 520, 530, 596, 521, 487, 542, 575, 633, 579, 566, 604, 586, 650, 635, 511, 581, 624, 517, 496, 562, 665, 641, 598, 714, 646, 513, 569, 577, 666, 617, 560, 659, 627, 545, 564, 566, 556, 508, 505, 543, 429, 463, 598, 534, 491, 386, 521, 484, 567, 556, 422, 448, 574, 583, 605, 599, 813, 687, 469, 521, 739, 826, 469, 601, 608, 505, 482, 568, 719, 637, 429, 450, 474, 473, 417, 453, 602, 576, 490, 449, 390, 496, 463, 422, 503, 474, 457, 484, 531, 507, 433, 437, 454, 478, 491, 572, 531, 442, 423, 484, 546, 490, 498, 522, 488, 494, 432, 453, 495, 445]"
0.9033177495002747,-0.4358689785003662,0.24543191492557526,-0.0792594850063324,-1.4947477579116821,0.3748069703578949,-0.39173078536987305,-0.0540851354598999,0.7696151733398438,16.0,0.12615931034088135,0.8700370788574219,28.5,0.14332544803619385,0.5217075347900391,19.25,0.17737162113189697,0.5865097045898438,23.5,0.23616564273834229,0.6497383117675781,27.75,"[524, 657, 674, 598, 640, 595, 679, 662, 558, 636, 657, 670, 680, 666, 723, 627, 504, 518, 626, 574, 575, 627, 625, 496, 480, 495, 553, 622, 583, 551, 533, 481, 427, 437, 455, 486, 525, 511, 518, 463, 508, 539, 532, 496, 481, 499, 474, 518, 520, 562, 556, 554, 512, 515, 513, 494, 540, 536, 485, 497, 518, 576, 522, 474, 458, 492, 492, 512, 531, 504, 552, 489, 487, 561, 548, 638, 584, 554, 598, 531, 573, 510, 437, 602, 607, 534, 534, 551, 657, 660, 494, 524, 561, 485, 515, 535, 577, 606, 571, 561, 560, 502, 504, 532, 497, 558, 574, 576, 549, 570, 592, 553, 428, 516, 573, 536, 477, 538, 596, 536, 522, 519, 520, 542, 554, 515, 496, 480, 537, 558, 524, 499, 555, 620, 496, 452, 638, 666, 648, 554, 592, 646, 535, 605, 464, 516, 565, 545, 480, 539, 541, 464, 468, 519, 628, 575, 496, 470, 549, 519, 428, 510, 623, 598, 513, 551, 667, 550, 491, 500, 556, 517, 552, 584, 603, 543, 547, 547, 494, 514, 557, 572, 574, 513, 573, 473, 483, 521, 527, 530, 535, 545, 534, 541, 579, 545, 509, 574, 581, 568, 565, 499, 615, 565, 520, 650, 540, 568, 530, 542, 558, 500, 564, 685, 631, 610, 470, 532, 594, 618, 555, 588, 643, 597, 516, 541, 566, 559, 517, 490, 574, 543, 543, 488, 531, 562, 571, 566, 550, 476, 579, 584, 536, 564, 542, 682, 597, 480, 573, 533, 567, 612, 539, 582, 616, 569, 595, 535, 517, 545, 559, 575, 568, 550, 570, 549, 515, 497, 502, 574, 577, 616, 525, 571, 536, 504, 483, 520, 558, 504, 433, 462, 507, 436, 470, 547, 538, 498, 461, 474, 575, 564, 567, 534, 520, 553, 502, 573, 617, 567, 508, 603, 576, 549, 440, 480, 614, 647, 534, 504, 542, 481, 509, 539, 608, 642, 578, 563, 580, 489, 543, 557, 607, 578, 551, 572, 508, 473, 560, 532, 520, 557, 439, 426, 476, 521, 543, 631, 669, 614, 581, 548, 583, 562, 552, 534, 613, 674, 593, 533, 549, 678, 605, 581, 634, 628, 606, 559, 564, 630, 588, 615, 568, 541, 559, 572, 603, 639, 686, 622, 599, 663, 652, 615, 599, 699, 531, 550, 573, 626, 597, 568, 592, 594, 493, 529, 569, 558, 537, 600, 684, 556, 562, 531, 589, 637, 605, 554, 606, 602, 738, 692, 565, 704, 693, 541, 522, 617, 649, 621, 595, 671, 750, 595, 652, 677, 539, 602, 610, 531, 562, 567, 564, 532, 565, 511, 568, 537, 520, 584, 496, 547, 628, 522, 567, 580, 597, 562, 526, 628, 555, 596, 643, 564, 497, 561, 595, 563, 561, 618, 587, 556, 578, 668, 624, 545, 589, 596, 629, 655, 662, 644, 535, 583, 652, 589, 750, 755, 711, 589, 761, 870, 1202, 688, 1169, 1136, 907, 762, 1946, 2179, 1945, 1039, 1892, 1787, 1416, 1080, 3281, 3757, 2352, 2097, 3129, 2503, 1675, 2432, 5966, 6013, 3972, 5965, 7588, 4784, 2655, 6552, 13944, 12845, 5003, 6682, 8880, 5296, 3210, 7290, 15940, 15058, 3943, 3206, 5247, 3425, 2533, 3325, 8581, 9116, 2920, 1774, 3685, 2895, 1969, 1536, 4812, 5720, 1687, 1480, 2652, 2033, 1151, 1350, 3556, 3851, 710, 973, 1189, 945, 618, 1054, 1663, 1489, 601, 689, 597, 558, 613, 637, 648, 590, 622, 655, 606, 512, 594, 587, 569, 636, 592, 616, 576, 482, 595, 598, 619, 628, 575, 524, 569, 600, 551, 664, 677, 589, 532, 562, 545, 505, 560, 551, 525, 540, 667, 713, 667, 627, 671, 600, 606, 605, 553, 610, 681, 602, 610, 596, 589, 610, 545, 575, 720, 701, 573, 619, 743, 638, 642, 808, 752, 639, 561, 654, 780, 643, 751, 1141, 1034, 623, 675, 771, 880, 701, 666, 925, 1263, 991, 634, 791, 748, 713, 682, 1376, 1842, 1210, 655, 951, 1043, 1050, 714, 1336, 1575, 1000, 678, 859, 944, 892, 622, 874, 890, 655, 640, 632, 661, 618, 653, 623, 725, 726, 633, 660, 671, 620, 557, 634, 694, 692, 634, 541, 577, 582, 664, 676, 610, 589, 649, 553, 476, 547, 727, 769, 681, 660, 682, 568, 560, 610, 661, 740, 678, 690, 661, 579, 619, 615, 565, 709, 627, 611, 577, 560, 650, 589, 639, 698, 629, 647, 533, 529, 663, 625, 641, 673, 580, 668, 711, 703, 597, 553, 670, 563, 522, 526, 555, 534, 500, 609, 584, 597, 595, 558, 557, 573, 484, 545, 418, 532, 537, 497, 516, 523, 460, 436, 550, 613, 584, 509, 579, 583, 522, 563, 541, 711, 574, 413, 615, 646, 581, 499, 568, 613, 614, 522, 613, 655, 606, 587, 597, 603, 600, 555, 585, 660, 660, 621, 645, 591, 589, 572, 594, 614, 631, 665, 547, 594, 611, 545, 534, 621, 596, 562, 530, 527, 510, 413, 519, 626, 556, 529, 509, 530, 517, 498, 490, 573, 541, 495, 510, 510, 487, 459, 493, 554, 584, 511, 513, 514, 578, 498, 411, 493, 537, 593, 653, 591, 491, 578, 605, 484, 437, 520, 694, 683, 556, 592, 633, 577, 486, 562, 625, 605, 626, 573, 616, 657, 595, 609, 625, 576, 647, 592, 581, 650, 635, 627, 640, 562, 631, 662, 618, 612, 526, 632, 592, 561, 553, 595, 605, 550, 460, 510, 595, 638, 540, 623, 676, 616, 576, 561, 562, 573, 572, 585, 596, 530, 543, 619, 456, 548, 565, 474, 458, 505, 633, 610, 497, 472, 455, 414, 482, 472, 521, 535, 497, 492, 495, 557, 586, 502, 491, 577, 534, 499, 486, 425, 534, 564, 451, 495, 563, 617, 529, 536, 638, 586, 459, 471, 504, 611, 540, 427, 510, 531, 550, 517, 511, 563, 561, 493, 530, 549, 653, 636, 474, 488, 510, 477, 473, 525, 591, 551, 536, 513, 563, 587, 568, 536, 544, 607, 636, 741, 961, 797, 538, 598, 962, 1008, 580, 849, 1057, 737, 531, 738, 1230, 1167, 514, 563, 700, 684, 509, 576, 893, 811, 478, 384, 446, 507, 449, 419, 486, 544, 382, 408, 442, 458, 424, 405, 435, 444, 459, 469, 444, 435, 468, 444, 420, 438, 450, 461, 420, 427, 448, 453, 426, 377, 388, 363, 386, 442, 434, 411, 387, 392]"
0.8023971915245056,-0.5682804584503174,0.3366902470588684,-0.3456721901893616,-1.5178617238998413,0.398927241563797,-0.6919239163398743,-0.2671931982040405,1.0472774505615234,20.5,-0.10311353206634521,0.9700298309326172,17.5,-0.0889514684677124,0.8419990539550781,21.0,-0.013277411460876465,0.8191108703613281,18.5,0.26481401920318604,-0.28395652770996094,16.75,"[595, 629, 674, 617, 563, 621, 671, 631, 496, 571, 540, 556, 613, 624, 604, 531, 476, 529, 583, 654, 633, 593, 463, 455, 527, 551, 553, 546, 589, 575, 503, 513, 476, 512, 473, 490, 508, 515, 470, 404, 506, 529, 465, 530, 526, 520, 585, 520, 495, 496, 516, 541, 532, 478, 499, 539, 480, 442, 476, 523, 541, 495, 432, 461, 370, 350, 442, 504, 412, 424, 460, 456, 406, 387, 429, 446, 442, 399, 434, 485, 539, 587, 564, 500, 541, 479, 556, 546, 385, 570, 629, 507, 449, 510, 617, 583, 461, 482, 520, 478, 499, 523, 627, 577, 496, 516, 516, 481, 458, 519, 541, 482, 496, 586, 541, 502, 471, 467, 447, 422, 579, 688, 634, 550, 632, 662, 542, 533, 480, 551, 603, 549, 535, 628, 657, 577, 571, 539, 601, 568, 533, 631, 648, 565, 609, 531, 589, 573, 553, 529, 512, 593, 475, 569, 592, 521, 492, 604, 608, 504, 525, 588, 606, 502, 475, 631, 669, 566, 571, 572, 548, 556, 540, 585, 630, 511, 573, 569, 537, 569, 627, 531, 529, 576, 596, 547, 563, 522, 608, 613, 596, 654, 618, 588, 576, 610, 624, 688, 639, 589, 540, 532, 618, 687, 670, 588, 602, 587, 517, 538, 641, 672, 575, 473, 566, 553, 582, 557, 572, 615, 546, 469, 505, 553, 582, 481, 602, 645, 516, 472, 543, 622, 539, 609, 568, 509, 485, 578, 564, 487, 572, 526, 566, 584, 562, 504, 543, 571, 597, 552, 492, 496, 564, 546, 477, 522, 529, 503, 494, 520, 551, 520, 452, 462, 564, 564, 512, 549, 613, 577, 492, 508, 529, 527, 521, 503, 512, 532, 514, 500, 496, 463, 472, 532, 508, 528, 496, 501, 608, 596, 527, 572, 614, 554, 439, 523, 603, 592, 616, 598, 606, 571, 512, 565, 475, 523, 617, 606, 581, 583, 556, 498, 515, 568, 619, 572, 590, 579, 509, 494, 486, 503, 517, 528, 538, 573, 526, 495, 422, 431, 536, 679, 614, 473, 488, 495, 526, 516, 558, 692, 573, 552, 608, 553, 584, 581, 591, 691, 612, 577, 696, 636, 565, 575, 558, 635, 591, 664, 656, 565, 608, 565, 510, 532, 537, 533, 519, 573, 540, 625, 570, 487, 520, 564, 534, 487, 557, 653, 588, 545, 630, 677, 655, 504, 615, 644, 576, 589, 591, 708, 649, 540, 689, 604, 554, 442, 544, 572, 541, 627, 704, 633, 555, 495, 578, 528, 488, 642, 652, 488, 535, 558, 590, 551, 510, 679, 589, 514, 501, 488, 590, 565, 599, 663, 528, 585, 589, 504, 576, 644, 647, 538, 506, 596, 680, 588, 559, 663, 667, 533, 549, 515, 591, 587, 502, 672, 631, 511, 544, 509, 494, 579, 469, 519, 560, 498, 603, 556, 593, 689, 581, 556, 736, 738, 796, 644, 675, 799, 659, 746, 1311, 1297, 1235, 979, 1342, 1292, 949, 1193, 2745, 2785, 3046, 1678, 3040, 2820, 2161, 1983, 5656, 6238, 2953, 1764, 3089, 2756, 2062, 2136, 6145, 6613, 1222, 1739, 1887, 1311, 907, 2029, 4156, 3720, 1475, 1349, 1415, 1617, 1211, 1612, 2240, 1911, 2828, 1915, 3591, 2872, 1927, 2084, 4622, 5227, 2477, 1572, 3172, 2344, 1671, 1480, 4379, 5041, 1077, 760, 1321, 1078, 901, 695, 1980, 2244, 480, 542, 672, 573, 559, 675, 848, 740, 475, 475, 582, 631, 502, 557, 616, 502, 506, 524, 592, 600, 477, 535, 586, 563, 537, 537, 615, 588, 511, 545, 652, 609, 591, 582, 649, 597, 555, 625, 656, 580, 545, 483, 556, 602, 601, 550, 504, 572, 551, 532, 609, 572, 540, 582, 597, 650, 576, 547, 719, 709, 612, 654, 661, 677, 619, 582, 677, 715, 688, 664, 708, 730, 640, 667, 674, 708, 698, 719, 723, 634, 825, 807, 1270, 1199, 766, 785, 799, 962, 657, 1283, 1900, 1382, 562, 732, 1079, 1241, 662, 1082, 1333, 942, 594, 652, 976, 968, 670, 649, 775, 771, 569, 609, 739, 768, 575, 694, 879, 768, 583, 583, 679, 574, 719, 926, 1023, 914, 703, 821, 895, 665, 746, 918, 864, 757, 609, 831, 840, 639, 560, 600, 565, 490, 486, 558, 570, 455, 591, 639, 649, 576, 604, 651, 600, 536, 613, 587, 543, 651, 687, 564, 628, 644, 644, 535, 492, 629, 624, 482, 537, 643, 663, 615, 526, 585, 610, 559, 481, 543, 669, 602, 603, 582, 571, 618, 532, 618, 579, 635, 666, 638, 604, 523, 592, 641, 613, 640, 698, 651, 553, 486, 519, 604, 684, 555, 622, 680, 591, 520, 517, 679, 533, 594, 668, 607, 548, 629, 577, 554, 608, 559, 588, 574, 604, 592, 528, 608, 546, 489, 560, 559, 538, 571, 643, 620, 509, 444, 531, 568, 527, 487, 560, 623, 522, 505, 576, 585, 511, 489, 581, 577, 562, 586, 519, 523, 567, 576, 597, 599, 661, 559, 512, 510, 612, 632, 540, 586, 649, 557, 491, 511, 645, 639, 519, 588, 655, 584, 461, 582, 607, 587, 484, 529, 612, 523, 516, 624, 583, 490, 609, 622, 608, 541, 591, 594, 636, 610, 554, 603, 612, 617, 610, 611, 663, 621, 585, 577, 580, 621, 608, 587, 580, 586, 576, 539, 560, 504, 623, 701, 628, 560, 643, 645, 679, 587, 546, 612, 586, 587, 596, 633, 583, 574, 595, 560, 465, 482, 513, 534, 596, 636, 597, 552, 576, 587, 615, 582, 563, 532, 554, 590, 703, 665, 600, 541, 500, 598, 634, 557, 576, 656, 616, 509, 633, 705, 665, 529, 620, 646, 558, 507, 619, 564, 620, 613, 594, 631, 558, 567, 582, 510, 616, 633, 638, 633, 652, 681, 458, 554, 572, 547, 556, 604, 535, 487, 478, 567, 662, 643, 522, 502, 507, 488, 515, 534, 586, 584, 570, 516, 539, 492, 480, 458, 465, 508, 482, 447, 577, 553, 554, 569, 743, 568, 495, 579, 611, 713, 721, 649, 1204, 937, 444, 504, 968, 1235, 683, 651, 1178, 929, 493, 535, 1033, 1255, 461, 540, 712, 573, 424, 486, 661, 703, 413, 491, 519, 423, 355, 453, 451, 364, 365, 481, 522, 433, 360, 401, 461, 393, 392, 437, 486, 496, 441, 398, 434, 441, 377, 394, 423, 398, 377, 417, 364, 404, 364, 328, 365, 396, 394, 367, 304, 342]"
0.7221725583076477,-0.6036401987075806,0.29200801253318787,-0.48771199584007263,-1.117540955543518,0.34510812163352966,-0.6871299743652344,-0.41865766048431396,1.0966300964355469,18.5,-0.13927876949310303,0.6235599517822266,20.25,0.028091073036193848,0.1403331756591797,17.75,0.2380901575088501,0.2865314483642578,16.5,0.33937036991119385,0.0,16.0,"[634, 623, 603, 615, 607, 618, 603, 624, 513, 640, 608, 582, 605, 735, 717, 542, 485, 639, 722, 706, 689, 775, 747, 575, 574, 512, 555, 570, 678, 718, 652, 602, 574, 567, 505, 492, 545, 608, 578, 603, 520, 547, 511, 486, 508, 488, 489, 523, 597, 450, 425, 536, 555, 535, 521, 614, 557, 460, 494, 493, 480, 456, 502, 598, 596, 467, 464, 536, 510, 493, 502, 578, 528, 523, 526, 511, 558, 620, 580, 453, 461, 467, 568, 516, 539, 625, 558, 459, 497, 502, 489, 501, 513, 506, 541, 526, 591, 591, 527, 603, 635, 576, 527, 534, 701, 625, 548, 645, 614, 503, 529, 643, 538, 531, 519, 485, 459, 516, 549, 488, 534, 621, 634, 513, 497, 586, 531, 501, 511, 446, 492, 510, 479, 510, 547, 550, 557, 528, 602, 639, 572, 577, 607, 568, 538, 544, 602, 707, 558, 517, 617, 586, 636, 564, 614, 678, 641, 567, 606, 683, 604, 555, 519, 555, 622, 595, 583, 607, 510, 521, 559, 501, 485, 499, 627, 615, 497, 433, 536, 517, 506, 541, 564, 578, 479, 496, 494, 470, 558, 600, 498, 460, 602, 522, 577, 511, 548, 636, 582, 568, 515, 559, 664, 593, 476, 632, 705, 590, 441, 510, 585, 559, 496, 544, 608, 526, 446, 532, 501, 521, 577, 602, 545, 437, 467, 521, 575, 526, 468, 515, 540, 462, 619, 537, 518, 613, 539, 468, 528, 619, 585, 573, 582, 569, 510, 435, 504, 571, 592, 588, 491, 530, 641, 622, 518, 543, 469, 567, 613, 642, 591, 519, 644, 594, 555, 480, 563, 659, 561, 472, 627, 707, 518, 547, 654, 615, 524, 487, 547, 622, 558, 570, 686, 603, 521, 562, 636, 699, 534, 482, 557, 561, 639, 608, 540, 517, 581, 535, 522, 562, 647, 662, 605, 627, 623, 535, 444, 443, 550, 597, 538, 594, 584, 605, 520, 471, 588, 684, 634, 606, 562, 517, 506, 529, 583, 647, 572, 568, 545, 546, 592, 540, 608, 678, 594, 541, 543, 582, 567, 506, 569, 610, 558, 547, 646, 624, 551, 524, 605, 699, 615, 595, 554, 609, 542, 539, 572, 529, 543, 582, 592, 606, 515, 636, 681, 583, 583, 596, 563, 569, 660, 623, 615, 688, 612, 590, 632, 629, 629, 671, 718, 640, 561, 622, 641, 602, 534, 564, 644, 561, 572, 585, 632, 617, 601, 564, 569, 689, 678, 596, 599, 712, 710, 546, 524, 687, 661, 501, 506, 649, 672, 537, 497, 549, 526, 476, 579, 682, 648, 536, 576, 571, 499, 483, 574, 654, 610, 587, 608, 535, 516, 547, 581, 581, 568, 668, 638, 579, 623, 584, 606, 643, 617, 668, 661, 597, 608, 583, 615, 559, 576, 654, 688, 612, 608, 672, 932, 528, 886, 1175, 956, 685, 1437, 1608, 1796, 707, 1412, 1843, 1521, 697, 2518, 3077, 2447, 943, 2099, 2537, 2126, 976, 3879, 4597, 3296, 804, 2222, 2920, 2604, 906, 4349, 5540, 2465, 1180, 2326, 2198, 1807, 1007, 3475, 4300, 1408, 2164, 3012, 2008, 1002, 1800, 3688, 3539, 875, 2159, 2643, 1515, 708, 1848, 3459, 3032, 803, 1128, 1219, 631, 628, 1216, 2017, 1787, 829, 716, 551, 549, 664, 872, 916, 843, 577, 752, 707, 606, 660, 795, 788, 613, 550, 597, 625, 552, 541, 602, 649, 652, 534, 512, 603, 517, 491, 534, 561, 645, 594, 517, 536, 611, 587, 497, 624, 666, 674, 528, 518, 678, 723, 570, 597, 735, 486, 550, 584, 605, 601, 529, 494, 541, 621, 586, 581, 635, 683, 581, 439, 526, 667, 580, 527, 691, 754, 630, 531, 626, 586, 588, 568, 548, 654, 602, 517, 597, 602, 613, 646, 498, 607, 646, 612, 619, 829, 1092, 1442, 1084, 837, 1060, 957, 911, 1755, 2817, 4045, 2762, 1450, 2347, 2126, 2170, 2115, 3489, 4854, 3099, 1644, 2649, 2080, 2497, 1199, 2205, 2724, 1533, 1080, 1501, 1341, 1372, 615, 1047, 1083, 534, 561, 743, 911, 740, 569, 685, 780, 702, 634, 660, 795, 724, 625, 652, 767, 758, 622, 578, 778, 829, 768, 705, 799, 845, 728, 723, 747, 824, 666, 691, 786, 696, 675, 691, 714, 714, 662, 630, 687, 657, 661, 560, 688, 768, 635, 627, 688, 657, 620, 549, 574, 681, 635, 701, 648, 620, 583, 655, 622, 638, 674, 647, 580, 589, 633, 711, 655, 643, 708, 671, 585, 617, 678, 691, 561, 587, 574, 615, 709, 738, 655, 539, 659, 708, 552, 593, 671, 626, 597, 570, 665, 702, 577, 511, 555, 564, 617, 524, 494, 648, 649, 558, 573, 578, 574, 509, 504, 667, 508, 510, 584, 556, 525, 568, 532, 526, 563, 582, 638, 647, 620, 580, 553, 569, 475, 528, 516, 535, 564, 547, 574, 495, 519, 521, 493, 474, 487, 519, 524, 433, 590, 551, 540, 511, 535, 572, 489, 508, 605, 472, 541, 524, 509, 540, 496, 564, 556, 490, 514, 561, 560, 505, 531, 595, 552, 462, 527, 589, 590, 559, 559, 583, 611, 499, 584, 639, 556, 585, 689, 679, 662, 572, 590, 607, 584, 590, 623, 564, 628, 610, 585, 552, 527, 550, 508, 562, 617, 620, 592, 562, 567, 611, 553, 628, 566, 577, 612, 652, 597, 556, 600, 605, 569, 543, 551, 602, 569, 467, 626, 626, 594, 585, 573, 611, 599, 475, 543, 658, 621, 598, 591, 516, 641, 594, 578, 660, 538, 636, 681, 545, 530, 607, 634, 576, 505, 715, 708, 616, 533, 551, 618, 519, 562, 636, 561, 572, 631, 521, 535, 570, 521, 543, 496, 562, 568, 512, 526, 506, 564, 560, 631, 634, 534, 532, 527, 524, 536, 604, 559, 568, 517, 511, 542, 479, 515, 610, 512, 448, 507, 538, 579, 498, 469, 587, 551, 528, 507, 559, 663, 577, 357, 460, 588, 583, 517, 528, 600, 542, 648, 526, 890, 761, 454, 410, 884, 1063, 787, 802, 1322, 1014, 575, 662, 1436, 1620, 474, 932, 1143, 702, 532, 787, 1286, 1201, 462, 673, 700, 569, 546, 588, 732, 620, 454, 438, 483, 495, 407, 489, 603, 560, 375, 399, 412, 332, 341, 473, 471, 358, 445, 417, 383, 404, 397, 401, 355, 386, 463, 442, 435, 467, 475, 393, 416, 492, 422, 419, 474, 451, 415, 403, 389, 387]"
0.7103561162948608,-0.5061122179031372,0.22449004650115967,-0.44153350591659546,-0.7751786708831787,0.28709107637405396,-0.5089362859725952,-0.47561395168304443,1.2455463409423828,26.75,-0.37690865993499756,1.0851860046386719,19.5,-0.22784936428070068,0.9613037109375,24.5,0.10045301914215088,0.5886554718017578,16.5,0.1420809030532837,0.7258415222167969,19.25,"[645, 589, 558, 652, 680, 653, 555, 590, 549, 572, 561, 595, 577, 607, 537, 524, 477, 502, 588, 554, 472, 612, 672, 625, 494, 475, 480, 482, 448, 409, 546, 600, 529, 455, 454, 486, 450, 363, 480, 563, 543, 520, 466, 529, 517, 437, 518, 555, 579, 576, 469, 524, 575, 523, 602, 608, 483, 536, 522, 526, 626, 550, 589, 590, 488, 487, 543, 604, 565, 498, 452, 498, 559, 473, 551, 623, 553, 453, 467, 551, 550, 550, 542, 615, 635, 558, 495, 531, 545, 571, 583, 571, 513, 563, 561, 506, 527, 548, 589, 512, 441, 547, 588, 591, 559, 521, 542, 527, 502, 559, 566, 544, 567, 579, 615, 587, 584, 611, 586, 577, 512, 632, 731, 577, 547, 603, 616, 598, 512, 533, 529, 531, 491, 506, 504, 468, 527, 533, 506, 589, 607, 539, 512, 533, 577, 557, 597, 601, 629, 638, 548, 570, 621, 587, 608, 585, 592, 655, 575, 571, 554, 506, 569, 513, 599, 624, 546, 620, 578, 574, 605, 573, 619, 582, 580, 618, 631, 551, 597, 601, 627, 578, 617, 659, 657, 576, 589, 585, 632, 639, 620, 694, 551, 513, 470, 495, 535, 594, 573, 548, 561, 573, 585, 584, 580, 600, 538, 535, 669, 657, 596, 531, 645, 628, 642, 663, 756, 675, 622, 596, 618, 587, 643, 739, 546, 526, 541, 477, 585, 636, 649, 628, 501, 541, 534, 507, 605, 585, 471, 521, 530, 469, 489, 554, 554, 515, 493, 515, 506, 475, 572, 573, 571, 555, 617, 531, 488, 471, 532, 519, 491, 576, 644, 540, 565, 619, 569, 614, 509, 620, 634, 511, 631, 562, 483, 562, 598, 666, 554, 575, 514, 464, 518, 519, 492, 500, 525, 536, 508, 453, 520, 519, 480, 352, 438, 582, 527, 541, 558, 541, 572, 521, 577, 605, 620, 604, 602, 596, 633, 630, 600, 598, 560, 631, 590, 624, 671, 562, 595, 607, 556, 591, 544, 454, 440, 489, 589, 609, 553, 608, 558, 520, 562, 622, 587, 521, 528, 542, 511, 465, 635, 657, 549, 468, 713, 620, 479, 634, 737, 638, 552, 580, 590, 552, 570, 591, 538, 496, 563, 627, 608, 613, 585, 518, 491, 557, 566, 558, 623, 580, 607, 624, 551, 608, 618, 609, 725, 621, 582, 611, 580, 612, 597, 692, 584, 611, 572, 561, 579, 597, 622, 628, 629, 597, 556, 537, 566, 551, 639, 625, 564, 467, 519, 569, 592, 539, 455, 551, 641, 587, 586, 644, 601, 614, 565, 581, 652, 644, 549, 535, 622, 673, 565, 532, 688, 709, 664, 600, 668, 715, 596, 576, 563, 632, 589, 570, 626, 661, 634, 506, 543, 557, 558, 618, 581, 515, 593, 569, 606, 578, 605, 684, 603, 615, 820, 778, 1326, 677, 1253, 1705, 1202, 907, 2432, 2630, 2930, 1089, 2550, 3267, 2410, 1413, 4957, 5663, 5058, 2743, 5395, 5106, 3703, 3084, 8904, 9959, 6157, 3826, 7427, 6053, 4170, 3901, 11273, 12588, 3774, 2307, 4603, 3960, 2845, 2214, 7207, 8083, 1581, 2375, 2857, 1628, 1138, 2418, 5555, 5219, 1918, 2403, 3409, 2004, 1065, 2490, 5738, 5577, 2108, 1315, 2665, 1939, 1239, 1320, 3972, 4503, 1723, 1056, 1978, 1552, 1081, 861, 2630, 3174, 854, 807, 1028, 871, 685, 701, 1117, 1299, 602, 586, 581, 571, 570, 640, 574, 570, 620, 557, 538, 562, 566, 522, 526, 583, 585, 511, 521, 568, 520, 558, 650, 690, 530, 473, 440, 522, 458, 468, 536, 549, 532, 481, 578, 608, 568, 503, 666, 650, 581, 565, 564, 583, 628, 585, 560, 539, 622, 677, 611, 546, 620, 672, 576, 477, 631, 632, 665, 735, 621, 619, 632, 632, 694, 753, 785, 776, 707, 780, 833, 630, 1376, 2459, 2175, 1316, 871, 1761, 2221, 1198, 2734, 4825, 4113, 2247, 1283, 3523, 4293, 1966, 2404, 3763, 3177, 1941, 1130, 3027, 3470, 1623, 1299, 1844, 1671, 1243, 788, 1512, 1949, 1141, 1101, 1468, 1444, 1050, 944, 1200, 1364, 1076, 708, 899, 998, 878, 740, 664, 615, 740, 903, 686, 1045, 1079, 757, 732, 719, 902, 981, 664, 1050, 1173, 846, 860, 921, 990, 742, 652, 850, 950, 748, 686, 811, 832, 628, 623, 700, 739, 641, 642, 778, 679, 664, 553, 551, 628, 639, 543, 531, 591, 613, 546, 536, 554, 552, 530, 480, 545, 626, 539, 589, 606, 626, 661, 540, 567, 616, 611, 646, 612, 606, 606, 570, 565, 475, 533, 647, 554, 452, 519, 576, 561, 595, 614, 676, 545, 568, 602, 601, 668, 696, 686, 635, 542, 659, 668, 665, 680, 657, 596, 638, 717, 623, 588, 648, 722, 599, 478, 611, 704, 619, 512, 625, 663, 605, 516, 532, 632, 597, 527, 604, 596, 576, 381, 444, 576, 505, 463, 590, 644, 576, 496, 519, 565, 478, 509, 525, 533, 509, 596, 581, 528, 538, 575, 588, 473, 511, 682, 678, 565, 534, 602, 621, 492, 555, 679, 651, 580, 507, 625, 585, 445, 666, 751, 568, 505, 606, 679, 536, 442, 622, 590, 557, 580, 623, 673, 606, 533, 570, 613, 559, 576, 610, 646, 670, 607, 541, 574, 611, 602, 521, 550, 649, 524, 640, 577, 625, 642, 536, 578, 551, 606, 575, 610, 660, 598, 622, 546, 528, 617, 640, 638, 586, 575, 640, 587, 507, 657, 614, 598, 566, 539, 623, 512, 452, 557, 612, 641, 595, 545, 603, 568, 403, 526, 651, 585, 529, 594, 666, 588, 453, 545, 585, 606, 671, 515, 491, 573, 501, 513, 570, 563, 639, 563, 571, 620, 585, 633, 524, 453, 600, 600, 518, 569, 631, 603, 536, 466, 610, 606, 465, 531, 535, 582, 597, 561, 633, 607, 562, 555, 530, 615, 539, 523, 491, 462, 499, 488, 471, 555, 538, 612, 604, 509, 500, 588, 621, 588, 436, 537, 574, 484, 461, 485, 535, 531, 524, 492, 612, 545, 554, 559, 573, 664, 574, 564, 837, 695, 451, 450, 720, 860, 424, 740, 824, 618, 443, 553, 928, 849, 533, 651, 645, 575, 430, 630, 827, 713, 500, 533, 562, 423, 439, 477, 603, 590, 506, 538, 477, 446, 453, 447, 429, 410, 502, 473, 424, 446, 496, 466, 438, 437, 479, 410, 387, 458, 483, 370, 358, 452, 488, 376, 373, 446, 484, 370, 361, 473]"
0.7305296659469604,-0.523561954498291,0.22041769325733185,-0.31382274627685547,-0.6530344486236572,0.29197296500205994,-0.26239490509033203,-0.71675705909729,1.329803466796875,18.5,-0.2702944278717041,1.1522769927978516,19.5,-0.22880959510803223,0.9645938873291016,28.5,-0.13625550270080566,0.8933544158935547,28.0,0.699878454208374,1.4265060424804688,16.75,"[561, 661, 746, 686, 692, 686, 748, 668, 603, 649, 605, 592, 671, 618, 641, 611, 515, 554, 576, 569, 584, 580, 528, 559, 600, 547, 571, 559, 593, 569, 504, 590, 481, 584, 565, 445, 495, 591, 503, 436, 443, 546, 530, 568, 605, 576, 526, 449, 546, 540, 515, 518, 555, 587, 533, 489, 560, 554, 632, 609, 547, 562, 597, 599, 423, 479, 520, 523, 498, 470, 497, 498, 542, 576, 545, 527, 544, 555, 559, 550, 534, 518, 532, 566, 624, 579, 554, 547, 509, 469, 520, 575, 597, 543, 591, 569, 546, 470, 447, 492, 485, 434, 496, 591, 561, 614, 567, 485, 623, 600, 515, 528, 635, 599, 541, 542, 644, 664, 594, 594, 563, 554, 597, 556, 646, 644, 537, 605, 539, 536, 575, 521, 518, 459, 498, 577, 455, 607, 592, 496, 518, 581, 635, 552, 513, 542, 522, 516, 587, 574, 567, 573, 529, 489, 561, 581, 540, 505, 525, 579, 581, 547, 538, 545, 492, 476, 532, 566, 584, 598, 566, 631, 606, 545, 618, 656, 561, 536, 548, 544, 531, 477, 482, 549, 565, 540, 509, 531, 521, 425, 523, 566, 497, 454, 474, 520, 441, 441, 478, 518, 514, 507, 502, 500, 462, 438, 441, 446, 476, 480, 528, 566, 484, 480, 535, 543, 565, 563, 548, 571, 504, 493, 541, 552, 542, 570, 498, 508, 573, 598, 505, 451, 552, 614, 540, 488, 548, 585, 573, 515, 594, 614, 614, 557, 514, 536, 621, 559, 519, 500, 489, 587, 536, 467, 511, 518, 569, 504, 470, 574, 563, 520, 553, 564, 558, 476, 530, 615, 591, 573, 574, 635, 452, 499, 529, 557, 534, 584, 592, 580, 478, 534, 533, 526, 480, 521, 632, 611, 531, 551, 506, 503, 468, 428, 501, 536, 589, 614, 561, 549, 520, 451, 529, 616, 582, 628, 615, 492, 497, 598, 609, 583, 600, 611, 633, 614, 585, 655, 566, 598, 622, 569, 587, 594, 584, 526, 469, 541, 647, 609, 564, 627, 622, 607, 592, 596, 616, 722, 636, 554, 605, 591, 646, 593, 619, 540, 476, 488, 669, 603, 499, 628, 599, 514, 515, 528, 589, 590, 588, 656, 566, 511, 555, 573, 521, 569, 655, 648, 761, 712, 550, 558, 659, 713, 626, 623, 690, 697, 645, 638, 631, 611, 587, 643, 513, 519, 512, 561, 615, 528, 531, 515, 474, 543, 566, 606, 622, 594, 545, 487, 481, 646, 648, 596, 535, 579, 657, 554, 641, 647, 618, 606, 527, 572, 669, 575, 586, 563, 572, 620, 627, 546, 576, 607, 689, 634, 567, 628, 701, 609, 615, 639, 615, 614, 557, 599, 569, 561, 561, 507, 525, 547, 611, 547, 485, 573, 725, 619, 878, 627, 1016, 1192, 861, 674, 1539, 1681, 2410, 968, 1921, 2987, 2393, 1150, 4367, 4922, 1936, 2190, 2404, 2146, 1721, 2386, 5745, 5488, 6289, 4845, 8120, 5457, 3988, 5007, 13241, 14100, 7241, 4486, 9027, 6924, 4772, 4477, 13355, 15061, 3022, 1800, 3779, 3238, 2249, 1786, 5904, 6603, 835, 2378, 2593, 1514, 811, 2394, 4499, 3739, 935, 2917, 3269, 1958, 792, 3010, 5117, 4064, 638, 1806, 2132, 1599, 593, 1932, 3162, 2428, 645, 856, 908, 868, 598, 927, 1249, 925, 540, 577, 734, 800, 618, 565, 747, 675, 560, 539, 673, 713, 657, 573, 594, 608, 567, 481, 543, 591, 594, 570, 554, 674, 527, 514, 567, 633, 647, 529, 508, 640, 477, 448, 546, 613, 560, 532, 517, 504, 503, 565, 599, 690, 612, 492, 610, 558, 653, 600, 489, 609, 704, 678, 544, 556, 654, 580, 552, 610, 571, 716, 650, 637, 734, 705, 610, 593, 630, 669, 704, 754, 782, 880, 758, 667, 651, 826, 895, 791, 1568, 2305, 1641, 960, 882, 2192, 2360, 965, 3152, 4017, 2821, 1868, 1562, 4123, 3926, 1345, 2428, 2691, 2467, 1689, 1300, 3086, 2576, 1288, 1106, 955, 1074, 713, 838, 1143, 759, 833, 645, 698, 631, 719, 813, 783, 654, 586, 689, 750, 851, 845, 746, 681, 788, 793, 960, 1228, 1414, 1237, 1044, 924, 1050, 1177, 854, 1167, 1408, 1248, 987, 1050, 1124, 1151, 774, 775, 1002, 939, 728, 738, 834, 905, 630, 590, 731, 699, 644, 639, 662, 717, 605, 612, 684, 632, 618, 640, 666, 691, 656, 631, 831, 768, 671, 665, 679, 723, 636, 591, 700, 659, 619, 649, 649, 640, 637, 713, 670, 609, 662, 691, 686, 647, 688, 688, 533, 572, 639, 596, 666, 684, 602, 604, 551, 607, 539, 520, 672, 646, 548, 494, 542, 594, 500, 488, 517, 586, 487, 505, 575, 502, 507, 519, 481, 529, 493, 576, 559, 508, 552, 563, 502, 549, 573, 643, 563, 536, 681, 681, 569, 510, 505, 514, 476, 432, 480, 579, 539, 500, 547, 513, 496, 526, 521, 482, 473, 478, 605, 609, 576, 615, 586, 469, 442, 496, 622, 696, 595, 601, 546, 491, 504, 553, 568, 568, 582, 520, 462, 467, 501, 553, 560, 556, 553, 523, 458, 520, 528, 553, 541, 513, 589, 516, 454, 576, 587, 553, 541, 535, 612, 674, 587, 562, 653, 621, 540, 543, 545, 623, 667, 599, 563, 609, 542, 547, 556, 612, 671, 612, 697, 698, 487, 557, 554, 696, 609, 546, 726, 664, 574, 558, 550, 609, 579, 610, 664, 614, 678, 581, 519, 583, 647, 646, 573, 667, 572, 585, 557, 567, 629, 588, 615, 631, 676, 572, 534, 599, 642, 544, 610, 642, 675, 623, 618, 640, 573, 498, 598, 620, 643, 584, 589, 638, 538, 522, 578, 553, 592, 612, 622, 596, 546, 656, 670, 610, 613, 674, 622, 570, 589, 586, 643, 590, 655, 589, 520, 546, 592, 581, 557, 572, 539, 505, 545, 510, 516, 574, 579, 544, 511, 544, 593, 508, 540, 562, 561, 483, 550, 479, 570, 547, 454, 507, 562, 630, 697, 565, 746, 622, 555, 565, 750, 908, 568, 610, 813, 667, 478, 517, 844, 910, 470, 514, 655, 592, 445, 467, 600, 563, 476, 504, 498, 408, 375, 429, 473, 447, 465, 552, 508, 493, 476, 468, 513, 434, 428, 489, 464, 387, 401, 515, 550, 458, 465, 515, 504, 366, 377, 475, 544, 500, 331, 416, 384, 360, 432, 458, 448, 392, 417, 352, 432, 431, 408, 427, 407, 473]"
0.7464888095855713,-0.49858200550079346,0.09744825959205627,-0.21475322544574738,-0.5434163808822632,0.07132105529308319,-0.10800664126873016,-0.1878899335861206,0.9584426879882812,31.5,-0.12623488903045654,0.8879184722900391,-28.75,-0.04741370677947998,0.8185386657714844,30.0,-0.03897368907928467,0.7617473602294922,20.0,0.07689774036407471,0.6566047668457031,15.0,"[517, 560, 572, 565, 594, 561, 572, 556, 551, 613, 685, 598, 591, 578, 547, 555, 486, 568, 636, 538, 493, 508, 570, 543, 544, 518, 588, 571, 431, 417, 561, 623, 520, 440, 500, 617, 543, 459, 565, 591, 557, 542, 552, 578, 553, 458, 508, 588, 481, 522, 597, 518, 449, 553, 615, 543, 532, 527, 534, 505, 471, 588, 618, 533, 557, 566, 472, 485, 540, 532, 510, 529, 511, 428, 526, 622, 512, 431, 520, 576, 493, 480, 647, 585, 456, 437, 515, 511, 554, 622, 745, 659, 502, 600, 658, 585, 543, 560, 591, 559, 538, 524, 578, 557, 471, 530, 557, 542, 572, 555, 531, 504, 516, 545, 609, 651, 648, 628, 624, 619, 565, 571, 573, 552, 674, 678, 615, 592, 526, 542, 507, 535, 642, 609, 564, 551, 459, 534, 598, 558, 502, 554, 661, 531, 538, 511, 560, 575, 546, 499, 599, 617, 474, 526, 525, 539, 542, 500, 596, 607, 532, 543, 545, 489, 515, 572, 524, 526, 537, 506, 586, 538, 433, 575, 591, 539, 523, 489, 565, 573, 517, 512, 593, 592, 535, 452, 501, 622, 600, 562, 518, 554, 455, 502, 568, 548, 533, 517, 544, 486, 504, 561, 462, 475, 485, 517, 618, 492, 614, 670, 603, 521, 603, 623, 603, 571, 631, 658, 607, 584, 596, 628, 525, 576, 599, 653, 558, 613, 592, 603, 617, 584, 563, 590, 576, 494, 484, 537, 579, 565, 563, 552, 519, 490, 577, 590, 496, 496, 530, 658, 630, 521, 549, 650, 573, 403, 508, 614, 557, 457, 484, 583, 593, 495, 499, 681, 642, 490, 439, 551, 616, 526, 531, 599, 569, 558, 558, 605, 595, 529, 563, 544, 457, 520, 572, 541, 528, 585, 561, 616, 560, 554, 510, 503, 538, 525, 533, 508, 530, 543, 546, 583, 593, 576, 658, 600, 485, 519, 542, 574, 566, 583, 568, 623, 578, 506, 498, 567, 611, 609, 446, 521, 546, 506, 497, 539, 591, 531, 495, 561, 641, 512, 488, 594, 582, 533, 566, 646, 546, 469, 626, 652, 538, 443, 534, 660, 600, 552, 546, 537, 532, 454, 577, 584, 488, 579, 591, 495, 455, 505, 622, 569, 533, 617, 622, 576, 577, 572, 519, 564, 600, 531, 512, 594, 488, 418, 646, 608, 554, 528, 596, 624, 462, 508, 631, 649, 672, 662, 583, 615, 600, 633, 656, 592, 580, 608, 668, 593, 585, 686, 561, 565, 515, 501, 527, 474, 523, 536, 475, 558, 560, 485, 530, 660, 587, 464, 567, 572, 498, 493, 558, 612, 512, 480, 597, 542, 528, 626, 686, 574, 505, 555, 650, 596, 509, 542, 556, 534, 525, 584, 804, 765, 606, 686, 671, 586, 704, 746, 1340, 840, 947, 1410, 1301, 813, 1673, 2010, 2039, 1657, 1733, 2191, 2178, 1735, 1693, 1740, 7724, 6986, 10617, 7496, 5161, 7333, 16642, 17084, 14382, 10677, 18529, 13177, 9308, 10883, 29446, 31731, 9906, 6563, 12480, 8907, 6159, 6614, 19693, 21706, 2874, 1710, 3227, 2481, 1720, 1921, 5698, 6242, 1686, 751, 1236, 1155, 1060, 944, 2484, 2927, 1619, 1065, 1754, 1285, 987, 966, 2885, 3277, 1708, 1346, 2236, 1628, 1107, 1246, 3462, 3765, 1195, 1114, 1567, 1277, 862, 1077, 2391, 2508, 656, 738, 747, 662, 598, 722, 866, 819, 602, 641, 638, 605, 597, 512, 579, 678, 538, 537, 528, 536, 628, 573, 538, 547, 481, 642, 585, 571, 612, 614, 681, 565, 639, 668, 691, 656, 633, 713, 705, 562, 619, 626, 608, 689, 663, 618, 659, 632, 526, 572, 644, 687, 591, 539, 678, 593, 466, 502, 622, 640, 546, 560, 618, 532, 578, 535, 622, 585, 567, 611, 575, 563, 739, 667, 638, 622, 665, 666, 629, 658, 1001, 1329, 1171, 888, 794, 1394, 1444, 874, 1429, 2026, 1842, 1150, 1042, 2011, 2034, 1088, 1117, 1441, 1444, 1059, 1017, 1460, 1400, 884, 871, 729, 956, 893, 836, 806, 711, 837, 718, 683, 1092, 1021, 700, 687, 602, 831, 1209, 1051, 1728, 1688, 1127, 1114, 834, 1159, 1711, 1386, 2407, 2628, 1881, 1740, 1131, 1532, 1323, 1086, 2022, 1999, 1356, 1447, 1176, 1227, 709, 874, 1363, 1139, 746, 1018, 945, 806, 693, 706, 1017, 931, 652, 754, 729, 787, 646, 584, 704, 673, 609, 692, 646, 678, 639, 696, 682, 588, 607, 746, 710, 614, 568, 598, 515, 548, 652, 636, 547, 542, 673, 613, 618, 677, 586, 579, 612, 594, 585, 625, 632, 579, 561, 590, 511, 528, 552, 537, 662, 762, 665, 577, 517, 544, 582, 522, 569, 682, 591, 426, 503, 582, 580, 600, 547, 588, 682, 566, 421, 515, 531, 563, 586, 568, 593, 569, 505, 508, 587, 536, 582, 613, 635, 649, 608, 578, 656, 662, 534, 489, 564, 567, 550, 539, 709, 701, 554, 557, 588, 636, 612, 552, 718, 596, 592, 627, 514, 534, 607, 593, 610, 640, 608, 535, 558, 564, 618, 623, 520, 499, 554, 591, 575, 554, 637, 652, 640, 568, 625, 669, 686, 585, 572, 639, 553, 515, 520, 527, 614, 597, 534, 627, 569, 511, 538, 479, 586, 610, 493, 525, 593, 586, 534, 457, 555, 579, 563, 549, 584, 516, 478, 516, 570, 560, 516, 540, 670, 673, 664, 682, 731, 755, 651, 569, 613, 671, 668, 709, 710, 698, 712, 625, 607, 576, 536, 532, 625, 602, 628, 684, 626, 690, 593, 541, 599, 641, 668, 596, 579, 547, 560, 595, 547, 568, 593, 526, 658, 641, 591, 631, 574, 596, 633, 614, 531, 578, 558, 548, 601, 673, 625, 526, 530, 595, 635, 642, 614, 724, 698, 568, 604, 646, 607, 566, 643, 650, 578, 570, 626, 647, 557, 599, 651, 592, 542, 495, 575, 498, 533, 551, 540, 593, 472, 487, 499, 460, 474, 541, 486, 465, 547, 612, 512, 591, 689, 551, 465, 491, 746, 763, 614, 799, 997, 725, 522, 608, 949, 984, 494, 899, 1001, 639, 435, 671, 841, 692, 579, 707, 609, 429, 416, 539, 541, 448, 468, 531, 462, 417, 504, 481, 425, 420, 436, 430, 424, 416, 438, 490, 443, 393, 427, 449, 401, 357, 395, 470, 434, 398, 399, 349, 421, 417, 407, 438, 374, 385, 384, 351, 378, 416, 353, 358, 360, 350, 444, 416, 425, 473, 387, 381, 429, 428]"
0.861646294593811,-0.40308764576911926,-0.1666729748249054,0.13504953682422638,-0.344241738319397,-0.30225247144699097,0.35302305221557617,-0.855635404586792,1.4390945434570312,21.0,-0.379561185836792,1.3431072235107422,22.0,-0.09918093681335449,1.2172222137451172,19.75,-0.09345889091491699,1.0182380676269531,22.75,-0.07171511650085449,1.029825210571289,16.75,"[642, 575, 502, 502, 506, 498, 500, 577, 567, 585, 558, 572, 643, 650, 622, 667, 583, 550, 511, 558, 634, 673, 544, 552, 594, 570, 534, 558, 533, 542, 529, 540, 551, 572, 512, 559, 496, 474, 540, 521, 512, 495, 482, 496, 476, 447, 463, 462, 502, 511, 499, 549, 521, 437, 468, 494, 580, 634, 522, 531, 591, 554, 470, 477, 521, 524, 408, 511, 560, 610, 525, 429, 511, 508, 450, 455, 584, 628, 572, 495, 564, 474, 534, 533, 520, 456, 545, 595, 596, 554, 539, 561, 596, 499, 497, 635, 641, 492, 450, 516, 574, 545, 447, 628, 580, 531, 603, 574, 579, 591, 517, 555, 494, 477, 581, 558, 526, 491, 455, 540, 528, 550, 545, 509, 596, 542, 423, 520, 608, 623, 609, 582, 575, 580, 555, 604, 620, 578, 591, 646, 641, 566, 533, 650, 631, 577, 581, 654, 556, 531, 524, 614, 640, 601, 523, 604, 571, 528, 580, 677, 529, 594, 520, 538, 559, 586, 633, 581, 554, 607, 507, 547, 549, 581, 579, 563, 538, 512, 494, 504, 568, 527, 524, 572, 568, 574, 668, 636, 529, 487, 582, 579, 450, 481, 532, 475, 375, 442, 520, 515, 591, 552, 584, 599, 507, 527, 554, 575, 492, 541, 598, 598, 498, 448, 486, 514, 527, 550, 585, 583, 562, 439, 475, 528, 535, 529, 508, 524, 449, 411, 483, 494, 667, 661, 488, 558, 583, 511, 492, 559, 647, 550, 515, 503, 490, 534, 544, 597, 573, 492, 476, 468, 512, 502, 530, 631, 493, 539, 550, 506, 519, 514, 527, 532, 557, 621, 559, 561, 622, 680, 605, 519, 606, 615, 551, 572, 539, 623, 648, 557, 547, 600, 577, 592, 524, 622, 616, 522, 578, 604, 618, 594, 525, 608, 615, 513, 586, 589, 535, 469, 554, 693, 589, 505, 610, 523, 505, 489, 465, 516, 568, 614, 556, 574, 509, 471, 543, 581, 575, 555, 519, 578, 541, 501, 610, 608, 612, 592, 544, 589, 675, 665, 580, 576, 687, 649, 463, 575, 558, 494, 500, 555, 589, 532, 594, 612, 606, 525, 541, 636, 655, 570, 559, 661, 583, 546, 577, 652, 660, 598, 536, 565, 573, 618, 609, 594, 594, 568, 472, 541, 554, 524, 545, 621, 661, 554, 633, 646, 644, 641, 650, 633, 659, 645, 566, 562, 579, 647, 678, 563, 630, 650, 624, 578, 614, 664, 591, 599, 710, 665, 624, 628, 685, 519, 529, 646, 658, 672, 477, 560, 631, 543, 514, 609, 608, 498, 491, 486, 507, 522, 476, 571, 626, 547, 620, 597, 599, 645, 536, 664, 719, 672, 623, 709, 673, 702, 649, 690, 722, 688, 918, 874, 1268, 1320, 951, 1004, 1813, 1774, 3239, 1480, 2966, 4192, 3184, 1758, 6218, 6882, 3354, 1910, 3016, 4104, 3391, 2114, 6886, 7492, 2658, 3811, 4985, 2704, 1499, 3779, 8264, 7839, 3701, 3731, 5789, 4240, 2470, 3672, 8626, 8754, 2332, 1572, 2972, 2898, 1765, 1787, 4596, 4871, 2352, 1830, 3367, 3223, 1821, 2074, 5070, 5212, 2440, 2374, 3823, 3529, 1953, 2840, 6364, 6182, 2507, 1493, 2818, 2679, 1929, 1910, 4823, 5193, 2408, 1241, 2866, 2354, 1609, 1107, 3965, 4700, 1281, 1260, 2084, 1582, 803, 1077, 2593, 2780, 749, 827, 1042, 865, 642, 746, 1125, 1154, 568, 617, 578, 572, 593, 634, 618, 582, 538, 486, 483, 546, 564, 541, 524, 525, 641, 546, 530, 712, 643, 554, 573, 610, 700, 591, 720, 813, 659, 592, 595, 568, 623, 619, 651, 710, 570, 679, 628, 514, 660, 687, 675, 643, 593, 701, 694, 555, 629, 744, 773, 719, 638, 658, 782, 672, 690, 739, 814, 786, 689, 668, 767, 714, 618, 798, 924, 921, 879, 967, 940, 663, 1929, 3150, 2485, 1375, 1401, 2502, 2746, 1155, 2955, 5015, 3923, 1609, 1774, 3453, 3855, 1540, 2190, 3899, 3212, 1387, 1382, 2556, 2849, 1211, 1208, 1836, 1540, 940, 978, 1280, 1314, 822, 725, 871, 967, 937, 774, 1020, 1205, 901, 883, 877, 1691, 1661, 945, 1334, 1388, 983, 1148, 908, 1924, 1963, 1196, 1181, 1114, 1180, 923, 686, 1098, 1137, 956, 823, 782, 1061, 732, 576, 578, 737, 767, 600, 636, 812, 795, 731, 708, 808, 737, 837, 803, 720, 767, 852, 689, 678, 732, 942, 837, 546, 670, 626, 565, 608, 698, 776, 631, 640, 840, 705, 694, 655, 740, 871, 719, 714, 684, 668, 732, 602, 445, 590, 613, 677, 596, 617, 662, 547, 501, 550, 575, 631, 662, 613, 624, 664, 596, 555, 611, 723, 529, 653, 610, 592, 550, 508, 669, 626, 532, 597, 566, 536, 544, 550, 653, 610, 635, 537, 552, 565, 557, 515, 560, 696, 651, 614, 647, 597, 605, 615, 586, 683, 555, 543, 571, 510, 570, 596, 555, 623, 512, 550, 552, 441, 508, 562, 560, 542, 536, 609, 636, 533, 563, 529, 563, 615, 596, 686, 767, 706, 623, 564, 636, 667, 515, 574, 705, 653, 557, 494, 548, 617, 489, 511, 538, 558, 617, 645, 576, 548, 531, 552, 539, 573, 649, 632, 598, 575, 578, 559, 583, 560, 577, 547, 580, 673, 622, 628, 600, 496, 548, 583, 573, 651, 573, 704, 748, 567, 580, 660, 678, 625, 566, 587, 709, 636, 505, 602, 618, 629, 551, 608, 622, 629, 614, 619, 683, 588, 586, 560, 610, 536, 544, 580, 591, 573, 715, 666, 668, 589, 536, 620, 667, 650, 752, 688, 600, 576, 592, 688, 682, 652, 570, 538, 571, 583, 593, 569, 605, 604, 492, 624, 733, 670, 584, 520, 591, 540, 577, 690, 746, 714, 678, 655, 625, 620, 555, 608, 673, 602, 579, 606, 683, 666, 582, 574, 546, 530, 446, 554, 637, 628, 569, 549, 502, 503, 488, 537, 572, 528, 631, 628, 633, 536, 493, 598, 587, 570, 872, 534, 1083, 1034, 642, 597, 908, 1192, 814, 1314, 1931, 1338, 610, 957, 1837, 1912, 603, 1436, 1717, 1054, 677, 1118, 1757, 1482, 571, 874, 946, 748, 669, 815, 925, 705, 485, 481, 534, 509, 555, 612, 531, 491, 521, 539, 425, 476, 563, 514, 441, 413, 541, 456, 455, 484, 450, 496, 494, 502, 566, 458, 389, 473, 542, 640, 572, 479, 488, 460, 386, 349, 429, 481, 390, 400, 399, 414, 416, 411, 434, 422, 446, 451]"
0.86710524559021,-0.4136876165866852,-0.22902828454971313,0.13576164841651917,-0.33096835017204285,-0.36661049723625183,0.29425081610679626,-1.3770298957824707,1.8703937530517578,17.25,-0.01647043228149414,0.8106708526611328,18.75,0.03259611129760742,0.7342815399169922,26.0,0.03574323654174805,0.7993698120117188,23.25,0.20697546005249023,0.766754150390625,16.0,"[453, 631, 636, 630, 677, 630, 643, 640, 466, 588, 626, 554, 658, 654, 599, 563, 493, 611, 605, 588, 578, 638, 634, 519, 555, 528, 515, 613, 595, 520, 544, 551, 549, 575, 522, 566, 594, 457, 451, 526, 484, 571, 519, 495, 522, 484, 493, 475, 578, 601, 526, 581, 548, 601, 624, 494, 507, 497, 504, 546, 574, 521, 542, 528, 518, 487, 557, 543, 551, 524, 535, 523, 522, 612, 593, 485, 543, 616, 557, 543, 541, 562, 570, 433, 546, 659, 523, 468, 572, 536, 545, 516, 624, 663, 509, 547, 536, 520, 610, 533, 503, 513, 560, 607, 532, 567, 572, 506, 568, 553, 544, 551, 453, 606, 584, 513, 567, 595, 563, 505, 485, 582, 500, 570, 600, 651, 648, 491, 528, 567, 639, 594, 591, 696, 647, 495, 517, 564, 647, 582, 506, 591, 576, 552, 593, 687, 630, 565, 561, 577, 597, 549, 537, 516, 584, 507, 478, 531, 574, 560, 554, 435, 413, 506, 491, 465, 446, 515, 458, 438, 513, 606, 565, 521, 466, 403, 521, 516, 525, 500, 538, 507, 441, 409, 528, 596, 652, 600, 526, 533, 592, 626, 533, 561, 518, 535, 586, 607, 540, 525, 590, 647, 588, 511, 647, 678, 593, 585, 693, 706, 549, 544, 605, 609, 576, 591, 567, 578, 504, 518, 577, 639, 531, 482, 558, 594, 516, 561, 641, 621, 584, 575, 570, 530, 519, 482, 579, 566, 625, 650, 501, 521, 536, 493, 518, 499, 564, 594, 583, 550, 560, 601, 510, 490, 584, 529, 498, 490, 498, 512, 465, 494, 546, 486, 521, 507, 522, 457, 547, 647, 530, 422, 562, 505, 551, 630, 658, 642, 579, 594, 554, 546, 535, 569, 635, 596, 519, 547, 528, 645, 621, 470, 552, 628, 556, 510, 573, 622, 522, 514, 616, 578, 515, 521, 583, 631, 532, 581, 671, 547, 534, 594, 573, 484, 459, 562, 595, 549, 488, 581, 556, 577, 564, 594, 576, 538, 471, 531, 651, 613, 633, 620, 639, 632, 675, 677, 543, 533, 636, 673, 717, 634, 605, 603, 550, 528, 606, 665, 584, 468, 611, 595, 553, 493, 493, 555, 541, 476, 469, 534, 531, 543, 627, 649, 587, 579, 546, 572, 627, 563, 588, 584, 634, 541, 493, 550, 587, 628, 495, 509, 645, 671, 597, 589, 551, 555, 545, 488, 564, 564, 555, 560, 622, 605, 564, 634, 598, 574, 606, 653, 540, 541, 515, 576, 593, 597, 684, 654, 554, 586, 631, 610, 574, 512, 603, 594, 465, 539, 580, 595, 475, 409, 562, 490, 561, 584, 481, 530, 524, 508, 534, 520, 784, 739, 694, 752, 787, 762, 827, 860, 1707, 834, 1262, 1917, 1729, 934, 2357, 2795, 2647, 1483, 1893, 2766, 2681, 1369, 1807, 2993, 4101, 4247, 6177, 4591, 2948, 4158, 8374, 8528, 5396, 4634, 7779, 5653, 3349, 4413, 10808, 11618, 2667, 1846, 3567, 3199, 1851, 1878, 4740, 5258, 1798, 2307, 3051, 2128, 1389, 2544, 5344, 5018, 2953, 3527, 4954, 2709, 1834, 3644, 8235, 8128, 2415, 4156, 5722, 3016, 1432, 3865, 8700, 8331, 1055, 3026, 3626, 1993, 671, 2683, 5236, 4579, 1045, 1280, 1715, 1255, 678, 1063, 2020, 2099, 771, 1081, 1378, 1062, 784, 942, 1631, 1632, 541, 716, 795, 828, 787, 874, 1058, 908, 524, 674, 714, 574, 678, 706, 650, 525, 459, 621, 696, 642, 602, 558, 643, 607, 532, 696, 652, 649, 573, 594, 765, 652, 502, 627, 694, 697, 494, 584, 742, 627, 485, 625, 674, 567, 620, 737, 631, 499, 618, 601, 698, 664, 700, 649, 600, 702, 772, 654, 706, 625, 692, 627, 715, 899, 641, 711, 610, 555, 633, 716, 656, 617, 823, 1151, 1345, 923, 817, 1111, 1018, 823, 1001, 1557, 1776, 1171, 726, 1054, 1258, 1096, 844, 1706, 1829, 1106, 721, 805, 1139, 1102, 1258, 1978, 1626, 913, 722, 948, 1387, 903, 1691, 2379, 1723, 795, 786, 1632, 1981, 1173, 1452, 1752, 2084, 1763, 1413, 1556, 1850, 1875, 1796, 2983, 3829, 3561, 2755, 2194, 2716, 2823, 1707, 2814, 3224, 2837, 2216, 2008, 2384, 2111, 850, 1247, 1211, 1115, 1108, 1118, 1085, 824, 629, 715, 608, 618, 804, 765, 609, 581, 768, 683, 607, 626, 719, 697, 608, 604, 687, 721, 607, 662, 765, 670, 601, 624, 621, 695, 796, 911, 775, 654, 803, 707, 534, 839, 966, 926, 664, 800, 879, 717, 674, 904, 1107, 902, 692, 862, 816, 814, 714, 871, 1190, 954, 656, 797, 820, 900, 707, 745, 974, 866, 614, 588, 711, 829, 621, 544, 676, 704, 578, 502, 557, 630, 554, 461, 580, 595, 515, 501, 489, 532, 611, 561, 546, 524, 543, 499, 514, 591, 689, 563, 526, 530, 581, 534, 578, 616, 718, 653, 476, 529, 710, 647, 542, 591, 740, 588, 576, 615, 603, 545, 549, 703, 722, 590, 545, 682, 728, 570, 544, 711, 604, 529, 500, 580, 660, 659, 556, 566, 738, 583, 512, 616, 611, 602, 445, 647, 734, 694, 697, 624, 636, 624, 541, 671, 646, 709, 688, 602, 686, 741, 672, 651, 589, 601, 684, 703, 630, 612, 675, 670, 640, 628, 583, 657, 679, 607, 629, 619, 544, 573, 590, 667, 670, 613, 604, 598, 609, 673, 653, 645, 571, 600, 623, 622, 644, 669, 507, 589, 637, 563, 583, 541, 622, 654, 621, 661, 692, 619, 589, 537, 582, 579, 604, 594, 593, 643, 650, 568, 594, 626, 648, 575, 494, 577, 629, 598, 644, 569, 662, 708, 608, 580, 599, 596, 537, 531, 570, 549, 615, 624, 533, 542, 544, 536, 650, 623, 640, 664, 640, 576, 510, 573, 630, 652, 659, 767, 737, 583, 571, 578, 547, 725, 670, 694, 730, 618, 495, 450, 523, 560, 536, 568, 591, 546, 733, 623, 762, 701, 609, 566, 800, 911, 1013, 1037, 1531, 987, 491, 672, 1551, 1871, 1004, 1472, 2141, 1388, 515, 923, 2071, 2268, 792, 1188, 1457, 1072, 497, 963, 1538, 1399, 732, 720, 686, 671, 532, 738, 738, 606, 515, 473, 526, 605, 495, 471, 589, 604, 442, 559, 546, 518, 536, 567, 697, 634, 466, 593, 502, 475, 500, 664, 699, 556, 511, 616, 531, 479, 419, 544, 590, 480, 451, 437, 376, 401, 380, 401, 407, 398, 385, 394, 361, 372, 386, 408, 354, 335]"
0.8401529788970947,-0.38212156295776367,-0.2900002598762512,0.04037079960107803,-0.26893287897109985,-0.42715781927108765,0.11344332993030548,-1.3500516414642334,1.5157699584960938,16.25,-0.2544229030609131,0.9025096893310547,17.75,-0.12310194969177246,0.9206771850585938,30.25,-0.11265921592712402,0.9166717529296875,27.5,0.16772103309631348,0.6747722625732422,15.25,"[521, 583, 665, 625, 509, 628, 669, 585, 466, 585, 619, 668, 652, 641, 719, 594, 458, 574, 657, 639, 551, 578, 657, 589, 460, 493, 546, 604, 522, 432, 595, 528, 485, 504, 468, 500, 577, 482, 530, 535, 524, 489, 483, 535, 594, 514, 513, 580, 498, 475, 472, 520, 550, 437, 480, 552, 487, 555, 583, 517, 524, 509, 491, 556, 537, 537, 569, 562, 607, 487, 461, 577, 577, 577, 535, 514, 593, 586, 522, 514, 617, 586, 556, 542, 601, 602, 612, 616, 615, 584, 497, 551, 606, 588, 625, 652, 518, 449, 458, 477, 503, 497, 500, 547, 541, 517, 527, 516, 495, 466, 475, 589, 641, 519, 512, 519, 540, 525, 493, 622, 615, 536, 490, 598, 602, 513, 541, 663, 567, 574, 506, 584, 569, 458, 536, 578, 569, 659, 637, 587, 512, 553, 545, 487, 492, 521, 600, 607, 513, 556, 487, 467, 516, 509, 624, 639, 510, 510, 540, 494, 604, 530, 553, 582, 478, 524, 547, 532, 582, 519, 550, 623, 594, 626, 580, 493, 496, 564, 552, 577, 576, 555, 535, 468, 589, 636, 719, 573, 583, 646, 593, 611, 428, 482, 592, 598, 542, 546, 549, 563, 483, 539, 559, 556, 543, 521, 532, 531, 613, 584, 594, 570, 532, 564, 528, 540, 578, 549, 508, 537, 575, 615, 548, 515, 611, 548, 455, 479, 509, 599, 614, 550, 672, 635, 567, 573, 543, 570, 612, 590, 536, 570, 527, 506, 456, 503, 553, 542, 634, 566, 463, 518, 614, 490, 481, 633, 556, 454, 410, 490, 540, 424, 431, 524, 591, 630, 600, 533, 538, 505, 547, 577, 580, 546, 520, 557, 466, 512, 543, 549, 485, 527, 571, 612, 560, 550, 569, 534, 508, 477, 550, 489, 509, 576, 562, 546, 531, 543, 487, 518, 553, 584, 544, 529, 670, 607, 621, 585, 563, 644, 608, 587, 681, 712, 628, 607, 672, 728, 653, 651, 430, 460, 498, 443, 576, 625, 609, 508, 559, 587, 477, 454, 653, 729, 544, 447, 606, 633, 532, 517, 666, 678, 584, 524, 597, 602, 578, 498, 613, 638, 629, 625, 654, 597, 564, 490, 495, 603, 588, 604, 622, 611, 602, 559, 503, 618, 563, 595, 528, 564, 593, 542, 567, 691, 542, 476, 630, 555, 520, 535, 617, 583, 536, 595, 629, 578, 546, 559, 538, 552, 565, 663, 670, 623, 681, 677, 642, 572, 569, 686, 593, 622, 745, 653, 628, 576, 598, 731, 550, 605, 616, 581, 444, 450, 540, 532, 617, 643, 668, 675, 607, 480, 527, 598, 778, 846, 930, 833, 666, 906, 1163, 1086, 2114, 1078, 1864, 2402, 1981, 1205, 3405, 3915, 3164, 1656, 2800, 3517, 3014, 1851, 3920, 4802, 7262, 4283, 8118, 7808, 5567, 4705, 13058, 14377, 9829, 4732, 10636, 10856, 7510, 5327, 17641, 19893, 5926, 2849, 6644, 7376, 4805, 3527, 11251, 12362, 1973, 1722, 3115, 3223, 1770, 2031, 4758, 4748, 1601, 1992, 2944, 2220, 1048, 1987, 4352, 4268, 1764, 2545, 3501, 2137, 1063, 2404, 5098, 4880, 1677, 1937, 2889, 2097, 1130, 1672, 3487, 3523, 1453, 1543, 2646, 2009, 872, 1460, 3352, 3528, 756, 1015, 1421, 1134, 632, 983, 1751, 1706, 753, 654, 766, 765, 621, 668, 854, 856, 696, 559, 608, 740, 637, 601, 721, 762, 578, 609, 668, 694, 605, 598, 690, 660, 581, 618, 768, 742, 582, 547, 703, 766, 608, 571, 683, 718, 602, 480, 646, 743, 566, 565, 621, 628, 535, 535, 657, 695, 753, 732, 610, 630, 687, 632, 567, 588, 701, 672, 692, 718, 719, 591, 567, 676, 840, 852, 781, 814, 788, 694, 750, 770, 858, 1266, 1320, 1165, 875, 896, 1269, 1167, 1006, 1671, 2226, 1782, 955, 973, 1621, 1595, 1192, 1699, 1948, 1736, 998, 1607, 1852, 1309, 1238, 1813, 1389, 1050, 987, 1642, 1755, 922, 907, 1223, 1076, 797, 805, 1045, 1248, 815, 845, 1259, 1399, 1117, 975, 734, 1017, 1218, 1663, 2149, 1723, 1325, 1587, 1790, 1726, 1482, 1795, 2106, 1574, 1134, 1530, 1895, 1711, 1337, 1070, 1132, 1187, 1006, 1060, 1271, 1071, 956, 1066, 857, 800, 858, 865, 1027, 863, 901, 1049, 957, 798, 788, 928, 999, 792, 938, 849, 867, 905, 970, 986, 853, 888, 872, 781, 770, 785, 834, 798, 800, 814, 825, 697, 620, 654, 770, 764, 664, 549, 696, 812, 659, 738, 722, 882, 747, 754, 960, 899, 823, 1058, 789, 847, 806, 963, 1274, 951, 911, 1195, 980, 742, 719, 846, 1185, 770, 889, 958, 814, 670, 641, 680, 736, 606, 762, 738, 537, 565, 576, 642, 578, 580, 617, 614, 561, 592, 591, 559, 573, 663, 683, 646, 633, 689, 679, 618, 632, 587, 570, 604, 601, 574, 496, 578, 636, 467, 563, 600, 616, 578, 591, 624, 554, 578, 573, 626, 583, 573, 656, 658, 592, 740, 594, 648, 649, 667, 695, 594, 695, 704, 630, 650, 615, 630, 625, 565, 713, 638, 610, 583, 554, 788, 689, 524, 603, 649, 545, 567, 633, 690, 657, 463, 575, 640, 665, 642, 651, 676, 665, 641, 679, 527, 629, 695, 670, 655, 604, 650, 659, 504, 567, 675, 607, 485, 493, 545, 529, 588, 532, 552, 608, 570, 481, 568, 596, 700, 644, 519, 518, 737, 708, 527, 612, 670, 626, 587, 683, 688, 622, 601, 654, 606, 549, 537, 655, 618, 550, 583, 606, 650, 671, 653, 688, 665, 562, 606, 665, 722, 665, 722, 734, 647, 594, 731, 802, 739, 709, 823, 868, 704, 734, 880, 845, 715, 658, 719, 718, 694, 732, 694, 743, 648, 560, 594, 695, 716, 593, 520, 662, 610, 496, 618, 730, 629, 480, 501, 592, 557, 424, 614, 735, 628, 487, 539, 656, 628, 491, 548, 728, 666, 571, 585, 659, 959, 559, 909, 975, 655, 537, 729, 1108, 1218, 871, 1639, 1462, 723, 615, 1580, 2031, 1035, 1261, 1997, 1333, 674, 887, 2200, 2419, 675, 913, 1183, 788, 533, 766, 1393, 1392, 557, 530, 648, 630, 467, 489, 643, 703, 428, 477, 541, 500, 426, 427, 650, 594, 478, 505, 546, 459, 450, 449, 638, 643, 485, 501, 473, 429, 473, 493, 606, 604, 483, 469, 500, 539, 473, 543, 573, 525, 440, 468, 563, 551, 407, 373, 451, 405, 438, 493, 485, 455, 426, 470, 429, 429]"
0.8188011050224304,-0.41254058480262756,-0.31876274943351746,-0.02778829261660576,-0.29809731245040894,-0.43153032660484314,-0.007405295968055725,-0.24627530574798584,0.9289741516113281,20.0,-0.08806073665618896,0.8990764617919922,28.5,0.06228601932525635,1.0967731475830078,16.75,0.06443178653717041,0.7803440093994141,17.0,0.21306192874908447,0.8163928985595703,21.0,"[481, 655, 675, 555, 577, 558, 679, 649, 476, 558, 610, 605, 584, 542, 602, 585, 583, 605, 494, 511, 572, 580, 546, 532, 561, 460, 538, 541, 537, 540, 583, 632, 545, 497, 501, 531, 576, 488, 509, 612, 704, 529, 442, 558, 636, 577, 538, 690, 626, 626, 478, 479, 552, 637, 573, 589, 609, 628, 480, 512, 595, 568, 447, 483, 523, 610, 542, 506, 536, 535, 481, 418, 541, 584, 563, 574, 524, 563, 543, 509, 491, 520, 521, 512, 493, 545, 546, 521, 490, 505, 570, 521, 511, 523, 571, 564, 496, 529, 573, 501, 401, 470, 541, 555, 503, 568, 613, 557, 447, 528, 582, 523, 535, 491, 587, 560, 458, 542, 591, 550, 600, 551, 543, 499, 561, 565, 469, 536, 491, 487, 479, 460, 503, 478, 508, 496, 461, 456, 424, 493, 556, 486, 440, 482, 522, 565, 614, 507, 513, 591, 584, 577, 596, 638, 652, 549, 462, 629, 754, 660, 512, 619, 624, 529, 506, 583, 550, 472, 593, 518, 531, 676, 665, 554, 521, 613, 581, 500, 550, 627, 677, 613, 532, 599, 591, 489, 572, 561, 591, 662, 639, 624, 509, 505, 588, 553, 544, 657, 585, 542, 476, 487, 497, 506, 538, 585, 590, 510, 539, 599, 611, 622, 591, 516, 503, 467, 562, 628, 571, 643, 620, 501, 490, 466, 589, 667, 597, 632, 571, 599, 616, 510, 584, 681, 635, 642, 564, 616, 647, 540, 564, 513, 477, 568, 683, 605, 462, 516, 558, 609, 491, 529, 613, 530, 534, 529, 527, 549, 454, 520, 573, 425, 436, 495, 611, 612, 562, 546, 598, 513, 576, 597, 587, 644, 633, 540, 541, 531, 524, 610, 516, 565, 615, 580, 609, 565, 539, 586, 535, 551, 588, 580, 591, 612, 589, 546, 436, 491, 569, 619, 521, 563, 641, 529, 570, 623, 536, 510, 501, 536, 627, 555, 549, 668, 671, 503, 484, 564, 589, 548, 505, 578, 594, 522, 576, 655, 637, 544, 488, 577, 562, 517, 499, 602, 569, 462, 551, 580, 567, 523, 652, 704, 563, 479, 604, 545, 561, 549, 592, 606, 486, 484, 570, 627, 617, 549, 534, 597, 545, 465, 565, 701, 712, 749, 671, 649, 689, 593, 575, 475, 634, 709, 551, 442, 585, 650, 639, 525, 621, 655, 555, 603, 585, 641, 494, 548, 552, 501, 515, 563, 596, 540, 529, 573, 609, 598, 581, 580, 630, 572, 568, 573, 537, 619, 725, 630, 646, 654, 627, 622, 647, 629, 637, 771, 804, 668, 1274, 862, 1412, 1824, 1293, 1027, 2588, 2667, 2908, 1174, 2615, 3550, 2641, 1322, 4705, 5423, 4280, 2546, 5153, 5233, 3456, 2670, 7425, 8287, 7011, 5125, 10210, 8762, 4990, 4999, 13784, 14991, 6973, 5427, 11011, 9650, 5081, 5334, 14768, 15852, 2543, 2267, 4611, 4594, 2272, 2497, 6196, 6217, 1391, 2552, 2728, 2227, 1250, 2910, 5677, 4860, 2106, 3609, 4475, 2766, 1397, 3912, 7828, 7021, 1336, 2555, 3238, 1992, 970, 2410, 4475, 3941, 1234, 1546, 1918, 1595, 1061, 1329, 2253, 2092, 1277, 1708, 1970, 1394, 1096, 1490, 2368, 1919, 778, 1507, 1621, 1085, 692, 1241, 1755, 1349, 651, 963, 963, 664, 536, 806, 1021, 847, 634, 671, 648, 563, 568, 651, 634, 592, 540, 500, 566, 593, 507, 517, 619, 639, 509, 423, 508, 616, 562, 549, 586, 548, 632, 597, 689, 709, 642, 624, 800, 656, 617, 646, 687, 687, 547, 661, 724, 597, 613, 652, 592, 519, 518, 542, 551, 570, 663, 639, 638, 677, 678, 541, 682, 710, 724, 735, 590, 728, 773, 689, 599, 635, 774, 1004, 1391, 1202, 768, 1031, 981, 933, 1140, 2999, 3940, 2711, 1159, 1732, 2272, 2222, 1571, 4236, 5167, 3338, 1155, 1750, 2781, 2690, 1353, 3383, 3930, 2306, 831, 1184, 2140, 1900, 998, 1807, 2220, 1519, 799, 903, 1312, 1202, 1246, 1488, 2270, 1946, 1005, 923, 1151, 1555, 1742, 1175, 2483, 2611, 1284, 1315, 1124, 1868, 1331, 1067, 1754, 1871, 1103, 1277, 1218, 1337, 899, 1097, 1042, 1059, 923, 1072, 1243, 942, 706, 679, 669, 931, 813, 776, 966, 934, 740, 989, 839, 671, 777, 789, 929, 898, 918, 1340, 1203, 767, 726, 899, 997, 830, 822, 1314, 1294, 898, 716, 825, 953, 771, 677, 848, 902, 726, 654, 684, 697, 735, 565, 579, 633, 622, 624, 587, 740, 736, 622, 695, 731, 695, 642, 621, 722, 785, 727, 663, 752, 751, 781, 770, 701, 767, 707, 678, 741, 840, 796, 703, 626, 677, 643, 724, 669, 665, 683, 657, 629, 565, 699, 697, 572, 579, 607, 580, 561, 617, 777, 610, 598, 730, 812, 667, 656, 790, 621, 551, 635, 702, 712, 747, 652, 665, 536, 539, 617, 582, 612, 608, 566, 624, 523, 493, 605, 571, 562, 496, 584, 640, 540, 582, 621, 652, 617, 603, 551, 546, 616, 614, 675, 625, 620, 622, 581, 637, 653, 604, 636, 653, 667, 615, 567, 681, 687, 538, 578, 648, 630, 564, 613, 763, 651, 472, 558, 660, 640, 562, 605, 720, 628, 465, 614, 749, 669, 546, 680, 757, 600, 556, 531, 627, 592, 601, 680, 673, 530, 612, 636, 609, 644, 679, 673, 629, 635, 633, 696, 672, 609, 678, 706, 717, 614, 629, 642, 621, 585, 577, 622, 627, 632, 705, 675, 630, 576, 625, 724, 627, 602, 646, 657, 569, 626, 611, 666, 636, 616, 566, 618, 658, 648, 595, 711, 744, 607, 561, 689, 812, 663, 487, 690, 706, 654, 594, 770, 858, 626, 585, 645, 673, 496, 578, 746, 741, 557, 543, 612, 566, 625, 747, 804, 787, 629, 601, 624, 595, 603, 708, 675, 679, 620, 583, 575, 551, 728, 609, 658, 715, 666, 591, 607, 745, 1021, 722, 1022, 1031, 644, 651, 938, 1214, 1073, 739, 1213, 1083, 538, 755, 1339, 1544, 741, 967, 1203, 894, 615, 915, 1477, 1417, 527, 712, 689, 653, 572, 711, 842, 668, 530, 528, 553, 575, 539, 493, 652, 631, 562, 705, 757, 650, 522, 634, 825, 750, 482, 549, 554, 499, 535, 563, 645, 564, 403, 368, 409, 448, 445, 482, 534, 523, 432, 352, 433, 456, 514, 493, 400, 478, 447, 469, 425, 354, 444, 555, 579, 478, 466, 489, 477, 387, 387, 488, 569, 512, 405, 463, 468, 382, 375, 417, 489, 432]"
0.860931396484375,-0.4562014937400818,-0.5340460538864136,0.08047233521938324,-0.3631659746170044,-0.7255275249481201,0.10309900343418121,-0.3315786123275757,1.2202262878417969,26.25,-0.16120469570159912,0.9906291961669922,-30.25,-0.06464517116546631,0.9265422821044922,-30.5,-0.05706346035003662,0.8368492126464844,21.0,-0.004849791526794434,0.7481575012207031,23.0,"[497, 574, 632, 606, 606, 603, 631, 578, 580, 530, 576, 635, 651, 594, 599, 643, 491, 453, 528, 596, 534, 528, 583, 599, 556, 599, 490, 442, 522, 563, 584, 514, 546, 536, 511, 459, 525, 526, 516, 548, 448, 481, 484, 462, 557, 583, 543, 513, 443, 498, 504, 533, 540, 515, 549, 518, 531, 539, 507, 487, 421, 519, 562, 516, 497, 542, 533, 513, 496, 537, 545, 488, 550, 599, 549, 489, 528, 616, 619, 579, 586, 602, 620, 510, 560, 636, 645, 616, 426, 426, 536, 517, 513, 576, 593, 520, 467, 458, 460, 456, 517, 517, 526, 529, 538, 567, 539, 534, 588, 509, 527, 549, 534, 590, 565, 582, 615, 589, 589, 580, 525, 624, 640, 540, 490, 574, 558, 494, 500, 490, 599, 595, 491, 442, 487, 510, 603, 558, 613, 612, 516, 497, 540, 602, 646, 476, 528, 629, 600, 471, 519, 651, 484, 486, 538, 535, 599, 580, 550, 557, 511, 566, 510, 567, 652, 602, 588, 547, 500, 538, 548, 551, 593, 560, 553, 579, 506, 538, 588, 626, 532, 564, 592, 539, 546, 565, 610, 680, 561, 530, 559, 540, 498, 552, 629, 638, 600, 581, 574, 534, 532, 430, 497, 591, 575, 583, 556, 603, 548, 456, 544, 522, 556, 554, 524, 650, 539, 543, 559, 568, 570, 470, 530, 630, 527, 541, 577, 579, 617, 606, 629, 575, 492, 525, 549, 495, 593, 672, 631, 523, 544, 487, 551, 563, 502, 545, 555, 597, 552, 531, 597, 635, 569, 539, 565, 559, 607, 482, 527, 601, 543, 524, 484, 499, 507, 531, 539, 508, 578, 592, 531, 488, 538, 608, 619, 612, 634, 667, 623, 590, 563, 602, 575, 489, 559, 571, 530, 559, 607, 540, 541, 572, 491, 595, 669, 637, 592, 599, 621, 583, 533, 539, 641, 643, 620, 627, 602, 581, 569, 518, 557, 639, 631, 625, 581, 542, 547, 578, 514, 530, 550, 523, 521, 612, 516, 505, 569, 575, 579, 533, 512, 598, 561, 573, 601, 588, 531, 546, 565, 515, 534, 576, 565, 625, 602, 533, 531, 574, 633, 613, 584, 634, 610, 576, 591, 613, 639, 656, 603, 597, 607, 567, 567, 499, 560, 650, 608, 642, 552, 507, 549, 567, 500, 499, 574, 591, 589, 567, 591, 547, 534, 566, 529, 584, 589, 504, 572, 591, 541, 581, 587, 576, 628, 539, 614, 675, 566, 722, 777, 668, 1174, 1065, 1422, 1811, 1069, 1364, 2845, 2610, 2952, 1887, 3117, 4224, 2934, 2287, 6571, 6765, 4640, 4756, 6298, 5240, 3726, 5215, 11783, 11385, 12270, 10107, 15713, 11679, 8448, 11090, 27933, 28807, 13841, 8546, 15408, 12442, 9555, 9446, 27342, 29803, 6139, 2826, 5765, 5856, 4639, 3198, 10720, 12256, 1654, 1415, 2127, 2180, 1399, 1597, 2993, 3077, 1275, 2344, 2712, 2047, 1196, 2637, 4916, 4224, 1295, 1687, 1864, 1239, 1084, 1873, 3664, 3399, 1065, 1482, 1892, 1170, 922, 982, 1835, 2116, 1925, 2482, 3031, 1971, 1159, 1328, 2569, 2997, 2422, 3276, 4517, 2941, 1274, 2067, 4544, 4856, 1661, 2484, 3200, 2067, 932, 1599, 3371, 3379, 872, 1192, 1214, 912, 644, 891, 1393, 1269, 535, 746, 756, 613, 516, 678, 810, 621, 543, 764, 774, 529, 450, 657, 787, 621, 604, 654, 636, 564, 520, 657, 693, 649, 581, 616, 668, 684, 580, 620, 637, 567, 642, 746, 714, 629, 614, 649, 664, 584, 710, 857, 812, 731, 673, 737, 692, 637, 648, 673, 674, 637, 572, 609, 601, 526, 758, 817, 926, 740, 621, 671, 841, 895, 1104, 2534, 3111, 2075, 1044, 1223, 1862, 1839, 2220, 5871, 6507, 3723, 1502, 2209, 3626, 2964, 3044, 6769, 7031, 3640, 1479, 2559, 3836, 2939, 2055, 3906, 3984, 2122, 1119, 1958, 2177, 1710, 1285, 1801, 1522, 1034, 1088, 1488, 1389, 1038, 1085, 1304, 1301, 1089, 1376, 1286, 1265, 1173, 1814, 2547, 2364, 1903, 1847, 1665, 2170, 1940, 1671, 2218, 2064, 1701, 1549, 1615, 1985, 1662, 1110, 1176, 1028, 980, 939, 1178, 1289, 967, 1166, 1415, 1318, 1024, 805, 1243, 1500, 1146, 1044, 1546, 1553, 996, 779, 1193, 1533, 1134, 961, 1304, 1332, 935, 842, 927, 1068, 1010, 815, 1125, 1233, 865, 826, 947, 862, 918, 752, 993, 1008, 754, 768, 954, 948, 922, 807, 898, 844, 698, 704, 665, 812, 885, 617, 655, 621, 638, 643, 604, 642, 605, 578, 575, 718, 638, 631, 613, 655, 612, 650, 674, 712, 697, 643, 648, 699, 732, 623, 696, 763, 647, 674, 680, 641, 681, 493, 669, 658, 563, 624, 606, 655, 573, 473, 528, 643, 594, 615, 636, 682, 593, 565, 651, 707, 687, 702, 667, 703, 609, 677, 694, 683, 701, 738, 633, 656, 592, 567, 586, 654, 606, 578, 567, 602, 546, 591, 532, 619, 649, 605, 486, 555, 635, 558, 514, 672, 718, 597, 520, 681, 688, 493, 535, 574, 593, 605, 627, 604, 486, 596, 525, 506, 629, 648, 570, 470, 533, 638, 600, 515, 574, 626, 621, 575, 514, 614, 581, 561, 605, 549, 591, 669, 643, 680, 685, 559, 567, 579, 553, 568, 578, 741, 679, 567, 662, 780, 728, 689, 693, 669, 691, 639, 653, 768, 835, 799, 703, 704, 740, 664, 605, 596, 754, 866, 704, 590, 594, 713, 717, 553, 638, 747, 659, 649, 568, 733, 757, 598, 664, 771, 794, 632, 569, 664, 679, 587, 605, 782, 852, 636, 616, 612, 621, 635, 618, 755, 778, 667, 589, 564, 599, 601, 677, 703, 642, 578, 618, 678, 662, 674, 681, 670, 621, 574, 590, 720, 655, 571, 554, 605, 651, 607, 533, 679, 670, 536, 554, 661, 695, 599, 567, 601, 580, 469, 554, 697, 649, 905, 626, 952, 980, 742, 683, 825, 1039, 1218, 1078, 1497, 1241, 821, 923, 1462, 1750, 985, 1300, 1608, 1148, 862, 1138, 1895, 1815, 695, 1070, 1033, 874, 753, 892, 1237, 1084, 563, 658, 630, 538, 525, 639, 764, 710, 602, 663, 582, 572, 545, 676, 779, 657, 581, 527, 547, 540, 524, 681, 658, 586, 418, 472, 471, 473, 426, 516, 522, 436, 428, 473, 479, 434, 404, 493, 537, 485, 427, 437, 440, 414, 354, 439, 493, 486, 443, 419, 503, 476, 395, 448, 501, 503, 474, 411, 405, 397, 427, 420, 491, 549, 471, 409, 418, 471, 469, 434, 437, 528]"
0.896034300327301,-0.5341646671295166,-0.705654501914978,0.14993411302566528,-0.45928454399108887,-0.903264045715332,0.15019343793392181,-0.43879711627960205,1.1186599731445312,17.5,-0.11249744892120361,1.0720252990722656,-30.0,0.015104174613952637,0.8957862854003906,-31.0,0.06803309917449951,0.9439945220947266,24.5,0.8129004240036011,0.8467197418212891,16.0,"[513, 566, 559, 684, 780, 680, 566, 565, 545, 495, 531, 683, 676, 685, 655, 618, 447, 495, 523, 557, 580, 614, 616, 533, 526, 537, 622, 616, 564, 539, 574, 574, 447, 497, 610, 598, 487, 450, 541, 536, 463, 507, 522, 510, 463, 435, 505, 506, 517, 564, 483, 435, 465, 496, 531, 504, 488, 536, 486, 481, 579, 584, 538, 519, 478, 484, 463, 433, 500, 568, 455, 425, 547, 532, 552, 512, 559, 581, 538, 524, 464, 499, 603, 604, 578, 536, 533, 561, 581, 485, 512, 629, 613, 493, 559, 618, 525, 596, 563, 475, 540, 521, 559, 566, 478, 574, 529, 460, 495, 548, 548, 516, 539, 539, 521, 484, 580, 575, 589, 540, 547, 553, 613, 566, 534, 597, 585, 580, 525, 490, 542, 602, 555, 459, 492, 563, 541, 543, 546, 460, 444, 506, 450, 517, 619, 605, 567, 579, 568, 561, 589, 633, 662, 582, 554, 663, 586, 528, 534, 602, 574, 478, 428, 511, 558, 440, 443, 603, 597, 593, 540, 555, 633, 637, 641, 655, 534, 498, 583, 543, 583, 575, 556, 585, 569, 535, 669, 614, 529, 548, 616, 616, 492, 582, 688, 514, 468, 571, 521, 562, 496, 515, 583, 557, 483, 548, 568, 515, 536, 520, 488, 489, 512, 518, 556, 543, 547, 500, 475, 570, 564, 512, 477, 513, 501, 477, 546, 624, 558, 499, 483, 508, 569, 586, 579, 565, 581, 517, 532, 561, 632, 605, 581, 553, 556, 515, 535, 579, 627, 608, 630, 655, 555, 554, 546, 566, 537, 526, 496, 611, 548, 461, 489, 479, 563, 514, 497, 647, 573, 395, 433, 492, 551, 528, 589, 631, 546, 476, 575, 640, 578, 495, 535, 599, 550, 446, 593, 675, 552, 558, 582, 566, 518, 571, 592, 570, 574, 543, 595, 600, 517, 514, 599, 635, 561, 525, 588, 604, 525, 522, 622, 661, 474, 551, 685, 734, 558, 517, 662, 590, 573, 614, 630, 648, 575, 568, 626, 654, 655, 610, 563, 514, 620, 651, 610, 667, 659, 576, 639, 705, 672, 600, 635, 688, 657, 577, 514, 612, 613, 563, 588, 649, 570, 560, 634, 700, 636, 611, 563, 558, 611, 610, 690, 778, 675, 570, 646, 611, 600, 549, 584, 728, 639, 495, 597, 655, 884, 757, 1151, 1463, 955, 817, 1814, 1760, 2278, 1005, 2345, 3287, 2245, 1414, 4448, 4805, 2719, 1063, 2071, 3120, 2664, 1352, 3538, 4350, 2762, 5168, 5790, 3441, 1921, 5817, 10426, 8735, 10067, 11894, 16260, 11977, 7030, 13658, 30614, 29095, 12732, 11743, 17730, 14654, 9256, 13784, 33856, 33568, 6160, 5042, 7907, 7818, 4908, 6380, 16122, 16022, 1416, 1788, 2352, 2442, 1430, 2082, 4345, 3966, 1599, 3946, 4585, 2691, 1138, 4096, 7592, 6431, 1208, 4096, 4659, 2617, 974, 3975, 7026, 5692, 798, 2272, 2613, 1677, 681, 1778, 3136, 2682, 1109, 3176, 3440, 1996, 778, 2197, 3651, 3010, 2081, 4312, 5203, 3226, 1135, 2688, 4789, 4234, 1997, 3678, 4960, 3417, 1176, 2190, 4309, 4212, 1082, 2096, 2625, 1806, 798, 1458, 2350, 2092, 767, 1127, 1156, 773, 487, 893, 1137, 972, 646, 825, 866, 621, 521, 748, 851, 751, 610, 743, 668, 576, 565, 642, 677, 547, 517, 619, 585, 618, 576, 568, 676, 581, 574, 584, 585, 598, 588, 624, 706, 653, 721, 676, 624, 727, 719, 619, 747, 811, 684, 713, 656, 697, 761, 681, 756, 778, 717, 1005, 916, 687, 617, 807, 842, 677, 1997, 3286, 2966, 1813, 1250, 1792, 1962, 1470, 3857, 6587, 6166, 3805, 2319, 3244, 3707, 2841, 4423, 8460, 8598, 4890, 2432, 3643, 4759, 3245, 4007, 8584, 8799, 4769, 1988, 3473, 4630, 2861, 2189, 4554, 4812, 2809, 1411, 2317, 2865, 2034, 1926, 2150, 2297, 1859, 1453, 1869, 1884, 1732, 1948, 2808, 2766, 1813, 1518, 2238, 2433, 1767, 1874, 2767, 2636, 1501, 1118, 1890, 2087, 1450, 1620, 2240, 1933, 1069, 1009, 1395, 1526, 1217, 1474, 1746, 1579, 1168, 1135, 1207, 1356, 1347, 1288, 1990, 1831, 1143, 1157, 1256, 1518, 1369, 1086, 1825, 1730, 1054, 755, 1167, 1442, 1023, 699, 937, 1085, 841, 662, 815, 971, 878, 852, 938, 891, 711, 723, 778, 703, 774, 926, 1066, 945, 769, 787, 793, 698, 693, 699, 829, 790, 736, 721, 685, 684, 565, 723, 658, 777, 793, 803, 759, 643, 722, 767, 722, 843, 848, 752, 747, 744, 729, 696, 668, 655, 661, 656, 652, 706, 676, 603, 643, 568, 519, 605, 738, 683, 550, 525, 572, 597, 616, 586, 667, 753, 660, 661, 671, 626, 621, 602, 613, 727, 679, 625, 541, 575, 611, 534, 548, 677, 675, 646, 649, 656, 671, 617, 597, 645, 676, 632, 606, 619, 625, 624, 608, 587, 634, 599, 636, 727, 667, 617, 626, 614, 613, 524, 561, 678, 564, 585, 607, 607, 616, 642, 599, 662, 645, 666, 611, 530, 677, 596, 593, 674, 616, 567, 578, 637, 651, 582, 598, 686, 578, 558, 563, 595, 590, 577, 690, 776, 670, 582, 643, 740, 752, 600, 583, 641, 691, 652, 640, 725, 711, 515, 558, 646, 632, 602, 708, 760, 664, 690, 610, 783, 812, 711, 648, 952, 1075, 803, 587, 772, 781, 790, 678, 1086, 1244, 767, 725, 875, 892, 765, 780, 1264, 1271, 833, 652, 779, 914, 775, 642, 992, 1074, 707, 618, 609, 655, 642, 659, 664, 709, 658, 586, 603, 606, 586, 595, 569, 673, 628, 705, 796, 672, 638, 737, 781, 721, 698, 588, 671, 696, 614, 676, 788, 784, 557, 564, 558, 644, 605, 585, 682, 664, 488, 601, 632, 563, 538, 580, 686, 562, 741, 780, 824, 723, 603, 673, 844, 811, 870, 847, 1041, 865, 601, 641, 899, 1038, 1075, 1395, 1355, 845, 759, 1009, 1504, 1416, 777, 1255, 1154, 718, 576, 984, 1544, 1277, 640, 804, 711, 593, 536, 788, 994, 865, 592, 720, 827, 703, 588, 733, 861, 716, 598, 742, 801, 745, 580, 695, 810, 775, 550, 650, 563, 511, 548, 636, 691, 583, 563, 651, 643, 654, 579, 680, 785, 665, 509, 589, 645, 605, 498, 529, 737, 670, 514, 484, 451, 502, 459, 551, 607, 544, 425, 347, 386, 436, 393, 403, 454, 450, 515, 395, 400, 423, 518, 534, 497, 588, 451, 461, 444, 405, 421, 413, 348, 388, 438, 412, 387, 410, 391, 368, 384, 429]"
0.7997581958770752,-0.6560035943984985,-0.5831908583641052,-0.17713601887226105,-0.6366835832595825,-0.6606631875038147,-0.36377203464508057,-0.15990674495697021,0.8963584899902344,17.75,-0.09810864925384521,0.8653163909912109,20.0,-0.06606519222259521,0.9075164794921875,27.0,-0.04689633846282959,0.897216796875,-26.25,0.5267387628555298,0.9946346282958984,17.75,"[646, 661, 635, 629, 615, 633, 636, 661, 573, 506, 538, 628, 718, 645, 645, 699, 536, 549, 572, 530, 565, 638, 633, 606, 507, 548, 451, 428, 426, 447, 458, 435, 520, 517, 509, 544, 459, 445, 519, 556, 487, 501, 521, 496, 470, 534, 600, 595, 522, 520, 587, 584, 525, 595, 653, 623, 476, 564, 575, 519, 530, 585, 582, 518, 501, 521, 502, 488, 524, 535, 516, 485, 440, 515, 487, 501, 514, 543, 531, 475, 474, 587, 549, 463, 453, 525, 582, 471, 554, 645, 499, 423, 568, 530, 507, 556, 596, 575, 518, 531, 555, 512, 478, 533, 580, 565, 539, 513, 586, 525, 447, 534, 652, 551, 485, 558, 611, 538, 518, 603, 602, 600, 605, 606, 570, 575, 604, 571, 542, 498, 556, 586, 557, 475, 550, 596, 619, 564, 587, 649, 589, 546, 483, 549, 524, 626, 610, 508, 552, 624, 529, 471, 547, 520, 530, 557, 542, 554, 555, 570, 518, 578, 545, 526, 537, 536, 540, 522, 572, 512, 508, 527, 570, 510, 522, 609, 622, 597, 589, 560, 620, 587, 537, 576, 601, 529, 606, 674, 651, 561, 614, 634, 621, 461, 537, 589, 497, 476, 546, 634, 674, 494, 644, 666, 534, 582, 631, 673, 525, 542, 565, 494, 563, 536, 522, 556, 596, 505, 542, 554, 582, 529, 540, 619, 545, 506, 575, 596, 534, 490, 487, 511, 482, 543, 551, 576, 510, 458, 429, 441, 575, 609, 550, 471, 549, 557, 570, 593, 536, 525, 490, 566, 584, 570, 506, 513, 625, 557, 513, 510, 541, 524, 477, 526, 572, 570, 577, 550, 534, 539, 567, 600, 544, 578, 564, 559, 632, 571, 568, 609, 610, 623, 522, 518, 543, 540, 602, 616, 517, 540, 542, 492, 474, 535, 603, 585, 565, 673, 694, 573, 516, 631, 666, 603, 627, 593, 562, 627, 582, 618, 589, 590, 649, 576, 499, 512, 633, 632, 555, 603, 604, 567, 488, 584, 614, 613, 607, 582, 595, 606, 578, 578, 564, 618, 674, 649, 548, 531, 620, 668, 581, 506, 625, 661, 705, 681, 732, 786, 701, 674, 823, 837, 664, 942, 1021, 935, 636, 1066, 1581, 1291, 1493, 1588, 2298, 2647, 1323, 2216, 4627, 4192, 2083, 2304, 2887, 3037, 1866, 2679, 6010, 5518, 4364, 9960, 11639, 5837, 2593, 9560, 17907, 15342, 11949, 25983, 34006, 18207, 6699, 24188, 49614, 44885, 13200, 28309, 38753, 21458, 7278, 25979, 55325, 50907, 7709, 13497, 19824, 11795, 4219, 12691, 28290, 26865, 3347, 3034, 5184, 3866, 1983, 3373, 7970, 8113, 1871, 2252, 2523, 1913, 1210, 2611, 4031, 3809, 1706, 3496, 3789, 2280, 1156, 3806, 6799, 5682, 1686, 2893, 3494, 2142, 1054, 2991, 5633, 4995, 2104, 3643, 5405, 3396, 1089, 2835, 6354, 6311, 1929, 5774, 7665, 4441, 1063, 4096, 8554, 7920, 1312, 4041, 4945, 2757, 954, 2750, 5606, 5048, 728, 2560, 2959, 1626, 808, 1420, 2862, 2640, 731, 1938, 2044, 1154, 621, 1339, 2006, 1561, 687, 1058, 1115, 832, 588, 928, 1176, 923, 605, 698, 762, 628, 521, 681, 745, 657, 655, 723, 772, 648, 597, 603, 740, 731, 653, 798, 786, 617, 618, 716, 750, 708, 675, 815, 852, 651, 574, 629, 701, 730, 718, 868, 799, 644, 633, 787, 739, 661, 697, 752, 743, 663, 646, 741, 705, 640, 835, 905, 759, 677, 687, 823, 583, 632, 1516, 1668, 1392, 1245, 843, 1684, 1539, 938, 3858, 4280, 4828, 4550, 1764, 4665, 4891, 2612, 6310, 7169, 7683, 6887, 2646, 7463, 7744, 4034, 5858, 7685, 7504, 4885, 2503, 6350, 6485, 3501, 4672, 6452, 6174, 4193, 2397, 3974, 4110, 2940, 3760, 4911, 4453, 3272, 2171, 2967, 3389, 2234, 3074, 3881, 3562, 2774, 2249, 2490, 2808, 1904, 2396, 2801, 2470, 1930, 1604, 1665, 1850, 1471, 1405, 1634, 1307, 997, 881, 1012, 1163, 891, 1016, 1187, 1026, 908, 877, 1006, 1069, 1000, 1085, 1112, 1099, 975, 994, 1042, 1174, 1259, 962, 1246, 1120, 821, 851, 1058, 1205, 1051, 878, 925, 946, 777, 765, 845, 957, 946, 734, 805, 713, 646, 823, 800, 705, 770, 676, 957, 873, 656, 767, 843, 822, 617, 839, 1021, 867, 705, 814, 745, 765, 713, 833, 728, 695, 763, 720, 662, 623, 697, 741, 740, 770, 738, 678, 679, 687, 689, 661, 712, 760, 758, 601, 599, 756, 708, 678, 678, 691, 751, 590, 544, 712, 675, 733, 672, 575, 603, 650, 516, 576, 717, 783, 766, 671, 745, 726, 673, 706, 769, 724, 696, 677, 644, 625, 564, 579, 707, 737, 769, 678, 688, 691, 661, 613, 609, 691, 626, 509, 508, 535, 610, 522, 511, 658, 558, 500, 547, 572, 514, 541, 635, 660, 572, 610, 669, 650, 581, 612, 652, 510, 664, 833, 739, 582, 656, 687, 615, 451, 679, 787, 665, 516, 598, 674, 548, 567, 678, 699, 630, 610, 653, 637, 608, 605, 614, 556, 534, 606, 689, 628, 590, 584, 646, 693, 713, 694, 679, 719, 684, 535, 594, 747, 648, 553, 572, 752, 729, 622, 619, 646, 655, 587, 621, 682, 638, 943, 608, 766, 892, 802, 744, 1077, 1219, 1509, 611, 1333, 1776, 1395, 837, 2324, 2679, 1562, 879, 1827, 2250, 1510, 1172, 2900, 3116, 1014, 1089, 1707, 1775, 1149, 1184, 2449, 2341, 779, 901, 1257, 1295, 783, 921, 1762, 1576, 629, 604, 816, 847, 620, 745, 1234, 1109, 587, 646, 680, 547, 525, 678, 867, 816, 596, 671, 697, 611, 628, 757, 842, 762, 699, 727, 858, 844, 754, 932, 877, 650, 772, 879, 952, 808, 763, 776, 829, 799, 709, 856, 940, 844, 695, 685, 790, 779, 633, 836, 1050, 921, 610, 649, 930, 967, 639, 890, 1003, 850, 672, 894, 1275, 1138, 762, 763, 818, 745, 749, 958, 988, 827, 707, 799, 834, 687, 694, 725, 907, 919, 797, 958, 1209, 1006, 747, 953, 1401, 1308, 729, 877, 1129, 904, 668, 878, 1253, 1153, 630, 661, 737, 565, 667, 694, 801, 804, 559, 521, 595, 626, 654, 671, 718, 716, 560, 589, 624, 705, 532, 685, 985, 853, 566, 695, 588, 588, 492, 731, 1046, 819, 450, 672, 552, 453, 436, 721, 1029, 824, 395, 598, 535, 434, 400, 665, 796, 529, 413, 497, 503, 438, 408, 506, 592, 531, 495, 444, 482, 469, 444, 439, 419, 516, 602, 539, 417, 427, 474, 495, 471, 500]"
0.6551941633224487,-0.8395932912826538,-0.41015300154685974,-0.5769606828689575,-0.8768613338470459,-0.3869207501411438,-0.9006286263465881,-1.1945827007293701,1.4103412628173828,16.25,-0.21439623832702637,0.7468700408935547,15.75,-0.18621516227722168,0.8123874664306641,18.5,-0.08150172233581543,0.7201194763183594,24.75,0.011052370071411133,0.6224155426025391,22.5,"[560, 575, 548, 548, 609, 546, 549, 578, 605, 578, 580, 640, 570, 580, 632, 612, 464, 550, 615, 544, 468, 600, 602, 459, 498, 551, 589, 496, 499, 570, 605, 537, 526, 538, 532, 543, 561, 540, 566, 550, 530, 541, 556, 531, 506, 548, 550, 472, 521, 592, 595, 593, 573, 610, 561, 522, 475, 530, 653, 630, 500, 602, 655, 527, 573, 532, 635, 558, 497, 580, 516, 524, 588, 524, 574, 589, 547, 534, 510, 547, 521, 509, 597, 542, 444, 598, 623, 542, 532, 557, 615, 597, 552, 575, 586, 590, 552, 555, 559, 558, 555, 550, 583, 544, 591, 584, 623, 560, 554, 676, 608, 549, 509, 509, 522, 420, 533, 579, 476, 499, 619, 550, 488, 577, 651, 581, 416, 513, 514, 549, 491, 496, 581, 567, 446, 490, 602, 580, 475, 518, 591, 644, 598, 546, 533, 563, 547, 509, 657, 652, 576, 558, 613, 510, 512, 526, 581, 505, 484, 631, 514, 430, 542, 578, 569, 501, 539, 572, 550, 604, 583, 508, 504, 559, 507, 536, 562, 617, 613, 616, 603, 567, 582, 576, 544, 519, 574, 574, 594, 587, 581, 600, 528, 482, 532, 580, 503, 516, 587, 596, 582, 503, 531, 562, 502, 596, 591, 585, 589, 463, 451, 569, 515, 542, 569, 564, 451, 461, 475, 494, 457, 475, 545, 519, 436, 506, 517, 472, 391, 451, 524, 466, 536, 658, 629, 473, 478, 564, 625, 526, 497, 559, 582, 485, 572, 540, 585, 549, 546, 649, 714, 579, 516, 540, 599, 596, 563, 610, 617, 503, 511, 531, 627, 617, 611, 568, 548, 461, 599, 500, 572, 669, 467, 448, 472, 529, 553, 543, 509, 458, 460, 480, 551, 549, 519, 587, 564, 460, 554, 545, 586, 546, 555, 565, 484, 546, 668, 534, 540, 599, 612, 543, 594, 703, 492, 548, 584, 557, 510, 611, 715, 612, 687, 1044, 1069, 973, 664, 1205, 1690, 1386, 1065, 1648, 1751, 1703, 1016, 2123, 3521, 2901, 1184, 1559, 1707, 1762, 1084, 2064, 3743, 3194, 851, 1025, 1123, 1105, 836, 1149, 1907, 1724, 1796, 2971, 3816, 2667, 1335, 2531, 4976, 4554, 3152, 7354, 9387, 5572, 2035, 6416, 12301, 10886, 2728, 8552, 10602, 6240, 1948, 7937, 14355, 12069, 1905, 5773, 6646, 4254, 1646, 5914, 10084, 7972, 1180, 2561, 3037, 2293, 1040, 2915, 5109, 4137, 2337, 3647, 4255, 2316, 1213, 3454, 6347, 5737, 4281, 14188, 14251, 6297, 2409, 13702, 22533, 17130, 4457, 17800, 17048, 7637, 2916, 17797, 27674, 19664, 2317, 9682, 9339, 4690, 1687, 9947, 15251, 10564, 1976, 4412, 4412, 2543, 1080, 4087, 6209, 4332, 3458, 5749, 5654, 2841, 1258, 3549, 5564, 4453, 3539, 6149, 6633, 3625, 1295, 3901, 6705, 5877, 2476, 4458, 4848, 2721, 1052, 2913, 5036, 4504, 1439, 3036, 3117, 1586, 815, 1842, 2948, 2436, 888, 1920, 2069, 1131, 768, 1223, 1773, 1390, 831, 1217, 1230, 823, 729, 943, 1160, 849, 649, 739, 761, 653, 648, 702, 787, 718, 527, 579, 602, 617, 635, 584, 628, 597, 688, 787, 816, 730, 666, 665, 804, 705, 1311, 1580, 1085, 801, 980, 816, 799, 827, 3130, 3976, 2304, 1116, 2033, 1597, 1454, 1057, 4328, 5251, 3077, 1404, 2423, 2019, 1831, 1349, 4545, 5575, 3206, 1407, 2456, 2096, 2088, 1346, 4674, 5199, 3704, 2594, 2658, 2848, 3042, 2237, 4480, 4580, 4462, 3752, 2940, 3735, 3658, 3341, 3351, 3982, 4314, 3418, 2343, 2886, 2779, 2932, 2172, 3312, 3521, 2511, 1715, 2063, 1713, 1948, 1954, 3228, 3421, 2114, 1454, 1968, 1702, 1523, 1807, 2617, 2868, 1863, 1249, 2033, 1665, 1327, 1073, 1296, 1594, 1307, 861, 1259, 1121, 1003, 1010, 1065, 1095, 899, 781, 940, 851, 918, 853, 985, 910, 705, 715, 742, 759, 883, 743, 875, 876, 710, 641, 686, 730, 794, 791, 1251, 1196, 886, 799, 866, 1027, 828, 970, 1703, 1574, 890, 896, 993, 1186, 921, 1216, 1961, 1981, 1152, 924, 1144, 1349, 1085, 1080, 1667, 1648, 1016, 911, 1280, 1314, 1008, 985, 1474, 1328, 772, 1019, 1231, 1108, 736, 1367, 1687, 1733, 1171, 1298, 1291, 1122, 1119, 1531, 1276, 1475, 1384, 1299, 1159, 997, 1312, 1304, 1111, 1317, 1201, 1066, 1076, 979, 1131, 875, 896, 977, 844, 904, 951, 693, 730, 731, 824, 674, 572, 811, 801, 680, 648, 666, 913, 867, 634, 630, 729, 861, 778, 651, 808, 819, 764, 611, 693, 766, 733, 600, 730, 726, 694, 604, 683, 756, 646, 604, 723, 669, 603, 608, 578, 653, 623, 841, 804, 697, 611, 738, 681, 613, 790, 912, 1004, 888, 739, 968, 940, 604, 706, 758, 852, 915, 843, 827, 857, 649, 621, 636, 645, 775, 877, 763, 704, 704, 665, 699, 602, 595, 711, 707, 636, 569, 655, 704, 533, 562, 741, 650, 525, 598, 672, 695, 629, 542, 647, 573, 562, 674, 675, 675, 748, 694, 628, 586, 700, 743, 684, 655, 657, 692, 691, 602, 649, 843, 790, 669, 725, 762, 642, 720, 685, 805, 813, 688, 684, 688, 694, 756, 676, 761, 722, 687, 629, 661, 725, 703, 591, 758, 824, 774, 661, 709, 782, 817, 681, 783, 867, 1108, 728, 854, 1060, 1049, 757, 1338, 1590, 1097, 682, 710, 1035, 1020, 679, 1304, 1611, 782, 822, 849, 994, 836, 737, 1263, 1279, 797, 998, 1004, 959, 626, 986, 1296, 960, 959, 1001, 1017, 884, 677, 893, 1114, 966, 1057, 722, 897, 957, 890, 796, 915, 1195, 925, 1161, 1523, 1198, 850, 1080, 1515, 1608, 859, 1389, 1624, 1126, 926, 1343, 1711, 1515, 961, 1263, 1383, 1074, 919, 1220, 1545, 1326, 937, 1068, 1231, 940, 813, 1131, 1535, 1389, 918, 855, 1006, 811, 708, 902, 1456, 1424, 1254, 979, 832, 788, 779, 843, 1170, 1346, 1769, 1931, 1515, 911, 650, 1116, 1491, 1434, 1822, 2362, 1875, 987, 658, 1334, 1853, 1555, 1371, 1630, 1266, 813, 574, 1076, 1456, 1216, 1233, 1392, 981, 722, 638, 1023, 1089, 762, 1664, 1936, 1195, 834, 770, 1049, 1231, 803, 1534, 1936, 1354, 793, 781, 923, 1339, 882, 1006, 1086, 935, 699, 697, 666, 906, 854, 671, 624, 590, 554, 589, 591, 670, 789, 543, 519, 482, 512, 505, 521, 576, 597, 471, 480, 575, 604, 492, 501, 574, 503, 472, 507, 628, 576, 465, 443, 607, 665, 429, 480, 548, 476, 409, 467, 595, 568, 486, 471, 507, 510, 459, 425, 438, 503]"
0.6030240058898926,-1.0580633878707886,-0.5074024200439453,-0.6421120762825012,-1.092795968055725,-0.5070330500602722,-0.8918887972831726,-1.1323162317276,1.2173652648925781,18.0,-0.27529680728912354,0.6514549255371094,27.5,-0.27458155155181885,0.6467342376708984,31.75,-0.16829454898834229,0.4832267761230469,28.0,-0.13181650638580322,0.39653778076171875,15.0,"[478, 563, 590, 598, 591, 597, 589, 563, 467, 527, 598, 636, 641, 603, 606, 618, 495, 534, 490, 487, 537, 566, 519, 480, 576, 539, 485, 524, 552, 544, 420, 498, 536, 426, 437, 490, 490, 469, 449, 501, 497, 461, 487, 498, 495, 453, 530, 503, 484, 524, 548, 526, 524, 518, 597, 579, 559, 544, 547, 553, 606, 533, 546, 596, 543, 493, 532, 641, 532, 481, 545, 564, 621, 490, 556, 627, 577, 558, 559, 591, 561, 487, 493, 483, 547, 523, 461, 535, 584, 531, 502, 499, 476, 421, 460, 543, 543, 509, 542, 609, 549, 434, 437, 508, 541, 583, 583, 572, 567, 571, 532, 502, 579, 617, 602, 557, 595, 618, 552, 522, 587, 559, 611, 592, 545, 542, 563, 611, 514, 411, 485, 524, 464, 405, 454, 553, 630, 446, 516, 607, 544, 548, 588, 660, 548, 604, 632, 621, 552, 592, 595, 590, 523, 485, 501, 574, 563, 559, 573, 562, 564, 510, 534, 499, 493, 543, 561, 569, 625, 603, 524, 525, 471, 488, 559, 592, 638, 603, 541, 526, 582, 544, 489, 518, 619, 661, 631, 551, 623, 662, 489, 544, 575, 564, 526, 476, 526, 523, 452, 515, 599, 589, 575, 556, 560, 507, 525, 513, 563, 579, 600, 537, 444, 441, 561, 645, 577, 612, 637, 608, 568, 525, 560, 612, 578, 570, 498, 543, 598, 520, 470, 569, 589, 563, 477, 601, 554, 590, 596, 551, 543, 585, 524, 556, 458, 448, 577, 530, 520, 614, 523, 560, 518, 496, 555, 445, 482, 569, 529, 518, 495, 525, 556, 475, 783, 1550, 1491, 1036, 809, 2001, 2899, 2155, 1946, 6365, 6155, 4174, 1743, 7852, 12980, 9830, 2917, 9734, 9832, 6860, 2490, 11889, 20652, 16124, 2094, 5966, 6254, 4517, 1894, 7114, 12584, 10076, 1344, 2335, 2299, 1756, 1120, 2797, 4401, 3443, 1708, 2494, 2403, 1798, 1118, 2691, 4441, 3549, 2272, 3408, 3614, 2324, 1270, 3232, 5240, 4444, 2117, 4288, 4637, 2457, 1342, 3977, 6555, 5355, 2491, 5590, 6110, 3145, 1529, 5760, 10206, 8388, 2578, 6778, 7714, 3938, 1574, 7170, 13481, 11399, 1377, 5062, 5564, 3014, 1162, 5156, 9527, 7821, 652, 2570, 2490, 1341, 674, 2498, 4202, 3205, 1291, 1909, 1702, 898, 746, 1474, 2025, 1581, 3255, 8020, 7141, 2505, 1535, 6525, 9995, 6856, 4582, 13523, 11847, 3931, 1979, 11208, 17177, 11397, 3248, 9045, 7638, 2523, 1557, 7521, 11134, 6991, 3698, 6089, 4630, 1730, 1564, 3715, 4656, 2378, 8511, 12699, 9257, 3045, 3263, 5957, 7673, 3777, 9532, 13041, 9376, 4056, 3366, 5697, 7842, 6117, 5633, 8131, 8099, 4576, 1691, 4487, 8110, 7501, 2804, 6123, 6439, 3248, 1188, 4076, 6764, 5392, 1438, 2939, 2870, 1455, 948, 2032, 2979, 2145, 982, 1339, 1182, 790, 708, 1012, 1378, 1078, 706, 1031, 1053, 731, 672, 861, 1123, 959, 764, 1102, 938, 542, 698, 685, 792, 631, 1118, 1647, 1227, 590, 937, 772, 796, 619, 1328, 1958, 1594, 709, 1094, 872, 940, 653, 2277, 3323, 2560, 888, 1866, 1902, 1641, 949, 3396, 5058, 4063, 1735, 2884, 3194, 2518, 1437, 4055, 5061, 4663, 3075, 3151, 4218, 3457, 2521, 4634, 4179, 4742, 4472, 2662, 4721, 4499, 3702, 3058, 4774, 6028, 4175, 1852, 3875, 3793, 2904, 4011, 8575, 8413, 3601, 2563, 3892, 3390, 2226, 4494, 8617, 7742, 2783, 2506, 3151, 3108, 1937, 2078, 4081, 3846, 1655, 1262, 1717, 1669, 1171, 1230, 1937, 1822, 1001, 997, 1272, 1207, 803, 1073, 1750, 1598, 955, 976, 1226, 1020, 840, 1206, 1502, 1374, 874, 784, 1027, 1118, 1115, 1273, 1667, 1485, 875, 818, 1297, 1436, 1175, 1143, 1380, 1213, 802, 745, 1083, 1301, 1047, 977, 1280, 1211, 895, 747, 1042, 1269, 1048, 932, 1257, 1252, 894, 729, 966, 1149, 960, 668, 997, 976, 750, 723, 877, 938, 746, 726, 837, 895, 697, 665, 778, 795, 770, 742, 906, 933, 734, 714, 864, 873, 684, 944, 1113, 920, 719, 794, 884, 917, 759, 1054, 1221, 1035, 733, 873, 835, 864, 815, 825, 1099, 1066, 742, 767, 799, 909, 911, 662, 875, 885, 727, 746, 759, 814, 769, 704, 800, 681, 570, 678, 780, 754, 683, 916, 965, 822, 733, 828, 849, 833, 837, 867, 935, 762, 635, 757, 742, 783, 805, 634, 739, 708, 633, 675, 641, 670, 682, 728, 760, 710, 645, 619, 794, 746, 694, 625, 808, 802, 587, 582, 696, 697, 581, 584, 662, 689, 616, 601, 637, 557, 566, 531, 599, 643, 688, 709, 560, 622, 717, 648, 607, 775, 712, 622, 543, 732, 864, 1149, 884, 974, 1116, 903, 769, 899, 1116, 1692, 988, 1201, 1645, 1061, 1021, 1207, 1490, 1411, 848, 1002, 1331, 989, 919, 1067, 1325, 933, 662, 740, 744, 815, 854, 848, 973, 836, 668, 739, 754, 705, 705, 804, 898, 702, 630, 681, 748, 713, 719, 722, 710, 513, 585, 673, 594, 586, 778, 714, 543, 580, 568, 540, 569, 670, 673, 692, 616, 608, 596, 673, 678, 621, 730, 719, 651, 656, 641, 646, 615, 527, 641, 699, 675, 817, 725, 719, 800, 773, 711, 838, 866, 773, 620, 783, 880, 686, 629, 859, 933, 691, 658, 808, 895, 707, 632, 925, 874, 767, 761, 1100, 1130, 717, 748, 1107, 1175, 1042, 1285, 1468, 1512, 996, 1072, 1582, 1404, 948, 1203, 1243, 1256, 978, 1116, 1777, 1606, 883, 731, 725, 958, 823, 831, 1434, 1367, 1112, 883, 1253, 1231, 1006, 959, 1745, 1879, 1272, 1141, 1538, 1270, 1021, 1035, 2128, 2279, 1120, 1004, 1161, 1124, 1057, 1012, 1756, 1827, 862, 900, 1046, 950, 936, 928, 1350, 1394, 870, 920, 1161, 1175, 856, 1020, 1472, 1312, 1260, 1363, 1475, 1258, 759, 1001, 1497, 1273, 1590, 1657, 1446, 1188, 882, 1092, 1443, 1210, 1317, 1492, 1395, 1214, 902, 965, 1316, 1065, 1120, 1231, 1330, 1066, 770, 792, 1187, 1186, 935, 854, 1077, 929, 653, 746, 917, 989, 743, 658, 698, 635, 497, 599, 612, 662, 549, 711, 732, 621, 475, 758, 920, 686, 510, 878, 935, 718, 593, 874, 1158, 921, 600, 714, 697, 620, 586, 718, 844, 773, 624, 651, 603, 512, 512, 624, 769, 746, 612, 600, 672, 586, 493, 608, 809, 851, 644, 613, 717, 563, 427, 598, 759, 777, 597, 576, 569, 497, 477, 531, 615, 644, 402, 438, 510, 479, 445, 521, 606, 519, 482, 505, 494, 400, 457, 513, 504, 466]"
0.33037760853767395,-1.047226905822754,-0.16467693448066711,-1.225679636001587,-0.8404757976531982,0.16673070192337036,-1.472012996673584,-0.546502947807312,0.8196830749511719,19.0,-0.09360301494598389,0.08511543273925781,19.25,-0.07257449626922607,0.128173828125,19.0,1.0478020906448364,1.7048835754394531,16.25,1.3613702058792114,1.222085952758789,17.25,"[678, 664, 592, 543, 592, 542, 599, 663, 630, 674, 648, 552, 525, 616, 648, 629, 555, 570, 653, 591, 462, 484, 550, 550, 523, 541, 576, 512, 478, 530, 550, 557, 472, 484, 508, 517, 458, 542, 526, 442, 539, 507, 498, 572, 543, 484, 411, 478, 580, 589, 480, 534, 539, 521, 450, 442, 542, 587, 537, 517, 533, 518, 468, 532, 502, 537, 503, 460, 468, 509, 502, 503, 491, 547, 484, 494, 482, 511, 544, 520, 542, 624, 548, 494, 552, 546, 524, 557, 451, 597, 675, 530, 591, 579, 540, 538, 512, 540, 519, 488, 558, 540, 590, 588, 520, 537, 563, 509, 562, 503, 574, 581, 487, 489, 517, 505, 570, 531, 519, 565, 548, 556, 500, 523, 582, 524, 554, 592, 550, 522, 481, 469, 512, 543, 580, 606, 541, 511, 502, 396, 468, 507, 538, 599, 511, 530, 585, 548, 475, 499, 492, 522, 507, 508, 527, 624, 542, 527, 515, 478, 493, 503, 462, 525, 497, 548, 612, 538, 579, 506, 512, 516, 482, 594, 640, 642, 557, 491, 597, 630, 581, 570, 643, 658, 548, 536, 463, 597, 627, 503, 490, 521, 498, 537, 531, 560, 524, 429, 502, 461, 597, 521, 524, 589, 509, 468, 506, 586, 448, 458, 458, 572, 583, 438, 547, 521, 559, 458, 505, 641, 576, 529, 539, 548, 444, 449, 445, 505, 547, 533, 443, 422, 580, 531, 561, 544, 552, 624, 622, 629, 1026, 1521, 1723, 956, 631, 1595, 2647, 2303, 1641, 4556, 4419, 1785, 948, 4277, 7190, 5573, 1716, 5310, 4535, 1763, 1214, 5166, 7775, 5287, 1745, 3858, 3873, 2061, 1141, 3458, 5325, 4108, 1654, 3540, 3633, 1936, 978, 2965, 4815, 3751, 2104, 2881, 3464, 2315, 1167, 2099, 3623, 3629, 3920, 12578, 14914, 8071, 1668, 7671, 14954, 13021, 4256, 19309, 21742, 10756, 1903, 12169, 22675, 18303, 2455, 12375, 13082, 5902, 1271, 8240, 14475, 10972, 1033, 4189, 4223, 1863, 740, 3022, 4994, 3681, 791, 1928, 1940, 1028, 586, 1414, 2232, 1692, 750, 1935, 2008, 1090, 706, 1247, 2009, 1583, 703, 1545, 1543, 902, 582, 1074, 1639, 1261, 669, 1194, 1207, 831, 628, 893, 1325, 1105, 766, 1589, 1626, 1009, 729, 1386, 2004, 1613, 1994, 3780, 3131, 1234, 1502, 3354, 4053, 2352, 3272, 5433, 3939, 1225, 1886, 4064, 4623, 2001, 3541, 5547, 4165, 1549, 1690, 2795, 3444, 1733, 9071, 14793, 11607, 3859, 4035, 6150, 8899, 5116, 14006, 23425, 18203, 5817, 6037, 9859, 14368, 8134, 10060, 16720, 12876, 4201, 4253, 6848, 10292, 6096, 4052, 6588, 4953, 1795, 1893, 2749, 3992, 2774, 1404, 2163, 1791, 816, 799, 1304, 1623, 1119, 1080, 1223, 951, 672, 631, 819, 905, 867, 843, 772, 699, 601, 563, 708, 628, 653, 729, 801, 775, 614, 565, 557, 638, 659, 915, 1107, 1068, 683, 629, 688, 752, 829, 1205, 1723, 1650, 936, 863, 1060, 1026, 1019, 1752, 2311, 1969, 1111, 1160, 1387, 1455, 1149, 2954, 3575, 3102, 1651, 1951, 2642, 2168, 1625, 3273, 3759, 2554, 1530, 2117, 2750, 2338, 1710, 3658, 5400, 4278, 2010, 2329, 3092, 3101, 1606, 3017, 5135, 4359, 1884, 2090, 2841, 2767, 1525, 2303, 3859, 3414, 1512, 1862, 2084, 1925, 1371, 2450, 3606, 3028, 1350, 1700, 1829, 1499, 1332, 1768, 2471, 1949, 1008, 1370, 1434, 1198, 999, 1179, 1876, 1583, 883, 1009, 1261, 1215, 903, 1096, 1584, 1432, 853, 784, 1029, 1187, 875, 1091, 1557, 1204, 714, 772, 1017, 1143, 744, 1307, 1663, 1134, 782, 1001, 1051, 1069, 791, 1275, 1621, 1255, 868, 1156, 1156, 1020, 707, 1019, 1372, 1142, 833, 965, 875, 811, 704, 780, 1085, 913, 688, 764, 749, 750, 605, 971, 1075, 821, 677, 847, 715, 675, 702, 1019, 971, 713, 623, 811, 900, 699, 815, 918, 886, 670, 681, 743, 854, 670, 706, 826, 849, 793, 730, 682, 754, 646, 622, 654, 806, 846, 761, 645, 733, 688, 654, 692, 790, 869, 781, 655, 722, 800, 734, 959, 1177, 1025, 774, 984, 975, 872, 799, 1072, 1459, 1242, 957, 1206, 1166, 944, 736, 1117, 1285, 1093, 956, 1060, 1099, 973, 860, 1150, 1258, 1083, 876, 1030, 1117, 952, 895, 1064, 1043, 908, 883, 955, 906, 783, 935, 917, 898, 830, 824, 770, 669, 700, 832, 825, 861, 702, 684, 763, 752, 658, 673, 733, 829, 668, 612, 675, 687, 661, 619, 633, 614, 572, 686, 724, 690, 689, 597, 657, 655, 678, 733, 625, 705, 702, 575, 651, 703, 681, 682, 682, 757, 674, 592, 706, 658, 659, 623, 733, 822, 755, 778, 705, 709, 603, 551, 669, 790, 844, 750, 747, 784, 632, 592, 682, 837, 963, 868, 1031, 826, 711, 732, 763, 754, 1069, 1288, 1120, 976, 934, 704, 684, 779, 1211, 1318, 605, 987, 983, 666, 542, 670, 984, 869, 601, 827, 839, 678, 589, 638, 743, 707, 599, 638, 609, 560, 608, 651, 611, 624, 668, 647, 593, 592, 634, 657, 592, 570, 696, 712, 689, 567, 581, 708, 701, 688, 673, 617, 595, 626, 606, 592, 624, 658, 852, 790, 642, 703, 587, 580, 619, 663, 829, 775, 579, 623, 672, 729, 749, 758, 715, 632, 746, 779, 689, 715, 737, 783, 1267, 1032, 1507, 937, 845, 835, 2099, 2479, 2638, 1855, 2959, 1439, 1326, 1528, 4740, 5518, 2791, 2131, 3057, 1628, 1463, 1815, 4872, 5604, 2371, 1285, 1824, 1523, 1314, 1216, 2889, 3667, 1656, 998, 1362, 1375, 1071, 860, 1523, 1999, 1127, 1138, 1316, 1328, 891, 970, 1582, 1519, 1186, 1226, 1173, 1068, 982, 1036, 1586, 1519, 1325, 1266, 1067, 891, 1038, 1268, 1782, 1689, 1935, 1436, 1122, 982, 1086, 1541, 2113, 2193, 2204, 1552, 1205, 1092, 973, 1508, 1826, 2155, 1863, 1462, 1121, 1209, 1022, 1231, 1477, 1741, 1289, 1194, 1066, 954, 801, 1090, 1115, 1234, 1089, 1009, 1075, 933, 729, 960, 1058, 1119, 953, 972, 1223, 1031, 681, 824, 1321, 1373, 1012, 816, 940, 891, 642, 820, 961, 1050, 1043, 850, 843, 794, 690, 821, 900, 1132, 764, 769, 944, 773, 619, 777, 983, 1056, 727, 722, 943, 841, 598, 720, 949, 906, 549, 755, 971, 685, 525, 694, 854, 810, 658, 694, 692, 551, 604, 556, 558, 724, 596, 550, 582, 487, 482, 486, 376, 573, 545, 497, 540, 556, 576, 496, 510, 593, 493, 438, 561, 567, 451, 468, 488, 516, 437, 389, 453, 500, 466, 549, 569, 562]"
0.08649695664644241,-1.0722692012786865,-0.02427130937576294,-1.6717774868011475,-0.7359978556632996,0.3908923268318176,-1.867494821548462,-0.881720781326294,-0.7299900054931641,15.25,-0.8576881885528564,-0.7402896881103516,23.25,-0.6428253650665283,-0.7581710815429688,18.75,1.3630378246307373,1.3582706451416016,15.75,1.4032351970672607,1.2279510498046875,15.5,"[670, 633, 551, 611, 728, 609, 553, 631, 534, 557, 553, 580, 623, 628, 630, 595, 578, 563, 585, 468, 557, 669, 655, 604, 500, 496, 531, 507, 562, 548, 517, 537, 602, 505, 506, 476, 496, 515, 440, 553, 583, 478, 451, 476, 519, 506, 451, 554, 567, 453, 465, 524, 448, 489, 522, 570, 497, 535, 473, 443, 488, 472, 477, 492, 437, 538, 531, 419, 473, 483, 524, 501, 540, 510, 524, 515, 554, 527, 604, 567, 491, 547, 566, 554, 626, 544, 511, 490, 449, 517, 539, 499, 640, 556, 438, 415, 484, 528, 488, 503, 521, 487, 468, 400, 550, 496, 515, 542, 481, 497, 494, 464, 566, 515, 494, 557, 576, 533, 521, 584, 424, 454, 513, 476, 547, 603, 580, 545, 445, 451, 448, 474, 539, 571, 493, 405, 464, 412, 446, 486, 523, 615, 560, 527, 528, 505, 456, 485, 505, 523, 524, 505, 622, 558, 533, 589, 568, 541, 534, 579, 574, 603, 622, 557, 550, 543, 478, 520, 620, 586, 644, 601, 573, 576, 542, 597, 556, 561, 528, 491, 614, 565, 471, 537, 550, 497, 532, 516, 524, 531, 528, 517, 525, 505, 506, 577, 508, 461, 514, 507, 488, 515, 547, 585, 583, 444, 487, 531, 557, 614, 580, 567, 552, 507, 487, 511, 536, 578, 649, 569, 518, 490, 565, 593, 550, 651, 611, 477, 490, 570, 678, 637, 1665, 3083, 2656, 1175, 869, 1976, 2787, 1944, 3757, 7878, 6840, 2564, 1424, 4787, 6909, 4172, 4105, 8874, 7731, 2838, 1468, 5140, 7737, 4631, 3089, 6136, 5214, 1942, 1389, 3509, 5216, 3275, 2398, 4628, 4066, 1598, 1118, 2593, 3803, 2561, 3831, 7677, 7057, 2972, 1340, 4254, 6471, 4447, 5830, 12173, 11217, 4689, 2050, 6512, 10103, 6875, 4881, 10177, 9347, 3895, 1845, 5191, 8323, 5812, 2630, 4835, 4523, 2025, 1133, 2638, 4337, 3401, 1362, 2427, 2424, 1303, 815, 1953, 3011, 2545, 969, 1577, 1507, 959, 768, 1381, 1903, 1502, 939, 1452, 1223, 744, 664, 982, 1246, 843, 760, 1171, 1123, 750, 623, 894, 1046, 820, 2087, 2977, 2028, 737, 1377, 1357, 1485, 822, 8179, 11721, 7527, 852, 4861, 4064, 4799, 814, 13206, 19272, 12696, 1125, 7431, 6728, 8116, 1226, 10032, 15040, 10222, 1498, 5506, 5529, 6754, 1700, 4393, 6715, 4750, 1296, 2469, 2741, 3398, 1425, 2394, 3646, 2629, 989, 1500, 2108, 2388, 1165, 2137, 3112, 2210, 788, 1096, 1864, 2208, 1106, 1566, 2218, 1578, 766, 863, 1234, 1468, 795, 1092, 1395, 1085, 720, 696, 763, 870, 755, 894, 989, 825, 624, 645, 685, 779, 708, 937, 1206, 976, 647, 828, 880, 871, 697, 1366, 1842, 1402, 695, 1064, 1177, 1072, 740, 1448, 1953, 1389, 838, 1192, 1178, 1131, 755, 1838, 2419, 1792, 1009, 1476, 1483, 947, 999, 2580, 3585, 2602, 1188, 2299, 2138, 1302, 1102, 2606, 3787, 2706, 1171, 2406, 2201, 1439, 994, 2333, 3406, 2448, 920, 1837, 1778, 1250, 859, 2637, 4101, 3062, 976, 1765, 2037, 1779, 839, 2928, 4492, 3378, 1107, 1945, 2331, 2031, 1034, 2741, 3964, 2975, 1026, 1903, 1961, 1632, 1073, 2195, 2975, 2339, 1035, 1384, 1580, 1366, 1067, 1394, 1694, 1442, 879, 896, 1013, 801, 828, 855, 1053, 907, 693, 789, 889, 651, 595, 878, 1115, 902, 716, 798, 849, 744, 570, 945, 1070, 832, 653, 736, 862, 813, 753, 901, 929, 779, 650, 706, 860, 752, 704, 795, 890, 784, 646, 684, 746, 727, 642, 774, 910, 789, 637, 654, 668, 712, 669, 672, 919, 863, 675, 724, 723, 737, 706, 644, 777, 850, 680, 682, 699, 691, 618, 692, 956, 868, 681, 697, 710, 788, 730, 928, 978, 842, 696, 684, 705, 715, 765, 1011, 1115, 831, 776, 874, 770, 670, 753, 1005, 1159, 899, 740, 1011, 981, 732, 668, 850, 953, 778, 710, 833, 727, 554, 608, 829, 767, 762, 709, 783, 705, 683, 793, 818, 832, 913, 843, 699, 673, 793, 794, 723, 789, 755, 732, 702, 716, 690, 639, 700, 730, 599, 669, 669, 707, 651, 556, 702, 616, 608, 692, 651, 672, 672, 671, 901, 753, 760, 867, 727, 752, 795, 842, 1095, 882, 921, 996, 679, 807, 900, 955, 954, 753, 742, 765, 668, 824, 802, 806, 844, 797, 815, 803, 694, 914, 907, 841, 866, 829, 743, 728, 582, 704, 783, 835, 710, 622, 588, 616, 571, 636, 696, 737, 673, 586, 458, 485, 613, 691, 624, 587, 710, 676, 597, 666, 698, 713, 634, 648, 692, 785, 796, 737, 706, 708, 727, 719, 606, 708, 664, 608, 614, 713, 705, 675, 634, 556, 590, 654, 624, 575, 558, 686, 768, 615, 664, 607, 662, 657, 571, 715, 876, 635, 659, 739, 713, 671, 667, 886, 911, 785, 732, 756, 697, 664, 872, 1036, 904, 743, 754, 644, 613, 634, 992, 1218, 905, 833, 796, 704, 696, 769, 1086, 1252, 782, 826, 753, 677, 817, 851, 909, 911, 596, 702, 773, 595, 741, 809, 690, 631, 521, 591, 685, 642, 567, 720, 767, 619, 674, 589, 760, 667, 622, 741, 672, 670, 612, 630, 687, 607, 610, 623, 667, 685, 709, 861, 876, 696, 576, 608, 703, 729, 741, 963, 1075, 776, 673, 667, 1036, 1001, 1424, 1393, 2125, 1190, 735, 1112, 2791, 3127, 2335, 2065, 3401, 1965, 1137, 1664, 4732, 5309, 2491, 2088, 3488, 2403, 1341, 1775, 4802, 5325, 2258, 1829, 2864, 2333, 1322, 1697, 3950, 4288, 1538, 1207, 1821, 1684, 971, 1188, 2108, 2468, 1070, 796, 1059, 1064, 722, 868, 1033, 1134, 797, 649, 1011, 1008, 724, 784, 1004, 986, 859, 921, 969, 885, 718, 810, 1143, 965, 1163, 1097, 930, 884, 747, 900, 1241, 1201, 1146, 868, 868, 792, 787, 919, 1194, 1299, 1161, 1050, 1060, 964, 963, 960, 1199, 1363, 1099, 1369, 1369, 1067, 849, 1023, 1133, 1044, 1103, 1321, 1233, 871, 780, 960, 1203, 1045, 764, 1047, 1030, 761, 603, 899, 1163, 939, 706, 875, 953, 738, 534, 741, 918, 841, 729, 628, 737, 727, 547, 499, 583, 772, 629, 681, 798, 680, 543, 623, 693, 652, 601, 628, 682, 574, 481, 612, 709, 671, 504, 598, 597, 517, 533, 622, 665, 560, 518, 504, 443, 453, 505, 530, 538, 459, 536, 509, 445, 465, 504, 545, 498, 429, 452, 551, 537, 517, 452, 452, 554, 526, 469, 569, 552, 467, 451, 510, 511, 460]"
-0.09001827239990234,-1.1458690166473389,0.014817923307418823,-1.8585269451141357,0.0,0.0,0.0,-1.2039715051651,-0.9148120880126953,16.75,-1.2039715051651,-0.8983612060546875,24.25,-1.2039715051651,-0.8965015411376953,28.0,-1.2039715051651,0.9541511535644531,26.5,-0.42133867740631104,-0.22687911987304688,16.5,"[475, 579, 614, 532, 554, 533, 613, 579, 441, 605, 577, 489, 522, 590, 600, 469, 482, 571, 627, 558, 491, 616, 617, 491, 535, 482, 467, 514, 456, 517, 506, 485, 556, 504, 446, 471, 513, 529, 539, 526, 579, 566, 549, 593, 526, 487, 506, 513, 510, 552, 549, 484, 465, 486, 494, 473, 474, 524, 485, 537, 556, 548, 595, 479, 497, 588, 495, 479, 573, 595, 551, 425, 506, 582, 486, 436, 500, 547, 500, 452, 582, 600, 509, 460, 551, 680, 594, 484, 588, 598, 528, 465, 552, 618, 531, 537, 496, 452, 454, 479, 519, 547, 500, 459, 551, 516, 525, 555, 603, 610, 553, 564, 639, 574, 562, 533, 587, 538, 600, 657, 598, 598, 571, 503, 609, 579, 562, 592, 492, 491, 584, 553, 562, 570, 594, 613, 523, 507, 554, 532, 494, 547, 588, 598, 488, 454, 554, 507, 501, 542, 617, 580, 550, 498, 451, 495, 534, 542, 585, 539, 552, 534, 510, 549, 512, 559, 517, 487, 556, 534, 502, 542, 529, 548, 541, 562, 587, 566, 527, 509, 505, 572, 610, 638, 647, 582, 578, 595, 556, 535, 556, 650, 586, 529, 510, 554, 521, 539, 510, 544, 489, 577, 600, 590, 575, 543, 537, 489, 495, 537, 568, 567, 574, 649, 642, 546, 2683, 3583, 2313, 632, 1315, 1732, 1856, 880, 9213, 13164, 8663, 1346, 4060, 6143, 6849, 1829, 12699, 18401, 12304, 2169, 5574, 8505, 9588, 2725, 8163, 11338, 7340, 1757, 3653, 5243, 5806, 2020, 5492, 7603, 4935, 1420, 2408, 3579, 4105, 1741, 10073, 15346, 10912, 2939, 4161, 6668, 8697, 3853, 10477, 16649, 12450, 3937, 4338, 7059, 9886, 5074, 5928, 8817, 6783, 2593, 2812, 3609, 5141, 3290, 2505, 3523, 2552, 1250, 1380, 1956, 2272, 1579, 1108, 1868, 1496, 800, 868, 1300, 1483, 883, 1707, 2928, 2268, 787, 1065, 1538, 1805, 729, 2644, 4723, 3627, 1050, 1380, 2347, 3008, 1191, 1551, 2896, 2389, 772, 941, 1515, 1969, 1019, 2461, 4438, 3651, 970, 1689, 1924, 2053, 927, 4413, 8111, 6638, 1741, 2668, 3114, 3967, 1614, 3296, 6018, 4868, 1396, 1841, 2315, 3174, 1390, 1417, 2327, 1905, 792, 848, 997, 1295, 836, 893, 1394, 1197, 598, 679, 739, 921, 713, 867, 1384, 1181, 610, 814, 773, 751, 753, 950, 1342, 1106, 626, 939, 951, 623, 644, 846, 1231, 1103, 610, 895, 858, 674, 598, 919, 1190, 965, 601, 803, 860, 745, 561, 980, 1287, 985, 646, 837, 885, 838, 592, 1239, 1487, 1060, 841, 1091, 1114, 915, 708, 1455, 1833, 1316, 972, 1445, 1361, 968, 849, 2187, 2714, 1737, 1542, 2198, 1652, 1030, 1101, 3863, 4886, 2987, 1982, 3224, 2557, 1471, 1648, 4918, 6170, 3757, 2131, 3909, 3077, 1543, 2009, 3484, 4580, 3016, 1703, 2754, 2282, 1296, 1538, 1963, 3012, 2463, 1356, 2048, 1995, 1267, 981, 1523, 2209, 1932, 1211, 1648, 1787, 1267, 844, 1258, 1918, 1692, 963, 1199, 1440, 1098, 678, 1291, 1876, 1507, 808, 872, 856, 890, 565, 1093, 1465, 1235, 634, 827, 762, 768, 589, 925, 1064, 871, 603, 761, 741, 667, 586, 757, 973, 898, 663, 630, 737, 725, 691, 753, 1111, 1141, 828, 757, 830, 800, 704, 730, 1020, 1050, 836, 989, 951, 731, 691, 761, 779, 757, 728, 832, 865, 731, 684, 688, 731, 746, 761, 677, 694, 690, 636, 742, 752, 660, 560, 585, 699, 628, 572, 732, 758, 627, 549, 634, 766, 738, 622, 819, 802, 701, 630, 709, 870, 858, 765, 943, 787, 712, 749, 791, 758, 755, 847, 877, 845, 814, 794, 816, 786, 686, 876, 993, 979, 835, 740, 648, 655, 666, 806, 1155, 1068, 707, 716, 692, 710, 713, 821, 1089, 995, 801, 727, 804, 918, 814, 883, 705, 701, 880, 737, 735, 832, 877, 765, 694, 711, 778, 690, 699, 726, 671, 670, 752, 855, 782, 632, 643, 678, 645, 720, 684, 872, 798, 638, 661, 645, 651, 648, 735, 824, 691, 539, 677, 737, 720, 642, 745, 706, 589, 604, 547, 677, 649, 596, 775, 711, 659, 606, 611, 760, 646, 660, 934, 877, 917, 863, 724, 1022, 885, 859, 890, 958, 932, 857, 877, 1123, 961, 774, 765, 728, 867, 904, 698, 703, 875, 881, 777, 863, 1037, 875, 582, 813, 957, 875, 710, 716, 837, 745, 645, 819, 784, 715, 772, 779, 771, 733, 695, 731, 662, 637, 769, 629, 670, 760, 693, 522, 579, 740, 920, 717, 651, 829, 852, 759, 693, 886, 891, 784, 574, 685, 681, 706, 709, 747, 766, 708, 719, 689, 538, 631, 720, 726, 673, 601, 710, 688, 560, 566, 627, 722, 613, 700, 804, 709, 605, 589, 657, 664, 1036, 1106, 1002, 786, 751, 892, 1126, 1076, 1195, 1408, 1185, 838, 818, 1188, 1454, 1334, 1280, 2042, 1780, 939, 843, 1636, 1982, 1364, 1256, 1931, 1702, 955, 839, 1536, 1849, 1130, 815, 1166, 1065, 706, 747, 1062, 1173, 823, 951, 1214, 1219, 784, 763, 1087, 1059, 941, 936, 1096, 1092, 784, 705, 977, 1035, 920, 742, 899, 801, 594, 627, 673, 728, 693, 888, 1065, 928, 742, 692, 850, 920, 786, 823, 1025, 927, 738, 613, 799, 875, 709, 871, 870, 803, 739, 624, 754, 940, 920, 1141, 846, 1105, 953, 683, 961, 1606, 1695, 1726, 947, 1674, 1409, 758, 1349, 2397, 2749, 2571, 1340, 2645, 2148, 1090, 1831, 3114, 3881, 2844, 1519, 2838, 2325, 1158, 1949, 3329, 4256, 1635, 1356, 1648, 1518, 736, 1599, 2187, 2342, 955, 1074, 864, 777, 734, 1072, 1134, 871, 1031, 983, 799, 763, 741, 921, 1008, 962, 964, 906, 1150, 964, 611, 967, 1025, 862, 1192, 1464, 1420, 1002, 835, 1100, 993, 886, 1293, 1648, 1352, 923, 846, 1217, 1116, 764, 1170, 1333, 1235, 989, 1034, 1325, 1103, 777, 1077, 1113, 954, 907, 1022, 1045, 843, 814, 894, 874, 737, 670, 720, 733, 698, 737, 804, 789, 782, 755, 628, 630, 727, 808, 816, 729, 520, 531, 631, 649, 771, 787, 702, 693, 623, 523, 584, 662, 703, 701, 797, 690, 717, 604, 606, 708, 617, 694, 632, 590, 616, 585, 587, 749, 604, 480, 634, 639, 603, 564, 551, 781, 749, 504, 600, 623, 572, 493, 457, 612, 606, 506, 595, 493, 496, 527, 509, 492, 511, 571, 505, 459, 472, 513, 485, 404, 520, 537, 475, 482, 543, 498, 423, 456, 478, 508]"
-0.2758709788322449,-1.1458690166473389,0.014817923307418823,-1.8585269451141357,0.0,0.0,0.0,-1.2054532766342163,0.8986473083496094,28.5,-1.2054532766342163,0.9045124053955078,-31.0,-0.7215112447738647,0.2430438995361328,30.0,1.7200857400894165,-0.24704933166503906,19.5,1.7987638711929321,0.12331008911132812,16.25,"[469, 533, 559, 493, 509, 490, 558, 541, 488, 576, 673, 581, 533, 566, 620, 568, 557, 602, 616, 599, 499, 529, 567, 494, 491, 497, 529, 543, 540, 495, 532, 489, 505, 466, 457, 514, 562, 477, 425, 508, 555, 575, 495, 489, 539, 513, 535, 541, 554, 532, 540, 467, 577, 571, 539, 563, 591, 584, 522, 525, 597, 551, 571, 609, 495, 496, 516, 523, 456, 486, 551, 502, 444, 487, 592, 586, 578, 593, 554, 557, 496, 522, 510, 446, 521, 583, 589, 502, 550, 550, 570, 560, 535, 554, 540, 543, 536, 493, 499, 536, 510, 485, 536, 624, 572, 479, 423, 507, 536, 478, 454, 564, 579, 518, 428, 430, 494, 401, 438, 534, 593, 484, 507, 534, 618, 492, 564, 691, 512, 526, 467, 490, 574, 459, 539, 546, 536, 574, 536, 517, 586, 590, 536, 493, 568, 565, 480, 578, 641, 624, 516, 527, 528, 558, 572, 585, 546, 526, 577, 578, 442, 517, 623, 599, 548, 579, 579, 489, 520, 567, 554, 498, 559, 671, 598, 571, 578, 544, 531, 488, 526, 554, 540, 579, 510, 542, 586, 630, 609, 529, 518, 510, 2247, 2596, 1433, 709, 1018, 1065, 1105, 778, 11546, 13894, 7072, 2152, 5172, 4976, 5109, 2422, 19975, 24174, 12423, 3769, 9411, 8532, 8811, 4351, 14442, 16923, 8308, 3227, 7198, 6301, 5973, 3703, 4285, 5574, 3482, 1255, 2715, 4011, 3546, 1428, 18203, 26387, 17286, 962, 10181, 11976, 12766, 1132, 24280, 35197, 22910, 2070, 13606, 13209, 15469, 2055, 13847, 19962, 12779, 1802, 7966, 6241, 8160, 1841, 5244, 7226, 4429, 1476, 2836, 2225, 3298, 1973, 2709, 4218, 3063, 1405, 1653, 1954, 2805, 1911, 1796, 2850, 2148, 1014, 1175, 1403, 1879, 1205, 1470, 2372, 2083, 951, 1201, 1308, 1757, 1332, 1784, 2535, 1899, 821, 1121, 1211, 1244, 951, 4286, 6823, 4884, 732, 2708, 2462, 2879, 747, 3939, 6124, 4294, 778, 2453, 2221, 2529, 778, 1585, 2384, 1802, 679, 1145, 1098, 1123, 682, 1477, 2284, 1698, 689, 1086, 1069, 1227, 702, 1985, 2854, 1870, 694, 1034, 1311, 1660, 709, 1624, 2426, 1704, 593, 800, 1200, 1487, 699, 897, 1346, 1248, 791, 824, 836, 823, 654, 920, 978, 969, 864, 961, 1000, 895, 747, 987, 1162, 851, 746, 958, 1055, 914, 705, 680, 854, 738, 586, 747, 824, 720, 589, 720, 896, 802, 577, 653, 744, 680, 686, 887, 1142, 1009, 702, 825, 804, 698, 695, 1035, 1345, 1104, 880, 1050, 1079, 884, 725, 1237, 1397, 1397, 1164, 1236, 1229, 996, 935, 3168, 3385, 3144, 2970, 2837, 2719, 1913, 2091, 4305, 4810, 4463, 4098, 4224, 3814, 2384, 2732, 2577, 3267, 3214, 2748, 2921, 2746, 1631, 1609, 1130, 1442, 1485, 1265, 1208, 1101, 905, 728, 885, 1154, 1026, 740, 924, 885, 794, 628, 897, 1269, 1045, 595, 961, 993, 751, 610, 878, 1186, 1077, 649, 843, 980, 720, 611, 780, 898, 730, 584, 793, 807, 607, 524, 826, 953, 704, 683, 720, 790, 841, 608, 924, 953, 654, 622, 682, 691, 766, 627, 870, 916, 689, 564, 591, 561, 521, 612, 822, 987, 845, 601, 677, 753, 682, 614, 775, 903, 671, 528, 684, 711, 605, 597, 816, 918, 722, 519, 663, 687, 597, 624, 773, 822, 698, 660, 691, 688, 686, 663, 644, 748, 789, 708, 589, 571, 632, 642, 680, 782, 738, 645, 630, 644, 682, 628, 786, 999, 845, 649, 754, 874, 909, 735, 1170, 1080, 917, 740, 934, 969, 1006, 1119, 1581, 1570, 1049, 909, 1090, 1007, 907, 1261, 1628, 1637, 1075, 863, 1133, 1200, 848, 1058, 1069, 1066, 712, 679, 791, 976, 861, 786, 868, 861, 674, 726, 738, 819, 827, 786, 893, 827, 706, 724, 780, 634, 712, 784, 877, 762, 665, 841, 755, 561, 560, 707, 820, 686, 694, 762, 726, 538, 544, 729, 711, 712, 657, 672, 664, 620, 581, 617, 722, 754, 650, 647, 703, 636, 513, 527, 613, 730, 729, 654, 667, 701, 616, 591, 641, 746, 737, 584, 693, 744, 581, 598, 750, 783, 699, 583, 811, 1005, 749, 580, 795, 901, 772, 577, 803, 1169, 941, 499, 843, 818, 670, 593, 694, 704, 682, 725, 594, 692, 756, 649, 514, 536, 697, 684, 632, 699, 742, 620, 552, 603, 666, 608, 794, 768, 640, 751, 777, 725, 685, 767, 717, 754, 721, 590, 687, 689, 610, 660, 677, 743, 816, 675, 547, 693, 684, 684, 752, 951, 930, 678, 617, 775, 801, 684, 932, 1189, 1046, 715, 758, 885, 1018, 778, 1344, 1717, 1343, 722, 820, 1170, 1287, 830, 1308, 1761, 1322, 642, 750, 1102, 1290, 708, 1490, 1955, 1414, 762, 773, 1295, 1473, 1014, 3275, 4402, 2928, 1005, 1310, 2696, 2928, 1364, 3255, 4405, 2960, 967, 1261, 2471, 2734, 1343, 1833, 2508, 1705, 722, 840, 1470, 1579, 902, 930, 1037, 872, 622, 660, 833, 807, 637, 796, 891, 677, 627, 736, 764, 728, 664, 869, 1021, 729, 601, 755, 763, 738, 584, 741, 842, 629, 546, 606, 601, 622, 550, 620, 746, 673, 563, 569, 593, 682, 638, 725, 817, 626, 665, 719, 546, 674, 642, 831, 997, 857, 750, 767, 743, 693, 621, 923, 1017, 887, 773, 724, 831, 768, 682, 926, 1074, 1377, 1123, 766, 1195, 1841, 1631, 2411, 2503, 4422, 3047, 1001, 3014, 5387, 5480, 3360, 3205, 6023, 4306, 1148, 3643, 6540, 7052, 2332, 2223, 4333, 3149, 871, 2083, 4052, 4759, 1396, 1468, 2677, 2105, 824, 1255, 2395, 2703, 1066, 1138, 1718, 1404, 808, 1149, 1882, 1809, 843, 992, 946, 845, 883, 1186, 1224, 976, 973, 796, 887, 816, 843, 943, 820, 942, 864, 709, 904, 811, 668, 745, 807, 970, 798, 859, 801, 784, 697, 747, 814, 879, 882, 991, 989, 782, 657, 700, 981, 1061, 835, 1346, 1180, 762, 649, 884, 1239, 1000, 759, 1214, 1063, 722, 680, 905, 1224, 948, 656, 963, 887, 617, 576, 795, 969, 800, 577, 682, 609, 582, 568, 546, 642, 636, 463, 665, 750, 496, 467, 531, 615, 606, 573, 656, 638, 522, 572, 595, 659, 701, 590, 658, 561, 431, 538, 573, 525, 555, 521, 512, 540, 483, 411, 493, 499, 537, 496, 539, 546, 441, 434, 514, 507, 477, 430, 543, 537, 506, 470, 560, 574, 446, 493, 510, 533, 549, 487, 520, 569, 493, 476, 494, 454, 490, 465, 421, 539, 557]"
-0.4617236852645874,-1.1458690166473389,0.014817923307418823,-1.8585269451141357,0.0,0.0,0.0,-1.2069350481033325,-0.9208202362060547,28.5,-1.2069350481033325,0.5547523498535156,25.25,-1.2069350481033325,0.6309986114501953,21.75,-1.2069350481033325,0.8086681365966797,29.25,-0.6341582536697388,0.1892566680908203,18.25,"[622, 668, 693, 680, 717, 684, 691, 668, 601, 667, 576, 631, 721, 657, 676, 590, 605, 616, 563, 595, 625, 533, 574, 602, 552, 519, 554, 506, 502, 558, 620, 614, 540, 498, 553, 548, 530, 540, 442, 553, 533, 529, 499, 502, 519, 510, 391, 463, 509, 401, 491, 470, 449, 490, 451, 521, 557, 526, 498, 481, 522, 571, 515, 513, 500, 483, 476, 508, 552, 471, 406, 463, 558, 533, 511, 634, 612, 548, 593, 570, 507, 514, 558, 657, 676, 578, 541, 549, 472, 513, 543, 545, 590, 583, 476, 518, 508, 544, 539, 512, 543, 532, 533, 493, 590, 619, 594, 517, 483, 477, 514, 491, 542, 572, 613, 530, 497, 546, 537, 538, 538, 535, 596, 550, 576, 587, 579, 539, 510, 542, 502, 500, 552, 544, 499, 448, 519, 518, 482, 616, 660, 614, 552, 489, 572, 557, 605, 625, 555, 585, 589, 533, 469, 451, 498, 569, 578, 588, 571, 546, 485, 457, 512, 551, 566, 582, 534, 544, 612, 661, 574, 503, 572, 614, 552, 500, 1569, 1910, 1228, 843, 1111, 1191, 1078, 742, 5148, 6768, 3998, 1954, 3813, 3260, 2854, 1509, 7572, 9811, 5417, 2534, 6233, 4849, 3351, 1789, 5373, 6851, 3697, 2026, 4682, 3607, 2085, 1372, 10394, 14121, 8618, 1563, 6157, 5564, 5602, 1404, 15243, 20124, 11743, 2344, 8892, 6918, 7293, 2304, 9249, 11967, 6705, 2318, 5586, 4347, 4540, 2128, 3633, 5124, 3431, 1369, 2444, 3010, 2960, 1486, 2058, 3440, 2545, 901, 1432, 2221, 2701, 1206, 1480, 2897, 2356, 801, 953, 1350, 1934, 1042, 1775, 3257, 2723, 884, 980, 1262, 1745, 876, 2905, 5086, 4003, 1062, 1651, 1871, 2503, 1057, 6432, 10769, 8057, 1229, 3998, 3830, 4729, 1251, 12800, 21343, 15802, 2171, 8002, 7114, 9205, 2129, 12701, 20180, 14551, 2630, 7713, 6768, 8913, 2726, 6283, 8818, 5777, 1535, 3845, 3701, 3934, 1607, 2386, 2939, 1878, 1013, 1379, 1482, 1364, 887, 1955, 2517, 1861, 1088, 1098, 1414, 1328, 901, 1269, 1649, 1466, 972, 997, 1319, 1137, 828, 901, 1001, 835, 697, 736, 1038, 992, 729, 795, 856, 712, 594, 751, 865, 786, 667, 727, 741, 653, 557, 672, 765, 629, 619, 1066, 1385, 1038, 673, 959, 809, 815, 636, 1683, 2271, 1687, 943, 1126, 1118, 1356, 939, 1706, 2382, 1800, 873, 1028, 1179, 1444, 856, 1279, 1667, 1366, 729, 1049, 1146, 1101, 746, 1286, 1346, 962, 1007, 1366, 1188, 855, 778, 1502, 1494, 1098, 1331, 1661, 1525, 1029, 969, 1331, 1130, 896, 1144, 1148, 1119, 887, 971, 1148, 1159, 878, 894, 989, 955, 918, 908, 1276, 1113, 987, 934, 839, 877, 934, 1080, 1292, 1255, 1105, 1079, 869, 757, 837, 1125, 1208, 1306, 975, 860, 980, 852, 780, 928, 1064, 1327, 1094, 755, 989, 960, 773, 703, 844, 1074, 946, 730, 941, 836, 603, 669, 739, 895, 788, 649, 868, 858, 622, 639, 778, 914, 893, 680, 614, 770, 705, 633, 789, 870, 849, 767, 807, 798, 728, 730, 803, 803, 794, 741, 630, 624, 655, 771, 653, 753, 807, 591, 582, 610, 679, 742, 716, 801, 769, 597, 674, 667, 619, 738, 639, 686, 570, 456, 469, 647, 673, 574, 632, 685, 502, 483, 635, 788, 770, 614, 664, 587, 580, 684, 771, 690, 702, 709, 597, 556, 508, 513, 655, 698, 620, 598, 664, 657, 611, 565, 687, 693, 685, 658, 697, 753, 734, 657, 735, 772, 764, 679, 671, 766, 733, 669, 763, 817, 687, 590, 681, 780, 666, 601, 729, 741, 690, 534, 746, 820, 780, 715, 680, 748, 672, 576, 870, 924, 895, 753, 567, 703, 789, 755, 888, 951, 776, 627, 692, 743, 694, 654, 656, 753, 663, 603, 621, 677, 593, 505, 819, 1022, 878, 643, 789, 850, 754, 575, 934, 1065, 901, 640, 746, 894, 802, 581, 839, 978, 818, 612, 689, 753, 733, 662, 842, 810, 655, 606, 710, 687, 641, 690, 729, 767, 761, 699, 651, 723, 670, 617, 737, 701, 743, 754, 542, 677, 785, 707, 916, 881, 795, 812, 730, 837, 903, 923, 1032, 1036, 837, 834, 857, 974, 1019, 1087, 983, 955, 873, 901, 859, 930, 997, 1153, 816, 759, 870, 894, 882, 987, 1067, 998, 869, 805, 773, 785, 853, 940, 933, 921, 849, 860, 702, 685, 709, 704, 748, 737, 773, 840, 678, 569, 661, 761, 737, 666, 1089, 1216, 872, 700, 754, 893, 926, 725, 1238, 1495, 1030, 670, 788, 901, 928, 642, 1213, 1416, 1060, 691, 772, 905, 905, 697, 844, 1076, 836, 582, 680, 813, 749, 559, 769, 903, 619, 525, 697, 836, 733, 545, 822, 845, 662, 603, 637, 838, 795, 682, 818, 876, 816, 577, 638, 760, 698, 637, 1166, 1034, 1054, 857, 851, 955, 860, 1133, 1263, 833, 1052, 973, 806, 926, 780, 1250, 835, 691, 778, 687, 731, 822, 680, 793, 589, 674, 741, 690, 578, 663, 748, 616, 710, 817, 694, 707, 714, 737, 816, 700, 1082, 956, 819, 865, 816, 889, 910, 945, 1551, 1266, 946, 1136, 1037, 1060, 1052, 1203, 1358, 1055, 719, 996, 910, 941, 898, 1174, 979, 872, 652, 739, 756, 734, 756, 876, 899, 818, 753, 718, 668, 762, 803, 888, 1013, 942, 959, 893, 829, 902, 879, 962, 793, 830, 913, 775, 731, 867, 917, 845, 822, 898, 939, 747, 544, 864, 897, 851, 824, 1089, 1392, 1059, 415, 1094, 1306, 1163, 898, 1111, 1463, 1154, 544, 1051, 1354, 1255, 820, 833, 945, 868, 677, 814, 1139, 1018, 715, 920, 930, 745, 749, 1150, 1382, 1047, 570, 800, 999, 878, 822, 1166, 1409, 1087, 792, 704, 924, 910, 745, 947, 1114, 1052, 911, 762, 802, 830, 647, 791, 813, 858, 989, 979, 750, 708, 732, 853, 697, 691, 1151, 1166, 849, 694, 786, 1173, 1077, 773, 1309, 1187, 849, 703, 907, 1299, 1202, 981, 982, 847, 666, 671, 769, 776, 648, 773, 678, 625, 662, 609, 692, 608, 542, 693, 562, 590, 588, 539, 564, 495, 553, 545, 594, 579, 549, 497, 597, 590, 499, 570, 596, 558, 529, 556, 535, 496, 519, 573, 508, 519, 437, 443, 492, 446, 446, 506, 547, 483, 457, 524, 469, 465, 490, 476, 598, 586, 575, 564, 478, 600, 548, 406, 559, 552, 554, 540, 498, 504, 443, 453, 533, 571, 537, 480, 485, 559, 481, 453]"
-0.6475763916969299,-1.1458690166473389,0.014817923307418823,-1.8585269451141357,0.0,0.0,0.0,-1.2084168195724487,-0.7023811340332031,21.25,-1.2084168195724487,0.8169651031494141,29.5,-1.2084168195724487,0.81939697265625,24.0,-0.9221714735031128,-0.7717609405517578,18.0,-0.8045834302902222,0.31371116638183594,19.25,"[577, 562, 655, 633, 579, 632, 658, 564, 599, 598, 598, 698, 571, 516, 622, 574, 502, 544, 611, 600, 509, 592, 590, 512, 560, 440, 457, 600, 546, 491, 408, 460, 610, 528, 403, 557, 620, 536, 366, 408, 491, 492, 510, 554, 501, 474, 512, 536, 450, 473, 450, 514, 543, 477, 555, 548, 552, 524, 533, 558, 642, 660, 562, 510, 481, 507, 514, 523, 501, 575, 552, 467, 466, 551, 554, 596, 598, 613, 673, 563, 568, 592, 646, 568, 615, 627, 615, 667, 593, 626, 655, 540, 576, 604, 589, 641, 518, 464, 501, 521, 524, 519, 553, 539, 622, 580, 559, 588, 537, 509, 570, 567, 458, 553, 642, 551, 539, 466, 546, 582, 470, 497, 512, 559, 562, 500, 494, 558, 520, 554, 562, 574, 556, 561, 567, 544, 498, 506, 485, 487, 501, 534, 559, 518, 560, 526, 620, 612, 521, 530, 628, 616, 564, 552, 575, 589, 568, 475, 484, 558, 726, 835, 666, 488, 551, 598, 508, 472, 2011, 2670, 1758, 784, 1289, 1095, 1150, 771, 3884, 5025, 3179, 1322, 2456, 1777, 1883, 1316, 6472, 8516, 5261, 1885, 3933, 3179, 3229, 1780, 11984, 15715, 9283, 2215, 7102, 6327, 6039, 2357, 13890, 17639, 9977, 3367, 7984, 6448, 6703, 3748, 7955, 9697, 6011, 3340, 4003, 3539, 4862, 3937, 2980, 5168, 4258, 1982, 1650, 3124, 4278, 2795, 1927, 3761, 3002, 978, 1362, 2409, 3035, 1684, 2476, 3958, 2793, 813, 1690, 1686, 1984, 951, 5056, 7960, 5530, 898, 3040, 2674, 3477, 1097, 6547, 10734, 7810, 1618, 3808, 3618, 5163, 1785, 6722, 11562, 8884, 2330, 3907, 3854, 5728, 2361, 6965, 11890, 9111, 2249, 3985, 3964, 5732, 2304, 5037, 7911, 5737, 1341, 2823, 3036, 3811, 1391, 2663, 3824, 2581, 652, 1479, 1762, 1902, 769, 1215, 1673, 1206, 556, 768, 990, 1105, 632, 1031, 1205, 928, 638, 864, 1037, 862, 698, 994, 1071, 776, 628, 747, 790, 803, 712, 767, 930, 681, 563, 725, 745, 733, 542, 731, 974, 797, 601, 660, 699, 693, 574, 863, 998, 788, 602, 652, 667, 763, 688, 847, 987, 826, 642, 618, 642, 729, 646, 1115, 1222, 883, 650, 713, 708, 817, 760, 1204, 1284, 868, 727, 691, 980, 1058, 795, 898, 1000, 672, 661, 671, 963, 967, 577, 521, 560, 512, 639, 689, 757, 784, 543, 637, 730, 659, 685, 580, 659, 760, 587, 821, 1031, 866, 799, 740, 822, 814, 599, 1033, 1273, 1002, 724, 847, 954, 817, 628, 807, 964, 848, 750, 863, 810, 714, 691, 1135, 1422, 1118, 827, 1231, 1114, 726, 758, 962, 945, 624, 730, 895, 702, 625, 709, 937, 1065, 847, 616, 845, 921, 764, 722, 953, 1053, 852, 669, 928, 1049, 889, 712, 831, 1040, 849, 541, 798, 890, 777, 644, 898, 991, 878, 628, 757, 864, 716, 704, 821, 875, 813, 713, 710, 724, 544, 569, 767, 817, 669, 674, 651, 735, 562, 491, 765, 765, 704, 767, 671, 671, 704, 630, 687, 638, 610, 718, 675, 618, 638, 579, 729, 657, 632, 639, 670, 642, 580, 600, 585, 663, 616, 558, 677, 775, 656, 557, 631, 745, 636, 530, 628, 681, 715, 574, 663, 681, 625, 512, 525, 672, 679, 595, 759, 647, 664, 662, 523, 589, 642, 722, 690, 631, 536, 633, 641, 671, 601, 568, 752, 733, 616, 559, 581, 671, 628, 591, 689, 663, 613, 537, 529, 616, 618, 569, 619, 594, 620, 559, 546, 648, 632, 602, 765, 682, 735, 678, 710, 658, 684, 763, 765, 682, 780, 795, 778, 652, 706, 815, 609, 727, 802, 754, 674, 677, 615, 641, 747, 949, 846, 708, 867, 851, 773, 657, 779, 884, 795, 735, 820, 768, 730, 651, 640, 785, 730, 689, 785, 697, 661, 623, 635, 725, 690, 644, 714, 687, 663, 638, 675, 683, 735, 669, 635, 714, 670, 662, 729, 813, 705, 616, 677, 712, 725, 698, 754, 814, 738, 665, 736, 781, 775, 753, 902, 983, 881, 732, 878, 1025, 908, 823, 1071, 1134, 950, 755, 946, 1218, 1080, 870, 1166, 1258, 915, 791, 1131, 1277, 1083, 750, 1104, 1219, 883, 729, 1095, 1354, 1072, 722, 1067, 1292, 964, 650, 982, 1429, 1276, 775, 1071, 1180, 871, 726, 887, 1197, 1168, 770, 1120, 1177, 829, 745, 988, 1063, 975, 810, 1081, 1148, 820, 646, 945, 950, 760, 664, 786, 851, 775, 563, 681, 870, 702, 548, 734, 774, 739, 659, 620, 700, 710, 661, 772, 843, 764, 637, 586, 716, 718, 629, 667, 757, 699, 583, 603, 655, 631, 566, 731, 835, 661, 484, 611, 679, 625, 567, 730, 751, 586, 533, 557, 643, 559, 524, 814, 777, 605, 624, 594, 715, 654, 606, 978, 847, 781, 785, 649, 735, 669, 813, 820, 747, 746, 822, 626, 677, 685, 805, 724, 647, 713, 787, 701, 673, 672, 784, 647, 611, 683, 717, 662, 644, 696, 745, 716, 695, 718, 668, 656, 710, 758, 750, 672, 691, 665, 550, 585, 753, 724, 666, 743, 594, 555, 593, 608, 608, 636, 734, 682, 608, 627, 636, 647, 665, 614, 637, 784, 694, 639, 670, 725, 880, 797, 667, 663, 711, 714, 684, 594, 740, 855, 697, 705, 768, 699, 625, 641, 662, 694, 671, 856, 845, 814, 722, 678, 744, 835, 810, 739, 597, 875, 856, 670, 678, 747, 822, 778, 679, 597, 615, 680, 668, 646, 741, 877, 881, 723, 639, 615, 729, 820, 796, 909, 883, 768, 726, 686, 742, 966, 1019, 890, 848, 831, 738, 661, 807, 994, 984, 890, 801, 900, 767, 614, 710, 925, 1002, 913, 940, 928, 896, 776, 714, 795, 917, 983, 1038, 855, 681, 588, 795, 784, 717, 1040, 1018, 733, 538, 670, 786, 738, 797, 736, 808, 819, 730, 567, 635, 791, 753, 775, 638, 977, 975, 647, 639, 730, 844, 598, 781, 1002, 832, 532, 640, 833, 768, 729, 857, 666, 539, 608, 774, 788, 676, 885, 799, 628, 543, 656, 714, 612, 735, 709, 697, 598, 591, 581, 598, 556, 651, 558, 550, 531, 549, 525, 577, 527, 559, 535, 541, 490, 497, 525, 564, 438, 445, 595, 528, 501, 571, 557, 486, 474, 516, 547, 624, 571, 518, 421, 522, 572, 495, 571, 590, 522, 577, 481, 549, 604, 538, 589, 569, 590, 639, 522, 632, 651, 568]"
-0.8334290981292725,-1.1458690166473389,0.014817923307418823,-1.8585269451141357,0.0,0.0,0.0,-1.209898591041565,-0.7866382598876953,15.25,-1.209898591041565,0.6304264068603516,27.75,-1.209898591041565,0.7111072540283203,-30.25,-1.209898591041565,0.7681846618652344,24.0,-1.0149198770523071,0.421142578125,31.75,"[613, 647, 638, 642, 643, 633, 642, 645, 567, 566, 592, 624, 618, 620, 592, 604, 593, 641, 599, 488, 528, 770, 761, 583, 630, 710, 616, 549, 601, 613, 683, 607, 515, 590, 597, 590, 578, 621, 589, 555, 581, 634, 592, 544, 623, 585, 533, 538, 526, 576, 590, 482, 557, 568, 564, 517, 538, 530, 556, 558, 584, 553, 543, 550, 576, 533, 524, 581, 565, 523, 489, 513, 604, 549, 503, 521, 636, 590, 556, 585, 596, 558, 519, 433, 542, 572, 630, 619, 587, 480, 486, 491, 475, 470, 510, 600, 556, 587, 571, 560, 531, 469, 522, 591, 556, 583, 557, 555, 610, 524, 599, 579, 585, 543, 554, 601, 530, 493, 538, 608, 501, 527, 601, 594, 505, 626, 700, 595, 465, 510, 549, 469, 513, 640, 635, 532, 618, 580, 487, 477, 574, 602, 532, 578, 593, 605, 582, 528, 518, 561, 546, 573, 2138, 2615, 1839, 1109, 1615, 1980, 1733, 1162, 11356, 13418, 7495, 3780, 7821, 8545, 6108, 3999, 22207, 26636, 14772, 6637, 13728, 13895, 11250, 6953, 17357, 21298, 12268, 5097, 9834, 10033, 9338, 5508, 7684, 8637, 4588, 2669, 4612, 4029, 3566, 2612, 4135, 4752, 2580, 1643, 2662, 2548, 2236, 1574, 2522, 3572, 2579, 1242, 1503, 2043, 2152, 1308, 1447, 1716, 1367, 1084, 1103, 1029, 1186, 1222, 2943, 2518, 1133, 1709, 2171, 1826, 938, 1855, 2908, 3489, 2762, 1950, 2309, 2485, 2044, 2173, 3733, 5407, 4091, 1365, 2686, 3336, 3315, 1597, 3830, 6546, 4994, 1094, 2351, 2782, 3618, 1344, 2732, 5001, 4157, 1315, 2024, 2082, 2626, 1446, 2698, 3760, 2554, 1030, 2003, 1584, 1436, 1048, 2050, 2600, 1621, 699, 1406, 1122, 876, 801, 1392, 1914, 1385, 584, 1148, 1071, 840, 654, 1065, 1348, 994, 549, 914, 927, 695, 513, 711, 873, 710, 535, 712, 764, 687, 533, 873, 954, 890, 627, 843, 1013, 860, 614, 896, 894, 856, 596, 862, 1229, 1004, 734, 724, 785, 846, 547, 809, 1024, 850, 685, 820, 993, 856, 600, 752, 794, 751, 659, 915, 1119, 991, 689, 725, 778, 824, 695, 807, 1037, 977, 730, 641, 742, 745, 639, 737, 998, 929, 664, 707, 791, 762, 551, 714, 884, 862, 718, 723, 674, 671, 635, 798, 905, 785, 668, 674, 689, 734, 694, 869, 1016, 685, 525, 603, 672, 694, 586, 990, 1127, 806, 682, 774, 676, 711, 593, 1202, 1432, 1038, 795, 1170, 1012, 758, 675, 2161, 2705, 1905, 1201, 2282, 2228, 1294, 1027, 2304, 2957, 2389, 1583, 2897, 3110, 1805, 1233, 2088, 2707, 2233, 1599, 2607, 2694, 1548, 1231, 1470, 1868, 1469, 1257, 1765, 1590, 893, 831, 1060, 1316, 1055, 857, 1149, 1097, 784, 690, 858, 898, 695, 745, 882, 808, 771, 744, 880, 902, 783, 676, 773, 827, 780, 793, 831, 762, 695, 573, 704, 849, 776, 726, 786, 741, 644, 647, 642, 795, 694, 674, 747, 680, 748, 647, 650, 780, 695, 733, 704, 619, 852, 863, 690, 771, 742, 741, 665, 820, 935, 732, 680, 751, 612, 578, 712, 730, 846, 783, 763, 835, 675, 620, 684, 739, 811, 679, 647, 784, 697, 680, 788, 678, 694, 629, 587, 770, 713, 749, 797, 841, 759, 648, 595, 774, 764, 642, 796, 853, 760, 602, 651, 757, 759, 606, 859, 842, 664, 612, 692, 730, 668, 656, 805, 874, 778, 648, 669, 775, 780, 721, 711, 840, 817, 633, 562, 660, 733, 659, 574, 717, 807, 621, 555, 551, 641, 671, 604, 807, 818, 669, 595, 710, 697, 628, 668, 703, 817, 661, 570, 700, 647, 610, 738, 807, 824, 659, 591, 727, 707, 664, 701, 860, 866, 705, 638, 747, 808, 692, 645, 761, 761, 690, 626, 651, 668, 618, 623, 711, 687, 601, 642, 689, 665, 567, 604, 786, 659, 565, 623, 677, 557, 490, 662, 748, 674, 596, 680, 774, 713, 578, 828, 955, 671, 646, 759, 822, 750, 510, 996, 1168, 860, 681, 936, 968, 847, 638, 963, 1114, 908, 703, 873, 928, 801, 632, 778, 840, 789, 671, 821, 900, 696, 584, 712, 693, 742, 628, 648, 827, 871, 729, 658, 769, 818, 710, 774, 804, 759, 653, 661, 738, 681, 583, 697, 724, 530, 505, 686, 758, 651, 533, 728, 842, 696, 546, 663, 826, 678, 557, 725, 740, 701, 572, 866, 854, 720, 710, 757, 728, 620, 654, 743, 759, 702, 702, 693, 666, 566, 610, 615, 686, 693, 634, 657, 631, 607, 680, 694, 811, 831, 620, 543, 649, 698, 676, 726, 803, 799, 731, 625, 626, 632, 650, 642, 667, 579, 626, 583, 508, 520, 545, 566, 582, 593, 605, 601, 556, 600, 627, 668, 684, 647, 650, 651, 668, 675, 681, 695, 696, 596, 595, 620, 680, 617, 553, 666, 621, 558, 585, 583, 510, 575, 597, 638, 654, 559, 576, 634, 625, 573, 639, 573, 593, 669, 579, 645, 694, 631, 665, 659, 707, 633, 597, 724, 676, 579, 565, 745, 805, 670, 621, 688, 729, 694, 675, 743, 780, 799, 666, 702, 777, 663, 703, 708, 668, 722, 635, 595, 731, 627, 630, 808, 711, 587, 645, 767, 726, 634, 643, 918, 695, 551, 647, 632, 679, 612, 770, 827, 674, 649, 644, 716, 748, 578, 794, 949, 783, 1019, 843, 746, 814, 1001, 1213, 1498, 869, 1598, 1293, 749, 890, 1779, 2262, 1748, 997, 1508, 1406, 915, 901, 1747, 2307, 1416, 954, 1391, 1306, 980, 1011, 1404, 1777, 1236, 887, 1420, 1316, 1045, 1009, 1452, 1756, 1354, 748, 1244, 1215, 825, 880, 1418, 1849, 1365, 779, 1146, 1248, 852, 1048, 1363, 1672, 1552, 933, 1327, 1350, 1031, 1331, 1246, 1569, 1257, 781, 1016, 1042, 868, 1045, 918, 1239, 891, 1054, 915, 714, 658, 965, 1233, 963, 1015, 1343, 1089, 732, 711, 939, 1078, 797, 929, 1015, 868, 784, 643, 741, 791, 712, 719, 929, 1153, 889, 566, 611, 953, 974, 734, 929, 1170, 885, 591, 758, 1025, 1052, 679, 721, 939, 746, 567, 798, 904, 806, 774, 654, 777, 752, 587, 862, 934, 840, 849, 663, 666, 655, 604, 849, 942, 915, 612, 719, 657, 603, 606, 803, 897, 684, 539, 758, 716, 549, 514, 740, 746, 525, 531, 633, 646, 473, 405, 501, 505, 472, 512, 532, 451, 432, 441, 541, 487, 467, 517, 563, 554, 540, 425, 523, 572, 518]"
0.1659793257713318,-0.0015641972422599792,-1.1263731718063354,1.7326116561889648,0.09687796235084534,-0.7082812786102295,1.2618005275726318,-0.23640313744544983,0.43931007385253906,20.5,-0.23640313744544983,0.4936695098876953,26.5,-0.23640313744544983,0.5078315734863281,27.25,-0.23640313744544983,0.5736351013183594,23.0,-0.23640313744544983,0.5760669708251953,26.0,"[477, 683, 803, 649, 518, 641, 804, 688, 544, 707, 733, 721, 573, 684, 759, 566, 521, 635, 655, 584, 566, 597, 583, 498, 479, 638, 576, 503, 553, 475, 431, 434, 464, 492, 513, 472, 490, 473, 474, 446, 502, 502, 451, 526, 540, 489, 481, 480, 580, 476, 493, 578, 665, 560, 535, 692, 510, 482, 458, 478, 549, 523, 532, 544, 532, 504, 455, 515, 561, 547, 455, 479, 591, 621, 625, 601, 591, 533, 521, 542, 540, 566, 521, 546, 558, 579, 594, 479, 454, 599, 588, 541, 544, 633, 577, 476, 565, 581, 624, 549, 524, 505, 526, 533, 570, 509, 537, 591, 586, 430, 560, 608, 491, 528, 497, 482, 516, 519, 589, 604, 530, 545, 510, 495, 465, 593, 614, 519, 553, 530, 454, 483, 544, 532, 430, 466, 914, 1053, 789, 685, 853, 759, 679, 659, 4410, 5663, 3801, 1856, 2723, 2368, 2586, 2154, 8382, 11653, 8260, 3437, 4824, 4669, 5691, 3847, 8654, 12987, 9510, 3433, 4361, 5868, 7398, 3937, 7470, 11197, 7934, 2388, 3230, 6561, 7353, 2920, 6216, 8739, 5741, 1850, 3308, 5969, 6088, 2390, 3978, 5265, 3294, 1394, 2755, 3145, 2973, 1541, 2282, 3077, 1942, 961, 1876, 1615, 1345, 905, 1165, 1681, 1254, 735, 1133, 941, 797, 696, 1540, 2141, 1386, 956, 1767, 1516, 878, 717, 2225, 3079, 2037, 952, 2166, 1954, 1082, 836, 1682, 2605, 1962, 1012, 1668, 1592, 1047, 800, 1730, 2468, 1824, 973, 1699, 1610, 1115, 763, 2080, 2764, 1734, 813, 1816, 1643, 1098, 806, 1729, 2472, 1709, 783, 1283, 1068, 1069, 662, 1139, 1726, 1308, 530, 904, 848, 855, 607, 810, 1162, 948, 540, 794, 808, 756, 558, 756, 944, 846, 518, 713, 753, 677, 608, 630, 743, 777, 575, 672, 833, 764, 646, 767, 668, 604, 596, 691, 850, 724, 602, 885, 916, 703, 709, 703, 816, 834, 620, 717, 770, 706, 690, 667, 704, 774, 656, 742, 737, 659, 591, 650, 804, 764, 654, 691, 722, 608, 560, 590, 630, 546, 532, 608, 745, 671, 537, 630, 722, 625, 540, 676, 764, 667, 546, 584, 654, 590, 544, 690, 737, 743, 695, 657, 684, 623, 588, 604, 745, 732, 667, 661, 709, 699, 667, 690, 875, 888, 683, 722, 772, 807, 708, 761, 998, 820, 668, 773, 851, 702, 604, 971, 1186, 891, 680, 866, 802, 580, 574, 1095, 1376, 1091, 768, 983, 899, 663, 677, 1401, 1531, 1115, 941, 1274, 1162, 755, 894, 1455, 1323, 1243, 1335, 1493, 1342, 980, 1085, 1552, 1737, 1566, 1459, 1602, 1503, 1128, 1082, 1523, 1818, 1404, 1152, 1492, 1389, 897, 886, 1096, 1236, 919, 876, 1065, 937, 732, 793, 911, 932, 778, 773, 882, 771, 715, 766, 969, 926, 752, 809, 983, 829, 689, 767, 755, 832, 669, 479, 757, 796, 628, 632, 763, 817, 756, 585, 758, 783, 672, 700, 865, 923, 805, 607, 806, 825, 707, 743, 870, 899, 853, 758, 716, 846, 858, 848, 791, 749, 755, 671, 632, 745, 787, 750, 754, 765, 690, 548, 594, 793, 804, 657, 653, 677, 573, 436, 595, 719, 659, 580, 650, 690, 716, 571, 633, 530, 591, 645, 615, 662, 656, 617, 564, 510, 611, 663, 662, 664, 683, 641, 586, 557, 593, 650, 731, 706, 637, 667, 662, 632, 637, 657, 744, 795, 674, 610, 659, 746, 712, 564, 735, 805, 624, 609, 594, 691, 662, 581, 667, 691, 646, 693, 643, 669, 735, 691, 582, 621, 565, 590, 695, 729, 668, 561, 644, 628, 638, 640, 701, 705, 638, 652, 580, 615, 689, 616, 620, 679, 663, 611, 712, 710, 625, 530, 603, 661, 598, 628, 717, 734, 623, 593, 684, 718, 622, 664, 659, 748, 688, 712, 741, 740, 620, 546, 694, 679, 566, 603, 703, 714, 646, 613, 634, 642, 556, 518, 638, 700, 623, 559, 742, 713, 728, 635, 703, 799, 736, 720, 1210, 987, 865, 653, 975, 1285, 953, 943, 1220, 985, 891, 614, 1028, 1415, 1066, 997, 894, 863, 876, 591, 855, 1128, 823, 784, 740, 956, 859, 630, 778, 939, 698, 579, 741, 941, 912, 670, 714, 890, 820, 642, 734, 787, 819, 643, 720, 873, 726, 717, 658, 682, 778, 691, 690, 800, 691, 720, 605, 645, 656, 652, 746, 730, 588, 643, 707, 612, 576, 650, 701, 590, 566, 648, 748, 701, 616, 705, 718, 687, 582, 558, 764, 708, 671, 710, 758, 751, 581, 623, 617, 622, 660, 619, 649, 752, 662, 565, 716, 717, 687, 679, 685, 802, 798, 688, 577, 604, 615, 566, 586, 753, 750, 650, 662, 514, 658, 572, 578, 660, 729, 777, 972, 801, 724, 709, 751, 685, 742, 947, 1193, 846, 756, 741, 763, 722, 952, 1266, 998, 840, 606, 620, 711, 655, 745, 989, 730, 689, 612, 640, 728, 708, 647, 655, 813, 745, 652, 677, 713, 806, 650, 599, 800, 751, 783, 794, 702, 765, 700, 638, 974, 943, 792, 762, 783, 837, 735, 636, 1130, 1079, 766, 819, 770, 857, 648, 739, 901, 869, 685, 645, 523, 722, 660, 780, 1085, 854, 663, 655, 735, 921, 629, 892, 852, 722, 652, 630, 673, 836, 649, 711, 692, 646, 598, 738, 816, 696, 650, 618, 679, 665, 594, 594, 714, 631, 547, 580, 623, 721, 676, 582, 558, 597, 728, 696, 758, 889, 957, 841, 774, 783, 988, 968, 1285, 1015, 1464, 1282, 1075, 1119, 1503, 1761, 1695, 963, 1566, 1350, 1127, 1072, 1788, 2235, 1611, 1057, 1347, 1097, 994, 1024, 1550, 1848, 1095, 1205, 1376, 919, 788, 1111, 1400, 1442, 994, 1126, 1103, 778, 803, 1197, 1337, 1174, 948, 1158, 1319, 1160, 873, 1140, 1259, 1040, 1449, 1448, 2211, 2085, 1263, 1305, 1499, 1306, 1711, 1253, 2005, 2480, 1570, 1249, 1594, 1534, 1254, 932, 1279, 1630, 1180, 949, 1177, 1285, 917, 950, 990, 953, 941, 1012, 1141, 1101, 935, 1200, 1166, 913, 906, 1096, 1133, 1064, 659, 970, 1041, 839, 678, 796, 890, 789, 710, 714, 786, 712, 487, 659, 795, 777, 677, 673, 907, 771, 543, 660, 608, 766, 608, 498, 736, 632, 501, 601, 535, 639, 577, 536, 519, 514, 433, 599, 559, 502, 602, 591, 591, 521, 467, 520, 552, 577, 651, 510, 479, 582, 565, 623, 623, 556, 584, 535, 697, 591, 480, 526, 608, 689]"
0.5469140410423279,0.5722082257270813,-1.3728655576705933,1.8942468166351318,0.0,0.0,0.0,0.06058777868747711,0.5556106567382812,18.0,0.06058777868747711,0.5720615386962891,16.0,0.06058777868747711,0.8401393890380859,16.0,0.10235871374607086,0.41785240173339844,17.5,0.5289372354745865,0.167083740234375,15.75,"[522, 613, 667, 664, 696, 667, 671, 609, 468, 550, 652, 694, 629, 655, 647, 524, 457, 575, 612, 580, 550, 587, 551, 418, 468, 521, 518, 509, 453, 506, 571, 486, 452, 437, 543, 453, 389, 540, 569, 533, 432, 458, 444, 454, 462, 468, 457, 407, 519, 492, 504, 522, 519, 532, 453, 429, 575, 471, 549, 613, 622, 526, 521, 576, 562, 512, 489, 540, 606, 555, 475, 506, 579, 554, 550, 607, 682, 663, 541, 577, 488, 489, 629, 648, 605, 467, 424, 542, 463, 553, 620, 571, 532, 528, 557, 527, 472, 555, 548, 464, 464, 572, 577, 446, 489, 534, 539, 437, 434, 540, 578, 530, 512, 559, 553, 504, 498, 548, 600, 569, 517, 561, 574, 488, 479, 575, 598, 522, 642, 839, 709, 475, 506, 683, 754, 565, 1908, 2850, 2044, 759, 1005, 1567, 1843, 885, 2906, 3941, 2604, 837, 1731, 2272, 2206, 823, 2539, 3321, 2077, 886, 1941, 2676, 2255, 879, 3115, 4243, 2778, 913, 1674, 2584, 2486, 1084, 2452, 3556, 2511, 923, 1213, 1778, 2013, 958, 1474, 2297, 1807, 820, 824, 1312, 1560, 760, 1448, 1667, 1196, 799, 1008, 1178, 1126, 836, 3056, 3453, 1954, 1636, 2073, 1824, 1824, 1514, 3618, 4566, 2864, 1642, 2321, 2565, 2702, 1628, 2882, 3978, 2679, 1238, 1584, 2107, 2392, 1121, 2068, 2616, 1615, 852, 1148, 1290, 1355, 774, 1413, 1972, 1381, 604, 1072, 1446, 1314, 557, 1247, 1597, 1128, 640, 838, 1130, 1119, 640, 723, 764, 597, 524, 615, 569, 617, 642, 705, 743, 609, 568, 744, 703, 581, 610, 646, 652, 562, 584, 669, 640, 551, 569, 514, 467, 434, 513, 626, 576, 507, 569, 581, 635, 554, 473, 547, 503, 539, 554, 704, 799, 582, 506, 593, 525, 537, 588, 790, 958, 699, 531, 643, 706, 685, 654, 790, 808, 641, 532, 569, 663, 711, 686, 804, 1015, 901, 658, 691, 836, 888, 709, 890, 1218, 1125, 867, 824, 979, 1069, 740, 866, 1100, 1036, 746, 809, 880, 817, 746, 872, 895, 756, 681, 733, 678, 588, 717, 723, 767, 698, 558, 631, 628, 657, 693, 613, 659, 646, 574, 570, 586, 633, 630, 652, 670, 617, 613, 586, 610, 681, 635, 647, 629, 620, 618, 678, 642, 711, 723, 676, 697, 620, 615, 625, 627, 560, 676, 636, 614, 641, 666, 661, 663, 558, 651, 881, 1111, 1124, 759, 781, 831, 641, 725, 1357, 1715, 1363, 711, 1086, 1238, 941, 705, 991, 1107, 871, 650, 890, 1035, 860, 685, 838, 879, 664, 536, 724, 726, 562, 613, 722, 788, 641, 600, 713, 731, 628, 569, 631, 727, 720, 624, 627, 619, 669, 619, 723, 781, 718, 655, 652, 687, 642, 606, 581, 713, 811, 680, 650, 646, 646, 638, 650, 763, 744, 610, 596, 658, 644, 624, 624, 686, 584, 505, 604, 628, 654, 601, 669, 699, 621, 598, 586, 705, 709, 605, 668, 680, 661, 598, 593, 839, 783, 626, 620, 677, 655, 559, 548, 749, 762, 611, 543, 625, 592, 480, 491, 625, 766, 642, 531, 677, 653, 582, 535, 650, 780, 701, 619, 697, 678, 594, 561, 712, 752, 696, 636, 620, 556, 525, 635, 680, 636, 636, 671, 494, 481, 585, 708, 688, 660, 770, 628, 630, 612, 634, 668, 647, 696, 733, 688, 726, 740, 650, 689, 620, 587, 671, 669, 657, 609, 582, 613, 670, 642, 586, 651, 716, 632, 566, 616, 644, 640, 583, 661, 694, 775, 646, 544, 656, 575, 606, 551, 606, 650, 592, 554, 536, 557, 608, 604, 636, 674, 656, 522, 555, 630, 568, 565, 607, 604, 558, 527, 470, 594, 625, 677, 615, 604, 593, 671, 624, 572, 667, 686, 677, 661, 610, 597, 590, 622, 679, 616, 603, 629, 516, 496, 584, 665, 654, 583, 624, 591, 530, 585, 689, 727, 643, 692, 733, 662, 528, 550, 580, 608, 686, 688, 663, 603, 572, 546, 539, 548, 606, 705, 572, 537, 630, 607, 614, 604, 638, 720, 724, 649, 677, 639, 609, 660, 649, 725, 737, 746, 701, 647, 638, 694, 711, 684, 713, 710, 662, 634, 696, 673, 640, 592, 631, 656, 637, 672, 693, 682, 621, 532, 566, 581, 582, 560, 596, 728, 668, 610, 621, 677, 616, 575, 515, 609, 652, 585, 552, 575, 601, 567, 528, 623, 657, 618, 529, 490, 584, 657, 568, 580, 584, 634, 588, 519, 661, 665, 500, 585, 648, 628, 670, 629, 551, 592, 584, 565, 586, 592, 634, 619, 550, 523, 590, 566, 490, 561, 563, 555, 559, 616, 678, 526, 494, 608, 669, 712, 702, 707, 694, 683, 641, 880, 748, 681, 684, 728, 739, 759, 877, 1165, 821, 598, 807, 869, 911, 768, 1026, 1162, 827, 623, 684, 843, 908, 645, 940, 771, 711, 710, 596, 658, 564, 640, 884, 728, 719, 693, 625, 715, 687, 577, 650, 739, 691, 587, 525, 532, 679, 616, 582, 584, 595, 541, 568, 536, 510, 628, 644, 648, 708, 629, 653, 632, 654, 592, 599, 824, 788, 641, 694, 646, 659, 610, 662, 725, 628, 641, 694, 669, 664, 647, 691, 614, 554, 641, 722, 658, 613, 687, 683, 560, 626, 669, 661, 609, 628, 644, 596, 704, 671, 643, 655, 582, 627, 601, 625, 724, 669, 593, 634, 714, 626, 607, 684, 678, 553, 605, 661, 633, 677, 702, 717, 847, 768, 812, 759, 774, 788, 920, 927, 727, 792, 929, 808, 788, 737, 867, 937, 754, 769, 895, 860, 815, 718, 743, 888, 778, 721, 721, 841, 789, 631, 778, 847, 708, 725, 626, 611, 598, 700, 854, 779, 643, 732, 658, 572, 500, 609, 860, 793, 672, 892, 873, 633, 534, 760, 981, 849, 555, 748, 868, 669, 512, 705, 859, 795, 674, 761, 690, 626, 705, 737, 689, 596, 861, 843, 795, 678, 775, 720, 712, 737, 702, 875, 891, 753, 570, 718, 888, 775, 626, 796, 1014, 826, 632, 731, 868, 855, 685, 741, 911, 755, 597, 685, 771, 705, 741, 658, 619, 558, 591, 699, 657, 592, 856, 805, 596, 676, 672, 653, 628, 708, 648, 647, 579, 571, 562, 629, 601, 586, 573, 531, 538, 551, 521, 540, 504, 516, 526, 453, 400, 479, 500, 490, 504, 523, 455, 473, 505, 465, 486, 545, 535, 473]"
0.754209041595459,-0.251591295003891,-0.1816839575767517,-0.20624251663684845,-0.24288690090179443,0.10200577229261398,-0.11101990938186646,-0.544310450553894,1.233673095703125,19.75,-0.38609588146209717,1.2212276458740234,23.25,0.02145683765411377,0.8501529693603516,22.5,0.12431061267852783,0.7927894592285156,19.0,0.3717890977859497,0.3985404968261719,15.75,"[458, 558, 600, 548, 516, 548, 597, 559, 493, 519, 614, 601, 582, 568, 621, 587, 499, 517, 524, 533, 555, 540, 478, 492, 475, 519, 572, 541, 469, 502, 475, 429, 600, 580, 510, 457, 507, 545, 555, 551, 581, 608, 543, 540, 505, 594, 628, 534, 580, 536, 450, 508, 512, 549, 542, 542, 532, 497, 543, 580, 599, 554, 527, 527, 575, 507, 527, 593, 580, 509, 482, 581, 555, 474, 514, 626, 625, 494, 559, 651, 559, 566, 602, 643, 603, 592, 631, 623, 578, 550, 649, 669, 566, 507, 611, 645, 503, 500, 580, 513, 427, 464, 469, 541, 654, 644, 559, 465, 498, 562, 480, 548, 635, 632, 504, 497, 488, 458, 486, 539, 552, 611, 568, 436, 395, 434, 464, 484, 542, 512, 586, 510, 432, 458, 473, 488, 665, 606, 525, 539, 562, 573, 480, 526, 521, 485, 535, 521, 504, 598, 548, 480, 543, 455, 587, 612, 526, 566, 626, 664, 500, 500, 583, 622, 540, 516, 566, 583, 497, 606, 640, 645, 553, 571, 580, 509, 619, 555, 543, 613, 658, 629, 550, 557, 549, 561, 563, 639, 653, 535, 529, 519, 553, 567, 448, 469, 544, 475, 413, 452, 555, 595, 574, 551, 545, 478, 548, 574, 528, 541, 528, 558, 593, 489, 533, 585, 477, 475, 531, 677, 583, 461, 558, 542, 576, 567, 530, 551, 573, 497, 534, 547, 687, 631, 574, 612, 629, 591, 651, 713, 622, 614, 593, 596, 597, 636, 696, 654, 592, 607, 611, 618, 597, 643, 609, 567, 534, 574, 510, 570, 528, 555, 615, 468, 533, 626, 595, 580, 492, 589, 701, 562, 458, 524, 511, 463, 519, 591, 596, 506, 482, 555, 504, 485, 556, 556, 570, 515, 537, 536, 552, 545, 561, 536, 538, 564, 586, 593, 512, 538, 594, 535, 575, 590, 609, 582, 513, 595, 667, 605, 609, 606, 553, 542, 519, 542, 580, 603, 543, 553, 554, 568, 559, 502, 527, 584, 538, 559, 567, 591, 665, 593, 593, 562, 551, 636, 518, 571, 623, 640, 609, 608, 647, 605, 582, 543, 506, 646, 671, 532, 582, 624, 538, 521, 470, 621, 580, 454, 489, 542, 594, 561, 507, 567, 639, 557, 472, 518, 500, 456, 527, 564, 562, 579, 589, 562, 612, 510, 647, 669, 584, 638, 578, 634, 658, 522, 492, 543, 571, 626, 549, 584, 718, 570, 633, 754, 661, 627, 700, 771, 911, 826, 874, 1117, 970, 968, 1163, 1179, 1524, 1528, 1922, 1831, 1471, 1728, 2570, 2513, 4068, 3460, 5419, 4946, 3417, 3511, 7426, 7824, 4833, 4180, 6185, 6082, 4152, 3728, 8002, 8594, 3797, 1967, 2974, 3745, 3031, 1846, 4960, 5914, 1439, 999, 1570, 1744, 1371, 1089, 2456, 2620, 2047, 1103, 1963, 1486, 1093, 874, 2114, 3058, 3181, 2290, 4773, 3416, 1552, 1609, 5478, 6620, 1778, 2272, 4000, 2850, 1031, 1668, 4215, 4581, 1004, 1641, 2495, 1754, 843, 1171, 2489, 2561, 789, 1196, 1604, 1121, 745, 998, 1601, 1609, 768, 838, 812, 707, 722, 692, 866, 867, 669, 674, 645, 622, 611, 604, 735, 671, 575, 604, 644, 581, 571, 589, 597, 542, 519, 573, 570, 573, 489, 554, 613, 550, 574, 537, 495, 578, 638, 547, 619, 670, 654, 542, 613, 616, 635, 639, 596, 699, 793, 699, 842, 799, 612, 669, 700, 739, 938, 817, 898, 817, 804, 798, 717, 924, 1089, 858, 978, 889, 917, 859, 833, 1129, 1044, 817, 703, 868, 904, 894, 758, 808, 1975, 2355, 1969, 1503, 994, 1442, 1785, 1388, 2149, 2781, 2641, 1965, 900, 1775, 2207, 1789, 863, 895, 1506, 1434, 752, 850, 998, 1009, 1164, 1257, 1103, 987, 858, 931, 1102, 929, 1634, 1513, 947, 938, 1062, 1430, 1588, 1128, 2082, 2154, 1936, 1804, 1899, 2071, 2011, 1836, 2157, 2521, 2909, 2946, 2563, 2077, 1934, 2337, 1455, 1779, 2423, 2585, 1927, 1279, 1126, 1684, 978, 928, 1253, 1327, 940, 829, 732, 987, 891, 772, 929, 961, 817, 784, 785, 817, 846, 1031, 1035, 826, 645, 833, 926, 875, 822, 979, 921, 822, 596, 815, 977, 802, 715, 770, 645, 673, 631, 780, 923, 829, 915, 773, 976, 1186, 851, 945, 1276, 1168, 1225, 818, 1367, 1676, 1089, 1101, 1469, 1387, 953, 734, 1140, 1289, 810, 906, 1212, 1128, 673, 693, 776, 742, 585, 709, 733, 664, 601, 668, 585, 513, 545, 634, 608, 515, 700, 665, 800, 776, 601, 590, 655, 702, 679, 654, 700, 768, 711, 656, 669, 667, 845, 725, 852, 1015, 918, 658, 943, 1059, 1003, 714, 781, 942, 885, 712, 1051, 1249, 806, 600, 641, 701, 687, 662, 772, 864, 655, 620, 690, 694, 633, 643, 683, 717, 625, 633, 715, 686, 631, 653, 795, 698, 753, 710, 622, 751, 733, 647, 682, 664, 652, 680, 626, 585, 598, 533, 535, 633, 453, 570, 682, 584, 477, 516, 522, 519, 538, 593, 590, 494, 566, 549, 486, 553, 594, 618, 621, 611, 622, 503, 475, 608, 641, 497, 691, 790, 618, 494, 648, 813, 619, 528, 649, 820, 705, 517, 555, 676, 639, 704, 710, 738, 655, 584, 742, 719, 567, 637, 603, 512, 664, 793, 733, 601, 649, 612, 697, 680, 643, 797, 811, 746, 686, 665, 639, 611, 661, 720, 716, 707, 677, 668, 598, 561, 645, 654, 662, 689, 643, 701, 661, 513, 596, 682, 650, 625, 682, 727, 672, 581, 623, 719, 668, 625, 706, 735, 601, 563, 591, 699, 660, 647, 558, 583, 572, 566, 583, 629, 658, 593, 664, 582, 633, 619, 606, 657, 753, 745, 824, 674, 702, 706, 584, 670, 684, 822, 850, 656, 718, 777, 672, 686, 616, 662, 761, 702, 738, 722, 706, 802, 655, 604, 642, 665, 620, 566, 610, 670, 538, 551, 714, 740, 645, 582, 677, 654, 607, 659, 579, 597, 515, 511, 579, 643, 627, 600, 530, 608, 645, 546, 514, 582, 711, 708, 417, 545, 635, 565, 465, 499, 639, 583, 517, 658, 625, 469, 517, 690, 642, 486, 678, 634, 588, 539, 664, 790, 613, 478, 632, 536, 506, 563, 577, 662, 530, 548, 552, 499, 437, 486, 542, 571, 446, 487, 420, 489, 463, 455, 482, 456, 410, 382, 408, 387, 429, 462, 436, 478, 460, 371, 354, 424, 464, 423, 394, 420, 500, 429]"
0.6826229095458984,-0.2458236664533615,-0.09011239558458328,-0.35392048954963684,-0.21740905940532684,0.19379599392414093,-0.28563445806503296,-1.1782602071762085,-2.309417724609375,17.0,0.06242239475250244,0.6567478179931641,19.25,0.20118200778961182,0.5254268646240234,17.5,0.2014681100845337,0.4799365997314453,21.25,0.33250296115875244,0.06051063537597656,16.75,"[552, 600, 660, 624, 589, 623, 663, 601, 558, 702, 636, 476, 580, 661, 652, 512, 476, 611, 629, 532, 540, 591, 623, 566, 531, 521, 579, 539, 548, 549, 559, 598, 498, 534, 531, 517, 455, 444, 473, 495, 502, 489, 509, 529, 478, 464, 514, 540, 496, 492, 483, 473, 499, 503, 540, 522, 550, 503, 525, 504, 554, 575, 599, 570, 492, 508, 468, 446, 518, 507, 511, 503, 568, 528, 471, 549, 535, 574, 562, 566, 588, 559, 534, 570, 564, 563, 571, 613, 566, 518, 534, 583, 508, 524, 520, 531, 495, 406, 519, 564, 511, 487, 506, 509, 578, 548, 471, 587, 575, 513, 530, 547, 533, 525, 568, 486, 484, 490, 552, 594, 604, 626, 620, 558, 569, 572, 618, 644, 508, 624, 588, 534, 548, 627, 649, 556, 539, 634, 593, 553, 567, 604, 599, 530, 491, 567, 610, 622, 558, 546, 536, 526, 519, 589, 541, 626, 684, 568, 468, 479, 558, 525, 536, 676, 661, 471, 523, 577, 536, 531, 571, 646, 573, 566, 563, 526, 589, 579, 627, 626, 551, 572, 623, 573, 673, 634, 487, 526, 623, 611, 483, 538, 598, 581, 541, 599, 514, 452, 472, 542, 506, 448, 568, 610, 496, 529, 521, 517, 485, 554, 573, 588, 589, 544, 569, 538, 506, 551, 515, 550, 594, 612, 615, 512, 469, 482, 473, 470, 530, 568, 506, 462, 496, 528, 620, 588, 501, 547, 582, 543, 562, 540, 612, 562, 485, 497, 586, 646, 502, 514, 607, 511, 429, 493, 630, 637, 491, 549, 550, 465, 427, 466, 499, 487, 547, 573, 493, 509, 437, 470, 504, 505, 558, 580, 522, 575, 540, 475, 433, 472, 562, 504, 410, 534, 514, 523, 524, 496, 558, 536, 415, 433, 508, 540, 587, 539, 539, 553, 560, 519, 499, 585, 548, 526, 427, 532, 611, 493, 478, 531, 506, 464, 517, 525, 537, 530, 517, 516, 490, 525, 554, 570, 573, 618, 559, 437, 463, 515, 582, 529, 664, 634, 523, 518, 476, 593, 497, 611, 699, 572, 500, 506, 616, 628, 478, 578, 590, 547, 478, 479, 563, 531, 562, 633, 695, 573, 549, 621, 643, 652, 606, 632, 654, 639, 697, 594, 556, 656, 594, 543, 578, 602, 600, 506, 561, 640, 594, 521, 605, 629, 614, 598, 580, 656, 1021, 566, 998, 1364, 1007, 745, 1591, 1689, 1265, 996, 1444, 1810, 1219, 1341, 2730, 2631, 1164, 1499, 1361, 1259, 1164, 1671, 1929, 1606, 3006, 2687, 4112, 3513, 2603, 2320, 4950, 5394, 3155, 3397, 5431, 4330, 2613, 3071, 6822, 6964, 2243, 2314, 3248, 2868, 1773, 2465, 4741, 4602, 1215, 1079, 1398, 1529, 1028, 1332, 2338, 2239, 1256, 996, 1297, 1441, 1110, 847, 1452, 1636, 2525, 1164, 1972, 2531, 1862, 1060, 3085, 3818, 2942, 1102, 3029, 2958, 1854, 1251, 4220, 5134, 1677, 1156, 2067, 1909, 1160, 850, 2328, 2833, 752, 974, 1010, 805, 635, 718, 780, 753, 634, 876, 1038, 833, 509, 634, 885, 892, 585, 670, 797, 700, 590, 622, 858, 871, 598, 624, 733, 693, 707, 654, 627, 690, 539, 630, 801, 760, 664, 620, 728, 702, 547, 623, 795, 718, 703, 729, 740, 670, 567, 538, 575, 624, 649, 651, 708, 638, 568, 563, 552, 573, 536, 570, 609, 615, 759, 604, 638, 670, 617, 626, 671, 729, 754, 626, 640, 665, 671, 607, 594, 740, 646, 726, 753, 646, 592, 726, 683, 647, 1121, 1996, 2297, 1642, 739, 1337, 1629, 1220, 2081, 4564, 5549, 3663, 1600, 2544, 3153, 2706, 1433, 3976, 5199, 3525, 1654, 2405, 2626, 2459, 1086, 1271, 1852, 1465, 1042, 1429, 1309, 1341, 1688, 1705, 1274, 957, 1240, 1502, 1037, 1199, 2123, 2204, 1496, 1465, 1941, 1731, 1243, 1575, 2188, 2354, 2453, 2617, 2143, 1279, 1731, 1852, 1364, 1500, 2160, 2157, 1193, 1050, 1433, 1243, 868, 715, 1195, 1152, 906, 1153, 1028, 906, 762, 850, 923, 820, 737, 890, 988, 729, 810, 929, 697, 716, 730, 774, 941, 734, 917, 806, 692, 825, 851, 703, 810, 805, 759, 741, 843, 890, 751, 708, 723, 725, 669, 836, 887, 834, 726, 721, 738, 619, 1077, 825, 902, 1079, 991, 990, 1021, 1033, 1006, 652, 885, 1069, 857, 813, 898, 1026, 842, 649, 653, 825, 823, 615, 779, 943, 750, 652, 727, 805, 813, 766, 895, 884, 624, 599, 648, 732, 772, 719, 773, 826, 619, 622, 665, 761, 756, 586, 697, 796, 620, 716, 698, 704, 665, 705, 655, 635, 728, 686, 777, 693, 571, 701, 844, 817, 731, 636, 662, 735, 656, 539, 792, 854, 696, 702, 595, 651, 735, 626, 645, 666, 607, 603, 609, 640, 590, 499, 562, 579, 558, 650, 745, 751, 597, 669, 782, 633, 500, 516, 617, 672, 591, 617, 635, 551, 554, 540, 563, 567, 600, 626, 544, 535, 670, 546, 638, 686, 658, 633, 565, 682, 826, 667, 869, 998, 761, 754, 974, 1005, 770, 736, 940, 997, 710, 751, 1057, 1029, 617, 556, 793, 929, 708, 676, 855, 797, 644, 604, 666, 706, 595, 657, 688, 627, 616, 512, 687, 643, 549, 583, 803, 793, 760, 630, 616, 695, 667, 612, 903, 930, 947, 761, 631, 751, 794, 658, 755, 928, 746, 708, 694, 738, 659, 601, 784, 811, 625, 672, 584, 573, 631, 645, 692, 644, 545, 656, 579, 504, 574, 622, 630, 557, 570, 593, 552, 570, 524, 579, 531, 485, 588, 558, 594, 659, 633, 597, 518, 575, 593, 682, 641, 687, 714, 630, 583, 607, 596, 648, 711, 671, 654, 654, 577, 591, 750, 773, 959, 730, 564, 751, 1071, 1103, 937, 954, 1456, 1144, 608, 820, 1486, 1622, 806, 855, 1251, 1048, 663, 889, 1491, 1527, 538, 769, 830, 593, 554, 827, 1054, 854, 660, 690, 609, 598, 625, 683, 737, 738, 668, 654, 690, 677, 608, 655, 671, 688, 507, 635, 830, 730, 476, 538, 633, 630, 492, 549, 666, 551, 413, 493, 558, 562, 445, 424, 458, 402, 433, 534, 535, 472, 561, 464, 527, 573, 489, 533, 430, 437, 482, 535, 506, 480, 375, 503, 525, 412, 470, 494, 411, 403, 434, 459, 457, 408, 508, 498, 507, 433, 427, 457, 465, 459, 447, 432, 488, 432, 387, 371, 471, 485, 392, 410, 442, 425, 343, 372, 462, 434]"
0.6974890828132629,-0.27465471625328064,-0.20217257738113403,-0.26737403869628906,-0.2656556963920593,-0.013666719198226929,-0.16655132174491882,-0.3652322292327881,1.0548591613769531,27.5,-0.32088637351989746,1.1269569396972656,18.0,-0.11761069297790527,0.7191181182861328,16.25,0.01671433448791504,0.6979465484619141,27.75,0.021578073501586914,1.036834716796875,16.5,"[380, 497, 654, 625, 507, 621, 654, 499, 537, 596, 643, 634, 602, 716, 694, 540, 444, 511, 574, 611, 566, 569, 621, 561, 460, 560, 604, 515, 539, 587, 594, 492, 400, 473, 495, 470, 500, 505, 498, 456, 535, 494, 494, 508, 553, 514, 501, 536, 487, 567, 545, 502, 556, 562, 492, 458, 526, 538, 525, 488, 553, 622, 539, 517, 539, 552, 554, 542, 515, 565, 519, 447, 561, 587, 585, 564, 519, 576, 568, 481, 552, 631, 647, 550, 489, 608, 636, 514, 487, 506, 566, 532, 496, 522, 582, 592, 504, 497, 537, 640, 568, 510, 590, 553, 546, 524, 517, 567, 499, 534, 568, 592, 561, 518, 579, 501, 538, 618, 570, 587, 519, 487, 483, 467, 559, 558, 562, 541, 461, 473, 535, 537, 563, 558, 595, 568, 551, 599, 611, 582, 607, 618, 604, 525, 557, 605, 528, 576, 584, 578, 594, 495, 566, 605, 489, 470, 553, 475, 465, 508, 481, 499, 495, 524, 505, 448, 532, 503, 549, 593, 592, 618, 572, 529, 616, 557, 529, 587, 554, 537, 628, 534, 511, 548, 516, 590, 574, 571, 568, 528, 538, 540, 520, 615, 701, 665, 550, 556, 574, 589, 654, 591, 600, 619, 544, 558, 559, 595, 557, 560, 545, 496, 539, 645, 574, 527, 620, 565, 585, 536, 605, 691, 595, 613, 567, 480, 563, 588, 573, 548, 523, 589, 514, 538, 619, 629, 561, 485, 533, 572, 590, 551, 599, 639, 590, 569, 520, 599, 561, 563, 555, 597, 638, 585, 538, 544, 540, 588, 583, 595, 625, 588, 461, 496, 505, 591, 624, 644, 594, 591, 545, 541, 574, 511, 571, 602, 527, 514, 490, 556, 582, 478, 477, 613, 602, 602, 569, 560, 530, 452, 499, 630, 560, 552, 570, 550, 523, 496, 570, 652, 568, 537, 605, 523, 632, 581, 620, 596, 539, 639, 626, 595, 610, 655, 599, 555, 560, 569, 594, 564, 567, 569, 580, 472, 475, 442, 528, 555, 590, 624, 688, 601, 545, 590, 673, 607, 553, 598, 667, 630, 651, 654, 587, 598, 662, 617, 575, 684, 655, 590, 578, 627, 668, 580, 589, 648, 701, 653, 566, 667, 651, 599, 620, 607, 598, 648, 654, 651, 901, 627, 703, 848, 842, 671, 982, 1057, 2106, 713, 1403, 2533, 2417, 818, 3041, 3742, 3664, 910, 2799, 5071, 4354, 991, 5819, 6960, 3723, 1929, 3664, 5246, 4091, 2107, 7404, 8091, 7512, 4408, 8585, 6731, 5340, 4142, 12638, 14628, 8826, 4310, 10180, 8377, 5495, 3820, 12329, 15606, 4431, 2572, 5797, 5877, 3053, 2692, 7612, 8476, 1799, 2049, 3009, 3148, 1656, 2210, 5008, 4733, 1350, 1644, 2182, 1580, 959, 1362, 2821, 2871, 1762, 2083, 2851, 1831, 1025, 1279, 2973, 3401, 1965, 3162, 4657, 2901, 1287, 1920, 4681, 5035, 1287, 2999, 4215, 2636, 1038, 1914, 4061, 4063, 622, 1764, 2118, 1363, 721, 1164, 2108, 1958, 634, 1077, 1209, 928, 642, 888, 1360, 1159, 615, 893, 978, 817, 649, 717, 968, 808, 677, 942, 1006, 737, 520, 658, 867, 817, 708, 846, 843, 615, 606, 651, 802, 781, 567, 584, 592, 671, 606, 581, 704, 652, 614, 555, 534, 709, 680, 630, 704, 666, 770, 741, 753, 665, 644, 687, 732, 724, 789, 743, 757, 749, 724, 736, 636, 774, 837, 805, 848, 816, 757, 693, 597, 800, 794, 708, 711, 701, 760, 663, 547, 796, 800, 851, 998, 970, 770, 713, 796, 880, 1045, 992, 1725, 1815, 984, 879, 1103, 1161, 1313, 1314, 1679, 1894, 1488, 1395, 1244, 1148, 2398, 3399, 2547, 1231, 1393, 2242, 2199, 1111, 2360, 3534, 2532, 930, 993, 2061, 2330, 960, 1776, 2146, 1731, 1591, 1202, 1519, 1842, 1156, 1320, 1163, 2157, 2310, 1303, 1030, 1475, 1457, 960, 1053, 2385, 2444, 1182, 951, 1532, 1505, 1020, 853, 1654, 1649, 797, 1105, 1452, 1246, 866, 842, 1078, 1146, 711, 954, 1090, 827, 854, 906, 888, 937, 790, 905, 853, 512, 772, 778, 722, 804, 714, 685, 805, 732, 977, 792, 841, 1076, 889, 802, 1010, 973, 1402, 828, 1045, 1630, 1146, 961, 1413, 1473, 1872, 1014, 1205, 2007, 1571, 1259, 1646, 1916, 1398, 956, 1072, 1476, 1202, 1132, 1378, 1456, 820, 761, 785, 831, 727, 924, 1044, 831, 775, 681, 695, 785, 699, 686, 822, 822, 726, 679, 716, 705, 733, 743, 671, 725, 756, 697, 651, 649, 760, 659, 597, 707, 783, 778, 689, 692, 761, 698, 604, 757, 930, 773, 605, 731, 833, 673, 685, 857, 917, 726, 650, 792, 789, 621, 779, 939, 880, 789, 778, 796, 747, 692, 741, 865, 731, 662, 673, 798, 692, 571, 678, 736, 607, 556, 569, 662, 602, 577, 629, 567, 561, 645, 679, 594, 597, 673, 735, 562, 521, 641, 641, 562, 491, 560, 607, 514, 633, 602, 701, 647, 624, 661, 615, 630, 586, 611, 668, 627, 598, 608, 571, 563, 597, 602, 602, 675, 725, 647, 605, 623, 665, 583, 652, 680, 628, 704, 735, 749, 690, 654, 684, 684, 681, 683, 741, 726, 840, 771, 735, 831, 732, 673, 894, 915, 1072, 808, 821, 986, 800, 684, 1033, 1120, 1001, 715, 842, 937, 721, 741, 1060, 1107, 828, 628, 650, 779, 716, 606, 791, 854, 601, 566, 621, 626, 566, 555, 573, 626, 622, 640, 554, 577, 622, 753, 662, 584, 672, 706, 656, 555, 602, 672, 622, 614, 688, 643, 694, 635, 633, 689, 654, 665, 646, 623, 700, 683, 710, 788, 682, 638, 579, 607, 754, 743, 620, 669, 807, 711, 759, 608, 686, 727, 623, 581, 849, 966, 845, 689, 638, 689, 758, 755, 771, 956, 827, 624, 746, 706, 684, 648, 759, 992, 629, 555, 657, 674, 564, 543, 578, 712, 513, 562, 557, 631, 595, 515, 568, 596, 565, 604, 667, 658, 640, 673, 675, 636, 674, 633, 859, 796, 634, 794, 714, 732, 584, 635, 794, 697, 604, 669, 710, 730, 582, 713, 649, 555, 575, 708, 702, 539, 670, 602, 580, 631, 566, 592, 628, 582, 682, 507, 588, 627, 548, 633, 588, 604, 561, 497, 532, 597, 556, 566, 513, 520, 562, 532, 488, 593, 486, 546, 535, 485, 516, 497, 422, 535, 520, 519, 511, 410, 408, 426, 476, 462, 387, 488, 511, 360, 421, 457, 524, 489, 447, 443, 459, 475]"
0.7027804255485535,-0.36804914474487305,-0.22818292677402496,-0.2147011160850525,-0.38896963000297546,-0.0782516673207283,-0.10157594084739685,-0.5719417333602905,1.1817455291748047,17.25,-0.12762486934661865,1.020669937133789,26.75,0.04160463809967041,0.8123874664306641,27.25,0.06349146366119385,0.8827686309814453,20.75,0.11999666690826416,0.7613182067871094,16.25,"[376, 614, 668, 665, 646, 659, 672, 615, 368, 527, 612, 584, 591, 584, 613, 550, 516, 462, 566, 590, 530, 556, 574, 600, 541, 495, 455, 487, 575, 555, 475, 522, 460, 451, 440, 495, 471, 447, 467, 480, 588, 433, 424, 547, 542, 465, 461, 503, 558, 475, 436, 471, 563, 489, 435, 543, 555, 436, 446, 545, 470, 454, 471, 528, 531, 451, 448, 535, 493, 539, 506, 471, 589, 531, 484, 530, 495, 477, 490, 544, 542, 573, 507, 511, 624, 593, 567, 537, 466, 690, 599, 459, 571, 555, 565, 458, 461, 589, 584, 538, 509, 485, 581, 513, 471, 578, 653, 552, 446, 599, 636, 552, 489, 594, 624, 559, 599, 607, 574, 488, 555, 557, 504, 460, 502, 498, 508, 548, 485, 446, 472, 469, 455, 477, 452, 523, 478, 483, 472, 505, 542, 504, 518, 550, 528, 610, 526, 533, 556, 527, 522, 483, 566, 589, 622, 591, 529, 466, 612, 597, 536, 562, 578, 552, 572, 567, 563, 572, 529, 531, 539, 570, 515, 465, 522, 572, 580, 504, 530, 640, 616, 571, 560, 638, 648, 556, 636, 664, 607, 559, 511, 673, 600, 595, 613, 586, 538, 576, 573, 611, 548, 532, 674, 622, 515, 592, 593, 606, 611, 586, 617, 557, 610, 594, 539, 614, 586, 625, 631, 564, 514, 530, 573, 602, 449, 451, 511, 533, 456, 431, 531, 520, 535, 472, 490, 538, 557, 515, 485, 516, 522, 531, 516, 562, 581, 499, 507, 522, 587, 578, 449, 449, 575, 573, 518, 536, 556, 558, 464, 456, 540, 611, 548, 470, 503, 469, 444, 424, 527, 533, 534, 560, 518, 527, 520, 545, 626, 594, 591, 632, 538, 517, 480, 573, 647, 620, 546, 496, 648, 669, 547, 568, 557, 584, 602, 561, 659, 667, 616, 551, 593, 568, 545, 621, 626, 615, 642, 551, 459, 539, 566, 618, 544, 514, 606, 600, 505, 575, 612, 646, 554, 499, 544, 532, 510, 567, 547, 552, 657, 590, 638, 636, 548, 545, 550, 658, 708, 640, 629, 583, 529, 613, 553, 574, 490, 511, 572, 528, 483, 559, 566, 478, 634, 517, 619, 631, 529, 498, 580, 706, 1091, 654, 828, 1219, 1079, 659, 1528, 1727, 1875, 1047, 1876, 2719, 1922, 1342, 4139, 4315, 2328, 1122, 1842, 2727, 2190, 1369, 4301, 4771, 4578, 5801, 7836, 4833, 3032, 5546, 12192, 11812, 17989, 12881, 23460, 18254, 12030, 13080, 37523, 40478, 21340, 12138, 25588, 23475, 15041, 13851, 43078, 47049, 11656, 7082, 14327, 15403, 9286, 9480, 26955, 27881, 3405, 2956, 4985, 6022, 3538, 3815, 9838, 9532, 1200, 1316, 2074, 2085, 1276, 1236, 2859, 2833, 1942, 2258, 3365, 2129, 1008, 1499, 3643, 3934, 2516, 2504, 3812, 2807, 1300, 1596, 3922, 4677, 1846, 2183, 3104, 2270, 1097, 1464, 3069, 3323, 1077, 1405, 1771, 1284, 803, 1085, 1806, 1782, 639, 908, 1071, 894, 647, 797, 1165, 1063, 665, 691, 730, 713, 645, 647, 793, 825, 676, 604, 706, 688, 653, 612, 779, 865, 765, 614, 781, 815, 710, 658, 808, 956, 663, 593, 722, 677, 545, 614, 699, 806, 746, 651, 638, 671, 640, 617, 656, 724, 609, 581, 623, 650, 601, 630, 576, 593, 611, 621, 639, 597, 607, 712, 649, 568, 583, 545, 723, 616, 624, 792, 679, 590, 653, 624, 737, 678, 696, 768, 701, 683, 701, 792, 840, 813, 711, 687, 790, 739, 1707, 2933, 3089, 2046, 875, 1952, 2300, 1485, 3915, 6729, 7161, 4477, 1439, 5011, 5542, 3229, 3985, 6900, 7737, 4655, 1597, 5512, 5645, 3454, 1879, 3907, 4798, 2747, 1340, 3045, 2902, 2199, 1167, 3368, 3783, 1905, 1310, 1908, 1926, 1804, 1989, 3732, 3514, 1730, 1214, 1597, 2035, 1779, 1916, 2508, 1982, 1156, 1110, 1277, 1359, 1282, 1163, 1010, 886, 923, 995, 935, 1078, 1117, 905, 1054, 1034, 969, 836, 832, 1101, 977, 949, 1130, 957, 885, 822, 887, 1054, 795, 913, 1036, 871, 852, 714, 805, 1020, 806, 841, 862, 840, 903, 741, 799, 968, 904, 912, 768, 965, 1024, 766, 804, 1005, 976, 620, 747, 786, 788, 702, 691, 893, 776, 901, 856, 748, 916, 758, 820, 1099, 972, 799, 615, 826, 999, 756, 741, 997, 858, 663, 649, 702, 717, 710, 623, 669, 656, 750, 676, 662, 805, 738, 674, 758, 716, 800, 674, 629, 748, 615, 672, 718, 773, 726, 604, 602, 587, 619, 670, 735, 755, 646, 602, 600, 704, 807, 721, 646, 738, 607, 607, 577, 676, 748, 709, 530, 589, 594, 587, 517, 656, 801, 675, 541, 549, 588, 610, 504, 458, 647, 618, 495, 526, 628, 657, 597, 609, 658, 617, 626, 668, 714, 657, 626, 724, 709, 647, 749, 812, 732, 594, 692, 740, 686, 602, 835, 952, 779, 532, 607, 756, 680, 512, 810, 1005, 681, 575, 548, 641, 569, 537, 696, 762, 680, 619, 555, 596, 503, 584, 648, 676, 658, 656, 663, 702, 626, 601, 642, 707, 617, 580, 489, 598, 595, 597, 708, 664, 707, 694, 572, 558, 673, 759, 664, 580, 682, 672, 681, 752, 695, 676, 758, 770, 682, 658, 744, 846, 709, 607, 696, 743, 567, 587, 637, 726, 699, 575, 522, 575, 675, 609, 661, 727, 738, 543, 736, 868, 728, 661, 666, 700, 713, 526, 801, 939, 695, 605, 610, 617, 706, 734, 732, 810, 737, 722, 636, 651, 685, 634, 659, 740, 705, 653, 558, 564, 636, 589, 633, 690, 674, 541, 556, 595, 585, 562, 659, 745, 673, 639, 569, 721, 616, 560, 600, 608, 695, 672, 559, 639, 689, 674, 745, 661, 652, 917, 843, 601, 633, 846, 949, 665, 790, 977, 882, 653, 740, 877, 905, 758, 893, 776, 704, 757, 840, 768, 808, 960, 773, 678, 684, 739, 708, 611, 727, 850, 540, 662, 788, 641, 570, 609, 791, 755, 656, 671, 801, 597, 611, 680, 783, 776, 581, 551, 644, 624, 635, 582, 710, 695, 552, 509, 597, 585, 521, 514, 579, 592, 590, 552, 598, 590, 543, 594, 607, 527, 581, 502, 445, 523, 509, 483, 512, 504, 492, 391, 374, 471, 433, 479, 532, 520, 426, 355, 400, 422, 390, 451, 485, 476, 464, 465, 460, 508, 460, 459, 478, 447, 417, 490, 433, 416, 410, 489, 467, 351, 396, 444, 417, 447, 428, 475, 479, 382]"
0.733294665813446,-0.456119567155838,-0.38911253213882446,-0.1287468671798706,-0.553432285785675,-0.3766828179359436,-0.04082765430212021,-0.6140323877334595,1.1198043823242188,20.25,-0.31748735904693604,1.0361194610595703,20.0,-0.2383800745010376,1.2581348419189453,17.25,0.06674802303314209,1.0863304138183594,15.0,0.18977200984954834,0.7400035858154297,26.0,"[570, 581, 625, 601, 549, 604, 624, 584, 544, 612, 539, 535, 558, 568, 592, 531, 547, 607, 563, 620, 591, 592, 617, 510, 638, 594, 560, 626, 619, 606, 590, 565, 556, 592, 600, 582, 514, 520, 546, 493, 562, 510, 539, 582, 476, 489, 577, 566, 461, 465, 506, 459, 438, 497, 566, 574, 420, 446, 483, 447, 495, 567, 604, 522, 521, 530, 489, 420, 519, 559, 504, 480, 586, 576, 589, 567, 581, 586, 599, 584, 556, 496, 555, 554, 532, 566, 653, 665, 529, 503, 514, 521, 507, 492, 483, 548, 451, 466, 516, 519, 505, 512, 517, 533, 491, 503, 583, 578, 500, 630, 670, 600, 542, 611, 620, 529, 512, 538, 504, 540, 489, 531, 587, 516, 531, 554, 457, 498, 445, 439, 509, 469, 498, 504, 452, 483, 514, 539, 463, 374, 418, 595, 589, 503, 552, 513, 541, 603, 534, 499, 497, 496, 502, 540, 619, 576, 555, 593, 613, 574, 537, 532, 538, 500, 571, 587, 545, 559, 514, 539, 580, 584, 566, 571, 561, 530, 637, 596, 558, 626, 598, 480, 569, 636, 572, 572, 544, 525, 551, 551, 524, 570, 522, 565, 456, 506, 524, 517, 484, 447, 594, 556, 570, 549, 528, 541, 549, 582, 546, 542, 499, 482, 507, 514, 501, 486, 629, 595, 515, 531, 551, 540, 516, 600, 571, 502, 474, 477, 468, 470, 493, 523, 527, 496, 536, 504, 495, 485, 533, 542, 505, 502, 519, 538, 545, 531, 542, 507, 591, 464, 511, 583, 522, 478, 514, 582, 606, 482, 582, 606, 472, 531, 517, 542, 554, 571, 615, 610, 522, 553, 559, 458, 549, 590, 592, 546, 558, 661, 613, 531, 508, 586, 557, 504, 602, 595, 546, 565, 507, 624, 649, 538, 630, 628, 571, 549, 559, 577, 671, 549, 626, 645, 610, 612, 528, 426, 536, 642, 597, 527, 653, 681, 599, 491, 500, 636, 662, 691, 722, 690, 687, 504, 596, 644, 647, 656, 635, 728, 745, 648, 688, 650, 656, 660, 648, 789, 1485, 693, 1102, 1706, 1584, 811, 2006, 2425, 2786, 906, 2105, 3702, 3036, 1171, 4752, 5438, 2928, 1182, 2645, 4255, 3194, 1627, 5498, 6029, 2586, 1556, 2889, 4038, 2666, 2055, 5926, 5992, 2624, 1233, 2619, 3387, 2460, 1261, 3883, 4531, 4649, 3549, 5558, 4400, 3259, 3342, 7268, 8264, 5330, 3432, 4404, 4197, 3435, 3986, 3889, 5621, 2249, 3942, 4949, 6738, 2424, 6951, 10939, 7411, 2269, 3463, 5264, 6722, 2657, 5690, 11145, 9206, 957, 1891, 2691, 2566, 1230, 2376, 3613, 2629, 3709, 3346, 5143, 3931, 2009, 1951, 4547, 5805, 6600, 7920, 13085, 9363, 3209, 4600, 12702, 14352, 4573, 8454, 12767, 8470, 2415, 5244, 12611, 12975, 1335, 4161, 5648, 3512, 969, 2897, 5665, 5178, 728, 1638, 2010, 1344, 759, 1292, 1945, 1709, 727, 985, 1084, 771, 645, 871, 1143, 1044, 749, 763, 912, 795, 768, 679, 873, 1016, 623, 663, 704, 649, 724, 669, 727, 735, 632, 684, 660, 680, 675, 717, 810, 701, 580, 523, 586, 630, 602, 662, 686, 647, 570, 472, 467, 623, 526, 473, 563, 597, 536, 599, 614, 614, 591, 597, 614, 563, 691, 593, 605, 576, 582, 629, 592, 686, 798, 637, 688, 725, 626, 578, 636, 772, 696, 647, 652, 618, 633, 728, 635, 536, 670, 608, 536, 626, 552, 629, 698, 667, 1232, 1368, 1182, 1136, 802, 1142, 1174, 773, 1952, 2622, 2208, 1704, 1222, 1868, 2037, 1042, 2172, 3315, 2738, 1684, 1155, 1783, 2258, 1291, 1661, 2597, 2413, 1575, 780, 1430, 1896, 1239, 2084, 3445, 3012, 1494, 1158, 1779, 1965, 1171, 3163, 4719, 3477, 1524, 1664, 2850, 2926, 1580, 2739, 2780, 1724, 1434, 1354, 2182, 1951, 1534, 1300, 1032, 1112, 1210, 1051, 1103, 1035, 1093, 769, 1437, 1675, 1148, 636, 900, 1181, 976, 758, 1281, 1375, 884, 702, 970, 1116, 924, 786, 953, 984, 792, 722, 915, 898, 749, 578, 858, 865, 639, 605, 837, 889, 720, 746, 815, 835, 811, 696, 748, 775, 756, 1031, 911, 1009, 1075, 903, 863, 921, 1002, 879, 810, 964, 976, 853, 883, 974, 940, 869, 801, 938, 1029, 817, 880, 870, 874, 781, 659, 739, 766, 754, 752, 646, 750, 639, 524, 635, 710, 744, 707, 653, 728, 576, 525, 503, 639, 682, 603, 635, 660, 668, 612, 641, 618, 578, 603, 598, 650, 599, 579, 610, 586, 562, 580, 582, 601, 563, 572, 584, 557, 649, 655, 581, 585, 641, 728, 823, 701, 683, 768, 686, 640, 684, 655, 707, 636, 679, 582, 684, 794, 780, 636, 619, 668, 638, 575, 675, 784, 591, 520, 625, 581, 552, 541, 568, 668, 531, 592, 691, 587, 561, 612, 622, 612, 678, 737, 724, 593, 638, 706, 680, 651, 676, 635, 582, 579, 587, 644, 673, 693, 647, 571, 548, 554, 588, 604, 579, 636, 495, 623, 666, 726, 590, 490, 658, 624, 563, 642, 614, 711, 651, 512, 663, 592, 549, 592, 622, 679, 640, 508, 512, 476, 589, 720, 684, 633, 656, 669, 641, 524, 649, 648, 669, 681, 717, 681, 642, 638, 668, 556, 649, 656, 619, 590, 615, 755, 665, 574, 666, 769, 592, 584, 757, 817, 681, 550, 561, 711, 651, 478, 755, 853, 532, 581, 724, 742, 622, 486, 715, 754, 607, 710, 841, 847, 710, 698, 824, 790, 664, 704, 744, 717, 596, 633, 807, 769, 739, 835, 828, 702, 641, 646, 863, 854, 701, 990, 898, 756, 661, 692, 889, 821, 890, 823, 941, 767, 625, 618, 880, 997, 942, 838, 921, 827, 726, 706, 970, 1076, 942, 1046, 958, 752, 893, 807, 1117, 1111, 711, 860, 827, 665, 646, 645, 977, 953, 739, 589, 676, 680, 543, 601, 704, 845, 744, 536, 807, 780, 563, 653, 692, 832, 703, 674, 883, 847, 618, 787, 937, 941, 657, 627, 752, 765, 595, 757, 843, 778, 526, 591, 736, 667, 570, 637, 672, 635, 515, 542, 652, 674, 514, 580, 705, 622, 424, 519, 586, 663, 611, 584, 618, 532, 515, 525, 508, 502, 531, 548, 559, 560, 551, 532, 516, 527, 508, 508, 509, 499, 541, 542, 426, 405, 395, 526, 547, 458, 468, 521, 551, 501, 447, 490, 561, 539, 371, 400, 469, 432, 396, 423, 527, 456, 398, 400, 352, 361, 436, 461, 465, 435]"
0.717546820640564,-0.5373428463935852,-0.4208053946495056,-0.163259819149971,-0.6336064338684082,-0.40675196051597595,-0.11047936975955963,-1.0187469720840454,1.1851787567138672,20.75,-0.8635364770889282,1.2159347534179688,17.0,-0.4396759271621704,1.0027885437011719,22.75,-0.0329815149307251,0.8375644683837891,18.25,0.020233511924743652,0.8507251739501953,17.25,"[583, 677, 648, 647, 676, 646, 651, 678, 549, 611, 609, 624, 670, 662, 651, 602, 525, 562, 622, 611, 520, 597, 648, 557, 522, 489, 516, 520, 525, 496, 474, 501, 475, 505, 462, 472, 490, 511, 468, 458, 557, 541, 486, 504, 478, 560, 536, 474, 509, 577, 537, 457, 473, 573, 592, 501, 510, 521, 557, 531, 483, 490, 466, 511, 610, 545, 517, 580, 607, 594, 460, 520, 553, 625, 580, 540, 564, 552, 535, 583, 571, 591, 551, 538, 552, 596, 662, 608, 519, 485, 538, 539, 502, 573, 624, 623, 565, 485, 480, 536, 508, 587, 623, 599, 535, 535, 605, 584, 470, 499, 585, 595, 567, 558, 553, 526, 587, 645, 610, 537, 560, 585, 619, 627, 546, 493, 584, 545, 579, 564, 515, 551, 530, 529, 543, 564, 536, 605, 487, 496, 523, 511, 530, 485, 535, 625, 512, 476, 522, 588, 613, 512, 571, 662, 615, 530, 561, 710, 649, 537, 516, 512, 478, 526, 496, 532, 553, 523, 608, 579, 582, 562, 519, 521, 588, 562, 510, 619, 622, 587, 506, 556, 635, 588, 521, 553, 661, 609, 608, 574, 664, 647, 502, 509, 564, 555, 502, 538, 590, 623, 556, 516, 470, 533, 541, 459, 450, 506, 574, 521, 559, 602, 605, 467, 461, 586, 500, 521, 574, 528, 565, 496, 493, 591, 502, 614, 586, 492, 578, 545, 539, 488, 470, 605, 565, 486, 570, 564, 590, 574, 474, 510, 479, 545, 534, 477, 544, 552, 594, 596, 517, 572, 609, 495, 522, 646, 545, 537, 558, 558, 506, 498, 439, 510, 550, 595, 589, 603, 460, 486, 456, 520, 622, 550, 454, 540, 522, 572, 481, 480, 566, 515, 517, 573, 541, 597, 616, 551, 583, 549, 498, 545, 439, 549, 585, 506, 688, 578, 630, 605, 609, 635, 562, 668, 610, 589, 571, 603, 667, 651, 596, 541, 678, 576, 584, 695, 697, 697, 1010, 943, 1663, 802, 1301, 1923, 1496, 1165, 3091, 3288, 2630, 1214, 2079, 3548, 2641, 1892, 5638, 5860, 1403, 1077, 1034, 1911, 1455, 1704, 3740, 3521, 3884, 1156, 3295, 5067, 3847, 1598, 6510, 7491, 4206, 1744, 3913, 5237, 4034, 2095, 6798, 7826, 3215, 3608, 4893, 3550, 2371, 3593, 7470, 7398, 3854, 4939, 6848, 4639, 2520, 5455, 11381, 10681, 2441, 3278, 4351, 3401, 1815, 3990, 7781, 7040, 1233, 1704, 2056, 1648, 886, 1868, 2894, 2334, 1371, 2490, 2825, 1549, 1047, 1550, 2317, 1880, 2573, 3919, 4596, 2632, 1488, 2417, 4474, 4158, 3263, 4519, 6871, 4563, 1695, 2919, 7066, 7439, 2461, 4613, 6826, 4305, 1422, 3048, 7318, 7345, 1168, 3299, 4346, 2624, 862, 2289, 4854, 4499, 805, 1739, 2179, 1445, 609, 1223, 2193, 2060, 762, 1024, 1098, 811, 627, 746, 1031, 1027, 610, 727, 771, 675, 545, 636, 760, 741, 631, 611, 790, 697, 601, 634, 765, 817, 585, 833, 973, 704, 611, 650, 934, 920, 611, 825, 926, 716, 671, 716, 780, 765, 695, 663, 721, 669, 636, 698, 620, 652, 747, 638, 723, 759, 761, 691, 574, 781, 723, 633, 811, 731, 656, 634, 705, 903, 776, 623, 979, 888, 653, 618, 927, 1088, 699, 631, 884, 770, 624, 610, 802, 910, 558, 599, 683, 597, 537, 595, 679, 644, 725, 779, 797, 749, 587, 627, 716, 743, 1190, 2217, 2552, 1798, 819, 1034, 1526, 1368, 2738, 5647, 5844, 3181, 1222, 2542, 3556, 2375, 3774, 6424, 5937, 2989, 1715, 3478, 4204, 2405, 2858, 3514, 2999, 2063, 1676, 2509, 2843, 1827, 2114, 1747, 1871, 1743, 1303, 1681, 1558, 1551, 2034, 1774, 1705, 1606, 1483, 1758, 1258, 1592, 1763, 1436, 1005, 962, 1319, 1494, 1114, 1348, 1078, 1354, 1328, 894, 849, 1085, 1272, 1239, 1181, 2029, 1861, 960, 872, 1268, 1731, 1427, 1108, 1584, 1454, 963, 914, 1205, 1450, 1172, 919, 1123, 1082, 974, 864, 1035, 1098, 969, 863, 914, 929, 926, 850, 907, 1127, 1016, 887, 858, 793, 901, 816, 810, 951, 922, 1015, 777, 820, 1100, 873, 918, 1086, 975, 919, 864, 934, 988, 873, 1048, 1077, 900, 813, 880, 818, 872, 852, 850, 950, 817, 715, 836, 831, 819, 714, 658, 877, 871, 797, 843, 707, 690, 698, 647, 738, 772, 792, 819, 725, 654, 823, 829, 651, 665, 755, 812, 758, 778, 786, 768, 696, 665, 727, 699, 660, 748, 761, 640, 660, 681, 630, 571, 578, 722, 720, 527, 605, 703, 610, 563, 516, 636, 711, 513, 509, 644, 611, 604, 530, 645, 670, 530, 630, 684, 644, 609, 592, 764, 719, 553, 643, 675, 573, 503, 585, 685, 603, 533, 642, 649, 575, 554, 590, 630, 585, 644, 671, 629, 593, 529, 572, 566, 546, 649, 672, 597, 538, 682, 582, 569, 676, 645, 596, 551, 557, 626, 593, 607, 635, 498, 549, 638, 582, 682, 740, 656, 623, 581, 666, 695, 632, 723, 695, 567, 625, 636, 668, 678, 646, 714, 651, 512, 662, 696, 573, 582, 733, 602, 592, 705, 672, 691, 698, 758, 679, 592, 517, 574, 625, 665, 611, 637, 603, 676, 680, 647, 640, 722, 757, 616, 602, 696, 811, 760, 655, 702, 995, 935, 621, 642, 892, 916, 676, 728, 1116, 1058, 606, 561, 726, 825, 642, 677, 1046, 989, 618, 577, 747, 773, 622, 570, 1061, 1061, 639, 697, 709, 702, 588, 754, 929, 852, 644, 742, 711, 667, 616, 682, 723, 721, 895, 695, 760, 812, 764, 709, 852, 1065, 949, 568, 897, 890, 804, 763, 816, 1133, 768, 647, 847, 737, 652, 706, 722, 901, 589, 637, 691, 689, 626, 748, 736, 589, 693, 668, 678, 662, 657, 833, 914, 813, 749, 739, 707, 649, 662, 717, 870, 907, 740, 797, 905, 687, 601, 706, 939, 974, 748, 670, 698, 654, 689, 784, 913, 914, 738, 624, 601, 705, 668, 831, 929, 901, 669, 518, 606, 653, 517, 689, 706, 653, 575, 506, 563, 587, 470, 590, 582, 512, 405, 459, 504, 516, 472, 496, 585, 476, 556, 507, 545, 567, 477, 503, 611, 661, 522, 556, 535, 479, 527, 524, 527, 538, 495, 499, 501, 536, 534, 551, 496, 509, 491, 525, 521, 501, 448, 406, 491, 485, 427, 477, 452, 447, 399, 422, 482, 416, 448, 498, 469, 423, 426, 402, 436, 419, 436, 453, 514, 448, 399, 412, 405, 416]"
0.7493531703948975,-0.6975193023681641,-0.5014763474464417,-0.040798962116241455,-0.8010965585708618,-0.48855286836624146,0.05359505116939545,-0.3538106679916382,1.0105133056640625,17.75,-0.2931569814682007,0.9328365325927734,22.0,-0.25796639919281006,1.089334487915039,19.5,-0.014779448509216309,0.8451461791992188,30.25,0.04315626621246338,0.7657527923583984,27.5,"[543, 584, 610, 571, 651, 574, 608, 590, 493, 572, 653, 623, 704, 672, 586, 504, 472, 503, 539, 503, 607, 609, 536, 498, 477, 517, 507, 403, 530, 575, 499, 506, 451, 512, 476, 462, 537, 515, 522, 451, 536, 516, 511, 498, 495, 452, 505, 550, 524, 486, 501, 540, 518, 511, 507, 521, 537, 494, 492, 555, 563, 515, 455, 505, 542, 495, 414, 493, 587, 575, 412, 478, 515, 536, 520, 500, 542, 617, 539, 475, 472, 458, 542, 508, 470, 503, 556, 588, 615, 579, 564, 573, 508, 495, 624, 592, 496, 482, 491, 541, 442, 518, 584, 506, 536, 546, 539, 573, 602, 578, 640, 582, 547, 488, 590, 585, 547, 555, 550, 569, 603, 564, 466, 545, 575, 536, 522, 544, 460, 525, 473, 437, 590, 595, 474, 488, 509, 584, 548, 496, 553, 517, 528, 544, 508, 582, 526, 503, 561, 541, 546, 505, 644, 542, 456, 546, 544, 539, 510, 577, 583, 612, 618, 623, 587, 545, 526, 531, 510, 635, 677, 636, 536, 595, 587, 517, 552, 599, 652, 554, 495, 584, 563, 543, 543, 566, 603, 556, 540, 561, 532, 564, 520, 529, 604, 572, 509, 480, 507, 521, 573, 590, 563, 590, 611, 547, 496, 547, 518, 545, 522, 564, 626, 527, 444, 525, 650, 520, 462, 490, 622, 602, 463, 571, 590, 550, 542, 569, 640, 601, 513, 517, 558, 583, 503, 508, 588, 581, 554, 540, 530, 505, 475, 564, 610, 488, 513, 547, 570, 434, 525, 589, 595, 538, 479, 595, 621, 488, 492, 520, 609, 568, 436, 532, 585, 612, 677, 625, 586, 590, 593, 626, 529, 466, 500, 562, 504, 475, 520, 492, 559, 652, 574, 567, 585, 589, 704, 617, 623, 688, 692, 758, 653, 688, 1077, 1021, 674, 849, 1138, 1274, 846, 1023, 1849, 1576, 674, 903, 1069, 1079, 662, 1061, 1535, 1171, 1413, 1392, 1933, 2427, 1438, 1930, 3890, 3456, 2979, 1953, 3036, 4389, 2924, 2682, 6857, 6826, 3404, 2651, 3819, 4464, 3142, 3180, 7780, 7805, 7102, 12362, 15528, 8657, 4585, 12342, 24842, 22496, 21332, 29942, 42314, 23915, 12438, 29838, 65623, 62725, 25085, 30746, 46352, 28556, 15186, 31534, 73550, 71962, 14439, 14748, 22787, 17620, 9932, 16952, 40848, 40093, 5027, 4392, 6298, 7507, 4311, 5857, 13788, 13204, 1810, 1867, 2472, 2850, 1720, 1948, 4017, 3676, 1416, 1889, 2034, 1549, 966, 1714, 2884, 2473, 1589, 1700, 1804, 1601, 1058, 1681, 2869, 2596, 1259, 1549, 2078, 1651, 881, 1516, 2819, 2634, 955, 1873, 2424, 1707, 798, 1685, 2944, 2580, 1015, 1876, 2134, 1346, 775, 1410, 2378, 2135, 1072, 1243, 1366, 995, 655, 961, 1485, 1436, 755, 1335, 1500, 1009, 589, 1058, 1492, 1263, 612, 864, 1010, 792, 563, 866, 1131, 931, 641, 777, 800, 655, 522, 675, 879, 805, 782, 748, 712, 709, 680, 689, 817, 809, 819, 673, 649, 748, 781, 607, 607, 778, 752, 634, 659, 668, 699, 593, 648, 791, 849, 655, 1051, 1055, 694, 665, 817, 960, 990, 704, 1331, 1375, 817, 836, 1027, 1071, 948, 729, 1181, 1328, 943, 748, 908, 925, 737, 543, 757, 896, 765, 596, 624, 791, 591, 557, 684, 670, 663, 585, 641, 767, 1275, 1685, 1659, 1406, 1067, 1321, 1485, 1193, 2232, 2843, 3025, 2293, 1559, 2362, 2338, 1619, 1990, 2288, 2289, 1724, 1492, 1846, 1769, 1476, 1628, 2006, 1754, 1451, 1379, 1563, 1475, 1322, 1517, 1918, 2033, 1508, 1054, 1596, 1537, 1088, 1258, 1694, 1755, 1475, 961, 1277, 1311, 1070, 1738, 2681, 2285, 1485, 1061, 1295, 1762, 1159, 1653, 2440, 1944, 1110, 901, 1222, 1666, 1048, 1396, 1818, 1452, 1075, 848, 1203, 1481, 1035, 1402, 2165, 2003, 1312, 1006, 1506, 1893, 1278, 1417, 2196, 2018, 1229, 951, 1352, 1674, 1213, 1218, 1512, 1370, 987, 1019, 1176, 1176, 1033, 1071, 989, 875, 871, 965, 1002, 931, 925, 909, 952, 920, 862, 803, 919, 815, 817, 926, 905, 947, 987, 710, 802, 944, 832, 909, 875, 989, 989, 723, 775, 829, 878, 826, 845, 823, 782, 801, 840, 761, 792, 787, 834, 970, 843, 836, 749, 788, 921, 716, 987, 1001, 749, 739, 645, 761, 799, 684, 898, 854, 641, 650, 665, 777, 774, 662, 711, 715, 710, 685, 739, 860, 832, 659, 641, 618, 662, 723, 716, 825, 796, 515, 648, 790, 755, 675, 719, 767, 697, 635, 598, 652, 637, 570, 491, 634, 697, 696, 731, 726, 631, 581, 574, 596, 669, 614, 684, 590, 535, 595, 581, 547, 594, 643, 625, 620, 711, 631, 545, 607, 638, 624, 617, 663, 605, 596, 696, 747, 729, 688, 586, 701, 649, 663, 739, 735, 818, 783, 642, 620, 619, 692, 584, 641, 835, 785, 705, 673, 765, 761, 583, 640, 757, 585, 552, 602, 631, 573, 542, 605, 664, 594, 512, 551, 568, 577, 516, 582, 674, 527, 526, 589, 457, 565, 629, 531, 581, 593, 632, 648, 531, 558, 594, 662, 693, 565, 548, 637, 702, 644, 595, 613, 661, 613, 615, 694, 762, 725, 593, 715, 748, 838, 767, 1011, 1000, 879, 664, 1256, 1386, 1489, 1015, 1883, 1891, 1476, 1008, 2780, 3113, 1850, 1094, 2259, 2307, 1588, 1126, 3052, 3476, 1079, 1032, 1672, 1593, 989, 830, 1489, 1623, 705, 751, 915, 972, 781, 875, 921, 759, 695, 694, 918, 868, 637, 828, 806, 754, 939, 836, 1289, 1121, 704, 696, 813, 1148, 1204, 1209, 1694, 1224, 794, 1097, 1514, 1798, 992, 1133, 1390, 965, 842, 1120, 1836, 1769, 892, 908, 974, 954, 804, 1085, 1667, 1455, 626, 713, 753, 686, 650, 1025, 1211, 931, 564, 731, 1059, 905, 626, 754, 926, 875, 605, 808, 1197, 918, 626, 769, 930, 1009, 812, 752, 924, 832, 619, 680, 754, 896, 863, 700, 723, 782, 701, 664, 670, 771, 755, 720, 757, 786, 659, 756, 901, 798, 656, 750, 750, 661, 644, 610, 827, 782, 582, 630, 595, 662, 596, 553, 605, 583, 579, 558, 593, 696, 587, 532, 669, 645, 614, 526, 625, 656, 618, 549, 628, 701, 561, 577, 597, 527, 467, 579, 592, 625, 547, 613, 570, 536, 466, 495, 556, 538, 476, 581, 628, 515, 444, 494, 575, 560, 504, 514, 528, 483, 420, 470, 561, 563, 547, 495, 436, 444, 418, 531, 553, 518, 530, 549, 474, 442, 450, 428, 495, 514]"
0.6648316383361816,-0.9043965339660645,-0.34576624631881714,-0.29936620593070984,-1.0466926097869873,-0.24575041234493256,-0.3571317791938782,-0.16567689180374146,0.7331371307373047,20.25,-0.11875611543655396,0.67291259765625,23.25,-0.05667191743850708,0.7478713989257812,17.5,-0.03607255220413208,0.7091045379638672,15.75,0.00398176908493042,0.611114501953125,21.0,"[493, 671, 695, 618, 578, 614, 701, 669, 548, 570, 621, 609, 666, 651, 633, 661, 581, 511, 562, 583, 570, 677, 654, 564, 531, 626, 639, 609, 527, 636, 654, 536, 471, 549, 550, 499, 473, 511, 526, 458, 533, 598, 637, 639, 528, 497, 558, 507, 512, 536, 539, 563, 537, 512, 569, 492, 543, 560, 490, 556, 589, 580, 609, 510, 565, 496, 430, 508, 493, 498, 491, 525, 575, 475, 501, 544, 624, 578, 541, 643, 486, 544, 591, 556, 555, 585, 568, 544, 481, 551, 590, 584, 557, 572, 549, 502, 411, 481, 579, 582, 469, 539, 566, 406, 537, 494, 511, 492, 413, 488, 589, 542, 617, 591, 540, 525, 502, 455, 543, 587, 624, 571, 604, 575, 499, 508, 604, 672, 564, 512, 579, 567, 537, 487, 524, 594, 479, 556, 559, 495, 573, 602, 505, 465, 550, 615, 657, 538, 547, 602, 572, 566, 514, 557, 575, 574, 534, 530, 585, 575, 537, 542, 640, 594, 443, 461, 516, 556, 593, 593, 652, 675, 626, 604, 609, 607, 503, 518, 526, 555, 584, 560, 532, 556, 565, 572, 561, 575, 549, 499, 529, 586, 618, 613, 485, 473, 583, 582, 483, 519, 554, 610, 563, 551, 615, 590, 562, 515, 590, 607, 576, 573, 533, 536, 586, 590, 478, 551, 596, 512, 426, 563, 628, 481, 505, 572, 561, 522, 486, 520, 524, 471, 580, 626, 555, 553, 600, 581, 519, 446, 543, 619, 570, 522, 565, 657, 557, 476, 511, 593, 597, 468, 581, 688, 620, 529, 510, 693, 622, 483, 653, 848, 774, 494, 703, 1734, 1694, 1167, 652, 1970, 2672, 1855, 777, 2744, 2995, 2300, 528, 3484, 5422, 3939, 857, 2509, 2901, 2603, 649, 3569, 5646, 4107, 2076, 3215, 3872, 4032, 1622, 4327, 8236, 6931, 4316, 6589, 7041, 5574, 3176, 5804, 11537, 9997, 4730, 8138, 7833, 4504, 3234, 5410, 9617, 7310, 3808, 7090, 6694, 3174, 2361, 4816, 7920, 5808, 4595, 8738, 11235, 6046, 2599, 7664, 15626, 14228, 5518, 9780, 14101, 8291, 2903, 8626, 18965, 18124, 3820, 6717, 9352, 6398, 2220, 6775, 13408, 12209, 2458, 3134, 3981, 3671, 1936, 3830, 6865, 6105, 1988, 2151, 2656, 2202, 1459, 2533, 3933, 3604, 1982, 3089, 4425, 3034, 1365, 2917, 5779, 5471, 1665, 2468, 3498, 2397, 1224, 2193, 4134, 3994, 1176, 1807, 2315, 1541, 991, 1500, 2540, 2359, 938, 2111, 2426, 1414, 784, 1663, 2827, 2365, 2002, 4797, 5396, 2794, 1091, 3396, 6263, 5367, 3611, 10132, 10788, 5392, 1622, 7276, 12251, 9544, 3774, 10230, 10175, 4677, 1684, 7310, 11564, 8367, 2116, 4693, 4214, 1789, 1042, 3508, 5097, 3612, 1116, 1488, 1430, 999, 832, 1279, 1639, 1349, 730, 924, 930, 773, 692, 829, 957, 894, 671, 729, 757, 655, 645, 765, 862, 810, 664, 770, 634, 572, 676, 790, 791, 657, 686, 762, 707, 630, 678, 685, 637, 633, 680, 687, 725, 643, 689, 737, 609, 626, 803, 703, 686, 656, 801, 841, 766, 712, 806, 1030, 903, 665, 734, 922, 919, 633, 1354, 1583, 1166, 769, 945, 1383, 1278, 786, 1834, 2008, 1405, 968, 1168, 1519, 1460, 1069, 2358, 2798, 2217, 1638, 1423, 1753, 1736, 1421, 3955, 4720, 4428, 3433, 2162, 3341, 3547, 2764, 4480, 5704, 6027, 4282, 2646, 3933, 4203, 3396, 3908, 5374, 5268, 3444, 2413, 2726, 2889, 2591, 2655, 3695, 3496, 2247, 1787, 1631, 1823, 1774, 1215, 1675, 1916, 1442, 1102, 1141, 1102, 1153, 1139, 1422, 1488, 1186, 987, 1175, 1062, 972, 1146, 1328, 1118, 887, 846, 1134, 1091, 879, 967, 1470, 1293, 757, 633, 1049, 1162, 832, 1038, 1792, 1798, 984, 759, 1068, 1382, 1159, 1172, 1594, 1484, 827, 777, 1133, 1390, 1093, 879, 1102, 1064, 702, 648, 791, 1053, 912, 692, 784, 831, 728, 694, 803, 930, 795, 734, 924, 917, 669, 653, 696, 816, 805, 741, 1041, 1031, 726, 713, 809, 1013, 925, 853, 943, 893, 773, 679, 764, 862, 863, 758, 732, 800, 804, 746, 811, 782, 739, 795, 926, 959, 812, 792, 880, 820, 784, 681, 929, 969, 774, 724, 949, 891, 707, 789, 846, 860, 731, 828, 894, 839, 713, 745, 779, 789, 669, 710, 808, 730, 700, 910, 741, 747, 720, 809, 791, 841, 954, 783, 746, 814, 742, 715, 851, 894, 873, 659, 888, 815, 687, 795, 880, 831, 702, 757, 849, 820, 671, 631, 678, 760, 784, 779, 774, 710, 541, 729, 719, 803, 862, 856, 759, 768, 713, 804, 685, 848, 1005, 697, 739, 710, 690, 778, 643, 775, 807, 771, 600, 722, 837, 740, 524, 699, 866, 829, 683, 650, 761, 726, 659, 681, 812, 749, 634, 697, 780, 705, 658, 709, 791, 675, 639, 624, 671, 655, 691, 807, 846, 619, 581, 635, 629, 588, 531, 600, 637, 614, 655, 716, 699, 591, 671, 764, 725, 628, 577, 856, 922, 638, 740, 966, 866, 574, 529, 669, 886, 711, 614, 822, 748, 692, 538, 600, 714, 613, 571, 639, 702, 732, 585, 516, 540, 595, 628, 614, 731, 922, 705, 711, 743, 738, 775, 766, 996, 1066, 947, 1073, 1091, 834, 939, 1130, 1205, 1157, 1255, 1824, 1773, 1051, 1209, 2283, 2182, 1517, 1250, 2466, 2477, 1352, 1215, 2801, 2983, 1322, 1250, 2086, 2398, 1310, 1363, 2710, 2467, 1364, 1225, 1439, 1485, 967, 1307, 2223, 2231, 1310, 1131, 1518, 1199, 979, 1032, 1782, 2076, 898, 1064, 1368, 1079, 917, 964, 1563, 1704, 1176, 1067, 1148, 985, 1110, 1427, 1307, 1353, 1042, 1109, 971, 896, 882, 1372, 1302, 863, 728, 863, 1006, 904, 845, 1049, 1125, 869, 790, 777, 925, 904, 752, 828, 996, 900, 904, 1167, 1409, 1192, 777, 998, 1295, 1234, 1107, 1412, 1759, 1420, 873, 997, 1442, 1465, 1394, 1556, 1814, 1467, 903, 1048, 1507, 1361, 1058, 1484, 1570, 1064, 803, 965, 1499, 1306, 972, 1331, 1590, 1024, 676, 852, 1453, 1469, 917, 710, 1071, 957, 718, 649, 917, 1220, 864, 835, 831, 632, 667, 667, 772, 816, 892, 893, 792, 647, 595, 647, 822, 769, 734, 846, 770, 776, 646, 589, 751, 657, 648, 727, 670, 727, 729, 602, 557, 618, 523, 624, 636, 619, 623, 540, 573, 581, 538, 641, 632, 560, 503, 590, 698, 624, 605, 681, 619, 531, 529, 683, 667, 565, 449, 524, 536, 510, 463, 503, 534, 452, 486, 516, 609, 544, 449, 481, 480, 488]"
0.5775296688079834,-1.1723911762237549,-0.341094046831131,-0.5171661376953125,-1.3715929985046387,-0.3035129904747009,-0.6768444776535034,-0.19290786981582642,0.6628990173339844,16.5,-0.13840538263320923,0.5990982055664062,22.0,0.002499997615814209,0.5347251892089844,22.75,0.06401199102401733,0.46362876892089844,24.5,0.08089202642440796,0.5214214324951172,15.25,"[621, 651, 629, 659, 700, 660, 629, 654, 523, 561, 608, 652, 639, 643, 636, 588, 471, 491, 522, 601, 628, 559, 567, 528, 458, 503, 470, 493, 549, 480, 408, 435, 476, 533, 474, 472, 504, 486, 462, 412, 576, 533, 458, 509, 567, 530, 442, 515, 547, 494, 479, 508, 503, 577, 617, 575, 630, 556, 475, 488, 506, 450, 577, 589, 542, 546, 477, 517, 478, 533, 568, 496, 518, 518, 541, 545, 487, 563, 599, 503, 520, 566, 511, 556, 600, 623, 531, 455, 539, 533, 558, 572, 562, 590, 537, 477, 502, 461, 600, 581, 512, 515, 500, 547, 570, 431, 536, 591, 547, 532, 592, 626, 612, 580, 531, 547, 468, 524, 569, 602, 573, 561, 621, 622, 466, 417, 577, 622, 570, 523, 662, 654, 504, 495, 563, 552, 568, 530, 634, 580, 502, 542, 553, 577, 509, 469, 551, 579, 503, 465, 540, 578, 582, 495, 554, 583, 588, 576, 597, 650, 520, 520, 614, 565, 543, 591, 551, 576, 618, 537, 520, 606, 658, 558, 569, 616, 581, 528, 600, 600, 604, 541, 522, 623, 574, 521, 592, 586, 588, 646, 531, 560, 576, 543, 525, 515, 604, 572, 473, 550, 513, 583, 574, 517, 547, 508, 498, 488, 575, 600, 561, 455, 558, 578, 488, 523, 521, 498, 542, 569, 511, 593, 534, 531, 458, 529, 586, 553, 458, 510, 543, 468, 534, 583, 546, 544, 541, 471, 538, 497, 543, 727, 749, 699, 629, 839, 957, 718, 767, 1919, 1726, 1355, 676, 2644, 3560, 2316, 1346, 3058, 3099, 2401, 1093, 4486, 6469, 4512, 1633, 3840, 3870, 2828, 1297, 4600, 7723, 6025, 1534, 3515, 3436, 2038, 1019, 3585, 5846, 4452, 2201, 5449, 5350, 2791, 1441, 4922, 7756, 5744, 3561, 10437, 10496, 5000, 2107, 9966, 16089, 12064, 3433, 12099, 12463, 6029, 2099, 11892, 19569, 14833, 2461, 9388, 9265, 4741, 1730, 9430, 14951, 10963, 1967, 5943, 5598, 3486, 1726, 6466, 9666, 6580, 1816, 3784, 3572, 2569, 1622, 4349, 5749, 3556, 1701, 2941, 2875, 1771, 1287, 2733, 3233, 2096, 1114, 1389, 1445, 1149, 946, 1154, 1461, 1431, 824, 1129, 1248, 987, 780, 1239, 1855, 1681, 707, 1382, 1430, 828, 596, 1276, 1890, 1489, 808, 1148, 1162, 725, 554, 1024, 1442, 1230, 4275, 6977, 5455, 1921, 1387, 3691, 4830, 2704, 11758, 20234, 15721, 4738, 3301, 10541, 14529, 7589, 12661, 22392, 17459, 5318, 3557, 11694, 16612, 8950, 6280, 10713, 8188, 2609, 2132, 5463, 7546, 3905, 2152, 4895, 4675, 2034, 1209, 2226, 3283, 2138, 1133, 3051, 3141, 1553, 869, 2046, 2842, 1933, 943, 1134, 1092, 855, 734, 1111, 1164, 798, 750, 879, 874, 702, 693, 769, 745, 725, 1244, 1532, 1160, 807, 896, 942, 894, 772, 4886, 6832, 4377, 788, 2880, 2300, 2575, 923, 9580, 13819, 9053, 1325, 6076, 4683, 4856, 1297, 8784, 12695, 8550, 2005, 5935, 4749, 4372, 1602, 5258, 7371, 4847, 1724, 3633, 2495, 2242, 1509, 4483, 6822, 4925, 1498, 4058, 3925, 2315, 1574, 4979, 6546, 4802, 2918, 5356, 5062, 2642, 2657, 3921, 3225, 3244, 4813, 4185, 2681, 2724, 3437, 3435, 4357, 5354, 4675, 2454, 2136, 3322, 3010, 4996, 7897, 6720, 3034, 2132, 2179, 3292, 2277, 5389, 8397, 6460, 2099, 2438, 2298, 3196, 1990, 2868, 4352, 3433, 1340, 1375, 1560, 1888, 1380, 1466, 2013, 1610, 820, 831, 1195, 1306, 919, 904, 1440, 1302, 716, 735, 896, 1123, 811, 952, 1543, 1388, 835, 731, 938, 1268, 989, 1123, 1654, 1547, 1009, 733, 1084, 1308, 1007, 1138, 1464, 1311, 945, 900, 1199, 1303, 967, 1198, 1826, 1615, 880, 1141, 1238, 1330, 1063, 1522, 2793, 2471, 953, 1129, 1534, 1535, 992, 1466, 2355, 1987, 808, 1008, 1267, 1325, 887, 848, 964, 901, 690, 704, 752, 739, 765, 1038, 1427, 1199, 615, 835, 980, 930, 766, 1015, 1405, 1209, 676, 934, 972, 871, 802, 821, 1091, 1039, 785, 868, 875, 824, 752, 812, 872, 858, 811, 814, 871, 867, 749, 834, 811, 761, 696, 727, 847, 774, 757, 655, 719, 845, 749, 556, 697, 848, 768, 599, 821, 831, 664, 630, 702, 699, 677, 843, 876, 836, 738, 777, 937, 755, 724, 1002, 980, 1005, 869, 770, 1080, 921, 794, 1109, 1028, 1190, 1133, 781, 1183, 1136, 905, 979, 984, 891, 892, 711, 1080, 1140, 804, 799, 691, 645, 752, 624, 678, 848, 763, 763, 772, 722, 713, 711, 775, 759, 734, 670, 634, 741, 755, 643, 607, 697, 719, 779, 672, 769, 829, 740, 686, 742, 779, 1020, 766, 869, 994, 900, 731, 1023, 1243, 1313, 807, 813, 989, 1052, 724, 904, 1349, 953, 704, 687, 816, 831, 670, 701, 985, 702, 639, 639, 666, 635, 551, 631, 706, 643, 663, 693, 638, 597, 655, 733, 714, 786, 702, 575, 625, 754, 736, 633, 748, 810, 687, 701, 782, 792, 645, 690, 945, 791, 650, 672, 738, 739, 716, 838, 912, 767, 650, 671, 821, 743, 817, 929, 879, 794, 657, 732, 855, 697, 798, 1086, 924, 699, 652, 703, 799, 669, 569, 885, 888, 939, 698, 781, 832, 762, 593, 682, 1009, 874, 628, 728, 797, 688, 779, 669, 857, 781, 847, 1043, 951, 722, 857, 1064, 1044, 816, 1612, 2097, 1578, 902, 1024, 1740, 1685, 1044, 2162, 2927, 1938, 801, 1486, 2871, 2746, 1316, 1640, 2298, 1599, 855, 1524, 2841, 2763, 1122, 1036, 1234, 952, 1006, 1127, 1576, 1629, 1153, 1100, 1112, 1244, 1280, 1192, 1206, 1239, 1588, 1223, 1368, 1775, 1783, 1185, 1746, 2146, 1699, 1353, 1515, 1787, 1755, 1278, 2212, 2622, 1590, 1459, 1487, 1593, 1665, 1402, 1996, 2185, 1512, 1582, 1353, 1337, 1193, 1054, 1408, 1318, 1820, 2232, 1716, 1314, 965, 1152, 1815, 1332, 1388, 1765, 1647, 1142, 722, 941, 1615, 1337, 1170, 1365, 1305, 972, 770, 1009, 1282, 1150, 1077, 1169, 1070, 821, 822, 947, 1066, 957, 741, 864, 936, 714, 624, 797, 867, 701, 668, 757, 805, 706, 602, 778, 951, 773, 621, 722, 741, 691, 704, 794, 865, 763, 680, 677, 678, 667, 538, 691, 775, 783, 653, 608, 828, 844, 566, 687, 859, 783, 585, 613, 937, 915, 604, 680, 858, 766, 684, 605, 642, 615, 663, 678, 653, 653, 503, 596, 516, 351, 472, 591, 567, 469, 602, 683, 610, 499, 466, 511, 606, 594, 543, 482, 537, 548, 477, 577, 674, 635, 411, 454, 523, 603, 499, 548, 643, 536]"
0.4075118899345398,-1.2289657592773438,-0.02556741237640381,-0.8643625974655151,-1.1656421422958374,0.3330113887786865,-0.9685840606689453,-0.2929471731185913,0.6719112396240234,22.0,-0.270774245262146,0.5736351013183594,20.25,-0.09167420864105225,0.0,26.75,-0.08852708339691162,0.09999275207519531,22.5,-0.003554701805114746,0.0,16.5,"[571, 582, 648, 572, 491, 571, 646, 582, 556, 591, 586, 614, 550, 593, 722, 650, 528, 515, 510, 528, 541, 606, 556, 499, 456, 490, 478, 483, 531, 533, 504, 488, 446, 528, 485, 480, 590, 573, 530, 461, 480, 460, 489, 585, 616, 508, 463, 570, 503, 538, 498, 587, 637, 591, 527, 534, 471, 520, 451, 458, 501, 528, 543, 455, 494, 472, 468, 569, 487, 466, 540, 533, 552, 497, 463, 592, 540, 539, 511, 482, 476, 557, 636, 690, 555, 527, 558, 455, 462, 568, 628, 627, 542, 497, 564, 589, 558, 534, 621, 626, 474, 491, 528, 540, 615, 557, 543, 602, 672, 637, 563, 526, 627, 590, 560, 519, 564, 610, 557, 563, 561, 610, 562, 469, 582, 672, 591, 539, 566, 561, 437, 496, 599, 630, 500, 460, 626, 476, 485, 561, 624, 579, 515, 613, 529, 585, 656, 617, 558, 595, 605, 620, 461, 477, 568, 516, 461, 537, 540, 543, 445, 435, 529, 520, 488, 457, 453, 545, 534, 570, 615, 587, 562, 472, 550, 624, 585, 572, 636, 631, 570, 517, 573, 600, 564, 599, 554, 536, 575, 528, 551, 517, 563, 641, 596, 602, 632, 594, 522, 547, 679, 684, 593, 637, 647, 580, 615, 616, 606, 647, 623, 584, 584, 599, 642, 632, 1215, 1443, 994, 738, 880, 1495, 1583, 1047, 3456, 5634, 4195, 2007, 2040, 5769, 7198, 4310, 4613, 8305, 6627, 3268, 2595, 8570, 11668, 7656, 2929, 5140, 4759, 2725, 1607, 5340, 8239, 6317, 1838, 3541, 3734, 2083, 1161, 3370, 5782, 4775, 1766, 5188, 5721, 3186, 1038, 5000, 8631, 6829, 1908, 6608, 6794, 3435, 1070, 6086, 10175, 7706, 1605, 4895, 4775, 2304, 1037, 4596, 7065, 5200, 1005, 2073, 2190, 1184, 769, 1887, 2814, 2219, 964, 2234, 2236, 1165, 709, 1771, 2672, 1909, 1787, 5717, 5953, 2708, 1281, 3404, 5281, 3706, 3329, 11144, 11475, 5034, 2067, 5666, 8996, 6066, 3108, 9764, 10132, 4464, 1731, 4721, 7664, 5352, 1881, 4775, 4850, 2206, 1035, 2588, 4124, 2995, 1144, 2763, 2803, 1443, 793, 1998, 3039, 2252, 798, 1498, 1475, 916, 738, 1235, 1796, 1515, 1298, 2062, 1859, 1035, 818, 1326, 1814, 1409, 3887, 6704, 5532, 2374, 1730, 3576, 4901, 3052, 10153, 17049, 13362, 4852, 3878, 8412, 11347, 6129, 12097, 20147, 15594, 5368, 4628, 9622, 13149, 6995, 7169, 11543, 8962, 3151, 2952, 5397, 7374, 4104, 3050, 4352, 3170, 1245, 1530, 2117, 2578, 1575, 1466, 2110, 1625, 797, 802, 1231, 1421, 846, 778, 1017, 989, 783, 751, 876, 921, 709, 698, 777, 742, 664, 736, 727, 707, 769, 697, 703, 603, 656, 652, 558, 664, 658, 720, 758, 589, 604, 688, 681, 624, 611, 833, 952, 804, 680, 727, 773, 762, 624, 1418, 1788, 1326, 840, 1092, 1221, 1071, 804, 2254, 3281, 2811, 1150, 1657, 2359, 1997, 1010, 3577, 4958, 4255, 1755, 2535, 3450, 2793, 1496, 4216, 5168, 4062, 1932, 2575, 3854, 3003, 1792, 2751, 3679, 3031, 1518, 1723, 3031, 2642, 1469, 4194, 6220, 4621, 1731, 2746, 2801, 2392, 1546, 5152, 7836, 5813, 1757, 3539, 3348, 2446, 1691, 3056, 4663, 3560, 1155, 2193, 2099, 1707, 1277, 1578, 2222, 1748, 766, 1076, 1199, 1232, 927, 1630, 2329, 1760, 770, 1178, 1316, 1463, 969, 1612, 2246, 1820, 980, 1030, 1415, 1498, 1045, 1104, 1541, 1406, 840, 697, 1033, 1161, 809, 714, 1035, 916, 653, 682, 685, 689, 523, 731, 929, 791, 614, 665, 766, 728, 652, 815, 912, 777, 692, 723, 786, 897, 832, 969, 940, 742, 769, 776, 691, 818, 906, 955, 934, 837, 732, 692, 791, 807, 918, 1021, 1099, 951, 665, 715, 774, 764, 880, 1144, 1257, 980, 625, 796, 806, 706, 749, 961, 1045, 883, 611, 813, 831, 658, 658, 789, 945, 883, 612, 621, 781, 786, 724, 836, 911, 875, 745, 776, 777, 773, 787, 768, 845, 835, 720, 741, 791, 788, 743, 814, 869, 948, 790, 662, 876, 898, 804, 878, 926, 880, 796, 746, 847, 847, 780, 820, 864, 713, 723, 723, 715, 696, 810, 1083, 1089, 815, 803, 893, 967, 882, 993, 1139, 1032, 814, 721, 903, 926, 857, 1000, 773, 749, 784, 701, 677, 735, 744, 778, 802, 736, 572, 630, 641, 782, 743, 678, 753, 708, 650, 731, 674, 675, 711, 744, 534, 680, 876, 763, 519, 599, 765, 714, 729, 861, 869, 805, 805, 739, 848, 758, 679, 761, 702, 609, 747, 706, 620, 634, 604, 648, 604, 572, 650, 659, 652, 666, 641, 693, 716, 689, 730, 784, 829, 680, 879, 780, 743, 603, 807, 782, 713, 876, 921, 690, 720, 722, 808, 737, 731, 991, 792, 690, 829, 743, 754, 844, 863, 839, 846, 663, 930, 940, 814, 790, 983, 1053, 836, 706, 908, 884, 724, 798, 1088, 1130, 806, 816, 1032, 876, 696, 821, 1172, 1132, 836, 885, 933, 818, 734, 840, 940, 888, 727, 709, 757, 611, 565, 742, 890, 780, 832, 776, 724, 702, 744, 753, 894, 912, 705, 694, 775, 826, 780, 654, 912, 903, 570, 689, 707, 645, 596, 766, 803, 657, 776, 712, 687, 581, 607, 686, 701, 694, 1162, 1010, 890, 780, 760, 724, 835, 1073, 1468, 1198, 1414, 1051, 1051, 1032, 1997, 2228, 2479, 1840, 2322, 1546, 1653, 1785, 3756, 4331, 2619, 2140, 2226, 1370, 1698, 2129, 3778, 4245, 1827, 1987, 1868, 1355, 1337, 1842, 2960, 2815, 1361, 1590, 1772, 1436, 1043, 1490, 2426, 2323, 1222, 1381, 1621, 1274, 941, 1509, 2167, 2008, 1427, 1689, 1756, 1366, 973, 1639, 2266, 2057, 1626, 1984, 2142, 1628, 952, 1718, 2638, 2395, 1219, 1850, 2107, 1502, 876, 1709, 2393, 2035, 1077, 1316, 1584, 1281, 879, 1263, 1773, 1581, 1032, 1515, 1759, 1207, 876, 1445, 2222, 1865, 1026, 1288, 1334, 985, 823, 1378, 1844, 1488, 829, 784, 876, 770, 707, 972, 1028, 940, 892, 998, 1163, 890, 599, 887, 1202, 1200, 922, 1014, 994, 924, 759, 996, 1185, 1126, 855, 903, 1022, 885, 680, 822, 998, 977, 931, 777, 952, 867, 726, 730, 807, 994, 733, 622, 717, 749, 617, 701, 885, 876, 456, 588, 738, 660, 577, 737, 853, 688, 543, 504, 597, 625, 607, 599, 648, 639, 574, 525, 621, 578, 502, 395, 555, 614, 551, 570, 596, 544, 510, 511, 617, 638, 624, 737, 657, 520, 535, 580, 712, 663, 522, 638, 590, 537, 536, 534, 585, 569]"
0.03017657995223999,-1.0868911743164062,0.3117651641368866,-1.752389907836914,-0.7827113270759583,0.8153990507125854,-2.0280404090881348,-0.44640445709228516,0.48694610595703125,21.75,-0.2551450729370117,-0.33316612243652344,17.25,-0.2261056900024414,-0.3380298614501953,22.0,-0.17060184478759766,-0.2881050109863281,23.75,1.688633918762207,0.4939556121826172,15.25,"[541, 636, 569, 604, 676, 604, 565, 636, 554, 565, 581, 623, 638, 614, 628, 637, 515, 515, 546, 513, 510, 560, 545, 551, 540, 552, 443, 475, 451, 466, 447, 412, 510, 386, 420, 492, 480, 440, 417, 465, 491, 466, 475, 527, 583, 537, 486, 510, 441, 408, 450, 442, 505, 555, 510, 484, 543, 481, 443, 430, 489, 552, 482, 469, 524, 484, 512, 450, 500, 537, 503, 575, 513, 535, 633, 600, 529, 520, 567, 510, 545, 493, 488, 584, 561, 558, 515, 472, 561, 528, 499, 515, 585, 612, 497, 486, 557, 532, 455, 519, 553, 562, 526, 532, 576, 533, 512, 500, 562, 581, 517, 499, 563, 491, 533, 597, 620, 622, 576, 527, 552, 469, 490, 548, 473, 483, 505, 521, 515, 515, 524, 532, 555, 539, 473, 479, 603, 584, 515, 554, 555, 571, 552, 562, 595, 668, 584, 559, 554, 559, 550, 509, 559, 641, 605, 516, 550, 572, 528, 483, 561, 538, 515, 529, 483, 492, 518, 479, 534, 545, 531, 604, 616, 584, 538, 507, 488, 611, 627, 550, 541, 553, 548, 486, 595, 650, 617, 564, 535, 571, 601, 589, 572, 566, 526, 562, 603, 572, 491, 555, 580, 590, 514, 501, 544, 581, 477, 509, 647, 647, 530, 569, 578, 470, 490, 574, 621, 1087, 1076, 796, 612, 930, 1139, 888, 1128, 3526, 3658, 1926, 805, 2747, 3887, 2623, 2887, 7184, 6598, 2755, 1689, 5141, 6795, 3997, 3707, 7378, 6768, 2961, 1741, 4633, 6417, 4351, 3765, 8571, 8221, 3649, 1337, 5292, 8091, 5584, 3256, 8827, 8377, 3566, 1149, 5624, 8659, 5588, 1407, 3798, 3941, 1900, 869, 2411, 4119, 3137, 1936, 2897, 2406, 1106, 966, 1870, 2398, 1761, 1458, 2159, 1741, 907, 811, 1322, 1881, 1269, 1321, 2690, 2241, 1032, 795, 1737, 2568, 1654, 1279, 2299, 1962, 836, 805, 1493, 2111, 1434, 1173, 1827, 1538, 695, 837, 1176, 1401, 890, 1915, 3241, 2588, 910, 1333, 1725, 2054, 1105, 2546, 4447, 3569, 1208, 1588, 2298, 2906, 1509, 3040, 5183, 4066, 1436, 1773, 2645, 3316, 1696, 5660, 8864, 6445, 1375, 2885, 3509, 4469, 1535, 7524, 11485, 8145, 1539, 3758, 4753, 5803, 1652, 7965, 12415, 8919, 1878, 4005, 6289, 7142, 2104, 5677, 8665, 6103, 1496, 2697, 4635, 5202, 1668, 1967, 2689, 1860, 752, 1088, 1714, 1770, 822, 1168, 1404, 1112, 621, 788, 1040, 1035, 775, 1102, 1158, 890, 646, 742, 826, 752, 710, 868, 1224, 1030, 643, 836, 986, 941, 742, 955, 1503, 1282, 704, 819, 1134, 1159, 737, 870, 1244, 1094, 705, 733, 945, 978, 786, 964, 1289, 1130, 742, 803, 805, 827, 757, 1354, 2012, 1799, 1042, 1007, 1018, 1086, 918, 2057, 3210, 2539, 1146, 1502, 1473, 1394, 931, 2745, 4065, 2944, 1180, 1805, 1950, 1922, 1167, 2718, 3948, 2957, 1078, 1790, 2044, 1771, 1138, 2753, 4039, 3108, 1200, 2188, 2444, 1644, 1174, 2910, 4352, 3255, 1122, 2420, 2543, 1608, 1079, 2382, 3523, 2620, 861, 1822, 1997, 1352, 872, 1623, 2316, 1726, 704, 1306, 1559, 1184, 674, 1429, 1986, 1413, 746, 1138, 1202, 1000, 734, 1679, 2108, 1496, 881, 1206, 1159, 1005, 896, 1576, 1919, 1253, 779, 1067, 1178, 1042, 849, 1036, 1114, 834, 586, 746, 921, 872, 753, 822, 940, 814, 637, 758, 833, 647, 696, 860, 1024, 833, 592, 683, 766, 679, 603, 733, 960, 741, 524, 693, 819, 795, 586, 802, 948, 691, 519, 654, 798, 810, 586, 776, 921, 712, 583, 636, 715, 776, 635, 820, 924, 699, 638, 655, 803, 817, 684, 729, 852, 686, 581, 610, 851, 843, 573, 806, 808, 731, 648, 747, 795, 760, 736, 906, 858, 785, 594, 834, 826, 706, 791, 897, 929, 838, 754, 834, 824, 693, 731, 746, 883, 752, 617, 772, 777, 615, 661, 697, 827, 765, 633, 771, 777, 696, 612, 780, 814, 739, 705, 779, 702, 668, 691, 808, 886, 873, 722, 698, 715, 683, 658, 659, 717, 712, 593, 602, 617, 670, 621, 693, 682, 761, 755, 602, 598, 690, 701, 818, 735, 836, 845, 680, 703, 818, 821, 849, 930, 942, 792, 559, 810, 974, 916, 883, 859, 818, 785, 714, 719, 813, 868, 882, 772, 613, 678, 671, 639, 696, 769, 830, 786, 591, 627, 665, 698, 719, 761, 780, 768, 694, 698, 740, 711, 649, 697, 791, 713, 682, 742, 763, 647, 550, 748, 684, 719, 651, 591, 588, 579, 562, 657, 662, 649, 617, 554, 532, 551, 546, 588, 604, 635, 648, 659, 620, 550, 597, 627, 552, 594, 680, 578, 522, 593, 655, 594, 577, 637, 639, 550, 478, 590, 644, 574, 741, 758, 628, 549, 566, 730, 755, 659, 1081, 921, 760, 718, 662, 855, 780, 923, 932, 855, 763, 677, 661, 859, 853, 793, 748, 777, 830, 778, 689, 797, 765, 687, 810, 726, 593, 640, 648, 772, 820, 838, 877, 749, 695, 672, 588, 670, 722, 786, 1220, 1006, 905, 1020, 747, 957, 983, 1011, 1309, 1051, 1006, 1078, 873, 1214, 1060, 973, 1146, 918, 823, 893, 781, 1081, 1043, 932, 998, 845, 672, 646, 816, 896, 812, 860, 825, 723, 685, 590, 616, 719, 756, 801, 842, 624, 807, 800, 585, 661, 761, 963, 1378, 922, 1744, 1500, 809, 945, 1698, 2132, 2572, 1764, 3620, 2996, 1194, 1603, 3807, 4548, 3017, 2377, 4329, 3681, 1304, 2257, 4442, 5031, 1985, 2345, 3071, 2434, 1195, 2606, 3796, 3579, 1765, 1977, 2821, 1883, 1351, 1951, 3273, 3354, 1599, 2298, 2903, 1832, 1093, 1933, 3064, 2836, 1759, 2141, 2261, 1423, 1036, 1722, 2492, 2473, 1642, 1595, 1871, 1429, 1059, 1270, 1890, 2064, 1263, 1440, 1430, 1076, 894, 1241, 1489, 1262, 1316, 1651, 1379, 1007, 720, 1305, 1492, 1103, 1461, 1552, 1441, 1197, 915, 1369, 1575, 1274, 1434, 1134, 1129, 1027, 1002, 1226, 1417, 1494, 1364, 1134, 1028, 926, 995, 1322, 1460, 1334, 1168, 1185, 1151, 970, 786, 1189, 1348, 1211, 834, 880, 956, 839, 590, 874, 921, 907, 643, 812, 953, 708, 482, 765, 971, 958, 619, 773, 779, 672, 549, 733, 951, 841, 696, 762, 778, 672, 554, 671, 763, 757, 559, 663, 658, 590, 551, 722, 717, 578, 593, 632, 655, 564, 437, 762, 736, 563, 612, 579, 547, 539, 485, 666, 721, 608, 502, 531, 521, 479, 419, 472, 512, 549, 481, 445, 485, 497, 462, 542, 505, 458]"
-0.646723747253418,-1.1517215967178345,0.46215707063674927,-2.297278881072998,0.0,0.0,0.0,-1.2224825620651245,-0.8156776428222656,22.5,-1.2224825620651245,-0.7949352264404297,16.75,-1.2224825620651245,0.6947994232177734,-28.5,-1.2224825620651245,0.8412837982177734,29.75,-0.8292349576950073,0.3951072692871094,-31.5,"[524, 521, 574, 564, 506, 565, 576, 524, 496, 582, 593, 578, 532, 622, 684, 606, 521, 509, 594, 630, 528, 566, 613, 563, 462, 481, 565, 559, 502, 498, 471, 453, 430, 448, 464, 514, 490, 444, 479, 489, 529, 570, 500, 550, 605, 563, 480, 494, 486, 540, 463, 515, 517, 549, 586, 537, 516, 509, 433, 506, 521, 528, 545, 524, 476, 498, 439, 486, 554, 554, 475, 460, 511, 452, 505, 492, 485, 421, 548, 548, 565, 604, 583, 529, 598, 559, 521, 533, 540, 649, 585, 476, 517, 561, 490, 487, 504, 557, 511, 500, 517, 488, 517, 534, 625, 632, 548, 614, 620, 513, 605, 626, 521, 582, 604, 641, 664, 559, 555, 556, 513, 553, 552, 465, 540, 487, 530, 550, 458, 445, 500, 518, 453, 500, 561, 551, 504, 531, 551, 594, 507, 478, 508, 500, 453, 524, 628, 573, 500, 523, 582, 541, 509, 635, 668, 578, 537, 564, 519, 498, 626, 610, 570, 532, 540, 609, 560, 558, 680, 600, 526, 625, 689, 574, 521, 620, 662, 600, 523, 691, 697, 623, 562, 551, 606, 643, 571, 588, 635, 643, 580, 458, 2573, 2576, 1595, 1609, 2320, 2061, 1303, 1522, 15484, 17286, 9000, 6068, 10918, 9116, 5717, 6024, 28075, 32944, 17775, 9854, 18507, 14302, 10742, 9590, 19716, 23445, 13288, 7395, 12761, 8793, 7381, 7532, 6693, 7609, 4804, 3277, 4407, 4263, 4004, 3835, 4067, 5701, 3767, 1675, 2831, 4196, 4146, 1810, 2567, 4283, 3308, 1497, 1896, 3332, 3532, 1874, 4571, 6608, 4403, 1239, 2848, 4110, 3996, 1800, 4636, 6814, 4723, 1121, 2965, 3863, 3757, 1480, 3959, 6297, 4595, 942, 2470, 3283, 3468, 1097, 2340, 3992, 3038, 870, 1302, 2238, 2630, 1080, 1749, 3063, 2353, 824, 952, 1865, 2308, 1130, 1044, 1581, 1233, 680, 800, 1147, 1291, 811, 771, 748, 620, 604, 678, 637, 557, 626, 799, 774, 549, 537, 699, 676, 552, 626, 760, 830, 660, 597, 688, 683, 543, 562, 950, 1223, 905, 587, 867, 1038, 832, 538, 922, 1117, 990, 814, 1045, 1166, 919, 648, 1035, 1098, 941, 733, 1154, 1385, 1055, 725, 1416, 1503, 1063, 681, 1250, 1730, 1370, 902, 1532, 1698, 1251, 805, 1222, 1728, 1489, 989, 1276, 1407, 1066, 745, 1047, 1359, 1175, 928, 886, 982, 758, 572, 814, 860, 765, 743, 568, 686, 693, 518, 485, 566, 542, 583, 662, 658, 738, 682, 649, 768, 695, 648, 922, 1160, 1126, 806, 1109, 1088, 853, 807, 869, 1336, 1205, 614, 1150, 1226, 898, 657, 977, 1296, 1160, 681, 1175, 1250, 872, 635, 1155, 1469, 1223, 767, 1119, 1248, 953, 741, 930, 1107, 1051, 694, 973, 1026, 830, 728, 864, 1034, 949, 627, 827, 837, 674, 698, 950, 1197, 964, 611, 810, 850, 808, 607, 873, 1010, 794, 605, 794, 764, 670, 654, 617, 703, 607, 660, 676, 598, 608, 632, 711, 755, 658, 671, 716, 686, 694, 689, 703, 830, 721, 697, 716, 730, 681, 553, 582, 857, 820, 653, 706, 750, 675, 524, 689, 881, 791, 617, 656, 768, 703, 561, 750, 918, 791, 646, 689, 739, 669, 541, 596, 820, 798, 571, 582, 720, 755, 621, 742, 764, 735, 649, 630, 644, 691, 692, 831, 854, 851, 743, 666, 684, 749, 773, 815, 935, 852, 674, 744, 797, 766, 677, 796, 999, 804, 564, 772, 896, 753, 534, 801, 934, 690, 480, 767, 828, 667, 565, 624, 630, 542, 499, 654, 715, 638, 607, 657, 764, 661, 618, 795, 760, 550, 568, 826, 875, 819, 679, 881, 944, 643, 682, 842, 885, 843, 684, 676, 919, 746, 680, 794, 828, 755, 613, 669, 758, 630, 646, 777, 756, 643, 689, 772, 757, 680, 714, 698, 762, 695, 603, 695, 664, 663, 698, 723, 829, 688, 528, 754, 826, 670, 645, 742, 836, 775, 566, 675, 797, 637, 582, 705, 748, 721, 617, 664, 713, 713, 664, 646, 650, 622, 654, 646, 607, 726, 719, 635, 641, 619, 687, 672, 552, 543, 539, 740, 790, 777, 802, 765, 705, 720, 713, 878, 870, 823, 779, 776, 923, 902, 826, 944, 1018, 833, 729, 940, 993, 844, 837, 906, 978, 839, 741, 954, 956, 877, 762, 849, 765, 688, 811, 752, 726, 823, 815, 883, 978, 773, 574, 670, 808, 821, 661, 914, 1004, 742, 587, 760, 878, 834, 615, 664, 702, 661, 586, 721, 751, 706, 645, 673, 758, 765, 674, 677, 760, 728, 676, 685, 750, 666, 672, 694, 641, 644, 563, 682, 760, 603, 630, 687, 696, 688, 637, 648, 694, 600, 556, 603, 553, 532, 595, 630, 673, 680, 718, 637, 566, 559, 593, 628, 653, 703, 695, 666, 691, 630, 670, 683, 726, 625, 654, 620, 564, 590, 697, 600, 585, 606, 632, 613, 633, 664, 655, 597, 640, 746, 689, 638, 858, 832, 643, 776, 740, 836, 792, 692, 851, 801, 757, 725, 772, 872, 787, 630, 648, 740, 721, 595, 709, 761, 639, 577, 557, 683, 623, 644, 703, 659, 679, 605, 591, 717, 671, 607, 571, 636, 708, 649, 651, 709, 707, 743, 785, 708, 691, 674, 631, 733, 758, 745, 707, 639, 692, 687, 659, 683, 698, 698, 613, 613, 725, 673, 672, 708, 611, 725, 855, 830, 618, 570, 640, 889, 871, 813, 1231, 1365, 871, 641, 870, 1478, 1432, 1052, 1518, 1972, 1411, 825, 1109, 1777, 1785, 886, 1254, 1674, 1341, 821, 959, 1346, 1417, 866, 1217, 1243, 1017, 795, 890, 1227, 1067, 811, 953, 924, 920, 903, 824, 790, 734, 1113, 1142, 994, 1150, 1061, 1142, 1136, 1117, 1158, 1036, 1365, 1365, 981, 1052, 1471, 1593, 878, 1100, 1319, 1024, 678, 1086, 1557, 1514, 963, 1126, 1179, 936, 660, 953, 1386, 1293, 874, 1219, 1293, 909, 634, 979, 1342, 1170, 715, 912, 847, 717, 613, 805, 1049, 836, 634, 629, 718, 727, 694, 747, 703, 593, 556, 721, 706, 564, 563, 685, 617, 492, 452, 586, 642, 550, 563, 621, 583, 487, 499, 590, 517, 499, 579, 608, 622, 500, 560, 561, 528, 501, 525, 590, 619, 558, 461, 520, 542, 458, 425, 510, 505, 468, 586, 489, 454, 486, 508, 525, 506, 517, 576, 535, 575, 494, 415, 469, 527, 561, 490, 479, 559, 485, 415, 420, 550, 557, 643, 627, 654, 682, 581, 525, 522, 590]"
-0.8764516115188599,-1.1517215967178345,0.46215707063674927,-2.297278881072998,0.0,0.0,0.0,-1.2686982154846191,0.5594730377197266,28.0,-1.2686982154846191,0.5875110626220703,29.75,-1.2686982154846191,0.597381591796875,-27.75,-1.2686982154846191,0.6475925445556641,-27.0,-1.2686982154846191,0.6879329681396484,21.5,"[549, 557, 637, 582, 547, 580, 634, 560, 511, 557, 591, 689, 596, 500, 591, 554, 534, 603, 596, 555, 577, 606, 617, 546, 542, 568, 520, 484, 469, 556, 541, 475, 561, 551, 463, 425, 472, 527, 518, 517, 547, 648, 612, 531, 574, 628, 600, 546, 696, 675, 618, 626, 713, 673, 656, 683, 553, 579, 519, 600, 587, 573, 631, 643, 465, 529, 531, 498, 576, 545, 527, 526, 541, 552, 576, 573, 512, 507, 528, 512, 594, 484, 495, 625, 515, 449, 529, 637, 615, 556, 525, 550, 560, 613, 559, 539, 620, 503, 476, 571, 497, 530, 475, 550, 603, 542, 529, 515, 493, 514, 549, 576, 602, 692, 651, 579, 535, 542, 676, 640, 510, 519, 536, 532, 518, 587, 579, 516, 536, 532, 540, 491, 496, 606, 555, 486, 607, 608, 589, 570, 475, 474, 522, 618, 644, 482, 508, 597, 569, 469, 458, 631, 535, 514, 502, 478, 521, 509, 502, 577, 613, 648, 549, 524, 555, 563, 619, 607, 1660, 2181, 1563, 788, 1067, 907, 1295, 974, 12776, 17094, 10672, 2814, 5812, 7908, 8749, 3873, 30546, 39729, 23654, 5698, 13807, 19366, 19829, 7710, 28211, 36008, 20925, 5215, 12755, 17987, 17750, 7673, 11987, 14194, 8069, 3224, 4989, 7442, 7328, 5505, 6844, 9241, 6412, 2472, 3457, 6558, 6995, 4232, 8500, 11928, 7848, 2224, 5051, 9039, 8850, 3407, 7597, 10070, 6478, 2270, 4692, 6173, 6148, 3192, 6284, 8391, 5380, 2049, 3456, 3300, 4052, 2671, 3895, 5116, 3180, 1186, 2239, 2368, 2364, 1543, 2831, 3715, 2304, 959, 2120, 2188, 1829, 1096, 2589, 3415, 2236, 813, 1847, 1865, 1606, 944, 2485, 3135, 1956, 849, 1562, 1825, 1608, 918, 2478, 3018, 1745, 821, 1578, 1560, 1310, 848, 1683, 2054, 1244, 630, 1173, 1081, 958, 729, 930, 1120, 748, 573, 773, 690, 617, 631, 886, 1156, 985, 669, 710, 831, 771, 612, 1198, 1701, 1443, 798, 967, 1266, 1160, 880, 2173, 2530, 1956, 1155, 1193, 1952, 1809, 1353, 2445, 2905, 1990, 1015, 1141, 2018, 2038, 1407, 2007, 2558, 1746, 866, 1206, 1558, 1715, 1146, 1258, 1594, 1212, 846, 918, 1173, 1293, 842, 913, 1342, 1122, 724, 791, 1006, 1082, 734, 770, 961, 814, 570, 743, 795, 764, 702, 757, 773, 563, 580, 767, 776, 605, 632, 842, 860, 666, 641, 752, 690, 579, 577, 907, 950, 789, 679, 846, 753, 735, 714, 1236, 1514, 1092, 807, 1216, 937, 825, 741, 1204, 1580, 1049, 862, 1309, 1202, 842, 718, 1103, 1025, 707, 814, 1018, 941, 700, 821, 1263, 1547, 1157, 699, 1152, 1134, 746, 733, 1161, 1403, 1024, 803, 1185, 1229, 945, 759, 1101, 1318, 916, 714, 1083, 1110, 844, 632, 952, 1205, 958, 688, 896, 918, 781, 598, 788, 1006, 952, 669, 876, 993, 798, 565, 969, 994, 792, 784, 878, 873, 674, 698, 923, 905, 763, 788, 872, 754, 544, 671, 673, 792, 707, 631, 729, 698, 611, 539, 768, 980, 842, 629, 736, 722, 743, 602, 668, 901, 871, 688, 733, 750, 754, 655, 742, 900, 959, 684, 606, 712, 701, 694, 743, 880, 762, 628, 617, 651, 617, 675, 635, 787, 756, 663, 765, 609, 531, 681, 589, 683, 612, 567, 641, 636, 586, 560, 667, 765, 684, 547, 687, 880, 717, 647, 777, 782, 682, 581, 773, 1011, 932, 682, 871, 796, 791, 723, 663, 780, 688, 730, 765, 760, 793, 682, 674, 741, 672, 711, 675, 727, 692, 683, 726, 688, 614, 658, 589, 662, 706, 647, 637, 643, 722, 674, 554, 660, 649, 574, 639, 696, 622, 563, 667, 680, 629, 579, 643, 586, 523, 601, 798, 844, 741, 630, 689, 671, 632, 719, 675, 742, 671, 568, 644, 734, 754, 729, 660, 673, 696, 704, 629, 638, 689, 612, 668, 728, 670, 747, 665, 615, 622, 575, 721, 691, 656, 654, 715, 695, 651, 713, 680, 679, 637, 582, 689, 706, 543, 554, 780, 913, 860, 601, 796, 872, 728, 661, 849, 1012, 871, 668, 847, 953, 860, 732, 857, 959, 925, 668, 798, 906, 964, 889, 916, 1129, 966, 813, 884, 962, 932, 824, 1020, 1237, 1118, 920, 967, 1131, 999, 785, 819, 1017, 952, 732, 888, 1019, 914, 671, 719, 726, 748, 697, 766, 827, 644, 571, 689, 791, 733, 724, 656, 750, 636, 506, 705, 677, 701, 640, 601, 744, 689, 605, 638, 579, 673, 631, 687, 631, 587, 733, 684, 563, 703, 797, 705, 630, 716, 814, 710, 686, 698, 632, 658, 674, 660, 741, 727, 713, 723, 525, 644, 705, 626, 716, 595, 647, 753, 617, 570, 561, 595, 690, 659, 724, 873, 704, 635, 574, 674, 787, 748, 721, 842, 700, 645, 704, 729, 819, 870, 752, 810, 763, 680, 795, 927, 939, 693, 695, 653, 627, 789, 819, 728, 760, 830, 703, 727, 642, 724, 736, 818, 914, 719, 664, 537, 512, 559, 694, 731, 783, 675, 669, 629, 555, 626, 728, 781, 761, 896, 831, 681, 571, 673, 796, 800, 875, 1037, 969, 757, 581, 639, 798, 815, 891, 985, 984, 701, 539, 707, 862, 792, 813, 917, 969, 742, 717, 795, 969, 972, 882, 909, 946, 850, 887, 785, 878, 857, 944, 937, 887, 842, 887, 798, 647, 677, 871, 802, 730, 774, 695, 756, 807, 731, 821, 667, 683, 702, 629, 695, 782, 808, 775, 680, 705, 669, 577, 645, 734, 860, 875, 846, 955, 995, 816, 789, 1060, 1245, 1140, 1414, 1095, 1215, 1041, 832, 1310, 1219, 1388, 1331, 1148, 1467, 1207, 877, 1211, 1212, 1424, 993, 1091, 1419, 983, 739, 1129, 1068, 1262, 1146, 994, 982, 806, 786, 1066, 886, 897, 790, 944, 744, 675, 774, 919, 903, 589, 691, 765, 972, 882, 674, 741, 1027, 993, 857, 671, 947, 1001, 758, 650, 938, 1025, 856, 809, 1002, 872, 725, 690, 886, 1000, 773, 829, 964, 819, 643, 746, 889, 865, 623, 659, 774, 680, 649, 858, 822, 700, 624, 526, 612, 593, 653, 755, 614, 585, 550, 550, 622, 575, 597, 692, 640, 655, 678, 653, 661, 626, 557, 668, 674, 675, 603, 603, 596, 513, 473, 527, 555, 607, 496, 472, 489, 491, 462, 444, 471, 479, 472, 411, 381, 408, 421, 442, 475, 482, 483, 400, 439, 454, 451, 451, 467, 487, 535, 570, 608, 550, 452, 510, 608, 616]"
0.6390516757965088,-0.1954679936170578,-0.38402700424194336,0.22843709588050842,-0.24389280378818512,-0.5888586640357971,0.39737793803215027,-1.3113988637924194,1.6963005065917969,20.75,-0.0936044454574585,0.9125232696533203,24.75,-0.028945326805114746,0.9780406951904297,21.5,-0.026084303855895996,0.9860515594482422,18.5,0.8453832864761353,1.1661529541015625,15.5,"[539, 525, 543, 551, 561, 553, 545, 522, 608, 558, 570, 668, 690, 635, 586, 609, 476, 486, 435, 460, 502, 454, 480, 475, 428, 505, 493, 467, 464, 437, 466, 469, 490, 476, 489, 457, 476, 438, 528, 560, 572, 553, 528, 526, 563, 491, 498, 534, 574, 504, 540, 604, 519, 456, 532, 589, 496, 520, 608, 567, 475, 540, 601, 552, 439, 435, 475, 555, 476, 485, 569, 462, 520, 534, 598, 586, 510, 471, 520, 531, 603, 552, 575, 530, 419, 524, 485, 521, 541, 529, 534, 609, 500, 491, 525, 536, 484, 437, 474, 551, 501, 433, 484, 513, 586, 527, 514, 526, 557, 529, 540, 580, 616, 509, 494, 573, 534, 464, 519, 615, 453, 477, 530, 566, 483, 406, 511, 540, 458, 484, 544, 530, 445, 422, 430, 464, 524, 500, 547, 602, 556, 509, 423, 521, 538, 532, 635, 595, 551, 597, 578, 574, 533, 599, 663, 622, 535, 559, 610, 559, 430, 596, 577, 621, 558, 578, 612, 510, 522, 600, 633, 649, 672, 694, 589, 574, 610, 603, 578, 593, 597, 591, 576, 587, 648, 683, 599, 588, 630, 628, 527, 495, 538, 534, 539, 526, 593, 617, 535, 556, 567, 507, 580, 556, 543, 554, 635, 707, 602, 661, 714, 598, 549, 620, 681, 665, 554, 651, 635, 514, 537, 533, 548, 539, 530, 639, 615, 564, 574, 494, 538, 507, 578, 646, 624, 540, 483, 468, 505, 551, 519, 509, 604, 642, 588, 530, 542, 592, 490, 628, 629, 497, 516, 618, 612, 435, 659, 759, 611, 471, 585, 794, 755, 545, 823, 979, 732, 542, 623, 819, 838, 711, 730, 798, 691, 625, 603, 608, 735, 762, 604, 520, 488, 628, 690, 564, 547, 614, 568, 553, 511, 610, 592, 511, 576, 516, 533, 576, 535, 503, 479, 516, 537, 546, 591, 470, 569, 595, 507, 523, 512, 611, 633, 597, 566, 630, 585, 536, 578, 625, 551, 528, 540, 565, 571, 570, 601, 587, 580, 640, 669, 698, 695, 588, 572, 585, 550, 503, 584, 643, 595, 539, 507, 547, 571, 509, 612, 797, 663, 636, 640, 532, 527, 572, 642, 688, 577, 565, 661, 594, 594, 593, 640, 643, 666, 626, 657, 673, 614, 525, 544, 598, 639, 538, 718, 800, 670, 594, 651, 668, 646, 595, 530, 624, 613, 731, 679, 554, 454, 602, 650, 484, 638, 810, 770, 640, 605, 744, 778, 592, 662, 752, 700, 974, 864, 914, 1178, 994, 1399, 2229, 2194, 2015, 1425, 2450, 4660, 3905, 3686, 4187, 5688, 4411, 2916, 4161, 10574, 10447, 3148, 4829, 6302, 4253, 2717, 4417, 10769, 10317, 1420, 3237, 3523, 2604, 1190, 2935, 5334, 4373, 2502, 1457, 2372, 1984, 1791, 1657, 3428, 4170, 3833, 3120, 4470, 3518, 2364, 4092, 8511, 8410, 2683, 2971, 3843, 3459, 1816, 4005, 8519, 7849, 941, 1225, 1603, 1408, 647, 1426, 2586, 2343, 751, 1200, 1581, 1080, 559, 803, 1591, 1587, 644, 1012, 1182, 898, 572, 899, 1425, 1214, 562, 798, 729, 700, 625, 717, 932, 751, 550, 559, 569, 639, 639, 603, 585, 530, 627, 673, 614, 639, 626, 565, 583, 595, 614, 663, 506, 552, 637, 543, 547, 541, 584, 595, 502, 524, 524, 528, 545, 502, 670, 666, 608, 574, 608, 558, 650, 672, 698, 641, 686, 629, 582, 636, 744, 795, 979, 780, 1060, 1081, 689, 638, 1073, 1248, 1258, 950, 1379, 1442, 887, 851, 1453, 1638, 946, 945, 899, 750, 683, 956, 1197, 1145, 1605, 1989, 2367, 2263, 1044, 2208, 2477, 1527, 2869, 3020, 3477, 3103, 1191, 3754, 3675, 1949, 1870, 1818, 2040, 1641, 949, 2690, 2408, 1042, 1024, 931, 785, 700, 963, 1257, 1102, 963, 786, 1388, 1859, 1494, 980, 861, 1188, 1376, 854, 1490, 2296, 1953, 985, 676, 1193, 1438, 1080, 927, 1771, 1657, 824, 671, 861, 1378, 956, 726, 1279, 1322, 917, 785, 809, 1097, 892, 774, 1052, 1103, 829, 689, 992, 1017, 1065, 950, 1205, 1189, 782, 954, 1097, 1169, 913, 893, 966, 898, 906, 998, 885, 944, 772, 823, 684, 604, 740, 870, 717, 649, 723, 773, 709, 712, 686, 665, 705, 684, 758, 863, 763, 834, 747, 660, 857, 720, 869, 1025, 802, 803, 789, 712, 889, 795, 761, 685, 799, 776, 701, 665, 766, 779, 675, 731, 800, 741, 717, 712, 698, 644, 631, 767, 754, 702, 725, 660, 525, 511, 686, 826, 714, 653, 736, 645, 571, 618, 758, 726, 585, 594, 698, 664, 522, 589, 682, 646, 592, 641, 648, 561, 514, 559, 596, 595, 605, 584, 491, 505, 521, 489, 637, 608, 629, 628, 592, 666, 622, 561, 623, 570, 592, 633, 529, 533, 571, 574, 544, 553, 581, 678, 586, 496, 541, 470, 442, 455, 598, 724, 602, 516, 549, 491, 579, 433, 590, 694, 502, 435, 525, 541, 659, 467, 593, 661, 568, 545, 570, 658, 705, 591, 524, 617, 708, 590, 528, 665, 638, 624, 628, 640, 680, 652, 563, 614, 617, 688, 626, 557, 694, 712, 610, 554, 645, 664, 551, 553, 610, 637, 561, 502, 602, 624, 661, 708, 723, 680, 632, 632, 573, 543, 632, 695, 693, 596, 569, 594, 601, 708, 750, 722, 694, 682, 638, 652, 601, 680, 739, 654, 644, 629, 632, 657, 662, 744, 704, 663, 647, 709, 663, 685, 596, 559, 605, 633, 641, 633, 577, 643, 641, 739, 739, 684, 705, 723, 660, 623, 652, 686, 741, 656, 620, 710, 712, 661, 542, 633, 696, 665, 637, 673, 727, 663, 532, 673, 695, 643, 597, 529, 655, 639, 561, 644, 666, 604, 559, 590, 731, 651, 622, 671, 937, 750, 549, 634, 940, 999, 647, 1056, 1372, 908, 537, 749, 1460, 1474, 743, 1087, 1322, 866, 585, 833, 1502, 1495, 714, 791, 943, 782, 659, 741, 1045, 1071, 636, 507, 595, 629, 594, 606, 682, 779, 553, 512, 507, 493, 554, 509, 530, 593, 456, 509, 520, 406, 419, 617, 753, 639, 432, 623, 619, 424, 480, 593, 749, 592, 448, 608, 592, 404, 375, 545, 699, 576, 482, 469, 498, 459, 457, 426, 492, 539, 455, 409, 504, 513, 471, 455, 525, 525, 478, 453, 473, 517, 449, 405, 478, 501, 397, 441, 416, 406, 443, 427, 440, 419, 411, 422, 412, 416, 420, 381, 424, 429]"
0.5988646149635315,-0.2962103486061096,-0.2878856062889099,0.10839217901229858,-0.3393819034099579,-0.40672409534454346,0.20630986988544464,-0.17505884170532227,0.9444236755371094,17.25,-0.050890445709228516,0.77362060546875,25.75,0.08057355880737305,0.47893524169921875,26.5,0.2555251121520996,0.44989585876464844,21.0,0.2715468406677246,0.5225658416748047,15.25,"[524, 688, 746, 543, 484, 542, 745, 684, 549, 623, 739, 617, 611, 569, 671, 721, 496, 536, 580, 598, 565, 545, 578, 646, 512, 549, 567, 533, 599, 550, 540, 559, 548, 566, 544, 514, 478, 544, 548, 497, 611, 539, 534, 632, 629, 544, 583, 652, 547, 537, 519, 456, 547, 616, 574, 561, 550, 557, 565, 568, 505, 545, 593, 548, 471, 479, 547, 471, 454, 446, 498, 545, 620, 563, 429, 448, 532, 519, 465, 566, 562, 559, 539, 448, 497, 577, 446, 513, 483, 543, 555, 498, 486, 557, 598, 533, 547, 576, 584, 535, 494, 505, 542, 504, 655, 597, 574, 576, 612, 521, 446, 571, 627, 591, 696, 627, 667, 541, 486, 580, 583, 614, 693, 665, 549, 510, 535, 489, 615, 545, 454, 546, 596, 537, 426, 515, 582, 532, 517, 529, 559, 571, 502, 563, 542, 491, 524, 467, 514, 549, 541, 542, 544, 555, 496, 515, 571, 554, 469, 489, 556, 515, 444, 527, 570, 543, 553, 579, 584, 537, 459, 512, 611, 636, 516, 461, 531, 586, 612, 565, 553, 607, 566, 574, 490, 591, 615, 551, 581, 560, 544, 538, 517, 527, 515, 551, 547, 525, 505, 509, 505, 566, 574, 574, 537, 540, 528, 510, 547, 629, 541, 514, 597, 584, 533, 561, 626, 647, 586, 512, 535, 601, 598, 603, 529, 538, 565, 563, 501, 582, 534, 523, 575, 442, 527, 554, 541, 513, 542, 607, 491, 569, 641, 557, 576, 564, 578, 568, 529, 581, 656, 590, 555, 606, 612, 562, 620, 749, 658, 558, 594, 579, 529, 479, 709, 776, 720, 649, 633, 558, 564, 568, 569, 686, 639, 623, 650, 566, 548, 536, 484, 521, 517, 552, 572, 598, 583, 547, 514, 585, 593, 560, 519, 493, 574, 552, 603, 653, 655, 494, 552, 508, 576, 636, 567, 629, 642, 514, 537, 571, 530, 567, 554, 536, 586, 535, 524, 424, 544, 635, 565, 524, 490, 544, 600, 498, 571, 665, 646, 557, 585, 664, 627, 542, 572, 644, 673, 600, 626, 644, 603, 572, 635, 649, 625, 643, 569, 523, 530, 549, 631, 625, 622, 611, 540, 566, 631, 663, 647, 626, 552, 468, 618, 659, 647, 567, 669, 718, 679, 507, 624, 657, 649, 516, 555, 712, 706, 701, 611, 611, 618, 522, 595, 683, 607, 651, 616, 589, 574, 571, 611, 625, 744, 721, 800, 966, 792, 756, 1060, 1031, 1426, 2206, 2494, 1694, 1035, 2267, 4424, 4123, 3794, 5201, 6794, 4209, 2616, 5355, 11825, 11123, 4483, 5560, 7421, 4666, 3101, 5661, 12808, 12350, 3306, 3936, 5649, 3866, 2391, 3595, 8498, 8602, 3976, 5683, 9787, 6988, 2347, 4217, 10511, 11086, 3095, 7278, 11058, 6960, 1372, 4967, 11516, 11501, 1234, 6131, 7649, 4024, 904, 4337, 8663, 7671, 1137, 3746, 4253, 1933, 925, 3010, 6015, 5206, 614, 2639, 2896, 1503, 694, 1956, 3793, 3169, 624, 1310, 1352, 882, 701, 1024, 1816, 1596, 627, 968, 875, 588, 580, 851, 1173, 963, 626, 841, 808, 638, 628, 727, 808, 718, 581, 643, 692, 578, 635, 720, 836, 718, 608, 615, 588, 606, 604, 562, 706, 694, 570, 471, 518, 534, 525, 514, 540, 610, 596, 476, 647, 651, 580, 565, 524, 622, 631, 600, 734, 699, 647, 746, 770, 710, 685, 815, 1077, 1022, 682, 796, 937, 871, 1090, 1645, 1844, 1395, 702, 937, 1142, 945, 2660, 4414, 3662, 1718, 1306, 2337, 2839, 1390, 5183, 8279, 6241, 2240, 2085, 4932, 5791, 2300, 4981, 7545, 5573, 2286, 2057, 5193, 5711, 2110, 1971, 2608, 2191, 1534, 1050, 2304, 2376, 1361, 935, 1217, 1247, 970, 806, 717, 816, 777, 1396, 1504, 1548, 1441, 1249, 1065, 1119, 1177, 1419, 1360, 1687, 1821, 1702, 1258, 1269, 1555, 1272, 987, 917, 1207, 1354, 1087, 893, 1172, 836, 777, 834, 898, 789, 749, 805, 809, 856, 1049, 1039, 929, 815, 905, 972, 910, 843, 887, 839, 802, 912, 1019, 979, 880, 897, 618, 707, 871, 871, 725, 831, 1041, 823, 651, 803, 962, 876, 649, 856, 913, 799, 624, 719, 822, 729, 503, 807, 963, 729, 599, 652, 738, 660, 599, 679, 777, 857, 736, 718, 704, 633, 638, 655, 736, 686, 769, 768, 665, 610, 637, 653, 624, 531, 618, 660, 588, 572, 589, 670, 626, 604, 666, 615, 551, 538, 617, 619, 546, 764, 824, 648, 589, 637, 650, 550, 526, 737, 783, 690, 636, 710, 761, 717, 679, 628, 726, 757, 711, 773, 811, 744, 729, 700, 574, 546, 719, 876, 772, 612, 729, 646, 527, 576, 708, 733, 571, 559, 687, 680, 601, 444, 671, 787, 581, 477, 596, 639, 644, 606, 586, 676, 670, 537, 569, 610, 582, 604, 541, 563, 662, 620, 601, 470, 530, 515, 524, 543, 540, 581, 534, 504, 508, 560, 594, 646, 561, 569, 609, 530, 594, 571, 586, 593, 585, 630, 609, 616, 575, 620, 624, 546, 554, 600, 632, 575, 532, 642, 717, 661, 549, 605, 683, 658, 623, 721, 752, 725, 564, 637, 690, 635, 633, 703, 751, 787, 593, 650, 770, 726, 676, 678, 764, 818, 686, 690, 826, 693, 626, 567, 734, 660, 581, 653, 751, 703, 585, 499, 606, 698, 649, 632, 697, 723, 708, 557, 549, 659, 693, 708, 746, 667, 592, 652, 623, 623, 684, 690, 660, 572, 558, 636, 600, 670, 642, 575, 577, 562, 632, 658, 621, 602, 529, 552, 556, 597, 488, 586, 654, 596, 584, 660, 661, 690, 640, 491, 516, 551, 621, 691, 673, 583, 672, 710, 603, 503, 634, 706, 588, 716, 650, 719, 731, 581, 691, 728, 697, 958, 664, 1000, 922, 682, 698, 761, 1083, 951, 798, 1180, 1033, 766, 666, 1062, 1342, 683, 606, 970, 961, 735, 562, 796, 931, 646, 586, 652, 724, 637, 564, 624, 621, 505, 567, 606, 514, 538, 587, 637, 589, 492, 540, 517, 468, 454, 419, 475, 535, 530, 606, 545, 463, 508, 530, 590, 619, 535, 485, 541, 556, 517, 599, 682, 614, 461, 458, 468, 458, 487, 528, 555, 530, 449, 459, 461, 519, 501, 495, 481, 481, 398, 391, 465, 464, 386, 292, 392, 468, 475, 497, 421, 443, 445, 416, 441, 445, 373, 466, 485, 415, 361, 364, 434, 374, 502, 438, 412, 443, 440, 399, 391, 469]"
0.6194996237754822,-0.2793266773223877,-0.377278596162796,0.14008364081382751,-0.2901325225830078,-0.47991591691970825,0.21095016598701477,-0.46702635288238525,1.1372566223144531,16.25,-0.4623056650161743,1.1525630950927734,27.75,-0.22097837924957275,0.92926025390625,-31.25,-0.07234823703765869,0.7012367248535156,-32.0,-0.008690476417541504,0.5320072174072266,25.0,"[551, 581, 639, 652, 658, 651, 635, 576, 533, 558, 560, 655, 707, 603, 616, 602, 588, 576, 531, 544, 577, 575, 552, 531, 541, 528, 542, 474, 489, 554, 508, 513, 528, 495, 522, 518, 561, 524, 501, 550, 551, 538, 537, 539, 549, 525, 528, 542, 532, 492, 538, 548, 554, 519, 514, 550, 546, 541, 479, 459, 527, 527, 463, 544, 543, 544, 428, 398, 545, 555, 475, 463, 592, 573, 442, 544, 600, 573, 539, 486, 554, 574, 472, 515, 550, 552, 500, 418, 580, 591, 567, 515, 535, 553, 526, 483, 595, 566, 562, 586, 585, 584, 630, 617, 497, 533, 586, 539, 478, 587, 661, 579, 448, 482, 600, 578, 509, 527, 568, 538, 518, 532, 585, 600, 582, 545, 630, 622, 524, 492, 457, 572, 602, 482, 572, 574, 551, 534, 450, 519, 556, 539, 541, 571, 597, 582, 472, 439, 535, 582, 484, 533, 637, 569, 488, 547, 618, 602, 438, 552, 609, 568, 541, 567, 604, 573, 511, 577, 628, 683, 640, 611, 577, 598, 594, 654, 510, 611, 697, 591, 502, 575, 631, 567, 452, 517, 611, 572, 537, 553, 613, 570, 519, 535, 540, 521, 579, 482, 573, 613, 526, 597, 611, 529, 492, 486, 523, 526, 522, 509, 536, 492, 498, 493, 553, 543, 527, 499, 542, 525, 543, 565, 496, 559, 423, 496, 575, 483, 469, 555, 548, 469, 529, 577, 537, 585, 608, 513, 568, 536, 503, 492, 445, 424, 479, 475, 450, 452, 593, 601, 584, 528, 445, 453, 456, 533, 599, 690, 625, 520, 520, 556, 510, 578, 614, 670, 642, 571, 518, 575, 679, 653, 526, 507, 604, 579, 547, 608, 593, 580, 549, 495, 645, 686, 545, 575, 616, 639, 573, 558, 600, 592, 527, 552, 653, 655, 542, 465, 580, 573, 592, 583, 670, 633, 585, 548, 550, 599, 568, 634, 662, 590, 581, 518, 587, 640, 593, 569, 651, 670, 524, 515, 615, 627, 554, 609, 562, 542, 639, 534, 471, 578, 610, 528, 501, 584, 666, 559, 637, 718, 654, 533, 489, 698, 590, 619, 690, 640, 631, 555, 558, 642, 683, 709, 576, 637, 685, 570, 541, 555, 559, 565, 668, 732, 654, 562, 573, 601, 681, 673, 636, 636, 640, 610, 613, 609, 668, 649, 748, 899, 657, 621, 983, 992, 1699, 1398, 2100, 2250, 1357, 1703, 3880, 3847, 5597, 5227, 7638, 6167, 4032, 5818, 14315, 14272, 10487, 9215, 14695, 10475, 7080, 10069, 26060, 26566, 10016, 7996, 13830, 9728, 6813, 8211, 22893, 24142, 5378, 4171, 7457, 5442, 3682, 3471, 10307, 11500, 2791, 2493, 3769, 3285, 2009, 1858, 4216, 4853, 1503, 1894, 1907, 2016, 1226, 2407, 4329, 3735, 3358, 2786, 3804, 3062, 2135, 3845, 9319, 9132, 2779, 3341, 4393, 2475, 1805, 3704, 8951, 8658, 1161, 3624, 4300, 2216, 1041, 3280, 6534, 5673, 648, 2382, 2909, 1819, 702, 1986, 3603, 2992, 697, 1216, 1536, 1107, 601, 1086, 1681, 1489, 578, 745, 752, 607, 533, 737, 881, 781, 595, 733, 644, 557, 565, 667, 762, 713, 601, 612, 504, 520, 508, 565, 656, 608, 705, 562, 539, 628, 669, 694, 576, 639, 651, 577, 660, 580, 591, 653, 545, 621, 704, 642, 716, 669, 643, 654, 611, 671, 845, 769, 907, 777, 773, 857, 749, 820, 988, 697, 839, 914, 858, 773, 882, 1132, 1002, 1168, 1289, 1101, 922, 759, 1064, 1290, 1846, 4996, 5835, 3488, 1105, 1981, 3346, 2827, 2923, 8738, 10628, 6257, 1377, 4222, 5495, 4555, 3354, 8198, 9793, 5367, 1779, 4914, 4806, 3792, 2229, 4975, 5303, 2544, 1559, 2630, 2447, 1992, 1665, 3066, 2918, 1448, 821, 1489, 2123, 1599, 1889, 2247, 2480, 1568, 1423, 2192, 1791, 1714, 1857, 1728, 2362, 1600, 1573, 2342, 1665, 1650, 1671, 1551, 2063, 1616, 1472, 1954, 1594, 1419, 1220, 1427, 1627, 1237, 1120, 1498, 1370, 1156, 910, 1148, 1221, 954, 981, 1181, 1165, 972, 835, 748, 751, 709, 773, 811, 901, 905, 841, 859, 731, 741, 831, 718, 705, 779, 769, 812, 860, 843, 942, 791, 790, 778, 714, 765, 695, 790, 847, 713, 716, 783, 755, 689, 719, 813, 812, 727, 694, 717, 705, 793, 752, 754, 800, 798, 687, 768, 726, 755, 911, 882, 775, 751, 834, 877, 721, 664, 942, 984, 770, 643, 814, 952, 556, 721, 869, 768, 605, 609, 749, 694, 771, 920, 931, 814, 655, 598, 687, 722, 689, 787, 833, 836, 781, 548, 647, 720, 739, 559, 645, 774, 816, 660, 605, 719, 855, 584, 582, 696, 637, 500, 626, 871, 790, 672, 562, 642, 681, 520, 638, 801, 683, 632, 661, 631, 666, 574, 610, 734, 670, 680, 652, 653, 681, 563, 662, 771, 592, 465, 552, 533, 547, 547, 563, 603, 525, 511, 567, 583, 641, 626, 626, 632, 541, 475, 585, 658, 601, 484, 572, 633, 560, 547, 608, 628, 609, 517, 534, 545, 564, 563, 618, 668, 606, 511, 674, 692, 667, 584, 674, 758, 708, 583, 720, 795, 594, 646, 618, 583, 714, 628, 683, 714, 565, 617, 628, 598, 713, 669, 625, 594, 677, 744, 661, 538, 767, 718, 540, 580, 660, 604, 599, 632, 595, 652, 563, 561, 506, 506, 577, 669, 562, 501, 687, 616, 465, 554, 614, 614, 604, 546, 669, 688, 568, 544, 546, 558, 642, 577, 558, 657, 639, 624, 577, 555, 644, 564, 505, 601, 689, 664, 560, 565, 604, 617, 569, 595, 613, 550, 599, 599, 546, 604, 683, 684, 554, 645, 872, 861, 704, 737, 780, 774, 536, 810, 1105, 928, 618, 661, 1101, 1120, 734, 919, 1184, 903, 563, 837, 1385, 1338, 817, 791, 1055, 966, 704, 907, 1201, 1200, 795, 749, 682, 679, 685, 836, 924, 898, 676, 701, 654, 582, 622, 867, 881, 690, 526, 570, 583, 586, 501, 685, 799, 625, 487, 472, 469, 527, 488, 481, 543, 506, 476, 559, 579, 636, 612, 551, 607, 540, 485, 418, 519, 614, 510, 511, 623, 626, 543, 483, 567, 574, 609, 568, 605, 621, 544, 429, 548, 556, 527, 486, 549, 630, 513, 469, 490, 499, 486, 501, 551, 565, 504, 510, 482, 365, 446, 511, 515, 463, 399, 482, 537, 485, 440, 485, 550, 510, 394, 524, 489, 510, 498, 445, 558, 471, 474, 393, 400, 498, 481, 409, 454, 474]"
0.5670880079269409,-0.3182973265647888,-0.3336585760116577,-0.019328251481056213,-0.33092811703681946,-0.39802905917167664,-0.021764740347862244,-0.2589762210845947,0.6713390350341797,18.75,-0.1860201358795166,0.9166717529296875,27.75,0.0019490718841552734,0.45990943908691406,29.5,0.17475485801696777,0.4840850830078125,19.5,0.2424180507659912,0.4310131072998047,25.0,"[542, 583, 573, 464, 453, 460, 576, 583, 512, 557, 527, 507, 533, 534, 605, 562, 455, 461, 447, 545, 645, 660, 610, 507, 477, 464, 481, 537, 582, 574, 544, 524, 462, 475, 518, 550, 559, 536, 547, 532, 566, 559, 488, 561, 594, 536, 547, 597, 497, 488, 507, 456, 473, 491, 493, 522, 528, 551, 527, 527, 483, 536, 539, 484, 502, 549, 519, 452, 474, 498, 556, 507, 540, 617, 589, 527, 512, 484, 527, 475, 508, 591, 560, 505, 476, 508, 488, 462, 572, 608, 588, 513, 462, 525, 579, 558, 557, 530, 579, 502, 544, 489, 477, 561, 630, 604, 608, 575, 677, 581, 512, 592, 526, 523, 607, 610, 634, 642, 614, 547, 543, 528, 592, 611, 520, 613, 582, 521, 567, 561, 540, 510, 576, 634, 490, 510, 597, 547, 538, 518, 591, 671, 550, 577, 656, 633, 585, 517, 578, 633, 525, 546, 515, 537, 527, 482, 573, 617, 511, 478, 518, 542, 531, 469, 529, 586, 471, 438, 557, 546, 593, 550, 556, 583, 566, 508, 562, 562, 567, 556, 614, 606, 549, 574, 549, 550, 509, 540, 633, 593, 540, 592, 586, 586, 510, 508, 584, 527, 528, 604, 587, 539, 520, 502, 538, 558, 497, 502, 574, 523, 502, 562, 555, 546, 480, 498, 537, 505, 507, 548, 560, 568, 472, 487, 456, 411, 569, 605, 487, 436, 563, 588, 447, 460, 546, 500, 512, 531, 598, 557, 580, 488, 517, 445, 458, 455, 502, 561, 606, 557, 583, 535, 454, 501, 556, 598, 577, 499, 621, 613, 435, 481, 614, 656, 541, 603, 630, 574, 529, 606, 694, 628, 601, 637, 613, 595, 614, 663, 611, 584, 537, 626, 671, 565, 541, 540, 578, 578, 595, 567, 566, 577, 513, 455, 542, 586, 632, 635, 565, 587, 556, 549, 525, 552, 599, 626, 620, 545, 580, 501, 494, 577, 630, 742, 636, 593, 662, 673, 543, 503, 549, 663, 624, 577, 515, 564, 569, 523, 453, 602, 579, 540, 583, 559, 463, 355, 461, 499, 480, 540, 571, 505, 474, 464, 442, 509, 561, 621, 643, 612, 517, 472, 485, 524, 515, 524, 603, 593, 529, 532, 690, 644, 516, 562, 632, 655, 538, 597, 1265, 950, 1253, 1440, 1179, 853, 1866, 2077, 3280, 1614, 3338, 3835, 2972, 1498, 5546, 6480, 3004, 1218, 2853, 3639, 2599, 1754, 3670, 4413, 4563, 4107, 4819, 5867, 3762, 5467, 12650, 12015, 6476, 3853, 6634, 7329, 5421, 4512, 13899, 14808, 3159, 2301, 4575, 4793, 2917, 2297, 6904, 7335, 2193, 5377, 7605, 5452, 1814, 4084, 7993, 7259, 2495, 8300, 10622, 6397, 1751, 6784, 12778, 11082, 2642, 8046, 8854, 4812, 1897, 7759, 13689, 11099, 2385, 5270, 5455, 3132, 1513, 5623, 9566, 7622, 1402, 2182, 2512, 1733, 1082, 2459, 4287, 3728, 816, 995, 1316, 1125, 764, 1040, 1633, 1506, 666, 756, 863, 755, 560, 711, 874, 801, 700, 693, 635, 648, 567, 652, 718, 688, 508, 648, 607, 607, 572, 677, 759, 691, 579, 602, 642, 581, 569, 659, 699, 732, 650, 681, 790, 740, 603, 646, 733, 772, 689, 700, 654, 545, 587, 665, 718, 726, 648, 587, 521, 636, 643, 697, 670, 598, 700, 582, 742, 857, 748, 747, 642, 671, 692, 650, 729, 735, 687, 621, 627, 712, 796, 913, 962, 885, 731, 656, 822, 762, 960, 1683, 1703, 1116, 797, 863, 1003, 843, 803, 2095, 2999, 2125, 824, 1562, 1536, 1400, 1553, 2422, 3190, 2558, 881, 2787, 2721, 1646, 1753, 2094, 2094, 1777, 1007, 2157, 2258, 1194, 1317, 1882, 1349, 894, 1093, 1309, 1403, 937, 748, 1065, 1095, 891, 942, 953, 825, 734, 1247, 1913, 1818, 1159, 791, 1280, 1325, 889, 1343, 2240, 2430, 1629, 841, 1393, 1659, 1369, 998, 1649, 1602, 1311, 825, 1370, 1732, 1182, 700, 1120, 1074, 958, 674, 929, 1389, 1023, 683, 924, 983, 770, 679, 904, 1088, 916, 695, 1081, 1245, 969, 716, 922, 1068, 887, 723, 1082, 1221, 973, 714, 852, 938, 738, 675, 835, 917, 900, 718, 626, 725, 708, 600, 686, 701, 725, 612, 623, 721, 639, 558, 792, 841, 588, 605, 643, 675, 668, 756, 922, 951, 735, 787, 801, 756, 840, 690, 783, 773, 696, 760, 830, 724, 744, 685, 717, 706, 641, 761, 752, 697, 718, 696, 618, 587, 645, 670, 586, 630, 729, 646, 641, 592, 724, 714, 643, 652, 600, 654, 698, 582, 607, 646, 700, 744, 620, 587, 567, 533, 623, 548, 583, 633, 526, 703, 642, 613, 754, 663, 570, 605, 662, 707, 590, 643, 709, 658, 576, 579, 680, 653, 641, 645, 719, 683, 572, 531, 640, 614, 637, 622, 569, 593, 548, 602, 641, 606, 592, 695, 659, 586, 565, 660, 766, 652, 595, 659, 603, 562, 592, 608, 721, 700, 637, 646, 602, 621, 649, 596, 648, 655, 649, 603, 624, 696, 658, 615, 602, 654, 627, 701, 846, 840, 697, 895, 897, 627, 544, 744, 964, 744, 580, 926, 916, 716, 689, 842, 928, 754, 664, 760, 807, 666, 601, 718, 819, 742, 620, 666, 755, 671, 612, 582, 639, 679, 698, 696, 608, 587, 492, 463, 534, 598, 672, 553, 569, 611, 525, 427, 534, 663, 592, 467, 551, 595, 579, 571, 579, 634, 574, 645, 671, 642, 657, 676, 586, 701, 635, 674, 760, 650, 612, 596, 621, 603, 615, 653, 685, 687, 569, 536, 631, 655, 629, 627, 711, 611, 643, 595, 566, 626, 659, 616, 525, 682, 861, 734, 627, 589, 727, 925, 656, 722, 781, 902, 781, 582, 800, 1065, 955, 641, 949, 991, 719, 623, 871, 1155, 961, 562, 841, 821, 711, 641, 801, 1098, 900, 539, 634, 671, 601, 665, 667, 782, 703, 524, 578, 634, 636, 616, 619, 706, 669, 559, 651, 608, 526, 477, 517, 714, 655, 608, 596, 648, 603, 494, 484, 663, 673, 595, 592, 697, 672, 487, 488, 617, 667, 543, 536, 666, 668, 570, 562, 503, 539, 570, 529, 559, 581, 500, 560, 646, 682, 470, 455, 550, 561, 503, 427, 526, 586, 503, 466, 436, 517, 539, 494, 433, 430, 386, 376, 397, 416, 449, 380, 332, 377, 500, 533, 413, 447, 364, 468, 499, 443, 422, 464, 452, 402, 414, 507, 459, 422, 370, 440, 488, 415, 419, 549, 533, 414]"
0.6117019057273865,-0.40663227438926697,-0.5260683298110962,0.06178893521428108,-0.5023198127746582,-0.7036750316619873,0.022556722164154053,-0.3104124069213867,0.9708881378173828,30.5,-0.16593074798583984,0.876617431640625,24.75,-0.1280221939086914,1.110219955444336,18.25,-0.004282951354980469,0.9614467620849609,21.75,0.030478477478027344,0.9135246276855469,21.75,"[565, 597, 570, 573, 650, 572, 572, 598, 579, 584, 623, 633, 647, 628, 591, 566, 589, 630, 621, 649, 584, 626, 629, 560, 545, 545, 619, 592, 476, 547, 573, 530, 538, 524, 512, 490, 513, 472, 468, 499, 458, 455, 478, 469, 555, 515, 453, 489, 478, 496, 462, 435, 454, 501, 542, 529, 522, 514, 535, 569, 531, 547, 560, 585, 531, 557, 573, 543, 497, 467, 521, 597, 511, 519, 472, 464, 502, 571, 531, 489, 507, 519, 532, 467, 489, 506, 560, 556, 496, 513, 550, 492, 496, 535, 510, 527, 499, 488, 520, 549, 474, 509, 627, 544, 588, 615, 539, 551, 541, 633, 656, 585, 612, 594, 517, 534, 598, 621, 578, 594, 621, 563, 512, 562, 572, 608, 535, 636, 509, 443, 484, 455, 487, 540, 490, 563, 631, 510, 581, 597, 647, 622, 507, 663, 536, 462, 561, 558, 568, 572, 541, 620, 550, 568, 580, 559, 605, 562, 521, 579, 579, 598, 503, 568, 639, 565, 535, 570, 612, 590, 445, 480, 523, 504, 450, 510, 492, 556, 509, 483, 440, 509, 562, 465, 559, 572, 559, 529, 551, 615, 564, 508, 446, 593, 533, 544, 571, 590, 535, 517, 478, 585, 593, 570, 634, 652, 634, 557, 563, 527, 555, 599, 591, 546, 611, 609, 582, 582, 617, 590, 576, 630, 634, 634, 605, 551, 582, 532, 493, 553, 599, 625, 487, 506, 586, 548, 535, 503, 552, 546, 523, 533, 537, 534, 532, 517, 510, 511, 538, 574, 516, 552, 560, 518, 542, 533, 546, 614, 601, 541, 533, 492, 540, 545, 571, 589, 553, 502, 569, 578, 547, 498, 552, 637, 548, 574, 639, 595, 512, 499, 608, 535, 560, 627, 663, 588, 540, 632, 580, 521, 595, 510, 546, 525, 508, 586, 622, 522, 634, 575, 539, 555, 583, 689, 550, 495, 585, 579, 555, 584, 497, 603, 569, 526, 606, 589, 482, 537, 577, 609, 605, 522, 543, 537, 569, 540, 537, 594, 452, 563, 608, 549, 625, 505, 573, 639, 464, 533, 653, 616, 586, 536, 669, 646, 565, 603, 857, 842, 609, 673, 878, 895, 1471, 1147, 1690, 1921, 1488, 1362, 2672, 2683, 4299, 4244, 6409, 5464, 3523, 4326, 9895, 9722, 7420, 9135, 13715, 9366, 4881, 8431, 19277, 19149, 6494, 8638, 13410, 8878, 3788, 7942, 18644, 18538, 3671, 4464, 6744, 6148, 3510, 4682, 10517, 10104, 2664, 2303, 3511, 3873, 2382, 2789, 6713, 6619, 1781, 3089, 3754, 2574, 1289, 3179, 5952, 5166, 2460, 4686, 5809, 3430, 1401, 4641, 8652, 7538, 2679, 5101, 6348, 3827, 1572, 4991, 9651, 8522, 2656, 4837, 6149, 3749, 1890, 4486, 8856, 8189, 2009, 3504, 4448, 2949, 1575, 2838, 5658, 5335, 1378, 2203, 2655, 1928, 1126, 1496, 2785, 2786, 915, 1432, 1631, 1176, 774, 949, 1579, 1615, 845, 1116, 1146, 881, 726, 796, 1140, 1120, 679, 1039, 991, 663, 676, 810, 1071, 904, 703, 796, 781, 675, 692, 656, 824, 886, 756, 707, 768, 716, 638, 590, 734, 853, 834, 690, 711, 770, 806, 636, 726, 896, 806, 716, 778, 833, 843, 781, 666, 775, 724, 618, 682, 724, 785, 740, 604, 787, 685, 608, 660, 723, 740, 642, 580, 641, 686, 536, 608, 742, 825, 639, 633, 751, 703, 711, 735, 737, 760, 640, 774, 774, 1241, 2683, 2573, 1193, 849, 1075, 1657, 1203, 3705, 7271, 6751, 2894, 1533, 2536, 3957, 2424, 5648, 9175, 8112, 3646, 1980, 3877, 5131, 3032, 4383, 6147, 5101, 2506, 1731, 3369, 4040, 2139, 2357, 2711, 2349, 2301, 1381, 2291, 2626, 1871, 1665, 1710, 2549, 2357, 1315, 1765, 1770, 1875, 1378, 1423, 2160, 1995, 1148, 1441, 1385, 1397, 1191, 1433, 1398, 1277, 879, 1216, 1377, 1042, 1074, 1534, 1358, 1024, 843, 1181, 1534, 1131, 1071, 1455, 1478, 1098, 893, 1092, 1350, 1030, 939, 1115, 1018, 914, 825, 906, 962, 674, 873, 915, 889, 757, 715, 725, 730, 716, 929, 1038, 919, 658, 710, 718, 597, 693, 884, 918, 933, 718, 740, 751, 754, 858, 699, 795, 967, 828, 655, 665, 748, 742, 722, 836, 965, 890, 675, 663, 740, 728, 768, 879, 880, 816, 717, 752, 693, 623, 633, 769, 697, 714, 718, 735, 763, 618, 544, 659, 669, 591, 589, 726, 614, 525, 663, 687, 758, 678, 620, 705, 683, 670, 722, 702, 740, 723, 617, 712, 858, 816, 540, 576, 634, 671, 497, 623, 737, 603, 554, 624, 616, 611, 525, 654, 704, 493, 513, 604, 646, 588, 429, 582, 686, 598, 592, 602, 652, 567, 497, 514, 592, 648, 626, 639, 686, 578, 510, 599, 625, 592, 634, 646, 625, 616, 632, 723, 651, 659, 637, 473, 528, 574, 648, 556, 552, 703, 634, 591, 614, 561, 598, 592, 535, 592, 669, 633, 535, 553, 629, 591, 474, 521, 624, 651, 636, 680, 739, 649, 576, 593, 733, 645, 584, 655, 701, 559, 651, 790, 672, 585, 588, 642, 743, 666, 640, 680, 639, 637, 653, 615, 589, 598, 647, 709, 632, 619, 550, 542, 626, 638, 589, 616, 728, 648, 672, 807, 771, 566, 640, 741, 752, 686, 756, 887, 835, 572, 938, 1060, 872, 547, 757, 784, 747, 573, 978, 1225, 865, 506, 700, 855, 738, 528, 994, 1233, 756, 542, 749, 708, 741, 670, 752, 993, 651, 561, 722, 761, 679, 626, 638, 791, 625, 631, 612, 685, 705, 586, 524, 629, 728, 651, 658, 671, 782, 653, 473, 636, 796, 688, 659, 758, 777, 697, 675, 779, 736, 755, 1006, 921, 697, 760, 1021, 1058, 711, 895, 1157, 863, 657, 982, 1194, 1014, 664, 1020, 1015, 782, 746, 936, 1038, 806, 684, 846, 913, 751, 689, 744, 988, 923, 677, 680, 786, 738, 719, 768, 790, 702, 624, 956, 933, 747, 662, 727, 824, 587, 642, 659, 710, 641, 593, 654, 602, 641, 713, 672, 707, 673, 569, 634, 731, 763, 687, 609, 609, 591, 527, 617, 623, 642, 599, 580, 495, 428, 454, 625, 577, 563, 453, 517, 634, 532, 415, 465, 505, 528, 507, 431, 591, 625, 520, 430, 510, 615, 453, 451, 627, 592, 498, 441, 510, 575, 446, 486, 498, 480, 433, 470, 477, 469, 507, 467, 421, 412, 494, 495, 407, 448, 500, 460, 487, 436, 397, 417, 446, 475, 464, 342, 500, 553, 408, 444, 531, 546]"
0.6581994295120239,-0.5000003576278687,-0.6853872537612915,0.14703506231307983,-0.605549693107605,-0.8677749037742615,0.09097743779420853,-0.35028672218322754,0.9837627410888672,18.75,-0.33054566383361816,1.0162353515625,26.75,-0.2720377445220947,0.9253978729248047,-28.75,-0.07620072364807129,2.524137496948242,16.0,-0.05960679054260254,1.28631591796875,15.5,"[598, 620, 681, 623, 609, 616, 681, 626, 592, 610, 718, 726, 578, 675, 772, 710, 487, 469, 561, 566, 474, 512, 585, 540, 519, 460, 515, 565, 589, 518, 512, 551, 480, 425, 444, 529, 534, 480, 486, 466, 455, 498, 490, 547, 553, 509, 553, 512, 491, 477, 491, 548, 505, 458, 516, 456, 503, 462, 499, 565, 474, 459, 450, 499, 565, 509, 374, 498, 523, 468, 476, 532, 537, 570, 462, 574, 619, 593, 634, 532, 449, 555, 575, 466, 540, 598, 586, 505, 600, 645, 623, 524, 543, 656, 591, 588, 570, 532, 565, 521, 529, 515, 500, 564, 524, 537, 536, 533, 607, 596, 557, 499, 520, 579, 570, 562, 641, 646, 616, 600, 495, 613, 699, 595, 570, 651, 631, 543, 400, 473, 631, 611, 526, 540, 560, 529, 571, 543, 584, 566, 552, 597, 660, 589, 556, 516, 463, 498, 506, 516, 527, 564, 565, 591, 569, 627, 608, 510, 641, 682, 518, 450, 543, 590, 542, 455, 551, 600, 577, 572, 575, 515, 537, 559, 507, 627, 464, 535, 547, 512, 539, 581, 546, 482, 621, 563, 530, 592, 588, 568, 540, 581, 534, 470, 528, 596, 657, 597, 552, 608, 537, 594, 562, 603, 675, 603, 629, 589, 583, 564, 549, 566, 709, 720, 664, 615, 578, 567, 569, 512, 561, 680, 601, 470, 586, 587, 512, 461, 463, 566, 559, 548, 523, 562, 575, 493, 600, 641, 545, 489, 596, 671, 635, 622, 602, 536, 488, 573, 606, 608, 624, 526, 562, 635, 543, 536, 540, 493, 562, 533, 532, 551, 503, 558, 530, 521, 576, 544, 521, 576, 536, 562, 575, 522, 525, 578, 609, 551, 472, 591, 451, 528, 538, 540, 555, 496, 519, 556, 435, 441, 466, 615, 628, 506, 527, 564, 513, 552, 467, 515, 578, 511, 471, 474, 531, 540, 475, 559, 576, 481, 570, 572, 518, 560, 529, 499, 525, 659, 563, 461, 919, 1100, 1435, 1463, 918, 1330, 2375, 2181, 1831, 1751, 2550, 2723, 1600, 1972, 4523, 4425, 1744, 1973, 2526, 2483, 1614, 2315, 4363, 3967, 3800, 5299, 6785, 4828, 2814, 5625, 11111, 10150, 11700, 12216, 18649, 13132, 7620, 12798, 29751, 29673, 13949, 11902, 20326, 15456, 9163, 12430, 31923, 33168, 6401, 5091, 9027, 7738, 4584, 5432, 14031, 14658, 1228, 1684, 1891, 1823, 1313, 1870, 3171, 2668, 1042, 1485, 1666, 1385, 787, 1677, 3131, 2741, 917, 1149, 1425, 1170, 724, 1199, 2018, 1763, 1020, 1533, 1891, 1446, 816, 1623, 2742, 2349, 1330, 1518, 1802, 1496, 935, 1626, 2834, 2707, 1818, 2331, 3524, 2342, 1148, 1580, 3827, 3998, 1834, 4525, 5964, 3437, 1161, 2667, 5794, 5474, 1711, 5069, 5733, 3045, 1126, 3261, 5896, 4785, 1263, 3417, 3692, 1890, 873, 2250, 3897, 3086, 922, 2221, 2644, 1594, 677, 1483, 2547, 2231, 883, 1605, 1862, 1164, 695, 1188, 1814, 1622, 832, 1105, 1148, 844, 743, 990, 1297, 1201, 660, 912, 917, 746, 624, 661, 903, 899, 697, 809, 686, 641, 661, 698, 859, 711, 823, 787, 643, 692, 741, 722, 789, 786, 743, 801, 694, 656, 635, 713, 875, 754, 723, 794, 833, 701, 574, 766, 904, 838, 605, 660, 762, 627, 644, 707, 730, 651, 625, 825, 731, 590, 760, 626, 665, 648, 704, 972, 1173, 1051, 705, 772, 863, 805, 1821, 2435, 2726, 2169, 1365, 1710, 1865, 1344, 3929, 4939, 4257, 2996, 2726, 3624, 3325, 2066, 4957, 6236, 4710, 3076, 3621, 4620, 3780, 2513, 4287, 4930, 4329, 3046, 3482, 4227, 3085, 2701, 2621, 2877, 2845, 2315, 2356, 2858, 2165, 1989, 1657, 1700, 1337, 1327, 1193, 1664, 1677, 1212, 1131, 1424, 1247, 905, 960, 1200, 1254, 909, 1022, 1425, 1304, 1075, 1022, 1164, 1222, 1093, 940, 1075, 1009, 846, 872, 1046, 1084, 894, 781, 1121, 997, 691, 670, 832, 995, 833, 811, 1116, 989, 737, 733, 834, 1112, 1016, 909, 1038, 1020, 906, 767, 811, 1149, 1044, 883, 912, 956, 881, 667, 879, 1078, 988, 820, 868, 923, 817, 669, 810, 970, 858, 737, 691, 728, 753, 792, 766, 778, 759, 861, 801, 603, 656, 784, 738, 678, 779, 815, 695, 762, 773, 767, 661, 719, 819, 776, 623, 649, 795, 813, 643, 760, 807, 754, 695, 686, 864, 814, 661, 693, 778, 731, 697, 611, 757, 772, 653, 741, 780, 759, 616, 641, 709, 697, 594, 723, 733, 858, 736, 736, 723, 751, 798, 696, 794, 853, 730, 683, 725, 794, 834, 729, 824, 817, 719, 687, 733, 720, 749, 807, 805, 809, 751, 646, 682, 780, 732, 811, 801, 588, 670, 701, 753, 698, 584, 764, 747, 595, 644, 556, 593, 646, 673, 637, 558, 545, 598, 575, 596, 638, 604, 639, 558, 599, 646, 646, 565, 637, 633, 543, 589, 620, 700, 738, 655, 624, 581, 634, 713, 595, 632, 701, 680, 561, 632, 713, 592, 523, 630, 637, 605, 541, 571, 592, 465, 496, 533, 566, 585, 579, 538, 581, 546, 557, 491, 516, 540, 580, 606, 599, 511, 575, 532, 598, 626, 520, 631, 687, 614, 719, 676, 873, 990, 687, 844, 1306, 1132, 1431, 839, 1450, 1807, 1356, 977, 2649, 2860, 2040, 914, 1645, 2316, 2005, 859, 3173, 3766, 1862, 815, 1339, 1990, 1866, 945, 2457, 3061, 1319, 937, 1210, 1341, 1330, 1140, 1896, 2095, 1045, 884, 923, 924, 896, 983, 1358, 1394, 970, 669, 654, 722, 747, 822, 947, 1046, 835, 722, 721, 736, 616, 745, 836, 913, 498, 716, 908, 788, 589, 693, 874, 811, 591, 873, 1022, 846, 673, 784, 990, 980, 577, 813, 1018, 849, 626, 669, 1040, 1021, 564, 811, 861, 724, 630, 639, 907, 881, 689, 726, 671, 734, 762, 797, 873, 842, 818, 814, 720, 795, 911, 894, 878, 836, 737, 797, 880, 866, 792, 824, 948, 869, 634, 684, 751, 673, 643, 712, 750, 706, 617, 595, 612, 632, 638, 718, 703, 642, 679, 594, 553, 559, 590, 610, 576, 664, 524, 487, 462, 475, 548, 490, 408, 476, 579, 554, 485, 445, 551, 595, 498, 473, 642, 663, 626, 552, 561, 705, 746, 672, 651, 735, 774, 626, 549, 630, 705, 680, 561, 612, 738, 611, 471, 546, 627, 610, 590, 487, 513, 496, 536, 503, 448, 584, 474, 458, 447, 447, 475, 442, 400, 490, 440, 463, 457, 493, 497, 424, 417, 460]"
0.6696508526802063,-0.5990501046180725,-0.8053641319274902,0.12317603081464767,-0.7042941451072693,-0.9608138203620911,0.011712364852428436,-1.0573766231536865,1.2013435363769531,26.5,-0.5172154903411865,0.9279727935791016,-31.75,-0.4808804988861084,0.8904933929443359,-31.0,-0.41965460777282715,0.8763313293457031,23.75,-0.3771684169769287,0.8847713470458984,15.75,"[584, 547, 487, 623, 713, 623, 490, 543, 551, 483, 513, 609, 725, 659, 539, 584, 561, 552, 538, 578, 621, 569, 496, 540, 634, 591, 491, 541, 598, 509, 441, 483, 563, 523, 504, 500, 506, 506, 523, 511, 552, 553, 517, 479, 515, 635, 603, 523, 554, 563, 566, 587, 609, 632, 477, 448, 512, 559, 594, 563, 556, 602, 516, 495, 505, 421, 452, 494, 484, 461, 462, 527, 505, 534, 506, 523, 553, 551, 505, 519, 521, 650, 639, 499, 543, 557, 522, 493, 524, 649, 710, 567, 534, 590, 552, 502, 528, 512, 506, 535, 534, 521, 423, 487, 548, 508, 414, 448, 521, 509, 483, 530, 661, 608, 518, 564, 520, 568, 597, 605, 567, 517, 555, 626, 612, 573, 573, 560, 560, 527, 577, 561, 547, 550, 489, 526, 540, 529, 574, 581, 551, 468, 437, 516, 525, 497, 513, 560, 586, 546, 512, 426, 571, 495, 586, 636, 511, 574, 544, 519, 516, 508, 620, 586, 492, 562, 608, 576, 560, 593, 576, 557, 536, 634, 671, 595, 534, 574, 603, 557, 599, 617, 624, 637, 538, 497, 549, 631, 623, 508, 533, 547, 581, 612, 564, 633, 612, 605, 570, 542, 618, 648, 593, 579, 574, 618, 597, 604, 606, 673, 744, 572, 511, 533, 554, 624, 578, 516, 549, 574, 625, 507, 474, 604, 523, 519, 541, 590, 533, 473, 548, 551, 464, 406, 542, 597, 535, 489, 514, 544, 506, 545, 489, 452, 450, 584, 604, 462, 496, 460, 470, 540, 500, 478, 495, 509, 515, 592, 567, 579, 578, 573, 639, 553, 602, 654, 639, 600, 665, 712, 730, 632, 715, 950, 1002, 791, 700, 1097, 1553, 1326, 2428, 4269, 5127, 3341, 1655, 4651, 8527, 7376, 6728, 10419, 13872, 8891, 4377, 10849, 22066, 20253, 8439, 10953, 16036, 10904, 5414, 11174, 24561, 23602, 4683, 4969, 8141, 6267, 3167, 5108, 12138, 12136, 1486, 1848, 2702, 2135, 1081, 2072, 4292, 4042, 1529, 1837, 2558, 1767, 1095, 1997, 3881, 3726, 2150, 3256, 3970, 3012, 1656, 3595, 6516, 5818, 2203, 4091, 4961, 3399, 1763, 4361, 8309, 7215, 1364, 2566, 3315, 2297, 1144, 2470, 4806, 4251, 1130, 1512, 1606, 1286, 872, 1628, 2538, 2178, 1593, 2765, 2815, 1652, 1080, 3025, 5122, 4205, 1236, 3167, 3204, 1930, 1005, 3613, 5733, 4331, 966, 2423, 2279, 1613, 955, 2890, 3949, 2574, 755, 1346, 1298, 1028, 757, 1535, 1988, 1367, 694, 783, 838, 705, 705, 818, 949, 882, 2263, 3861, 4338, 2430, 1494, 2085, 4031, 3507, 4520, 10829, 11665, 5452, 2457, 5584, 10656, 8435, 4058, 12187, 13677, 6603, 2015, 6950, 12932, 10321, 2144, 7961, 10160, 5598, 1251, 4869, 10002, 9001, 1867, 6408, 7588, 3896, 1118, 3988, 7783, 6782, 1849, 5005, 5217, 2433, 953, 3395, 5552, 4248, 1612, 3055, 2695, 1223, 768, 2111, 3001, 2077, 1159, 1750, 1490, 806, 723, 1178, 1591, 1129, 747, 1040, 996, 787, 626, 841, 1120, 864, 717, 753, 749, 690, 619, 783, 932, 773, 841, 790, 791, 748, 634, 745, 803, 718, 915, 1036, 958, 713, 831, 815, 834, 676, 1212, 1615, 1427, 836, 1057, 1196, 1112, 715, 1395, 2041, 1782, 1013, 1370, 1352, 1162, 932, 1772, 1838, 1532, 1672, 1916, 1363, 1063, 1581, 4581, 5243, 5064, 4609, 3557, 3016, 3528, 3404, 7659, 9060, 8857, 7488, 5130, 5531, 6172, 5265, 6570, 7543, 6812, 5580, 4193, 5319, 5059, 3959, 4298, 4818, 4440, 3387, 2587, 4508, 4285, 2664, 3315, 4117, 3969, 2726, 1849, 4180, 3813, 2044, 2016, 2734, 2709, 1742, 1074, 2621, 2487, 1303, 1526, 2389, 2115, 1099, 1054, 1603, 1787, 1154, 1231, 1967, 1716, 962, 1024, 1314, 1529, 1170, 1116, 1399, 1242, 916, 953, 889, 925, 828, 1416, 1822, 1482, 979, 953, 1273, 1346, 990, 1335, 1665, 1471, 1019, 781, 1268, 1702, 1313, 1026, 1370, 1459, 1096, 793, 1130, 1735, 1490, 976, 1193, 1274, 967, 861, 934, 1340, 1280, 851, 1101, 1074, 774, 780, 910, 997, 742, 829, 1014, 894, 829, 797, 824, 847, 701, 698, 796, 711, 608, 693, 782, 748, 619, 712, 702, 715, 653, 555, 658, 764, 751, 695, 611, 684, 736, 567, 631, 711, 726, 761, 780, 767, 751, 671, 661, 658, 709, 738, 825, 768, 624, 638, 714, 634, 661, 713, 753, 636, 633, 667, 745, 701, 691, 731, 769, 704, 600, 698, 781, 678, 618, 954, 918, 759, 850, 1011, 908, 871, 911, 1382, 1094, 1011, 1390, 1553, 1148, 1333, 1604, 1167, 892, 900, 1155, 1195, 938, 1194, 1378, 778, 682, 732, 943, 820, 672, 942, 924, 662, 609, 649, 712, 659, 625, 822, 870, 764, 533, 680, 783, 647, 644, 690, 825, 750, 762, 721, 689, 586, 627, 729, 681, 699, 656, 770, 815, 684, 625, 767, 752, 774, 602, 654, 720, 716, 609, 705, 827, 703, 559, 635, 669, 604, 603, 698, 795, 695, 621, 643, 710, 568, 609, 631, 705, 588, 582, 656, 646, 624, 565, 701, 790, 717, 562, 661, 636, 592, 630, 736, 775, 733, 639, 676, 639, 535, 615, 672, 751, 665, 708, 632, 582, 629, 701, 670, 593, 802, 758, 869, 870, 750, 680, 1187, 1232, 1457, 754, 1072, 1264, 1137, 634, 1769, 2250, 1065, 868, 919, 861, 803, 757, 1101, 1339, 1682, 1258, 1448, 1604, 1319, 1049, 1621, 1917, 1616, 1481, 1251, 1552, 1436, 1305, 1757, 2034, 1284, 1115, 1089, 1296, 1195, 1115, 1688, 1804, 1179, 901, 1208, 1460, 1128, 922, 1550, 1637, 923, 1054, 1423, 1542, 1091, 1151, 1744, 1400, 1059, 1100, 1438, 1429, 1131, 1149, 1598, 1437, 1216, 1582, 1423, 1039, 991, 1060, 1478, 1272, 1168, 1984, 1760, 1045, 743, 1603, 2034, 1192, 1146, 1968, 2319, 1572, 720, 1601, 2343, 2019, 928, 1701, 2143, 1420, 574, 1249, 2148, 2012, 767, 1314, 1389, 929, 667, 1051, 1643, 1404, 691, 760, 830, 695, 617, 745, 961, 927, 652, 668, 712, 618, 630, 655, 1008, 950, 550, 756, 872, 962, 730, 932, 1308, 958, 780, 774, 1087, 1178, 771, 903, 1528, 1370, 848, 806, 818, 744, 578, 800, 1153, 1176, 727, 758, 674, 539, 530, 633, 617, 644, 812, 705, 617, 574, 566, 575, 570, 722, 657, 660, 551, 510, 497, 664, 706, 603, 576, 601, 464, 509, 504, 666, 623, 453, 452, 468, 525, 501, 430, 482, 523, 505, 505, 469, 473, 465, 458, 445, 483, 513, 454, 430, 528, 530, 483, 443, 482, 563]"
0.6099733710289001,-0.5732076168060303,-0.7669090032577515,-0.0008215904235839844,-0.4808802604675293,-0.687663197517395,-0.05333439260721207,-0.242334246635437,0.34389495849609375,16.5,-0.166803240776062,0.3471851348876953,23.75,-0.10972583293914795,0.3104209899902344,23.0,-0.0622328519821167,0.31585693359375,16.5,0.0544968843460083,0.03948211669921875,16.25,"[535, 610, 712, 690, 607, 697, 707, 610, 555, 591, 632, 719, 743, 635, 646, 652, 424, 529, 657, 556, 483, 524, 605, 565, 558, 574, 533, 507, 550, 515, 518, 570, 475, 510, 489, 530, 542, 570, 599, 506, 434, 431, 512, 528, 436, 536, 629, 520, 552, 505, 540, 580, 583, 588, 627, 568, 528, 580, 550, 505, 555, 551, 484, 475, 572, 646, 576, 502, 493, 539, 558, 489, 580, 615, 547, 527, 542, 609, 577, 521, 624, 651, 525, 531, 559, 616, 583, 501, 556, 551, 585, 569, 578, 593, 583, 531, 563, 613, 544, 459, 575, 635, 616, 578, 478, 587, 576, 530, 538, 606, 596, 520, 574, 625, 581, 580, 590, 534, 538, 590, 517, 618, 558, 568, 511, 507, 572, 512, 571, 548, 490, 531, 566, 570, 550, 554, 660, 578, 521, 556, 570, 597, 584, 602, 645, 606, 536, 576, 647, 552, 531, 559, 542, 611, 547, 496, 586, 638, 581, 501, 504, 451, 521, 552, 508, 531, 481, 453, 560, 553, 495, 496, 533, 499, 459, 495, 651, 601, 561, 560, 616, 560, 510, 574, 726, 667, 548, 618, 649, 652, 522, 602, 613, 649, 560, 630, 648, 617, 598, 594, 651, 841, 690, 459, 555, 675, 708, 557, 667, 915, 763, 567, 497, 625, 641, 515, 548, 628, 646, 491, 414, 530, 601, 592, 609, 536, 677, 602, 495, 644, 691, 664, 567, 521, 588, 580, 517, 609, 574, 587, 600, 530, 527, 540, 534, 512, 454, 503, 778, 740, 776, 741, 583, 616, 676, 675, 2556, 2397, 3325, 2617, 1183, 1331, 3052, 3703, 4433, 5897, 8659, 6034, 2018, 3329, 7950, 8724, 3507, 6252, 8800, 5705, 1736, 3734, 8189, 8294, 1600, 3049, 4035, 2572, 1089, 2171, 3944, 3752, 1173, 1110, 1792, 1398, 861, 899, 1701, 2019, 832, 1078, 1508, 1204, 656, 830, 1512, 1675, 1237, 1269, 1358, 1088, 788, 964, 1485, 1600, 1911, 2467, 3091, 1989, 1032, 1620, 3296, 3363, 1977, 2983, 3779, 2343, 1084, 2080, 4204, 4083, 1669, 2726, 3310, 2008, 931, 2051, 3913, 3630, 1299, 2344, 2541, 1544, 776, 1836, 3081, 2684, 997, 1522, 1334, 927, 778, 1394, 1950, 1465, 857, 1269, 1150, 775, 733, 1058, 1471, 1237, 819, 1059, 950, 731, 764, 918, 1172, 1041, 718, 748, 775, 734, 647, 722, 708, 715, 796, 747, 905, 724, 620, 673, 815, 976, 1565, 2618, 3240, 2034, 931, 1365, 2735, 2809, 5045, 12157, 12098, 5227, 2921, 5558, 9016, 6250, 9737, 23248, 22797, 9417, 5435, 10412, 17371, 11687, 8565, 20161, 19878, 8190, 4633, 9758, 16286, 11338, 4464, 8822, 8212, 3511, 2376, 4868, 7735, 5490, 2309, 3995, 3430, 1780, 1258, 2541, 3469, 2362, 1220, 2265, 2345, 1425, 853, 1586, 2436, 1944, 1191, 1851, 1882, 1138, 828, 1394, 2088, 1685, 1343, 1976, 1577, 800, 820, 1349, 1615, 1069, 1222, 1947, 1598, 695, 807, 1248, 1491, 978, 1068, 1620, 1312, 637, 931, 1130, 1179, 876, 1747, 2124, 1626, 933, 1252, 1525, 1433, 1198, 2190, 2671, 2343, 1528, 1622, 2122, 1765, 1570, 1913, 2454, 2251, 1337, 1420, 1864, 1628, 1302, 2375, 2573, 2067, 1672, 1475, 1894, 2029, 1875, 2886, 3051, 2686, 2143, 1550, 2170, 2259, 2113, 1900, 2521, 2705, 2114, 1334, 1793, 1943, 1662, 3650, 5586, 4955, 2612, 1948, 2995, 3355, 2020, 4639, 6919, 5905, 2986, 2405, 3933, 4033, 2292, 3642, 4947, 3966, 2100, 1878, 2868, 2843, 1777, 1959, 2389, 1921, 1188, 1007, 1453, 1418, 1227, 981, 1667, 1665, 938, 770, 1239, 1368, 1100, 1049, 1746, 1732, 1031, 865, 1185, 1470, 1125, 1097, 1473, 1439, 905, 835, 897, 1152, 1052, 1136, 1610, 1494, 870, 859, 904, 1235, 1061, 1077, 1483, 1359, 942, 768, 812, 1105, 975, 1156, 1491, 1203, 733, 778, 803, 884, 682, 1199, 1849, 1536, 656, 894, 998, 1027, 702, 990, 1538, 1319, 665, 790, 979, 946, 657, 804, 899, 813, 743, 715, 826, 805, 705, 826, 861, 783, 781, 680, 782, 886, 760, 809, 901, 798, 680, 637, 671, 848, 812, 651, 734, 723, 602, 642, 719, 728, 695, 828, 772, 741, 750, 832, 861, 813, 862, 958, 852, 916, 913, 944, 724, 908, 1085, 819, 834, 937, 921, 940, 645, 700, 842, 942, 1017, 874, 787, 827, 784, 725, 779, 979, 1074, 937, 807, 935, 904, 834, 825, 890, 948, 832, 854, 930, 869, 773, 788, 870, 835, 796, 860, 796, 753, 770, 745, 785, 788, 776, 814, 733, 728, 706, 651, 735, 714, 620, 727, 725, 697, 745, 751, 805, 873, 758, 782, 717, 793, 950, 785, 918, 752, 876, 1016, 911, 801, 891, 924, 1026, 759, 766, 1028, 933, 772, 806, 928, 950, 808, 645, 830, 853, 723, 832, 953, 857, 727, 721, 831, 791, 706, 837, 879, 950, 715, 801, 1055, 902, 736, 861, 893, 971, 680, 699, 888, 788, 830, 867, 873, 856, 776, 682, 783, 780, 832, 898, 845, 923, 755, 684, 844, 705, 610, 752, 839, 828, 715, 887, 904, 667, 648, 856, 914, 880, 765, 801, 868, 703, 717, 838, 949, 900, 600, 746, 900, 756, 681, 827, 952, 787, 1435, 1463, 974, 700, 992, 1444, 1122, 1456, 3247, 3744, 2232, 1017, 1996, 3397, 2760, 1913, 3501, 4564, 3120, 1356, 2231, 3989, 3640, 1829, 2040, 2937, 2438, 1304, 1425, 2572, 2666, 1865, 1337, 1786, 1841, 1217, 1078, 1575, 2165, 1649, 1077, 1420, 1589, 1161, 917, 1548, 2131, 1076, 843, 1207, 1275, 950, 937, 1499, 1568, 847, 1095, 1217, 1106, 865, 1014, 1196, 1022, 1479, 1512, 1493, 1260, 1098, 1102, 1304, 1314, 2016, 1691, 1854, 1766, 1292, 1247, 1844, 2098, 1914, 1305, 1878, 2073, 1265, 1114, 1899, 2207, 1545, 1248, 1679, 1764, 1171, 1091, 1376, 1500, 1092, 1154, 1269, 1218, 936, 990, 1134, 1059, 1017, 935, 813, 893, 865, 844, 783, 947, 1037, 704, 834, 804, 881, 880, 1047, 1266, 941, 785, 971, 902, 763, 965, 1379, 1373, 835, 724, 819, 809, 605, 812, 1049, 1021, 801, 662, 842, 867, 716, 715, 889, 959, 910, 809, 916, 827, 653, 852, 1072, 1040, 810, 750, 790, 746, 592, 722, 920, 993, 730, 718, 711, 483, 461, 546, 746, 869, 633, 761, 862, 607, 505, 523, 735, 886, 632, 679, 752, 578, 517, 671, 671, 674, 643, 535, 539, 584, 598, 564, 425, 569, 535, 498, 518, 491, 521, 557, 546, 481, 461, 530, 545, 454, 389, 462, 474, 461]"
0.580200731754303,-0.6384270787239075,-0.6809301376342773,-0.055302511900663376,-0.4488580822944641,-0.4425211250782013,-0.07156059145927429,-0.021011531352996826,-0.27294158935546875,25.75,-0.005705058574676514,-0.15320777893066406,17.0,0.027625858783721924,-0.20241737365722656,21.0,0.09643346071243286,0.38623809814453125,27.5,0.1583746075630188,0.2589225769042969,20.5,"[505, 563, 623, 583, 572, 581, 621, 565, 549, 555, 569, 592, 561, 569, 638, 621, 533, 564, 574, 572, 535, 582, 568, 545, 595, 470, 568, 550, 538, 509, 486, 600, 541, 470, 489, 572, 541, 516, 531, 544, 446, 461, 484, 454, 406, 522, 585, 512, 469, 543, 557, 540, 553, 517, 517, 471, 487, 472, 521, 473, 534, 538, 526, 562, 534, 534, 558, 521, 567, 559, 548, 600, 494, 483, 546, 577, 574, 483, 447, 574, 520, 517, 523, 523, 529, 503, 491, 504, 538, 591, 555, 505, 574, 609, 561, 520, 544, 621, 637, 602, 546, 574, 678, 568, 577, 573, 608, 568, 541, 503, 537, 578, 558, 644, 648, 547, 551, 556, 535, 520, 618, 702, 629, 532, 610, 644, 623, 560, 561, 604, 523, 490, 574, 585, 508, 439, 588, 647, 615, 555, 569, 605, 569, 500, 606, 602, 612, 627, 648, 598, 525, 614, 639, 610, 585, 598, 582, 569, 551, 636, 688, 637, 513, 605, 592, 556, 523, 608, 572, 634, 588, 520, 540, 595, 552, 549, 567, 578, 557, 542, 491, 545, 606, 566, 739, 602, 509, 505, 576, 542, 494, 634, 653, 628, 533, 483, 596, 622, 519, 564, 597, 651, 679, 657, 698, 690, 649, 579, 597, 616, 592, 587, 594, 624, 628, 555, 630, 518, 499, 523, 539, 547, 573, 618, 528, 449, 568, 643, 546, 525, 566, 609, 576, 567, 642, 742, 624, 574, 587, 567, 558, 534, 542, 642, 598, 517, 597, 522, 545, 594, 678, 607, 580, 612, 599, 539, 1281, 3488, 3916, 2017, 1072, 1881, 1929, 1414, 2782, 9365, 10469, 5018, 2273, 4570, 4866, 3671, 3020, 10101, 11151, 5294, 2276, 4672, 5710, 4364, 2663, 5990, 6370, 3618, 1608, 3307, 4424, 3392, 3554, 10123, 11723, 6655, 2019, 5967, 10420, 8826, 4180, 16375, 18066, 8939, 2206, 10388, 18030, 13949, 3279, 13127, 13527, 5952, 1679, 8427, 13766, 9790, 1584, 4732, 4485, 1766, 884, 3022, 4616, 2958, 649, 855, 1082, 796, 534, 762, 1065, 1055, 723, 1345, 1504, 911, 623, 921, 1270, 1124, 545, 1154, 1347, 830, 559, 842, 1267, 1101, 670, 866, 1158, 920, 600, 774, 1179, 1157, 626, 836, 938, 737, 574, 756, 1004, 963, 1177, 2211, 2227, 1251, 769, 1473, 2316, 1857, 2363, 5345, 5808, 3016, 1087, 2895, 5261, 4394, 4475, 9790, 9872, 4606, 2129, 5133, 8498, 6334, 7385, 16718, 15287, 5537, 4009, 8064, 11993, 7034, 8921, 20693, 18799, 6743, 4626, 9348, 14072, 7797, 5560, 11894, 10685, 4259, 2498, 6080, 8530, 4837, 3689, 5552, 4084, 1602, 1608, 3289, 4013, 2034, 2787, 4208, 3264, 1402, 1315, 2032, 2739, 1699, 2011, 3126, 2596, 1187, 1138, 1524, 1960, 1423, 1513, 2319, 1933, 968, 948, 1326, 1610, 1097, 1191, 1550, 1247, 811, 762, 948, 1045, 749, 1423, 1566, 1032, 803, 1103, 1137, 955, 728, 2978, 2979, 1838, 1775, 2297, 2951, 2329, 813, 3728, 3746, 3324, 2516, 2711, 4378, 3540, 1025, 2673, 4077, 3856, 2033, 1927, 3400, 2871, 1139, 2657, 4564, 3914, 1706, 1840, 2550, 2504, 1352, 2655, 3697, 3313, 1978, 1889, 2702, 2473, 1656, 2871, 3611, 3239, 2268, 2111, 2632, 2084, 1793, 3610, 4721, 3809, 2277, 2299, 2757, 2538, 1806, 3227, 4458, 3775, 2145, 1879, 2726, 2539, 1800, 2165, 3066, 2829, 1499, 1371, 2108, 1868, 1274, 1200, 1962, 1919, 1049, 935, 1329, 1181, 818, 869, 1351, 1254, 814, 722, 966, 998, 817, 883, 965, 820, 785, 702, 690, 779, 837, 1121, 1261, 991, 828, 866, 747, 710, 894, 1191, 1320, 1023, 823, 966, 830, 652, 929, 979, 968, 885, 803, 743, 658, 631, 834, 823, 885, 856, 681, 682, 722, 710, 786, 735, 880, 793, 529, 701, 825, 610, 567, 771, 807, 842, 654, 728, 735, 627, 747, 803, 772, 735, 599, 676, 626, 585, 785, 701, 738, 751, 670, 615, 708, 733, 625, 650, 816, 813, 634, 528, 637, 694, 614, 720, 777, 723, 614, 595, 647, 638, 645, 792, 781, 580, 599, 680, 654, 593, 659, 891, 852, 728, 810, 979, 939, 802, 758, 1277, 1278, 980, 1256, 1446, 1311, 1107, 1036, 1471, 1596, 1229, 1334, 1738, 1490, 1198, 1210, 1237, 1222, 897, 980, 1205, 1081, 934, 1044, 848, 765, 593, 569, 622, 694, 721, 812, 677, 679, 731, 648, 586, 540, 615, 728, 688, 701, 820, 740, 606, 553, 658, 695, 653, 723, 760, 691, 647, 632, 612, 636, 660, 587, 555, 628, 640, 623, 646, 719, 662, 591, 521, 559, 563, 671, 686, 720, 728, 689, 618, 600, 561, 640, 569, 612, 710, 654, 725, 715, 720, 665, 637, 731, 886, 795, 705, 843, 818, 752, 784, 835, 1039, 917, 793, 916, 746, 836, 985, 973, 948, 928, 721, 759, 809, 762, 871, 880, 738, 862, 752, 622, 637, 728, 778, 696, 690, 746, 703, 645, 697, 665, 614, 631, 701, 817, 817, 654, 672, 714, 707, 650, 931, 927, 862, 829, 742, 752, 806, 838, 853, 883, 851, 719, 681, 784, 765, 797, 772, 815, 785, 664, 728, 779, 755, 696, 756, 808, 762, 698, 694, 720, 815, 743, 831, 777, 795, 864, 802, 722, 1009, 1002, 1038, 1179, 1006, 897, 927, 954, 1202, 1085, 1527, 1997, 1986, 1597, 1300, 1704, 2591, 2666, 2572, 3014, 3281, 2720, 1771, 2499, 4224, 4530, 2174, 2258, 2388, 2127, 1437, 2107, 3178, 3164, 1304, 1135, 1062, 1153, 915, 1102, 1189, 1247, 1106, 1764, 1639, 1092, 935, 1152, 1750, 1397, 1513, 2425, 1867, 1125, 1001, 1593, 2183, 1320, 1399, 1945, 1601, 1265, 1014, 1546, 2012, 1303, 1789, 1757, 1611, 1586, 1010, 1243, 1620, 1534, 1489, 1621, 1680, 1489, 841, 1247, 1455, 1256, 1394, 1395, 1550, 1587, 958, 1195, 1780, 1452, 1296, 1324, 1469, 1427, 909, 1180, 1729, 1394, 1217, 1232, 1439, 1447, 1008, 1139, 1594, 1409, 1301, 1100, 1180, 1305, 922, 965, 1251, 1305, 1083, 868, 1136, 1175, 713, 787, 1024, 1212, 904, 786, 1184, 1041, 660, 784, 1198, 1300, 707, 707, 1074, 869, 610, 668, 983, 1061, 743, 687, 823, 721, 564, 586, 792, 913, 677, 708, 772, 714, 592, 738, 877, 856, 671, 713, 1022, 1007, 738, 755, 1075, 1039, 689, 641, 935, 958, 714, 660, 975, 983, 496, 615, 736, 623, 506, 501, 732, 747, 491, 574, 577, 533, 344, 461, 677, 629, 600, 564, 550, 560, 486, 513, 670, 644, 543, 564, 582, 533, 423, 631, 726, 594]"
0.574312686920166,-0.6833128929138184,-0.7251822352409363,-0.062458571046590805,0.0,0.0,0.0,-0.3204931616783142,-0.8122444152832031,18.75,-0.10090965032577515,-0.8305549621582031,15.25,-0.0774492621421814,-0.5370140075683594,29.75,-0.05785125494003296,-0.49381256103515625,28.0,0.05430084466934204,-0.2913951873779297,22.75,"[364, 497, 630, 634, 561, 632, 630, 494, 487, 603, 636, 656, 708, 686, 573, 431, 494, 581, 543, 544, 631, 618, 554, 477, 593, 592, 485, 542, 586, 520, 468, 522, 547, 554, 487, 509, 586, 546, 522, 484, 510, 563, 649, 628, 545, 590, 646, 628, 494, 542, 558, 548, 472, 534, 604, 535, 521, 554, 535, 487, 471, 533, 494, 481, 532, 627, 619, 539, 540, 617, 521, 449, 600, 630, 660, 635, 607, 686, 679, 596, 543, 577, 596, 566, 502, 541, 514, 477, 519, 549, 559, 568, 576, 536, 524, 542, 548, 566, 549, 563, 576, 632, 584, 556, 470, 629, 592, 558, 660, 662, 522, 453, 488, 485, 504, 523, 484, 490, 503, 453, 548, 529, 560, 636, 509, 585, 580, 526, 562, 548, 468, 534, 576, 597, 538, 488, 560, 528, 524, 476, 598, 550, 510, 586, 585, 622, 591, 491, 509, 523, 515, 605, 543, 549, 583, 536, 481, 559, 594, 607, 640, 546, 500, 547, 504, 543, 531, 545, 587, 666, 580, 535, 535, 590, 604, 530, 529, 698, 704, 475, 564, 614, 675, 629, 603, 704, 658, 522, 536, 491, 559, 584, 554, 662, 647, 499, 514, 518, 608, 534, 636, 640, 603, 623, 619, 581, 637, 640, 613, 635, 668, 664, 626, 640, 665, 633, 718, 718, 701, 631, 657, 685, 790, 732, 628, 620, 595, 648, 566, 538, 646, 675, 588, 558, 456, 486, 555, 557, 562, 518, 667, 761, 662, 542, 594, 551, 602, 565, 688, 755, 668, 602, 593, 538, 601, 550, 897, 1137, 875, 576, 646, 762, 967, 764, 1327, 1305, 1018, 978, 714, 1330, 1426, 865, 2786, 5374, 5410, 2943, 2027, 3523, 4583, 2513, 6870, 16525, 15403, 5965, 4447, 8507, 12499, 7038, 7830, 20339, 18998, 6828, 4383, 9783, 15116, 8682, 3746, 10057, 9616, 3701, 2051, 5092, 7701, 4494, 1475, 2225, 2061, 1103, 1111, 1581, 1765, 1196, 909, 1015, 1035, 954, 803, 795, 848, 867, 693, 898, 864, 703, 673, 584, 786, 735, 830, 1217, 1176, 821, 708, 749, 1002, 866, 903, 1709, 1742, 1114, 669, 975, 1550, 1217, 2442, 4564, 3913, 1397, 1541, 2058, 2729, 1590, 7306, 12500, 9945, 3111, 3867, 5056, 7057, 3726, 9683, 16968, 13625, 4424, 4679, 7241, 10537, 5869, 6160, 10930, 8915, 3119, 2892, 5114, 7396, 4289, 3181, 4969, 3780, 1517, 2047, 2757, 3296, 1963, 3337, 6000, 4914, 1458, 2672, 2956, 2710, 1327, 3823, 6924, 5637, 1469, 2907, 3171, 3199, 1432, 3035, 5211, 4281, 1454, 2189, 2487, 2677, 1474, 2843, 5266, 4408, 1405, 2284, 2428, 2404, 1361, 1711, 3358, 2950, 1287, 1484, 1471, 1569, 1084, 1170, 1744, 1544, 1156, 1403, 1269, 1031, 874, 1233, 1666, 1179, 970, 1427, 1251, 884, 686, 1050, 1265, 932, 786, 1094, 1020, 788, 608, 1579, 2067, 1535, 1112, 1739, 1694, 1124, 657, 2282, 2870, 2239, 1428, 2331, 2607, 1708, 803, 4233, 4902, 3752, 2131, 2959, 4071, 3062, 1172, 4643, 6113, 4610, 2430, 3018, 4217, 3624, 1416, 4506, 6018, 4406, 1948, 3123, 3324, 2764, 1590, 3735, 4990, 3408, 1360, 2505, 2343, 2028, 1350, 2405, 3260, 2323, 1025, 1654, 1602, 1342, 959, 1691, 2218, 1602, 825, 1165, 1128, 986, 826, 931, 1240, 948, 627, 870, 825, 622, 581, 902, 1084, 824, 756, 889, 783, 644, 643, 936, 918, 707, 752, 827, 751, 661, 721, 1076, 1304, 927, 796, 1013, 907, 706, 606, 910, 1197, 877, 682, 923, 867, 695, 500, 678, 892, 757, 709, 766, 668, 682, 542, 631, 751, 720, 742, 679, 622, 745, 624, 730, 768, 713, 697, 636, 702, 668, 533, 740, 825, 753, 665, 682, 670, 519, 541, 735, 787, 674, 622, 675, 618, 637, 660, 703, 727, 573, 599, 578, 619, 672, 602, 645, 750, 662, 644, 661, 592, 663, 653, 634, 671, 723, 761, 722, 570, 726, 742, 640, 647, 694, 712, 736, 601, 699, 736, 848, 998, 811, 891, 1078, 842, 788, 773, 1088, 1365, 861, 1075, 1518, 1176, 786, 700, 991, 1270, 830, 837, 1353, 1209, 746, 592, 945, 917, 749, 799, 1013, 1045, 802, 794, 1072, 973, 855, 905, 1011, 1183, 1083, 994, 1206, 1214, 1032, 1072, 1201, 1457, 1283, 1010, 1217, 1308, 1071, 1120, 1164, 1530, 1415, 854, 959, 1194, 984, 972, 1021, 1252, 1264, 811, 763, 905, 890, 812, 671, 828, 966, 813, 796, 897, 829, 799, 713, 780, 824, 750, 791, 819, 720, 615, 614, 679, 781, 752, 834, 891, 767, 547, 649, 633, 676, 759, 639, 701, 726, 672, 711, 678, 694, 682, 597, 582, 739, 769, 636, 580, 687, 701, 698, 651, 640, 649, 626, 571, 617, 637, 721, 803, 686, 580, 736, 878, 819, 634, 900, 904, 777, 691, 832, 1016, 1011, 850, 834, 753, 632, 720, 792, 820, 838, 899, 856, 668, 484, 692, 779, 795, 724, 845, 859, 660, 650, 797, 698, 659, 686, 769, 594, 596, 808, 798, 646, 834, 870, 704, 648, 778, 808, 650, 670, 881, 927, 709, 665, 819, 748, 575, 710, 748, 756, 645, 781, 880, 714, 671, 702, 764, 742, 656, 1054, 928, 806, 856, 917, 918, 917, 926, 1076, 1018, 867, 950, 930, 1021, 1101, 1201, 901, 786, 1016, 1064, 875, 1225, 1882, 1757, 1102, 1568, 1637, 1295, 1072, 1663, 2874, 2608, 1150, 1691, 1672, 1119, 960, 1450, 2573, 2285, 1343, 1906, 1733, 1053, 1002, 1343, 1960, 1564, 1480, 1807, 1640, 1146, 1090, 1159, 1615, 1425, 1555, 1534, 1443, 1156, 912, 999, 1360, 1423, 1164, 1225, 1220, 1044, 753, 960, 1180, 1202, 1007, 1318, 1688, 1187, 658, 1158, 1698, 1656, 1045, 1278, 1724, 1232, 739, 1157, 1713, 1748, 1027, 977, 1348, 1112, 809, 1009, 1324, 1480, 1090, 969, 1250, 1364, 898, 827, 1293, 1410, 982, 905, 1210, 1208, 833, 786, 1254, 1325, 849, 1205, 1416, 1183, 872, 948, 1323, 1306, 800, 1451, 1579, 1140, 770, 874, 1220, 1139, 901, 1319, 1398, 920, 632, 882, 1184, 1099, 868, 1295, 1189, 802, 724, 1148, 1262, 989, 809, 1015, 880, 789, 742, 970, 1075, 834, 853, 800, 698, 690, 672, 790, 831, 792, 722, 574, 765, 741, 611, 625, 842, 941, 706, 650, 882, 757, 601, 584, 827, 1006, 524, 550, 705, 643, 516, 533, 614, 673, 486, 452, 605, 618, 598, 457, 539, 640, 525, 410, 528, 579, 605, 511, 413, 603, 520, 518, 562, 574, 487, 506, 485, 527]"
0.6551896333694458,-0.9771981239318848,-0.20255297422409058,0.1511944681406021,-0.2707650363445282,0.6049619913101196,0.2558920085430145,0.5829576253890991,1.22222900390625,15.5,0.7118467092514038,1.0203838348388672,16.75,1.2913469076156616,2.0889759063720703,17.25,1.3136628866195679,1.9589424133300781,20.75,1.6595605611801147,1.343536376953125,17.75,"[544, 605, 590, 563, 546, 557, 589, 602, 475, 553, 619, 597, 615, 619, 568, 580, 506, 604, 600, 490, 443, 520, 535, 544, 573, 574, 510, 577, 522, 432, 472, 522, 563, 495, 524, 572, 536, 434, 456, 616, 515, 521, 526, 533, 490, 544, 496, 496, 479, 490, 501, 486, 459, 489, 476, 463, 515, 602, 591, 529, 520, 622, 572, 484, 546, 527, 491, 553, 525, 511, 549, 549, 501, 559, 550, 511, 450, 548, 548, 517, 475, 541, 602, 574, 486, 471, 544, 486, 565, 579, 537, 630, 617, 525, 463, 507, 591, 561, 570, 553, 616, 557, 463, 518, 605, 553, 562, 603, 572, 539, 482, 528, 532, 540, 534, 551, 630, 637, 516, 481, 603, 529, 526, 563, 577, 559, 534, 528, 614, 534, 495, 558, 630, 549, 544, 585, 645, 545, 463, 569, 621, 562, 518, 593, 568, 510, 455, 529, 536, 485, 523, 509, 528, 633, 618, 546, 533, 555, 648, 571, 569, 540, 597, 616, 646, 662, 648, 644, 514, 444, 561, 661, 623, 603, 627, 603, 574, 561, 559, 562, 562, 644, 594, 585, 620, 624, 551, 524, 568, 563, 569, 601, 575, 606, 566, 585, 555, 560, 606, 586, 604, 664, 688, 565, 562, 637, 609, 554, 788, 910, 803, 639, 622, 831, 801, 631, 885, 1080, 930, 773, 824, 1088, 1066, 813, 759, 974, 960, 788, 915, 1182, 1065, 689, 685, 706, 669, 643, 714, 916, 833, 586, 589, 906, 959, 729, 666, 821, 843, 708, 680, 1327, 1600, 1072, 804, 1133, 943, 927, 1620, 3305, 3407, 1599, 1360, 2422, 2147, 1255, 3671, 8285, 8337, 3415, 3080, 5623, 5013, 2736, 3387, 7525, 7526, 3140, 2828, 5432, 5286, 2959, 1735, 3994, 4039, 1850, 1482, 3107, 3364, 1864, 1533, 3428, 3458, 1529, 1218, 2242, 2570, 1656, 2505, 4919, 4395, 1407, 1927, 2953, 2923, 1396, 4246, 9466, 8995, 3197, 3195, 5150, 4659, 2386, 4205, 10231, 10376, 4387, 3414, 5386, 4342, 2852, 2842, 6118, 6305, 3168, 2474, 3298, 2443, 2107, 1536, 2625, 2541, 1379, 1369, 1656, 1253, 1027, 1094, 1466, 1253, 916, 1087, 1149, 890, 754, 993, 1069, 1043, 999, 994, 970, 833, 875, 895, 1237, 1339, 1001, 815, 1005, 906, 716, 808, 1116, 1108, 856, 850, 1090, 1002, 743, 706, 893, 944, 791, 808, 875, 882, 670, 582, 840, 820, 640, 736, 791, 638, 490, 797, 1391, 1368, 747, 920, 1142, 943, 573, 1192, 2108, 1999, 905, 1079, 1441, 1064, 713, 921, 1761, 1823, 973, 1041, 1276, 996, 706, 799, 1241, 1185, 832, 1135, 1170, 775, 490, 1067, 1542, 1219, 1002, 1858, 1724, 921, 659, 1547, 2136, 1529, 1118, 2317, 2091, 1167, 851, 2442, 3314, 2475, 1407, 3008, 3116, 1882, 1086, 3347, 5300, 4192, 1933, 4900, 5299, 3050, 1270, 2836, 4883, 4116, 1644, 3958, 4567, 2866, 1022, 2111, 3435, 3033, 1453, 2404, 2953, 2018, 903, 1585, 2060, 1928, 1486, 1655, 1833, 1153, 1043, 1411, 1692, 1502, 1184, 1231, 1318, 938, 962, 1116, 1564, 1306, 933, 996, 853, 817, 807, 766, 1102, 1050, 780, 702, 631, 698, 674, 698, 808, 806, 739, 684, 657, 702, 590, 638, 863, 733, 680, 670, 669, 798, 591, 766, 936, 847, 713, 795, 770, 746, 656, 798, 988, 912, 786, 918, 915, 774, 736, 778, 850, 778, 632, 836, 866, 675, 570, 680, 759, 689, 598, 751, 813, 654, 563, 632, 691, 814, 734, 796, 829, 688, 692, 659, 770, 793, 776, 794, 719, 662, 715, 769, 897, 897, 745, 879, 810, 687, 731, 913, 969, 743, 647, 867, 838, 624, 680, 694, 730, 570, 636, 746, 733, 565, 479, 608, 656, 646, 611, 664, 752, 672, 576, 525, 573, 663, 617, 692, 712, 726, 590, 579, 715, 731, 783, 768, 654, 672, 634, 640, 757, 835, 839, 797, 549, 640, 641, 775, 864, 850, 766, 688, 625, 689, 693, 743, 768, 771, 783, 805, 765, 690, 679, 695, 796, 782, 740, 870, 842, 697, 709, 752, 859, 775, 822, 957, 853, 697, 633, 675, 839, 748, 777, 896, 797, 646, 608, 747, 757, 761, 814, 818, 811, 720, 717, 738, 804, 752, 719, 800, 869, 788, 668, 654, 767, 762, 682, 652, 731, 692, 592, 754, 701, 695, 705, 667, 676, 631, 618, 747, 781, 678, 748, 693, 680, 737, 626, 707, 787, 658, 659, 649, 577, 640, 647, 563, 669, 675, 610, 539, 521, 638, 633, 627, 646, 620, 504, 533, 583, 575, 582, 563, 622, 682, 591, 533, 566, 509, 477, 619, 683, 624, 544, 550, 713, 664, 561, 635, 577, 612, 542, 561, 694, 684, 648, 648, 626, 584, 616, 707, 711, 577, 577, 659, 708, 604, 574, 574, 656, 649, 635, 752, 750, 617, 743, 770, 713, 745, 703, 750, 681, 644, 772, 766, 641, 689, 691, 614, 631, 652, 654, 612, 541, 593, 569, 594, 578, 698, 780, 698, 556, 591, 623, 611, 624, 715, 758, 681, 644, 606, 604, 663, 686, 657, 661, 561, 560, 625, 637, 442, 496, 566, 578, 584, 592, 614, 601, 585, 619, 657, 618, 600, 589, 576, 638, 552, 644, 696, 681, 618, 644, 590, 538, 1046, 1153, 1544, 1337, 1038, 1207, 1471, 1476, 2887, 3654, 4794, 3528, 1910, 2920, 4780, 4837, 3942, 5304, 6761, 4729, 2224, 3943, 6944, 6859, 2760, 3653, 4317, 2881, 1585, 2769, 4549, 4344, 1466, 1747, 1952, 1503, 1141, 1391, 1998, 2001, 819, 1502, 1600, 1115, 720, 1036, 1685, 1462, 716, 1290, 1461, 1082, 739, 925, 1235, 1024, 765, 1166, 1640, 1426, 798, 1061, 1213, 917, 669, 988, 1364, 1213, 764, 1157, 1283, 880, 896, 961, 897, 801, 665, 1061, 1139, 751, 974, 1133, 1081, 1023, 708, 982, 1146, 856, 664, 1071, 1069, 967, 591, 957, 1238, 888, 896, 1149, 1343, 1294, 732, 1564, 1771, 1025, 819, 1420, 1381, 1084, 699, 1508, 1764, 1072, 782, 1166, 1363, 971, 577, 921, 1216, 1046, 779, 961, 1120, 902, 644, 746, 864, 814, 848, 943, 889, 815, 700, 755, 719, 676, 755, 786, 703, 766, 608, 811, 889, 722, 525, 627, 646, 568, 612, 730, 757, 657, 499, 620, 713, 677, 647, 772, 727, 520, 559, 655, 723, 765, 712, 830, 807, 630, 496, 494, 609, 638, 507, 579, 707, 596, 658, 834, 782, 613, 614, 768, 865, 626, 616, 856, 749, 594, 576, 725, 856, 655]"
-0.47482550144195557,-0.28542813658714294,-0.5472357273101807,-0.9420713186264038,-0.09773682057857513,-0.2404150366783142,-0.8003705739974976,-0.5430818796157837,-1.867818832397461,15.25,0.05301225185394287,0.9738922119140625,19.0,0.07089364528656006,0.9688854217529297,20.0,0.2122281789779663,-1.4546871185302734,18.75,0.4013417959213257,-1.2077808380126953,15.5,"[574, 647, 685, 592, 612, 592, 686, 649, 583, 730, 702, 573, 629, 714, 726, 569, 497, 614, 692, 546, 516, 602, 606, 493, 477, 572, 565, 546, 582, 679, 678, 567, 420, 493, 552, 463, 484, 576, 604, 552, 537, 592, 540, 465, 457, 599, 683, 617, 534, 501, 441, 484, 429, 448, 564, 556, 440, 473, 488, 491, 497, 526, 556, 502, 511, 480, 514, 581, 490, 493, 566, 523, 462, 370, 546, 581, 498, 551, 611, 518, 467, 511, 567, 510, 510, 553, 581, 549, 520, 575, 596, 506, 543, 529, 502, 555, 517, 449, 523, 467, 481, 496, 434, 544, 396, 470, 594, 565, 493, 547, 512, 438, 437, 492, 536, 552, 581, 526, 449, 474, 558, 562, 563, 613, 660, 562, 531, 574, 521, 588, 571, 528, 545, 512, 501, 520, 550, 661, 604, 488, 517, 579, 515, 403, 600, 614, 493, 520, 590, 518, 453, 492, 681, 710, 575, 490, 580, 628, 523, 537, 637, 647, 534, 472, 511, 577, 483, 517, 564, 553, 496, 483, 484, 495, 497, 562, 601, 573, 428, 471, 591, 495, 495, 549, 568, 679, 611, 515, 497, 524, 583, 467, 563, 552, 536, 603, 545, 511, 478, 516, 469, 472, 438, 523, 579, 529, 554, 537, 474, 580, 489, 496, 591, 584, 627, 581, 651, 636, 477, 490, 541, 586, 601, 558, 606, 689, 652, 586, 512, 581, 671, 589, 586, 641, 614, 577, 575, 550, 596, 577, 473, 508, 630, 565, 473, 497, 518, 511, 511, 602, 554, 553, 496, 546, 545, 478, 539, 597, 529, 554, 561, 586, 595, 567, 574, 542, 492, 507, 546, 548, 557, 587, 586, 668, 638, 526, 449, 521, 520, 506, 555, 556, 559, 524, 517, 522, 500, 523, 473, 483, 504, 522, 545, 505, 488, 461, 467, 418, 519, 562, 537, 451, 441, 495, 503, 452, 516, 550, 554, 503, 501, 489, 543, 554, 583, 595, 617, 554, 517, 594, 577, 621, 604, 592, 618, 594, 649, 677, 483, 520, 554, 545, 580, 565, 515, 529, 544, 582, 556, 642, 645, 555, 533, 513, 536, 619, 586, 662, 615, 535, 619, 601, 603, 561, 548, 577, 621, 558, 491, 600, 616, 579, 601, 577, 600, 613, 677, 645, 554, 615, 615, 539, 619, 664, 687, 610, 585, 672, 581, 568, 673, 624, 582, 629, 569, 624, 624, 608, 646, 552, 508, 549, 613, 701, 843, 743, 583, 672, 944, 894, 943, 774, 1046, 852, 643, 765, 1348, 1546, 986, 1412, 1278, 1301, 918, 1396, 1990, 1399, 2298, 2979, 3812, 2613, 1523, 2871, 5943, 5604, 2053, 2173, 2985, 2278, 1242, 2366, 5088, 4943, 1320, 1391, 2052, 2344, 1171, 1778, 3353, 2952, 931, 1815, 3078, 2975, 1230, 1861, 3268, 2649, 724, 1851, 2730, 2130, 790, 1428, 2111, 1762, 645, 1547, 1799, 1139, 571, 1080, 1795, 1499, 546, 851, 911, 735, 633, 780, 1085, 967, 578, 622, 615, 585, 618, 588, 705, 718, 574, 624, 651, 575, 497, 601, 597, 567, 595, 619, 575, 546, 516, 616, 638, 490, 589, 583, 524, 543, 514, 510, 606, 554, 537, 611, 676, 558, 595, 547, 542, 626, 468, 539, 685, 573, 583, 637, 579, 507, 464, 592, 726, 691, 612, 627, 683, 617, 642, 673, 673, 609, 631, 646, 587, 601, 595, 631, 599, 577, 504, 508, 552, 586, 752, 1236, 1124, 762, 648, 717, 849, 826, 1808, 3916, 3720, 1946, 1067, 1532, 2305, 1779, 2395, 5424, 5294, 2617, 1139, 1938, 3240, 2250, 1703, 3543, 3376, 1599, 816, 1277, 1954, 1195, 903, 1261, 1111, 731, 667, 811, 804, 542, 577, 672, 737, 739, 602, 623, 610, 500, 648, 667, 764, 862, 702, 545, 634, 591, 621, 675, 766, 752, 609, 690, 706, 571, 586, 647, 644, 605, 600, 546, 598, 620, 709, 726, 687, 585, 627, 625, 607, 668, 734, 722, 787, 824, 675, 680, 740, 712, 734, 671, 805, 803, 655, 694, 671, 750, 603, 586, 677, 644, 554, 628, 612, 658, 486, 569, 653, 565, 512, 557, 555, 599, 576, 451, 601, 635, 575, 566, 628, 706, 554, 527, 646, 704, 566, 546, 607, 564, 541, 545, 547, 492, 541, 558, 517, 476, 590, 594, 616, 564, 538, 550, 497, 514, 691, 658, 619, 638, 636, 632, 591, 572, 598, 665, 568, 541, 608, 635, 592, 506, 626, 581, 500, 581, 599, 544, 607, 647, 554, 559, 620, 645, 627, 647, 670, 630, 606, 638, 636, 649, 703, 651, 669, 610, 577, 590, 680, 659, 616, 607, 596, 567, 575, 510, 519, 585, 596, 527, 496, 589, 547, 525, 562, 635, 624, 608, 630, 581, 479, 530, 515, 489, 553, 537, 618, 562, 556, 559, 469, 517, 652, 537, 504, 525, 556, 518, 456, 525, 620, 552, 459, 537, 631, 552, 513, 595, 604, 525, 509, 609, 609, 535, 554, 611, 564, 497, 536, 618, 490, 497, 542, 551, 551, 538, 605, 586, 596, 573, 529, 508, 621, 654, 582, 579, 550, 508, 483, 556, 556, 613, 598, 488, 532, 479, 498, 505, 433, 515, 545, 510, 600, 613, 592, 636, 559, 539, 618, 597, 512, 536, 541, 597, 510, 517, 544, 553, 554, 580, 568, 528, 553, 640, 615, 611, 558, 554, 639, 580, 593, 651, 634, 627, 582, 627, 665, 606, 663, 632, 613, 684, 543, 576, 586, 562, 612, 526, 590, 611, 526, 560, 549, 591, 611, 523, 599, 566, 530, 588, 611, 632, 611, 558, 597, 572, 590, 569, 535, 601, 614, 569, 595, 625, 599, 415, 627, 622, 578, 611, 619, 734, 756, 575, 827, 838, 585, 701, 840, 951, 713, 607, 883, 861, 593, 674, 802, 938, 533, 688, 802, 673, 545, 652, 887, 858, 469, 572, 571, 592, 538, 585, 686, 591, 485, 418, 497, 611, 545, 562, 594, 500, 526, 519, 507, 492, 496, 565, 612, 530, 558, 531, 560, 521, 492, 482, 578, 653, 611, 548, 495, 466, 472, 509, 547, 605, 499, 422, 477, 448, 382, 344, 435, 564, 474, 459, 527, 501, 446, 441, 512, 527, 386, 460, 459, 422, 437, 511, 552, 431, 425, 484, 400, 319, 359, 410, 423, 388, 430, 447, 449, 387, 435, 385, 456, 487, 423, 450, 423, 392, 448, 474, 463, 430, 495, 417, 382, 427, 441, 485, 419, 485]"
-0.6114013195037842,-0.308361679315567,-0.4433298707008362,-1.0767099857330322,-0.05645710974931717,-0.13992343842983246,-0.8316340446472168,0.1322249174118042,0.7832050323486328,22.75,0.1379469633102417,0.716400146484375,19.75,0.2772787809371948,0.4906654357910156,22.0,0.39100444316864014,0.5783557891845703,27.5,0.4297713041305542,0.5182743072509766,18.75,"[625, 662, 699, 645, 637, 646, 695, 660, 606, 569, 696, 687, 612, 627, 625, 661, 571, 549, 539, 532, 499, 519, 486, 528, 564, 535, 525, 499, 545, 532, 517, 532, 477, 440, 474, 461, 432, 407, 496, 538, 458, 425, 565, 554, 403, 438, 560, 514, 461, 476, 499, 507, 549, 603, 571, 494, 456, 444, 427, 527, 603, 473, 471, 491, 413, 374, 436, 489, 500, 505, 487, 473, 455, 476, 475, 476, 520, 553, 513, 500, 464, 486, 531, 507, 566, 576, 521, 512, 577, 574, 563, 581, 595, 583, 581, 585, 591, 584, 588, 551, 581, 607, 585, 555, 603, 590, 530, 514, 538, 587, 583, 596, 636, 582, 555, 608, 557, 533, 561, 624, 698, 583, 585, 605, 598, 593, 595, 648, 723, 596, 536, 559, 556, 569, 532, 596, 690, 632, 547, 511, 541, 565, 498, 577, 538, 582, 616, 613, 546, 564, 563, 537, 596, 558, 555, 585, 550, 578, 567, 607, 537, 501, 463, 545, 614, 569, 532, 563, 604, 551, 539, 520, 612, 597, 568, 588, 576, 575, 546, 563, 519, 537, 547, 503, 513, 588, 557, 486, 499, 558, 641, 575, 501, 517, 497, 471, 517, 553, 575, 519, 582, 532, 501, 511, 557, 580, 549, 561, 597, 623, 497, 520, 542, 541, 539, 525, 442, 502, 537, 553, 482, 463, 615, 516, 476, 500, 510, 492, 461, 520, 576, 530, 538, 518, 548, 453, 496, 588, 569, 563, 491, 556, 570, 504, 492, 579, 600, 502, 534, 566, 595, 554, 545, 564, 604, 580, 474, 446, 499, 515, 535, 515, 516, 541, 471, 537, 604, 550, 507, 601, 534, 469, 507, 528, 533, 487, 489, 552, 503, 468, 498, 574, 568, 510, 482, 489, 473, 521, 497, 508, 515, 493, 537, 506, 507, 508, 545, 523, 596, 635, 602, 540, 628, 613, 574, 535, 560, 612, 554, 547, 560, 624, 611, 560, 594, 567, 593, 592, 606, 646, 531, 579, 594, 535, 546, 598, 622, 527, 671, 642, 652, 640, 582, 700, 761, 663, 603, 647, 657, 519, 566, 678, 692, 657, 664, 622, 583, 593, 649, 719, 680, 645, 543, 531, 601, 628, 555, 577, 621, 601, 610, 618, 703, 683, 569, 613, 698, 678, 643, 560, 493, 538, 538, 641, 577, 518, 565, 526, 615, 612, 543, 630, 687, 646, 513, 522, 650, 686, 593, 547, 603, 644, 623, 674, 774, 746, 653, 753, 917, 894, 1308, 1264, 1821, 1308, 794, 1016, 2163, 2404, 2279, 2961, 4408, 2773, 1341, 2495, 5943, 6030, 3143, 3797, 5973, 3886, 2057, 3790, 9234, 9137, 2936, 3365, 5704, 3826, 1846, 3085, 7811, 8004, 3902, 4734, 7596, 4573, 1990, 4057, 10203, 10523, 5351, 7947, 11246, 6282, 2921, 7394, 16580, 16001, 4485, 8119, 10779, 6123, 2701, 7586, 15945, 14758, 2187, 4212, 5469, 3234, 1335, 3809, 7867, 7244, 861, 1209, 1532, 967, 620, 1030, 2135, 2066, 563, 658, 669, 543, 501, 527, 614, 629, 527, 598, 620, 607, 601, 611, 650, 623, 630, 554, 579, 609, 624, 675, 608, 643, 522, 518, 593, 581, 538, 554, 515, 572, 569, 505, 605, 674, 678, 659, 651, 601, 543, 618, 636, 614, 549, 540, 636, 523, 514, 638, 659, 490, 479, 560, 551, 503, 590, 617, 686, 572, 494, 559, 623, 652, 699, 695, 669, 749, 650, 552, 646, 676, 678, 1334, 1280, 767, 749, 713, 1136, 956, 1534, 3834, 3655, 1578, 1012, 1505, 2539, 1651, 2569, 5239, 4676, 1861, 1166, 2201, 3252, 1834, 1863, 3378, 2868, 1212, 995, 1580, 2132, 1162, 782, 1307, 1194, 686, 581, 695, 898, 743, 779, 995, 899, 645, 719, 762, 742, 548, 878, 1034, 951, 931, 873, 776, 806, 714, 734, 948, 888, 790, 747, 699, 686, 639, 614, 644, 661, 679, 642, 544, 566, 609, 776, 746, 771, 699, 661, 748, 770, 781, 647, 666, 741, 634, 621, 752, 734, 628, 690, 638, 570, 625, 655, 676, 668, 703, 668, 609, 543, 494, 643, 694, 640, 676, 639, 652, 687, 546, 674, 649, 663, 751, 727, 558, 653, 684, 702, 615, 596, 796, 731, 589, 628, 727, 741, 712, 555, 686, 675, 560, 584, 621, 718, 693, 548, 616, 652, 668, 588, 530, 592, 622, 578, 585, 637, 621, 569, 605, 592, 577, 636, 636, 617, 630, 730, 703, 520, 619, 711, 609, 582, 578, 645, 571, 484, 536, 614, 604, 561, 526, 599, 630, 617, 514, 547, 611, 590, 548, 627, 624, 597, 618, 643, 637, 560, 562, 513, 528, 569, 553, 606, 645, 482, 495, 553, 538, 514, 565, 590, 607, 528, 507, 603, 581, 465, 568, 669, 634, 577, 522, 545, 588, 671, 687, 603, 637, 575, 501, 524, 564, 640, 616, 522, 531, 571, 632, 571, 547, 632, 671, 554, 545, 502, 537, 603, 542, 568, 606, 578, 585, 557, 457, 527, 506, 512, 518, 484, 602, 555, 536, 605, 642, 575, 572, 587, 654, 571, 630, 567, 473, 521, 680, 594, 487, 623, 591, 570, 509, 508, 618, 640, 632, 563, 576, 622, 581, 571, 581, 645, 659, 592, 615, 639, 567, 564, 573, 486, 557, 532, 529, 587, 536, 563, 506, 492, 522, 601, 643, 605, 580, 599, 582, 536, 522, 621, 556, 534, 596, 529, 534, 597, 595, 516, 482, 624, 607, 593, 603, 649, 674, 564, 511, 696, 709, 565, 582, 588, 621, 585, 628, 730, 672, 610, 602, 594, 601, 520, 701, 580, 586, 680, 598, 574, 582, 538, 638, 585, 693, 654, 560, 704, 586, 727, 592, 750, 713, 556, 562, 761, 885, 912, 594, 953, 877, 689, 586, 882, 1232, 744, 648, 1073, 913, 644, 555, 1037, 1250, 620, 735, 1050, 885, 558, 550, 970, 1026, 556, 614, 656, 666, 555, 514, 645, 668, 581, 632, 525, 500, 584, 640, 617, 559, 629, 556, 464, 506, 619, 613, 476, 513, 440, 465, 490, 414, 542, 549, 410, 458, 427, 423, 466, 418, 476, 490, 404, 397, 492, 455, 471, 429, 406, 481, 486, 493, 537, 396, 432, 468, 407, 390, 440, 554, 519, 429, 452, 529, 560, 474, 486, 558, 426, 345, 374, 443, 464, 388, 361, 465, 395, 398, 461, 432, 444, 425, 384, 425, 321, 332, 423, 402, 376, 379, 372, 388, 365, 346, 363, 379, 365, 382, 427, 401]"
-0.6692937612533569,-0.3319997489452362,-0.31882917881011963,-1.0272927284240723,-0.03844745457172394,-0.013049662113189697,-0.6729986667633057,-0.042519330978393555,0.8910655975341797,27.5,0.010838747024536133,0.8232593536376953,21.75,0.08908772468566895,0.6594657897949219,29.0,0.26875996589660645,0.6866455078125,21.0,0.29236340522766113,0.7607460021972656,24.0,"[758, 645, 503, 664, 807, 663, 502, 645, 624, 656, 604, 700, 720, 636, 636, 580, 568, 671, 586, 517, 583, 667, 618, 554, 504, 472, 461, 442, 524, 544, 449, 484, 505, 529, 508, 446, 490, 520, 508, 555, 580, 601, 567, 463, 475, 547, 534, 554, 524, 568, 557, 506, 509, 585, 549, 520, 522, 485, 518, 552, 522, 521, 520, 585, 521, 465, 506, 522, 479, 455, 455, 533, 481, 406, 544, 557, 488, 454, 513, 554, 478, 487, 524, 498, 512, 494, 481, 516, 512, 577, 653, 537, 603, 645, 601, 549, 455, 574, 587, 528, 589, 586, 565, 522, 401, 579, 629, 422, 496, 600, 606, 458, 437, 518, 551, 551, 538, 562, 609, 516, 600, 567, 442, 582, 632, 515, 537, 584, 583, 585, 486, 501, 553, 488, 502, 529, 588, 513, 592, 630, 516, 502, 523, 580, 659, 686, 649, 595, 536, 530, 535, 574, 644, 608, 550, 578, 662, 577, 457, 506, 608, 563, 507, 585, 573, 498, 529, 578, 605, 528, 455, 581, 540, 451, 468, 560, 547, 550, 526, 514, 483, 471, 512, 519, 536, 500, 524, 544, 561, 555, 551, 566, 556, 554, 526, 507, 471, 484, 555, 538, 573, 592, 589, 545, 481, 525, 530, 524, 442, 510, 595, 546, 524, 467, 583, 616, 500, 589, 629, 602, 647, 613, 657, 632, 515, 508, 485, 515, 572, 493, 509, 591, 454, 474, 524, 549, 562, 563, 639, 545, 489, 547, 587, 613, 458, 508, 663, 570, 626, 661, 517, 565, 577, 521, 587, 599, 601, 623, 498, 492, 535, 549, 580, 580, 584, 580, 567, 494, 500, 529, 497, 585, 595, 638, 603, 514, 574, 621, 526, 527, 458, 587, 688, 600, 524, 573, 607, 528, 484, 473, 634, 649, 517, 481, 607, 590, 581, 476, 581, 608, 553, 545, 652, 681, 603, 586, 602, 574, 492, 555, 634, 710, 537, 572, 571, 540, 531, 556, 596, 588, 575, 596, 556, 586, 563, 614, 631, 558, 573, 527, 561, 645, 566, 541, 573, 559, 488, 458, 570, 653, 595, 513, 554, 499, 611, 552, 574, 700, 627, 550, 633, 607, 566, 573, 498, 674, 609, 552, 644, 558, 603, 650, 544, 561, 543, 559, 648, 609, 606, 679, 587, 462, 515, 640, 634, 548, 579, 609, 668, 556, 540, 600, 573, 549, 553, 470, 637, 626, 625, 582, 521, 592, 868, 1149, 1635, 1235, 770, 1117, 2016, 1933, 2851, 3254, 5204, 3618, 1926, 2965, 7008, 7120, 5636, 4823, 8879, 6945, 3838, 4965, 12998, 13575, 7201, 4610, 9615, 7847, 5141, 4850, 14472, 15863, 6110, 2409, 6712, 5507, 4275, 2555, 9011, 11116, 3040, 2133, 2772, 3529, 2279, 3604, 6404, 5933, 2172, 3588, 4244, 3783, 1810, 4822, 9343, 8034, 841, 2124, 2402, 2098, 899, 2696, 4858, 3911, 804, 783, 722, 774, 712, 945, 1422, 1309, 773, 711, 811, 776, 659, 693, 1073, 1090, 628, 543, 587, 634, 563, 534, 729, 757, 611, 615, 644, 598, 550, 583, 673, 629, 599, 577, 561, 637, 687, 628, 577, 607, 491, 578, 602, 672, 644, 522, 554, 504, 538, 556, 561, 549, 535, 531, 512, 514, 450, 542, 568, 497, 452, 475, 526, 509, 496, 490, 547, 534, 520, 449, 483, 520, 649, 557, 596, 725, 657, 531, 578, 685, 719, 625, 770, 895, 773, 590, 799, 880, 687, 1098, 1306, 1043, 690, 754, 1055, 938, 810, 1577, 1557, 908, 590, 791, 1035, 785, 952, 1196, 953, 741, 653, 688, 866, 692, 818, 712, 851, 846, 631, 746, 671, 731, 720, 618, 719, 639, 586, 647, 599, 749, 754, 578, 561, 618, 733, 657, 533, 781, 940, 983, 918, 862, 912, 793, 675, 836, 941, 1169, 1181, 1037, 954, 878, 881, 927, 748, 995, 1091, 929, 878, 848, 795, 799, 727, 665, 838, 846, 818, 705, 692, 847, 543, 498, 581, 644, 719, 633, 498, 624, 733, 661, 609, 760, 666, 678, 654, 653, 734, 716, 708, 814, 651, 609, 759, 722, 624, 738, 730, 719, 639, 669, 706, 570, 614, 704, 676, 655, 573, 608, 716, 586, 659, 719, 646, 633, 741, 636, 613, 655, 558, 667, 580, 649, 847, 659, 466, 561, 578, 688, 572, 526, 694, 573, 624, 684, 706, 619, 672, 578, 605, 540, 646, 751, 607, 634, 632, 553, 550, 519, 598, 683, 487, 620, 599, 546, 503, 542, 559, 511, 504, 459, 520, 504, 450, 501, 524, 513, 639, 566, 554, 449, 482, 556, 523, 564, 633, 630, 611, 490, 517, 560, 540, 618, 509, 499, 583, 576, 579, 502, 560, 662, 550, 486, 493, 577, 627, 542, 568, 654, 555, 498, 519, 694, 688, 577, 604, 630, 576, 592, 600, 620, 621, 594, 686, 706, 499, 520, 541, 544, 567, 585, 542, 538, 464, 488, 548, 579, 579, 592, 590, 560, 583, 462, 616, 677, 614, 587, 600, 689, 584, 470, 707, 721, 580, 541, 535, 696, 624, 609, 695, 623, 556, 644, 541, 623, 620, 676, 718, 662, 511, 559, 605, 632, 611, 581, 677, 621, 529, 577, 588, 618, 566, 564, 594, 524, 542, 558, 567, 573, 543, 602, 584, 545, 513, 489, 561, 593, 521, 609, 647, 607, 589, 549, 644, 646, 446, 571, 618, 597, 572, 596, 649, 584, 550, 611, 603, 568, 598, 592, 568, 525, 458, 489, 562, 539, 514, 511, 564, 527, 524, 570, 674, 578, 490, 549, 582, 577, 500, 582, 640, 578, 527, 592, 583, 511, 546, 642, 771, 609, 599, 599, 720, 747, 569, 734, 800, 638, 587, 637, 872, 915, 672, 559, 554, 632, 645, 574, 558, 630, 711, 769, 857, 700, 671, 658, 818, 876, 551, 664, 810, 741, 647, 609, 863, 835, 496, 544, 531, 541, 517, 460, 555, 529, 432, 542, 585, 616, 480, 511, 651, 513, 469, 464, 427, 498, 452, 497, 567, 478, 450, 499, 551, 600, 510, 586, 554, 484, 445, 501, 549, 540, 575, 596, 621, 544, 505, 565, 588, 596, 557, 569, 692, 621, 524, 466, 442, 528, 462, 503, 575, 595, 520, 439, 396, 491, 491, 421, 445, 489, 425, 345, 380, 478, 478, 417, 371, 418, 441, 373, 371, 429, 441, 431, 450, 437, 429, 409, 355, 395, 447, 381, 445, 428, 375, 406, 398, 409, 427, 463, 501, 433]"
-0.6938915252685547,-0.2388252168893814,-0.17588014900684357,-0.9204244613647461,0.08387049287557602,0.13693419098854065,-0.48598235845565796,0.0059299468994140625,0.8203983306884766,21.5,0.05814361572265625,0.9982109069824219,19.5,0.093048095703125,0.5896568298339844,25.25,0.13624954223632812,0.8856296539306641,18.5,0.36184120178222656,0.5119800567626953,15.75,"[439, 529, 609, 521, 522, 523, 607, 522, 533, 551, 578, 517, 546, 643, 611, 538, 526, 524, 499, 513, 523, 554, 532, 513, 540, 447, 460, 530, 527, 498, 537, 592, 457, 486, 507, 479, 517, 525, 488, 471, 557, 618, 504, 448, 506, 540, 494, 455, 574, 492, 488, 656, 591, 469, 487, 569, 545, 549, 557, 542, 448, 473, 579, 589, 548, 583, 567, 402, 487, 533, 472, 476, 516, 543, 644, 518, 493, 516, 479, 486, 499, 471, 473, 470, 536, 531, 547, 558, 515, 470, 530, 511, 554, 526, 543, 585, 469, 599, 552, 424, 472, 535, 480, 447, 511, 602, 558, 472, 606, 658, 548, 464, 439, 551, 603, 510, 553, 591, 503, 462, 415, 467, 570, 542, 487, 527, 571, 515, 517, 516, 587, 530, 514, 564, 536, 580, 533, 492, 501, 496, 501, 532, 505, 532, 499, 530, 589, 601, 596, 545, 565, 542, 547, 597, 609, 584, 554, 570, 627, 535, 680, 686, 561, 549, 665, 643, 596, 560, 570, 647, 496, 545, 582, 613, 584, 498, 540, 535, 456, 509, 557, 544, 531, 531, 483, 555, 546, 568, 581, 579, 556, 508, 475, 613, 605, 537, 568, 579, 587, 467, 532, 569, 535, 532, 609, 568, 580, 514, 533, 584, 583, 547, 550, 529, 513, 561, 548, 473, 531, 550, 575, 502, 466, 572, 525, 504, 661, 631, 530, 532, 554, 574, 508, 503, 537, 504, 534, 575, 485, 489, 569, 516, 503, 494, 539, 584, 505, 547, 556, 499, 579, 588, 533, 621, 607, 602, 479, 460, 447, 486, 563, 599, 576, 546, 546, 580, 558, 571, 523, 548, 582, 577, 550, 544, 570, 617, 564, 530, 566, 571, 564, 534, 546, 639, 602, 587, 560, 578, 612, 649, 539, 524, 572, 562, 541, 533, 645, 655, 549, 496, 665, 658, 485, 567, 574, 530, 499, 534, 603, 562, 518, 603, 548, 583, 576, 531, 571, 522, 597, 628, 463, 500, 467, 558, 548, 562, 537, 477, 606, 606, 503, 587, 617, 652, 532, 417, 780, 725, 588, 560, 663, 708, 596, 586, 716, 598, 561, 563, 636, 687, 633, 651, 521, 510, 512, 432, 392, 494, 561, 550, 539, 576, 515, 449, 473, 505, 504, 510, 517, 592, 524, 458, 530, 525, 536, 509, 573, 734, 700, 578, 636, 729, 702, 653, 1095, 769, 900, 1109, 1022, 709, 1112, 1264, 1785, 1756, 2038, 2366, 1975, 1418, 2000, 2004, 2257, 3460, 4855, 3090, 1707, 3045, 6633, 6438, 3842, 3392, 5642, 3795, 2557, 3378, 9378, 9819, 2837, 2689, 4899, 4418, 2411, 2286, 6620, 6994, 1259, 4347, 6213, 4235, 1396, 2634, 5379, 5071, 1831, 3797, 4347, 2474, 1381, 3081, 6005, 5305, 2122, 1997, 2497, 3051, 1733, 2496, 5354, 4946, 1087, 1985, 3072, 2601, 992, 1995, 3850, 3433, 628, 1285, 1639, 1225, 698, 1098, 1601, 1348, 521, 723, 766, 593, 613, 728, 701, 583, 548, 589, 664, 532, 509, 644, 652, 621, 506, 504, 614, 587, 534, 535, 581, 550, 628, 669, 631, 593, 619, 591, 567, 595, 543, 670, 720, 584, 538, 694, 644, 527, 529, 639, 767, 694, 575, 590, 640, 624, 691, 621, 702, 689, 580, 573, 615, 714, 589, 611, 703, 727, 576, 611, 706, 631, 750, 612, 644, 719, 721, 584, 654, 796, 1182, 681, 960, 1003, 1022, 906, 655, 1181, 1118, 998, 1534, 1518, 1095, 955, 599, 1020, 1117, 2209, 3170, 2435, 985, 1165, 1045, 1305, 1158, 2536, 3261, 2239, 834, 1173, 1151, 1294, 754, 1087, 1431, 1072, 563, 789, 787, 935, 727, 964, 810, 688, 577, 799, 969, 759, 980, 1160, 911, 757, 763, 953, 1093, 827, 1321, 1327, 883, 815, 889, 1287, 1260, 992, 823, 786, 823, 829, 627, 827, 1018, 859, 928, 865, 921, 869, 865, 1061, 842, 744, 1328, 1023, 766, 717, 1070, 1346, 812, 886, 882, 736, 663, 889, 986, 891, 583, 735, 667, 659, 839, 922, 834, 789, 772, 681, 649, 636, 810, 849, 692, 843, 808, 741, 636, 601, 698, 766, 725, 733, 807, 804, 688, 578, 693, 768, 704, 774, 769, 741, 754, 699, 807, 894, 793, 917, 881, 853, 769, 768, 797, 820, 827, 842, 863, 838, 644, 760, 759, 752, 683, 755, 787, 715, 750, 900, 1199, 1052, 691, 686, 973, 1077, 847, 765, 1161, 998, 736, 558, 931, 1168, 650, 676, 842, 829, 673, 500, 699, 789, 612, 606, 586, 676, 665, 529, 544, 598, 594, 654, 694, 627, 561, 620, 606, 544, 509, 611, 663, 596, 558, 613, 594, 525, 523, 560, 614, 539, 542, 605, 611, 592, 573, 569, 599, 651, 623, 584, 576, 647, 637, 579, 547, 618, 650, 586, 534, 555, 669, 689, 566, 508, 583, 604, 602, 627, 702, 620, 600, 572, 640, 640, 613, 712, 582, 612, 519, 582, 548, 585, 613, 580, 593, 599, 612, 611, 474, 591, 622, 577, 604, 497, 574, 602, 579, 612, 504, 584, 499, 550, 572, 520, 538, 568, 584, 603, 474, 562, 604, 523, 535, 622, 670, 623, 538, 551, 561, 613, 608, 594, 584, 521, 542, 550, 661, 672, 592, 522, 543, 512, 567, 533, 628, 612, 578, 514, 510, 536, 707, 706, 711, 623, 667, 692, 792, 778, 609, 711, 669, 605, 619, 617, 755, 710, 559, 697, 731, 664, 653, 580, 625, 630, 499, 642, 745, 678, 555, 579, 649, 665, 566, 618, 799, 717, 581, 596, 596, 697, 657, 588, 740, 735, 590, 586, 520, 712, 741, 625, 681, 690, 620, 621, 672, 763, 690, 490, 716, 732, 569, 578, 660, 777, 689, 544, 746, 721, 557, 577, 630, 801, 603, 603, 697, 712, 503, 556, 579, 605, 533, 617, 581, 534, 520, 508, 532, 556, 483, 534, 580, 562, 534, 485, 521, 511, 574, 528, 535, 521, 520, 445, 544, 635, 475, 551, 527, 457, 615, 507, 449, 523, 497, 544, 493, 511, 538, 491, 461, 474, 423, 459, 473, 482, 440, 449, 464, 467, 435, 471, 422, 360, 459, 472, 470, 419, 523, 447, 416, 502, 460, 433, 452, 499, 482, 554, 569, 474, 477, 552, 497, 475, 410, 404, 369, 391, 419, 401, 399, 474, 474, 477, 455, 423, 461, 408, 441, 555, 385, 350, 361, 422, 394, 305, 380, 422, 416, 449, 444, 425, 437, 413, 411, 444]"
-0.6735467910766602,-0.049966663122177124,-0.02174706757068634,-0.7076257467269897,0.34029683470726013,0.23740096390247345,-0.1875583827495575,-1.2678437232971191,1.7078876495361328,16.25,0.13434362411499023,-0.4733562469482422,15.75,0.1937098503112793,0.4981040954589844,24.0,0.2838320732116699,0.43587684631347656,28.25,0.35607290267944336,0.25005340576171875,22.0,"[505, 657, 710, 619, 650, 616, 710, 654, 486, 648, 704, 656, 640, 684, 732, 622, 473, 567, 654, 631, 521, 647, 641, 554, 441, 524, 467, 481, 491, 445, 543, 517, 436, 494, 492, 472, 507, 386, 473, 511, 479, 497, 490, 536, 518, 418, 419, 511, 562, 546, 565, 599, 543, 536, 522, 524, 530, 504, 570, 649, 581, 498, 526, 535, 551, 574, 528, 561, 684, 604, 490, 510, 621, 605, 598, 532, 585, 618, 507, 557, 586, 689, 565, 520, 588, 584, 458, 563, 663, 672, 550, 477, 494, 549, 480, 549, 548, 522, 482, 479, 448, 520, 538, 490, 561, 568, 574, 556, 450, 545, 609, 522, 448, 488, 537, 477, 444, 546, 629, 524, 594, 456, 504, 568, 571, 522, 501, 668, 637, 568, 586, 550, 559, 570, 490, 590, 641, 499, 518, 642, 609, 523, 526, 605, 695, 496, 538, 658, 653, 577, 549, 638, 599, 490, 531, 639, 524, 519, 532, 550, 562, 520, 588, 615, 561, 483, 480, 553, 664, 424, 528, 653, 546, 552, 529, 652, 599, 526, 434, 489, 488, 495, 545, 553, 537, 543, 439, 453, 548, 555, 582, 557, 471, 545, 506, 515, 543, 530, 539, 502, 486, 527, 533, 549, 526, 519, 587, 553, 567, 547, 583, 583, 566, 595, 574, 556, 588, 626, 537, 542, 584, 580, 527, 548, 468, 567, 609, 502, 521, 569, 504, 471, 570, 663, 654, 590, 584, 657, 577, 515, 504, 573, 639, 575, 500, 610, 581, 514, 526, 574, 597, 551, 456, 539, 505, 454, 480, 495, 544, 514, 592, 631, 555, 543, 473, 420, 501, 538, 556, 604, 619, 603, 521, 486, 588, 586, 508, 588, 629, 561, 564, 558, 590, 645, 568, 514, 672, 638, 429, 508, 502, 405, 454, 572, 592, 494, 514, 524, 555, 525, 514, 516, 642, 628, 596, 606, 579, 574, 658, 593, 491, 540, 640, 644, 578, 530, 594, 610, 584, 593, 500, 497, 518, 436, 468, 557, 512, 529, 444, 487, 515, 437, 498, 497, 498, 562, 503, 555, 562, 493, 594, 526, 557, 555, 541, 517, 543, 642, 595, 452, 571, 621, 566, 507, 561, 608, 513, 509, 658, 700, 636, 584, 515, 582, 584, 661, 682, 666, 553, 543, 541, 552, 616, 649, 628, 580, 622, 704, 684, 606, 545, 589, 752, 717, 751, 1234, 1302, 819, 585, 1195, 1877, 1543, 1342, 1970, 2659, 1729, 952, 1709, 3657, 3631, 2336, 1355, 2821, 2400, 1561, 1261, 3260, 4134, 1995, 3250, 3337, 2116, 1033, 2429, 2734, 1786, 3858, 4308, 4022, 2959, 2132, 2821, 1751, 2656, 6201, 3120, 4099, 6208, 3817, 6025, 11427, 11246, 4896, 7636, 9226, 6905, 3696, 9096, 17245, 15041, 2032, 5460, 6782, 4859, 2203, 5202, 9251, 7635, 1050, 2561, 3084, 2142, 999, 1719, 2481, 1896, 622, 1827, 1973, 1093, 568, 1254, 1927, 1424, 643, 1134, 1081, 719, 608, 863, 1154, 819, 577, 678, 657, 592, 510, 526, 570, 601, 532, 609, 620, 620, 577, 507, 633, 593, 544, 584, 622, 630, 590, 591, 696, 612, 608, 560, 674, 742, 606, 571, 682, 691, 533, 534, 727, 778, 639, 571, 672, 596, 641, 568, 711, 796, 652, 681, 710, 697, 760, 526, 648, 818, 550, 550, 675, 666, 821, 507, 702, 1006, 741, 638, 751, 736, 963, 859, 959, 1200, 825, 734, 1012, 914, 944, 2247, 2277, 1396, 897, 774, 1502, 1176, 1228, 3383, 3732, 2002, 869, 956, 1566, 1422, 890, 2029, 2397, 1439, 675, 1102, 1455, 1144, 1048, 1436, 1571, 1373, 763, 1556, 1715, 1027, 887, 1361, 1801, 1518, 785, 1110, 1202, 993, 908, 824, 1468, 1463, 945, 957, 963, 969, 1334, 1027, 1429, 1521, 1096, 1242, 932, 1055, 1518, 1690, 1976, 1820, 1328, 1588, 1375, 1359, 1257, 1618, 1914, 1675, 1411, 1437, 1366, 1399, 772, 1163, 1440, 1325, 1084, 927, 985, 1031, 755, 895, 1146, 1041, 829, 751, 809, 871, 967, 739, 916, 755, 839, 838, 775, 1035, 805, 641, 762, 696, 726, 669, 773, 991, 746, 536, 667, 697, 679, 707, 704, 801, 751, 657, 596, 629, 756, 747, 716, 776, 606, 695, 572, 515, 735, 834, 685, 637, 617, 602, 666, 555, 586, 687, 651, 670, 836, 705, 889, 817, 614, 602, 687, 876, 763, 735, 920, 883, 654, 584, 694, 821, 614, 543, 709, 654, 586, 646, 640, 678, 633, 561, 651, 627, 560, 536, 653, 706, 680, 660, 687, 668, 655, 679, 645, 614, 577, 573, 518, 563, 639, 546, 488, 566, 586, 525, 482, 640, 655, 501, 592, 627, 516, 501, 602, 655, 570, 565, 650, 625, 634, 586, 562, 715, 678, 658, 702, 616, 603, 586, 645, 782, 675, 626, 683, 656, 584, 596, 597, 680, 654, 647, 725, 626, 612, 619, 617, 578, 609, 542, 581, 653, 590, 646, 688, 637, 576, 559, 681, 701, 560, 610, 574, 593, 550, 623, 692, 569, 607, 682, 604, 663, 643, 638, 714, 661, 611, 619, 528, 553, 555, 631, 645, 638, 652, 576, 535, 587, 600, 580, 620, 623, 622, 569, 563, 544, 552, 620, 572, 598, 587, 618, 610, 577, 570, 640, 615, 592, 599, 576, 581, 532, 569, 636, 683, 651, 614, 645, 637, 671, 620, 628, 603, 591, 539, 557, 628, 600, 624, 583, 499, 523, 525, 577, 560, 514, 602, 567, 404, 526, 618, 605, 452, 501, 671, 637, 509, 536, 681, 605, 603, 694, 750, 677, 595, 576, 653, 614, 604, 599, 654, 593, 595, 570, 725, 687, 532, 627, 627, 617, 657, 643, 1037, 703, 876, 969, 669, 694, 735, 997, 877, 962, 1536, 1167, 682, 893, 1473, 1549, 568, 1103, 1138, 866, 658, 910, 1488, 1265, 584, 617, 573, 714, 615, 605, 723, 623, 575, 761, 897, 721, 549, 540, 663, 671, 471, 756, 859, 663, 504, 624, 839, 772, 518, 550, 668, 644, 555, 581, 725, 700, 590, 447, 495, 620, 612, 517, 566, 626, 553, 491, 467, 511, 492, 480, 526, 557, 554, 563, 569, 560, 476, 480, 542, 501, 455, 478, 541, 480, 362, 482, 455, 428, 422, 445, 405, 401, 437, 511, 429, 387, 410, 439, 455, 431, 437, 521, 503, 408, 462, 461, 408, 433, 453, 496, 474, 425, 382, 446, 423, 403, 389, 394, 419, 420, 452, 402, 351, 465, 474, 370, 422, 480]"
-0.7613521814346313,0.1323714256286621,0.10720223188400269,-0.7384577989578247,0.5268694162368774,0.3179982304573059,-0.17742618918418884,-1.3285430669784546,1.5832901000976562,16.5,-0.741604208946228,1.480722427368164,29.5,-0.38497769832611084,0.9986400604248047,17.0,0.035878777503967285,0.8564472198486328,23.75,0.05061304569244385,0.7999420166015625,30.75,"[500, 632, 599, 591, 736, 588, 597, 634, 500, 586, 518, 659, 777, 626, 568, 550, 502, 564, 525, 511, 644, 560, 512, 541, 443, 540, 491, 521, 658, 547, 469, 473, 574, 539, 498, 548, 596, 488, 468, 583, 537, 476, 476, 470, 544, 604, 513, 491, 530, 506, 450, 557, 574, 513, 485, 501, 494, 500, 461, 517, 526, 547, 535, 498, 476, 460, 425, 450, 521, 449, 439, 513, 482, 535, 616, 626, 631, 542, 583, 626, 568, 555, 570, 608, 623, 555, 595, 653, 543, 527, 483, 529, 555, 525, 599, 616, 485, 477, 465, 477, 524, 516, 494, 481, 522, 573, 508, 415, 565, 595, 583, 556, 503, 568, 530, 482, 510, 581, 627, 486, 562, 581, 499, 494, 410, 579, 641, 463, 489, 474, 440, 414, 461, 515, 512, 471, 478, 414, 490, 564, 562, 508, 589, 542, 499, 558, 554, 639, 552, 516, 590, 494, 549, 585, 538, 621, 579, 574, 573, 525, 562, 490, 521, 567, 542, 499, 593, 650, 501, 442, 520, 603, 602, 508, 601, 571, 533, 482, 515, 628, 547, 598, 631, 598, 590, 528, 470, 558, 575, 541, 510, 566, 579, 622, 533, 565, 554, 581, 611, 563, 482, 516, 580, 581, 585, 573, 588, 538, 603, 534, 613, 573, 580, 574, 612, 652, 546, 552, 602, 602, 536, 576, 570, 588, 571, 573, 500, 446, 508, 572, 587, 527, 565, 602, 592, 529, 593, 598, 554, 587, 644, 510, 527, 644, 634, 509, 512, 635, 591, 567, 536, 550, 526, 460, 536, 549, 552, 566, 534, 516, 516, 551, 580, 515, 550, 473, 467, 474, 514, 563, 489, 487, 566, 527, 453, 507, 553, 502, 463, 493, 551, 538, 476, 466, 518, 494, 460, 524, 525, 480, 548, 533, 513, 530, 464, 510, 541, 498, 545, 516, 410, 485, 506, 531, 557, 534, 628, 567, 540, 599, 535, 514, 622, 644, 554, 573, 594, 508, 545, 601, 539, 482, 502, 628, 553, 492, 593, 548, 627, 612, 636, 658, 506, 460, 593, 621, 642, 683, 651, 556, 577, 563, 615, 643, 676, 682, 616, 595, 646, 712, 672, 634, 627, 613, 649, 596, 519, 593, 676, 649, 608, 617, 704, 637, 579, 527, 563, 661, 672, 831, 928, 840, 638, 937, 1252, 1109, 1617, 1496, 2070, 2402, 1574, 1674, 3802, 3743, 4351, 4160, 5762, 4574, 3077, 4175, 10037, 10226, 7209, 6912, 10428, 6145, 4222, 6822, 17147, 17687, 5907, 4778, 8241, 4780, 2972, 5073, 13575, 14408, 3266, 1170, 3111, 3300, 2157, 1394, 3072, 4613, 3075, 5528, 6102, 4940, 2605, 7136, 12537, 10279, 6010, 11639, 13674, 7309, 2965, 13219, 25093, 21789, 5230, 11020, 13244, 6430, 2267, 11109, 21362, 18780, 2158, 3527, 4184, 2191, 927, 3663, 6852, 6149, 764, 1146, 1348, 944, 648, 1030, 1919, 1799, 634, 1032, 1301, 903, 669, 913, 1384, 1258, 671, 799, 865, 709, 634, 735, 968, 888, 483, 599, 671, 689, 611, 660, 740, 663, 503, 548, 570, 578, 533, 617, 578, 572, 680, 645, 623, 516, 595, 699, 594, 615, 649, 608, 629, 607, 591, 646, 722, 707, 706, 729, 792, 766, 659, 616, 699, 764, 743, 739, 742, 635, 539, 707, 756, 753, 798, 712, 694, 684, 709, 708, 804, 811, 898, 761, 847, 768, 687, 611, 825, 1023, 928, 1413, 1698, 1073, 813, 947, 949, 1206, 1282, 4051, 4535, 2301, 988, 1350, 1944, 1825, 2106, 5403, 5788, 2960, 1208, 1460, 2289, 2098, 1795, 3361, 3421, 2111, 1117, 1015, 1250, 1495, 953, 1194, 1420, 1190, 907, 762, 987, 996, 837, 658, 907, 1157, 1007, 713, 817, 872, 1298, 1140, 1495, 1715, 1462, 1027, 797, 1282, 1570, 1294, 1111, 1157, 1418, 1218, 1031, 1509, 1074, 977, 940, 849, 799, 1074, 1063, 1030, 939, 713, 828, 802, 558, 861, 802, 783, 906, 735, 868, 734, 678, 918, 796, 751, 1017, 816, 798, 737, 829, 843, 771, 1041, 905, 790, 837, 848, 851, 703, 840, 1060, 600, 647, 762, 692, 564, 477, 572, 677, 630, 613, 721, 664, 550, 666, 634, 627, 610, 519, 700, 705, 599, 695, 606, 614, 824, 542, 695, 731, 728, 615, 607, 866, 868, 651, 851, 773, 684, 620, 860, 1131, 984, 773, 1141, 991, 662, 671, 1111, 1396, 740, 710, 886, 768, 591, 664, 851, 858, 608, 558, 586, 564, 612, 654, 635, 603, 586, 601, 643, 637, 620, 572, 527, 624, 583, 589, 613, 540, 548, 512, 541, 611, 658, 692, 563, 568, 617, 631, 589, 581, 645, 606, 568, 651, 608, 602, 643, 621, 588, 571, 559, 602, 574, 574, 625, 576, 623, 576, 645, 608, 635, 571, 654, 697, 584, 641, 775, 703, 576, 600, 614, 699, 593, 485, 593, 660, 645, 636, 642, 666, 555, 531, 559, 692, 662, 549, 564, 618, 692, 647, 573, 706, 680, 572, 493, 594, 589, 579, 674, 709, 648, 599, 537, 602, 632, 609, 650, 660, 669, 606, 564, 636, 617, 639, 602, 571, 620, 519, 657, 638, 699, 657, 647, 630, 650, 678, 756, 801, 726, 599, 607, 625, 671, 639, 603, 765, 662, 594, 740, 660, 623, 691, 651, 725, 615, 639, 673, 725, 688, 696, 750, 746, 582, 549, 612, 662, 552, 674, 728, 612, 551, 499, 634, 644, 580, 620, 683, 685, 648, 749, 718, 624, 654, 706, 761, 721, 740, 879, 709, 574, 616, 727, 814, 648, 673, 740, 650, 580, 576, 691, 746, 673, 619, 614, 709, 708, 623, 613, 695, 676, 616, 612, 745, 748, 725, 573, 597, 734, 533, 589, 772, 707, 623, 580, 697, 754, 558, 640, 831, 723, 616, 576, 807, 817, 530, 611, 693, 619, 578, 586, 737, 706, 573, 541, 682, 704, 684, 557, 532, 613, 461, 440, 528, 583, 547, 491, 540, 571, 562, 570, 649, 681, 581, 536, 665, 721, 597, 627, 612, 558, 621, 637, 641, 718, 624, 650, 615, 485, 612, 662, 624, 590, 551, 487, 475, 499, 547, 549, 565, 588, 620, 506, 465, 533, 556, 441, 458, 614, 469, 408, 437, 478, 458, 389, 361, 498, 463, 500, 506, 484, 446, 490, 506, 474, 421, 448, 378, 345, 387, 463, 489, 443, 372, 434, 375, 359, 389, 428, 406, 343, 390, 405, 398, 388, 351, 342, 387, 392, 426, 460, 538, 454, 407, 410, 436, 441]"
-0.778622567653656,0.3323603868484497,0.1840769201517105,-0.631862998008728,0.7035256028175354,0.3390764594078064,-0.038312286138534546,-0.9988352060317993,1.3370990753173828,30.75,-0.8055731058120728,1.2458324432373047,19.5,-0.7668062448501587,1.2332439422607422,30.25,-0.44422590732574463,1.0469913482666016,26.5,-0.2777143716812134,0.8535861968994141,20.0,"[471, 543, 570, 605, 668, 606, 570, 541, 583, 602, 603, 543, 608, 639, 616, 565, 592, 680, 638, 550, 607, 639, 541, 475, 633, 567, 513, 528, 547, 629, 481, 538, 535, 483, 525, 537, 394, 541, 570, 582, 441, 497, 584, 502, 310, 538, 660, 537, 566, 520, 504, 546, 526, 518, 561, 561, 555, 528, 462, 526, 491, 439, 466, 487, 568, 587, 561, 564, 505, 495, 510, 522, 544, 622, 636, 551, 508, 563, 539, 516, 561, 578, 623, 597, 492, 587, 607, 579, 543, 587, 620, 535, 490, 588, 559, 547, 554, 559, 558, 560, 554, 578, 554, 574, 613, 626, 543, 534, 663, 608, 526, 560, 619, 582, 488, 589, 706, 637, 485, 602, 532, 549, 579, 515, 554, 601, 510, 529, 480, 527, 516, 520, 583, 625, 576, 532, 511, 524, 558, 601, 616, 518, 520, 575, 612, 536, 465, 627, 667, 640, 554, 554, 484, 485, 453, 483, 582, 621, 560, 512, 586, 508, 397, 414, 535, 537, 401, 536, 628, 539, 507, 542, 599, 528, 484, 623, 532, 487, 569, 625, 602, 535, 466, 534, 487, 524, 598, 590, 631, 585, 531, 509, 574, 669, 696, 604, 623, 590, 591, 540, 534, 627, 621, 599, 594, 605, 572, 536, 497, 599, 615, 541, 533, 574, 528, 522, 552, 686, 683, 583, 590, 697, 619, 514, 624, 685, 603, 509, 539, 705, 638, 529, 619, 660, 547, 512, 568, 685, 599, 450, 544, 564, 463, 451, 538, 630, 585, 482, 525, 553, 584, 590, 572, 579, 582, 578, 564, 538, 582, 602, 530, 465, 491, 577, 517, 583, 559, 509, 474, 516, 545, 499, 555, 582, 555, 575, 545, 562, 568, 565, 535, 510, 488, 506, 444, 530, 547, 509, 566, 538, 498, 476, 501, 605, 562, 487, 652, 625, 633, 636, 608, 621, 602, 595, 676, 618, 625, 597, 573, 557, 581, 601, 600, 619, 676, 624, 532, 600, 637, 580, 698, 623, 529, 578, 486, 547, 549, 553, 551, 537, 462, 543, 508, 529, 516, 446, 513, 611, 568, 548, 508, 570, 561, 435, 614, 631, 700, 604, 572, 664, 650, 612, 702, 716, 759, 730, 607, 682, 685, 669, 856, 1010, 1229, 1328, 764, 1152, 2111, 1909, 1859, 2001, 2557, 2515, 1428, 2398, 5330, 4988, 3720, 4817, 5881, 4234, 2599, 5573, 11876, 10993, 6946, 7680, 10379, 7242, 4820, 8555, 20113, 19515, 7009, 6049, 9278, 7227, 5090, 6910, 18156, 18338, 3326, 2478, 3345, 3247, 2490, 2704, 7038, 7181, 2609, 5163, 5087, 3462, 1414, 4009, 6818, 5219, 2867, 6143, 6794, 4922, 1595, 4582, 7358, 5357, 1888, 3339, 4629, 3127, 1217, 2022, 3462, 3230, 1048, 1851, 2384, 1741, 741, 1576, 2947, 2682, 736, 2095, 2482, 1512, 581, 1737, 3097, 2539, 586, 1715, 2162, 1330, 472, 1213, 2340, 2083, 583, 1171, 1297, 843, 515, 837, 1229, 1095, 540, 753, 611, 518, 546, 633, 733, 606, 558, 536, 567, 617, 546, 605, 715, 619, 646, 547, 606, 705, 674, 631, 657, 679, 688, 723, 586, 656, 713, 699, 593, 625, 648, 731, 682, 552, 603, 615, 538, 580, 849, 679, 679, 725, 796, 767, 697, 809, 779, 679, 620, 713, 708, 674, 707, 768, 666, 643, 704, 763, 603, 632, 706, 695, 768, 959, 1088, 867, 692, 738, 704, 636, 1207, 1613, 1392, 1061, 1031, 1520, 1436, 668, 1890, 2928, 2199, 1226, 1539, 2526, 2577, 1147, 2251, 2933, 2327, 1738, 1379, 2173, 2269, 1214, 1888, 1933, 1671, 1649, 709, 1717, 1728, 783, 1369, 1325, 1048, 996, 808, 1616, 1484, 755, 1502, 1597, 1344, 1313, 1182, 1426, 1432, 1072, 1487, 1395, 1732, 1634, 897, 1291, 1315, 1111, 1458, 1066, 1800, 2019, 1001, 1149, 1257, 1230, 941, 1011, 1379, 1543, 961, 899, 1162, 1066, 759, 792, 989, 1103, 1043, 851, 900, 928, 893, 803, 866, 948, 871, 887, 827, 857, 708, 615, 721, 708, 677, 681, 705, 790, 779, 735, 768, 748, 776, 769, 723, 841, 585, 657, 712, 680, 669, 602, 600, 684, 690, 737, 780, 726, 714, 746, 679, 673, 665, 783, 768, 735, 685, 731, 851, 656, 729, 678, 900, 918, 756, 699, 870, 902, 813, 768, 971, 1075, 848, 719, 928, 958, 691, 765, 818, 714, 662, 730, 720, 696, 559, 736, 767, 675, 626, 595, 698, 606, 599, 632, 656, 511, 616, 563, 619, 708, 613, 632, 579, 496, 532, 625, 556, 593, 619, 609, 597, 641, 649, 611, 600, 583, 635, 596, 656, 701, 666, 617, 596, 667, 716, 613, 641, 714, 699, 645, 629, 734, 710, 601, 523, 591, 579, 612, 658, 714, 685, 586, 596, 695, 682, 648, 717, 708, 681, 619, 634, 610, 626, 609, 579, 645, 699, 684, 582, 609, 632, 568, 562, 590, 649, 636, 609, 532, 577, 653, 600, 601, 704, 603, 591, 619, 633, 662, 666, 807, 685, 700, 618, 630, 721, 684, 634, 668, 581, 625, 545, 522, 675, 699, 580, 586, 643, 669, 581, 587, 634, 610, 554, 570, 717, 752, 653, 635, 603, 509, 551, 603, 650, 681, 695, 659, 567, 523, 636, 663, 561, 607, 640, 616, 564, 590, 705, 704, 624, 607, 705, 725, 640, 655, 737, 681, 770, 696, 759, 715, 667, 701, 868, 962, 770, 667, 695, 593, 702, 692, 801, 905, 696, 694, 652, 537, 633, 834, 795, 713, 688, 666, 736, 705, 586, 749, 766, 738, 654, 641, 646, 614, 535, 602, 630, 599, 1000, 1118, 1313, 947, 676, 854, 1092, 1251, 1095, 1238, 1702, 1192, 782, 919, 1663, 1866, 638, 1080, 1290, 848, 711, 928, 1511, 1434, 623, 745, 779, 672, 682, 844, 958, 830, 647, 666, 628, 733, 722, 620, 524, 564, 653, 681, 696, 680, 629, 565, 603, 669, 595, 727, 824, 771, 554, 642, 870, 858, 663, 758, 854, 711, 579, 743, 928, 894, 525, 640, 677, 679, 521, 547, 660, 586, 507, 455, 564, 741, 576, 494, 656, 592, 428, 452, 583, 567, 399, 571, 647, 549, 488, 494, 539, 587, 444, 472, 595, 567, 421, 392, 446, 515, 493, 495, 462, 500, 503, 419, 471, 482, 435, 483, 514, 519, 546, 448, 393, 410, 493, 540, 420, 462, 515, 487, 469, 451, 489, 531, 490, 488, 436, 440, 476, 510, 444, 507, 547, 482, 401, 396, 418, 434, 362, 409, 475, 450]"
-0.7481747269630432,0.39776062965393066,0.19443148374557495,-0.4213670492172241,0.7698751091957092,0.23285755515098572,0.21477052569389343,-1.1195915937423706,1.3323783874511719,18.0,-0.5126255750656128,0.92926025390625,16.5,-0.5011814832687378,0.9720325469970703,-32.0,-0.46942412853240967,0.9562969207763672,22.0,-0.34239470958709717,0.7657527923583984,30.0,"[594, 617, 689, 602, 563, 594, 691, 626, 625, 621, 562, 729, 679, 589, 622, 578, 573, 505, 564, 610, 543, 529, 537, 603, 555, 438, 454, 519, 509, 454, 473, 569, 478, 387, 411, 508, 442, 394, 464, 490, 516, 509, 423, 489, 504, 492, 451, 479, 560, 488, 414, 519, 526, 455, 425, 509, 518, 452, 463, 482, 482, 476, 536, 535, 518, 506, 551, 558, 588, 513, 588, 658, 530, 661, 656, 580, 576, 602, 649, 671, 486, 477, 615, 556, 541, 572, 642, 667, 533, 599, 594, 535, 510, 602, 644, 585, 520, 596, 620, 569, 534, 543, 503, 453, 541, 650, 590, 470, 556, 577, 598, 468, 550, 648, 588, 449, 525, 653, 605, 490, 488, 568, 623, 566, 489, 539, 641, 575, 556, 468, 501, 572, 487, 502, 559, 568, 599, 544, 496, 629, 641, 590, 540, 566, 550, 604, 535, 559, 626, 542, 492, 534, 505, 533, 558, 576, 634, 588, 524, 609, 490, 524, 590, 524, 495, 520, 606, 601, 657, 568, 548, 644, 612, 533, 586, 672, 605, 626, 546, 612, 555, 573, 613, 539, 564, 597, 527, 510, 564, 520, 505, 498, 528, 752, 698, 581, 538, 599, 618, 506, 658, 751, 652, 490, 533, 615, 595, 492, 627, 642, 656, 584, 521, 530, 566, 574, 567, 548, 541, 491, 458, 540, 525, 524, 595, 510, 524, 510, 589, 656, 564, 598, 507, 510, 541, 588, 573, 617, 613, 569, 576, 564, 560, 587, 518, 495, 561, 623, 589, 512, 623, 565, 402, 484, 558, 629, 530, 524, 532, 547, 474, 449, 468, 507, 520, 555, 586, 619, 610, 523, 554, 512, 549, 463, 585, 694, 629, 613, 644, 652, 538, 517, 661, 685, 565, 526, 567, 640, 571, 529, 560, 526, 461, 464, 503, 580, 510, 462, 466, 501, 443, 480, 511, 562, 540, 566, 569, 566, 578, 566, 560, 545, 613, 511, 624, 591, 655, 642, 548, 645, 588, 534, 579, 571, 649, 568, 491, 658, 506, 450, 477, 561, 603, 496, 515, 587, 579, 612, 661, 707, 637, 640, 699, 584, 1048, 1030, 1202, 1382, 931, 1103, 1971, 1878, 1573, 1469, 1999, 2224, 1462, 1733, 3658, 3501, 2539, 2795, 3579, 3148, 1860, 3349, 6884, 6436, 8479, 8494, 12783, 9388, 5761, 9262, 21801, 21613, 14314, 11473, 19696, 15585, 9774, 12588, 33096, 34347, 10328, 6692, 12989, 12100, 7566, 8153, 22713, 23847, 3727, 2884, 4898, 5145, 3088, 3425, 8957, 8968, 1902, 3038, 3094, 2418, 1295, 2686, 4835, 3939, 3242, 3183, 4508, 3420, 1458, 2508, 5098, 5405, 2848, 4163, 6225, 4161, 1346, 3210, 6702, 6692, 1844, 4203, 5280, 3092, 1034, 3012, 5811, 5220, 1340, 4092, 4497, 2358, 847, 2829, 5080, 4097, 1105, 2683, 2776, 1579, 777, 2076, 3368, 2568, 846, 1282, 1369, 849, 634, 1022, 1360, 1224, 767, 880, 794, 645, 674, 804, 888, 741, 654, 683, 664, 599, 600, 657, 807, 747, 587, 611, 582, 579, 689, 682, 768, 780, 703, 783, 769, 734, 687, 740, 776, 735, 816, 952, 837, 709, 680, 977, 949, 682, 887, 832, 797, 870, 792, 859, 892, 847, 989, 1001, 951, 877, 817, 785, 778, 810, 830, 998, 872, 722, 808, 845, 855, 755, 991, 1183, 961, 685, 887, 1006, 923, 832, 928, 1370, 1407, 809, 1043, 1153, 871, 867, 2039, 4702, 4622, 1921, 1397, 1912, 2330, 1591, 4272, 7767, 6436, 2127, 1982, 2862, 3856, 1979, 4823, 6621, 4519, 1940, 2191, 2709, 3441, 2161, 3458, 3944, 2736, 2433, 2286, 2373, 2740, 2191, 2028, 2255, 1809, 1761, 1657, 1584, 1649, 1448, 1562, 1530, 1533, 1684, 1430, 1362, 1203, 1049, 1445, 1428, 1653, 1680, 1256, 1076, 1085, 1293, 958, 1068, 1197, 1093, 759, 824, 948, 1066, 705, 809, 981, 913, 679, 820, 835, 805, 671, 806, 955, 800, 688, 849, 850, 793, 706, 822, 904, 776, 746, 819, 734, 619, 707, 794, 773, 733, 604, 706, 750, 569, 688, 947, 895, 669, 704, 788, 908, 729, 621, 850, 855, 702, 710, 799, 842, 712, 773, 852, 813, 676, 725, 845, 815, 777, 832, 864, 722, 723, 658, 821, 807, 632, 788, 750, 706, 695, 655, 787, 778, 762, 606, 638, 647, 575, 653, 727, 721, 625, 567, 598, 617, 635, 595, 627, 630, 594, 607, 734, 792, 679, 685, 735, 750, 708, 562, 737, 776, 611, 573, 632, 733, 674, 530, 766, 816, 561, 533, 635, 767, 714, 579, 684, 715, 639, 621, 675, 738, 697, 584, 474, 543, 598, 623, 566, 654, 691, 706, 548, 519, 594, 667, 665, 779, 824, 617, 566, 586, 504, 566, 656, 793, 736, 782, 694, 667, 590, 589, 673, 706, 725, 593, 630, 608, 532, 501, 529, 549, 608, 528, 592, 599, 607, 583, 603, 667, 589, 609, 661, 630, 670, 709, 758, 823, 714, 560, 611, 701, 661, 534, 567, 735, 680, 626, 669, 659, 603, 576, 556, 667, 705, 718, 711, 723, 741, 751, 708, 729, 753, 694, 576, 618, 765, 720, 614, 665, 733, 770, 650, 735, 873, 820, 620, 663, 744, 948, 608, 788, 1057, 950, 613, 1138, 1381, 1622, 603, 1194, 1808, 1573, 444, 2185, 2766, 1667, 652, 1409, 2112, 1786, 620, 2640, 3157, 1320, 566, 1201, 1554, 1286, 724, 1940, 2290, 822, 624, 897, 914, 768, 604, 1158, 1335, 658, 748, 753, 658, 666, 755, 923, 866, 689, 736, 778, 731, 687, 810, 848, 781, 903, 876, 1179, 973, 649, 724, 968, 1159, 1189, 1294, 1639, 1194, 797, 906, 1575, 1813, 1158, 1330, 1368, 1043, 935, 998, 1624, 1707, 946, 983, 856, 732, 779, 794, 1013, 1125, 814, 984, 934, 740, 876, 847, 848, 871, 700, 888, 1051, 914, 866, 751, 844, 936, 698, 867, 1046, 847, 769, 796, 970, 941, 724, 868, 953, 747, 652, 898, 1055, 829, 655, 608, 846, 778, 610, 790, 824, 763, 542, 589, 761, 662, 571, 780, 764, 690, 661, 682, 674, 560, 527, 733, 701, 638, 650, 649, 688, 593, 524, 654, 683, 670, 635, 650, 639, 562, 527, 626, 607, 573, 564, 587, 594, 589, 559, 524, 533, 583, 432, 410, 501, 519, 446, 451, 564, 561, 376, 447, 478, 445, 437, 455, 510, 447, 449, 501, 535, 497, 448, 497, 452, 451, 436, 441, 476, 477, 414, 391, 376, 431, 491, 536, 427, 394, 433, 413, 450, 447]"
-0.6372405290603638,0.5484949946403503,0.2693002223968506,-0.09929248690605164,0.8881934285163879,0.23826465010643005,0.5308303833007812,-0.8401707410812378,2.6357173919677734,17.0,-0.5290344953536987,0.8817672729492188,27.5,-0.49484527111053467,0.8764743804931641,25.75,-0.48297202587127686,0.8601665496826172,16.75,-0.4789665937423706,0.8382797241210938,20.5,"[506, 645, 600, 534, 561, 537, 601, 646, 532, 593, 594, 548, 583, 620, 540, 497, 486, 529, 576, 498, 496, 595, 618, 520, 501, 490, 456, 438, 504, 560, 545, 524, 516, 473, 456, 420, 417, 441, 476, 491, 494, 486, 497, 534, 575, 591, 492, 483, 562, 482, 537, 609, 567, 511, 499, 537, 519, 524, 482, 528, 558, 493, 432, 465, 442, 441, 515, 545, 554, 446, 546, 545, 499, 520, 510, 554, 630, 504, 460, 468, 499, 526, 483, 420, 502, 501, 448, 486, 511, 530, 603, 482, 451, 530, 525, 529, 394, 508, 559, 567, 502, 509, 542, 460, 502, 602, 620, 581, 495, 555, 660, 560, 533, 573, 581, 578, 590, 614, 520, 490, 545, 493, 510, 604, 626, 552, 551, 524, 604, 523, 584, 669, 548, 520, 514, 562, 492, 420, 607, 583, 480, 569, 587, 579, 544, 591, 660, 617, 533, 591, 597, 552, 633, 572, 601, 623, 506, 625, 581, 577, 547, 487, 527, 514, 483, 563, 535, 548, 605, 497, 583, 577, 542, 627, 551, 584, 573, 536, 657, 639, 590, 546, 666, 644, 630, 607, 567, 612, 588, 486, 563, 601, 622, 598, 610, 629, 557, 524, 544, 542, 634, 666, 587, 570, 581, 566, 528, 501, 583, 567, 522, 514, 542, 569, 517, 527, 566, 567, 548, 582, 600, 542, 546, 547, 540, 636, 655, 618, 567, 608, 546, 609, 539, 619, 596, 543, 512, 568, 565, 562, 544, 476, 608, 599, 532, 531, 555, 598, 560, 510, 584, 652, 594, 534, 582, 575, 535, 479, 565, 552, 452, 480, 564, 566, 602, 630, 532, 474, 514, 577, 604, 614, 448, 550, 586, 540, 508, 582, 700, 639, 466, 556, 591, 545, 492, 552, 653, 581, 557, 507, 582, 583, 598, 599, 553, 658, 534, 601, 610, 528, 593, 588, 527, 562, 436, 595, 576, 544, 498, 485, 566, 475, 544, 603, 544, 489, 563, 578, 531, 487, 783, 738, 714, 691, 622, 739, 991, 991, 1342, 1385, 1700, 1295, 1057, 1512, 2577, 2453, 1924, 1760, 2227, 1864, 1599, 1892, 3047, 3123, 1951, 2434, 2904, 2112, 1578, 2596, 4066, 3629, 3094, 5589, 7122, 3855, 1639, 5656, 11508, 10467, 4654, 6490, 9188, 5232, 2751, 6451, 14995, 14476, 3193, 3849, 5627, 3889, 2278, 4013, 9305, 9063, 2066, 1848, 2896, 2569, 1510, 1974, 4304, 4408, 1538, 2464, 3539, 2364, 1042, 2016, 4273, 4137, 2475, 5938, 5462, 2035, 1378, 3235, 5051, 3295, 6189, 10311, 9621, 4742, 3004, 4933, 8138, 6906, 6908, 8339, 8953, 6058, 3438, 4462, 8146, 8477, 4599, 6675, 9739, 6724, 2722, 5028, 10458, 10401, 2296, 8459, 10188, 5546, 1528, 5813, 10850, 9118, 946, 4226, 4737, 2466, 921, 3005, 5242, 4046, 1225, 1951, 2052, 1236, 854, 1327, 1959, 1678, 1032, 2465, 2475, 1301, 772, 1707, 2564, 1956, 806, 1714, 1896, 1147, 625, 1247, 1998, 1738, 942, 1170, 1201, 902, 767, 979, 1112, 1061, 1551, 1134, 1275, 1206, 941, 1208, 962, 1440, 1564, 1152, 1036, 1122, 949, 1246, 981, 1209, 883, 917, 898, 818, 689, 908, 936, 760, 672, 987, 930, 709, 724, 785, 971, 810, 892, 1166, 973, 758, 844, 860, 1052, 813, 1143, 1384, 1041, 755, 795, 840, 877, 736, 1463, 1880, 1400, 867, 905, 933, 972, 728, 1473, 1863, 1380, 928, 972, 1051, 1091, 849, 2166, 3939, 3391, 1470, 1250, 1463, 2082, 1344, 2694, 5439, 4987, 2331, 1559, 2596, 3616, 2150, 3157, 4359, 4491, 3538, 1978, 3522, 3828, 2930, 2998, 2887, 3730, 3482, 1836, 2715, 2675, 2799, 2092, 2096, 2330, 1984, 1527, 2026, 1778, 1851, 1474, 1953, 1455, 1039, 1217, 1525, 1457, 987, 1426, 1713, 1283, 1071, 1088, 1328, 1312, 884, 1087, 1148, 864, 803, 704, 1043, 1131, 866, 852, 951, 799, 681, 650, 805, 841, 682, 730, 824, 779, 709, 674, 794, 799, 629, 785, 781, 881, 887, 684, 777, 827, 828, 911, 777, 928, 836, 634, 658, 903, 1032, 805, 720, 871, 853, 610, 726, 1054, 978, 775, 743, 665, 704, 728, 721, 886, 874, 602, 660, 756, 823, 731, 669, 793, 808, 570, 688, 746, 766, 643, 585, 778, 785, 481, 529, 697, 639, 539, 490, 663, 704, 559, 547, 711, 769, 730, 646, 663, 684, 506, 582, 656, 720, 713, 648, 650, 566, 615, 619, 606, 674, 680, 640, 637, 590, 702, 687, 738, 718, 677, 688, 751, 776, 800, 691, 773, 781, 623, 665, 714, 782, 771, 726, 772, 865, 740, 676, 820, 817, 720, 656, 646, 803, 614, 605, 860, 829, 785, 787, 828, 760, 631, 817, 933, 888, 790, 758, 912, 954, 808, 780, 943, 987, 786, 633, 968, 1085, 896, 756, 897, 975, 689, 709, 815, 969, 885, 764, 899, 833, 767, 756, 783, 855, 812, 782, 830, 890, 879, 738, 570, 575, 770, 696, 715, 892, 859, 741, 573, 685, 785, 699, 674, 814, 674, 646, 648, 729, 717, 667, 728, 691, 703, 665, 731, 834, 802, 613, 741, 738, 645, 580, 722, 763, 605, 690, 796, 752, 642, 650, 802, 783, 648, 782, 974, 855, 1183, 961, 1493, 1359, 878, 1123, 2547, 2599, 2968, 1348, 2825, 2617, 2203, 1577, 5155, 5925, 3255, 1202, 2662, 2739, 2528, 1347, 4997, 6053, 1790, 895, 1592, 1723, 1436, 999, 2803, 3269, 879, 876, 1171, 1332, 919, 969, 1838, 1745, 911, 1605, 1791, 1200, 651, 1108, 1703, 1374, 1003, 2342, 2467, 1347, 706, 1460, 2367, 1760, 981, 1832, 1913, 1235, 719, 1293, 1971, 1536, 810, 1088, 1406, 1095, 651, 915, 1203, 1177, 571, 825, 1098, 983, 675, 804, 1098, 1045, 720, 892, 944, 824, 645, 818, 1178, 1066, 708, 1198, 1220, 823, 615, 935, 1274, 1001, 759, 1297, 1224, 862, 684, 1147, 1468, 1063, 734, 978, 906, 844, 701, 974, 1336, 1100, 688, 874, 961, 886, 714, 928, 1186, 924, 622, 808, 1003, 843, 659, 917, 1101, 935, 528, 681, 809, 687, 641, 720, 842, 784, 580, 599, 637, 622, 558, 546, 696, 698, 468, 561, 742, 732, 509, 429, 582, 553, 523, 606, 643, 597, 587, 570, 621, 628, 486, 576, 579, 474, 513, 506, 614, 625, 517, 542, 523, 529, 546, 476, 609, 638, 386, 486, 537, 518, 516, 513, 569, 554, 484, 514, 568, 545, 489, 552, 560, 557, 460, 443, 495, 502, 468, 497, 518, 494, 486, 442, 540, 506, 427, 501, 510, 515]"
-0.5301347970962524,0.4830540716648102,0.3006872236728668,0.18164288997650146,0.7525508403778076,0.19712981581687927,0.7704740762710571,-1.5322390794754028,1.547384262084961,21.5,-0.8869353532791138,0.9030818939208984,23.25,-0.740021824836731,1.8959999084472656,16.5,-0.03263390064239502,2.3972511291503906,18.25,0.09167754650115967,2.3933887481689453,15.5,"[576, 618, 611, 555, 522, 547, 609, 614, 508, 529, 544, 572, 488, 480, 563, 575, 502, 518, 545, 531, 512, 538, 535, 475, 538, 424, 465, 499, 480, 493, 555, 572, 525, 506, 447, 487, 526, 532, 530, 535, 471, 525, 484, 475, 485, 505, 470, 441, 451, 492, 477, 464, 491, 423, 379, 408, 575, 552, 552, 542, 583, 536, 414, 483, 478, 486, 501, 477, 472, 561, 515, 460, 459, 427, 499, 486, 439, 490, 527, 522, 629, 564, 559, 573, 520, 487, 612, 653, 606, 635, 569, 521, 491, 493, 551, 563, 547, 564, 544, 526, 461, 509, 557, 513, 532, 489, 572, 603, 483, 477, 611, 601, 555, 521, 560, 529, 541, 597, 586, 569, 564, 557, 534, 496, 523, 561, 540, 540, 525, 505, 461, 506, 538, 505, 429, 448, 571, 567, 552, 495, 475, 485, 504, 534, 636, 622, 642, 555, 542, 628, 578, 583, 561, 622, 624, 581, 631, 660, 517, 543, 561, 499, 555, 609, 558, 639, 543, 491, 553, 499, 507, 560, 503, 517, 570, 555, 428, 511, 528, 501, 504, 468, 526, 480, 488, 485, 448, 534, 562, 491, 516, 542, 603, 577, 542, 548, 561, 604, 601, 573, 602, 692, 653, 574, 565, 528, 569, 532, 548, 627, 598, 588, 566, 549, 516, 512, 487, 568, 629, 618, 617, 546, 454, 409, 516, 518, 573, 547, 504, 470, 478, 547, 568, 469, 482, 549, 538, 545, 540, 593, 730, 514, 579, 678, 570, 539, 549, 641, 638, 582, 625, 666, 552, 568, 564, 532, 592, 493, 486, 534, 553, 556, 507, 541, 551, 480, 571, 609, 537, 510, 492, 537, 598, 565, 500, 472, 467, 488, 542, 554, 653, 621, 513, 511, 554, 539, 521, 560, 510, 437, 518, 558, 556, 484, 511, 555, 543, 507, 439, 491, 532, 545, 591, 609, 810, 670, 749, 744, 639, 605, 708, 872, 1435, 1066, 1851, 1634, 927, 878, 1975, 2392, 2767, 2212, 4103, 3136, 1385, 1831, 4899, 5607, 3854, 3136, 5653, 4186, 1978, 2615, 7169, 8094, 3711, 2791, 4598, 3421, 2046, 2498, 6538, 7283, 3329, 1799, 3119, 2855, 1910, 1897, 4620, 5411, 3686, 1705, 4085, 3512, 1890, 1405, 4280, 5954, 4031, 3583, 7264, 5604, 2025, 2087, 6773, 8299, 3197, 4565, 7923, 5618, 1594, 2534, 7302, 8239, 1590, 3456, 4913, 3064, 939, 2089, 4837, 4874, 1053, 1848, 2321, 1483, 675, 1340, 2525, 2463, 1549, 3260, 3599, 1977, 986, 2118, 3402, 2751, 2852, 8145, 8267, 3544, 1767, 4737, 7642, 5388, 4292, 10708, 9739, 3559, 2314, 6578, 9664, 5810, 5174, 8603, 7067, 2949, 2610, 5511, 7256, 4580, 3344, 5573, 5853, 3198, 1858, 3397, 5653, 4870, 1515, 3282, 3544, 2002, 974, 1842, 3222, 2779, 1089, 2066, 2393, 1597, 803, 1690, 2307, 1966, 905, 1986, 2328, 1518, 734, 1706, 2331, 1812, 879, 1642, 1809, 1156, 618, 1261, 1825, 1371, 1162, 1954, 1796, 992, 639, 1155, 1545, 1083, 1411, 2882, 2686, 1271, 708, 1555, 2238, 1461, 1162, 2193, 2104, 1096, 703, 1337, 1877, 1350, 1437, 2607, 2298, 964, 1240, 1523, 1377, 860, 2820, 5049, 4163, 1085, 2477, 2754, 1950, 891, 3526, 5430, 4008, 1146, 3092, 3042, 1959, 1000, 2692, 3856, 2929, 1179, 2092, 2106, 1650, 1165, 3630, 4645, 3635, 2261, 2101, 1828, 2171, 2175, 9338, 10853, 9085, 6645, 5520, 4403, 5548, 6185, 12698, 14557, 11908, 8632, 7001, 6790, 7597, 8256, 8325, 10111, 8805, 5987, 4503, 5711, 5887, 5695, 3031, 5382, 6095, 3782, 2105, 3553, 3331, 2772, 1359, 2256, 2576, 1681, 961, 1720, 1654, 1276, 1253, 1668, 1460, 825, 949, 1307, 1277, 899, 1205, 1870, 1604, 784, 924, 1120, 1266, 842, 964, 1509, 1384, 740, 801, 1003, 1158, 853, 861, 1251, 1125, 718, 811, 904, 984, 812, 900, 1170, 1145, 898, 726, 854, 1044, 1001, 877, 1066, 961, 679, 660, 879, 933, 821, 826, 1104, 1006, 589, 636, 853, 1089, 908, 907, 990, 940, 841, 736, 711, 1015, 983, 734, 732, 757, 793, 701, 663, 883, 854, 624, 777, 700, 598, 670, 651, 825, 756, 837, 985, 717, 599, 749, 684, 824, 727, 746, 840, 740, 591, 645, 658, 694, 657, 732, 793, 770, 699, 677, 659, 662, 712, 689, 717, 693, 652, 624, 558, 666, 715, 682, 632, 701, 719, 672, 555, 661, 694, 684, 761, 742, 659, 717, 680, 714, 721, 844, 909, 749, 532, 719, 699, 665, 749, 951, 973, 752, 613, 801, 766, 746, 855, 1074, 943, 800, 773, 855, 756, 930, 1105, 1318, 825, 962, 1343, 1277, 833, 1250, 1668, 1198, 704, 840, 1223, 1153, 686, 1196, 1585, 757, 727, 744, 750, 760, 671, 823, 842, 923, 821, 760, 687, 662, 750, 675, 793, 889, 734, 721, 759, 707, 803, 720, 863, 850, 656, 674, 726, 714, 785, 728, 851, 793, 681, 495, 656, 629, 618, 738, 722, 865, 630, 536, 726, 716, 715, 712, 728, 757, 611, 575, 705, 675, 636, 698, 738, 750, 773, 712, 705, 701, 621, 773, 786, 752, 716, 728, 733, 671, 633, 680, 770, 761, 694, 672, 588, 556, 620, 646, 792, 1024, 951, 1351, 1171, 882, 1079, 1964, 1954, 2311, 1803, 3041, 2725, 1796, 1997, 5159, 5366, 3005, 1800, 3420, 3116, 2347, 1924, 5936, 6542, 1571, 1044, 1529, 1548, 1330, 950, 2819, 3170, 1572, 1087, 1716, 1667, 924, 900, 1687, 2134, 1548, 1144, 1784, 1579, 849, 954, 1594, 2034, 1028, 941, 1118, 965, 765, 787, 1198, 1367, 1033, 801, 1023, 988, 750, 839, 1361, 1509, 1274, 927, 1208, 1214, 918, 995, 1243, 1549, 1294, 1059, 1241, 1082, 955, 987, 1366, 1625, 1241, 955, 1208, 1080, 850, 1009, 1300, 1549, 1170, 704, 1048, 1074, 793, 893, 1253, 1602, 1044, 739, 886, 849, 742, 807, 1056, 1296, 869, 814, 1031, 810, 680, 778, 997, 1108, 757, 967, 1232, 1019, 667, 719, 1227, 1368, 761, 821, 998, 864, 681, 725, 1175, 1159, 812, 671, 706, 754, 785, 723, 820, 949, 750, 663, 894, 812, 632, 579, 740, 917, 728, 528, 785, 859, 637, 452, 657, 886, 617, 532, 552, 680, 618, 524, 560, 587, 651, 539, 606, 630, 682, 571, 629, 775, 661, 559, 439, 538, 685, 581, 463, 540, 476, 486, 547, 479, 516, 543, 504, 527, 520, 476, 457, 488, 481, 512, 502, 497, 388, 471, 433, 435, 419, 441, 463, 457, 439, 497, 462, 480, 450, 419, 436, 455]"
-0.09832363575696945,0.6655693054199219,0.3620864450931549,1.0002317428588867,0.5977306365966797,0.4611615538597107,1.361729621887207,-0.2680015563964844,-0.3943920135498047,18.0,-0.2443981170654297,0.09198188781738281,15.5,-0.21821975708007812,-0.046634674072265625,20.25,-0.2157878875732422,-0.18968582153320312,21.75,-0.2043437957763672,-0.14505386352539062,21.25,"[578, 569, 547, 591, 688, 591, 545, 569, 518, 624, 564, 509, 560, 643, 627, 506, 497, 501, 560, 509, 536, 663, 632, 529, 458, 495, 461, 381, 545, 635, 509, 418, 430, 490, 455, 389, 562, 591, 466, 415, 486, 471, 469, 495, 566, 572, 484, 455, 485, 556, 540, 528, 472, 541, 541, 456, 501, 561, 556, 494, 470, 506, 541, 507, 545, 590, 559, 498, 479, 553, 572, 521, 755, 645, 528, 541, 556, 519, 470, 601, 570, 562, 467, 436, 454, 530, 473, 488, 485, 492, 580, 527, 443, 515, 551, 556, 473, 514, 518, 431, 470, 518, 426, 423, 525, 465, 527, 535, 610, 674, 505, 491, 528, 459, 508, 506, 580, 638, 525, 474, 578, 640, 629, 526, 533, 584, 524, 500, 530, 515, 604, 639, 513, 419, 547, 598, 543, 506, 538, 636, 574, 482, 587, 612, 662, 549, 493, 568, 563, 528, 507, 623, 582, 552, 537, 644, 654, 523, 524, 572, 569, 627, 642, 704, 626, 498, 579, 569, 564, 625, 624, 636, 605, 544, 529, 560, 460, 534, 584, 549, 500, 539, 542, 496, 473, 466, 463, 551, 545, 555, 598, 487, 464, 428, 496, 560, 533, 551, 617, 526, 463, 548, 606, 560, 507, 593, 628, 486, 528, 566, 547, 565, 541, 476, 505, 501, 522, 540, 557, 490, 520, 554, 492, 500, 521, 623, 580, 468, 449, 585, 572, 487, 512, 546, 566, 553, 512, 528, 626, 593, 496, 484, 604, 684, 594, 491, 583, 561, 460, 497, 604, 611, 575, 484, 514, 478, 475, 573, 543, 515, 494, 441, 520, 478, 416, 543, 515, 503, 497, 515, 554, 501, 443, 443, 520, 520, 512, 544, 591, 548, 500, 570, 512, 450, 510, 533, 494, 466, 581, 555, 547, 527, 520, 525, 488, 524, 595, 577, 621, 536, 474, 588, 588, 584, 588, 1067, 1172, 685, 565, 792, 927, 779, 921, 2687, 3323, 1935, 802, 1465, 1793, 1592, 1189, 4539, 5770, 3346, 1087, 2603, 2646, 2422, 1196, 5304, 6665, 3730, 1095, 2995, 3217, 2842, 1489, 5350, 6356, 3275, 1184, 2791, 3510, 3018, 1449, 4583, 4980, 2287, 1140, 2284, 3180, 2440, 1056, 3238, 3545, 1756, 870, 1457, 2370, 1958, 1486, 3577, 3767, 1897, 992, 1630, 2738, 2165, 1846, 4193, 4267, 2022, 1207, 2059, 3428, 2605, 1481, 3785, 3938, 1924, 948, 2111, 3492, 2656, 1180, 2813, 2933, 1488, 912, 1719, 2601, 2047, 1126, 2465, 2655, 1442, 825, 1646, 2515, 2034, 1660, 3560, 3465, 1600, 1116, 2136, 3158, 2341, 2924, 7344, 7007, 2764, 1970, 3854, 5612, 3441, 3646, 8815, 8167, 3074, 2299, 4433, 6542, 3933, 2911, 6215, 5748, 2331, 1748, 3110, 4334, 2581, 2075, 4093, 3818, 1552, 1432, 2209, 2408, 1396, 1763, 3110, 2660, 1016, 1378, 1617, 1636, 1005, 1661, 2764, 2236, 982, 1363, 1398, 1487, 953, 1192, 2022, 1670, 766, 996, 1011, 1069, 692, 1218, 2109, 1787, 774, 935, 1098, 1248, 737, 1080, 1736, 1458, 743, 809, 991, 1026, 716, 1630, 1706, 1371, 1053, 1182, 1628, 1357, 1002, 2938, 3210, 2555, 1623, 1839, 2967, 2509, 1540, 2753, 4010, 3421, 1568, 1966, 3013, 2604, 1425, 3338, 4424, 3862, 1844, 2545, 3131, 2286, 1283, 4482, 5760, 4273, 2132, 2806, 3215, 2443, 1541, 3233, 4297, 3280, 1796, 2047, 2349, 1778, 1527, 2534, 3338, 2712, 1270, 1464, 1760, 1618, 1119, 2550, 3488, 2581, 1101, 1508, 1797, 1805, 943, 1631, 2303, 1791, 760, 1006, 1160, 1296, 792, 1211, 1568, 1259, 681, 868, 869, 986, 794, 1057, 1483, 1344, 725, 742, 942, 949, 730, 878, 1241, 1116, 691, 706, 785, 916, 689, 791, 1113, 1005, 654, 641, 852, 932, 637, 853, 1090, 919, 677, 816, 1055, 958, 674, 818, 941, 880, 623, 818, 1006, 802, 669, 668, 759, 667, 554, 650, 672, 641, 548, 715, 776, 588, 765, 744, 627, 697, 594, 607, 704, 686, 645, 660, 615, 732, 617, 572, 717, 622, 528, 569, 679, 683, 580, 641, 628, 548, 619, 603, 591, 579, 625, 784, 690, 547, 677, 728, 708, 579, 618, 979, 860, 689, 732, 914, 863, 665, 809, 1157, 1119, 793, 903, 1166, 967, 636, 849, 1211, 1267, 928, 855, 1131, 1000, 802, 883, 1160, 1213, 934, 915, 1094, 968, 824, 880, 711, 736, 801, 772, 789, 804, 732, 708, 860, 921, 916, 688, 758, 944, 834, 735, 761, 898, 812, 740, 746, 846, 769, 633, 819, 715, 821, 917, 787, 742, 746, 784, 688, 635, 802, 821, 730, 616, 631, 702, 686, 664, 708, 717, 645, 707, 702, 728, 651, 719, 890, 870, 559, 640, 723, 705, 816, 812, 848, 873, 702, 708, 726, 729, 1087, 1034, 801, 981, 834, 954, 1002, 846, 890, 839, 657, 785, 651, 792, 848, 725, 627, 685, 700, 588, 592, 705, 753, 617, 716, 644, 679, 715, 673, 613, 701, 712, 875, 661, 654, 709, 658, 591, 630, 811, 634, 690, 760, 747, 569, 572, 661, 670, 682, 654, 732, 827, 599, 587, 692, 618, 818, 709, 819, 1050, 817, 633, 753, 869, 1135, 1058, 1064, 1131, 891, 823, 1035, 1143, 1131, 1331, 1342, 1052, 857, 1016, 1230, 1239, 920, 1134, 1195, 1029, 813, 883, 1273, 1156, 834, 980, 1050, 913, 702, 875, 1164, 1033, 969, 939, 1129, 1040, 732, 831, 1359, 1351, 1129, 946, 1039, 1033, 849, 940, 1343, 1346, 1544, 1186, 1534, 1512, 1042, 1056, 1380, 1757, 1563, 1517, 2099, 1767, 1055, 1338, 2005, 2169, 1019, 1414, 1618, 1084, 782, 1298, 1853, 1687, 1100, 1468, 1300, 940, 890, 1100, 1486, 1149, 1527, 1717, 1674, 1182, 1030, 1171, 1566, 1408, 1222, 1484, 1622, 1165, 883, 1073, 1564, 1379, 939, 1050, 1199, 1208, 858, 1016, 1430, 1054, 1090, 1094, 1248, 1435, 983, 1054, 1381, 1032, 1217, 1055, 1323, 1453, 888, 982, 1323, 1137, 979, 905, 1075, 1095, 677, 888, 1039, 953, 963, 930, 935, 833, 622, 759, 960, 1030, 1113, 1089, 892, 716, 715, 931, 1118, 995, 902, 970, 878, 718, 746, 952, 1077, 990, 725, 820, 804, 676, 598, 660, 916, 920, 686, 805, 913, 778, 540, 517, 819, 898, 774, 914, 1003, 802, 629, 596, 792, 791, 634, 730, 824, 645, 559, 611, 902, 931, 588, 493, 520, 491, 528, 507, 713, 736, 579, 566, 572, 568, 468, 514, 705, 635, 470, 460, 431, 414, 428, 509, 581, 485, 421, 460, 538, 496, 476, 466, 512, 558]"
-0.0766017735004425,0.541522204875946,-0.06788437068462372,0.8512057065963745,0.3209005296230316,-0.10401219129562378,0.9366846680641174,-1.274949312210083,-1.7585277557373047,19.75,-0.22795796394348145,0.2732276916503906,18.75,-0.20478367805480957,-0.304412841796875,22.0,-0.17488598823547363,0.17824172973632812,21.0,-0.16072392463684082,-0.08769035339355469,24.0,"[558, 675, 650, 593, 634, 591, 648, 677, 584, 586, 576, 569, 700, 685, 559, 596, 632, 600, 566, 555, 691, 661, 503, 594, 608, 546, 587, 567, 556, 465, 472, 605, 505, 425, 458, 407, 411, 385, 413, 502, 474, 451, 518, 580, 527, 470, 443, 519, 520, 535, 587, 544, 501, 579, 434, 467, 624, 580, 523, 501, 650, 623, 485, 488, 593, 561, 496, 553, 593, 547, 488, 501, 555, 481, 525, 548, 518, 509, 549, 595, 505, 541, 544, 438, 477, 565, 512, 455, 614, 620, 575, 470, 535, 587, 489, 514, 590, 631, 582, 505, 500, 499, 498, 542, 590, 600, 589, 530, 560, 542, 554, 622, 518, 500, 488, 453, 486, 570, 584, 545, 497, 427, 390, 440, 516, 594, 562, 531, 594, 489, 466, 522, 529, 511, 508, 569, 555, 518, 527, 569, 555, 469, 454, 582, 636, 578, 502, 522, 584, 557, 582, 622, 662, 615, 503, 546, 549, 605, 573, 560, 537, 550, 463, 449, 438, 492, 525, 478, 539, 598, 566, 450, 489, 592, 659, 546, 602, 538, 648, 597, 494, 650, 723, 661, 547, 606, 658, 552, 564, 628, 652, 640, 656, 627, 527, 484, 584, 602, 493, 539, 596, 580, 483, 533, 611, 566, 535, 600, 530, 521, 488, 498, 573, 554, 499, 541, 486, 587, 642, 464, 506, 531, 511, 507, 374, 490, 553, 460, 497, 555, 510, 461, 493, 552, 560, 517, 523, 585, 600, 533, 439, 460, 515, 518, 502, 483, 509, 528, 533, 513, 556, 610, 539, 464, 547, 577, 476, 530, 591, 549, 466, 548, 616, 580, 527, 564, 579, 494, 457, 515, 566, 549, 475, 499, 528, 511, 481, 497, 566, 567, 554, 620, 574, 586, 699, 607, 548, 533, 1175, 2138, 2225, 1221, 1142, 1598, 1270, 708, 2389, 6203, 6885, 3330, 1997, 3668, 2588, 1783, 2658, 7949, 8750, 4035, 2157, 4027, 3349, 2671, 2069, 6019, 6269, 2634, 1667, 2815, 3363, 2405, 2014, 4530, 4179, 1593, 1617, 2219, 2790, 1597, 1531, 1872, 1535, 1442, 1377, 1156, 1020, 854, 1060, 2263, 2515, 1672, 865, 1155, 1414, 1169, 2196, 3860, 3340, 1227, 1377, 1975, 2253, 1200, 2957, 4898, 3799, 1104, 1738, 2427, 2850, 1381, 2147, 3743, 3092, 1062, 1278, 1838, 2163, 1222, 1460, 2689, 2547, 1140, 973, 1511, 1494, 1031, 1148, 2056, 2082, 1033, 846, 1183, 1132, 931, 925, 1530, 1578, 926, 853, 1049, 897, 813, 771, 1221, 1132, 642, 707, 909, 724, 587, 632, 871, 882, 649, 588, 817, 771, 564, 760, 861, 731, 594, 703, 738, 694, 593, 1163, 1903, 1657, 745, 943, 996, 1053, 713, 1437, 2576, 2147, 764, 1192, 1291, 1405, 742, 1696, 2512, 1693, 841, 1815, 1812, 1340, 539, 2501, 3848, 2816, 1498, 3144, 2974, 1442, 938, 2435, 3438, 2452, 1759, 3095, 2638, 1228, 1004, 3917, 4930, 3372, 2258, 3724, 3370, 1667, 1384, 7341, 9925, 7309, 3419, 6187, 6543, 3234, 2086, 6434, 8835, 6628, 3076, 5253, 5544, 2898, 1996, 2715, 3950, 3160, 1498, 2114, 2344, 1648, 1094, 1439, 2600, 2398, 978, 1416, 1848, 1385, 705, 1234, 2049, 1934, 827, 1152, 1308, 1104, 716, 1557, 2141, 1595, 813, 1423, 1486, 986, 817, 1363, 1794, 1508, 813, 1151, 1358, 871, 676, 916, 1149, 1077, 781, 769, 1061, 897, 680, 767, 877, 803, 595, 703, 795, 667, 576, 593, 774, 840, 595, 517, 671, 675, 486, 530, 677, 780, 600, 615, 628, 585, 513, 612, 763, 662, 451, 635, 661, 571, 590, 625, 654, 657, 618, 585, 535, 518, 591, 571, 558, 558, 512, 592, 684, 516, 469, 601, 569, 580, 589, 625, 673, 601, 568, 608, 584, 681, 727, 660, 625, 598, 621, 619, 656, 635, 666, 679, 646, 620, 622, 563, 646, 729, 688, 630, 621, 617, 628, 622, 629, 727, 728, 661, 611, 655, 742, 753, 730, 708, 731, 726, 812, 819, 804, 719, 740, 617, 743, 752, 785, 746, 575, 705, 802, 689, 691, 762, 779, 734, 593, 709, 760, 656, 676, 695, 653, 713, 667, 711, 682, 666, 607, 697, 762, 728, 708, 621, 753, 709, 681, 776, 857, 810, 622, 684, 747, 628, 605, 690, 796, 708, 525, 653, 613, 530, 499, 625, 600, 530, 593, 639, 691, 662, 618, 602, 693, 674, 615, 628, 806, 793, 598, 599, 745, 720, 637, 774, 803, 710, 641, 623, 702, 642, 633, 736, 687, 628, 602, 642, 646, 571, 573, 699, 656, 694, 660, 707, 793, 636, 620, 663, 575, 650, 566, 597, 717, 601, 639, 567, 587, 587, 542, 523, 567, 587, 587, 522, 568, 611, 567, 531, 564, 592, 541, 597, 705, 708, 657, 598, 670, 750, 626, 885, 1030, 835, 796, 757, 772, 989, 793, 902, 1037, 873, 764, 806, 774, 823, 833, 653, 744, 762, 628, 644, 713, 729, 717, 655, 672, 608, 625, 652, 680, 646, 592, 573, 755, 726, 613, 653, 785, 705, 617, 750, 992, 900, 657, 810, 908, 855, 686, 739, 803, 698, 642, 683, 753, 797, 678, 658, 745, 716, 657, 630, 695, 727, 657, 838, 800, 916, 940, 578, 662, 841, 817, 989, 868, 937, 1097, 704, 770, 1070, 971, 1103, 1054, 710, 957, 822, 873, 982, 759, 1311, 1223, 799, 1093, 989, 1136, 1180, 974, 1495, 1389, 899, 1216, 1077, 1160, 1311, 1287, 1455, 1386, 923, 1084, 1044, 977, 1047, 1059, 1383, 1257, 937, 1096, 980, 803, 795, 904, 1405, 1101, 944, 1139, 1046, 751, 603, 1057, 1297, 840, 1039, 1168, 938, 686, 645, 1220, 994, 663, 882, 1036, 798, 654, 765, 1091, 932, 749, 1090, 1120, 710, 677, 949, 1175, 963, 793, 1268, 1161, 682, 709, 1053, 1318, 793, 582, 779, 819, 593, 536, 653, 923, 655, 877, 1088, 823, 517, 586, 875, 880, 541, 804, 865, 778, 643, 660, 774, 672, 564, 789, 722, 640, 563, 692, 742, 534, 572, 620, 620, 643, 596, 580, 649, 535, 593, 666, 774, 700, 601, 548, 596, 685, 588, 586, 834, 707, 519, 557, 592, 703, 459, 581, 646, 465, 414, 534, 517, 474, 449, 653, 688, 564, 473, 555, 613, 504, 583, 693, 626, 505, 433, 567, 610, 541, 531, 578, 598, 515, 442, 561, 530, 482, 600, 621, 580, 482, 560, 668, 560, 528, 601, 515, 505, 439, 503, 636, 558, 484, 633, 525, 522, 605, 490, 493, 560, 549]"
-0.37959372997283936,0.5049532651901245,0.7915052175521851,-0.5913667678833008,0.5704873204231262,0.8930410146713257,-0.5980382561683655,-1.5531678199768066,1.2834548950195312,15.5,-1.19053316116333,1.1212348937988281,18.5,-0.44352006912231445,-0.4112720489501953,16.75,-0.4322190284729004,-0.4157066345214844,19.0,-0.3601212501525879,-0.0423431396484375,16.25,"[461, 569, 673, 655, 554, 658, 678, 568, 581, 633, 592, 583, 656, 705, 632, 603, 592, 663, 549, 508, 543, 640, 590, 558, 540, 585, 545, 470, 419, 481, 566, 524, 547, 565, 510, 481, 452, 498, 528, 516, 551, 557, 486, 526, 515, 489, 441, 452, 543, 522, 531, 609, 569, 496, 539, 505, 489, 477, 526, 581, 519, 479, 537, 554, 443, 435, 501, 491, 470, 491, 521, 524, 475, 460, 507, 427, 451, 533, 530, 508, 458, 497, 592, 498, 518, 542, 549, 568, 522, 517, 485, 390, 474, 492, 480, 555, 501, 445, 476, 459, 497, 426, 461, 564, 563, 479, 543, 586, 542, 415, 423, 536, 512, 507, 508, 575, 505, 453, 525, 471, 659, 581, 598, 604, 589, 499, 489, 575, 596, 472, 579, 599, 534, 534, 468, 598, 555, 467, 532, 539, 549, 565, 537, 592, 587, 512, 648, 645, 545, 572, 643, 660, 558, 480, 550, 590, 486, 521, 566, 521, 496, 534, 549, 527, 522, 535, 496, 481, 537, 671, 697, 497, 532, 607, 576, 572, 511, 512, 501, 555, 569, 489, 550, 573, 561, 579, 489, 524, 623, 579, 481, 484, 510, 579, 583, 583, 605, 593, 536, 489, 575, 681, 611, 599, 593, 560, 539, 500, 581, 629, 555, 613, 627, 610, 622, 598, 557, 599, 535, 505, 609, 611, 578, 570, 532, 531, 527, 516, 537, 542, 558, 577, 526, 440, 552, 579, 563, 505, 511, 598, 459, 524, 580, 536, 506, 509, 594, 550, 568, 619, 583, 554, 600, 560, 524, 509, 479, 470, 486, 548, 495, 511, 545, 492, 550, 534, 555, 584, 532, 585, 648, 601, 671, 868, 1133, 896, 863, 1331, 1481, 1072, 925, 1939, 2786, 1976, 1360, 3458, 3761, 2198, 1091, 2670, 4057, 2937, 1503, 4549, 4978, 2826, 1015, 2400, 3266, 2398, 1280, 3086, 3634, 2407, 1119, 3538, 4263, 2359, 1242, 2726, 2657, 2128, 1324, 4164, 5149, 2663, 1617, 3331, 2804, 2119, 1386, 2585, 2974, 1507, 1577, 2380, 2181, 1855, 1240, 1797, 1947, 1387, 1081, 1716, 2039, 1652, 774, 1336, 1393, 1042, 752, 1155, 1322, 959, 549, 993, 1148, 952, 685, 881, 999, 759, 577, 884, 1041, 811, 574, 864, 963, 785, 646, 883, 1079, 895, 653, 957, 1035, 872, 714, 1014, 1092, 915, 847, 977, 912, 735, 790, 1173, 1088, 896, 1140, 1170, 857, 697, 786, 1075, 1090, 733, 943, 1107, 797, 607, 552, 782, 873, 556, 710, 915, 744, 525, 567, 731, 728, 542, 580, 706, 645, 509, 616, 717, 616, 607, 632, 727, 661, 519, 643, 662, 721, 685, 764, 828, 721, 559, 727, 766, 675, 782, 1018, 952, 610, 649, 759, 778, 596, 729, 911, 855, 704, 688, 842, 931, 741, 760, 944, 954, 811, 720, 1997, 2263, 1196, 1667, 2548, 1830, 875, 1076, 4708, 5031, 1686, 4349, 6549, 4406, 1344, 2151, 4836, 5466, 1890, 4348, 7558, 5871, 1908, 2059, 2355, 2836, 1520, 2048, 4061, 3551, 1473, 1153, 1422, 1396, 1016, 1402, 1961, 1818, 1173, 848, 1481, 1445, 883, 1290, 1873, 1722, 1080, 894, 1026, 1015, 870, 840, 1204, 1292, 950, 824, 812, 802, 737, 631, 749, 773, 764, 725, 616, 781, 761, 606, 689, 718, 664, 540, 770, 768, 748, 714, 730, 728, 767, 726, 802, 801, 733, 764, 725, 707, 745, 773, 584, 619, 699, 631, 602, 588, 630, 631, 535, 610, 639, 631, 717, 731, 652, 582, 527, 623, 765, 750, 715, 763, 804, 677, 481, 582, 690, 779, 706, 655, 852, 796, 651, 703, 640, 678, 644, 640, 757, 685, 619, 670, 602, 539, 608, 631, 553, 472, 682, 709, 620, 531, 685, 655, 587, 628, 617, 525, 638, 699, 649, 592, 635, 717, 609, 543, 620, 642, 650, 629, 548, 589, 566, 522, 507, 513, 612, 688, 573, 502, 612, 623, 645, 566, 600, 632, 665, 612, 666, 764, 803, 709, 586, 722, 762, 633, 576, 703, 722, 596, 574, 675, 689, 623, 554, 578, 566, 599, 570, 561, 577, 547, 565, 582, 530, 498, 539, 593, 617, 602, 619, 688, 670, 530, 641, 686, 663, 621, 720, 743, 672, 671, 732, 687, 652, 713, 613, 617, 650, 634, 718, 676, 613, 661, 601, 711, 702, 612, 597, 651, 678, 587, 680, 727, 733, 704, 726, 700, 699, 618, 700, 690, 796, 847, 758, 696, 725, 643, 606, 692, 803, 795, 639, 650, 672, 576, 595, 552, 740, 799, 725, 692, 718, 662, 629, 617, 776, 717, 674, 665, 691, 731, 670, 651, 631, 741, 769, 704, 672, 723, 658, 752, 595, 635, 643, 623, 662, 632, 685, 741, 609, 595, 640, 629, 605, 581, 629, 706, 724, 540, 560, 664, 619, 613, 744, 745, 767, 667, 650, 637, 654, 731, 663, 653, 720, 616, 681, 682, 603, 695, 623, 674, 660, 541, 629, 624, 563, 648, 542, 556, 591, 623, 652, 617, 575, 579, 553, 605, 689, 653, 592, 708, 664, 602, 542, 673, 625, 557, 617, 609, 612, 566, 623, 609, 598, 691, 715, 570, 585, 640, 735, 654, 530, 569, 732, 662, 489, 596, 592, 626, 528, 671, 737, 638, 683, 649, 585, 528, 606, 698, 652, 677, 685, 615, 734, 560, 605, 644, 700, 797, 637, 668, 639, 607, 672, 572, 638, 797, 771, 634, 678, 635, 646, 631, 646, 620, 608, 686, 1155, 1044, 636, 878, 1009, 856, 708, 864, 1325, 1104, 789, 1385, 1404, 1085, 1120, 1251, 1140, 654, 1030, 1487, 1199, 723, 1056, 1272, 975, 808, 1352, 1464, 1020, 753, 851, 1067, 741, 756, 1045, 1010, 835, 698, 731, 825, 890, 831, 808, 701, 720, 730, 793, 840, 740, 832, 891, 788, 713, 795, 889, 818, 800, 1138, 1096, 946, 744, 1068, 1340, 967, 808, 1200, 1301, 1002, 688, 1109, 1418, 1015, 1040, 1263, 1335, 1125, 922, 1037, 1261, 1070, 1179, 1241, 1252, 1265, 1035, 1036, 1255, 951, 1006, 1358, 1362, 1311, 926, 932, 1203, 911, 678, 1025, 1028, 882, 563, 706, 833, 668, 611, 637, 623, 658, 553, 446, 530, 580, 605, 529, 438, 563, 614, 515, 449, 511, 515, 494, 508, 623, 644, 554, 476, 522, 466, 519, 564, 491, 601, 573, 521, 557, 470, 486, 524, 517, 513, 537, 585, 566, 530, 488, 515, 523, 467, 456, 515, 516, 498, 530, 524, 456, 468, 511, 506, 503]"
-0.45190662145614624,0.0844685286283493,-0.2667217254638672,0.21707332134246826,0.5492229461669922,-0.32238590717315674,0.9398508071899414,-0.044663071632385254,0.7142543792724609,16.5,0.008695006370544434,0.6749153137207031,28.0,0.13229119777679443,0.5932331085205078,19.25,0.179068922996521,0.5573272705078125,23.25,0.2511667013168335,0.5620479583740234,22.25,"[686, 702, 648, 666, 800, 672, 647, 701, 647, 623, 559, 680, 753, 641, 648, 641, 560, 540, 482, 545, 536, 491, 516, 515, 521, 571, 530, 484, 562, 496, 524, 598, 558, 573, 538, 480, 562, 523, 485, 547, 630, 592, 496, 548, 592, 549, 574, 549, 552, 543, 434, 504, 509, 521, 489, 477, 476, 583, 580, 496, 513, 505, 475, 513, 438, 527, 547, 506, 545, 492, 484, 485, 552, 606, 568, 569, 527, 560, 623, 587, 572, 572, 595, 645, 581, 558, 489, 576, 637, 556, 550, 562, 568, 538, 484, 583, 610, 600, 530, 553, 557, 507, 445, 506, 605, 592, 597, 580, 572, 604, 516, 540, 484, 528, 574, 492, 568, 559, 530, 544, 527, 552, 544, 640, 636, 565, 526, 526, 512, 446, 561, 647, 539, 515, 486, 548, 439, 483, 550, 509, 417, 580, 645, 561, 567, 513, 533, 451, 480, 646, 637, 636, 574, 558, 611, 536, 518, 581, 553, 559, 464, 407, 582, 510, 423, 492, 580, 603, 563, 486, 539, 599, 500, 477, 625, 641, 671, 677, 573, 619, 633, 596, 581, 646, 630, 658, 702, 718, 663, 672, 626, 618, 525, 557, 656, 585, 500, 557, 581, 531, 502, 470, 520, 578, 553, 560, 508, 505, 447, 503, 592, 566, 537, 536, 516, 536, 565, 601, 561, 570, 595, 620, 601, 624, 612, 587, 509, 521, 599, 541, 511, 586, 594, 544, 536, 570, 550, 590, 575, 560, 548, 590, 491, 500, 576, 623, 580, 512, 693, 642, 598, 548, 571, 561, 555, 619, 627, 593, 538, 536, 547, 517, 503, 582, 509, 556, 555, 604, 640, 542, 497, 516, 566, 594, 659, 674, 587, 489, 530, 591, 623, 610, 538, 510, 508, 490, 500, 583, 573, 604, 503, 499, 492, 508, 522, 485, 573, 517, 463, 555, 554, 494, 465, 501, 524, 435, 495, 584, 556, 481, 432, 491, 474, 533, 518, 492, 444, 466, 551, 493, 544, 560, 600, 597, 536, 543, 567, 569, 635, 629, 582, 516, 596, 725, 622, 522, 797, 675, 776, 1010, 929, 874, 1218, 1221, 1321, 1531, 1407, 1979, 1694, 1776, 3358, 3051, 3475, 6231, 7179, 4331, 2147, 6085, 12487, 11197, 9902, 11171, 16557, 9930, 5425, 10658, 25525, 25694, 7253, 7636, 12143, 7810, 4128, 7153, 17719, 18187, 1185, 3524, 4014, 2213, 1267, 2868, 5544, 4735, 1988, 7738, 9581, 5263, 2137, 5333, 11343, 10082, 1736, 7286, 7949, 4174, 1500, 5195, 9078, 6932, 1822, 4062, 4351, 2192, 1097, 3467, 6060, 4951, 1644, 2926, 3699, 2245, 1045, 2199, 4385, 4357, 1362, 2961, 3064, 1480, 800, 1811, 3163, 2609, 655, 1253, 1144, 819, 595, 961, 1286, 898, 582, 618, 643, 630, 592, 533, 605, 603, 652, 639, 710, 633, 621, 658, 708, 769, 529, 603, 656, 635, 570, 621, 711, 635, 678, 613, 687, 767, 659, 666, 746, 738, 644, 580, 602, 590, 641, 667, 645, 663, 608, 670, 892, 845, 624, 625, 766, 771, 616, 609, 836, 831, 594, 608, 742, 750, 569, 629, 738, 704, 576, 662, 719, 693, 753, 689, 618, 768, 634, 643, 731, 675, 898, 745, 880, 1102, 791, 777, 902, 776, 928, 899, 1407, 1457, 994, 1186, 1081, 742, 1296, 2125, 2812, 2163, 1585, 2341, 1778, 950, 1702, 3028, 3885, 2642, 1728, 2931, 2435, 1301, 1731, 2531, 2980, 2132, 1340, 2319, 2088, 1383, 1182, 1495, 1541, 1163, 845, 1433, 1315, 858, 878, 778, 1376, 1314, 809, 812, 963, 1030, 1305, 1280, 1753, 1875, 1549, 937, 904, 1409, 1171, 1182, 1158, 1169, 1165, 1156, 1108, 1046, 1201, 859, 1783, 1705, 816, 1313, 1257, 1167, 1071, 719, 1255, 1271, 816, 1019, 877, 976, 957, 786, 759, 716, 644, 977, 785, 729, 886, 772, 664, 630, 765, 914, 679, 737, 819, 664, 584, 619, 744, 697, 558, 690, 680, 591, 572, 612, 658, 542, 579, 740, 634, 616, 648, 648, 673, 623, 753, 796, 695, 802, 583, 590, 691, 785, 946, 778, 855, 805, 533, 688, 744, 825, 940, 831, 894, 698, 680, 770, 743, 711, 795, 890, 613, 680, 742, 750, 701, 689, 679, 673, 687, 650, 738, 743, 707, 641, 743, 731, 742, 693, 687, 769, 775, 615, 780, 754, 723, 615, 683, 810, 760, 661, 674, 684, 553, 516, 614, 658, 646, 551, 610, 648, 541, 579, 581, 680, 546, 544, 668, 624, 627, 566, 607, 612, 525, 576, 694, 678, 572, 547, 666, 690, 580, 587, 667, 690, 654, 691, 717, 694, 564, 654, 711, 711, 591, 617, 560, 540, 585, 576, 670, 630, 476, 571, 546, 547, 520, 470, 552, 533, 576, 611, 599, 694, 577, 527, 709, 698, 520, 632, 719, 624, 482, 590, 721, 656, 599, 623, 673, 550, 472, 633, 696, 668, 467, 564, 543, 568, 586, 628, 613, 504, 507, 563, 542, 605, 593, 527, 629, 563, 564, 508, 539, 569, 536, 565, 575, 574, 617, 542, 570, 538, 542, 677, 755, 683, 608, 592, 656, 596, 477, 536, 634, 623, 551, 519, 563, 613, 530, 561, 602, 577, 646, 504, 558, 589, 559, 531, 525, 679, 606, 472, 522, 552, 577, 518, 540, 680, 582, 590, 607, 563, 601, 573, 664, 696, 660, 647, 635, 587, 607, 636, 720, 698, 593, 511, 548, 609, 544, 617, 735, 703, 726, 598, 505, 630, 735, 746, 693, 694, 1030, 647, 689, 834, 812, 741, 601, 888, 979, 814, 1041, 925, 719, 877, 1365, 1432, 617, 915, 1159, 879, 640, 915, 1473, 1388, 738, 561, 697, 711, 693, 744, 758, 813, 703, 698, 631, 613, 617, 742, 743, 612, 621, 669, 677, 578, 566, 719, 798, 678, 564, 531, 625, 613, 610, 696, 670, 644, 696, 692, 630, 604, 622, 708, 646, 614, 647, 647, 534, 503, 551, 623, 646, 575, 640, 618, 508, 518, 519, 501, 509, 562, 633, 638, 618, 547, 455, 575, 612, 587, 512, 569, 583, 578, 511, 521, 543, 491, 479, 534, 548, 444, 490, 518, 553, 529, 441, 503, 506, 508, 442, 513, 575, 519, 403, 440, 537, 513, 444, 431, 486, 471, 423, 451, 523, 518, 480, 446, 469, 484, 437, 395, 411, 501, 446, 454, 493, 474, 442, 413, 466, 456, 467, 498, 437, 408, 458, 411, 445, 485, 455, 473, 397, 427, 419, 412, 375, 380, 436, 445, 433, 411]"
-0.4255000352859497,0.0,0.0,0.0,0.0,0.0,0.0,-1.1094328165054321,2.30255126953125,16.25,-0.31449759006500244,0.7680416107177734,20.0,-0.23667776584625244,0.7447242736816406,20.25,-0.11823141574859619,0.6534576416015625,27.25,-0.024246811866760254,0.8012294769287109,18.0,"[589, 593, 626, 601, 461, 598, 625, 599, 623, 643, 658, 697, 588, 620, 770, 672, 591, 499, 635, 688, 566, 537, 591, 592, 544, 527, 528, 582, 548, 460, 449, 554, 528, 545, 471, 481, 516, 444, 445, 462, 545, 474, 436, 537, 576, 481, 438, 548, 556, 561, 472, 541, 539, 543, 552, 504, 578, 557, 551, 515, 453, 609, 569, 483, 545, 547, 540, 446, 453, 516, 435, 492, 557, 552, 490, 500, 499, 492, 556, 525, 561, 586, 520, 527, 523, 558, 608, 573, 640, 698, 585, 599, 582, 505, 534, 568, 527, 581, 493, 525, 512, 463, 457, 490, 479, 461, 536, 534, 524, 468, 464, 547, 554, 537, 609, 586, 651, 622, 553, 587, 556, 530, 525, 537, 597, 642, 510, 549, 509, 531, 568, 544, 504, 491, 532, 544, 591, 581, 489, 514, 646, 622, 565, 582, 556, 459, 493, 550, 593, 473, 475, 520, 439, 511, 527, 443, 529, 598, 511, 495, 533, 478, 567, 555, 433, 509, 555, 548, 665, 581, 532, 500, 501, 579, 570, 631, 606, 556, 569, 582, 545, 569, 598, 668, 734, 729, 624, 603, 621, 677, 648, 588, 735, 744, 562, 457, 560, 665, 549, 528, 599, 624, 587, 527, 483, 668, 652, 533, 622, 602, 555, 542, 521, 624, 607, 551, 602, 614, 607, 543, 468, 591, 581, 528, 579, 561, 512, 538, 524, 483, 468, 554, 601, 617, 524, 571, 625, 537, 548, 558, 559, 611, 580, 588, 561, 559, 648, 568, 590, 645, 578, 576, 595, 565, 547, 492, 528, 554, 502, 493, 531, 599, 524, 450, 521, 629, 552, 477, 535, 603, 488, 439, 455, 534, 545, 539, 469, 423, 486, 482, 494, 434, 501, 505, 505, 477, 517, 529, 588, 486, 459, 526, 540, 466, 466, 573, 589, 599, 681, 649, 526, 526, 563, 585, 646, 544, 600, 634, 579, 565, 564, 591, 545, 493, 577, 615, 555, 568, 571, 567, 519, 560, 594, 627, 577, 516, 541, 594, 912, 635, 827, 1124, 1044, 756, 1319, 1499, 2657, 1183, 2360, 3073, 2401, 1334, 4553, 5250, 5307, 2828, 5439, 5574, 4348, 3098, 10687, 11759, 6847, 3322, 7396, 6158, 4731, 3639, 12606, 14326, 3287, 1114, 3257, 2836, 1762, 1092, 3980, 5384, 2457, 2161, 2605, 3090, 2022, 2750, 5022, 4753, 4243, 2508, 3773, 3580, 2426, 3091, 5935, 6600, 5221, 3622, 5617, 4721, 2594, 2783, 6055, 7866, 4209, 3629, 5536, 4127, 2223, 2279, 5403, 6755, 1839, 2068, 2345, 1725, 1168, 1470, 2408, 2598, 660, 933, 934, 832, 683, 858, 1116, 957, 656, 1416, 1560, 968, 669, 1186, 1700, 1368, 656, 1047, 1440, 1051, 712, 831, 1414, 1407, 777, 937, 1177, 917, 654, 819, 1223, 1252, 760, 771, 832, 661, 613, 776, 987, 913, 614, 657, 638, 591, 752, 850, 683, 574, 602, 731, 776, 648, 705, 709, 611, 567, 622, 708, 851, 738, 620, 636, 695, 664, 629, 755, 804, 788, 713, 706, 744, 694, 562, 677, 792, 756, 639, 769, 847, 661, 667, 810, 828, 779, 653, 822, 988, 759, 798, 882, 847, 1006, 891, 900, 1092, 910, 744, 870, 707, 692, 786, 766, 955, 757, 1193, 1916, 2020, 1256, 868, 956, 1043, 1094, 2389, 4316, 5104, 3182, 1963, 2975, 2124, 2177, 3503, 5893, 7161, 4469, 2451, 4655, 3640, 3054, 2430, 4054, 5149, 3404, 1814, 3122, 2552, 2367, 933, 1831, 2386, 1710, 1071, 1410, 1206, 1198, 1005, 1575, 1536, 1047, 737, 799, 1032, 756, 1053, 1723, 1343, 1032, 1051, 949, 1220, 772, 1384, 2199, 1716, 1613, 1164, 1527, 2154, 1151, 1259, 2225, 2404, 1848, 1065, 1671, 2028, 1174, 818, 1639, 1842, 1213, 791, 1092, 1276, 952, 652, 1054, 1339, 974, 560, 702, 952, 955, 596, 777, 1012, 910, 637, 649, 783, 790, 662, 658, 706, 694, 647, 710, 785, 657, 715, 690, 753, 790, 819, 849, 728, 715, 644, 660, 682, 715, 815, 738, 785, 854, 982, 721, 878, 1228, 1036, 753, 1139, 1292, 1081, 759, 912, 1380, 1196, 815, 1210, 1388, 1062, 709, 749, 842, 908, 752, 856, 1218, 835, 630, 739, 844, 652, 600, 681, 933, 625, 465, 651, 745, 602, 449, 508, 714, 640, 636, 695, 572, 659, 588, 587, 775, 633, 591, 618, 633, 783, 743, 725, 796, 604, 586, 624, 711, 602, 689, 652, 592, 734, 566, 717, 768, 613, 643, 692, 799, 631, 602, 718, 608, 502, 637, 654, 640, 698, 720, 643, 574, 675, 732, 630, 683, 681, 569, 613, 631, 629, 683, 709, 777, 771, 594, 549, 617, 624, 626, 646, 711, 657, 606, 554, 612, 632, 629, 644, 629, 514, 590, 539, 533, 559, 643, 685, 548, 606, 529, 559, 600, 588, 671, 814, 691, 670, 614, 640, 678, 679, 626, 740, 749, 653, 639, 665, 555, 546, 605, 691, 668, 571, 592, 593, 578, 493, 561, 633, 595, 596, 686, 740, 656, 617, 718, 663, 643, 764, 682, 727, 695, 650, 823, 760, 730, 584, 560, 609, 655, 647, 617, 658, 670, 622, 688, 655, 678, 629, 701, 702, 552, 585, 559, 582, 619, 529, 695, 664, 516, 589, 502, 587, 671, 558, 563, 629, 635, 600, 635, 635, 573, 646, 648, 576, 569, 598, 613, 571, 625, 652, 666, 633, 580, 538, 631, 646, 553, 516, 578, 626, 544, 786, 678, 688, 708, 619, 593, 789, 851, 976, 800, 1046, 853, 582, 673, 863, 1105, 839, 932, 1129, 849, 645, 733, 1006, 1116, 782, 903, 829, 792, 681, 683, 957, 906, 733, 682, 780, 905, 733, 565, 702, 688, 634, 714, 722, 648, 628, 633, 647, 653, 708, 652, 779, 788, 609, 597, 642, 730, 580, 608, 734, 647, 597, 579, 563, 590, 582, 579, 698, 626, 592, 563, 561, 598, 485, 599, 604, 628, 603, 598, 602, 550, 567, 619, 591, 611, 628, 624, 657, 606, 584, 543, 588, 541, 474, 529, 561, 617, 654, 569, 566, 585, 552, 532, 675, 757, 461, 438, 497, 490, 440, 474, 604, 588, 406, 470, 487, 451, 423, 423, 524, 510, 489, 455, 448, 413, 428, 488, 529, 495, 464, 482, 486, 482, 455, 447, 493, 461, 455, 382, 449, 490, 417, 427, 447, 447, 450, 476, 479, 445, 371, 415, 473, 418, 449, 526, 492, 400, 418, 462, 475, 420, 417, 468, 443, 373, 412, 450, 476, 424]"
-0.4175684452056885,0.09317867457866669,0.04993258789181709,0.034605614840984344,0.18196934461593628,-0.004073433578014374,0.06582742929458618,-1.1535959243774414,1.1475563049316406,23.5,-0.33663082122802734,0.5850791931152344,21.75,-0.32676029205322266,0.8554458618164062,26.0,-0.19858646392822266,0.7113933563232422,30.0,0.31367969512939453,0.3337383270263672,16.5,"[526, 586, 618, 580, 617, 580, 618, 584, 511, 541, 610, 666, 563, 598, 602, 502, 505, 491, 706, 724, 575, 551, 604, 610, 447, 528, 555, 585, 545, 547, 526, 499, 451, 524, 482, 503, 491, 493, 530, 421, 530, 538, 504, 478, 556, 522, 496, 490, 628, 472, 476, 505, 591, 556, 478, 599, 575, 561, 528, 529, 575, 513, 489, 535, 527, 550, 544, 525, 578, 534, 474, 480, 523, 498, 532, 558, 567, 576, 546, 547, 465, 493, 541, 523, 590, 575, 557, 558, 539, 564, 514, 520, 622, 636, 526, 467, 540, 484, 460, 489, 536, 567, 470, 494, 535, 539, 574, 506, 485, 539, 545, 517, 521, 645, 635, 498, 472, 567, 576, 465, 486, 483, 560, 620, 564, 517, 564, 533, 492, 448, 513, 561, 539, 518, 546, 583, 516, 509, 487, 513, 553, 606, 564, 520, 657, 603, 522, 568, 561, 531, 497, 573, 707, 592, 462, 469, 573, 508, 502, 615, 695, 552, 567, 601, 608, 642, 555, 635, 595, 531, 591, 563, 602, 732, 614, 556, 485, 558, 539, 441, 447, 648, 609, 480, 587, 665, 574, 498, 529, 626, 567, 482, 597, 641, 564, 563, 516, 492, 550, 530, 645, 680, 586, 553, 550, 533, 552, 560, 628, 560, 565, 581, 496, 460, 496, 510, 594, 548, 631, 581, 494, 523, 533, 600, 509, 549, 617, 505, 461, 547, 515, 516, 586, 567, 607, 430, 462, 506, 489, 564, 505, 588, 528, 481, 562, 551, 540, 522, 556, 553, 523, 522, 589, 564, 507, 510, 542, 479, 494, 531, 564, 547, 462, 507, 604, 519, 540, 602, 569, 486, 484, 611, 551, 484, 552, 616, 599, 507, 483, 519, 527, 484, 540, 536, 513, 564, 519, 541, 570, 563, 549, 505, 568, 578, 554, 531, 530, 581, 562, 570, 506, 549, 552, 545, 587, 621, 593, 612, 556, 548, 556, 584, 652, 614, 517, 563, 608, 623, 576, 592, 1470, 915, 1295, 1873, 1460, 1026, 2503, 2718, 4393, 1283, 3158, 5372, 4272, 1498, 6820, 8071, 4729, 1806, 3518, 5800, 4861, 1448, 4654, 6530, 5665, 4550, 6898, 5051, 3510, 4263, 10121, 10979, 8573, 5137, 9385, 8223, 6249, 5233, 15796, 17620, 5358, 3157, 6332, 6162, 4817, 3267, 9450, 10529, 2909, 2560, 4334, 3560, 2117, 1707, 3789, 4841, 1719, 4097, 5887, 4228, 856, 3425, 5452, 4702, 1322, 2479, 2996, 2589, 871, 3155, 4747, 3520, 2180, 6701, 7191, 3961, 1286, 4081, 6856, 4967, 3076, 7798, 8096, 4185, 1536, 4119, 6557, 4668, 2486, 5859, 5963, 2798, 997, 3272, 5545, 4298, 1046, 2570, 2466, 1067, 556, 1638, 2708, 2012, 648, 971, 1120, 817, 573, 759, 1146, 1097, 736, 803, 835, 674, 631, 585, 683, 825, 678, 734, 674, 601, 550, 669, 637, 549, 638, 645, 516, 558, 556, 762, 771, 543, 545, 580, 620, 584, 588, 717, 705, 543, 572, 555, 694, 642, 527, 593, 595, 600, 670, 591, 508, 587, 659, 620, 551, 588, 592, 614, 590, 606, 598, 600, 592, 573, 813, 623, 664, 858, 851, 697, 698, 791, 966, 712, 781, 864, 888, 752, 637, 945, 959, 1117, 1267, 800, 963, 1167, 873, 880, 1730, 4502, 4929, 2325, 1581, 2457, 1671, 1506, 3577, 7792, 7528, 2917, 2311, 3111, 2399, 1699, 3202, 5004, 4318, 1813, 1557, 1843, 2038, 1104, 1993, 1749, 1441, 1753, 937, 1566, 1662, 1169, 1615, 1586, 1095, 888, 1116, 1464, 1068, 961, 1717, 1699, 1129, 739, 818, 1014, 988, 1094, 2083, 2838, 2395, 1235, 955, 1984, 2384, 1793, 2415, 3997, 3364, 1468, 976, 2456, 3175, 1973, 1668, 2609, 2090, 992, 772, 1731, 2219, 1329, 800, 944, 865, 714, 644, 745, 977, 878, 814, 595, 647, 804, 794, 641, 760, 908, 756, 604, 815, 887, 764, 631, 866, 950, 673, 673, 853, 967, 868, 720, 757, 753, 729, 717, 768, 804, 758, 655, 676, 719, 599, 732, 827, 812, 640, 771, 822, 761, 738, 701, 729, 630, 632, 811, 797, 777, 684, 740, 841, 781, 731, 810, 826, 835, 678, 829, 1025, 950, 722, 736, 912, 906, 604, 668, 738, 695, 631, 654, 704, 694, 602, 603, 675, 697, 572, 599, 617, 581, 613, 551, 717, 776, 606, 585, 660, 612, 595, 570, 705, 769, 563, 561, 588, 583, 434, 453, 588, 606, 583, 588, 693, 581, 502, 573, 628, 559, 533, 609, 599, 502, 510, 550, 533, 574, 536, 543, 575, 457, 656, 584, 564, 625, 640, 560, 585, 697, 702, 619, 651, 740, 645, 521, 656, 774, 592, 610, 672, 720, 633, 663, 719, 642, 613, 559, 570, 618, 612, 628, 614, 624, 643, 758, 730, 642, 655, 713, 703, 589, 639, 660, 674, 659, 647, 732, 642, 592, 726, 634, 687, 744, 748, 771, 698, 748, 585, 524, 531, 568, 634, 625, 654, 680, 644, 611, 598, 599, 575, 524, 585, 692, 573, 553, 530, 557, 544, 531, 559, 586, 694, 576, 505, 585, 616, 602, 581, 635, 574, 537, 558, 604, 635, 535, 546, 624, 552, 587, 617, 603, 698, 604, 599, 690, 619, 632, 616, 584, 684, 667, 637, 708, 645, 593, 580, 537, 577, 612, 630, 702, 672, 618, 564, 604, 604, 516, 660, 727, 618, 614, 657, 714, 627, 644, 740, 695, 613, 629, 688, 684, 660, 676, 694, 656, 643, 981, 904, 604, 658, 727, 881, 708, 637, 1361, 1456, 803, 696, 921, 1293, 1152, 689, 1168, 1212, 744, 670, 851, 1013, 841, 613, 768, 877, 674, 529, 543, 718, 780, 613, 716, 742, 625, 631, 639, 749, 794, 606, 659, 656, 614, 654, 642, 613, 607, 569, 616, 705, 622, 652, 634, 591, 686, 552, 590, 579, 619, 613, 586, 556, 575, 605, 585, 530, 649, 614, 565, 696, 643, 489, 533, 550, 577, 490, 556, 656, 548, 563, 544, 524, 558, 533, 611, 570, 514, 523, 481, 587, 587, 466, 442, 493, 555, 556, 465, 544, 530, 461, 467, 460, 508, 480, 442, 484, 473, 429, 418, 471, 521, 503, 517, 563, 519, 457, 442, 598, 597, 440, 458, 468, 425, 444, 498, 492, 466, 408, 546, 458, 430, 390, 486, 515, 357, 408, 419, 487, 443, 397, 452, 506, 450, 484, 491, 449, 402, 445, 472, 474, 467, 525, 504, 453, 422, 379, 466, 473, 472, 471, 405, 364, 420, 410, 383, 396, 424]"
-0.4548001289367676,-0.07426740974187851,-0.13820844888687134,-0.04127379506826401,-0.013004615902900696,-0.2867434620857239,-0.018237076699733734,-0.2136932611465454,0.8121013641357422,20.25,-0.13172495365142822,0.7284164428710938,-28.0,-0.08909571170806885,0.6357192993164062,-21.0,-0.07808077335357666,0.5892276763916016,-23.25,0.1746906042098999,0.4124164581298828,17.5,"[653, 561, 571, 710, 771, 711, 568, 561, 546, 537, 568, 646, 673, 708, 630, 546, 496, 508, 552, 541, 539, 533, 564, 553, 538, 551, 553, 518, 528, 497, 475, 533, 610, 509, 412, 459, 510, 538, 471, 548, 556, 519, 531, 473, 501, 510, 465, 538, 555, 510, 551, 477, 441, 523, 555, 556, 521, 569, 488, 513, 536, 458, 472, 521, 451, 487, 557, 479, 464, 407, 498, 525, 486, 483, 451, 433, 508, 515, 543, 514, 456, 498, 503, 485, 465, 449, 489, 529, 471, 450, 513, 556, 483, 403, 561, 621, 551, 551, 519, 566, 590, 537, 571, 624, 568, 474, 409, 551, 676, 596, 513, 567, 508, 637, 646, 606, 589, 628, 574, 464, 592, 588, 554, 513, 529, 590, 566, 535, 482, 449, 536, 538, 478, 443, 507, 514, 592, 550, 530, 512, 541, 489, 534, 594, 573, 581, 483, 507, 562, 520, 537, 568, 566, 574, 487, 497, 561, 546, 442, 484, 591, 586, 476, 494, 553, 557, 495, 471, 588, 601, 568, 622, 616, 489, 553, 637, 614, 671, 610, 653, 635, 640, 613, 596, 682, 689, 606, 584, 633, 584, 561, 607, 613, 676, 639, 547, 546, 605, 632, 572, 601, 617, 550, 530, 522, 622, 667, 631, 597, 514, 576, 552, 500, 557, 580, 586, 535, 568, 553, 496, 557, 565, 491, 493, 660, 667, 634, 558, 560, 647, 610, 595, 726, 688, 667, 629, 562, 568, 568, 587, 544, 527, 517, 467, 452, 539, 589, 546, 459, 591, 534, 477, 460, 598, 591, 452, 540, 544, 475, 511, 538, 579, 547, 471, 617, 569, 466, 520, 545, 575, 452, 435, 546, 493, 545, 571, 520, 514, 550, 512, 540, 553, 525, 494, 521, 529, 549, 522, 583, 583, 528, 578, 509, 452, 542, 560, 687, 638, 625, 624, 598, 633, 539, 550, 822, 693, 850, 1131, 983, 798, 1260, 1201, 1649, 813, 1334, 1883, 1707, 968, 2007, 2395, 3539, 2989, 3591, 3561, 3041, 3034, 5660, 5368, 13557, 15894, 21955, 14787, 9286, 16152, 34120, 32845, 28683, 30032, 46776, 30425, 18372, 29724, 70565, 71274, 26294, 23869, 41233, 28220, 16566, 23151, 61196, 64284, 10464, 7898, 14968, 11564, 6984, 8198, 23602, 25167, 2158, 4935, 5180, 3230, 1840, 4742, 8991, 7617, 1422, 8760, 9603, 4890, 1261, 7650, 13421, 10473, 1434, 6685, 6954, 3360, 859, 5564, 9093, 6633, 1451, 3280, 2982, 1364, 847, 2486, 3478, 2184, 1477, 2909, 2806, 1380, 783, 1717, 2431, 1675, 1173, 2966, 3230, 1703, 675, 1653, 2686, 2150, 792, 2184, 2343, 1233, 648, 1432, 2060, 1500, 895, 1269, 1278, 827, 647, 833, 1115, 1014, 829, 1050, 1008, 694, 715, 805, 901, 895, 633, 764, 841, 621, 685, 804, 800, 733, 555, 685, 733, 551, 605, 712, 703, 609, 623, 692, 643, 568, 540, 592, 595, 640, 663, 714, 745, 743, 695, 666, 716, 767, 626, 660, 709, 708, 698, 745, 745, 679, 714, 751, 751, 710, 673, 783, 782, 719, 807, 912, 947, 782, 717, 985, 987, 831, 790, 993, 1028, 779, 628, 890, 1029, 801, 748, 881, 967, 876, 646, 707, 810, 679, 1283, 2385, 2493, 1472, 925, 1168, 1374, 1142, 4101, 8202, 7677, 3291, 2451, 2883, 3719, 2388, 5552, 11816, 11485, 5279, 3770, 4371, 5265, 3486, 3800, 8000, 8411, 4831, 3556, 4124, 4109, 3114, 1924, 2761, 3826, 3686, 2816, 2531, 2428, 2147, 2112, 2028, 3098, 3518, 2289, 1665, 2110, 2043, 2227, 1635, 2204, 2629, 1548, 1731, 2031, 1806, 1858, 1556, 1293, 1572, 1145, 1373, 1466, 1340, 988, 1174, 1191, 1144, 989, 970, 1040, 763, 610, 877, 985, 977, 756, 786, 939, 746, 637, 588, 776, 792, 678, 788, 729, 640, 646, 724, 725, 689, 614, 705, 738, 658, 692, 751, 865, 932, 739, 680, 867, 814, 782, 759, 872, 990, 878, 646, 774, 894, 889, 735, 741, 911, 899, 723, 784, 887, 847, 640, 704, 828, 825, 768, 818, 845, 663, 742, 808, 768, 727, 726, 791, 690, 635, 701, 830, 836, 694, 693, 814, 680, 707, 622, 672, 729, 727, 649, 613, 778, 777, 637, 703, 722, 696, 663, 656, 788, 726, 554, 739, 673, 621, 706, 677, 778, 659, 639, 652, 640, 706, 651, 659, 815, 602, 629, 695, 725, 604, 651, 791, 761, 605, 600, 724, 712, 697, 797, 845, 733, 612, 656, 701, 617, 716, 668, 558, 596, 630, 616, 606, 568, 614, 567, 534, 593, 648, 653, 710, 674, 659, 662, 616, 595, 520, 696, 792, 620, 493, 616, 708, 651, 612, 734, 809, 709, 634, 684, 659, 638, 641, 660, 686, 680, 622, 616, 569, 552, 600, 666, 691, 606, 642, 736, 628, 566, 536, 473, 649, 668, 653, 604, 537, 585, 572, 644, 589, 632, 641, 662, 765, 708, 639, 638, 601, 652, 705, 707, 810, 757, 536, 516, 608, 550, 517, 544, 653, 723, 568, 619, 653, 550, 539, 609, 586, 564, 648, 663, 709, 668, 509, 630, 773, 699, 655, 634, 588, 647, 597, 594, 571, 556, 568, 576, 546, 674, 668, 687, 597, 494, 517, 490, 591, 671, 685, 709, 661, 631, 648, 661, 633, 670, 681, 627, 762, 756, 760, 768, 765, 736, 691, 690, 923, 915, 634, 743, 746, 686, 674, 658, 811, 795, 717, 681, 871, 878, 682, 706, 746, 791, 856, 765, 981, 972, 715, 739, 835, 920, 750, 816, 960, 864, 670, 632, 852, 934, 726, 826, 898, 783, 600, 625, 730, 838, 758, 693, 728, 775, 684, 675, 799, 933, 705, 581, 619, 721, 725, 669, 877, 924, 637, 759, 791, 644, 598, 691, 887, 828, 626, 778, 745, 560, 557, 604, 729, 725, 554, 657, 713, 662, 616, 569, 654, 665, 559, 529, 715, 730, 671, 529, 740, 761, 481, 546, 563, 628, 602, 565, 682, 593, 520, 550, 561, 558, 518, 567, 558, 457, 525, 553, 538, 510, 519, 546, 505, 530, 608, 577, 582, 483, 456, 464, 574, 619, 555, 493, 435, 484, 505, 466, 536, 619, 484, 481, 517, 551, 448, 478, 613, 595, 462, 478, 468, 495, 486, 428, 458, 498, 570, 541, 504, 516, 501, 479, 495, 570, 463, 413, 389, 413, 435, 395, 471, 528, 367, 450, 456, 378, 408, 416, 414, 399, 423, 467, 475, 459, 390, 484, 510, 446, 501, 491, 408, 418, 435, 431, 439, 431]"
-0.517332136631012,-0.06795059889554977,-0.026713594794273376,-0.2002788782119751,-0.07583270967006683,-0.039260804653167725,-0.24530357122421265,-0.7316725254058838,1.0079383850097656,24.75,-0.7145063877105713,0.9909152984619141,25.75,-0.573314905166626,0.9404182434082031,19.0,-0.3292696475982666,0.8249759674072266,25.25,-0.1610414981842041,0.6102561950683594,-31.25,"[510, 656, 691, 646, 637, 648, 689, 653, 496, 582, 637, 628, 552, 635, 642, 619, 469, 440, 512, 540, 519, 575, 588, 533, 499, 443, 479, 561, 520, 498, 532, 551, 523, 507, 571, 548, 450, 543, 571, 551, 605, 562, 560, 527, 549, 562, 525, 584, 634, 497, 554, 548, 507, 534, 390, 566, 532, 509, 562, 603, 573, 511, 556, 538, 512, 482, 578, 627, 578, 502, 553, 534, 629, 605, 612, 598, 593, 599, 536, 586, 548, 538, 517, 498, 570, 535, 534, 618, 624, 526, 552, 662, 632, 477, 473, 604, 471, 574, 577, 541, 548, 557, 525, 516, 451, 498, 558, 532, 553, 597, 520, 501, 532, 542, 483, 461, 490, 536, 535, 495, 507, 582, 541, 509, 525, 594, 552, 523, 505, 567, 582, 590, 502, 519, 565, 540, 550, 551, 514, 532, 466, 486, 512, 534, 538, 585, 632, 587, 582, 611, 604, 628, 595, 675, 636, 578, 574, 635, 687, 598, 598, 638, 561, 512, 540, 549, 518, 520, 662, 651, 591, 592, 585, 583, 541, 640, 588, 576, 588, 562, 468, 462, 535, 608, 550, 562, 555, 551, 526, 542, 621, 618, 519, 616, 576, 470, 529, 608, 676, 559, 528, 668, 586, 504, 672, 671, 606, 576, 541, 585, 603, 604, 600, 575, 654, 627, 549, 524, 535, 607, 629, 460, 550, 629, 556, 599, 550, 585, 647, 521, 527, 565, 477, 503, 585, 604, 556, 524, 533, 515, 696, 580, 532, 642, 590, 492, 469, 589, 671, 543, 574, 607, 579, 548, 555, 635, 660, 525, 499, 529, 526, 521, 518, 630, 562, 627, 569, 579, 541, 532, 507, 534, 591, 705, 736, 646, 566, 571, 596, 618, 624, 838, 842, 704, 549, 863, 1102, 930, 1450, 2105, 2880, 2648, 1288, 2516, 5089, 4586, 3693, 3798, 5876, 5558, 3067, 4551, 10791, 10402, 3596, 3036, 4904, 4998, 2981, 3824, 9257, 9116, 4023, 4592, 5910, 4812, 3092, 4889, 9639, 9199, 11559, 11830, 17544, 11713, 7435, 11716, 26806, 27169, 14465, 14391, 22570, 15274, 9466, 13931, 34171, 35057, 7801, 10359, 14551, 10077, 5429, 9829, 21877, 20997, 3070, 13417, 13436, 6025, 1725, 11629, 18910, 13612, 2624, 11003, 10160, 3770, 1080, 9287, 14544, 9745, 1978, 3931, 3388, 1506, 975, 3056, 4336, 2845, 2219, 2719, 4027, 2837, 1207, 1670, 3827, 4374, 2950, 6188, 8086, 4899, 1514, 3552, 7595, 7429, 3246, 8017, 8891, 4607, 1599, 4558, 8420, 7127, 2416, 6926, 6787, 2828, 1182, 3986, 6620, 4608, 1213, 4875, 5069, 2338, 801, 3126, 5147, 3676, 842, 2421, 2613, 1361, 677, 1761, 2887, 2303, 914, 860, 890, 688, 631, 682, 850, 1002, 979, 1122, 1119, 904, 707, 896, 1078, 965, 799, 693, 703, 776, 689, 818, 908, 873, 695, 602, 638, 681, 601, 668, 730, 763, 863, 649, 637, 689, 714, 635, 747, 873, 856, 891, 807, 581, 687, 823, 768, 756, 712, 1117, 1090, 792, 707, 845, 1009, 895, 734, 973, 1150, 883, 734, 763, 871, 911, 945, 1160, 1284, 873, 778, 829, 891, 978, 1141, 1404, 1242, 917, 874, 837, 780, 875, 946, 1031, 957, 834, 774, 779, 838, 885, 967, 1517, 1442, 914, 885, 858, 1039, 981, 1584, 3102, 2931, 1660, 1447, 1242, 1901, 1501, 2427, 4373, 4451, 2811, 1999, 1984, 2803, 1974, 3363, 4176, 4590, 3283, 2496, 2988, 3019, 2475, 2981, 3384, 3603, 2980, 2390, 2913, 2616, 2382, 1532, 1781, 2077, 1768, 1481, 1836, 1636, 1445, 1050, 1176, 1233, 1092, 870, 1173, 1065, 888, 824, 949, 921, 904, 725, 879, 970, 750, 736, 885, 782, 685, 699, 745, 835, 688, 778, 938, 843, 681, 745, 865, 820, 648, 861, 906, 857, 637, 798, 942, 767, 807, 789, 900, 867, 694, 677, 728, 814, 814, 823, 938, 883, 770, 589, 828, 1092, 970, 759, 814, 954, 875, 639, 712, 920, 939, 663, 855, 852, 729, 577, 762, 847, 747, 624, 741, 786, 622, 595, 761, 802, 688, 547, 599, 771, 703, 609, 698, 766, 666, 464, 593, 678, 585, 607, 595, 666, 699, 658, 596, 655, 620, 545, 555, 627, 739, 674, 542, 608, 680, 635, 653, 764, 731, 574, 603, 573, 550, 563, 616, 715, 615, 497, 563, 645, 614, 598, 668, 691, 630, 605, 592, 629, 608, 657, 681, 642, 592, 608, 593, 657, 582, 585, 654, 730, 650, 579, 532, 640, 602, 488, 569, 673, 728, 580, 602, 660, 680, 569, 549, 688, 712, 565, 606, 663, 653, 614, 551, 628, 693, 517, 570, 582, 599, 579, 646, 715, 557, 436, 482, 584, 632, 555, 583, 713, 617, 597, 567, 568, 646, 644, 601, 731, 729, 843, 753, 589, 707, 774, 666, 769, 872, 578, 686, 605, 614, 638, 702, 790, 703, 507, 569, 666, 652, 557, 648, 682, 584, 531, 518, 578, 601, 523, 494, 563, 589, 640, 620, 640, 688, 521, 538, 640, 618, 766, 647, 573, 730, 707, 607, 604, 667, 688, 684, 605, 668, 672, 627, 600, 639, 598, 580, 683, 727, 647, 628, 691, 708, 577, 595, 754, 668, 571, 576, 788, 824, 742, 701, 848, 689, 681, 693, 1196, 1308, 817, 872, 1005, 974, 875, 785, 1623, 1701, 755, 716, 784, 729, 700, 764, 1187, 1235, 771, 673, 687, 651, 728, 702, 816, 884, 868, 794, 752, 756, 750, 853, 1041, 978, 789, 953, 997, 805, 694, 978, 1033, 891, 944, 1111, 1165, 893, 846, 917, 971, 932, 1119, 1404, 1328, 1077, 982, 1020, 1279, 1066, 888, 1319, 1318, 1056, 952, 1134, 1420, 1072, 822, 1159, 1020, 703, 685, 894, 1036, 767, 984, 924, 745, 735, 739, 839, 727, 773, 838, 872, 679, 650, 677, 724, 670, 677, 585, 758, 812, 784, 685, 730, 842, 698, 589, 681, 773, 750, 676, 765, 803, 719, 480, 604, 654, 654, 577, 623, 699, 666, 567, 740, 658, 576, 594, 781, 1027, 818, 519, 765, 710, 535, 523, 769, 1063, 846, 594, 741, 715, 634, 572, 722, 908, 742, 661, 724, 699, 661, 518, 573, 692, 680, 680, 756, 678, 615, 559, 649, 659, 554, 599, 658, 652, 635, 565, 549, 528, 475, 465, 521, 510, 470, 443, 462, 514, 488, 435, 491, 491, 429, 434, 493, 556, 508, 409, 580, 613, 449, 462, 532, 532, 453, 448, 549, 537, 426, 453, 524, 440, 431, 436, 513, 483, 416, 442, 479, 516, 431]"
-0.5734419226646423,-0.16812951862812042,-0.2304368019104004,-0.2909659147262573,-0.14029821753501892,-0.35995417833328247,-0.29753774404525757,-0.4122661352157593,0.5380153656005859,17.0,-0.3918098211288452,0.5847930908203125,28.5,-0.3172801733016968,0.7826328277587891,19.0,-0.06922948360443115,2.6267051696777344,18.0,0.7302833795547485,2.0360469818115234,17.75,"[482, 583, 685, 589, 615, 589, 685, 585, 493, 575, 608, 663, 631, 642, 662, 646, 576, 642, 618, 560, 517, 649, 611, 519, 507, 627, 623, 572, 503, 537, 533, 430, 524, 607, 546, 558, 568, 547, 537, 458, 431, 458, 503, 513, 504, 496, 511, 509, 464, 428, 540, 505, 516, 558, 575, 526, 440, 469, 488, 418, 433, 523, 579, 527, 491, 502, 565, 526, 482, 508, 548, 539, 527, 537, 532, 547, 515, 494, 469, 482, 482, 451, 529, 590, 596, 495, 455, 538, 551, 573, 512, 635, 604, 524, 494, 473, 524, 574, 575, 648, 576, 536, 506, 464, 533, 456, 541, 588, 557, 558, 563, 509, 566, 558, 565, 574, 583, 694, 656, 541, 527, 536, 498, 450, 501, 576, 571, 541, 473, 479, 515, 458, 500, 598, 591, 519, 553, 606, 596, 518, 544, 594, 637, 620, 556, 583, 653, 614, 542, 553, 625, 601, 527, 536, 534, 583, 525, 548, 542, 536, 442, 485, 455, 584, 589, 547, 501, 427, 609, 543, 531, 673, 727, 572, 535, 583, 545, 580, 498, 546, 677, 567, 531, 492, 532, 571, 498, 513, 661, 616, 550, 485, 497, 560, 499, 493, 540, 535, 527, 465, 512, 594, 570, 580, 542, 542, 533, 480, 518, 523, 455, 474, 531, 502, 522, 529, 593, 566, 449, 444, 511, 540, 569, 539, 531, 576, 576, 593, 566, 453, 472, 499, 484, 463, 631, 623, 508, 485, 652, 653, 506, 479, 567, 594, 552, 594, 657, 652, 582, 589, 535, 524, 610, 587, 626, 665, 2287, 1560, 2129, 1537, 1463, 1491, 2917, 3552, 7323, 4977, 8233, 5615, 4332, 4657, 11644, 13419, 9298, 6850, 11750, 7953, 5711, 6324, 16749, 18694, 4598, 4375, 6722, 4808, 3189, 4114, 9764, 10131, 1941, 1581, 2196, 1836, 1300, 1719, 3348, 3408, 3144, 3646, 5078, 3440, 1877, 3838, 7717, 7448, 5236, 5779, 8840, 6063, 2857, 5261, 11588, 12226, 6994, 6109, 12042, 8762, 3282, 4457, 13634, 15579, 7458, 9318, 14847, 10597, 3570, 6069, 15284, 16408, 7920, 13786, 15842, 8966, 2994, 8600, 17238, 15301, 5190, 11302, 11346, 5447, 1775, 7168, 12794, 10275, 1692, 4088, 3750, 1754, 876, 2865, 4674, 3333, 770, 1091, 1010, 832, 681, 996, 1308, 952, 716, 825, 828, 690, 598, 700, 966, 930, 869, 1537, 1902, 1254, 709, 1092, 2092, 1947, 1228, 2569, 3017, 1863, 963, 1826, 3173, 2731, 2195, 3250, 3888, 2732, 1160, 2055, 3621, 3715, 2464, 4121, 4939, 3343, 1267, 2431, 4631, 4802, 2277, 3286, 3298, 1936, 1233, 2003, 3282, 2850, 1778, 2308, 2152, 1376, 912, 1550, 2141, 1991, 1288, 1803, 1735, 1044, 755, 1126, 1630, 1499, 1185, 1615, 1557, 1035, 818, 994, 1336, 1352, 1219, 1571, 1432, 1011, 743, 1082, 1427, 1281, 1071, 1280, 1070, 736, 556, 930, 1138, 949, 899, 1047, 875, 653, 694, 939, 1063, 897, 887, 1172, 1194, 810, 741, 888, 981, 827, 987, 1479, 1331, 841, 781, 804, 972, 799, 961, 1344, 1099, 655, 732, 723, 854, 676, 1007, 1475, 1166, 662, 841, 1024, 976, 672, 1613, 2418, 2107, 910, 1549, 1736, 1315, 958, 2549, 3122, 2652, 1737, 2178, 2140, 1399, 1590, 4917, 5218, 4101, 3241, 3172, 2648, 2126, 3077, 9053, 10097, 8476, 6212, 4824, 3932, 3660, 5553, 8913, 10710, 9162, 6182, 4956, 4409, 4009, 5645, 4408, 6016, 5123, 2784, 3081, 2891, 2910, 2860, 1982, 3045, 2222, 1081, 1557, 1607, 1760, 1028, 1203, 1436, 1064, 863, 895, 1006, 1011, 791, 979, 1359, 1241, 842, 790, 895, 1121, 912, 1021, 1517, 1363, 751, 738, 1012, 1065, 833, 1013, 1146, 1139, 780, 749, 919, 971, 1006, 725, 956, 1118, 757, 686, 881, 1144, 1104, 875, 1096, 1367, 976, 684, 915, 1391, 1326, 868, 1104, 1226, 925, 764, 844, 1179, 1139, 716, 913, 985, 844, 772, 714, 874, 828, 910, 833, 786, 984, 842, 661, 812, 863, 910, 909, 829, 948, 925, 669, 810, 848, 698, 703, 843, 837, 648, 562, 833, 808, 656, 653, 830, 792, 664, 644, 860, 940, 674, 694, 782, 719, 740, 791, 862, 864, 743, 593, 601, 759, 743, 642, 672, 786, 617, 617, 686, 705, 653, 719, 723, 695, 507, 646, 704, 645, 684, 651, 735, 676, 639, 800, 793, 649, 661, 629, 675, 691, 824, 936, 884, 742, 770, 710, 664, 771, 826, 839, 682, 764, 847, 784, 892, 810, 1055, 975, 815, 867, 951, 954, 966, 1026, 1103, 956, 874, 795, 968, 945, 985, 1194, 995, 851, 841, 864, 919, 771, 1020, 1205, 1093, 796, 836, 905, 950, 769, 993, 1223, 876, 677, 789, 919, 752, 603, 926, 968, 839, 766, 911, 921, 786, 689, 969, 1011, 919, 810, 809, 972, 987, 810, 921, 958, 898, 824, 911, 1062, 1080, 878, 1057, 1102, 806, 715, 795, 786, 737, 621, 795, 849, 721, 633, 719, 705, 609, 596, 608, 721, 698, 542, 740, 815, 705, 655, 665, 825, 817, 616, 692, 797, 756, 644, 754, 894, 839, 749, 667, 757, 750, 689, 803, 875, 707, 727, 662, 715, 728, 647, 694, 716, 620, 654, 758, 698, 634, 714, 838, 807, 1568, 1258, 1944, 1916, 1270, 1251, 3308, 3451, 3616, 1873, 3512, 3800, 2828, 2204, 6687, 7359, 3852, 1565, 3229, 3522, 2982, 1658, 5817, 6924, 2602, 1227, 2195, 2076, 1796, 965, 2883, 3839, 1616, 1213, 1858, 1570, 1248, 951, 1997, 2442, 1110, 939, 1319, 1231, 1105, 1104, 1438, 1623, 967, 988, 1136, 1281, 949, 1175, 1658, 1452, 1344, 1102, 1256, 1433, 1286, 1195, 2064, 2225, 1737, 974, 1139, 1404, 1523, 1108, 1932, 2550, 1337, 813, 1076, 1111, 1053, 874, 1306, 1768, 898, 1035, 1303, 1089, 678, 808, 1195, 1156, 818, 1163, 1422, 1052, 635, 956, 1605, 1466, 749, 1220, 1378, 1037, 610, 1003, 1358, 1072, 877, 1309, 1432, 1074, 833, 1090, 1284, 1044, 998, 1200, 1356, 1009, 707, 817, 1400, 1343, 861, 765, 990, 862, 659, 663, 1046, 1124, 563, 658, 736, 681, 580, 649, 831, 737, 696, 696, 681, 614, 550, 639, 646, 663, 633, 560, 607, 558, 480, 514, 574, 629, 639, 526, 538, 605, 553, 423, 596, 647, 665, 560, 620, 634, 633, 534, 626, 683, 594, 454, 538, 611, 607, 514, 592, 704, 460, 370, 414, 535, 491, 503, 516, 468, 478, 525, 608, 596, 554, 533, 520, 520, 505, 515, 539, 535, 461, 469, 587, 541, 432, 445, 520, 465, 378, 442, 535, 501]"
-0.5797057747840881,-0.13547734916210175,-0.215315580368042,-0.2911171019077301,-0.14890125393867493,-0.23697420954704285,-0.2950802743434906,-1.0405794382095337,1.8918514251708984,16.0,-0.07040655612945557,0.0,18.75,0.015138030052185059,0.0,15.0,0.8488401174545288,1.1617183685302734,18.25,0.8901818990707397,1.082754135131836,16.0,"[545, 602, 562, 558, 565, 554, 563, 606, 574, 510, 549, 619, 603, 563, 581, 593, 531, 451, 550, 561, 531, 609, 608, 566, 538, 484, 506, 585, 505, 492, 519, 585, 491, 487, 421, 468, 512, 486, 542, 522, 522, 547, 489, 479, 513, 546, 588, 556, 546, 469, 481, 495, 523, 524, 535, 539, 512, 566, 556, 488, 534, 549, 578, 500, 490, 579, 547, 441, 440, 446, 487, 437, 506, 584, 529, 466, 501, 512, 502, 442, 539, 643, 540, 519, 573, 511, 564, 532, 495, 580, 640, 622, 512, 440, 501, 540, 491, 540, 638, 636, 448, 448, 570, 583, 589, 581, 576, 519, 491, 477, 547, 631, 545, 649, 610, 480, 526, 494, 555, 551, 555, 630, 597, 583, 544, 545, 548, 467, 591, 544, 530, 596, 537, 456, 458, 519, 528, 511, 608, 656, 554, 433, 509, 606, 591, 582, 510, 442, 517, 540, 529, 598, 550, 596, 586, 522, 577, 557, 557, 650, 521, 504, 643, 590, 459, 463, 570, 581, 481, 566, 626, 596, 522, 560, 543, 475, 580, 574, 614, 612, 517, 535, 616, 593, 615, 571, 624, 683, 513, 528, 582, 592, 553, 484, 584, 621, 503, 542, 632, 597, 576, 562, 611, 516, 512, 577, 460, 529, 625, 608, 585, 642, 644, 592, 529, 540, 520, 573, 594, 578, 530, 502, 493, 472, 564, 557, 573, 615, 497, 510, 554, 533, 610, 593, 556, 567, 567, 541, 551, 582, 649, 758, 700, 619, 580, 594, 667, 600, 1071, 2476, 2848, 1641, 913, 1373, 2113, 1811, 1505, 4461, 5298, 2971, 1133, 2157, 3698, 3270, 1565, 3289, 3420, 1731, 1030, 1662, 2523, 2049, 1251, 2475, 3349, 2157, 801, 1317, 2388, 2425, 765, 2044, 2629, 1553, 637, 1132, 2144, 2024, 917, 1232, 1249, 874, 761, 780, 1225, 1334, 1259, 1217, 2147, 1647, 882, 727, 1985, 2434, 818, 1822, 2394, 1583, 696, 1319, 2395, 2200, 2561, 5905, 5641, 2374, 1587, 2484, 4249, 2983, 6994, 13783, 11366, 3111, 3528, 4930, 8034, 3954, 7508, 14249, 11368, 2687, 3574, 5033, 8027, 3346, 3326, 6077, 4752, 1228, 1528, 2266, 3425, 1427, 1141, 2434, 2562, 1349, 795, 1300, 1689, 1327, 940, 2303, 2407, 1276, 775, 1208, 1622, 1308, 1037, 1726, 1545, 868, 867, 1183, 1385, 1099, 1399, 2295, 2394, 1374, 1040, 1666, 2580, 2216, 1597, 4842, 5413, 2787, 1291, 2984, 5013, 3881, 2804, 10248, 11579, 5796, 1765, 5335, 8764, 6521, 3657, 12306, 13675, 6792, 2089, 5944, 9532, 7213, 2895, 8730, 9404, 4621, 1685, 4106, 6640, 5009, 1088, 2519, 2635, 1446, 708, 1441, 2003, 1506, 974, 1539, 1452, 832, 711, 946, 1221, 851, 772, 1377, 1289, 770, 685, 775, 962, 727, 863, 1100, 1051, 817, 765, 775, 643, 596, 1168, 1736, 1575, 907, 917, 1017, 1155, 753, 1243, 2160, 2037, 1085, 1038, 1177, 1385, 945, 1033, 2003, 1996, 1066, 1115, 1494, 1207, 787, 1534, 2821, 2699, 1203, 1446, 1938, 1358, 898, 1791, 2711, 2379, 1313, 1658, 1842, 1507, 1047, 2310, 3174, 3084, 2495, 1932, 1929, 2270, 1958, 2802, 3946, 4386, 3316, 2869, 3218, 2925, 2593, 5551, 5887, 6042, 4067, 4147, 6294, 4160, 3514, 6952, 7196, 7644, 4776, 4546, 7976, 5254, 3773, 3114, 4895, 5793, 3207, 2532, 4619, 2883, 1857, 1490, 2894, 2837, 1462, 1081, 1451, 1162, 1008, 1394, 1998, 1787, 1026, 837, 923, 942, 932, 1150, 1420, 1123, 785, 733, 773, 823, 773, 1226, 1815, 1383, 572, 846, 971, 1244, 775, 1448, 2257, 1851, 836, 925, 1372, 1720, 1160, 1347, 2072, 1680, 891, 905, 1226, 1461, 1044, 1105, 1574, 1378, 863, 904, 1022, 1119, 787, 957, 1184, 1033, 702, 882, 923, 991, 870, 921, 1067, 938, 718, 782, 812, 853, 721, 725, 847, 743, 735, 797, 781, 708, 637, 703, 719, 623, 772, 893, 779, 644, 622, 690, 620, 628, 738, 744, 636, 600, 701, 820, 755, 821, 913, 853, 685, 670, 747, 1033, 829, 806, 951, 880, 645, 863, 1035, 1034, 822, 751, 928, 852, 564, 857, 1072, 1038, 781, 828, 962, 819, 520, 792, 1063, 873, 842, 929, 894, 685, 641, 792, 844, 791, 915, 842, 757, 866, 938, 872, 679, 933, 1169, 1080, 1008, 1120, 1116, 944, 776, 983, 962, 896, 925, 1059, 918, 769, 796, 904, 880, 687, 890, 949, 839, 679, 647, 669, 708, 739, 886, 827, 642, 648, 616, 615, 626, 636, 645, 621, 605, 566, 550, 608, 654, 678, 560, 605, 628, 546, 578, 805, 842, 742, 683, 668, 713, 769, 798, 1181, 1101, 806, 942, 969, 764, 841, 1061, 1041, 1009, 857, 1084, 883, 794, 1011, 853, 766, 678, 715, 753, 647, 658, 802, 778, 864, 543, 531, 731, 843, 756, 657, 870, 740, 654, 623, 658, 713, 751, 860, 841, 626, 633, 698, 733, 689, 599, 738, 738, 695, 687, 670, 776, 841, 700, 755, 788, 704, 853, 829, 774, 670, 719, 885, 710, 796, 907, 868, 801, 719, 733, 781, 716, 854, 735, 659, 882, 794, 697, 725, 836, 1078, 837, 723, 1032, 995, 722, 759, 981, 879, 840, 823, 890, 820, 714, 760, 869, 741, 803, 772, 672, 687, 770, 822, 754, 734, 765, 827, 840, 639, 666, 977, 943, 1064, 854, 1492, 1519, 957, 720, 1309, 1569, 1769, 1011, 2090, 2219, 1358, 981, 1905, 2450, 2279, 1416, 2409, 2517, 1537, 1330, 2695, 3133, 1761, 1357, 2099, 2058, 1364, 1243, 2584, 2672, 1034, 955, 1324, 1396, 924, 1020, 1731, 1722, 998, 869, 1010, 1098, 844, 905, 1472, 1505, 1208, 780, 956, 1032, 820, 753, 1306, 1576, 1470, 749, 950, 1114, 1011, 753, 1057, 1638, 1792, 1095, 1205, 1402, 1322, 996, 1401, 1958, 1424, 1015, 1381, 1505, 1163, 1034, 1575, 1799, 811, 776, 1151, 1237, 952, 804, 1202, 1149, 737, 703, 964, 922, 735, 616, 867, 931, 743, 776, 821, 806, 615, 619, 657, 729, 707, 693, 824, 844, 662, 586, 822, 925, 720, 773, 911, 926, 649, 708, 1068, 1138, 741, 809, 904, 851, 619, 911, 1263, 1080, 582, 633, 678, 800, 632, 735, 937, 792, 646, 619, 634, 683, 583, 649, 797, 764, 611, 659, 699, 699, 526, 691, 801, 667, 595, 734, 719, 602, 586, 670, 755, 624, 511, 618, 548, 469, 483, 574, 638, 524, 554, 565, 580, 537, 476, 564, 589, 573, 500, 529, 519, 589, 477, 415, 496, 474, 630, 484, 581, 644, 577, 584, 522, 480]"
-0.6042328476905823,-0.10831083357334137,-0.04622742533683777,-0.351596862077713,-0.2118224948644638,0.10926076769828796,-0.3980877995491028,-0.06888461112976074,-0.28667449951171875,17.25,-0.05400729179382324,-0.39539337158203125,24.75,-0.05071711540222168,-0.39196014404296875,19.25,0.008649110794067383,0.0,23.0,0.04326748847961426,-0.7185459136962891,23.25,"[539, 563, 637, 730, 757, 731, 635, 559, 552, 640, 613, 639, 722, 798, 694, 530, 570, 529, 568, 577, 614, 619, 591, 590, 606, 479, 538, 563, 618, 573, 553, 600, 544, 543, 489, 496, 494, 509, 516, 467, 566, 577, 597, 556, 556, 575, 552, 564, 539, 514, 518, 518, 523, 498, 501, 548, 523, 500, 542, 458, 550, 576, 474, 496, 522, 511, 463, 421, 474, 513, 515, 529, 523, 501, 509, 524, 515, 502, 499, 507, 419, 428, 495, 527, 497, 520, 488, 425, 572, 560, 569, 547, 605, 530, 485, 552, 744, 695, 600, 707, 720, 631, 549, 665, 644, 624, 568, 640, 674, 596, 502, 557, 619, 543, 511, 518, 564, 585, 562, 624, 609, 474, 511, 490, 454, 549, 636, 681, 521, 472, 517, 516, 525, 493, 567, 567, 621, 604, 562, 581, 552, 629, 659, 566, 541, 485, 434, 497, 584, 557, 490, 470, 558, 490, 447, 544, 555, 497, 510, 566, 516, 453, 581, 552, 487, 512, 563, 550, 541, 599, 616, 576, 494, 579, 575, 583, 553, 580, 599, 629, 570, 566, 611, 554, 468, 611, 638, 572, 507, 558, 562, 488, 601, 657, 643, 615, 648, 600, 608, 547, 659, 655, 603, 548, 581, 564, 500, 565, 583, 460, 518, 576, 547, 567, 498, 511, 550, 512, 525, 594, 585, 598, 595, 558, 613, 597, 548, 508, 536, 524, 525, 561, 573, 693, 607, 553, 577, 563, 571, 555, 602, 497, 619, 642, 635, 642, 597, 656, 420, 429, 509, 538, 534, 613, 625, 536, 769, 812, 1209, 1103, 690, 860, 794, 749, 1721, 3610, 5405, 4037, 1626, 2433, 1376, 1922, 2220, 6946, 10009, 7020, 2132, 3915, 2892, 3852, 2034, 6494, 8382, 5435, 1747, 3482, 3827, 3499, 1604, 3910, 4113, 2356, 1143, 2373, 2919, 1851, 994, 2989, 3357, 2003, 808, 1506, 2332, 1798, 1370, 3190, 3402, 1834, 940, 1587, 2646, 2110, 2071, 4253, 4058, 1902, 1104, 2161, 3480, 2519, 1836, 3628, 3365, 1754, 994, 1751, 2816, 2057, 1438, 3208, 3196, 1581, 937, 1639, 2415, 1751, 1259, 2659, 2596, 1251, 983, 1393, 1980, 1439, 1121, 1704, 1488, 833, 849, 915, 1189, 940, 817, 1215, 1139, 653, 609, 861, 828, 654, 1512, 2839, 2730, 1334, 942, 1610, 2150, 1481, 4589, 10140, 9533, 3805, 2534, 4517, 7192, 4611, 10699, 25536, 23570, 8196, 6339, 10292, 16789, 10165, 12455, 30781, 28535, 9653, 7409, 11397, 19237, 11268, 7425, 18616, 17334, 5901, 4277, 6674, 11136, 6430, 2824, 6522, 5951, 2065, 2313, 3015, 3527, 2046, 1932, 3154, 2650, 1378, 2139, 2095, 1255, 995, 1796, 2705, 2170, 1270, 1707, 1669, 1252, 904, 1619, 2391, 2035, 1171, 1329, 1378, 1031, 794, 1146, 1900, 1742, 961, 914, 958, 979, 791, 867, 1381, 1226, 667, 622, 812, 977, 810, 800, 870, 749, 656, 653, 758, 751, 732, 1341, 1500, 1239, 1057, 1274, 1362, 1142, 827, 2314, 2411, 1958, 1663, 1784, 2284, 1811, 1185, 3261, 3168, 2269, 1846, 2214, 3386, 2574, 1358, 3167, 3269, 2492, 1771, 2071, 3688, 2868, 1324, 2699, 3599, 2791, 1584, 2120, 3016, 2131, 1134, 2834, 3460, 2690, 1607, 1960, 2015, 1406, 1274, 1623, 1914, 1637, 1127, 1149, 1181, 914, 892, 1013, 1490, 1297, 782, 883, 786, 839, 775, 1298, 2177, 1870, 832, 999, 1021, 1045, 714, 1283, 1877, 1523, 706, 897, 961, 902, 657, 1006, 1063, 879, 657, 719, 856, 800, 758, 899, 849, 816, 745, 819, 853, 796, 810, 862, 945, 813, 517, 706, 835, 648, 655, 867, 1136, 961, 546, 745, 810, 667, 564, 687, 936, 856, 633, 695, 775, 662, 589, 703, 781, 724, 588, 638, 700, 649, 644, 755, 775, 665, 697, 687, 703, 716, 669, 647, 743, 682, 686, 713, 656, 652, 658, 569, 694, 725, 690, 598, 685, 649, 535, 716, 673, 633, 665, 601, 673, 611, 589, 727, 800, 720, 600, 591, 606, 563, 577, 657, 767, 785, 643, 754, 675, 652, 686, 679, 818, 854, 641, 717, 782, 761, 767, 842, 915, 853, 715, 942, 963, 858, 838, 1163, 1048, 906, 854, 1074, 1109, 1068, 1121, 1389, 1207, 874, 830, 1157, 1205, 1257, 1441, 1481, 1260, 954, 860, 1087, 1164, 1240, 1403, 1167, 1134, 925, 769, 791, 908, 1000, 1087, 840, 942, 872, 712, 725, 819, 888, 805, 764, 1007, 1039, 655, 581, 860, 880, 736, 714, 906, 955, 703, 657, 825, 812, 715, 561, 777, 870, 692, 564, 708, 786, 701, 685, 743, 759, 704, 573, 651, 749, 753, 802, 769, 600, 651, 712, 703, 610, 685, 761, 769, 579, 690, 762, 744, 692, 648, 903, 867, 724, 834, 706, 793, 836, 822, 979, 950, 871, 923, 660, 823, 1060, 994, 960, 852, 655, 743, 711, 738, 759, 799, 918, 769, 665, 751, 663, 720, 742, 865, 848, 626, 675, 740, 612, 598, 681, 854, 700, 649, 639, 579, 585, 671, 696, 684, 738, 730, 706, 714, 702, 763, 851, 778, 540, 712, 783, 691, 614, 759, 787, 657, 680, 686, 732, 736, 632, 684, 704, 679, 1039, 784, 728, 925, 896, 768, 735, 919, 900, 810, 845, 950, 763, 714, 839, 839, 846, 865, 818, 851, 685, 861, 977, 716, 1095, 1303, 1520, 1453, 995, 1236, 1950, 1813, 1573, 2386, 2911, 2255, 1382, 2036, 3493, 3228, 1632, 2424, 2801, 2021, 1268, 2173, 3197, 2729, 1559, 1887, 2368, 1747, 925, 1538, 2079, 2054, 1369, 1141, 1643, 1487, 1018, 963, 1413, 1728, 979, 1181, 1326, 1045, 879, 1148, 1424, 1112, 899, 1179, 1384, 1086, 727, 984, 1241, 1104, 851, 921, 1240, 975, 643, 796, 1013, 1086, 836, 1069, 1242, 1041, 797, 973, 1012, 773, 974, 1155, 1190, 1073, 820, 1078, 1271, 860, 1116, 1104, 1181, 1080, 858, 1066, 1357, 1194, 830, 776, 1072, 1061, 727, 744, 1137, 1100, 752, 770, 884, 915, 665, 703, 957, 871, 854, 770, 922, 1008, 778, 732, 949, 934, 858, 707, 924, 1001, 693, 741, 999, 960, 752, 791, 826, 863, 627, 766, 915, 766, 644, 625, 697, 771, 633, 732, 865, 783, 687, 680, 798, 759, 608, 723, 797, 816, 599, 703, 728, 682, 593, 721, 849, 687, 538, 610, 730, 654, 508, 559, 670, 650, 514, 609, 625, 505, 486, 528, 534, 496, 505, 602, 658, 575, 535, 609, 584, 505, 550, 558, 579, 611, 530, 580, 516, 479, 538, 435, 438, 500, 477, 492, 473, 449]"
-0.6765918731689453,0.13418471813201904,0.01898612082004547,-0.3981775641441345,0.18719519674777985,0.11899828165769577,-0.30686137080192566,-1.0653387308120728,-1.9354820251464844,16.25,-0.28370726108551025,-0.8434295654296875,17.75,-0.245369553565979,-0.7826328277587891,16.5,-0.06498205661773682,-0.32958984375,21.75,-0.046814560890197754,-0.3307342529296875,23.75,"[550, 590, 635, 598, 603, 593, 634, 593, 467, 593, 680, 663, 606, 631, 648, 543, 505, 521, 584, 618, 518, 514, 585, 509, 439, 435, 517, 584, 498, 431, 540, 495, 526, 522, 461, 505, 513, 501, 449, 449, 534, 491, 478, 473, 474, 480, 473, 545, 531, 460, 473, 468, 474, 498, 517, 581, 491, 465, 483, 502, 434, 501, 569, 589, 403, 428, 412, 338, 363, 490, 512, 457, 412, 516, 519, 475, 519, 527, 485, 456, 462, 551, 656, 561, 472, 556, 642, 617, 534, 523, 546, 477, 441, 475, 550, 635, 519, 484, 520, 508, 536, 543, 509, 527, 593, 550, 540, 534, 621, 628, 514, 517, 571, 547, 521, 585, 656, 615, 553, 560, 532, 547, 547, 548, 524, 503, 550, 577, 563, 552, 559, 516, 574, 562, 541, 613, 594, 522, 527, 530, 570, 611, 550, 621, 451, 536, 527, 508, 514, 558, 535, 486, 571, 542, 579, 552, 604, 570, 492, 520, 581, 547, 654, 572, 552, 540, 501, 608, 559, 589, 591, 577, 551, 549, 505, 497, 486, 585, 711, 626, 545, 601, 708, 616, 618, 626, 586, 515, 568, 581, 561, 597, 588, 565, 477, 519, 554, 487, 438, 525, 649, 551, 506, 583, 615, 555, 435, 562, 545, 550, 501, 526, 547, 569, 510, 517, 543, 510, 513, 483, 599, 575, 567, 614, 520, 590, 499, 402, 558, 550, 508, 553, 480, 566, 583, 527, 512, 490, 548, 521, 489, 487, 562, 597, 538, 494, 564, 578, 491, 504, 557, 524, 535, 467, 468, 552, 461, 498, 501, 423, 547, 527, 467, 456, 537, 541, 539, 641, 656, 571, 526, 458, 805, 1733, 1883, 1018, 825, 1177, 1086, 806, 1969, 5755, 6372, 3084, 1686, 3226, 3022, 2052, 2246, 6925, 7984, 4148, 1609, 4029, 3878, 2464, 781, 2796, 4100, 2685, 1274, 2740, 2387, 1602, 1120, 2968, 3544, 1779, 1388, 2484, 1705, 969, 687, 1598, 2074, 1218, 946, 1814, 1500, 809, 1069, 1577, 1442, 764, 811, 1078, 1194, 869, 1445, 2514, 2352, 1233, 1119, 1218, 1746, 1272, 2603, 5966, 5768, 2400, 2033, 2343, 3842, 2667, 4484, 10966, 10364, 3806, 3249, 4831, 7056, 4287, 4409, 11081, 10468, 3716, 3047, 5110, 7397, 4316, 2178, 5157, 4886, 1786, 1742, 2717, 3421, 2055, 1021, 1407, 1341, 856, 946, 1091, 995, 830, 1599, 2954, 2877, 1318, 1184, 1491, 1842, 1241, 1794, 3159, 2808, 1214, 1256, 1451, 1857, 1144, 1238, 2096, 1917, 1001, 978, 1072, 1273, 839, 867, 1689, 1740, 948, 825, 1108, 908, 711, 1499, 3292, 3499, 1719, 1599, 2167, 1415, 1132, 2363, 5077, 5173, 2387, 2608, 3364, 2079, 1470, 2249, 4158, 3937, 1805, 2236, 2656, 1557, 1124, 2215, 3562, 2823, 1081, 1778, 1848, 1451, 810, 3611, 5505, 3968, 974, 2735, 2543, 2155, 803, 4361, 6025, 4021, 1209, 3221, 2740, 2054, 991, 3129, 4104, 2816, 1341, 2525, 2107, 1369, 1084, 1979, 3507, 3100, 1422, 2137, 2440, 1507, 882, 1797, 3479, 3231, 1406, 2177, 2556, 1550, 966, 1646, 2873, 2495, 988, 2015, 2263, 1254, 792, 1184, 1846, 1524, 783, 1398, 1504, 903, 651, 762, 965, 858, 666, 759, 800, 572, 515, 721, 786, 704, 637, 617, 566, 603, 629, 620, 746, 728, 604, 586, 566, 610, 586, 560, 531, 737, 811, 752, 707, 737, 688, 736, 684, 834, 931, 771, 675, 762, 694, 915, 938, 952, 877, 796, 795, 791, 791, 937, 971, 856, 694, 707, 786, 740, 724, 765, 878, 739, 700, 687, 658, 702, 573, 673, 792, 668, 702, 707, 672, 712, 581, 571, 722, 608, 573, 636, 669, 720, 560, 652, 652, 508, 499, 549, 556, 529, 570, 664, 660, 680, 684, 597, 646, 631, 616, 720, 718, 730, 628, 620, 668, 668, 616, 752, 815, 631, 555, 682, 656, 633, 607, 688, 769, 723, 643, 652, 640, 632, 586, 655, 689, 770, 737, 696, 669, 678, 640, 600, 739, 772, 759, 664, 729, 747, 586, 644, 783, 786, 801, 674, 666, 670, 581, 598, 657, 699, 707, 635, 639, 632, 504, 618, 697, 672, 620, 560, 558, 557, 567, 722, 796, 750, 634, 661, 784, 794, 700, 845, 741, 647, 724, 782, 996, 934, 755, 602, 651, 695, 674, 643, 715, 713, 671, 594, 718, 765, 680, 631, 748, 759, 682, 682, 675, 748, 618, 560, 697, 646, 614, 645, 650, 752, 703, 639, 661, 614, 570, 596, 617, 743, 696, 631, 732, 683, 645, 611, 665, 821, 697, 717, 681, 654, 696, 579, 624, 694, 638, 675, 611, 588, 616, 509, 500, 592, 604, 574, 629, 633, 598, 469, 541, 754, 657, 459, 534, 588, 551, 626, 613, 631, 542, 448, 597, 631, 561, 573, 573, 546, 557, 458, 514, 641, 556, 511, 635, 681, 552, 507, 500, 583, 606, 541, 676, 721, 501, 510, 608, 691, 659, 587, 632, 659, 544, 547, 561, 664, 708, 639, 720, 722, 576, 655, 633, 563, 573, 629, 730, 698, 580, 642, 691, 673, 555, 578, 612, 583, 531, 581, 661, 539, 536, 653, 870, 783, 539, 580, 696, 609, 478, 848, 1056, 958, 678, 744, 939, 848, 690, 829, 948, 947, 808, 933, 972, 870, 765, 703, 691, 609, 617, 690, 731, 779, 750, 610, 747, 754, 689, 649, 761, 933, 784, 762, 709, 799, 730, 700, 735, 838, 875, 904, 864, 770, 807, 770, 741, 841, 828, 766, 800, 840, 810, 706, 747, 788, 796, 698, 763, 928, 866, 774, 766, 898, 798, 802, 715, 793, 970, 757, 751, 822, 771, 655, 713, 791, 777, 609, 722, 751, 652, 679, 742, 627, 559, 717, 683, 706, 724, 864, 845, 797, 656, 615, 803, 843, 908, 924, 893, 1011, 958, 676, 784, 956, 1015, 847, 1082, 1458, 1191, 619, 894, 1175, 1219, 930, 1136, 1257, 836, 599, 1083, 1205, 1098, 877, 937, 958, 805, 657, 1006, 1049, 857, 662, 692, 809, 727, 650, 782, 780, 696, 478, 688, 802, 707, 623, 657, 657, 591, 483, 559, 731, 645, 559, 541, 566, 618, 535, 564, 615, 576, 517, 531, 615, 617, 475, 575, 608, 560, 568, 622, 673, 594, 588, 625, 553, 537, 551, 560, 580, 559, 585, 604, 504, 494, 484, 603, 654, 571, 524, 551, 565, 567, 548, 601, 648, 578, 518, 549, 524, 496, 537, 613, 630, 570, 518, 623, 576, 466, 425, 522, 638, 523]"
-0.43807974457740784,0.37919872999191284,0.09781861305236816,0.2862243056297302,0.6102641224861145,0.06870710104703903,0.6460800170898438,-0.08941483497619629,-0.31642913818359375,16.5,-0.05794358253479004,-0.16107559204101562,30.25,-0.05451035499572754,-0.2657890319824219,17.0,-0.050791025161743164,0.0,24.75,-0.04764389991760254,-0.16965866088867188,19.25,"[405, 668, 672, 712, 803, 713, 676, 667, 482, 630, 629, 633, 633, 651, 667, 601, 484, 536, 543, 648, 667, 567, 581, 579, 404, 484, 554, 578, 555, 492, 463, 517, 560, 465, 465, 522, 457, 444, 508, 538, 577, 555, 533, 513, 525, 589, 501, 579, 497, 566, 517, 444, 533, 529, 463, 475, 545, 568, 615, 513, 493, 527, 528, 551, 577, 579, 502, 505, 582, 570, 549, 549, 485, 614, 549, 558, 646, 567, 630, 546, 535, 614, 623, 602, 629, 681, 709, 606, 576, 640, 589, 424, 519, 641, 613, 579, 468, 541, 517, 439, 481, 597, 563, 527, 519, 597, 581, 503, 578, 662, 567, 444, 517, 535, 504, 498, 498, 488, 509, 523, 575, 521, 484, 572, 578, 481, 485, 546, 551, 444, 462, 554, 566, 448, 477, 564, 556, 539, 537, 608, 621, 606, 600, 579, 582, 447, 513, 594, 538, 534, 637, 668, 576, 421, 628, 705, 551, 552, 693, 742, 570, 580, 684, 697, 534, 516, 598, 626, 483, 550, 579, 545, 565, 549, 612, 504, 543, 526, 579, 606, 602, 573, 573, 568, 570, 523, 498, 559, 594, 547, 545, 565, 479, 469, 439, 487, 540, 562, 475, 456, 520, 528, 549, 499, 605, 602, 530, 559, 522, 548, 503, 463, 542, 531, 474, 554, 563, 568, 533, 512, 506, 469, 420, 477, 569, 512, 535, 545, 435, 546, 576, 568, 559, 614, 660, 628, 505, 620, 701, 573, 595, 561, 493, 531, 547, 610, 555, 460, 612, 597, 547, 547, 574, 686, 602, 555, 716, 649, 638, 573, 640, 670, 552, 590, 1168, 2764, 3559, 2366, 1211, 2028, 1129, 986, 2489, 9741, 12434, 7204, 2615, 6353, 3687, 3114, 3530, 13948, 17169, 9175, 3512, 8577, 5285, 4661, 2366, 8020, 9219, 4455, 2374, 4644, 3079, 2732, 1781, 4766, 5065, 2452, 1183, 1798, 2158, 1546, 2421, 5966, 5890, 2428, 1296, 2277, 3073, 1858, 4070, 8447, 7353, 2141, 2547, 3446, 4729, 2167, 9304, 20184, 18004, 5380, 6253, 8167, 10983, 5080, 11294, 26473, 24536, 8023, 7609, 10409, 14199, 7442, 6336, 15577, 14684, 5019, 4301, 5892, 8502, 4828, 1779, 4311, 4084, 1519, 1331, 1758, 2432, 1561, 878, 1696, 1620, 796, 836, 1018, 957, 699, 734, 1130, 1134, 651, 729, 891, 826, 725, 744, 847, 859, 703, 656, 852, 847, 715, 826, 998, 861, 779, 725, 755, 710, 689, 845, 1047, 954, 701, 686, 718, 605, 602, 901, 1334, 1238, 826, 675, 790, 679, 672, 969, 1730, 1739, 974, 700, 961, 890, 716, 946, 1285, 1268, 797, 649, 792, 824, 691, 614, 713, 808, 610, 522, 674, 636, 564, 792, 1004, 903, 629, 735, 878, 684, 648, 1057, 1423, 1105, 683, 1182, 1128, 667, 658, 1260, 1926, 1635, 717, 1531, 1803, 1121, 685, 1308, 1910, 1752, 1104, 1551, 2098, 1554, 753, 1591, 1998, 1327, 1049, 1654, 1624, 1185, 726, 1351, 2215, 1889, 968, 1770, 1769, 986, 681, 1362, 1858, 1701, 1188, 1545, 1577, 1011, 724, 1055, 1310, 1088, 825, 1045, 985, 771, 626, 889, 1270, 1065, 694, 899, 1002, 817, 714, 948, 1140, 941, 702, 870, 875, 710, 644, 830, 1094, 920, 519, 712, 789, 652, 551, 734, 1052, 947, 656, 703, 743, 604, 546, 776, 957, 827, 697, 712, 765, 678, 578, 691, 669, 719, 653, 672, 648, 553, 611, 487, 621, 682, 632, 530, 632, 610, 532, 571, 581, 617, 638, 517, 565, 637, 556, 595, 655, 566, 514, 538, 592, 576, 582, 578, 662, 602, 607, 627, 588, 590, 537, 589, 690, 726, 676, 633, 637, 682, 626, 631, 680, 770, 691, 694, 704, 687, 736, 739, 907, 841, 791, 783, 772, 793, 697, 760, 936, 812, 594, 624, 748, 775, 637, 713, 845, 784, 665, 714, 773, 738, 642, 678, 831, 731, 639, 733, 707, 750, 672, 802, 816, 657, 724, 717, 694, 702, 714, 787, 932, 698, 763, 1026, 913, 619, 656, 737, 888, 825, 757, 1015, 920, 622, 725, 744, 802, 745, 704, 876, 829, 686, 659, 735, 862, 799, 686, 761, 885, 885, 746, 706, 821, 797, 704, 670, 818, 748, 661, 602, 753, 673, 656, 690, 651, 655, 575, 675, 789, 657, 564, 663, 707, 638, 564, 684, 792, 702, 539, 674, 886, 781, 498, 741, 858, 802, 572, 714, 954, 881, 664, 675, 801, 710, 603, 696, 753, 638, 613, 692, 733, 642, 696, 679, 583, 610, 612, 719, 825, 731, 658, 764, 800, 654, 566, 646, 717, 686, 602, 666, 674, 601, 524, 517, 570, 589, 578, 530, 519, 561, 493, 545, 571, 597, 636, 593, 552, 642, 588, 655, 676, 679, 689, 546, 697, 798, 708, 889, 688, 791, 959, 654, 669, 802, 881, 601, 593, 741, 681, 540, 606, 666, 647, 632, 611, 677, 731, 646, 653, 629, 632, 661, 741, 777, 780, 713, 778, 803, 677, 527, 654, 709, 627, 678, 694, 685, 605, 623, 736, 716, 655, 562, 564, 647, 642, 698, 810, 711, 708, 628, 545, 646, 651, 837, 731, 740, 705, 718, 782, 761, 819, 734, 564, 620, 707, 738, 891, 931, 815, 704, 617, 583, 751, 852, 817, 708, 721, 667, 777, 874, 802, 723, 773, 913, 895, 805, 1214, 1443, 1078, 710, 1095, 1739, 1583, 1166, 1527, 1653, 1424, 1032, 1349, 2136, 1943, 1217, 1413, 1237, 1203, 1064, 1210, 1640, 1451, 926, 1086, 762, 814, 838, 931, 1142, 891, 711, 792, 821, 732, 573, 661, 908, 802, 992, 652, 932, 1084, 747, 760, 879, 982, 1065, 895, 818, 920, 789, 950, 994, 806, 814, 934, 927, 779, 651, 1014, 1113, 813, 775, 824, 844, 676, 575, 826, 890, 849, 943, 1057, 1248, 974, 668, 1035, 1250, 1175, 1094, 1072, 1449, 1313, 778, 1134, 1457, 1450, 883, 804, 907, 934, 711, 771, 983, 994, 734, 772, 744, 752, 650, 696, 726, 652, 620, 691, 709, 648, 535, 699, 745, 554, 594, 778, 799, 698, 572, 659, 701, 567, 539, 739, 804, 687, 580, 643, 622, 525, 437, 661, 825, 662, 501, 572, 602, 562, 427, 548, 674, 547, 382, 475, 588, 589, 541, 515, 628, 670, 524, 479, 611, 657, 459, 482, 555, 627, 557, 489, 556, 555, 501, 445, 561, 554, 504, 486, 527, 604, 554, 461, 432, 485, 513, 517, 384, 487, 483, 453, 433, 405, 428, 446, 435, 473]"
-0.3147733211517334,0.5450451374053955,0.1297636181116104,0.5105468034744263,0.6333684325218201,0.12834474444389343,0.7271980047225952,-0.13987743854522705,-0.6503105163574219,16.5,-0.11427128314971924,-0.3172874450683594,15.5,-0.09267055988311768,-0.3235816955566406,16.5,-0.05705082416534424,-0.5786418914794922,16.5,0.017049670219421387,-0.6703376770019531,15.25,"[617, 563, 603, 624, 635, 623, 604, 565, 585, 601, 606, 697, 636, 656, 618, 560, 638, 542, 550, 629, 648, 594, 534, 577, 529, 512, 419, 538, 581, 487, 426, 461, 602, 578, 455, 507, 642, 579, 484, 481, 561, 544, 453, 502, 629, 599, 537, 572, 609, 541, 540, 573, 657, 573, 528, 609, 635, 629, 604, 583, 612, 510, 543, 665, 564, 485, 417, 485, 586, 540, 545, 604, 544, 560, 542, 549, 552, 608, 630, 571, 586, 552, 541, 537, 575, 563, 555, 612, 485, 530, 631, 551, 484, 558, 537, 510, 482, 452, 543, 520, 485, 558, 583, 551, 556, 523, 576, 577, 535, 573, 528, 519, 575, 542, 532, 631, 605, 583, 533, 500, 553, 570, 512, 530, 597, 548, 533, 535, 466, 593, 555, 463, 517, 551, 580, 499, 506, 633, 554, 529, 574, 652, 689, 533, 582, 651, 629, 599, 671, 626, 573, 544, 670, 616, 612, 659, 621, 545, 599, 628, 681, 509, 517, 632, 604, 585, 541, 661, 687, 574, 575, 581, 601, 606, 549, 636, 571, 537, 527, 556, 608, 548, 506, 625, 575, 580, 568, 608, 563, 432, 492, 624, 570, 593, 483, 572, 594, 526, 490, 531, 636, 597, 503, 482, 529, 601, 547, 510, 537, 491, 502, 480, 511, 599, 546, 539, 560, 535, 557, 553, 522, 606, 537, 503, 541, 574, 566, 593, 543, 554, 608, 514, 521, 641, 578, 537, 551, 599, 612, 506, 579, 578, 562, 510, 561, 575, 524, 525, 540, 571, 605, 592, 566, 597, 559, 536, 689, 1117, 1203, 753, 716, 892, 874, 725, 1064, 1839, 1955, 1149, 989, 1394, 1420, 1114, 1112, 2546, 3142, 2003, 1152, 2426, 2639, 1898, 1108, 2884, 3588, 2288, 1525, 3459, 3648, 2212, 1229, 2666, 3180, 2104, 1691, 3638, 3667, 1922, 950, 2133, 2728, 1935, 1191, 2416, 2375, 1453, 988, 2369, 2957, 1871, 1089, 1717, 1515, 1130, 1282, 2426, 2746, 1597, 1409, 2029, 1468, 1171, 1009, 1698, 1734, 1018, 1233, 1533, 1132, 818, 712, 1018, 990, 826, 872, 897, 808, 721, 711, 1139, 1284, 915, 756, 978, 811, 697, 693, 795, 999, 901, 648, 738, 682, 631, 579, 622, 693, 650, 527, 573, 516, 537, 620, 655, 719, 627, 596, 552, 523, 578, 578, 676, 660, 655, 613, 633, 631, 531, 657, 618, 639, 706, 612, 571, 687, 689, 748, 732, 655, 652, 747, 645, 589, 692, 778, 937, 799, 533, 799, 893, 698, 600, 787, 1035, 776, 598, 1008, 1023, 711, 502, 829, 1065, 917, 744, 1068, 1016, 689, 529, 816, 1010, 835, 720, 1020, 1035, 778, 617, 956, 1500, 1504, 1000, 1095, 1312, 1002, 837, 1508, 2881, 2722, 1435, 1808, 2017, 1239, 940, 2013, 3487, 2655, 2192, 3247, 2570, 1232, 1072, 2295, 3347, 2038, 2566, 4486, 3290, 1107, 1054, 2304, 3724, 2526, 1481, 4213, 3980, 1520, 927, 3258, 4100, 2812, 1675, 3386, 3365, 1665, 1419, 3672, 3848, 2227, 2687, 3415, 2705, 1352, 1900, 2515, 2426, 1316, 2035, 2395, 1732, 1085, 1345, 1098, 1261, 1086, 1142, 1182, 1191, 990, 726, 789, 977, 891, 801, 939, 880, 665, 556, 618, 843, 853, 681, 761, 752, 617, 489, 636, 642, 726, 652, 706, 756, 551, 525, 640, 646, 677, 755, 701, 674, 613, 567, 772, 835, 717, 651, 808, 781, 570, 599, 677, 807, 727, 598, 710, 656, 589, 545, 601, 720, 625, 607, 619, 537, 549, 493, 593, 624, 582, 564, 551, 572, 602, 602, 618, 561, 585, 561, 570, 592, 532, 608, 621, 647, 751, 703, 680, 633, 536, 646, 651, 713, 783, 660, 630, 601, 501, 595, 643, 640, 646, 604, 588, 518, 514, 559, 684, 617, 556, 646, 640, 601, 502, 567, 585, 636, 609, 601, 568, 595, 598, 565, 622, 663, 699, 681, 562, 583, 555, 558, 622, 711, 646, 604, 557, 577, 667, 607, 650, 649, 585, 610, 719, 676, 587, 636, 741, 622, 644, 713, 601, 593, 616, 741, 676, 645, 663, 687, 646, 524, 528, 709, 561, 676, 671, 636, 680, 658, 616, 591, 618, 691, 624, 570, 706, 768, 569, 550, 631, 601, 676, 698, 657, 645, 614, 630, 570, 645, 649, 579, 617, 656, 570, 527, 599, 691, 644, 578, 594, 658, 598, 555, 644, 729, 582, 526, 655, 629, 587, 614, 729, 777, 693, 671, 679, 649, 681, 692, 595, 760, 732, 599, 579, 521, 637, 638, 577, 569, 588, 636, 684, 609, 565, 589, 678, 591, 582, 726, 668, 595, 526, 593, 607, 553, 582, 648, 584, 519, 584, 644, 559, 599, 641, 643, 618, 593, 548, 589, 593, 560, 728, 703, 597, 618, 589, 614, 708, 538, 641, 716, 594, 614, 473, 632, 800, 644, 601, 799, 817, 661, 589, 719, 710, 696, 719, 880, 803, 576, 750, 693, 698, 712, 692, 773, 687, 609, 756, 638, 578, 683, 538, 514, 556, 547, 579, 469, 650, 651, 650, 660, 662, 637, 555, 560, 609, 603, 616, 650, 678, 699, 689, 665, 776, 665, 574, 667, 717, 629, 634, 740, 923, 701, 618, 822, 903, 720, 656, 798, 689, 585, 711, 894, 809, 670, 770, 798, 665, 587, 680, 795, 759, 782, 789, 761, 912, 656, 729, 901, 860, 784, 826, 994, 1004, 701, 848, 1065, 906, 902, 1074, 1098, 1010, 836, 951, 1091, 959, 858, 1066, 1101, 751, 884, 1220, 1115, 765, 702, 602, 637, 828, 1005, 1511, 1620, 1051, 756, 844, 800, 747, 886, 1298, 1333, 858, 836, 1046, 905, 845, 836, 914, 947, 857, 928, 1080, 1063, 709, 882, 876, 898, 794, 958, 1188, 1043, 808, 1239, 1012, 798, 859, 730, 1127, 930, 1065, 2023, 1906, 1213, 899, 1132, 1625, 1163, 959, 2272, 2540, 1681, 934, 1343, 1956, 1430, 906, 1986, 2543, 1996, 1044, 1241, 1930, 1572, 757, 1610, 2266, 1894, 896, 1154, 1772, 1468, 639, 1197, 1760, 1508, 928, 1128, 1419, 1080, 552, 644, 1088, 1109, 788, 768, 1075, 874, 539, 485, 788, 872, 668, 609, 735, 682, 673, 530, 627, 757, 637, 542, 599, 668, 542, 529, 567, 600, 555, 459, 470, 557, 447, 464, 564, 499, 414, 448, 511, 526, 457, 488, 460, 414, 477, 562, 511, 520, 498, 516, 543, 466, 450, 511, 493, 467, 453, 434, 539, 562, 414, 400, 445, 493, 419, 427, 466, 457, 417, 507, 517, 491]"
-0.2582378685474396,0.462202787399292,0.19485333561897278,0.5862084627151489,0.3850821554660797,0.27252158522605896,0.7107715606689453,-0.1604304313659668,-0.31185150146484375,18.5,-0.15656805038452148,-0.31113624572753906,16.0,-0.05943632125854492,-0.5064010620117188,19.5,-0.04813528060913086,-0.35233497619628906,17.75,-0.0016436576843261719,-0.46935081481933594,21.25,"[518, 600, 578, 489, 529, 489, 581, 601, 484, 540, 569, 556, 584, 604, 613, 587, 499, 557, 552, 487, 604, 614, 581, 568, 493, 509, 483, 463, 541, 532, 580, 555, 493, 546, 580, 490, 585, 649, 530, 502, 574, 583, 554, 577, 549, 540, 473, 488, 565, 419, 515, 616, 509, 469, 425, 494, 622, 508, 482, 527, 559, 581, 512, 568, 555, 500, 556, 460, 463, 594, 541, 553, 564, 556, 555, 462, 511, 614, 598, 598, 525, 549, 565, 561, 579, 556, 574, 603, 566, 432, 527, 627, 523, 428, 503, 560, 588, 486, 461, 579, 555, 460, 476, 597, 578, 487, 572, 587, 569, 562, 575, 605, 564, 551, 616, 592, 559, 550, 601, 599, 627, 602, 578, 568, 583, 598, 578, 575, 523, 453, 458, 516, 475, 447, 479, 542, 529, 506, 549, 581, 502, 436, 463, 543, 537, 462, 501, 567, 531, 475, 495, 612, 611, 525, 497, 571, 548, 500, 491, 564, 501, 529, 485, 510, 459, 493, 552, 498, 465, 529, 538, 538, 487, 564, 580, 469, 514, 495, 540, 599, 530, 508, 525, 520, 627, 616, 567, 584, 596, 576, 604, 605, 610, 673, 649, 618, 558, 485, 558, 556, 622, 638, 574, 539, 537, 541, 559, 553, 517, 585, 488, 468, 510, 511, 532, 475, 624, 619, 516, 537, 631, 611, 524, 531, 552, 557, 531, 555, 662, 690, 594, 504, 532, 573, 620, 542, 523, 610, 545, 522, 512, 658, 590, 472, 615, 713, 563, 476, 574, 571, 574, 500, 568, 680, 553, 499, 529, 951, 1135, 766, 639, 931, 908, 640, 1046, 2752, 3470, 2055, 1227, 3056, 3061, 1604, 1303, 3762, 4655, 2657, 1589, 4332, 4328, 2070, 985, 1826, 1957, 1242, 1301, 2402, 2428, 1551, 1087, 2396, 3188, 2254, 1665, 4435, 5263, 3163, 1348, 3907, 5368, 3419, 2325, 6354, 6823, 3698, 1577, 3924, 4999, 2808, 2267, 4830, 4603, 2600, 1265, 2540, 2884, 1421, 1506, 2409, 2048, 1367, 847, 1297, 1268, 785, 851, 1100, 986, 772, 708, 956, 898, 615, 670, 805, 704, 615, 811, 1123, 998, 620, 810, 929, 731, 546, 668, 825, 794, 593, 695, 879, 743, 563, 659, 972, 981, 580, 829, 1049, 785, 604, 745, 1019, 953, 674, 934, 1058, 820, 646, 705, 887, 819, 674, 857, 883, 675, 581, 710, 855, 875, 675, 729, 743, 667, 618, 762, 847, 723, 660, 714, 686, 572, 631, 835, 1173, 966, 516, 908, 1066, 798, 577, 902, 1369, 1263, 690, 926, 1218, 905, 572, 769, 1090, 959, 559, 795, 955, 743, 559, 627, 729, 620, 580, 697, 690, 558, 510, 717, 746, 695, 589, 794, 816, 675, 620, 933, 965, 833, 775, 988, 862, 753, 672, 1504, 1713, 1171, 1547, 2020, 1451, 843, 886, 2195, 2539, 1453, 2356, 3112, 2149, 1090, 1050, 2906, 3330, 1897, 2491, 3679, 3012, 1550, 1343, 3175, 3829, 2186, 2433, 4169, 3698, 1796, 1276, 2588, 3043, 1598, 2060, 3481, 2965, 1416, 1255, 1723, 1829, 1196, 1335, 2023, 1885, 1228, 1203, 1239, 1163, 1191, 1300, 1295, 1006, 1197, 1300, 907, 901, 1019, 1027, 875, 886, 996, 1033, 696, 761, 829, 656, 736, 799, 663, 679, 635, 804, 789, 640, 778, 859, 790, 614, 603, 786, 795, 713, 749, 753, 686, 554, 628, 720, 772, 673, 647, 691, 688, 678, 645, 811, 851, 642, 563, 633, 704, 702, 660, 754, 719, 583, 635, 650, 600, 582, 556, 627, 602, 531, 568, 631, 621, 546, 594, 680, 640, 600, 584, 668, 686, 607, 664, 644, 611, 538, 640, 704, 624, 586, 579, 618, 648, 467, 618, 704, 646, 590, 626, 703, 676, 657, 751, 723, 631, 632, 721, 830, 777, 750, 710, 689, 670, 689, 603, 763, 783, 663, 675, 738, 615, 519, 653, 763, 745, 674, 648, 684, 611, 552, 686, 760, 716, 634, 568, 635, 616, 569, 586, 621, 631, 527, 555, 596, 610, 595, 616, 603, 619, 597, 633, 683, 596, 583, 605, 530, 605, 651, 763, 705, 594, 603, 727, 641, 724, 836, 890, 833, 727, 800, 749, 689, 782, 787, 829, 680, 756, 942, 696, 702, 680, 705, 629, 594, 703, 815, 590, 588, 549, 622, 608, 607, 708, 661, 533, 625, 657, 672, 682, 709, 783, 589, 548, 624, 564, 644, 599, 658, 663, 532, 596, 683, 599, 486, 590, 646, 578, 557, 543, 614, 651, 532, 588, 645, 598, 573, 611, 649, 706, 680, 660, 649, 595, 611, 596, 709, 716, 645, 575, 555, 682, 606, 581, 672, 643, 575, 581, 575, 645, 633, 592, 670, 633, 458, 499, 521, 569, 601, 573, 608, 556, 514, 557, 558, 536, 518, 585, 564, 572, 571, 621, 610, 591, 570, 554, 582, 693, 620, 622, 637, 702, 584, 634, 679, 736, 648, 584, 589, 643, 671, 721, 749, 690, 593, 575, 639, 628, 670, 763, 633, 521, 629, 667, 608, 520, 613, 638, 668, 543, 579, 649, 630, 574, 558, 580, 582, 694, 623, 559, 648, 619, 586, 603, 648, 674, 743, 729, 721, 683, 628, 669, 662, 633, 711, 752, 675, 536, 544, 535, 586, 499, 603, 670, 549, 470, 448, 604, 684, 494, 543, 719, 578, 453, 528, 631, 707, 579, 599, 698, 645, 518, 556, 793, 708, 818, 815, 808, 703, 734, 842, 1151, 760, 1104, 1144, 891, 744, 1315, 1616, 1321, 956, 1070, 1206, 1080, 874, 1578, 1860, 1009, 899, 921, 1161, 1002, 910, 1483, 1496, 857, 922, 973, 1286, 1019, 883, 1404, 1260, 863, 851, 896, 1091, 879, 747, 1110, 1050, 724, 687, 918, 932, 679, 733, 887, 887, 695, 730, 982, 847, 682, 768, 836, 874, 740, 837, 938, 851, 703, 867, 740, 627, 949, 1137, 997, 934, 739, 905, 924, 668, 1079, 1188, 962, 954, 848, 1103, 1108, 704, 1258, 1614, 1326, 957, 719, 1056, 1122, 681, 1310, 1845, 1491, 996, 824, 1086, 1184, 740, 1011, 1440, 1275, 947, 772, 918, 1025, 710, 647, 914, 866, 832, 697, 636, 763, 581, 571, 749, 686, 729, 635, 525, 687, 535, 476, 677, 648, 572, 536, 528, 574, 466, 448, 581, 540, 508, 496, 499, 492, 434, 537, 556, 479, 535, 577, 536, 488, 537, 394, 442, 475, 472, 473, 530, 515, 474, 504, 480, 529, 517, 428, 463, 521, 530, 445, 404, 439, 504, 478, 456, 475, 463]"
-0.9139975309371948,0.079344242811203,-0.5974756479263306,-0.9595744013786316,0.4991401731967926,-0.8144791722297668,-0.5127716064453125,-0.30743658542633057,0.8723258972167969,24.0,-0.038643479347229004,0.7231235504150391,30.75,-0.024338364601135254,0.7382869720458984,-29.75,-0.023623108863830566,0.7345676422119141,-26.5,0.05276620388031006,0.6455898284912109,20.25,"[509, 619, 662, 535, 482, 531, 664, 619, 477, 523, 582, 618, 514, 533, 673, 644, 519, 555, 609, 615, 500, 521, 615, 531, 573, 627, 564, 445, 457, 549, 607, 514, 515, 496, 515, 557, 518, 529, 577, 535, 474, 452, 477, 534, 556, 545, 504, 514, 487, 544, 525, 534, 617, 626, 584, 487, 522, 514, 555, 520, 633, 682, 574, 556, 510, 605, 622, 450, 469, 567, 624, 556, 567, 580, 531, 523, 554, 543, 584, 629, 639, 557, 506, 591, 611, 526, 479, 596, 558, 580, 591, 562, 488, 525, 591, 515, 571, 589, 552, 564, 549, 509, 554, 526, 627, 511, 547, 603, 568, 511, 452, 606, 537, 496, 529, 519, 489, 463, 420, 471, 502, 517, 481, 482, 519, 511, 423, 461, 506, 458, 421, 468, 505, 528, 500, 489, 559, 571, 513, 493, 559, 526, 536, 580, 572, 651, 636, 594, 568, 579, 536, 494, 604, 671, 648, 617, 661, 628, 512, 566, 495, 557, 548, 519, 581, 558, 485, 540, 514, 541, 502, 478, 549, 575, 594, 585, 584, 625, 703, 574, 470, 600, 632, 592, 459, 537, 615, 541, 483, 537, 544, 543, 410, 532, 579, 509, 470, 552, 594, 479, 490, 550, 576, 505, 585, 657, 541, 490, 473, 492, 511, 559, 501, 467, 475, 455, 565, 654, 546, 517, 493, 629, 616, 443, 579, 688, 606, 503, 509, 627, 565, 447, 503, 679, 646, 554, 591, 536, 522, 458, 442, 549, 573, 573, 560, 520, 506, 477, 550, 501, 514, 541, 545, 551, 583, 564, 604, 573, 514, 545, 612, 490, 488, 608, 651, 638, 547, 568, 761, 701, 568, 670, 558, 603, 481, 424, 622, 654, 551, 510, 562, 551, 442, 517, 580, 533, 464, 521, 555, 557, 529, 646, 556, 478, 529, 496, 637, 499, 644, 681, 557, 588, 541, 627, 1013, 1031, 1399, 1733, 1184, 1212, 2551, 2454, 3577, 1865, 3633, 5384, 3713, 2392, 7929, 8351, 5499, 2512, 5358, 7609, 5391, 3076, 11161, 12099, 7329, 7947, 11227, 8854, 5527, 7886, 18197, 18033, 14419, 17331, 25846, 16220, 8813, 16868, 39982, 39613, 13926, 16642, 25958, 16106, 8412, 16139, 40136, 40087, 6098, 6952, 10913, 7098, 3920, 6981, 17670, 17658, 2150, 1562, 2578, 1865, 1418, 1527, 4087, 4571, 1000, 1251, 1177, 1181, 900, 1485, 1850, 1495, 980, 3798, 3937, 1920, 910, 3886, 6782, 5366, 1170, 7781, 8032, 3250, 994, 7384, 12529, 9507, 1585, 6616, 6561, 2771, 1122, 6207, 9904, 7237, 1465, 2647, 2618, 1376, 1036, 2445, 3901, 3135, 958, 1972, 2267, 1311, 843, 1548, 2682, 2478, 799, 2018, 2056, 979, 786, 1311, 2107, 1716, 856, 1006, 950, 734, 758, 860, 838, 736, 828, 830, 832, 741, 692, 785, 727, 711, 672, 694, 593, 538, 688, 723, 612, 622, 671, 656, 636, 658, 703, 712, 574, 580, 774, 781, 816, 782, 674, 772, 700, 664, 843, 828, 812, 736, 665, 770, 783, 723, 829, 824, 781, 641, 698, 764, 756, 804, 772, 733, 721, 696, 766, 670, 685, 744, 667, 661, 643, 605, 638, 701, 662, 591, 577, 628, 660, 629, 591, 665, 662, 622, 723, 941, 1052, 760, 630, 658, 827, 730, 1904, 3392, 3230, 1552, 1306, 1391, 1650, 1441, 3456, 6225, 5616, 2340, 2300, 2336, 2803, 2308, 3286, 4544, 4133, 2659, 2663, 2543, 2767, 2687, 2347, 3572, 4440, 3130, 2576, 2566, 2443, 2642, 2275, 3742, 4240, 2945, 2519, 2326, 2440, 2437, 2178, 2836, 3990, 3490, 2291, 2042, 2257, 2424, 1815, 2108, 3051, 2928, 1788, 1557, 1539, 1969, 1186, 1368, 1556, 1484, 1127, 1166, 939, 1082, 845, 988, 882, 826, 755, 896, 888, 713, 698, 758, 876, 878, 757, 829, 796, 755, 636, 795, 1005, 922, 729, 718, 701, 705, 753, 862, 1098, 1064, 836, 742, 791, 833, 827, 843, 1043, 1054, 899, 709, 773, 887, 820, 760, 808, 922, 780, 703, 799, 796, 636, 644, 753, 903, 715, 785, 905, 801, 663, 656, 840, 892, 759, 799, 894, 800, 693, 686, 780, 879, 886, 823, 776, 778, 703, 733, 771, 756, 840, 755, 723, 732, 567, 655, 794, 712, 638, 787, 850, 745, 544, 666, 808, 751, 577, 757, 905, 735, 621, 738, 796, 777, 733, 757, 821, 656, 709, 676, 659, 639, 683, 669, 594, 668, 748, 714, 579, 684, 771, 714, 658, 716, 557, 525, 594, 650, 627, 635, 692, 700, 606, 669, 656, 599, 609, 689, 725, 711, 577, 657, 702, 630, 594, 699, 716, 612, 590, 650, 665, 624, 631, 657, 675, 630, 620, 616, 665, 602, 568, 622, 663, 654, 602, 613, 627, 599, 650, 572, 647, 673, 650, 613, 564, 627, 708, 625, 486, 605, 654, 623, 715, 717, 620, 576, 554, 674, 739, 720, 739, 686, 679, 637, 555, 698, 657, 649, 752, 766, 616, 539, 622, 727, 659, 632, 729, 792, 664, 598, 676, 767, 611, 627, 677, 634, 593, 674, 623, 676, 604, 622, 689, 663, 673, 692, 720, 675, 600, 658, 635, 725, 716, 721, 688, 634, 632, 622, 660, 657, 585, 602, 716, 712, 625, 723, 772, 639, 550, 594, 621, 625, 599, 638, 641, 619, 588, 648, 694, 616, 528, 632, 587, 527, 547, 664, 692, 597, 629, 663, 586, 602, 696, 685, 642, 643, 626, 723, 675, 643, 606, 613, 683, 596, 667, 764, 723, 728, 683, 663, 799, 724, 669, 912, 917, 786, 788, 879, 1076, 862, 600, 982, 1239, 931, 706, 846, 1040, 985, 512, 755, 916, 829, 641, 815, 889, 705, 529, 894, 870, 689, 605, 746, 893, 706, 583, 702, 634, 616, 679, 790, 768, 637, 655, 531, 533, 540, 606, 646, 666, 686, 558, 562, 571, 523, 586, 538, 607, 643, 572, 671, 573, 578, 659, 611, 644, 619, 609, 629, 576, 559, 653, 705, 548, 508, 617, 615, 625, 573, 615, 769, 684, 669, 574, 579, 575, 495, 569, 703, 752, 674, 528, 532, 565, 437, 455, 610, 646, 627, 478, 563, 596, 510, 506, 572, 564, 493, 581, 582, 586, 566, 594, 594, 518, 578, 445, 442, 535, 548, 461, 453, 561, 514, 575, 613, 605, 535, 456, 585, 663, 589, 465, 528, 521, 476, 380, 418, 470, 443, 435, 344, 443, 476, 401, 327, 416, 511, 435, 443, 404, 449, 396, 395, 425, 424, 502, 470, 372, 431, 455, 440, 417, 436]"
-1.0016069412231445,0.33396270871162415,-0.257718563079834,-1.0132676362991333,0.7104007005691528,-0.2975144386291504,-0.5429128408432007,-0.5628623962402344,0.9331226348876953,17.75,-0.5278148651123047,0.8992195129394531,21.75,-0.4179515838623047,0.8276939392089844,18.75,-0.11554145812988281,0.6583213806152344,24.75,-0.05088233947753906,0.6208419799804688,16.5,"[515, 596, 680, 647, 606, 650, 682, 593, 530, 679, 656, 658, 596, 708, 693, 539, 569, 644, 582, 549, 502, 616, 649, 540, 540, 580, 579, 493, 547, 634, 642, 599, 571, 548, 507, 596, 614, 552, 524, 595, 663, 503, 477, 550, 582, 503, 474, 622, 554, 514, 482, 469, 484, 497, 524, 549, 622, 519, 475, 504, 489, 566, 532, 550, 494, 512, 475, 493, 576, 621, 566, 547, 550, 526, 507, 576, 659, 656, 555, 593, 508, 488, 511, 520, 547, 470, 514, 533, 548, 564, 562, 574, 530, 515, 497, 472, 506, 497, 523, 562, 514, 526, 585, 563, 523, 505, 596, 592, 480, 482, 457, 498, 588, 642, 624, 628, 534, 591, 600, 509, 516, 556, 588, 597, 586, 546, 572, 512, 511, 529, 559, 514, 487, 522, 515, 492, 536, 533, 620, 671, 639, 616, 573, 523, 591, 656, 606, 593, 553, 495, 539, 550, 506, 650, 605, 496, 510, 558, 519, 433, 556, 603, 583, 602, 635, 626, 547, 473, 457, 467, 465, 548, 575, 572, 517, 489, 588, 599, 592, 602, 591, 615, 582, 571, 723, 635, 539, 627, 579, 611, 569, 635, 581, 538, 511, 495, 628, 670, 500, 515, 541, 581, 585, 621, 596, 624, 589, 529, 580, 645, 624, 671, 658, 574, 583, 600, 501, 572, 529, 582, 622, 619, 589, 525, 560, 516, 555, 676, 627, 519, 500, 529, 505, 520, 515, 603, 546, 467, 619, 615, 576, 534, 574, 526, 489, 534, 605, 609, 562, 562, 529, 483, 510, 588, 580, 507, 552, 511, 451, 554, 579, 573, 535, 508, 614, 553, 515, 549, 515, 514, 501, 570, 547, 528, 489, 500, 525, 555, 613, 545, 886, 879, 997, 1040, 793, 1074, 1732, 1605, 1550, 1627, 2300, 2248, 1385, 2075, 4339, 4010, 2464, 2241, 3381, 3580, 2131, 2853, 7045, 6841, 1851, 1704, 2615, 2451, 1549, 1947, 4894, 4883, 1930, 2179, 2625, 2014, 1552, 2385, 4327, 4026, 4864, 5525, 7297, 5367, 3529, 6149, 12392, 11750, 6061, 8085, 10511, 7977, 4521, 9162, 18474, 16939, 4225, 5806, 7392, 5951, 3312, 6616, 13369, 12171, 1853, 2139, 2621, 2350, 1561, 2286, 4558, 4388, 1050, 769, 970, 948, 821, 1008, 1319, 1302, 1441, 2098, 2819, 1572, 1028, 1842, 3786, 3762, 1503, 4387, 5234, 2584, 951, 3317, 6784, 6108, 1286, 4963, 5381, 2593, 842, 3661, 6426, 5080, 1572, 4189, 4321, 2335, 1066, 2763, 4366, 3218, 1857, 6246, 7372, 4135, 1158, 3394, 6499, 5520, 1366, 6288, 7274, 3841, 837, 3864, 6889, 5450, 1295, 3400, 3433, 1668, 851, 2270, 3401, 2268, 1518, 2900, 3121, 1742, 853, 1680, 2770, 2377, 1296, 2834, 3167, 1739, 852, 1745, 3123, 2703, 986, 1622, 1805, 1185, 748, 1213, 1977, 1710, 876, 1100, 1304, 1030, 740, 835, 1168, 1171, 843, 985, 1182, 895, 644, 732, 1069, 1159, 761, 1089, 1054, 751, 576, 733, 997, 913, 706, 884, 993, 742, 575, 689, 858, 836, 734, 1024, 1098, 864, 726, 727, 900, 769, 811, 1157, 997, 686, 753, 653, 906, 778, 981, 1320, 1093, 667, 681, 791, 952, 818, 1196, 1932, 1737, 843, 798, 1083, 1363, 993, 1559, 2266, 1918, 936, 1044, 1451, 1456, 1096, 2261, 2897, 2911, 2316, 2038, 2270, 2263, 2033, 3766, 4899, 5391, 3869, 3212, 3174, 3593, 3233, 5241, 6306, 6793, 4743, 4020, 3843, 3706, 4114, 4449, 5354, 5987, 4469, 2976, 3153, 3168, 3377, 2162, 3353, 3634, 2624, 1512, 2156, 2151, 1710, 1207, 1618, 1816, 1269, 1010, 1350, 1209, 846, 943, 1064, 1085, 897, 831, 999, 904, 804, 907, 1532, 1397, 856, 973, 1180, 1132, 793, 980, 1433, 1303, 840, 933, 1032, 997, 952, 892, 999, 957, 765, 777, 941, 890, 884, 645, 746, 848, 696, 570, 795, 849, 778, 746, 767, 892, 796, 676, 734, 842, 875, 681, 701, 931, 842, 714, 730, 889, 943, 727, 885, 966, 794, 826, 909, 973, 822, 742, 863, 878, 727, 803, 870, 867, 837, 741, 761, 805, 828, 767, 682, 792, 819, 683, 730, 663, 741, 717, 658, 763, 716, 640, 627, 616, 716, 762, 677, 809, 794, 526, 542, 574, 636, 648, 687, 707, 567, 520, 639, 666, 609, 596, 659, 685, 554, 633, 584, 651, 644, 676, 710, 655, 675, 576, 633, 608, 535, 588, 767, 660, 529, 646, 715, 674, 539, 575, 740, 672, 543, 662, 599, 692, 766, 700, 619, 701, 708, 708, 632, 794, 813, 709, 600, 778, 886, 703, 573, 619, 669, 607, 599, 735, 832, 712, 625, 561, 580, 654, 610, 611, 722, 649, 653, 712, 728, 727, 715, 844, 866, 869, 622, 728, 1002, 1037, 692, 1002, 1200, 980, 790, 875, 1055, 1087, 800, 967, 1203, 884, 760, 764, 803, 782, 804, 915, 1077, 661, 694, 625, 640, 560, 663, 743, 687, 590, 596, 572, 696, 675, 608, 703, 651, 670, 532, 688, 786, 702, 667, 774, 801, 565, 493, 577, 675, 730, 631, 643, 726, 639, 574, 577, 639, 673, 623, 673, 720, 712, 706, 627, 704, 677, 637, 814, 785, 778, 762, 570, 621, 575, 684, 795, 659, 716, 804, 931, 902, 687, 752, 1137, 986, 1249, 792, 1498, 1613, 1182, 836, 2182, 2387, 1710, 739, 1727, 1996, 1496, 902, 2775, 3202, 1318, 793, 1315, 1577, 1186, 1079, 2422, 2535, 821, 956, 1124, 902, 781, 1048, 1721, 1629, 762, 1012, 1267, 991, 749, 865, 1319, 1349, 670, 1087, 1343, 1021, 741, 950, 1312, 1186, 587, 968, 1187, 966, 809, 864, 1082, 978, 744, 875, 1083, 882, 809, 926, 981, 962, 828, 768, 996, 915, 770, 808, 873, 1024, 736, 976, 1210, 926, 599, 847, 1229, 1138, 761, 1572, 1697, 1153, 684, 1294, 1782, 1319, 847, 1338, 1218, 830, 650, 1246, 1414, 1003, 859, 812, 704, 692, 672, 828, 791, 751, 669, 743, 629, 649, 581, 690, 809, 679, 609, 648, 606, 610, 558, 735, 720, 580, 541, 537, 610, 528, 504, 574, 640, 676, 694, 783, 714, 546, 512, 626, 772, 689, 717, 814, 705, 526, 494, 608, 758, 580, 651, 746, 665, 552, 539, 548, 636, 587, 465, 513, 600, 530, 488, 490, 535, 536, 453, 525, 514, 499, 483, 560, 611, 521, 476, 494, 533, 544, 488, 482, 600, 570, 543, 527, 547, 495, 447, 432, 449, 527, 446, 446, 474, 406, 440, 557, 529, 440, 481, 505, 528, 476, 376, 489, 455, 439]"
-0.9473066926002502,0.47854405641555786,-0.1619655340909958,-0.6851503849029541,0.88991379737854,-0.2260897159576416,-0.04670524597167969,-0.42427682876586914,0.5932331085205078,16.0,-0.4175534248352051,0.6161212921142578,20.75,-0.36891603469848633,0.52642822265625,24.25,-0.3683438301086426,0.5307197570800781,25.5,0.09743070602416992,1.4802932739257812,15.25,"[403, 557, 690, 571, 537, 569, 688, 559, 514, 519, 580, 676, 629, 657, 780, 702, 473, 469, 507, 519, 496, 543, 536, 465, 551, 526, 491, 553, 506, 488, 526, 516, 556, 547, 465, 511, 566, 591, 536, 472, 446, 565, 612, 508, 496, 616, 576, 497, 488, 511, 475, 443, 488, 552, 579, 534, 520, 529, 495, 501, 531, 566, 539, 571, 469, 550, 471, 458, 466, 528, 566, 486, 520, 568, 444, 459, 483, 535, 577, 489, 588, 613, 549, 526, 596, 744, 669, 548, 602, 576, 486, 531, 611, 693, 633, 645, 598, 638, 617, 533, 627, 683, 591, 553, 527, 515, 573, 578, 608, 533, 570, 615, 514, 503, 479, 592, 633, 578, 569, 554, 458, 552, 535, 554, 575, 551, 544, 515, 479, 543, 494, 455, 417, 500, 516, 479, 466, 471, 509, 535, 528, 528, 563, 525, 496, 490, 534, 551, 512, 444, 553, 596, 563, 497, 514, 489, 502, 446, 469, 564, 540, 413, 447, 541, 506, 445, 451, 567, 562, 537, 551, 621, 555, 487, 529, 534, 565, 577, 589, 530, 542, 484, 536, 530, 504, 560, 574, 608, 655, 575, 527, 511, 519, 518, 541, 592, 538, 485, 562, 546, 566, 483, 510, 636, 567, 536, 589, 598, 512, 529, 463, 485, 562, 531, 494, 487, 636, 641, 487, 510, 565, 560, 559, 525, 516, 503, 479, 488, 419, 419, 507, 517, 510, 464, 572, 560, 508, 464, 569, 583, 633, 651, 695, 684, 668, 635, 734, 768, 1322, 1757, 2422, 1857, 1156, 1761, 3259, 3071, 3124, 4188, 6190, 4632, 2173, 4092, 8586, 8230, 3553, 4596, 7061, 5512, 2406, 4593, 10127, 9816, 2178, 2522, 3952, 3303, 1583, 2704, 5933, 5790, 1356, 1283, 1800, 1665, 1110, 1534, 2899, 2793, 846, 758, 847, 886, 817, 969, 1417, 1299, 1111, 1627, 1686, 1126, 876, 1702, 2556, 2100, 1648, 3643, 4284, 2407, 1033, 3409, 6215, 5332, 1841, 4967, 6218, 3602, 1256, 4500, 8559, 7409, 1492, 3366, 4337, 2732, 1103, 2901, 5567, 4920, 952, 1097, 1571, 1331, 820, 995, 1899, 1953, 806, 1005, 1389, 1193, 751, 1087, 1894, 1760, 1615, 4034, 4158, 2098, 954, 2676, 4264, 3147, 2929, 7503, 7240, 3218, 1241, 4473, 6872, 4490, 2739, 6336, 5885, 2515, 1420, 3922, 5564, 3478, 1736, 3230, 2924, 1460, 1287, 2173, 2702, 1780, 2466, 4450, 3921, 1592, 1758, 2131, 3040, 1888, 5900, 11144, 9281, 2893, 3791, 4624, 6561, 3272, 7759, 16468, 14369, 4487, 4778, 7041, 10263, 5299, 5804, 12869, 11571, 4170, 3251, 6505, 9605, 5843, 3138, 6802, 6398, 2842, 1686, 4440, 6737, 4488, 2045, 4630, 4613, 2256, 1106, 2854, 4483, 3366, 2093, 3672, 3416, 1887, 1177, 2398, 3472, 2584, 2052, 3222, 2696, 1364, 1150, 2025, 2616, 1791, 1320, 1907, 1677, 867, 832, 1187, 1436, 1070, 960, 1133, 966, 663, 662, 790, 944, 864, 842, 950, 844, 625, 635, 740, 882, 843, 791, 988, 818, 547, 687, 816, 840, 703, 860, 1230, 1106, 755, 840, 848, 959, 799, 1567, 2214, 1812, 1081, 1239, 1226, 1202, 1011, 2694, 3787, 3284, 1947, 2030, 2165, 1724, 1694, 6034, 7647, 8030, 6059, 4034, 5229, 5399, 4688, 11138, 13996, 15487, 12074, 6400, 10382, 10669, 8135, 9858, 11975, 13767, 10437, 5694, 9559, 9008, 6721, 4619, 5674, 6270, 4592, 2889, 4456, 3866, 2940, 1846, 1994, 2001, 1813, 1236, 1590, 1581, 1268, 957, 1933, 2424, 1686, 898, 1300, 1247, 1072, 1137, 2376, 2442, 1309, 758, 1019, 1254, 996, 1245, 1934, 1761, 905, 829, 961, 1187, 925, 948, 1146, 1097, 854, 694, 737, 896, 923, 916, 1201, 1201, 880, 666, 897, 1214, 1083, 851, 1362, 1343, 912, 723, 1009, 1289, 1108, 796, 974, 1067, 836, 712, 842, 1106, 988, 876, 895, 995, 1001, 794, 727, 949, 927, 861, 746, 872, 927, 749, 738, 785, 889, 797, 712, 940, 941, 775, 756, 834, 876, 783, 804, 1034, 1080, 803, 695, 957, 930, 854, 1006, 970, 868, 814, 819, 902, 851, 656, 731, 798, 728, 678, 766, 695, 707, 652, 677, 827, 786, 631, 759, 835, 726, 648, 758, 940, 829, 704, 829, 828, 749, 622, 721, 793, 710, 655, 725, 736, 652, 723, 720, 741, 637, 662, 777, 686, 714, 719, 788, 753, 689, 860, 833, 742, 773, 675, 824, 759, 672, 827, 810, 680, 662, 538, 599, 668, 712, 688, 643, 710, 672, 1242, 963, 1055, 1408, 1224, 769, 1339, 1549, 2194, 1079, 1578, 2483, 2262, 872, 2201, 3046, 1789, 1032, 1415, 2000, 1783, 887, 1855, 2458, 1136, 911, 951, 1147, 1110, 818, 1037, 1251, 1186, 981, 830, 1058, 1167, 947, 1009, 1148, 1222, 920, 763, 875, 989, 831, 855, 1192, 1060, 787, 805, 950, 826, 711, 820, 1024, 878, 723, 723, 845, 737, 658, 765, 880, 723, 649, 737, 799, 744, 661, 672, 678, 852, 728, 807, 876, 777, 767, 688, 769, 906, 734, 741, 947, 857, 732, 839, 961, 656, 646, 648, 758, 713, 682, 714, 653, 567, 590, 709, 712, 598, 562, 701, 688, 696, 580, 557, 724, 805, 667, 633, 770, 768, 583, 552, 732, 844, 690, 633, 844, 689, 671, 764, 699, 588, 533, 823, 938, 890, 959, 1241, 968, 743, 761, 1355, 1488, 945, 1043, 1542, 1551, 1008, 1022, 1729, 1602, 1309, 962, 1431, 1737, 1292, 991, 1953, 2107, 1632, 783, 1260, 1533, 1411, 786, 1901, 2469, 1714, 893, 1200, 1453, 1360, 877, 2260, 2773, 853, 849, 1016, 856, 844, 882, 1480, 1496, 1289, 1443, 1442, 1174, 1178, 1152, 1601, 1508, 1717, 1463, 1281, 1340, 1419, 1257, 1684, 2066, 1547, 1287, 1265, 1256, 1230, 1216, 1657, 2020, 1256, 1075, 1254, 1071, 894, 1088, 1594, 1770, 997, 812, 980, 840, 748, 1008, 1400, 1377, 697, 794, 839, 704, 597, 883, 1212, 984, 691, 810, 834, 744, 727, 834, 1072, 927, 873, 797, 815, 781, 651, 805, 915, 806, 882, 814, 781, 711, 601, 675, 815, 804, 622, 642, 721, 608, 546, 602, 707, 659, 635, 589, 681, 625, 539, 602, 677, 702, 702, 650, 822, 690, 552, 615, 812, 861, 810, 694, 815, 640, 634, 618, 841, 1042, 679, 692, 687, 564, 576, 603, 754, 767, 597, 730, 641, 506, 585, 721, 705, 560, 541, 695, 645, 467, 502, 614, 640, 528, 608, 668, 576, 487, 503, 621, 602, 532, 583, 627, 591, 534, 427, 499, 558, 512, 528, 486, 542, 498, 529, 548, 435, 506]"
-0.6743972897529602,0.7476711273193359,0.17918948829174042,-0.1176140308380127,1.0522218942642212,0.2523716390132904,0.4817006587982178,-0.5051443576812744,0.52642822265625,26.0,-0.4360506534576416,0.3829479217529297,28.75,-0.4157373905181885,0.31113624572753906,24.0,-0.3044435977935791,0.0,19.0,0.8209397792816162,0.2766609191894531,15.75,"[468, 632, 666, 577, 579, 570, 665, 625, 527, 543, 589, 589, 696, 610, 582, 620, 569, 601, 518, 514, 583, 575, 574, 601, 627, 657, 561, 432, 514, 525, 521, 546, 633, 522, 487, 526, 558, 472, 529, 653, 550, 564, 528, 534, 525, 480, 449, 554, 531, 557, 559, 608, 595, 464, 445, 512, 520, 593, 551, 571, 599, 519, 478, 453, 534, 597, 541, 468, 448, 533, 539, 476, 561, 547, 618, 564, 493, 534, 567, 602, 615, 621, 600, 603, 587, 594, 519, 549, 549, 531, 541, 485, 571, 608, 567, 557, 563, 481, 543, 613, 571, 620, 633, 558, 565, 555, 532, 623, 565, 565, 577, 569, 531, 602, 561, 518, 598, 663, 595, 549, 592, 637, 660, 559, 444, 513, 504, 534, 518, 592, 575, 476, 540, 536, 456, 494, 673, 630, 579, 647, 689, 674, 556, 570, 631, 602, 551, 566, 649, 623, 519, 590, 538, 557, 535, 556, 551, 493, 495, 521, 578, 602, 486, 572, 572, 480, 561, 557, 615, 651, 547, 572, 624, 571, 584, 624, 501, 593, 565, 474, 473, 573, 551, 506, 570, 581, 579, 523, 546, 557, 511, 503, 607, 530, 539, 546, 600, 549, 573, 616, 617, 480, 497, 622, 627, 610, 649, 700, 601, 488, 526, 654, 639, 565, 580, 663, 533, 489, 583, 573, 623, 563, 532, 542, 1124, 1650, 1836, 1254, 806, 1103, 1738, 1651, 4155, 7709, 8955, 5251, 2021, 4623, 8574, 7809, 6289, 13515, 16027, 9235, 2787, 7999, 15096, 13564, 4280, 10396, 12296, 7077, 2092, 6065, 11207, 9871, 1633, 4039, 4764, 2820, 1047, 2423, 4241, 3608, 1001, 1607, 1785, 1194, 711, 1168, 1927, 1726, 958, 1423, 1715, 1241, 711, 951, 1712, 1799, 910, 1339, 1724, 1306, 770, 928, 1577, 1607, 1014, 1456, 1730, 1262, 785, 1182, 1801, 1661, 1181, 2411, 2964, 1825, 829, 1529, 2932, 2697, 1265, 2268, 2422, 1479, 829, 1461, 2405, 2015, 1129, 1604, 1742, 1157, 852, 1319, 1709, 1459, 985, 1514, 1744, 1117, 634, 929, 1483, 1397, 1550, 2697, 2433, 1253, 859, 1573, 2233, 1631, 1641, 2897, 2474, 1122, 968, 1752, 2280, 1440, 1265, 2436, 2302, 1135, 859, 1229, 1744, 1253, 1699, 3340, 2952, 1223, 1113, 1212, 1679, 1107, 1617, 3149, 2758, 1111, 1212, 1367, 1698, 987, 2434, 5877, 5586, 2069, 1720, 2379, 3518, 2223, 4030, 9311, 8530, 2858, 2725, 3551, 5278, 2975, 3728, 6952, 5911, 2166, 2186, 2959, 3843, 2391, 2114, 2956, 2398, 1367, 1254, 1443, 1824, 1625, 1661, 3214, 2979, 1413, 993, 1742, 2612, 1831, 1637, 3210, 3195, 1643, 910, 1603, 2890, 2475, 1534, 2864, 2659, 1258, 825, 1605, 2470, 1869, 1101, 1891, 1732, 909, 781, 1091, 1430, 1010, 1155, 1756, 1451, 801, 1050, 991, 992, 743, 1410, 2268, 1935, 868, 1361, 1512, 1219, 853, 2247, 3031, 2855, 1435, 2040, 2752, 1876, 1235, 3562, 3795, 3650, 2241, 2648, 3819, 2597, 1907, 3732, 4481, 4105, 2186, 2833, 4224, 2933, 1955, 4775, 5639, 4527, 3590, 3262, 5024, 4362, 2899, 4604, 5580, 6512, 4646, 3160, 6109, 5046, 3416, 2266, 3415, 4331, 2614, 2218, 3898, 2921, 1915, 1029, 1588, 1798, 1168, 1054, 1584, 1361, 1066, 1041, 1944, 2077, 1237, 905, 1511, 1238, 944, 1059, 2185, 2359, 1350, 959, 1394, 1209, 1106, 1287, 2102, 2134, 1270, 958, 1063, 1160, 1177, 1070, 1723, 1853, 1199, 879, 1056, 1041, 999, 870, 1104, 957, 723, 781, 1018, 863, 707, 909, 1312, 1121, 752, 909, 1121, 890, 591, 959, 1279, 1133, 795, 941, 1047, 889, 696, 870, 1119, 1035, 818, 886, 870, 741, 654, 1101, 1681, 1472, 859, 959, 983, 935, 699, 1200, 1778, 1414, 748, 940, 902, 945, 630, 937, 1306, 1078, 709, 777, 870, 897, 716, 793, 1021, 802, 656, 676, 714, 801, 638, 722, 821, 724, 702, 651, 654, 760, 653, 760, 740, 591, 612, 663, 773, 736, 626, 860, 873, 721, 669, 804, 851, 688, 695, 741, 805, 906, 876, 772, 650, 645, 711, 1022, 1106, 1135, 1094, 1012, 812, 981, 982, 1191, 1106, 1018, 1103, 964, 817, 1027, 1124, 1273, 1230, 950, 987, 980, 805, 923, 1103, 1398, 1355, 1055, 1122, 1082, 906, 928, 1121, 1071, 1234, 1049, 913, 872, 786, 837, 872, 791, 981, 897, 772, 679, 647, 757, 734, 726, 898, 859, 693, 687, 686, 722, 708, 691, 777, 743, 613, 628, 650, 734, 745, 510, 640, 745, 651, 635, 684, 704, 720, 550, 692, 645, 513, 552, 574, 608, 602, 726, 838, 754, 712, 616, 707, 765, 664, 876, 790, 830, 1056, 939, 824, 950, 826, 1139, 964, 971, 1175, 991, 954, 1183, 1132, 1320, 1031, 899, 1215, 1026, 1053, 1284, 1357, 1218, 936, 762, 1042, 1008, 881, 954, 1168, 888, 860, 807, 903, 852, 787, 816, 809, 796, 774, 658, 736, 712, 709, 756, 744, 878, 792, 734, 870, 851, 758, 837, 856, 855, 898, 788, 833, 862, 830, 859, 876, 770, 772, 822, 768, 744, 676, 794, 850, 773, 761, 760, 739, 623, 602, 701, 693, 805, 811, 675, 716, 657, 746, 844, 790, 993, 908, 963, 906, 683, 868, 960, 939, 902, 831, 752, 714, 748, 764, 683, 726, 836, 857, 961, 1015, 804, 898, 1142, 1051, 982, 973, 1343, 1115, 805, 934, 1856, 1900, 1011, 1006, 1269, 1017, 855, 795, 1758, 1857, 1074, 874, 995, 850, 820, 763, 1491, 1696, 1323, 1022, 1358, 1163, 1021, 910, 1851, 2184, 1112, 1215, 1619, 1286, 924, 1019, 2031, 2162, 1002, 1182, 1483, 1276, 953, 966, 1698, 1675, 906, 969, 1087, 1011, 808, 836, 1178, 1124, 1187, 1007, 898, 1069, 875, 859, 936, 918, 1303, 1080, 1022, 1118, 766, 1010, 1080, 1054, 1232, 1183, 1318, 1123, 828, 1088, 1491, 1435, 1131, 1044, 1158, 1068, 821, 947, 1466, 1527, 927, 869, 1041, 1033, 848, 857, 1064, 1174, 691, 856, 959, 839, 715, 691, 707, 720, 714, 909, 1074, 884, 709, 746, 835, 887, 643, 876, 968, 784, 694, 636, 920, 860, 704, 731, 891, 883, 693, 589, 848, 808, 713, 803, 940, 860, 581, 706, 784, 914, 706, 669, 788, 693, 528, 658, 792, 828, 640, 579, 647, 567, 430, 577, 686, 691, 659, 504, 469, 549, 551, 558, 560, 627, 550, 508, 495, 530, 569, 547, 570, 582, 572, 553, 586, 531, 550, 544, 552, 575, 489, 472, 516, 469, 465, 506, 533, 539, 420, 387, 400, 424, 446, 508, 450, 438]"
-0.6970592737197876,0.9390987753868103,-0.1117461621761322,-0.1325785219669342,1.0771441459655762,-0.05496332049369812,0.39196115732192993,-0.31179511547088623,0.4959583282470703,18.75,-0.23626410961151123,-0.5225658416748047,25.75,-0.22982680797576904,-0.2795219421386719,20.25,-0.18419349193572998,-0.40526390075683594,18.25,0.013360142707824707,0.16222000122070312,22.0,"[418, 596, 715, 584, 516, 593, 717, 593, 503, 510, 546, 567, 591, 634, 688, 601, 547, 573, 550, 611, 666, 678, 609, 497, 538, 521, 456, 547, 552, 524, 528, 468, 442, 568, 627, 569, 454, 517, 542, 408, 471, 600, 628, 542, 493, 618, 627, 437, 441, 516, 571, 473, 488, 568, 548, 463, 468, 494, 517, 470, 462, 508, 484, 518, 522, 485, 431, 512, 479, 469, 496, 459, 502, 495, 508, 569, 567, 535, 534, 505, 495, 420, 517, 542, 423, 479, 550, 537, 511, 427, 446, 500, 471, 513, 527, 527, 493, 423, 460, 538, 511, 523, 513, 476, 508, 460, 471, 571, 523, 536, 547, 514, 512, 539, 595, 535, 493, 547, 496, 462, 558, 470, 497, 535, 603, 575, 486, 523, 471, 480, 523, 546, 561, 532, 532, 531, 499, 440, 573, 623, 561, 617, 667, 626, 599, 532, 543, 567, 566, 589, 630, 673, 690, 638, 529, 570, 573, 541, 524, 587, 594, 594, 628, 577, 497, 478, 584, 572, 517, 580, 660, 602, 500, 424, 532, 513, 488, 548, 547, 489, 504, 533, 549, 536, 530, 511, 555, 557, 555, 601, 587, 654, 554, 544, 499, 506, 548, 534, 530, 560, 557, 654, 600, 519, 608, 546, 509, 474, 580, 649, 677, 656, 601, 512, 543, 564, 520, 588, 572, 518, 451, 419, 447, 454, 727, 996, 923, 664, 708, 665, 674, 683, 1357, 2953, 3045, 1460, 1086, 1710, 1654, 1069, 1802, 5263, 5875, 2816, 1532, 2982, 2829, 2041, 1410, 4379, 5028, 2456, 1379, 2441, 2405, 1939, 1025, 2932, 3190, 1511, 991, 1654, 1847, 1454, 2696, 7767, 8423, 4262, 1566, 3348, 6226, 4928, 8310, 23611, 24498, 11519, 4007, 11032, 19659, 14594, 10367, 30877, 31171, 13805, 4404, 15837, 26876, 18890, 5605, 16581, 16027, 6504, 2266, 9387, 15052, 9859, 1668, 3762, 3347, 1299, 862, 2713, 3632, 1960, 1123, 1396, 1234, 819, 848, 1159, 1201, 921, 865, 1228, 1172, 737, 825, 984, 1067, 752, 829, 1201, 1091, 668, 647, 669, 933, 848, 913, 1206, 955, 598, 708, 690, 787, 606, 780, 914, 774, 725, 768, 794, 764, 598, 756, 1094, 1126, 766, 677, 865, 910, 669, 1868, 3632, 3102, 962, 1681, 1769, 1685, 903, 6108, 11994, 10005, 2279, 4892, 5301, 5491, 2368, 8179, 16159, 13762, 3568, 6457, 7275, 7441, 3487, 5356, 10472, 9216, 3145, 4286, 5010, 5044, 2787, 2701, 4920, 4249, 1873, 2150, 2569, 2412, 1540, 1425, 2165, 1653, 855, 1281, 1350, 1214, 899, 1134, 1463, 1052, 730, 952, 964, 889, 820, 1144, 1420, 1027, 640, 919, 901, 797, 712, 1036, 1401, 1098, 597, 851, 882, 682, 541, 1089, 1406, 1084, 846, 980, 953, 786, 599, 2595, 3063, 2712, 2068, 2046, 2836, 2306, 866, 3487, 4613, 4194, 2815, 2757, 3980, 3273, 1045, 3266, 4897, 4097, 2195, 2736, 3269, 2441, 1269, 3453, 5542, 4841, 1994, 3012, 3552, 2100, 1562, 3000, 4534, 4021, 1923, 2326, 3099, 1886, 1530, 2032, 2867, 2548, 1549, 1488, 2123, 1564, 1048, 1305, 1862, 1874, 1178, 1121, 1595, 1198, 870, 1154, 1563, 1469, 929, 1108, 1215, 800, 763, 873, 1100, 1237, 831, 820, 934, 930, 822, 743, 948, 1108, 914, 791, 898, 835, 726, 824, 1071, 947, 738, 844, 911, 824, 616, 878, 1009, 736, 632, 779, 845, 838, 604, 780, 930, 687, 685, 768, 667, 708, 546, 750, 878, 806, 686, 712, 675, 739, 612, 1154, 1339, 1004, 674, 841, 765, 833, 749, 1159, 1350, 967, 768, 943, 741, 724, 725, 930, 993, 825, 706, 781, 646, 626, 639, 740, 795, 657, 593, 718, 704, 624, 561, 733, 795, 738, 666, 734, 735, 651, 605, 734, 836, 888, 754, 723, 747, 739, 707, 700, 823, 781, 642, 676, 700, 657, 593, 706, 789, 723, 628, 620, 669, 583, 586, 727, 819, 745, 667, 733, 686, 558, 567, 779, 800, 815, 721, 745, 753, 613, 686, 842, 921, 847, 773, 860, 929, 792, 758, 862, 996, 745, 818, 1040, 1001, 889, 706, 840, 896, 683, 725, 872, 936, 780, 630, 800, 966, 904, 783, 929, 1103, 873, 625, 707, 875, 988, 839, 842, 993, 831, 614, 772, 820, 815, 764, 799, 921, 816, 667, 749, 694, 677, 719, 676, 862, 825, 618, 724, 732, 714, 688, 694, 718, 727, 641, 784, 712, 705, 745, 716, 692, 730, 689, 799, 790, 773, 777, 728, 792, 833, 770, 724, 755, 640, 645, 595, 661, 681, 617, 629, 717, 636, 580, 574, 676, 666, 587, 689, 805, 737, 644, 560, 676, 807, 704, 635, 661, 629, 615, 622, 665, 737, 657, 899, 954, 805, 745, 792, 975, 1036, 909, 1463, 1312, 1000, 852, 969, 1394, 1615, 1519, 1416, 1200, 924, 818, 766, 1145, 1377, 1416, 1100, 804, 825, 905, 658, 966, 1041, 1056, 824, 621, 823, 929, 551, 814, 979, 852, 965, 965, 929, 943, 782, 895, 956, 824, 1089, 1092, 908, 931, 862, 980, 1000, 917, 913, 927, 876, 809, 692, 912, 895, 835, 773, 733, 788, 764, 659, 818, 773, 773, 1102, 891, 757, 852, 780, 910, 876, 1055, 1157, 858, 704, 957, 832, 873, 911, 1085, 781, 763, 732, 806, 811, 763, 764, 700, 956, 1188, 1240, 1022, 937, 1143, 1933, 1780, 1617, 1912, 2240, 1662, 1370, 1641, 3546, 3563, 1584, 1942, 2304, 2028, 1509, 1678, 3264, 3100, 1303, 1272, 1408, 1301, 945, 999, 1655, 1603, 1107, 1325, 1220, 1048, 752, 1135, 1404, 1114, 1034, 1124, 1134, 1079, 894, 1130, 1279, 1118, 966, 913, 959, 991, 857, 949, 1264, 1190, 947, 965, 1135, 946, 779, 1052, 1564, 1456, 775, 989, 1149, 985, 747, 936, 1410, 1278, 1068, 1135, 1062, 1118, 869, 988, 1552, 1311, 1426, 1193, 867, 1330, 1036, 945, 1386, 1277, 1301, 756, 1060, 1334, 800, 993, 1318, 1422, 926, 671, 939, 909, 659, 759, 925, 995, 727, 730, 991, 1016, 660, 756, 1007, 923, 837, 747, 810, 881, 727, 768, 923, 1007, 646, 680, 914, 843, 609, 806, 1160, 1055, 552, 705, 941, 785, 541, 736, 1200, 1142, 700, 627, 759, 634, 591, 602, 829, 966, 691, 578, 560, 555, 583, 509, 597, 706, 517, 611, 692, 591, 555, 657, 647, 593, 543, 615, 612, 454, 518, 657, 642, 601, 533, 497, 516, 538, 544, 578, 620, 589, 471, 510, 598, 572, 429, 551, 642, 568, 424, 537, 625, 475, 408, 476, 599, 574]"
-0.6005333662033081,0.6758441925048828,-0.28333762288093567,0.05392366647720337,0.5322426557540894,-0.1886850893497467,0.47408509254455566,-0.9714680314064026,1.4157772064208984,19.5,-0.16566091775894165,-0.3436088562011719,-27.0,-0.16494566202163696,-0.3417491912841797,-31.25,-0.14892393350601196,-0.3071308135986328,-30.25,-0.08312040567398071,-0.11730194091796875,22.25,"[546, 567, 563, 595, 687, 596, 565, 567, 515, 659, 628, 656, 624, 572, 642, 571, 598, 596, 558, 581, 589, 552, 594, 607, 524, 524, 475, 480, 597, 617, 525, 476, 580, 570, 473, 444, 565, 540, 517, 545, 564, 488, 478, 478, 503, 601, 539, 473, 506, 526, 524, 564, 518, 569, 544, 460, 552, 572, 538, 531, 598, 545, 488, 493, 498, 468, 449, 518, 530, 515, 477, 505, 550, 529, 496, 484, 519, 552, 536, 549, 632, 623, 517, 462, 553, 642, 519, 492, 535, 501, 526, 530, 541, 509, 494, 515, 493, 509, 647, 555, 507, 595, 584, 570, 562, 632, 677, 583, 511, 678, 631, 548, 537, 534, 628, 674, 574, 560, 599, 499, 444, 513, 534, 565, 540, 530, 545, 467, 503, 564, 528, 510, 550, 501, 563, 594, 550, 603, 540, 532, 552, 563, 547, 517, 626, 593, 551, 651, 640, 555, 557, 571, 652, 588, 562, 640, 639, 517, 528, 532, 560, 616, 579, 483, 487, 529, 489, 462, 622, 667, 571, 536, 586, 602, 567, 550, 466, 583, 515, 381, 485, 595, 575, 481, 542, 568, 597, 524, 550, 559, 558, 549, 575, 512, 540, 528, 567, 550, 566, 590, 549, 480, 512, 502, 421, 464, 537, 558, 530, 506, 518, 477, 440, 469, 517, 495, 557, 469, 526, 515, 521, 535, 511, 521, 567, 559, 509, 478, 494, 487, 470, 548, 569, 582, 514, 573, 517, 472, 503, 482, 640, 784, 769, 679, 610, 674, 646, 532, 2442, 5331, 4802, 1559, 1923, 2690, 3095, 1517, 11427, 23767, 20350, 5445, 7399, 9498, 13933, 6173, 19032, 38662, 32681, 8623, 11453, 15420, 22434, 9729, 13113, 25911, 21790, 5886, 7269, 10337, 14547, 6167, 3734, 7191, 6118, 2059, 1931, 2833, 3713, 1774, 1564, 2403, 1975, 867, 1034, 1027, 1107, 820, 1119, 1954, 1854, 935, 903, 1136, 969, 669, 747, 1501, 1681, 1056, 761, 968, 794, 850, 781, 974, 1129, 907, 699, 830, 712, 742, 874, 934, 879, 737, 728, 763, 722, 689, 833, 1267, 1162, 737, 771, 992, 910, 683, 1494, 2859, 2568, 954, 1104, 1466, 1559, 975, 5565, 11087, 9561, 2719, 3759, 5236, 5762, 2780, 12454, 25855, 23112, 6626, 9675, 13378, 11601, 5351, 14367, 30655, 28171, 8703, 11892, 16225, 12187, 6062, 8569, 18569, 17285, 5762, 7169, 9428, 7115, 3920, 3729, 7056, 6047, 1905, 2872, 3178, 2872, 1594, 2278, 3691, 2880, 983, 1718, 1693, 1570, 825, 1626, 2396, 1978, 1078, 1331, 1238, 1255, 821, 1435, 1829, 1299, 885, 1257, 1179, 991, 675, 940, 1210, 1054, 816, 929, 951, 799, 759, 640, 813, 826, 667, 634, 761, 677, 598, 1063, 1292, 979, 933, 1187, 1040, 773, 631, 2942, 4399, 3338, 1611, 3068, 2898, 1452, 912, 7603, 11432, 8451, 2433, 7073, 7040, 3014, 2105, 8578, 12828, 9475, 2841, 7999, 7658, 3221, 2569, 4305, 6219, 4668, 2130, 4211, 3880, 1931, 1695, 2452, 2791, 1807, 1681, 1945, 1782, 1349, 1255, 1424, 1679, 1279, 980, 1043, 1100, 1027, 964, 1131, 1574, 1323, 658, 898, 1073, 839, 729, 1128, 1601, 1239, 693, 939, 1036, 900, 686, 1342, 1617, 1139, 836, 1065, 1025, 900, 764, 1332, 1612, 1146, 694, 858, 973, 1008, 745, 1257, 1514, 1109, 702, 834, 932, 977, 742, 1136, 1324, 954, 653, 978, 945, 812, 718, 887, 1118, 1007, 737, 976, 911, 841, 711, 765, 1047, 915, 680, 671, 732, 767, 637, 788, 1030, 886, 681, 699, 718, 713, 542, 723, 746, 644, 702, 712, 624, 647, 609, 774, 681, 463, 656, 599, 549, 576, 587, 791, 805, 671, 688, 646, 554, 637, 601, 766, 875, 777, 682, 673, 529, 654, 681, 756, 827, 769, 655, 678, 629, 634, 731, 688, 729, 705, 668, 606, 655, 656, 594, 719, 822, 733, 739, 805, 739, 615, 582, 792, 1030, 849, 766, 1011, 1113, 885, 674, 1189, 1358, 913, 994, 1390, 1345, 1020, 839, 981, 1093, 802, 944, 1123, 1010, 834, 803, 613, 833, 789, 630, 716, 836, 767, 642, 586, 680, 740, 664, 577, 542, 565, 585, 603, 600, 658, 708, 654, 617, 648, 633, 562, 596, 659, 642, 569, 586, 613, 542, 571, 610, 703, 672, 601, 545, 571, 547, 551, 631, 584, 560, 530, 541, 534, 464, 580, 656, 669, 533, 516, 640, 628, 533, 679, 631, 714, 628, 589, 723, 650, 593, 657, 683, 767, 734, 703, 775, 688, 643, 659, 609, 644, 744, 708, 685, 673, 673, 633, 613, 636, 664, 700, 590, 669, 646, 527, 608, 697, 690, 562, 534, 660, 595, 567, 683, 757, 808, 630, 603, 680, 618, 639, 1038, 965, 811, 707, 766, 822, 694, 914, 1223, 1074, 761, 881, 1037, 929, 824, 931, 1002, 864, 748, 828, 924, 908, 880, 675, 704, 699, 710, 718, 782, 791, 687, 562, 660, 727, 714, 591, 623, 689, 506, 553, 601, 730, 714, 606, 610, 570, 501, 730, 782, 837, 825, 828, 721, 569, 638, 712, 793, 844, 708, 694, 733, 662, 640, 725, 760, 690, 736, 590, 701, 726, 648, 798, 738, 735, 817, 636, 727, 768, 717, 774, 754, 738, 723, 736, 783, 766, 730, 671, 656, 743, 715, 607, 773, 754, 729, 640, 921, 981, 770, 678, 972, 1326, 1071, 1317, 2073, 2337, 1409, 929, 1805, 3123, 2869, 1805, 2729, 3218, 1928, 1298, 1964, 3828, 3761, 1503, 1856, 2191, 1496, 1152, 1318, 2438, 2537, 988, 1114, 1291, 1086, 779, 907, 1434, 1469, 794, 853, 1015, 952, 699, 751, 1087, 1178, 611, 700, 789, 742, 750, 712, 875, 888, 652, 536, 682, 700, 635, 635, 773, 892, 736, 873, 911, 755, 630, 766, 965, 905, 1025, 1254, 1154, 845, 761, 895, 945, 857, 1055, 1016, 862, 807, 781, 791, 703, 791, 811, 949, 852, 781, 775, 713, 904, 865, 990, 1321, 1236, 843, 853, 1181, 1250, 984, 1033, 1694, 1445, 611, 778, 1182, 1373, 916, 783, 1107, 1171, 787, 678, 708, 915, 964, 709, 729, 1126, 900, 597, 634, 777, 957, 781, 769, 1139, 985, 613, 689, 1061, 1184, 632, 772, 1129, 1013, 672, 705, 1036, 1085, 597, 683, 1039, 908, 543, 640, 818, 856, 532, 640, 682, 601, 529, 596, 632, 552, 606, 558, 524, 507, 579, 532, 470, 606, 452, 430, 507, 513, 525, 550, 536, 512, 375, 435, 524, 493, 470, 437, 472, 462, 435, 432, 597, 563, 435, 470, 414, 492]"
-0.4957265257835388,0.5714936852455139,-0.35805073380470276,0.33791249990463257,0.35664480924606323,-0.318706750869751,0.7766621708869934,-0.9334145188331604,1.444244384765625,19.75,-0.09728056192398071,-0.28738975524902344,21.75,-0.026184141635894775,-0.10972023010253906,19.75,0.04205125570297241,-0.07524490356445312,16.0,0.3242911696434021,-0.25277137756347656,19.75,"[520, 703, 791, 653, 645, 657, 798, 700, 508, 553, 653, 656, 623, 580, 667, 682, 474, 514, 558, 472, 500, 596, 546, 524, 522, 608, 568, 495, 477, 533, 460, 424, 430, 512, 538, 460, 422, 461, 539, 433, 437, 502, 483, 472, 455, 503, 531, 465, 499, 615, 605, 540, 584, 618, 508, 478, 470, 585, 559, 494, 535, 572, 521, 460, 454, 533, 533, 545, 568, 503, 475, 515, 570, 561, 538, 592, 536, 492, 570, 588, 606, 582, 604, 563, 535, 545, 524, 565, 608, 502, 487, 458, 524, 547, 475, 582, 602, 497, 490, 459, 476, 505, 502, 607, 505, 419, 499, 524, 498, 495, 519, 579, 503, 432, 529, 516, 474, 519, 542, 570, 568, 536, 541, 590, 532, 589, 584, 544, 466, 478, 547, 563, 498, 622, 646, 482, 548, 523, 580, 634, 541, 562, 617, 565, 564, 474, 493, 568, 645, 586, 524, 591, 545, 588, 498, 485, 678, 712, 654, 574, 556, 515, 457, 433, 567, 638, 597, 566, 549, 526, 514, 468, 465, 577, 512, 514, 590, 592, 559, 574, 473, 538, 556, 522, 546, 664, 661, 567, 550, 566, 544, 482, 540, 613, 559, 504, 447, 549, 625, 529, 508, 558, 566, 478, 452, 493, 564, 535, 602, 672, 563, 449, 418, 488, 514, 499, 564, 579, 538, 460, 507, 564, 471, 502, 600, 621, 572, 503, 578, 626, 598, 544, 1007, 1615, 1443, 628, 1045, 1251, 1085, 658, 2126, 4566, 4402, 1624, 1973, 2854, 2343, 1151, 2749, 6602, 6613, 2510, 2440, 3886, 3136, 1726, 2026, 5135, 5337, 2247, 1883, 3117, 2625, 1563, 1135, 3073, 3595, 1916, 1253, 1896, 1437, 1201, 1009, 2155, 2408, 1319, 943, 1353, 1030, 981, 947, 1496, 1378, 661, 846, 1039, 915, 729, 801, 1239, 1124, 669, 700, 808, 828, 610, 994, 1537, 1444, 799, 850, 1094, 975, 695, 1649, 2642, 2323, 1118, 1218, 1325, 1429, 1097, 3319, 3965, 2638, 1912, 2154, 1780, 1600, 1705, 9269, 16232, 12746, 2785, 6292, 6277, 7075, 2675, 9697, 18160, 14836, 3268, 6487, 6771, 8122, 2902, 3916, 7297, 6062, 1693, 2740, 3010, 3385, 1381, 1498, 2684, 2419, 1079, 1384, 1529, 1361, 922, 2327, 4402, 3799, 1305, 2204, 2435, 1775, 1055, 1929, 3753, 3332, 1301, 1891, 2063, 1737, 1194, 1250, 2008, 1732, 734, 1166, 1292, 1337, 894, 972, 1402, 1231, 643, 1022, 1096, 950, 679, 988, 1297, 1163, 748, 835, 953, 799, 643, 917, 1134, 930, 744, 789, 847, 721, 606, 857, 1028, 824, 717, 787, 797, 615, 589, 683, 718, 783, 753, 820, 691, 600, 622, 1079, 1131, 866, 696, 926, 880, 665, 663, 3322, 4217, 2786, 1291, 2788, 2675, 1741, 1079, 6315, 8387, 5420, 2233, 5437, 5063, 3117, 1942, 6114, 8453, 5679, 2058, 5032, 5088, 3330, 2050, 3386, 4586, 3152, 1792, 2918, 2954, 1980, 1425, 1546, 1983, 1477, 1138, 1589, 1583, 1158, 957, 1207, 1533, 1211, 815, 1268, 1244, 928, 838, 846, 918, 834, 671, 805, 755, 559, 625, 687, 888, 822, 686, 703, 715, 704, 586, 802, 1018, 897, 781, 888, 802, 656, 538, 777, 890, 773, 840, 928, 808, 715, 639, 732, 832, 781, 627, 745, 781, 698, 580, 706, 831, 680, 589, 709, 663, 675, 590, 782, 823, 698, 552, 766, 661, 589, 586, 634, 806, 755, 553, 690, 699, 623, 557, 656, 801, 751, 548, 661, 715, 632, 651, 794, 872, 680, 494, 700, 710, 528, 595, 702, 878, 761, 710, 718, 666, 575, 546, 664, 718, 719, 789, 698, 715, 676, 541, 513, 738, 811, 712, 642, 837, 763, 593, 548, 622, 642, 626, 619, 703, 619, 515, 640, 660, 665, 744, 745, 706, 686, 655, 646, 855, 795, 711, 714, 786, 840, 637, 678, 851, 914, 789, 749, 889, 858, 677, 736, 793, 895, 827, 788, 895, 877, 640, 579, 829, 885, 776, 868, 844, 747, 599, 733, 749, 716, 678, 809, 801, 688, 703, 786, 823, 622, 634, 741, 814, 716, 584, 858, 712, 645, 740, 728, 790, 730, 614, 850, 740, 762, 733, 686, 763, 632, 690, 643, 726, 755, 676, 646, 659, 590, 587, 558, 616, 702, 710, 662, 640, 632, 634, 722, 782, 744, 637, 705, 644, 638, 710, 654, 674, 684, 680, 663, 625, 644, 709, 626, 670, 667, 658, 575, 579, 648, 684, 723, 688, 674, 700, 585, 616, 657, 689, 684, 690, 639, 588, 539, 628, 630, 655, 720, 735, 666, 576, 576, 801, 808, 661, 621, 683, 688, 613, 617, 732, 744, 586, 616, 675, 621, 627, 649, 628, 642, 545, 625, 660, 607, 565, 560, 687, 666, 582, 719, 820, 623, 728, 843, 872, 814, 687, 825, 922, 765, 672, 756, 873, 868, 793, 746, 806, 791, 580, 662, 920, 966, 785, 701, 709, 948, 869, 662, 1049, 1079, 781, 819, 683, 958, 957, 755, 1082, 1087, 758, 982, 801, 769, 1003, 912, 1011, 831, 669, 1147, 1127, 900, 907, 987, 973, 776, 745, 953, 943, 881, 751, 779, 845, 817, 828, 990, 905, 666, 892, 1095, 1079, 871, 917, 968, 943, 642, 635, 987, 1118, 890, 826, 782, 880, 806, 666, 768, 1031, 800, 598, 658, 817, 779, 647, 743, 803, 535, 435, 766, 753, 700, 702, 664, 663, 679, 656, 792, 796, 753, 745, 724, 638, 581, 590, 532, 630, 652, 626, 638, 682, 700, 619, 631, 615, 669, 782, 812, 847, 836, 689, 786, 934, 1145, 1128, 924, 920, 1107, 1046, 827, 959, 1086, 1012, 828, 762, 911, 854, 824, 772, 756, 903, 720, 702, 874, 829, 812, 782, 833, 841, 601, 652, 798, 873, 922, 853, 730, 728, 717, 767, 712, 761, 1088, 867, 751, 861, 902, 948, 901, 965, 955, 930, 886, 828, 844, 1369, 1268, 865, 948, 943, 1170, 1075, 788, 1300, 1177, 834, 793, 768, 962, 871, 617, 914, 875, 732, 713, 669, 763, 693, 634, 826, 769, 666, 696, 771, 840, 769, 580, 787, 875, 788, 623, 703, 788, 715, 538, 812, 941, 800, 569, 706, 772, 710, 555, 686, 712, 657, 485, 618, 642, 581, 546, 632, 750, 634, 474, 636, 593, 416, 563, 626, 680, 640, 468, 648, 572, 478, 524, 676, 756, 601, 469, 573, 569, 500, 480, 649, 737, 583, 472, 487, 486, 527, 516, 548, 542, 467, 509, 582, 598, 544, 444, 509, 579, 549]"
-0.39583882689476013,0.4687703847885132,-0.33639296889305115,0.5567223429679871,0.11481630802154541,-0.1980004459619522,0.9179330468177795,-0.24238353967666626,1.1272430419921875,21.0,-0.15397793054580688,-0.4627704620361328,15.25,-0.12822872400283813,-0.30312538146972656,18.75,-0.11606937646865845,-0.59051513671875,20.75,-0.0857425332069397,-0.20627975463867188,17.0,"[559, 685, 668, 575, 534, 575, 668, 685, 641, 604, 595, 553, 626, 647, 641, 674, 671, 587, 563, 548, 536, 610, 534, 611, 521, 531, 478, 424, 474, 520, 550, 517, 454, 550, 564, 423, 435, 535, 544, 444, 462, 489, 572, 466, 416, 499, 574, 596, 519, 551, 530, 560, 593, 525, 527, 526, 430, 445, 506, 477, 501, 532, 461, 456, 449, 422, 486, 482, 439, 436, 409, 481, 501, 424, 463, 514, 519, 517, 564, 593, 537, 583, 540, 521, 500, 554, 580, 540, 609, 615, 563, 559, 594, 600, 529, 539, 619, 523, 520, 642, 581, 485, 511, 621, 657, 488, 478, 622, 613, 501, 520, 675, 585, 573, 596, 560, 533, 476, 529, 559, 564, 539, 572, 589, 508, 466, 526, 512, 513, 473, 450, 491, 521, 516, 490, 489, 490, 534, 455, 550, 632, 587, 584, 551, 635, 504, 482, 545, 574, 572, 569, 640, 533, 512, 530, 458, 569, 556, 471, 493, 547, 611, 575, 556, 485, 571, 575, 494, 630, 569, 535, 619, 589, 601, 582, 554, 697, 630, 466, 509, 591, 601, 486, 515, 665, 605, 562, 547, 558, 602, 568, 589, 594, 503, 533, 619, 574, 506, 498, 577, 550, 523, 565, 628, 576, 517, 580, 590, 536, 514, 603, 614, 565, 536, 583, 594, 602, 879, 1045, 775, 689, 927, 825, 608, 1268, 2939, 3063, 1442, 1395, 2136, 1730, 1084, 2084, 4810, 4809, 1926, 2466, 3649, 2599, 1365, 1836, 3947, 3885, 1423, 2297, 3590, 2657, 1099, 1400, 3124, 3137, 1183, 1683, 2688, 2149, 1112, 1076, 2640, 2820, 1285, 1299, 2050, 1633, 1040, 900, 1824, 1959, 975, 993, 1421, 1300, 907, 773, 1258, 1249, 759, 777, 1009, 1030, 733, 2961, 5695, 4827, 1356, 2266, 2776, 2951, 1219, 7231, 15129, 13233, 3718, 4942, 6379, 8371, 3653, 7902, 16605, 14536, 4333, 4787, 7273, 9947, 4389, 4175, 8768, 7619, 2432, 2410, 4537, 5951, 2715, 1457, 2754, 2403, 1009, 1173, 1808, 2116, 1215, 966, 1537, 1428, 859, 1025, 1337, 1139, 673, 847, 1353, 1310, 742, 941, 1200, 1007, 654, 828, 1149, 1033, 668, 871, 972, 807, 676, 823, 1170, 978, 602, 916, 989, 720, 596, 889, 1171, 999, 716, 782, 854, 716, 668, 1165, 1806, 1694, 924, 1207, 1308, 861, 743, 1286, 2118, 1943, 973, 1391, 1551, 1037, 823, 980, 1330, 1241, 838, 1064, 1073, 828, 744, 855, 1013, 888, 802, 998, 952, 702, 646, 1042, 1238, 996, 975, 1222, 1074, 628, 679, 955, 1215, 996, 994, 1253, 1167, 664, 661, 1083, 1197, 975, 893, 1232, 1243, 830, 843, 1404, 1645, 1153, 1095, 1635, 1705, 1166, 943, 3463, 4455, 2921, 1978, 3721, 3513, 1761, 1622, 5834, 8522, 5976, 2684, 6811, 6261, 2693, 2175, 4416, 6723, 4885, 2039, 5235, 4809, 1987, 1595, 1632, 2346, 1722, 1270, 2147, 2142, 1273, 889, 1723, 3037, 2636, 1182, 1948, 2123, 1294, 769, 1177, 1905, 1758, 935, 1325, 1506, 970, 701, 763, 976, 962, 730, 972, 1052, 729, 674, 747, 798, 787, 635, 776, 703, 584, 650, 634, 723, 639, 574, 765, 683, 589, 664, 689, 789, 761, 592, 798, 837, 717, 685, 624, 798, 762, 599, 707, 769, 722, 578, 610, 768, 811, 607, 590, 672, 605, 538, 585, 585, 667, 692, 609, 617, 601, 559, 729, 708, 669, 702, 651, 745, 787, 590, 880, 930, 769, 739, 705, 840, 805, 618, 761, 905, 783, 591, 774, 768, 634, 551, 632, 776, 769, 604, 713, 795, 645, 559, 698, 736, 745, 648, 665, 719, 593, 627, 725, 812, 751, 671, 757, 640, 578, 646, 699, 795, 713, 702, 745, 646, 568, 654, 668, 770, 739, 684, 740, 768, 654, 607, 739, 854, 774, 653, 751, 925, 848, 698, 764, 839, 650, 574, 664, 719, 690, 538, 652, 674, 654, 704, 807, 750, 611, 553, 642, 662, 673, 726, 867, 788, 628, 569, 684, 735, 745, 735, 790, 718, 676, 593, 752, 822, 707, 701, 877, 817, 707, 663, 660, 688, 582, 548, 727, 671, 604, 602, 720, 751, 654, 581, 733, 784, 651, 642, 814, 690, 640, 664, 691, 740, 632, 652, 705, 627, 651, 654, 688, 751, 661, 642, 744, 644, 545, 614, 699, 632, 524, 631, 766, 760, 612, 652, 664, 701, 672, 580, 736, 749, 740, 669, 642, 784, 707, 631, 645, 704, 765, 694, 690, 793, 687, 666, 570, 587, 664, 613, 565, 680, 622, 566, 576, 516, 583, 692, 662, 660, 596, 585, 614, 559, 634, 638, 588, 577, 580, 590, 586, 637, 654, 696, 637, 798, 892, 763, 1058, 1256, 1096, 1248, 1162, 1532, 1941, 1517, 1583, 1659, 1220, 1691, 1542, 1765, 2293, 1874, 1206, 1159, 913, 1246, 1260, 1202, 1470, 1307, 853, 865, 729, 832, 791, 708, 782, 809, 738, 629, 595, 752, 641, 568, 580, 621, 719, 682, 762, 750, 666, 695, 683, 614, 736, 829, 780, 717, 748, 818, 668, 559, 657, 828, 872, 728, 839, 882, 687, 621, 682, 797, 850, 754, 762, 794, 723, 661, 661, 704, 671, 649, 698, 724, 735, 707, 838, 797, 590, 729, 887, 767, 640, 723, 1057, 891, 697, 814, 1002, 988, 882, 983, 802, 860, 793, 752, 855, 1016, 1072, 949, 1197, 1611, 2162, 1583, 881, 1275, 2033, 2097, 1931, 2295, 3066, 2357, 1373, 1506, 2715, 2988, 1818, 1746, 1990, 1822, 1311, 1344, 2000, 2225, 1072, 992, 894, 921, 876, 1100, 1101, 950, 879, 702, 903, 1149, 1062, 954, 959, 938, 810, 797, 690, 980, 911, 905, 1011, 714, 847, 858, 862, 879, 804, 966, 916, 720, 811, 865, 877, 901, 835, 954, 805, 672, 937, 776, 678, 894, 810, 689, 680, 696, 853, 935, 1065, 1081, 861, 763, 1025, 981, 761, 1118, 1125, 930, 774, 934, 1174, 1057, 745, 768, 880, 846, 674, 659, 878, 909, 666, 772, 836, 746, 690, 746, 925, 876, 652, 813, 726, 670, 777, 869, 873, 680, 768, 752, 695, 738, 779, 863, 762, 593, 615, 669, 784, 810, 767, 745, 702, 608, 579, 631, 732, 783, 661, 730, 758, 619, 559, 547, 585, 559, 487, 673, 691, 534, 591, 640, 582, 557, 534, 663, 721, 621, 547, 548, 595, 647, 622, 554, 673, 641, 549, 520, 579, 679, 638, 537, 664, 669, 574, 591, 509, 582, 579, 542, 629, 588, 514, 616, 605, 536, 459, 505, 568, 475]"
-0.27762940526008606,0.412897527217865,-0.2422431856393814,0.8040367960929871,-0.019659236073493958,0.00832657516002655,1.091506004333496,-0.8883407711982727,0.8750438690185547,22.25,-0.27236253023147583,-0.40340423583984375,17.75,-0.25262147188186646,-0.4131317138671875,18.75,-0.15920907258987427,-0.6161212921142578,15.5,-0.13574868440628052,-0.5726337432861328,16.25,"[688, 629, 620, 665, 611, 665, 615, 637, 617, 565, 704, 699, 608, 660, 619, 652, 446, 609, 580, 564, 582, 629, 620, 502, 449, 532, 595, 475, 555, 584, 589, 548, 530, 526, 550, 507, 560, 533, 568, 567, 501, 526, 519, 484, 548, 606, 588, 486, 567, 530, 534, 543, 491, 499, 511, 492, 541, 505, 507, 465, 526, 551, 424, 504, 512, 598, 467, 480, 475, 471, 460, 438, 548, 674, 712, 587, 567, 540, 609, 541, 507, 603, 701, 605, 580, 557, 544, 546, 581, 590, 582, 525, 550, 593, 475, 488, 595, 663, 656, 555, 593, 653, 611, 515, 528, 601, 564, 526, 569, 586, 554, 540, 439, 527, 561, 523, 479, 442, 556, 543, 547, 557, 516, 526, 452, 430, 554, 579, 534, 558, 519, 553, 516, 458, 533, 571, 606, 585, 601, 600, 646, 617, 648, 633, 594, 622, 652, 617, 618, 628, 671, 669, 651, 564, 591, 570, 564, 589, 586, 612, 587, 535, 569, 583, 502, 524, 524, 516, 545, 515, 563, 587, 531, 551, 538, 561, 581, 503, 588, 582, 507, 526, 540, 544, 578, 510, 588, 613, 509, 528, 529, 574, 469, 504, 650, 690, 494, 481, 657, 639, 650, 1005, 984, 742, 639, 623, 779, 731, 1885, 4257, 3911, 1236, 1916, 2373, 2098, 1326, 3052, 7107, 6642, 1931, 3202, 4178, 2936, 1808, 2195, 4706, 4400, 1678, 2261, 3119, 2665, 1649, 1161, 2931, 2908, 1767, 1430, 3009, 3820, 2241, 1105, 3048, 3140, 1773, 1019, 2706, 3556, 2189, 995, 2475, 2523, 1254, 896, 1575, 1856, 1365, 922, 1800, 2026, 1204, 730, 1121, 1133, 945, 956, 1850, 2315, 1514, 842, 1528, 1282, 895, 1449, 3934, 4405, 2146, 1288, 2521, 2062, 1232, 1625, 3538, 3745, 1664, 1601, 2154, 1657, 1149, 1539, 2440, 2098, 889, 1663, 1728, 1045, 781, 1096, 1537, 1360, 731, 1199, 1297, 846, 701, 777, 1041, 914, 882, 1043, 1004, 737, 655, 1213, 1872, 1320, 1018, 2114, 1939, 1032, 716, 1313, 2043, 1516, 963, 2262, 2126, 986, 691, 999, 1296, 1078, 784, 1149, 1124, 729, 670, 669, 706, 673, 648, 759, 709, 592, 642, 663, 819, 759, 592, 829, 873, 737, 566, 797, 1049, 886, 726, 925, 873, 745, 651, 1044, 1496, 1239, 936, 1168, 1052, 805, 710, 1188, 1827, 1496, 965, 1382, 1337, 909, 744, 1155, 1755, 1565, 982, 1263, 1300, 897, 708, 772, 1145, 1069, 784, 867, 891, 780, 668, 687, 831, 632, 627, 730, 714, 607, 541, 624, 851, 782, 616, 878, 927, 620, 492, 1152, 1756, 1367, 1021, 2092, 2051, 987, 685, 2214, 3164, 2260, 1873, 4156, 3888, 1528, 1249, 2871, 3626, 2653, 2401, 4691, 4408, 1895, 1753, 2862, 3855, 3526, 2732, 3139, 2797, 1748, 1866, 3685, 4287, 4301, 4186, 4158, 3377, 2459, 2583, 2842, 3039, 3056, 3303, 3338, 2716, 2102, 1881, 1683, 1820, 1658, 1462, 1724, 1587, 1181, 1076, 1216, 1357, 1193, 927, 1198, 1187, 871, 749, 952, 1119, 948, 680, 886, 911, 739, 693, 657, 832, 834, 616, 633, 755, 696, 538, 574, 699, 750, 605, 562, 742, 658, 594, 614, 746, 692, 559, 616, 712, 714, 611, 586, 748, 690, 613, 690, 721, 580, 498, 669, 750, 644, 585, 721, 715, 607, 614, 702, 735, 787, 753, 839, 836, 725, 672, 624, 734, 745, 672, 757, 866, 703, 527, 742, 721, 727, 689, 800, 807, 602, 568, 575, 637, 665, 612, 682, 662, 522, 544, 645, 772, 796, 652, 691, 773, 772, 628, 634, 657, 761, 687, 595, 779, 813, 697, 586, 602, 745, 727, 512, 627, 757, 621, 652, 645, 691, 610, 624, 655, 583, 605, 675, 716, 651, 569, 709, 678, 610, 698, 588, 680, 708, 573, 707, 733, 672, 686, 677, 712, 788, 632, 668, 768, 717, 711, 643, 576, 532, 597, 633, 588, 574, 617, 671, 636, 483, 589, 644, 619, 613, 638, 766, 753, 580, 654, 710, 667, 690, 692, 781, 831, 705, 713, 773, 729, 736, 681, 801, 934, 740, 570, 749, 764, 708, 654, 855, 828, 693, 654, 750, 829, 790, 766, 629, 720, 708, 658, 596, 676, 746, 627, 570, 657, 651, 702, 637, 555, 610, 603, 656, 723, 655, 657, 689, 711, 607, 528, 777, 816, 746, 719, 668, 650, 622, 556, 699, 791, 744, 834, 752, 599, 591, 511, 652, 781, 696, 678, 765, 748, 725, 636, 639, 742, 631, 588, 589, 698, 723, 615, 603, 614, 631, 691, 724, 749, 665, 563, 644, 732, 729, 727, 593, 623, 736, 632, 658, 780, 747, 629, 602, 669, 733, 629, 705, 835, 788, 733, 661, 738, 795, 683, 787, 745, 739, 725, 707, 633, 675, 773, 702, 604, 574, 589, 572, 674, 711, 729, 829, 732, 523, 631, 672, 625, 601, 687, 670, 667, 678, 703, 630, 540, 668, 708, 718, 683, 732, 790, 753, 674, 737, 768, 613, 572, 682, 648, 650, 585, 598, 706, 662, 693, 680, 606, 616, 587, 684, 642, 654, 725, 623, 592, 685, 737, 674, 598, 737, 755, 688, 639, 663, 684, 609, 618, 772, 729, 642, 724, 705, 685, 649, 659, 653, 719, 644, 487, 589, 682, 699, 646, 668, 791, 637, 510, 578, 588, 673, 614, 728, 893, 747, 660, 705, 705, 730, 743, 837, 1064, 1041, 923, 831, 871, 863, 853, 886, 1160, 1246, 1032, 829, 1011, 1094, 897, 890, 1052, 1429, 1155, 812, 981, 989, 1033, 1101, 1171, 1465, 1250, 981, 921, 1164, 1330, 938, 1318, 1665, 1375, 981, 892, 1261, 1255, 826, 1300, 1477, 1070, 864, 1012, 1256, 1033, 811, 997, 1205, 895, 798, 939, 1105, 1158, 923, 1116, 1147, 925, 767, 928, 1117, 1095, 1149, 1496, 1444, 846, 833, 1167, 1275, 1095, 1351, 1704, 1789, 1036, 832, 1391, 1330, 981, 1355, 1586, 1460, 1151, 1123, 1564, 1588, 1157, 904, 1444, 1384, 1125, 1060, 1406, 1769, 1329, 800, 1288, 1460, 1014, 845, 1284, 1484, 1110, 721, 974, 1023, 740, 630, 980, 990, 688, 654, 725, 752, 583, 503, 748, 864, 673, 611, 598, 635, 687, 582, 669, 861, 843, 564, 667, 584, 461, 575, 720, 715, 621, 470, 492, 560, 548, 643, 655, 560, 469, 394, 516, 588, 522, 536, 583, 553, 523, 429, 594, 608, 536, 552, 604, 573, 527, 516, 548, 612, 575, 466, 530, 532, 448, 544, 573, 636, 583, 510, 578, 475, 417]"
-0.19176818430423737,0.41093161702156067,-0.2414105236530304,0.9131873846054077,-0.019659236073493958,0.00832657516002655,1.091506004333496,-0.864158034324646,-1.0883331298828125,18.25,-0.08510148525238037,-0.6779193878173828,25.0,-0.07766282558441162,-0.5500316619873047,16.5,-0.07666146755218506,-0.2833843231201172,15.75,-0.07580316066741943,-0.6361484527587891,23.75,"[634, 676, 669, 673, 701, 674, 671, 677, 530, 574, 625, 660, 677, 644, 571, 595, 472, 548, 536, 554, 556, 626, 666, 537, 503, 460, 389, 465, 477, 483, 523, 486, 506, 448, 514, 515, 471, 492, 493, 480, 515, 455, 478, 538, 552, 562, 543, 495, 519, 526, 476, 557, 562, 529, 584, 581, 566, 557, 584, 616, 523, 443, 537, 574, 518, 531, 555, 516, 490, 424, 460, 530, 460, 491, 536, 511, 524, 546, 573, 553, 528, 489, 493, 556, 543, 524, 578, 576, 545, 572, 490, 577, 575, 575, 542, 432, 523, 534, 499, 502, 498, 525, 524, 509, 570, 503, 461, 521, 550, 509, 468, 571, 646, 532, 479, 502, 549, 511, 492, 664, 583, 562, 544, 470, 493, 462, 430, 565, 533, 564, 585, 593, 544, 457, 499, 538, 493, 496, 595, 697, 618, 511, 537, 528, 515, 510, 538, 659, 553, 495, 553, 538, 525, 501, 524, 575, 570, 505, 530, 571, 507, 480, 542, 636, 536, 551, 524, 560, 533, 585, 605, 523, 442, 578, 567, 505, 550, 533, 510, 521, 595, 583, 554, 546, 490, 490, 613, 573, 520, 533, 557, 533, 462, 455, 481, 490, 510, 463, 537, 514, 576, 692, 721, 627, 625, 645, 653, 644, 807, 1590, 1832, 1284, 900, 1405, 1361, 1028, 900, 2718, 3413, 2070, 1117, 2608, 2478, 1458, 877, 2454, 3049, 1892, 1038, 2318, 2363, 1513, 966, 1609, 2112, 1822, 1260, 2845, 3599, 2345, 1412, 2542, 4546, 3601, 2456, 7687, 8628, 4648, 2161, 3923, 6731, 4764, 3905, 10871, 11612, 5904, 2161, 3906, 5148, 2925, 3562, 7176, 6782, 3313, 1755, 3067, 3071, 1385, 2492, 3504, 2429, 1087, 1447, 2726, 2532, 1137, 2013, 2300, 1387, 866, 978, 1460, 1390, 873, 1175, 1345, 978, 721, 610, 743, 845, 668, 529, 814, 751, 539, 604, 783, 842, 571, 591, 711, 575, 551, 638, 695, 638, 626, 707, 633, 606, 606, 670, 684, 660, 679, 771, 729, 680, 708, 627, 649, 643, 702, 744, 755, 637, 578, 579, 661, 722, 636, 627, 665, 637, 655, 613, 833, 851, 628, 801, 848, 692, 600, 920, 1242, 999, 650, 1256, 1297, 787, 659, 885, 1101, 922, 707, 1227, 1314, 902, 630, 842, 966, 909, 823, 1182, 1315, 1022, 653, 740, 823, 827, 712, 881, 1089, 851, 644, 790, 783, 750, 716, 737, 824, 639, 662, 1315, 1568, 1024, 1080, 1588, 1223, 734, 905, 1549, 1976, 1153, 1341, 2059, 1552, 741, 868, 990, 1061, 1050, 1113, 1134, 961, 726, 809, 1223, 1496, 1446, 937, 1241, 1326, 862, 967, 1130, 1301, 1287, 863, 1108, 1223, 859, 867, 1213, 1453, 1206, 1065, 1791, 1765, 1024, 904, 1800, 2284, 1457, 1503, 2747, 2340, 952, 976, 1599, 2060, 1467, 1155, 2232, 2098, 996, 852, 1017, 1219, 1145, 1002, 1549, 1526, 952, 812, 921, 1302, 1236, 1031, 1564, 1517, 1003, 771, 667, 1089, 1131, 808, 909, 1028, 785, 556, 725, 895, 886, 747, 903, 892, 686, 683, 753, 848, 742, 656, 880, 879, 696, 572, 834, 855, 673, 637, 775, 829, 737, 740, 961, 896, 768, 667, 811, 970, 832, 794, 770, 829, 734, 576, 702, 794, 690, 664, 646, 646, 616, 500, 625, 643, 580, 592, 700, 670, 542, 553, 676, 546, 514, 670, 740, 907, 727, 711, 856, 707, 617, 618, 659, 843, 743, 678, 856, 739, 631, 618, 479, 629, 643, 646, 634, 623, 636, 548, 594, 665, 733, 661, 655, 665, 655, 559, 653, 727, 732, 651, 707, 677, 593, 602, 609, 702, 631, 555, 709, 726, 559, 588, 588, 716, 649, 605, 585, 602, 578, 574, 664, 714, 589, 629, 664, 517, 607, 575, 503, 598, 591, 604, 634, 507, 593, 585, 589, 631, 647, 691, 673, 668, 644, 605, 607, 585, 635, 603, 618, 621, 567, 600, 560, 567, 514, 585, 616, 624, 528, 535, 688, 653, 550, 673, 702, 616, 654, 681, 651, 721, 719, 727, 754, 683, 706, 642, 681, 780, 747, 783, 788, 804, 773, 674, 857, 828, 814, 721, 833, 859, 811, 842, 903, 877, 786, 761, 876, 895, 825, 824, 828, 803, 795, 722, 807, 948, 903, 822, 813, 786, 671, 631, 775, 895, 704, 641, 810, 762, 592, 682, 816, 740, 553, 669, 756, 740, 642, 686, 762, 607, 497, 633, 697, 648, 692, 679, 647, 630, 590, 650, 632, 666, 673, 663, 674, 637, 481, 593, 551, 656, 666, 574, 681, 663, 574, 581, 618, 665, 635, 626, 689, 681, 620, 581, 645, 626, 564, 622, 651, 619, 551, 571, 732, 660, 564, 602, 640, 594, 548, 691, 600, 675, 698, 534, 622, 689, 575, 628, 610, 626, 756, 753, 671, 613, 607, 667, 727, 667, 742, 877, 825, 685, 733, 799, 630, 637, 601, 672, 727, 665, 673, 680, 613, 605, 577, 638, 643, 565, 572, 645, 770, 662, 504, 682, 791, 728, 547, 657, 1000, 773, 551, 908, 984, 802, 561, 724, 1008, 797, 682, 1065, 1118, 878, 575, 845, 823, 644, 601, 927, 977, 783, 666, 724, 778, 632, 539, 728, 611, 613, 663, 607, 730, 739, 723, 671, 642, 791, 756, 653, 766, 690, 821, 866, 673, 646, 792, 808, 818, 701, 835, 1023, 930, 752, 805, 853, 704, 693, 712, 843, 859, 762, 741, 743, 680, 731, 943, 1066, 922, 838, 773, 685, 889, 821, 1329, 1568, 1292, 941, 893, 934, 1006, 887, 1300, 1607, 1278, 845, 939, 1071, 872, 858, 993, 1106, 946, 836, 831, 929, 742, 751, 1035, 927, 769, 853, 850, 836, 707, 772, 956, 854, 663, 704, 780, 815, 775, 810, 706, 719, 742, 678, 696, 670, 922, 998, 999, 1050, 920, 892, 909, 744, 846, 1003, 1013, 1010, 784, 880, 918, 716, 1012, 1007, 1075, 1063, 758, 954, 1137, 842, 972, 919, 1217, 1196, 824, 957, 1158, 905, 872, 845, 928, 929, 868, 968, 987, 796, 1087, 1227, 927, 833, 821, 1033, 986, 698, 941, 973, 865, 864, 801, 956, 929, 672, 701, 664, 747, 852, 698, 675, 847, 751, 476, 550, 752, 783, 571, 471, 716, 676, 535, 604, 690, 730, 537, 542, 648, 522, 489, 523, 558, 513, 463, 540, 574, 417, 523, 630, 556, 515, 498, 507, 554, 514, 562, 600, 514, 498, 555, 591, 564, 536, 540, 539, 541, 482, 465, 609, 581, 570]"
-0.048971712589263916,0.37876322865486145,0.22712457180023193,1.0035686492919922,-0.2123684585094452,0.7773418426513672,0.9247037768363953,-0.060522496700286865,-0.579071044921875,22.75,-0.05351299047470093,-0.4105567932128906,22.25,-0.01960986852645874,-0.37865638732910156,22.75,0.04733806848526001,-0.2693653106689453,17.25,0.09139782190322876,-0.46133995056152344,16.5,"[634, 650, 656, 595, 629, 593, 654, 653, 534, 615, 661, 607, 688, 692, 624, 647, 537, 611, 644, 556, 535, 646, 598, 552, 527, 598, 542, 465, 511, 573, 532, 433, 408, 456, 442, 401, 516, 550, 490, 410, 469, 517, 534, 459, 506, 510, 504, 538, 623, 621, 560, 574, 555, 502, 525, 558, 588, 643, 629, 601, 491, 486, 584, 564, 482, 449, 544, 524, 438, 459, 505, 525, 516, 506, 414, 449, 512, 553, 558, 547, 476, 570, 521, 523, 537, 602, 594, 481, 592, 606, 535, 531, 575, 646, 690, 611, 549, 564, 524, 489, 483, 592, 610, 560, 536, 503, 484, 507, 555, 547, 548, 557, 521, 594, 507, 498, 541, 520, 632, 579, 536, 564, 564, 629, 630, 601, 631, 569, 548, 528, 531, 607, 601, 552, 547, 556, 497, 562, 605, 614, 556, 527, 573, 538, 541, 493, 555, 593, 554, 541, 586, 594, 485, 464, 610, 724, 612, 488, 629, 625, 563, 598, 579, 567, 541, 498, 550, 556, 521, 551, 522, 643, 682, 567, 486, 453, 535, 607, 519, 585, 609, 548, 551, 496, 531, 587, 577, 545, 507, 494, 586, 586, 556, 592, 590, 511, 542, 542, 660, 666, 609, 549, 526, 544, 589, 511, 574, 622, 579, 616, 537, 521, 518, 526, 572, 550, 567, 583, 555, 562, 586, 527, 489, 489, 649, 598, 629, 620, 516, 530, 626, 719, 1218, 1169, 1229, 785, 906, 1428, 1726, 1663, 2793, 2910, 2623, 1347, 2179, 4277, 4654, 3508, 3187, 4324, 4366, 2689, 3460, 7195, 7056, 4072, 2345, 5494, 7202, 3826, 3742, 7844, 6766, 3352, 1767, 5822, 7739, 4290, 2954, 7009, 5997, 2597, 1410, 3412, 4662, 2953, 1872, 4211, 3847, 1745, 1115, 1650, 1973, 1293, 979, 1669, 1836, 1384, 1023, 1333, 1299, 842, 745, 1200, 1440, 1164, 930, 1164, 1172, 894, 716, 1037, 1223, 1121, 757, 906, 984, 885, 625, 773, 920, 856, 629, 796, 768, 634, 588, 648, 733, 680, 607, 705, 634, 567, 718, 803, 635, 512, 603, 675, 726, 741, 756, 879, 760, 545, 740, 759, 679, 728, 894, 893, 796, 680, 627, 786, 732, 648, 812, 915, 816, 611, 581, 589, 604, 638, 633, 726, 684, 501, 574, 584, 624, 581, 569, 565, 616, 562, 586, 604, 641, 496, 588, 635, 576, 624, 590, 700, 633, 609, 732, 693, 671, 612, 519, 682, 652, 620, 905, 963, 732, 608, 553, 813, 762, 725, 1166, 1156, 753, 664, 527, 825, 750, 857, 1206, 1119, 662, 689, 658, 705, 652, 905, 1111, 979, 698, 724, 793, 682, 667, 927, 1104, 918, 750, 828, 925, 1007, 987, 1227, 1384, 1143, 900, 865, 1096, 1241, 1038, 1380, 1532, 1327, 981, 818, 994, 1193, 1160, 1222, 1151, 1125, 1002, 794, 798, 949, 1157, 966, 772, 1060, 1075, 812, 678, 946, 1160, 1011, 741, 1165, 1164, 773, 625, 769, 882, 777, 682, 956, 917, 711, 580, 641, 696, 636, 594, 693, 623, 550, 518, 601, 637, 570, 610, 613, 594, 524, 505, 635, 694, 583, 513, 669, 632, 572, 633, 700, 910, 728, 520, 741, 802, 791, 645, 647, 868, 683, 578, 764, 751, 778, 674, 636, 712, 650, 642, 764, 711, 714, 619, 711, 741, 636, 567, 659, 700, 694, 563, 569, 663, 646, 525, 571, 660, 639, 546, 573, 623, 600, 480, 584, 642, 653, 606, 558, 619, 710, 569, 560, 654, 626, 623, 622, 678, 685, 589, 696, 767, 680, 568, 619, 746, 715, 605, 631, 673, 578, 507, 565, 670, 648, 672, 698, 631, 517, 471, 496, 501, 500, 598, 650, 525, 464, 502, 539, 529, 627, 611, 604, 640, 580, 569, 629, 616, 582, 576, 598, 579, 595, 562, 596, 693, 657, 653, 632, 630, 673, 553, 678, 662, 566, 694, 679, 572, 560, 637, 774, 720, 621, 734, 677, 666, 616, 659, 595, 573, 537, 580, 620, 648, 651, 721, 615, 531, 657, 637, 630, 735, 724, 676, 661, 535, 564, 635, 578, 605, 605, 603, 700, 620, 511, 579, 617, 603, 616, 665, 769, 701, 659, 543, 658, 711, 652, 604, 804, 770, 628, 552, 611, 795, 647, 546, 731, 684, 619, 563, 695, 788, 597, 680, 789, 649, 712, 692, 707, 811, 672, 772, 693, 661, 688, 694, 676, 638, 684, 729, 691, 697, 680, 667, 647, 576, 602, 591, 567, 674, 664, 636, 583, 509, 538, 596, 654, 695, 719, 656, 672, 628, 625, 642, 690, 736, 745, 628, 697, 725, 625, 620, 527, 547, 632, 606, 669, 616, 535, 472, 568, 693, 571, 493, 602, 635, 517, 527, 598, 640, 533, 556, 683, 688, 587, 516, 615, 607, 561, 569, 649, 599, 507, 593, 654, 619, 564, 567, 709, 642, 558, 645, 621, 495, 602, 643, 616, 551, 613, 741, 646, 552, 700, 702, 516, 566, 732, 655, 607, 605, 697, 650, 555, 616, 659, 569, 537, 535, 608, 679, 645, 582, 588, 603, 612, 609, 594, 721, 707, 643, 523, 746, 676, 646, 659, 748, 783, 668, 589, 628, 605, 655, 565, 577, 706, 633, 652, 610, 630, 679, 641, 576, 638, 529, 610, 620, 623, 657, 658, 653, 728, 580, 599, 770, 674, 620, 681, 737, 737, 667, 694, 831, 816, 625, 764, 914, 846, 695, 733, 815, 749, 661, 785, 841, 773, 626, 737, 704, 658, 604, 677, 758, 634, 612, 712, 971, 1144, 849, 1082, 1134, 941, 1021, 997, 1335, 1760, 1173, 1718, 1684, 1356, 1608, 1444, 1210, 1383, 940, 1364, 1490, 1172, 1308, 1405, 971, 857, 794, 1117, 1120, 822, 961, 1050, 705, 727, 702, 777, 793, 794, 876, 832, 620, 646, 716, 764, 704, 729, 809, 745, 702, 783, 861, 833, 739, 897, 882, 635, 780, 848, 841, 918, 751, 797, 1060, 756, 856, 945, 968, 1139, 970, 818, 1221, 1022, 737, 692, 867, 1107, 969, 784, 948, 946, 657, 489, 631, 807, 793, 575, 719, 791, 609, 629, 650, 616, 628, 740, 724, 680, 570, 514, 574, 579, 591, 543, 677, 723, 475, 481, 547, 529, 496, 500, 568, 612, 572, 560, 583, 516, 529, 569, 488, 559, 435, 480, 515, 470, 458, 456, 402, 464, 471, 492, 465, 503, 504, 462, 499, 504, 512, 469, 420, 437, 482, 557, 536, 530, 514, 552, 503, 457, 468, 552, 559, 525]"
-0.37335216999053955,0.28260570764541626,0.2288675308227539,-0.2524348795413971,0.29532337188720703,0.2138230949640274,-0.15936869382858276,-0.8555341958999634,1.219797134399414,18.25,-0.7119108438491821,1.0946273803710938,16.5,-0.21681082248687744,0.3407478332519531,17.5,-0.039713501930236816,0.0,20.75,-0.03098738193511963,0.35490989685058594,15.75,"[547, 636, 634, 580, 620, 578, 634, 635, 563, 627, 635, 675, 657, 544, 678, 727, 521, 560, 632, 580, 511, 580, 615, 628, 459, 436, 563, 602, 501, 506, 503, 565, 507, 500, 531, 600, 504, 509, 507, 456, 539, 525, 549, 556, 497, 561, 577, 482, 592, 548, 550, 524, 579, 553, 517, 554, 519, 559, 502, 468, 452, 510, 567, 495, 539, 519, 401, 481, 554, 525, 494, 481, 519, 544, 581, 554, 553, 589, 565, 485, 528, 516, 492, 562, 548, 562, 581, 466, 581, 536, 508, 530, 575, 570, 529, 516, 557, 569, 456, 465, 510, 563, 470, 379, 548, 505, 443, 565, 564, 487, 506, 537, 525, 490, 511, 618, 627, 564, 559, 524, 590, 573, 487, 635, 679, 546, 542, 597, 623, 547, 506, 548, 535, 478, 437, 526, 544, 596, 621, 529, 506, 530, 552, 545, 586, 571, 628, 564, 476, 534, 584, 556, 548, 567, 639, 582, 515, 553, 576, 532, 530, 532, 592, 551, 522, 562, 571, 543, 601, 555, 587, 560, 549, 526, 448, 560, 573, 464, 514, 589, 558, 506, 504, 575, 544, 543, 561, 552, 521, 512, 494, 498, 685, 515, 548, 614, 664, 646, 521, 579, 605, 559, 494, 627, 687, 648, 619, 538, 537, 542, 478, 526, 609, 586, 563, 527, 587, 582, 497, 467, 548, 531, 559, 579, 627, 622, 542, 511, 578, 568, 566, 643, 698, 633, 575, 575, 574, 573, 650, 722, 623, 611, 522, 541, 557, 597, 577, 560, 577, 592, 521, 526, 572, 584, 570, 518, 489, 510, 575, 570, 500, 624, 602, 500, 609, 484, 560, 552, 540, 603, 520, 566, 549, 487, 596, 576, 538, 517, 502, 541, 453, 486, 589, 548, 470, 508, 622, 581, 451, 518, 554, 513, 423, 488, 645, 588, 523, 484, 517, 567, 491, 462, 588, 601, 564, 544, 538, 529, 438, 521, 636, 605, 551, 591, 538, 597, 575, 570, 613, 561, 546, 535, 561, 529, 530, 460, 533, 593, 506, 541, 598, 462, 469, 497, 540, 545, 424, 478, 478, 550, 581, 452, 517, 476, 465, 542, 533, 498, 537, 511, 549, 515, 592, 586, 607, 641, 643, 615, 650, 665, 908, 648, 931, 919, 729, 813, 1290, 1407, 1364, 880, 1448, 1415, 1009, 1082, 2255, 2411, 1828, 2032, 2974, 2339, 1391, 1849, 3779, 3832, 2342, 2788, 3635, 2563, 1714, 2472, 4779, 4737, 2530, 2202, 2894, 2011, 1744, 1919, 3727, 4209, 2437, 3164, 5163, 3463, 1717, 1572, 5190, 5976, 1595, 4408, 6242, 3833, 1296, 2370, 6148, 6152, 754, 2675, 3482, 1993, 745, 1540, 3286, 3097, 586, 1213, 1382, 914, 602, 830, 1229, 1078, 593, 774, 671, 583, 535, 543, 586, 530, 611, 656, 644, 550, 504, 582, 575, 542, 561, 636, 689, 503, 403, 520, 574, 569, 657, 628, 599, 538, 493, 546, 562, 619, 666, 626, 614, 583, 584, 662, 586, 572, 568, 573, 587, 502, 471, 601, 572, 527, 522, 555, 542, 485, 522, 536, 525, 545, 534, 559, 584, 631, 549, 529, 516, 573, 578, 590, 562, 552, 491, 507, 551, 571, 623, 610, 489, 481, 554, 544, 509, 536, 561, 517, 545, 612, 526, 446, 530, 599, 507, 528, 692, 635, 476, 436, 584, 610, 457, 511, 730, 654, 479, 489, 585, 588, 495, 450, 750, 748, 631, 517, 443, 582, 514, 605, 750, 650, 584, 550, 452, 546, 553, 673, 643, 580, 645, 636, 528, 521, 561, 661, 647, 490, 546, 669, 609, 524, 569, 587, 648, 552, 508, 611, 669, 601, 581, 586, 687, 627, 566, 692, 664, 629, 678, 716, 688, 610, 622, 794, 712, 604, 660, 711, 652, 592, 650, 789, 745, 594, 644, 499, 568, 724, 594, 603, 651, 666, 595, 513, 722, 795, 610, 644, 740, 675, 616, 596, 691, 661, 638, 661, 640, 570, 584, 550, 553, 613, 604, 716, 635, 464, 651, 666, 567, 546, 653, 789, 610, 449, 630, 688, 594, 492, 603, 718, 617, 509, 548, 570, 598, 562, 618, 528, 533, 534, 521, 620, 629, 588, 570, 524, 509, 519, 539, 511, 543, 514, 593, 636, 565, 558, 575, 532, 557, 543, 527, 607, 555, 600, 644, 643, 624, 542, 564, 711, 630, 568, 506, 620, 617, 630, 585, 601, 657, 593, 506, 625, 638, 663, 559, 511, 670, 597, 586, 558, 579, 564, 516, 497, 602, 598, 554, 561, 535, 515, 499, 562, 642, 585, 646, 573, 575, 625, 591, 598, 630, 642, 651, 661, 572, 557, 664, 680, 588, 523, 635, 596, 550, 537, 602, 616, 545, 549, 548, 550, 593, 491, 563, 593, 570, 537, 544, 530, 529, 554, 645, 596, 549, 615, 554, 610, 572, 531, 554, 603, 577, 554, 546, 521, 529, 512, 482, 579, 624, 501, 580, 587, 509, 494, 564, 591, 478, 477, 518, 587, 567, 508, 601, 620, 533, 519, 553, 633, 553, 539, 569, 641, 628, 457, 520, 675, 608, 528, 534, 636, 695, 480, 521, 578, 607, 475, 460, 483, 538, 506, 548, 665, 619, 587, 561, 576, 574, 535, 590, 639, 640, 623, 663, 648, 589, 606, 484, 592, 574, 492, 667, 679, 488, 519, 604, 548, 563, 543, 587, 560, 530, 624, 699, 633, 595, 546, 551, 569, 542, 620, 620, 756, 696, 596, 609, 666, 717, 598, 601, 875, 844, 656, 698, 717, 733, 655, 550, 682, 699, 668, 608, 641, 706, 544, 558, 687, 729, 771, 662, 663, 733, 588, 500, 575, 616, 699, 625, 563, 643, 566, 526, 548, 602, 669, 580, 530, 588, 555, 604, 498, 530, 565, 551, 486, 486, 557, 614, 478, 504, 485, 428, 476, 406, 539, 534, 571, 553, 450, 470, 533, 503, 491, 529, 477, 417, 524, 501, 432, 487, 535, 660, 600, 491, 527, 571, 531, 468, 544, 560, 540, 533, 505, 510, 464, 469, 500, 529, 558, 498, 470, 508, 557, 528, 465, 443, 489, 514, 491, 459, 471, 515, 483, 508, 483, 452, 490, 407, 410, 417, 434, 389, 395, 432, 465, 452, 423, 449, 415, 463, 449, 348, 427, 424, 415, 367, 385, 441, 434, 381, 403, 456, 452, 353, 381, 393, 408, 422, 451, 471, 469, 471, 431, 408, 394, 339, 405, 397, 446, 442, 377, 462, 362, 374, 411, 444, 491, 409, 396]"
-0.23329883813858032,0.09595909714698792,0.0761411041021347,0.11615980416536331,0.05773217976093292,-0.1333675980567932,0.2750072479248047,-0.8956558704376221,1.1044979095458984,21.25,-0.5167133808135986,0.8043766021728516,23.0,-0.49167943000793457,0.8215427398681641,26.75,-0.378525972366333,0.6650447845458984,28.5,-0.26537251472473145,0.0,25.0,"[486, 614, 651, 595, 593, 598, 651, 615, 537, 582, 611, 584, 623, 635, 634, 585, 476, 592, 601, 499, 488, 509, 542, 515, 470, 553, 539, 509, 503, 563, 580, 504, 503, 614, 555, 477, 460, 473, 502, 497, 575, 627, 616, 509, 530, 568, 506, 489, 493, 559, 541, 529, 550, 514, 445, 459, 550, 507, 533, 592, 547, 450, 510, 577, 496, 498, 488, 511, 566, 494, 487, 542, 494, 399, 430, 393, 510, 508, 486, 552, 544, 535, 489, 529, 601, 586, 489, 479, 589, 611, 616, 611, 586, 594, 584, 582, 600, 645, 619, 636, 606, 627, 591, 617, 556, 538, 546, 515, 649, 675, 575, 575, 484, 481, 562, 598, 613, 629, 597, 549, 438, 527, 569, 587, 583, 582, 577, 516, 482, 537, 547, 518, 501, 533, 503, 529, 585, 533, 549, 592, 626, 565, 577, 643, 586, 486, 494, 525, 612, 561, 574, 669, 595, 514, 506, 558, 682, 586, 561, 664, 517, 446, 461, 489, 548, 555, 496, 520, 605, 515, 459, 536, 567, 554, 522, 537, 502, 494, 489, 481, 535, 562, 551, 560, 491, 498, 476, 473, 538, 534, 506, 493, 422, 515, 551, 529, 460, 486, 481, 400, 491, 595, 629, 554, 520, 549, 523, 486, 563, 561, 558, 544, 606, 480, 491, 593, 536, 532, 589, 544, 558, 571, 616, 576, 465, 514, 532, 456, 483, 513, 527, 510, 471, 529, 604, 637, 561, 517, 575, 503, 473, 444, 555, 606, 611, 556, 503, 493, 473, 477, 565, 598, 572, 469, 501, 524, 480, 424, 370, 484, 528, 403, 414, 438, 575, 572, 541, 508, 536, 596, 588, 552, 630, 641, 627, 555, 550, 620, 660, 607, 572, 607, 535, 509, 517, 547, 522, 509, 467, 495, 487, 498, 492, 498, 451, 458, 541, 584, 555, 561, 535, 670, 700, 546, 551, 527, 535, 546, 616, 650, 661, 685, 538, 596, 532, 474, 611, 689, 602, 576, 691, 613, 496, 469, 581, 649, 500, 548, 747, 613, 525, 534, 534, 570, 632, 739, 636, 581, 602, 543, 454, 555, 656, 659, 641, 716, 842, 677, 589, 615, 912, 863, 1304, 1261, 1637, 1437, 1104, 1310, 2934, 2947, 3045, 1938, 3068, 2838, 2283, 2226, 5968, 6438, 3918, 2128, 3891, 2978, 2735, 2477, 7298, 8173, 5935, 4418, 8154, 5369, 3807, 3970, 11598, 12954, 8249, 5607, 11209, 8224, 4888, 5063, 14831, 16953, 7517, 2004, 6809, 6130, 4184, 2606, 9439, 12317, 4473, 4401, 2715, 2654, 2513, 2038, 1317, 2859, 2158, 6231, 6711, 3291, 1507, 2612, 4333, 3362, 699, 4068, 5217, 3099, 708, 1439, 3073, 2995, 767, 2060, 2842, 1828, 676, 851, 1913, 2151, 734, 1273, 1524, 923, 499, 738, 1217, 1244, 557, 731, 778, 641, 551, 561, 736, 654, 507, 630, 637, 532, 527, 600, 641, 570, 508, 580, 636, 498, 533, 555, 583, 623, 602, 695, 593, 577, 612, 569, 527, 551, 610, 647, 688, 534, 522, 643, 601, 584, 629, 524, 579, 525, 548, 639, 655, 646, 574, 480, 631, 658, 622, 615, 545, 610, 521, 515, 671, 624, 539, 590, 610, 560, 620, 573, 635, 666, 661, 618, 553, 640, 618, 506, 567, 656, 548, 513, 598, 693, 708, 551, 549, 698, 556, 506, 577, 632, 776, 973, 1137, 811, 643, 813, 736, 705, 861, 1471, 1608, 867, 716, 964, 898, 847, 850, 1355, 1248, 565, 667, 811, 848, 669, 745, 891, 696, 531, 680, 587, 621, 527, 720, 736, 616, 680, 693, 605, 500, 640, 798, 876, 812, 754, 742, 699, 651, 697, 678, 862, 903, 901, 797, 683, 594, 585, 614, 914, 1421, 1425, 921, 705, 740, 626, 655, 802, 1192, 1182, 808, 772, 778, 650, 573, 653, 891, 872, 688, 707, 718, 649, 440, 550, 766, 703, 640, 627, 676, 604, 622, 505, 619, 690, 697, 590, 557, 681, 656, 630, 550, 560, 643, 689, 653, 647, 639, 593, 642, 676, 592, 566, 661, 686, 641, 581, 675, 664, 768, 657, 580, 736, 678, 609, 709, 699, 699, 642, 573, 706, 684, 612, 691, 693, 569, 459, 598, 744, 687, 626, 562, 613, 631, 607, 634, 601, 653, 578, 502, 694, 619, 533, 512, 534, 677, 613, 598, 634, 615, 647, 617, 581, 644, 580, 648, 679, 686, 640, 624, 635, 642, 685, 748, 722, 703, 655, 592, 635, 625, 605, 562, 513, 614, 651, 627, 532, 589, 581, 512, 513, 676, 652, 555, 533, 653, 537, 569, 632, 613, 476, 571, 692, 641, 515, 547, 571, 637, 553, 575, 696, 688, 619, 573, 657, 652, 628, 672, 703, 558, 492, 549, 627, 604, 570, 546, 616, 579, 575, 644, 604, 485, 473, 536, 575, 556, 618, 676, 600, 510, 534, 575, 613, 582, 594, 631, 544, 487, 554, 522, 587, 626, 596, 656, 574, 553, 648, 679, 614, 645, 561, 532, 569, 614, 587, 536, 558, 571, 513, 514, 586, 571, 593, 553, 485, 484, 519, 555, 520, 501, 474, 544, 519, 550, 543, 590, 603, 576, 549, 640, 724, 653, 609, 587, 701, 728, 664, 699, 756, 576, 545, 574, 632, 607, 543, 557, 586, 578, 545, 579, 569, 530, 543, 460, 532, 629, 473, 556, 616, 604, 542, 509, 615, 687, 576, 571, 602, 623, 632, 595, 646, 594, 598, 573, 591, 612, 583, 551, 635, 520, 554, 518, 468, 559, 598, 599, 576, 586, 731, 783, 580, 516, 619, 770, 751, 616, 644, 702, 652, 622, 685, 822, 768, 627, 623, 629, 588, 661, 646, 592, 609, 594, 670, 551, 520, 629, 678, 560, 566, 539, 605, 580, 477, 488, 575, 522, 515, 484, 542, 541, 509, 505, 533, 472, 492, 530, 473, 589, 567, 550, 620, 538, 540, 464, 471, 553, 541, 531, 555, 580, 555, 606, 629, 662, 600, 578, 577, 599, 642, 499, 525, 590, 565, 561, 528, 522, 539, 500, 575, 561, 547, 544, 515, 522, 548, 563, 565, 475, 466, 555, 559, 571, 570, 521, 569, 483, 432, 516, 513, 605, 578, 407, 483, 459, 414, 463, 466, 497, 415, 437, 461, 516, 440, 496, 503, 443, 463, 414, 441, 441, 364, 384, 403, 384, 405, 405, 388, 399, 411, 399, 449, 423, 385, 392, 362, 430, 441, 431, 453, 418, 409, 412, 407, 382, 422, 409, 436, 497, 431]"
-0.2737782597541809,0.1542399525642395,-0.02119395136833191,0.03684639185667038,0.18187198042869568,-0.31883704662323,0.17214854061603546,-0.8336122035980225,1.0973453521728516,-31.75,-0.580554723739624,0.8761882781982422,-30.5,-0.52805495262146,0.7608890533447266,25.75,-0.16842436790466309,0.0,23.25,-0.07000517845153809,0.2293109893798828,18.25,"[618, 719, 794, 777, 698, 777, 793, 713, 560, 636, 689, 619, 624, 742, 733, 599, 501, 568, 609, 528, 450, 578, 710, 611, 523, 490, 561, 577, 499, 528, 549, 557, 456, 456, 465, 496, 516, 507, 485, 497, 505, 474, 508, 530, 499, 487, 440, 496, 522, 556, 557, 525, 528, 534, 498, 437, 483, 494, 469, 418, 465, 536, 445, 454, 483, 525, 516, 500, 483, 497, 444, 484, 615, 599, 577, 657, 608, 547, 543, 625, 573, 590, 468, 535, 596, 551, 592, 577, 629, 612, 519, 524, 573, 500, 639, 616, 637, 563, 506, 536, 577, 598, 585, 611, 626, 469, 542, 647, 593, 523, 623, 650, 506, 459, 576, 623, 503, 525, 592, 578, 547, 545, 538, 548, 559, 536, 552, 536, 359, 417, 506, 566, 510, 494, 562, 498, 454, 469, 508, 496, 524, 565, 593, 554, 552, 528, 615, 570, 510, 600, 648, 635, 579, 539, 575, 575, 618, 586, 555, 597, 523, 570, 627, 638, 569, 562, 630, 568, 571, 555, 616, 685, 616, 544, 645, 659, 543, 550, 642, 601, 604, 615, 474, 590, 604, 587, 629, 583, 631, 643, 572, 552, 591, 609, 628, 509, 512, 639, 589, 586, 559, 498, 541, 503, 592, 666, 560, 555, 544, 438, 566, 592, 671, 638, 554, 626, 607, 487, 601, 692, 665, 570, 578, 676, 587, 470, 562, 594, 513, 491, 605, 622, 580, 553, 557, 659, 633, 516, 530, 548, 579, 588, 544, 566, 545, 552, 523, 494, 518, 584, 542, 492, 512, 591, 618, 464, 456, 505, 541, 508, 497, 520, 582, 526, 539, 565, 515, 516, 554, 503, 507, 551, 596, 562, 428, 444, 571, 561, 514, 558, 510, 514, 446, 524, 546, 586, 542, 503, 476, 523, 508, 533, 552, 555, 618, 554, 614, 577, 557, 551, 523, 522, 556, 600, 548, 558, 582, 566, 573, 503, 496, 599, 539, 517, 448, 436, 535, 528, 485, 494, 558, 535, 635, 556, 521, 467, 518, 585, 667, 579, 668, 631, 637, 607, 607, 694, 707, 626, 666, 689, 640, 591, 596, 637, 687, 585, 682, 709, 609, 742, 858, 871, 1477, 736, 1450, 1899, 1302, 841, 2357, 2641, 1740, 1354, 1738, 2347, 1821, 1287, 2826, 2920, 6653, 3990, 7143, 5738, 3787, 3743, 9170, 11134, 14293, 8736, 17718, 12734, 8398, 7744, 23496, 27731, 12455, 8914, 17482, 12235, 7266, 7395, 22475, 25847, 4628, 4031, 6182, 3926, 2342, 3377, 8530, 9358, 3039, 2652, 3608, 3519, 2076, 2854, 4821, 4727, 1859, 4491, 6047, 4452, 1610, 3077, 4529, 3720, 917, 3639, 4826, 3141, 717, 2279, 3634, 3011, 670, 1872, 2536, 1676, 591, 1192, 2050, 1919, 653, 971, 1070, 839, 661, 692, 976, 950, 678, 778, 710, 673, 718, 720, 732, 670, 683, 647, 553, 555, 688, 638, 552, 628, 584, 649, 623, 608, 612, 572, 592, 607, 551, 494, 550, 562, 543, 483, 540, 639, 531, 503, 540, 612, 574, 456, 544, 555, 448, 495, 533, 635, 603, 515, 493, 501, 528, 515, 569, 637, 552, 584, 617, 626, 661, 663, 655, 682, 635, 693, 619, 634, 767, 694, 719, 677, 656, 754, 674, 716, 783, 716, 760, 795, 704, 727, 686, 715, 737, 747, 856, 782, 638, 565, 656, 787, 941, 1177, 1196, 846, 681, 602, 616, 695, 1284, 1670, 1385, 871, 782, 662, 597, 608, 1104, 1316, 1121, 768, 757, 657, 821, 790, 930, 804, 740, 815, 874, 743, 833, 1032, 1041, 763, 665, 843, 842, 735, 770, 1000, 784, 684, 541, 725, 747, 695, 731, 735, 1033, 989, 802, 728, 880, 1112, 788, 690, 2153, 1865, 1326, 1291, 1232, 2014, 1579, 1059, 2001, 1553, 1460, 1463, 1130, 1729, 1377, 1135, 1063, 903, 868, 954, 786, 927, 827, 789, 936, 796, 785, 838, 729, 790, 856, 858, 910, 818, 735, 696, 698, 847, 802, 760, 720, 756, 622, 556, 648, 739, 712, 632, 735, 760, 664, 579, 594, 695, 700, 596, 656, 742, 647, 534, 556, 594, 697, 568, 683, 728, 655, 524, 518, 662, 646, 671, 625, 648, 691, 641, 587, 688, 687, 612, 670, 673, 576, 538, 665, 666, 575, 599, 572, 627, 656, 696, 710, 599, 640, 682, 581, 656, 846, 789, 698, 678, 772, 727, 680, 629, 799, 695, 641, 647, 640, 675, 614, 551, 670, 575, 512, 533, 579, 614, 492, 490, 658, 601, 541, 580, 596, 604, 573, 554, 574, 573, 629, 639, 617, 599, 528, 536, 622, 637, 540, 581, 741, 674, 569, 551, 574, 589, 563, 505, 612, 609, 651, 571, 525, 595, 620, 571, 476, 583, 590, 561, 629, 651, 613, 573, 600, 652, 602, 668, 683, 556, 566, 639, 667, 654, 534, 481, 555, 530, 509, 537, 549, 565, 531, 521, 588, 557, 614, 622, 615, 634, 669, 528, 537, 598, 620, 645, 633, 662, 632, 532, 509, 594, 557, 548, 548, 560, 620, 578, 540, 495, 534, 609, 554, 526, 612, 568, 552, 544, 608, 578, 502, 600, 564, 560, 519, 513, 560, 634, 553, 459, 604, 607, 537, 489, 507, 631, 615, 571, 722, 637, 671, 678, 603, 604, 750, 825, 669, 609, 627, 696, 596, 543, 801, 820, 773, 617, 576, 731, 734, 626, 624, 722, 697, 650, 514, 611, 559, 541, 608, 642, 800, 650, 1033, 965, 607, 610, 973, 1160, 820, 976, 1560, 1119, 599, 833, 1464, 1639, 712, 1151, 1521, 942, 625, 876, 1385, 1439, 641, 847, 967, 700, 564, 704, 842, 878, 523, 558, 633, 648, 523, 566, 707, 645, 471, 533, 573, 568, 448, 572, 644, 524, 567, 582, 612, 556, 531, 566, 559, 546, 655, 698, 614, 476, 563, 609, 482, 548, 550, 636, 652, 493, 509, 618, 488, 490, 466, 461, 540, 518, 481, 511, 579, 554, 607, 438, 461, 557, 568, 453, 553, 676, 544, 501, 489, 529, 551, 470, 557, 667, 485, 555, 466, 492, 514, 520, 589, 549, 600, 485, 421, 478, 512, 435, 479, 581, 614, 530, 501, 512, 528, 513, 398, 506, 487, 497, 504, 492, 515, 505, 441, 472, 401, 358, 422, 421, 370, 440, 523, 514, 431, 436, 431, 476, 436, 437, 476, 437, 421, 431, 446, 418, 460, 528, 443, 371, 503, 474, 407, 371, 382, 466, 472, 435, 387, 466, 399, 364, 390, 398, 452, 391]"
-0.4667871296405792,0.06078246235847473,-0.22067688405513763,-0.3508937954902649,0.06552479416131973,-0.5622183084487915,-0.250829815864563,-0.6204842329025269,0.8093833923339844,27.0,-0.5153416395187378,0.7334232330322266,19.0,-0.44567573070526123,0.7089614868164062,31.0,-0.25684821605682373,0.38623809814453125,28.5,0.11951935291290283,0.23632049560546875,16.25,"[520, 550, 558, 518, 546, 522, 555, 548, 516, 533, 565, 555, 559, 639, 673, 580, 523, 557, 592, 537, 578, 661, 612, 463, 560, 537, 517, 459, 508, 569, 534, 541, 598, 557, 597, 523, 589, 608, 504, 588, 572, 513, 594, 547, 520, 587, 500, 506, 520, 575, 568, 558, 566, 595, 572, 491, 569, 656, 541, 566, 625, 612, 565, 478, 487, 437, 362, 504, 548, 500, 448, 442, 590, 637, 526, 481, 561, 552, 460, 487, 489, 605, 607, 502, 552, 531, 500, 521, 542, 554, 635, 552, 543, 572, 513, 566, 490, 587, 587, 478, 551, 553, 523, 547, 535, 635, 605, 505, 652, 596, 534, 533, 580, 616, 538, 587, 663, 509, 555, 524, 619, 629, 593, 628, 604, 595, 640, 611, 524, 476, 509, 557, 497, 424, 464, 532, 498, 533, 494, 556, 605, 530, 555, 539, 539, 531, 454, 534, 551, 509, 556, 506, 557, 517, 518, 539, 559, 440, 483, 537, 502, 406, 447, 504, 440, 355, 481, 547, 522, 498, 512, 566, 472, 450, 520, 491, 522, 517, 464, 571, 506, 500, 532, 500, 582, 559, 500, 541, 547, 581, 561, 585, 586, 594, 648, 515, 512, 684, 658, 555, 653, 703, 637, 557, 652, 731, 663, 616, 566, 566, 560, 635, 668, 599, 626, 619, 537, 547, 633, 691, 626, 552, 654, 594, 573, 540, 571, 549, 459, 495, 513, 604, 573, 555, 639, 633, 581, 566, 518, 523, 577, 614, 685, 616, 658, 637, 513, 586, 527, 608, 701, 607, 622, 607, 612, 571, 545, 584, 547, 540, 551, 556, 516, 466, 562, 501, 569, 518, 528, 528, 500, 593, 514, 449, 573, 518, 530, 578, 471, 506, 519, 532, 609, 587, 502, 515, 587, 596, 459, 561, 612, 627, 520, 490, 611, 538, 519, 549, 522, 530, 519, 553, 672, 573, 546, 540, 561, 637, 543, 533, 656, 593, 616, 545, 486, 537, 600, 573, 531, 628, 645, 588, 511, 531, 524, 537, 564, 603, 584, 582, 613, 586, 510, 590, 557, 574, 590, 712, 666, 645, 578, 665, 743, 599, 1113, 1507, 1854, 1643, 1015, 1731, 3371, 3080, 2836, 2578, 4005, 3524, 2340, 2988, 7717, 7702, 3471, 1465, 2916, 3681, 2581, 1821, 4345, 5191, 8933, 3846, 7351, 6933, 5081, 4179, 9470, 12800, 12388, 5970, 12963, 10475, 6840, 5610, 16367, 20842, 10572, 4840, 12258, 9844, 5838, 3977, 14729, 18867, 7175, 3257, 8455, 7283, 4584, 3702, 11638, 13567, 4190, 6773, 10231, 7045, 3235, 4737, 12424, 12438, 1541, 6921, 9194, 5572, 1568, 4060, 9483, 8901, 1074, 3369, 3729, 2068, 734, 2120, 3894, 3167, 931, 2184, 2067, 1071, 646, 1304, 1971, 1305, 713, 893, 795, 516, 484, 598, 735, 615, 566, 605, 603, 479, 511, 592, 620, 580, 519, 511, 533, 534, 509, 492, 493, 487, 540, 572, 651, 582, 453, 430, 532, 562, 608, 678, 660, 537, 593, 581, 601, 621, 646, 627, 656, 564, 576, 481, 642, 779, 705, 570, 465, 584, 591, 532, 552, 690, 710, 685, 559, 592, 649, 685, 644, 667, 690, 649, 617, 544, 599, 603, 667, 679, 632, 602, 600, 499, 524, 433, 599, 649, 677, 602, 569, 576, 653, 584, 552, 663, 797, 795, 869, 788, 677, 572, 542, 666, 909, 1354, 1445, 977, 580, 662, 765, 690, 1172, 1889, 1875, 1125, 599, 720, 1041, 911, 1332, 1437, 1212, 973, 695, 731, 1095, 1152, 927, 828, 969, 810, 700, 853, 789, 963, 988, 922, 1004, 1060, 1062, 869, 816, 1044, 1707, 1441, 1127, 1418, 1375, 1205, 866, 1275, 2748, 2309, 1301, 1586, 1586, 1903, 1257, 1647, 2678, 2146, 1541, 1755, 1524, 2048, 1401, 1609, 1390, 1090, 1274, 1358, 992, 1199, 991, 1092, 862, 684, 843, 869, 780, 803, 745, 861, 734, 616, 698, 659, 651, 646, 592, 728, 655, 644, 762, 730, 665, 654, 665, 698, 604, 573, 738, 765, 695, 620, 692, 748, 588, 510, 755, 728, 705, 639, 729, 859, 632, 504, 698, 746, 660, 621, 716, 794, 613, 546, 717, 754, 708, 640, 589, 707, 610, 636, 704, 720, 601, 634, 658, 711, 657, 647, 731, 763, 733, 623, 662, 695, 732, 623, 814, 775, 580, 603, 643, 713, 734, 631, 861, 756, 570, 692, 769, 873, 669, 719, 802, 774, 682, 714, 705, 718, 635, 669, 700, 748, 734, 760, 719, 706, 691, 599, 672, 703, 649, 574, 572, 709, 703, 616, 626, 710, 696, 653, 629, 635, 680, 663, 732, 757, 637, 594, 638, 645, 625, 580, 675, 664, 597, 596, 693, 634, 524, 514, 497, 534, 547, 614, 618, 543, 544, 507, 572, 608, 600, 621, 627, 569, 555, 520, 610, 624, 556, 609, 613, 567, 484, 551, 650, 646, 621, 614, 636, 525, 519, 593, 573, 568, 569, 555, 590, 492, 569, 598, 645, 609, 562, 668, 655, 625, 572, 570, 669, 633, 580, 621, 604, 614, 560, 544, 569, 532, 514, 533, 575, 652, 518, 494, 511, 491, 509, 473, 538, 565, 666, 514, 538, 622, 575, 492, 604, 709, 592, 597, 556, 507, 538, 579, 630, 603, 607, 621, 600, 580, 612, 679, 742, 660, 530, 624, 639, 561, 512, 607, 783, 701, 520, 670, 611, 542, 548, 610, 772, 665, 629, 794, 757, 621, 659, 643, 767, 671, 754, 918, 859, 624, 666, 833, 902, 699, 808, 856, 631, 548, 562, 795, 880, 704, 802, 729, 628, 704, 679, 729, 746, 802, 672, 691, 660, 693, 640, 665, 753, 775, 612, 649, 653, 682, 629, 529, 615, 670, 550, 543, 677, 708, 603, 476, 563, 629, 652, 658, 592, 600, 630, 616, 571, 497, 670, 652, 596, 596, 621, 603, 577, 610, 657, 609, 617, 603, 641, 522, 545, 682, 628, 612, 545, 627, 638, 558, 529, 605, 604, 590, 627, 617, 555, 584, 545, 540, 579, 515, 501, 554, 491, 482, 474, 509, 503, 477, 488, 572, 527, 435, 509, 540, 438, 375, 488, 531, 504, 448, 510, 512, 421, 446, 505, 519, 463, 384, 411, 467, 478, 495, 511, 477, 441, 429, 441, 498, 464, 435, 477, 483, 417, 398, 380, 413, 466, 402, 416, 443, 381, 356, 365, 419, 381, 345, 409, 425, 437, 437, 450, 447, 392, 387, 388, 438, 440, 408, 458, 420, 409, 418, 383, 429, 482, 446, 356, 360]"
-0.49082106351852417,0.00852327048778534,-0.35115110874176025,-0.32910215854644775,0.04161302000284195,-0.7165879607200623,-0.17317406833171844,-0.47928595542907715,0.7986545562744141,18.5,-0.3692796230316162,0.6593227386474609,16.5,-0.326221227645874,0.7158279418945312,15.75,-0.3245046138763428,0.5759239196777344,17.0,-0.30462050437927246,0.6425857543945312,20.5,"[484, 510, 469, 499, 618, 499, 469, 508, 456, 613, 591, 619, 633, 590, 576, 532, 461, 529, 534, 571, 559, 561, 528, 501, 514, 487, 527, 497, 491, 513, 495, 586, 564, 549, 485, 418, 518, 496, 415, 492, 583, 552, 504, 563, 648, 591, 475, 482, 542, 623, 582, 535, 507, 542, 526, 443, 568, 505, 461, 540, 520, 553, 557, 478, 410, 353, 454, 529, 418, 478, 519, 413, 475, 419, 541, 532, 467, 510, 546, 549, 482, 433, 523, 511, 469, 499, 525, 587, 540, 467, 508, 513, 488, 427, 432, 576, 544, 513, 479, 500, 521, 491, 602, 621, 587, 479, 505, 574, 532, 490, 588, 647, 651, 547, 549, 623, 596, 591, 550, 573, 572, 510, 580, 610, 591, 569, 600, 622, 570, 512, 519, 546, 560, 570, 511, 555, 574, 547, 512, 631, 579, 546, 515, 537, 582, 534, 506, 607, 557, 523, 510, 550, 591, 575, 531, 546, 582, 622, 611, 608, 535, 532, 578, 583, 602, 600, 544, 587, 590, 551, 563, 617, 667, 550, 450, 539, 502, 578, 528, 505, 542, 521, 536, 507, 610, 646, 530, 477, 414, 401, 474, 576, 618, 586, 509, 544, 572, 456, 505, 562, 563, 671, 579, 515, 594, 590, 579, 538, 584, 652, 614, 545, 517, 562, 571, 506, 580, 645, 646, 574, 507, 533, 592, 539, 517, 559, 561, 502, 475, 486, 537, 540, 540, 577, 523, 552, 525, 495, 541, 541, 567, 563, 547, 560, 507, 487, 525, 514, 570, 596, 626, 670, 601, 550, 649, 604, 530, 553, 560, 604, 548, 488, 609, 592, 471, 517, 629, 604, 556, 554, 586, 552, 503, 631, 739, 556, 495, 620, 639, 553, 608, 608, 664, 580, 527, 611, 591, 598, 556, 607, 590, 548, 522, 492, 471, 487, 471, 470, 490, 481, 531, 561, 522, 483, 494, 474, 516, 574, 563, 532, 493, 509, 584, 519, 579, 622, 693, 660, 561, 606, 551, 495, 502, 555, 587, 543, 514, 570, 611, 617, 725, 772, 616, 764, 920, 829, 1259, 996, 1484, 1480, 1121, 1194, 2382, 2417, 2072, 1384, 2486, 2849, 1996, 1661, 4370, 4539, 1994, 1126, 1867, 2664, 2002, 1324, 3450, 3655, 2484, 1325, 1494, 2208, 2077, 1964, 3433, 3817, 3277, 1365, 2967, 4069, 3231, 2325, 5528, 6089, 3274, 2443, 5096, 5420, 3374, 2279, 6750, 7230, 2671, 1005, 2926, 3735, 2384, 1524, 4272, 4814, 2252, 4669, 6051, 3935, 1765, 2706, 4008, 4096, 2013, 6974, 8098, 4337, 1529, 3381, 5415, 4546, 2002, 3774, 3693, 1439, 1442, 2028, 1949, 1598, 1515, 1140, 1821, 1477, 1170, 776, 1377, 2256, 932, 1777, 2025, 1203, 711, 912, 1669, 1677, 786, 1323, 1185, 730, 755, 812, 1091, 858, 621, 943, 857, 635, 579, 815, 1004, 653, 652, 700, 663, 563, 551, 725, 781, 678, 542, 653, 651, 605, 557, 684, 794, 691, 520, 571, 654, 704, 657, 555, 670, 613, 560, 585, 664, 683, 663, 576, 586, 590, 608, 583, 593, 664, 672, 616, 595, 597, 639, 527, 663, 869, 747, 479, 674, 784, 636, 578, 674, 748, 614, 520, 606, 655, 555, 564, 597, 603, 500, 513, 559, 546, 560, 621, 575, 620, 497, 444, 554, 538, 836, 1275, 1151, 696, 813, 815, 637, 558, 1638, 3181, 2943, 1236, 1437, 1589, 1015, 849, 2451, 4150, 3367, 1249, 1668, 1631, 1322, 1101, 1963, 2772, 1999, 837, 1208, 1188, 1207, 989, 1159, 1308, 928, 787, 849, 919, 886, 750, 705, 923, 753, 651, 654, 701, 887, 716, 1074, 1242, 773, 593, 845, 1405, 1275, 630, 1548, 1231, 838, 876, 1177, 1557, 1101, 1004, 1142, 826, 1118, 1287, 1084, 1111, 896, 1063, 809, 827, 996, 887, 744, 818, 930, 986, 762, 785, 806, 701, 650, 630, 720, 833, 574, 648, 766, 777, 644, 535, 648, 697, 685, 745, 767, 796, 733, 677, 681, 677, 740, 658, 649, 685, 778, 743, 788, 838, 798, 804, 874, 857, 728, 763, 973, 1063, 879, 940, 967, 908, 762, 763, 865, 929, 720, 813, 862, 865, 754, 742, 815, 776, 590, 748, 678, 583, 657, 744, 723, 589, 700, 716, 652, 578, 623, 649, 632, 679, 734, 694, 664, 663, 579, 542, 673, 744, 714, 631, 672, 649, 580, 622, 644, 717, 634, 668, 651, 569, 618, 619, 554, 581, 542, 602, 655, 538, 545, 553, 591, 619, 546, 602, 638, 561, 571, 648, 630, 608, 537, 579, 581, 551, 512, 610, 662, 632, 549, 491, 581, 598, 537, 567, 645, 657, 491, 491, 621, 528, 475, 468, 560, 632, 535, 555, 572, 544, 505, 449, 483, 572, 578, 609, 554, 565, 593, 531, 497, 483, 641, 586, 572, 575, 609, 720, 592, 552, 642, 644, 581, 569, 616, 649, 559, 621, 582, 608, 598, 550, 527, 568, 586, 655, 573, 564, 553, 436, 544, 579, 610, 575, 531, 553, 560, 524, 552, 565, 590, 566, 505, 478, 590, 586, 496, 669, 640, 494, 620, 560, 619, 638, 559, 689, 686, 590, 604, 640, 637, 633, 617, 672, 699, 590, 487, 583, 650, 582, 602, 657, 600, 497, 591, 577, 616, 671, 668, 659, 598, 623, 543, 546, 577, 583, 705, 585, 493, 570, 481, 624, 656, 599, 625, 604, 655, 621, 696, 670, 799, 742, 602, 595, 900, 947, 612, 624, 796, 816, 657, 631, 753, 747, 503, 538, 660, 697, 643, 601, 609, 578, 511, 583, 694, 611, 557, 667, 770, 632, 614, 641, 691, 601, 487, 562, 661, 657, 612, 640, 640, 622, 582, 612, 676, 621, 570, 591, 630, 599, 560, 561, 558, 500, 636, 715, 716, 618, 567, 725, 706, 645, 626, 666, 810, 660, 578, 729, 706, 688, 569, 583, 676, 598, 597, 731, 664, 621, 587, 516, 638, 599, 530, 601, 646, 702, 571, 656, 660, 609, 589, 572, 597, 650, 605, 561, 551, 550, 535, 460, 562, 578, 605, 454, 472, 630, 585, 451, 525, 683, 545, 526, 488, 473, 477, 483, 621, 640, 543, 629, 536, 531, 510, 530, 655, 669, 429, 468, 478, 437, 403, 433, 505, 515, 429, 470, 551, 481, 377, 415, 482, 475, 414, 454, 433, 382, 343, 388, 407, 390, 387, 452, 508, 440, 404, 407, 411, 445, 443, 410, 419, 423, 401, 404, 423, 450, 393, 385, 413, 464, 477, 360, 372, 389]"
-0.7007153034210205,-0.10262329876422882,-0.6642436981201172,-0.6886223554611206,-0.07010971754789352,-1.0598325729370117,-0.507564127445221,-1.2571907043457031,1.5659809112548828,19.75,-0.9550666809082031,1.1200904846191406,18.5,-0.34881591796875,0.7474422454833984,16.75,-0.3137683868408203,0.7465839385986328,19.5,-0.15111923217773438,0.6586074829101562,15.5,"[625, 571, 524, 619, 701, 619, 523, 572, 649, 688, 774, 779, 680, 592, 573, 588, 556, 607, 640, 623, 598, 558, 481, 512, 437, 434, 565, 537, 527, 483, 485, 531, 526, 472, 500, 568, 576, 620, 639, 561, 562, 571, 507, 429, 513, 593, 550, 564, 444, 540, 528, 451, 517, 528, 495, 453, 503, 596, 561, 517, 559, 516, 480, 517, 479, 460, 462, 484, 485, 443, 510, 482, 569, 515, 484, 491, 451, 528, 575, 530, 494, 459, 531, 571, 535, 497, 531, 487, 604, 506, 495, 565, 603, 601, 508, 549, 544, 549, 503, 538, 538, 551, 517, 474, 600, 615, 560, 565, 633, 625, 554, 517, 404, 508, 546, 514, 497, 541, 495, 401, 525, 560, 630, 515, 540, 590, 517, 555, 530, 542, 503, 481, 480, 541, 534, 510, 577, 549, 444, 478, 549, 597, 519, 497, 573, 429, 440, 525, 515, 526, 511, 562, 606, 496, 479, 514, 539, 542, 568, 689, 509, 489, 518, 589, 559, 520, 548, 535, 495, 564, 546, 455, 470, 513, 539, 527, 479, 532, 511, 429, 561, 622, 634, 533, 502, 598, 573, 419, 599, 577, 510, 585, 514, 548, 492, 486, 590, 593, 503, 474, 614, 611, 497, 533, 598, 535, 506, 526, 668, 683, 575, 560, 608, 614, 510, 563, 633, 562, 532, 647, 629, 561, 567, 562, 511, 531, 608, 576, 494, 602, 629, 505, 526, 515, 613, 632, 517, 648, 668, 571, 537, 535, 621, 520, 514, 554, 501, 548, 549, 575, 547, 522, 515, 575, 632, 586, 510, 551, 454, 384, 490, 604, 516, 462, 473, 553, 517, 556, 649, 574, 576, 522, 501, 627, 673, 629, 627, 540, 583, 521, 583, 638, 629, 662, 618, 604, 554, 511, 538, 644, 754, 647, 546, 589, 555, 519, 520, 638, 681, 538, 524, 535, 549, 488, 612, 539, 520, 558, 533, 525, 553, 559, 552, 445, 494, 569, 504, 450, 492, 560, 555, 582, 634, 663, 592, 630, 874, 843, 1306, 1006, 1411, 1536, 1192, 1209, 2611, 2688, 2107, 1218, 2212, 2595, 1923, 1515, 4090, 4382, 2281, 1440, 2093, 2168, 1809, 1597, 3395, 3620, 4114, 2739, 2339, 2512, 2858, 3147, 4740, 5343, 2807, 2903, 3142, 3726, 2930, 3444, 5791, 5352, 4299, 2640, 6639, 6003, 2609, 2136, 6502, 7941, 4351, 1927, 5375, 4856, 2369, 1370, 5320, 7195, 1867, 2204, 3554, 2535, 1477, 1309, 3812, 4291, 1632, 3504, 4002, 2145, 1168, 1329, 3085, 3076, 1188, 2399, 2483, 1277, 1036, 752, 1123, 1276, 667, 2859, 3424, 1858, 743, 1266, 2697, 2438, 730, 2819, 3243, 1738, 764, 1436, 2819, 2411, 640, 1319, 1435, 871, 589, 801, 1234, 1054, 667, 723, 626, 563, 584, 646, 678, 635, 674, 772, 733, 641, 602, 754, 839, 664, 686, 733, 644, 638, 628, 709, 696, 596, 695, 587, 538, 640, 664, 664, 713, 660, 690, 649, 627, 632, 620, 639, 718, 712, 602, 560, 660, 779, 705, 569, 744, 671, 714, 681, 761, 892, 761, 692, 840, 708, 791, 766, 853, 892, 759, 805, 897, 796, 705, 745, 803, 770, 701, 679, 691, 755, 596, 711, 800, 651, 549, 551, 555, 575, 651, 780, 898, 710, 516, 623, 692, 668, 1001, 1748, 1625, 823, 845, 1095, 1104, 814, 1191, 1840, 1513, 777, 820, 1142, 1318, 879, 969, 1323, 1254, 825, 807, 1007, 934, 750, 1221, 1606, 1392, 896, 858, 975, 947, 765, 922, 889, 764, 782, 894, 951, 731, 702, 1237, 802, 832, 1006, 993, 879, 736, 1111, 1520, 925, 1380, 1604, 1143, 1018, 596, 1319, 1715, 850, 1547, 1827, 1031, 1358, 966, 1244, 1233, 766, 1108, 1156, 900, 1023, 773, 899, 679, 665, 761, 811, 752, 671, 673, 709, 738, 814, 785, 821, 799, 767, 758, 663, 834, 786, 625, 649, 692, 761, 679, 623, 867, 799, 573, 651, 661, 696, 659, 701, 865, 774, 709, 785, 757, 729, 670, 790, 796, 645, 747, 831, 757, 708, 726, 775, 871, 708, 693, 800, 676, 639, 719, 815, 905, 698, 684, 761, 682, 612, 619, 795, 664, 681, 757, 692, 603, 720, 663, 575, 712, 677, 678, 669, 672, 768, 726, 539, 519, 551, 514, 587, 563, 551, 544, 503, 662, 577, 606, 656, 648, 490, 644, 755, 691, 668, 643, 698, 666, 528, 704, 776, 624, 573, 687, 787, 671, 617, 727, 777, 637, 596, 710, 735, 634, 585, 600, 663, 817, 707, 671, 717, 825, 730, 702, 807, 975, 812, 743, 723, 827, 767, 739, 969, 606, 614, 744, 693, 632, 703, 677, 670, 541, 493, 548, 576, 630, 589, 557, 563, 561, 581, 550, 541, 616, 564, 554, 598, 607, 628, 582, 535, 559, 594, 545, 595, 665, 579, 555, 629, 644, 559, 581, 710, 682, 665, 556, 540, 669, 633, 569, 627, 618, 669, 593, 525, 644, 752, 697, 598, 555, 705, 662, 553, 604, 680, 620, 516, 656, 616, 590, 545, 608, 604, 584, 637, 714, 656, 583, 509, 572, 667, 530, 613, 689, 673, 640, 554, 638, 666, 639, 665, 695, 602, 476, 530, 663, 615, 546, 660, 626, 565, 515, 567, 673, 627, 570, 597, 573, 505, 597, 664, 552, 567, 592, 607, 543, 592, 619, 606, 596, 503, 587, 585, 603, 601, 635, 556, 513, 623, 568, 578, 665, 610, 749, 602, 540, 596, 711, 812, 733, 899, 857, 620, 643, 668, 764, 730, 611, 804, 777, 621, 621, 644, 746, 687, 624, 666, 666, 656, 611, 601, 605, 584, 610, 638, 643, 636, 598, 586, 563, 553, 576, 585, 684, 691, 604, 548, 617, 621, 596, 568, 648, 657, 517, 545, 689, 643, 598, 488, 510, 613, 577, 516, 577, 646, 527, 608, 653, 646, 577, 523, 747, 758, 524, 537, 631, 554, 489, 438, 607, 626, 550, 559, 693, 596, 510, 434, 528, 677, 430, 528, 539, 561, 549, 525, 497, 489, 519, 553, 528, 585, 547, 547, 567, 466, 474, 524, 464, 372, 477, 570, 468, 443, 556, 602, 598, 543, 557, 584, 558, 488, 521, 503, 499, 473, 500, 421, 498, 577, 512, 443, 446, 446, 464, 433, 468, 544, 416, 419, 438, 460, 444, 392, 451, 487, 449, 386, 411, 484, 512, 448, 448, 510, 495, 418, 408, 440, 443, 447, 441, 508, 484, 449, 459, 468, 453, 397, 415, 455]"
-0.6225703358650208,-0.08485859632492065,-0.5660687685012817,-0.40191787481307983,0.012191414833068848,-0.850982129573822,-0.12016397714614868,-1.292637825012207,1.3310909271240234,24.0,-0.5536355972290039,0.9294033050537109,25.75,-0.5316057205200195,0.9365558624267578,19.75,-0.38669490814208984,0.7069587707519531,22.5,-0.3178873062133789,0.6687641143798828,30.0,"[626, 652, 647, 638, 559, 635, 647, 652, 589, 559, 592, 612, 555, 575, 641, 674, 527, 559, 587, 517, 530, 560, 568, 528, 524, 491, 574, 576, 510, 521, 490, 551, 449, 530, 663, 546, 468, 436, 365, 430, 512, 493, 502, 507, 461, 467, 496, 549, 508, 474, 502, 476, 516, 554, 496, 467, 536, 565, 539, 528, 530, 601, 588, 511, 542, 524, 525, 533, 513, 599, 655, 515, 593, 687, 540, 616, 595, 616, 652, 484, 636, 643, 521, 607, 709, 601, 487, 498, 515, 547, 573, 583, 493, 521, 523, 513, 451, 506, 527, 546, 515, 552, 612, 566, 447, 556, 551, 556, 585, 595, 567, 465, 532, 560, 540, 527, 551, 562, 578, 464, 488, 584, 573, 549, 594, 627, 566, 507, 467, 493, 565, 546, 502, 482, 510, 493, 502, 518, 605, 597, 540, 540, 582, 542, 505, 501, 529, 608, 607, 477, 604, 656, 521, 484, 541, 601, 529, 464, 539, 617, 502, 542, 566, 588, 505, 531, 591, 506, 493, 580, 530, 591, 510, 477, 548, 515, 556, 631, 604, 546, 552, 597, 508, 501, 551, 583, 611, 557, 552, 533, 538, 497, 501, 517, 519, 520, 488, 517, 466, 471, 629, 576, 491, 556, 540, 519, 470, 579, 572, 532, 502, 635, 596, 516, 495, 579, 622, 499, 512, 606, 640, 528, 508, 649, 515, 533, 553, 472, 484, 521, 569, 576, 422, 579, 600, 510, 568, 589, 588, 548, 544, 583, 551, 559, 597, 568, 612, 551, 530, 552, 540, 570, 623, 603, 574, 548, 528, 634, 562, 544, 523, 487, 537, 515, 586, 590, 525, 469, 516, 566, 572, 623, 532, 472, 523, 497, 492, 533, 569, 562, 535, 559, 568, 486, 442, 536, 552, 538, 609, 590, 563, 525, 538, 598, 576, 575, 551, 538, 546, 555, 564, 537, 550, 560, 519, 515, 563, 580, 502, 523, 638, 629, 649, 904, 824, 914, 688, 924, 1381, 1157, 1743, 1873, 2471, 2826, 1785, 2071, 5128, 4894, 3507, 2603, 4074, 4780, 3242, 3087, 8591, 8715, 2801, 2141, 3137, 3818, 2615, 2512, 6541, 6588, 4439, 2881, 4477, 3535, 2512, 2665, 6462, 7541, 10860, 6459, 12116, 8625, 5921, 6093, 17699, 20591, 11606, 6394, 13259, 9812, 6609, 6090, 19523, 22811, 5432, 3082, 6376, 5250, 3465, 3053, 9613, 11013, 1391, 1566, 2384, 1857, 1075, 1358, 2753, 2705, 850, 3644, 4313, 2286, 852, 1806, 2825, 2312, 1667, 6597, 7556, 3718, 1431, 2783, 4659, 3940, 1719, 5734, 6288, 2912, 1332, 2398, 4211, 3440, 1440, 2978, 2715, 1229, 927, 1860, 2410, 1371, 1135, 3439, 3501, 1654, 768, 2158, 3164, 2074, 981, 2972, 3089, 1480, 760, 1789, 2685, 1865, 794, 1423, 1480, 871, 616, 942, 1231, 897, 614, 643, 688, 649, 541, 512, 676, 722, 601, 669, 681, 601, 574, 575, 523, 595, 731, 720, 644, 714, 727, 639, 637, 708, 716, 704, 828, 854, 790, 699, 738, 815, 766, 741, 711, 762, 727, 576, 615, 648, 790, 698, 585, 626, 637, 639, 560, 596, 761, 612, 545, 597, 621, 621, 539, 712, 869, 608, 612, 688, 756, 660, 643, 788, 803, 629, 589, 673, 645, 637, 585, 730, 715, 792, 769, 556, 699, 770, 639, 692, 1451, 2718, 2442, 889, 1118, 1378, 1175, 885, 2780, 5494, 4866, 1528, 1905, 2226, 2196, 1362, 3286, 5397, 4326, 1437, 2110, 2422, 2801, 2019, 1939, 2090, 1666, 1198, 1472, 2096, 1995, 1716, 1115, 2456, 2608, 1335, 1139, 1157, 784, 937, 2174, 3214, 2542, 1416, 1263, 1274, 1288, 958, 1735, 2088, 1571, 1156, 1173, 1235, 1222, 987, 958, 1033, 878, 646, 781, 943, 855, 818, 760, 868, 831, 681, 728, 773, 873, 841, 703, 743, 692, 743, 645, 596, 865, 852, 748, 753, 670, 711, 641, 711, 854, 842, 869, 871, 726, 631, 606, 729, 814, 818, 861, 916, 861, 668, 675, 797, 777, 773, 823, 780, 791, 662, 769, 793, 698, 732, 719, 758, 714, 618, 701, 701, 711, 703, 540, 610, 710, 680, 620, 618, 733, 684, 604, 661, 761, 694, 605, 613, 761, 785, 666, 645, 773, 659, 716, 702, 891, 942, 658, 676, 717, 717, 723, 661, 864, 928, 618, 637, 751, 736, 566, 658, 799, 742, 639, 635, 659, 657, 538, 601, 630, 610, 683, 684, 617, 585, 634, 669, 589, 557, 656, 728, 612, 595, 637, 670, 658, 574, 710, 781, 673, 587, 617, 722, 666, 549, 591, 770, 719, 513, 605, 726, 662, 524, 563, 570, 632, 557, 551, 691, 616, 490, 555, 523, 557, 599, 576, 629, 612, 604, 688, 566, 475, 568, 571, 548, 586, 626, 620, 724, 593, 459, 498, 581, 593, 531, 594, 734, 710, 542, 561, 606, 637, 584, 487, 583, 710, 619, 538, 571, 695, 652, 608, 529, 650, 643, 537, 631, 545, 566, 566, 536, 582, 568, 524, 526, 517, 512, 624, 570, 616, 601, 631, 598, 601, 645, 676, 689, 630, 623, 633, 607, 621, 701, 591, 633, 583, 539, 564, 448, 494, 550, 545, 548, 568, 586, 574, 467, 628, 626, 549, 591, 659, 640, 675, 619, 699, 678, 732, 676, 592, 775, 920, 731, 609, 748, 666, 515, 566, 723, 750, 613, 638, 732, 570, 459, 588, 626, 671, 642, 553, 665, 818, 643, 681, 652, 667, 747, 781, 873, 802, 720, 775, 761, 728, 645, 798, 892, 511, 604, 774, 623, 548, 626, 704, 721, 649, 633, 602, 531, 560, 643, 742, 755, 798, 699, 627, 626, 696, 773, 757, 765, 685, 738, 723, 658, 643, 713, 754, 774, 571, 696, 729, 618, 584, 593, 732, 736, 578, 653, 655, 566, 563, 688, 789, 720, 604, 652, 642, 512, 581, 674, 731, 649, 561, 673, 618, 503, 512, 590, 659, 572, 509, 573, 593, 497, 511, 516, 550, 528, 646, 576, 604, 623, 536, 582, 580, 558, 554, 569, 651, 612, 538, 641, 661, 554, 669, 620, 582, 624, 561, 534, 623, 679, 655, 543, 452, 599, 545, 456, 586, 623, 515, 511, 451, 456, 456, 497, 562, 545, 491, 524, 475, 398, 432, 522, 461, 440, 473, 435, 416, 397, 512, 449, 461, 499, 475, 457, 405, 505, 485, 484, 590, 490, 436, 449, 406, 439, 408, 437, 473, 469, 500, 451, 425, 415, 436, 424, 378, 466, 556, 502, 439, 466, 461, 484, 424, 467]"
-0.6769812107086182,-0.050984449684619904,-0.6021362543106079,-0.418226957321167,0.09384705126285553,-0.8254780769348145,-0.09864907711744308,-1.2676000595092773,1.1957645416259766,25.5,-1.2676000595092773,1.3272285461425781,23.5,-0.2814054489135742,0.6624698638916016,20.5,-0.27725696563720703,0.6561756134033203,26.5,-0.26438236236572266,0.6543159484863281,-32.0,"[528, 588, 670, 756, 786, 752, 671, 586, 553, 620, 638, 670, 734, 756, 651, 525, 544, 657, 589, 549, 633, 641, 557, 482, 531, 557, 618, 631, 521, 463, 555, 567, 463, 513, 496, 499, 514, 446, 471, 485, 559, 520, 465, 407, 528, 567, 497, 488, 479, 552, 482, 414, 473, 513, 471, 415, 616, 554, 453, 553, 580, 543, 485, 578, 550, 484, 507, 567, 568, 470, 527, 606, 487, 561, 531, 469, 509, 471, 534, 497, 550, 601, 581, 537, 513, 467, 550, 595, 515, 558, 533, 599, 553, 556, 574, 521, 559, 495, 539, 620, 540, 512, 534, 562, 485, 451, 480, 490, 470, 481, 538, 499, 521, 598, 595, 536, 535, 592, 534, 450, 620, 570, 573, 538, 547, 536, 509, 610, 543, 495, 562, 495, 511, 583, 507, 539, 573, 648, 573, 548, 559, 585, 589, 546, 599, 586, 516, 506, 521, 525, 591, 590, 587, 589, 598, 554, 600, 619, 642, 648, 565, 474, 546, 536, 536, 561, 554, 660, 640, 622, 636, 630, 582, 587, 587, 599, 490, 574, 661, 621, 583, 557, 508, 548, 512, 484, 593, 584, 636, 614, 498, 586, 595, 583, 601, 557, 647, 610, 485, 600, 570, 564, 625, 539, 603, 623, 547, 597, 519, 496, 586, 541, 498, 515, 593, 590, 649, 525, 538, 534, 517, 526, 539, 635, 571, 508, 605, 550, 457, 482, 530, 588, 534, 508, 644, 632, 463, 513, 587, 622, 536, 503, 526, 516, 472, 519, 572, 564, 391, 445, 463, 438, 440, 446, 539, 520, 460, 511, 587, 514, 490, 546, 514, 532, 486, 538, 632, 607, 499, 531, 544, 541, 634, 541, 630, 623, 506, 470, 504, 587, 573, 577, 564, 520, 610, 619, 462, 503, 467, 489, 570, 529, 558, 573, 470, 478, 543, 635, 594, 557, 595, 635, 662, 600, 677, 1268, 1502, 1436, 753, 1513, 2720, 2263, 2667, 2614, 3877, 4323, 2363, 3414, 8145, 7722, 3952, 3025, 4913, 5621, 3536, 3900, 10061, 10011, 2344, 2041, 2589, 3132, 2088, 2670, 5525, 5273, 4860, 4515, 6750, 5306, 3155, 4736, 9499, 9685, 14096, 11958, 20634, 15501, 8279, 11330, 27654, 29735, 15764, 12400, 23096, 17984, 9292, 11385, 29979, 33135, 7727, 5436, 11044, 9352, 5042, 4871, 13793, 15681, 2954, 1743, 3936, 3586, 2183, 1575, 4908, 5711, 2338, 2891, 3284, 2456, 1686, 2048, 3940, 3934, 3552, 4950, 4513, 2695, 2200, 3487, 4492, 3471, 2720, 5729, 6133, 3006, 1808, 2731, 2807, 2409, 2194, 6579, 6690, 2851, 1506, 2606, 4574, 3345, 2373, 4332, 3979, 1804, 1246, 2180, 3354, 2610, 1554, 1922, 1646, 953, 885, 1070, 1203, 1221, 992, 1619, 1537, 1004, 717, 984, 1351, 978, 744, 1120, 1175, 819, 632, 760, 962, 824, 609, 869, 913, 648, 675, 705, 692, 712, 593, 862, 822, 540, 526, 679, 732, 589, 623, 841, 765, 571, 547, 660, 810, 631, 671, 972, 762, 658, 785, 713, 936, 761, 563, 812, 771, 680, 686, 616, 890, 774, 595, 604, 610, 698, 651, 572, 716, 685, 677, 715, 735, 730, 643, 610, 738, 738, 598, 678, 744, 821, 771, 641, 593, 625, 703, 743, 774, 894, 837, 727, 699, 629, 988, 1303, 1139, 806, 778, 699, 691, 578, 1933, 4005, 3753, 1458, 1283, 1635, 1583, 985, 2936, 5741, 5023, 1427, 2695, 2966, 2453, 1559, 2841, 4060, 3156, 2057, 3022, 2321, 2334, 2396, 2102, 2401, 3242, 3308, 2201, 1370, 2082, 2227, 2039, 1973, 2723, 2860, 1972, 1628, 1731, 1893, 1902, 1504, 1581, 1680, 1458, 1988, 1347, 1407, 1135, 934, 1037, 907, 894, 1226, 951, 985, 892, 813, 745, 754, 706, 766, 783, 738, 650, 682, 712, 869, 662, 627, 783, 721, 704, 769, 761, 734, 593, 799, 972, 892, 668, 708, 713, 653, 642, 829, 865, 714, 695, 689, 772, 748, 704, 727, 689, 721, 729, 817, 926, 914, 756, 762, 840, 829, 723, 899, 1000, 917, 666, 736, 934, 917, 668, 828, 947, 882, 537, 637, 860, 831, 617, 804, 891, 668, 520, 646, 853, 759, 658, 815, 679, 639, 687, 639, 637, 591, 679, 769, 735, 624, 704, 693, 628, 614, 586, 720, 759, 655, 695, 782, 683, 576, 566, 645, 689, 652, 565, 679, 755, 601, 608, 674, 642, 566, 537, 561, 646, 650, 652, 590, 559, 637, 585, 519, 669, 697, 584, 599, 563, 578, 557, 522, 603, 630, 632, 591, 619, 658, 570, 586, 533, 553, 504, 518, 556, 478, 562, 677, 613, 583, 610, 629, 707, 633, 576, 713, 731, 669, 664, 745, 724, 544, 547, 704, 761, 660, 670, 620, 602, 659, 603, 597, 584, 589, 648, 578, 615, 631, 564, 565, 646, 674, 582, 623, 728, 655, 635, 675, 670, 701, 573, 643, 761, 629, 613, 633, 668, 675, 501, 506, 470, 434, 453, 457, 525, 562, 550, 497, 537, 542, 517, 505, 597, 643, 568, 488, 555, 588, 587, 625, 645, 600, 601, 573, 563, 590, 528, 651, 661, 627, 587, 555, 559, 525, 565, 606, 572, 649, 694, 679, 687, 671, 731, 721, 691, 797, 662, 681, 682, 732, 660, 690, 856, 778, 758, 727, 591, 789, 728, 847, 1234, 1131, 809, 650, 592, 800, 740, 673, 1212, 1303, 772, 802, 795, 637, 662, 725, 968, 954, 786, 1187, 1134, 796, 643, 857, 1036, 872, 819, 1385, 1494, 999, 626, 851, 1237, 1101, 746, 1273, 1500, 1008, 630, 781, 1130, 1062, 700, 949, 1067, 869, 649, 719, 934, 925, 710, 743, 858, 727, 652, 672, 791, 882, 560, 624, 764, 713, 635, 617, 774, 717, 577, 690, 777, 674, 587, 683, 746, 686, 627, 540, 637, 785, 675, 623, 786, 719, 584, 541, 748, 751, 605, 670, 696, 612, 702, 627, 806, 782, 571, 574, 726, 763, 639, 623, 775, 733, 601, 662, 768, 744, 538, 653, 751, 636, 586, 645, 695, 630, 504, 532, 674, 614, 519, 545, 604, 561, 559, 567, 622, 573, 529, 628, 612, 644, 497, 566, 605, 479, 446, 534, 636, 591, 506, 589, 615, 584, 520, 566, 698, 655, 508, 590, 556, 582, 544, 442, 597, 608, 593, 577, 505, 518, 522, 511, 498, 518, 455, 416, 392, 472, 444, 410, 473, 433, 472, 486, 438, 427, 432, 426, 458, 500, 394, 423, 459, 455, 427, 414, 463, 473, 427, 401, 474, 500, 400, 387, 501, 472]"
-0.7804524302482605,-0.04851112887263298,-0.6686354875564575,-0.553472638130188,0.08489751815795898,-0.8055516481399536,-0.23648682236671448,-0.2941373586654663,0.7890701293945312,-32.0,-0.2872709035873413,0.780487060546875,23.0,-0.23634469509124756,0.6975173950195312,22.5,-0.18742120265960693,0.3556251525878906,17.75,-0.16882455348968506,0.5943775177001953,30.25,"[616, 694, 677, 701, 733, 702, 676, 691, 611, 631, 617, 697, 747, 733, 693, 634, 589, 608, 609, 596, 626, 690, 611, 547, 434, 531, 585, 522, 515, 601, 565, 478, 521, 481, 558, 543, 541, 536, 501, 490, 451, 429, 521, 593, 514, 509, 566, 522, 499, 531, 518, 540, 476, 511, 533, 459, 466, 522, 577, 583, 530, 516, 552, 526, 475, 572, 624, 530, 444, 480, 571, 518, 566, 586, 679, 595, 415, 483, 538, 539, 592, 673, 628, 573, 521, 490, 508, 531, 581, 596, 636, 710, 694, 559, 593, 643, 538, 553, 585, 621, 552, 555, 614, 536, 562, 604, 604, 565, 561, 534, 556, 537, 524, 635, 570, 529, 515, 533, 607, 512, 454, 557, 587, 565, 506, 530, 617, 574, 452, 506, 597, 530, 429, 469, 523, 540, 446, 553, 593, 485, 484, 463, 476, 535, 445, 601, 704, 543, 528, 607, 563, 467, 573, 616, 540, 508, 555, 593, 548, 511, 614, 606, 562, 536, 555, 485, 480, 506, 512, 503, 545, 594, 567, 534, 555, 542, 612, 688, 576, 557, 585, 693, 680, 584, 611, 624, 585, 569, 589, 685, 762, 621, 663, 611, 502, 479, 538, 674, 622, 613, 590, 514, 489, 553, 615, 637, 561, 575, 540, 488, 605, 623, 602, 560, 538, 603, 535, 521, 535, 555, 586, 532, 567, 645, 538, 529, 550, 529, 480, 521, 526, 512, 488, 475, 497, 514, 545, 576, 600, 481, 439, 533, 526, 572, 581, 562, 598, 525, 501, 551, 584, 623, 609, 564, 556, 606, 616, 619, 536, 533, 548, 617, 533, 551, 581, 653, 544, 528, 679, 671, 524, 450, 529, 619, 628, 527, 522, 540, 561, 524, 527, 613, 734, 638, 492, 499, 583, 598, 543, 549, 682, 756, 653, 536, 620, 646, 893, 1035, 1206, 1165, 910, 1101, 1715, 1636, 1899, 1755, 2535, 2374, 1604, 1948, 4210, 4245, 2057, 1821, 2802, 2646, 1700, 1967, 4411, 4475, 1160, 991, 1264, 1534, 1237, 1015, 1666, 1719, 3126, 3696, 4979, 3310, 2142, 3740, 8041, 7838, 11044, 11615, 17370, 11013, 7046, 12000, 28220, 28162, 15146, 14186, 22682, 14569, 9529, 14600, 36784, 37748, 8828, 7524, 12734, 8828, 5744, 7721, 20865, 21784, 1845, 2087, 3153, 2689, 1489, 2238, 5369, 5228, 1411, 2698, 2822, 1569, 1033, 1730, 2307, 1702, 1685, 3957, 4090, 2000, 1248, 2467, 3235, 2222, 2150, 5593, 6334, 3369, 1337, 3342, 5408, 4575, 2425, 7809, 9179, 4964, 1306, 5084, 9311, 7861, 2311, 6133, 6680, 3319, 1293, 4233, 7348, 5962, 1848, 4723, 5450, 2967, 1178, 2746, 5166, 4632, 1250, 3629, 4575, 2796, 1016, 1832, 3514, 3498, 1160, 2349, 2882, 1894, 1019, 1229, 2121, 2294, 835, 1653, 2003, 1465, 867, 998, 1540, 1483, 984, 1662, 1869, 1326, 859, 1222, 1710, 1398, 858, 1204, 1480, 1096, 809, 1046, 1405, 1271, 759, 904, 1013, 826, 728, 775, 1007, 970, 720, 790, 770, 628, 630, 598, 727, 698, 638, 612, 746, 750, 642, 545, 575, 684, 460, 637, 805, 646, 456, 584, 676, 641, 610, 643, 676, 639, 612, 746, 703, 626, 734, 699, 640, 693, 665, 793, 696, 639, 803, 869, 819, 752, 642, 691, 682, 623, 1186, 1695, 1537, 838, 937, 1007, 784, 729, 2184, 3828, 3382, 1475, 1962, 2486, 1869, 913, 3846, 5967, 5005, 2385, 3457, 4145, 3362, 1707, 4691, 5527, 4179, 2894, 3538, 3989, 3611, 2230, 4383, 4006, 3122, 3255, 2453, 3666, 3451, 2364, 3037, 2510, 2709, 2842, 1605, 2873, 2742, 1963, 1352, 1065, 1629, 1550, 973, 1358, 1338, 1237, 843, 791, 883, 701, 677, 752, 687, 789, 826, 787, 711, 672, 655, 716, 703, 720, 784, 704, 772, 746, 594, 691, 810, 825, 797, 847, 881, 733, 584, 676, 709, 798, 676, 797, 956, 836, 618, 668, 760, 768, 767, 815, 947, 846, 725, 695, 841, 817, 799, 798, 915, 891, 742, 811, 875, 849, 844, 841, 806, 760, 740, 689, 770, 857, 778, 822, 797, 609, 641, 781, 805, 757, 809, 854, 833, 668, 656, 798, 818, 838, 820, 886, 820, 799, 771, 830, 795, 955, 781, 633, 669, 737, 767, 737, 669, 748, 687, 640, 685, 612, 743, 733, 659, 684, 682, 709, 689, 664, 728, 685, 601, 646, 701, 665, 785, 758, 590, 611, 635, 715, 734, 711, 845, 833, 708, 539, 771, 866, 842, 846, 806, 841, 772, 688, 806, 903, 838, 782, 748, 693, 763, 740, 774, 875, 584, 674, 709, 584, 523, 665, 711, 641, 530, 663, 743, 703, 689, 679, 779, 742, 508, 560, 683, 652, 630, 594, 683, 659, 623, 654, 656, 656, 677, 654, 679, 644, 601, 720, 800, 708, 596, 660, 718, 643, 647, 565, 623, 670, 705, 611, 671, 764, 649, 562, 670, 787, 760, 696, 865, 871, 715, 602, 669, 678, 698, 624, 856, 890, 723, 751, 875, 845, 731, 622, 922, 948, 620, 775, 884, 775, 663, 623, 850, 815, 667, 746, 717, 686, 708, 585, 618, 727, 633, 563, 698, 719, 612, 521, 631, 722, 618, 686, 724, 684, 739, 792, 756, 647, 745, 584, 816, 747, 700, 751, 1046, 1124, 967, 728, 1011, 983, 710, 758, 1634, 1758, 1068, 841, 1126, 1038, 877, 806, 1598, 1799, 995, 908, 1116, 1071, 941, 915, 1568, 1665, 967, 900, 930, 903, 816, 901, 1339, 1291, 939, 819, 813, 761, 786, 786, 815, 906, 660, 669, 780, 847, 733, 633, 910, 912, 726, 791, 1035, 898, 755, 737, 1163, 1257, 864, 682, 1025, 926, 848, 717, 1193, 1381, 677, 677, 786, 833, 683, 774, 939, 896, 645, 843, 916, 811, 731, 715, 901, 863, 742, 1117, 1253, 864, 639, 751, 1240, 1164, 840, 1126, 1076, 756, 609, 925, 1179, 937, 977, 821, 742, 704, 622, 743, 802, 860, 828, 602, 845, 806, 633, 577, 659, 950, 706, 652, 954, 921, 618, 568, 753, 953, 554, 771, 806, 654, 599, 561, 659, 714, 589, 699, 668, 545, 548, 591, 642, 629, 551, 583, 583, 506, 518, 579, 539, 639, 573, 582, 690, 565, 429, 595, 569, 588, 535, 521, 621, 537, 476, 572, 512, 511, 517, 539, 507, 479, 425, 471, 581, 563, 451, 547, 541, 449, 398, 487, 622, 516, 459, 472, 500, 555, 471, 472, 575, 527, 410, 438, 471, 432, 406, 376, 401, 435, 491, 487, 468, 449, 495, 405, 459, 544]"
-0.8102795481681824,0.005360092967748642,-0.6560585498809814,-0.5353690385818481,0.12808556854724884,-0.6610425710678101,-0.20902888476848602,-1.172507882118225,2.284383773803711,15.75,-0.15884745121002197,0.6277084350585938,31.25,-0.15884745121002197,0.6671905517578125,21.25,0.8302081823348999,2.036905288696289,16.25,1.1600841283798218,1.5625476837158203,19.75,"[572, 644, 623, 576, 461, 574, 623, 647, 540, 578, 612, 655, 579, 571, 620, 609, 517, 624, 564, 543, 543, 591, 557, 462, 510, 484, 462, 531, 533, 564, 501, 457, 576, 561, 546, 575, 590, 579, 522, 504, 571, 562, 591, 578, 568, 547, 545, 505, 527, 478, 495, 496, 456, 463, 543, 541, 534, 506, 518, 542, 546, 540, 454, 499, 474, 497, 498, 492, 453, 511, 462, 478, 482, 536, 524, 501, 526, 576, 571, 506, 593, 606, 581, 524, 529, 625, 550, 448, 613, 568, 542, 544, 519, 600, 570, 529, 510, 553, 662, 589, 487, 517, 604, 602, 598, 601, 656, 677, 600, 520, 589, 627, 465, 462, 525, 637, 579, 457, 587, 612, 515, 525, 507, 537, 520, 540, 612, 598, 464, 512, 435, 483, 515, 503, 499, 443, 510, 487, 518, 522, 495, 423, 460, 523, 613, 616, 558, 510, 570, 550, 555, 556, 525, 509, 572, 490, 531, 573, 612, 560, 534, 533, 507, 508, 538, 562, 546, 522, 697, 677, 477, 455, 600, 714, 544, 484, 643, 571, 600, 564, 619, 696, 575, 599, 546, 526, 502, 534, 658, 618, 514, 602, 474, 477, 472, 449, 523, 518, 479, 528, 564, 638, 550, 538, 551, 495, 545, 521, 612, 563, 552, 592, 557, 545, 526, 551, 538, 559, 562, 551, 563, 542, 444, 548, 571, 584, 460, 499, 597, 511, 529, 552, 617, 643, 641, 602, 616, 669, 648, 632, 598, 591, 610, 620, 553, 603, 621, 552, 556, 561, 624, 588, 591, 580, 580, 528, 582, 537, 562, 612, 580, 570, 586, 632, 538, 489, 546, 605, 602, 516, 539, 629, 512, 553, 587, 543, 544, 573, 588, 591, 614, 640, 568, 563, 599, 670, 729, 696, 877, 679, 883, 1167, 897, 870, 1385, 1401, 1359, 856, 1413, 2212, 1555, 1281, 2655, 2589, 1297, 977, 1493, 2389, 1732, 1241, 2804, 2740, 789, 884, 885, 1197, 1026, 901, 1403, 1240, 2881, 3662, 4479, 2938, 1873, 3775, 6899, 6389, 10576, 11910, 17225, 11073, 6481, 11756, 25789, 25562, 16146, 16941, 26600, 17677, 9718, 16532, 39523, 40181, 11442, 11044, 17760, 12887, 7146, 11524, 27869, 28328, 5202, 4656, 6361, 6183, 3419, 5381, 11261, 11144, 2713, 7327, 10262, 6585, 2130, 5170, 10266, 9602, 1703, 6443, 8189, 4750, 1099, 3796, 7098, 6252, 2942, 6293, 6264, 3302, 1279, 4604, 6811, 4811, 4442, 11344, 11321, 5281, 1814, 7863, 12472, 9314, 3388, 9365, 9085, 4011, 1616, 6672, 10381, 7268, 1897, 4437, 4572, 2160, 1090, 2786, 4295, 3168, 2846, 5865, 6159, 3099, 1358, 2427, 4328, 3911, 2611, 6685, 7095, 3458, 1367, 3213, 6014, 4958, 1515, 3307, 3241, 1604, 1038, 1868, 3043, 2294, 1231, 2326, 2673, 1537, 944, 1887, 2071, 1567, 1153, 2638, 3012, 1656, 868, 1829, 2649, 2080, 1028, 1651, 1706, 1075, 808, 1192, 1517, 1198, 875, 1134, 1024, 852, 770, 978, 1157, 916, 742, 784, 724, 720, 771, 794, 850, 832, 546, 665, 698, 611, 638, 606, 639, 655, 709, 715, 716, 772, 703, 580, 549, 603, 940, 1256, 1121, 780, 773, 810, 887, 667, 1804, 2942, 2410, 891, 1392, 1658, 1686, 785, 2969, 4747, 3543, 922, 2136, 2321, 2186, 833, 4015, 5694, 4117, 1669, 2744, 2646, 2462, 1443, 6096, 7322, 5851, 4426, 4352, 4525, 4661, 3273, 5141, 5304, 5919, 5850, 4332, 5008, 5211, 3537, 3881, 4466, 4976, 4347, 3339, 3261, 3129, 2839, 2755, 3568, 3564, 2777, 1991, 2440, 2131, 1681, 1670, 2066, 1641, 1199, 1142, 1637, 1590, 1177, 934, 1021, 1016, 839, 753, 857, 934, 1028, 881, 1219, 1371, 1059, 842, 843, 1135, 1176, 711, 1113, 1202, 920, 845, 888, 1029, 991, 755, 901, 1007, 836, 729, 818, 927, 866, 816, 769, 867, 766, 692, 876, 974, 984, 786, 840, 912, 771, 626, 767, 928, 846, 753, 889, 858, 710, 739, 900, 924, 864, 593, 834, 762, 600, 694, 819, 847, 680, 765, 765, 801, 755, 703, 746, 735, 758, 827, 737, 792, 746, 550, 747, 852, 853, 754, 740, 775, 632, 633, 762, 735, 710, 702, 651, 762, 633, 705, 673, 692, 763, 650, 715, 771, 662, 596, 609, 701, 761, 691, 660, 681, 625, 566, 633, 645, 632, 628, 637, 695, 568, 514, 623, 683, 600, 652, 678, 615, 612, 559, 633, 676, 622, 667, 776, 653, 556, 600, 591, 606, 588, 738, 747, 668, 661, 580, 605, 652, 603, 837, 724, 719, 778, 647, 573, 651, 754, 848, 733, 782, 774, 706, 633, 716, 902, 988, 785, 909, 1019, 1002, 738, 760, 1062, 913, 695, 802, 1001, 930, 636, 847, 1077, 755, 617, 655, 729, 677, 768, 768, 803, 709, 601, 599, 694, 751, 673, 750, 748, 724, 715, 732, 769, 726, 667, 782, 835, 723, 673, 736, 732, 687, 643, 733, 750, 693, 636, 702, 791, 725, 685, 764, 816, 843, 687, 597, 707, 694, 679, 764, 883, 761, 676, 718, 661, 657, 682, 650, 773, 625, 563, 696, 719, 678, 606, 745, 768, 661, 634, 806, 860, 816, 695, 781, 855, 589, 762, 936, 765, 611, 778, 852, 692, 832, 1019, 1350, 1245, 849, 1067, 1878, 1733, 2472, 1443, 2867, 3150, 2194, 1680, 5090, 5464, 3750, 1528, 3502, 4559, 3472, 1731, 6919, 7797, 2742, 1264, 2710, 3999, 2984, 1354, 5285, 5817, 1262, 882, 1750, 2503, 1725, 848, 2491, 2572, 856, 866, 1281, 1367, 1009, 716, 1102, 1166, 1078, 1204, 1539, 1372, 946, 955, 1455, 1509, 1033, 1428, 1564, 1233, 863, 1185, 1427, 1183, 833, 1176, 1326, 1120, 913, 1054, 1085, 959, 764, 934, 946, 831, 937, 1008, 987, 926, 1048, 797, 739, 834, 1060, 832, 1137, 1459, 1158, 812, 814, 917, 954, 717, 1176, 1496, 933, 847, 837, 841, 859, 807, 1058, 1109, 781, 799, 907, 863, 673, 645, 812, 902, 704, 691, 802, 702, 565, 615, 825, 848, 661, 829, 842, 752, 618, 702, 786, 743, 682, 841, 803, 659, 642, 610, 797, 787, 769, 691, 773, 774, 572, 687, 1036, 1047, 722, 676, 882, 735, 539, 781, 1169, 1217, 604, 691, 942, 792, 555, 726, 1067, 1039, 636, 671, 743, 707, 609, 714, 859, 811, 475, 485, 566, 525, 484, 627, 656, 577, 399, 511, 511, 551, 577, 587, 588, 493, 396, 481, 508, 590, 531, 560, 621, 499, 419, 404, 516, 565, 484, 441, 544, 565, 424, 355, 447, 474, 399, 410, 457, 493]"
-0.8832924365997314,-0.016086876392364502,-0.7974507808685303,-0.572582483291626,0.11098082363605499,-0.7884691953659058,-0.19935619831085205,-0.06807506084442139,0.5352973937988281,25.25,-0.055629611015319824,0.5290031433105469,26.75,-0.018293261528015137,0.48079490661621094,22.75,0.0011616945266723633,0.3647804260253906,20.25,0.37953197956085205,-0.7518768310546875,18.25,"[546, 528, 567, 582, 578, 584, 565, 521, 478, 576, 616, 579, 516, 534, 602, 518, 455, 592, 617, 543, 543, 567, 622, 551, 576, 547, 558, 541, 575, 549, 529, 574, 512, 523, 444, 410, 492, 577, 575, 523, 488, 505, 512, 476, 526, 527, 541, 480, 447, 543, 557, 507, 520, 432, 472, 501, 499, 514, 522, 567, 547, 514, 511, 507, 539, 528, 482, 460, 500, 461, 495, 512, 483, 469, 443, 504, 464, 356, 477, 545, 567, 610, 554, 560, 547, 535, 541, 543, 592, 598, 565, 622, 645, 611, 588, 580, 523, 537, 594, 649, 598, 537, 508, 553, 554, 532, 621, 691, 616, 514, 541, 597, 497, 586, 604, 550, 558, 575, 610, 530, 496, 561, 555, 488, 526, 609, 600, 528, 547, 544, 481, 439, 484, 523, 474, 491, 584, 483, 477, 481, 520, 538, 556, 606, 557, 475, 432, 523, 543, 452, 527, 604, 537, 486, 470, 597, 582, 504, 553, 556, 458, 477, 495, 560, 534, 445, 498, 542, 512, 509, 525, 539, 586, 571, 572, 578, 496, 566, 575, 530, 608, 680, 642, 536, 522, 586, 663, 634, 569, 606, 682, 645, 486, 544, 525, 508, 564, 565, 600, 615, 553, 542, 534, 564, 624, 589, 542, 563, 553, 633, 565, 604, 631, 577, 558, 566, 551, 564, 572, 617, 584, 544, 545, 563, 427, 426, 481, 497, 546, 538, 556, 512, 486, 608, 574, 522, 530, 576, 570, 479, 557, 575, 612, 650, 628, 563, 602, 569, 521, 598, 610, 598, 520, 495, 523, 472, 479, 483, 428, 444, 525, 528, 548, 494, 565, 582, 597, 539, 528, 538, 571, 591, 659, 569, 595, 516, 559, 607, 577, 606, 684, 622, 545, 483, 572, 660, 563, 606, 741, 1221, 1047, 873, 629, 1474, 1873, 1231, 1747, 3387, 3539, 3369, 1226, 4583, 7518, 5705, 3273, 4728, 5457, 5651, 2478, 6733, 12046, 9948, 3021, 3621, 4600, 4673, 2223, 5180, 10138, 8940, 2042, 1985, 2896, 2801, 1640, 2641, 5801, 5498, 1162, 1814, 2081, 1588, 863, 2016, 4074, 3592, 2151, 2968, 3869, 2545, 1473, 3333, 7530, 7077, 2637, 3711, 4953, 3087, 1718, 3866, 8877, 8450, 2349, 3148, 3580, 2406, 1428, 2946, 5974, 5647, 3530, 5353, 4690, 2092, 1761, 3317, 5281, 3795, 4470, 7386, 5720, 1844, 1937, 3950, 5760, 3139, 3433, 6015, 5142, 2225, 1598, 3080, 5032, 3605, 3111, 6913, 7186, 3713, 1531, 3877, 6841, 5455, 3872, 10693, 11121, 5368, 2048, 6171, 9869, 7073, 6373, 16979, 16605, 6977, 3009, 8413, 13892, 9357, 5953, 16594, 15892, 6325, 2631, 7989, 13581, 9094, 2178, 5947, 5677, 2360, 1123, 3135, 5428, 3846, 1323, 2897, 2803, 1313, 1072, 2121, 2493, 1741, 881, 2533, 2759, 1344, 784, 1484, 2188, 1789, 759, 1381, 1552, 985, 731, 1010, 1368, 1206, 763, 962, 974, 706, 593, 714, 833, 830, 686, 896, 884, 774, 649, 614, 741, 675, 531, 883, 964, 647, 587, 702, 810, 673, 662, 851, 787, 495, 653, 695, 660, 618, 883, 1306, 1235, 636, 860, 998, 811, 685, 1311, 2691, 2818, 1141, 1526, 2293, 1612, 1010, 1680, 3536, 3574, 1330, 1935, 2860, 1914, 1064, 1659, 2981, 2677, 1057, 1814, 2035, 1293, 1053, 3322, 4419, 3553, 2222, 2535, 2438, 1999, 2123, 5132, 6469, 5705, 3801, 3095, 2777, 3003, 3322, 3772, 5101, 4567, 2999, 2641, 2739, 2351, 2547, 2220, 2823, 2587, 1573, 1751, 2300, 2074, 1692, 1364, 1613, 1326, 819, 939, 1307, 1548, 1338, 1268, 1398, 1228, 886, 879, 1253, 1401, 1137, 839, 914, 893, 783, 769, 962, 993, 843, 813, 802, 768, 640, 704, 824, 747, 728, 803, 894, 726, 622, 740, 808, 734, 584, 836, 909, 734, 592, 747, 869, 877, 679, 828, 871, 757, 700, 771, 895, 764, 656, 759, 685, 650, 675, 705, 771, 687, 667, 625, 638, 661, 718, 697, 731, 707, 676, 690, 677, 668, 640, 661, 691, 710, 697, 724, 713, 750, 712, 706, 802, 873, 797, 953, 750, 697, 847, 787, 722, 865, 1001, 752, 623, 696, 751, 620, 616, 727, 839, 603, 593, 752, 732, 641, 583, 726, 788, 741, 757, 733, 727, 809, 684, 792, 914, 854, 839, 766, 780, 843, 766, 870, 924, 858, 910, 894, 820, 765, 829, 955, 848, 667, 741, 795, 730, 605, 618, 693, 713, 827, 809, 754, 809, 755, 650, 769, 900, 775, 637, 610, 690, 761, 665, 694, 866, 686, 567, 505, 634, 680, 605, 575, 682, 705, 582, 607, 604, 661, 618, 557, 728, 557, 533, 719, 610, 550, 514, 703, 794, 773, 532, 776, 749, 701, 702, 764, 906, 736, 551, 686, 687, 743, 687, 702, 857, 748, 548, 685, 673, 658, 516, 714, 886, 661, 500, 647, 678, 597, 592, 750, 810, 742, 553, 650, 800, 640, 603, 645, 735, 712, 682, 708, 790, 632, 681, 764, 678, 750, 681, 715, 692, 760, 845, 863, 818, 700, 627, 687, 729, 828, 787, 791, 800, 888, 730, 617, 656, 788, 832, 666, 770, 785, 650, 544, 685, 703, 682, 602, 714, 831, 734, 642, 797, 779, 743, 693, 746, 781, 626, 695, 830, 718, 694, 809, 865, 819, 763, 1163, 1209, 813, 880, 1311, 1258, 1182, 993, 1868, 1922, 1033, 981, 1826, 1876, 1643, 1221, 1445, 1573, 1135, 863, 1778, 2004, 1861, 1475, 1559, 1052, 938, 1314, 2471, 2778, 1599, 1072, 1685, 1236, 873, 1088, 2411, 2730, 1109, 829, 1077, 884, 818, 830, 1278, 1466, 1120, 1447, 1412, 1043, 963, 1283, 1377, 1217, 1325, 2033, 2155, 1343, 1024, 1742, 2264, 1869, 1274, 1843, 1793, 1204, 979, 1605, 2101, 1682, 1075, 1306, 1237, 1076, 1023, 1084, 1314, 1084, 1097, 1432, 1242, 1048, 922, 960, 1325, 1128, 859, 1312, 945, 935, 855, 996, 1590, 1213, 787, 964, 866, 841, 747, 838, 1273, 1122, 937, 936, 839, 671, 718, 769, 864, 864, 1084, 1123, 933, 792, 750, 838, 828, 737, 906, 985, 1032, 894, 761, 756, 811, 803, 673, 787, 893, 815, 694, 628, 798, 823, 546, 621, 692, 703, 546, 634, 795, 730, 500, 669, 665, 590, 584, 749, 887, 643, 517, 619, 605, 515, 523, 598, 748, 720, 479, 438, 554, 521, 466, 517, 542, 569, 370, 432, 474, 474, 405, 475, 517, 439, 455, 489, 542, 537, 536, 525, 518, 485, 561, 521, 412, 551, 574, 545, 526, 475, 510, 455, 389, 411, 411, 384, 358, 435]"
-0.9736688137054443,-0.01678161695599556,-1.017020583152771,-0.652336061000824,0.10144403576850891,-0.980208158493042,-0.24728238582611084,-0.3962057828903198,1.2230873107910156,19.25,0.2583962678909302,0.48165321350097656,22.25,0.27198612689971924,0.3745079040527344,23.75,0.2722722291946411,0.3783702850341797,25.0,0.2789956331253052,0.4939556121826172,19.5,"[553, 577, 623, 618, 574, 619, 623, 574, 501, 522, 551, 629, 529, 545, 649, 569, 598, 564, 551, 559, 533, 571, 586, 570, 508, 524, 510, 494, 525, 533, 498, 491, 504, 501, 487, 494, 444, 485, 508, 493, 452, 440, 450, 394, 449, 547, 524, 480, 455, 528, 538, 478, 526, 469, 471, 454, 558, 561, 553, 572, 564, 543, 565, 565, 512, 429, 499, 583, 574, 506, 427, 543, 486, 519, 564, 551, 486, 473, 582, 589, 497, 503, 634, 587, 517, 534, 531, 541, 544, 568, 485, 516, 505, 505, 503, 497, 560, 526, 512, 581, 537, 459, 476, 521, 514, 565, 539, 558, 588, 541, 625, 555, 614, 659, 540, 526, 588, 577, 597, 524, 643, 639, 543, 608, 684, 700, 607, 553, 547, 569, 523, 534, 619, 626, 562, 589, 561, 553, 558, 539, 573, 579, 510, 546, 602, 614, 658, 594, 559, 496, 524, 647, 604, 549, 597, 618, 560, 482, 532, 645, 462, 540, 523, 447, 504, 471, 540, 559, 564, 561, 549, 494, 534, 547, 533, 601, 525, 589, 598, 486, 568, 609, 558, 585, 491, 507, 484, 474, 492, 520, 544, 521, 591, 509, 487, 456, 463, 451, 534, 596, 627, 619, 624, 616, 509, 599, 652, 598, 649, 541, 603, 648, 504, 525, 556, 594, 598, 633, 573, 525, 554, 541, 523, 530, 538, 541, 530, 549, 599, 506, 470, 537, 544, 610, 591, 562, 630, 600, 530, 570, 555, 558, 570, 574, 594, 584, 552, 565, 589, 619, 586, 565, 583, 508, 467, 543, 598, 551, 550, 584, 541, 482, 599, 644, 540, 567, 684, 620, 471, 551, 573, 570, 550, 535, 525, 533, 533, 600, 588, 509, 606, 503, 571, 611, 559, 610, 603, 552, 535, 477, 554, 676, 609, 615, 571, 496, 650, 593, 626, 625, 547, 694, 633, 624, 721, 866, 782, 656, 689, 1022, 1013, 765, 1034, 2348, 2080, 1442, 802, 2706, 3557, 2272, 1272, 4850, 4588, 3164, 1059, 5577, 8374, 5777, 1345, 5011, 4943, 3859, 1113, 6267, 9950, 7184, 1094, 3389, 3282, 2775, 895, 4698, 7479, 5467, 1450, 3175, 3173, 2302, 883, 3672, 5878, 4516, 1775, 4129, 3790, 1831, 964, 3200, 4930, 3427, 2976, 4678, 4522, 2472, 1676, 2467, 3529, 2868, 4274, 5629, 7363, 4607, 2298, 3983, 7651, 7568, 6596, 14393, 15034, 6891, 3588, 8930, 16147, 12733, 8243, 20316, 19438, 7400, 4661, 10735, 18117, 12625, 8099, 18053, 16127, 4943, 5635, 8479, 12871, 7918, 11779, 21943, 17977, 4610, 7397, 9521, 11922, 5426, 13106, 24035, 20247, 7130, 6674, 11661, 16047, 9095, 9180, 17248, 15234, 6493, 3891, 8911, 13294, 8956, 4197, 7237, 6253, 2827, 1620, 4040, 5668, 3686, 1705, 2650, 2225, 1126, 903, 1658, 2382, 1681, 1376, 1940, 1654, 825, 811, 1204, 1652, 1230, 1060, 1427, 1209, 693, 686, 1030, 1241, 852, 768, 877, 839, 743, 678, 773, 939, 743, 626, 729, 653, 662, 608, 667, 734, 654, 714, 932, 929, 689, 636, 809, 860, 699, 1197, 1776, 1427, 583, 983, 1206, 967, 687, 1847, 3061, 2481, 775, 1588, 1946, 1387, 698, 1939, 2905, 2448, 1091, 1682, 2069, 1515, 923, 1594, 2919, 3151, 1712, 1281, 2041, 1643, 1140, 1624, 3632, 4124, 2173, 1221, 2252, 1837, 1381, 1686, 3658, 3860, 1825, 1274, 1941, 1430, 1340, 1352, 2420, 2191, 904, 1146, 1373, 1154, 961, 892, 933, 967, 837, 806, 731, 659, 686, 858, 1045, 1136, 871, 727, 853, 978, 773, 1119, 1564, 1421, 800, 948, 1171, 1148, 864, 905, 1357, 1271, 778, 780, 860, 905, 685, 756, 976, 929, 767, 781, 792, 861, 786, 656, 937, 957, 782, 623, 824, 973, 804, 745, 902, 944, 762, 621, 933, 1020, 811, 925, 995, 943, 833, 681, 778, 915, 911, 963, 984, 1034, 828, 728, 799, 878, 983, 789, 877, 989, 723, 638, 686, 864, 934, 658, 846, 845, 676, 597, 657, 853, 850, 651, 835, 820, 663, 706, 657, 777, 767, 689, 738, 788, 716, 679, 626, 818, 813, 655, 644, 689, 698, 613, 629, 807, 850, 649, 734, 779, 701, 618, 724, 784, 762, 828, 776, 793, 839, 745, 882, 997, 861, 974, 904, 925, 928, 967, 929, 879, 897, 838, 879, 817, 811, 919, 895, 736, 704, 826, 810, 741, 690, 664, 591, 648, 735, 607, 697, 697, 600, 598, 603, 671, 667, 543, 611, 571, 539, 642, 725, 676, 525, 592, 718, 650, 559, 593, 701, 763, 631, 753, 695, 715, 676, 677, 699, 770, 734, 668, 652, 632, 603, 549, 542, 705, 764, 792, 698, 719, 707, 671, 694, 745, 829, 972, 648, 872, 947, 840, 866, 897, 992, 987, 733, 956, 992, 766, 860, 891, 1021, 753, 659, 900, 812, 754, 765, 834, 916, 907, 639, 910, 955, 704, 735, 799, 971, 809, 576, 853, 829, 668, 729, 900, 984, 918, 640, 874, 908, 765, 797, 1006, 1008, 978, 740, 803, 806, 813, 792, 1032, 1116, 889, 735, 775, 758, 752, 716, 927, 1063, 706, 729, 713, 625, 633, 764, 822, 726, 585, 639, 663, 645, 624, 741, 778, 663, 552, 611, 732, 687, 591, 663, 725, 674, 655, 555, 803, 914, 728, 601, 748, 809, 712, 787, 986, 935, 638, 728, 1137, 1082, 757, 954, 1228, 1059, 614, 843, 1341, 1286, 804, 1069, 1324, 1133, 722, 1072, 1417, 1194, 1050, 915, 1130, 1054, 952, 1114, 1441, 1416, 1394, 1113, 1314, 1247, 1087, 1076, 1790, 2023, 1234, 1482, 1912, 1529, 911, 1193, 2432, 2515, 984, 1773, 2441, 1633, 837, 1457, 2764, 2618, 1064, 1082, 1606, 1287, 840, 1204, 1790, 1854, 1369, 1049, 1301, 1219, 1129, 1032, 1242, 1597, 1536, 1672, 1640, 1157, 1241, 1225, 1787, 1943, 1331, 1792, 1781, 1167, 991, 1259, 2019, 1859, 1108, 1733, 1532, 904, 787, 1240, 1678, 1254, 930, 1387, 1411, 930, 737, 1190, 1536, 1200, 879, 981, 1131, 930, 757, 1030, 1159, 1102, 838, 794, 1028, 888, 626, 980, 1119, 1126, 547, 610, 863, 722, 570, 891, 1111, 943, 567, 682, 746, 641, 553, 766, 915, 711, 533, 784, 770, 575, 487, 763, 885, 614, 610, 631, 668, 621, 478, 618, 779, 668, 623, 538, 512, 595, 537, 644, 694, 631, 514, 491, 500, 561, 460, 565, 661, 617, 561, 523, 536, 572, 515, 462, 627, 660, 571, 554, 567, 575, 427, 442, 546, 563, 524, 582, 608, 579, 450, 474, 641, 595]"
-1.0114654302597046,0.08740419894456863,-0.993805468082428,-0.6041532754898071,0.2426636815071106,-0.824151337146759,-0.15249332785606384,0.44767504930496216,0.24118423461914062,24.75,0.4581177830696106,0.14405250549316406,24.5,0.46641474962234497,0.1961231231689453,19.25,0.5603993535041809,0.22001266479492188,19.0,0.5652630925178528,0.10857582092285156,19.0,"[512, 570, 637, 645, 613, 648, 637, 571, 481, 497, 618, 610, 643, 598, 577, 568, 545, 623, 550, 534, 566, 570, 562, 507, 465, 489, 445, 454, 446, 479, 478, 471, 498, 475, 509, 523, 499, 493, 425, 480, 594, 520, 546, 535, 562, 508, 473, 585, 563, 465, 566, 550, 491, 457, 531, 609, 568, 579, 535, 525, 539, 487, 484, 483, 534, 493, 498, 540, 614, 547, 492, 532, 583, 565, 538, 567, 572, 557, 573, 615, 555, 577, 500, 471, 482, 512, 481, 449, 574, 597, 605, 600, 552, 472, 507, 551, 516, 572, 576, 555, 506, 439, 531, 551, 576, 547, 584, 554, 508, 474, 510, 611, 588, 583, 556, 536, 488, 441, 509, 570, 550, 551, 563, 520, 517, 549, 559, 536, 600, 615, 603, 561, 545, 492, 492, 515, 557, 555, 559, 506, 453, 497, 470, 475, 626, 567, 544, 634, 607, 664, 587, 504, 585, 555, 596, 579, 543, 567, 541, 493, 531, 573, 657, 569, 493, 630, 570, 496, 477, 495, 570, 604, 514, 582, 541, 466, 526, 571, 598, 608, 581, 560, 533, 471, 584, 519, 584, 589, 575, 574, 607, 613, 609, 545, 566, 579, 540, 545, 530, 592, 647, 496, 588, 572, 475, 483, 603, 755, 524, 517, 595, 577, 519, 535, 578, 605, 506, 556, 527, 452, 501, 573, 541, 463, 532, 489, 478, 474, 452, 479, 475, 504, 556, 454, 509, 513, 496, 560, 526, 545, 583, 503, 581, 638, 567, 552, 583, 594, 615, 581, 514, 622, 626, 631, 599, 565, 676, 616, 509, 540, 592, 548, 479, 560, 550, 578, 565, 525, 552, 500, 565, 581, 550, 570, 562, 507, 438, 527, 562, 562, 575, 649, 609, 526, 529, 590, 551, 543, 476, 561, 524, 489, 539, 650, 627, 457, 495, 430, 583, 649, 562, 669, 679, 559, 680, 622, 793, 730, 580, 722, 889, 900, 1237, 795, 1090, 974, 874, 947, 1860, 2043, 1907, 1865, 1537, 989, 1409, 2348, 3074, 2518, 2589, 6147, 5104, 2755, 1831, 7350, 9339, 5154, 2216, 6482, 5854, 3537, 1566, 7767, 10045, 5558, 1066, 3074, 3069, 2230, 970, 4210, 5622, 3437, 930, 2044, 2419, 1735, 767, 2252, 3903, 3227, 2086, 5367, 5445, 2653, 1076, 3817, 6089, 4379, 4708, 13369, 13544, 6265, 1753, 8299, 13646, 9845, 5467, 15722, 16095, 7463, 1758, 9634, 16581, 12293, 3988, 11448, 11675, 5464, 1786, 7617, 13562, 10486, 4238, 6646, 6331, 2768, 2276, 4725, 8205, 6404, 5191, 8290, 6080, 1760, 2447, 4708, 6341, 3635, 3526, 6501, 4926, 1410, 1740, 3553, 5068, 2671, 2462, 4443, 3694, 1493, 1285, 2606, 3943, 2522, 1427, 2815, 2563, 1367, 877, 2027, 3082, 2153, 1028, 1727, 1599, 865, 767, 1120, 1681, 1348, 1093, 1813, 1592, 815, 886, 1080, 1339, 1026, 1212, 1906, 1583, 849, 1048, 1186, 1288, 932, 1075, 1644, 1475, 859, 1005, 1016, 1072, 759, 1071, 1590, 1297, 688, 977, 1038, 960, 662, 1680, 2457, 1848, 700, 1285, 1591, 1393, 782, 1903, 2742, 2225, 996, 1410, 1777, 1439, 875, 1701, 2594, 2181, 884, 1314, 1517, 1252, 692, 1569, 2320, 1922, 893, 1268, 1224, 1090, 694, 1283, 1833, 1661, 1041, 1088, 1424, 1279, 754, 1157, 1474, 1688, 1307, 1166, 1790, 1616, 846, 1202, 1912, 2472, 1644, 1422, 2250, 1809, 1344, 1333, 1994, 2388, 1478, 1157, 1760, 1707, 1581, 1117, 1557, 1581, 994, 763, 1066, 1113, 1064, 866, 982, 862, 700, 628, 774, 712, 666, 849, 807, 775, 684, 719, 776, 717, 727, 879, 789, 796, 700, 606, 709, 832, 838, 702, 684, 757, 740, 611, 634, 760, 749, 659, 857, 787, 624, 565, 663, 799, 624, 664, 970, 939, 692, 541, 624, 731, 631, 690, 793, 830, 693, 586, 553, 673, 675, 702, 745, 756, 715, 665, 658, 671, 620, 719, 670, 663, 667, 663, 649, 719, 738, 704, 652, 667, 717, 690, 710, 713, 742, 674, 725, 737, 712, 613, 676, 705, 680, 629, 817, 815, 667, 621, 659, 698, 555, 659, 874, 773, 590, 612, 735, 679, 575, 687, 800, 766, 573, 622, 654, 620, 701, 649, 819, 807, 653, 620, 657, 719, 662, 678, 787, 744, 675, 692, 680, 692, 656, 696, 768, 710, 554, 598, 770, 774, 587, 702, 790, 747, 637, 569, 774, 759, 620, 804, 873, 737, 602, 625, 839, 726, 550, 718, 808, 651, 607, 627, 701, 701, 599, 572, 633, 655, 592, 624, 642, 608, 579, 647, 667, 700, 677, 558, 548, 612, 641, 709, 687, 616, 588, 565, 577, 587, 621, 657, 728, 729, 620, 639, 667, 658, 626, 573, 681, 682, 571, 641, 653, 693, 640, 589, 700, 635, 554, 649, 677, 663, 580, 574, 652, 606, 650, 644, 664, 787, 635, 646, 716, 584, 578, 645, 642, 692, 653, 682, 814, 673, 602, 735, 769, 688, 627, 780, 716, 689, 629, 740, 710, 617, 710, 682, 615, 679, 674, 628, 597, 725, 793, 606, 571, 605, 583, 563, 600, 602, 637, 594, 565, 636, 608, 621, 650, 573, 559, 575, 623, 700, 691, 674, 627, 704, 708, 669, 677, 634, 708, 687, 685, 683, 633, 772, 748, 839, 787, 785, 726, 743, 797, 807, 708, 756, 739, 875, 833, 841, 876, 886, 769, 753, 718, 897, 1044, 1303, 1313, 807, 777, 634, 592, 770, 957, 1158, 1080, 653, 652, 536, 585, 666, 807, 883, 776, 868, 896, 1227, 935, 738, 731, 1470, 1659, 808, 1713, 2224, 1427, 713, 1148, 2478, 2371, 1093, 1973, 2135, 1445, 799, 1308, 2277, 2000, 1158, 2304, 2338, 1657, 1044, 1549, 2250, 1796, 1327, 2465, 2205, 1391, 1008, 1404, 2180, 1572, 1523, 2104, 1710, 852, 854, 1175, 1722, 1379, 1440, 1889, 1668, 897, 862, 1183, 1634, 1561, 1114, 1390, 1320, 889, 1033, 1427, 1530, 1295, 876, 960, 892, 865, 962, 1227, 1220, 1012, 833, 835, 983, 861, 697, 963, 1178, 1098, 680, 812, 975, 759, 655, 943, 1111, 1027, 559, 733, 670, 619, 610, 839, 996, 647, 571, 721, 640, 591, 447, 850, 952, 514, 540, 645, 575, 584, 444, 732, 867, 574, 530, 666, 747, 703, 487, 729, 911, 714, 624, 794, 794, 644, 551, 823, 912, 768, 499, 623, 639, 538, 471, 667, 754, 643, 495, 464, 482, 514, 496, 421, 399, 444, 489, 482, 450, 445, 461, 492, 453, 457, 478, 483, 464, 475, 395, 441, 454, 414]"
-1.0526080131530762,0.1697530448436737,-1.0061886310577393,-0.5621569752693176,0.338054895401001,-0.7392346262931824,-0.0702192485332489,-0.8078241348266602,1.9723892211914062,17.0,0.4992341995239258,0.09670257568359375,29.75,0.5026674270629883,0.09641647338867188,27.25,0.5085325241088867,0.09527206420898438,16.25,0.5158281326293945,-0.04878044128417969,24.25,"[646, 618, 617, 602, 549, 600, 614, 619, 554, 579, 700, 708, 661, 643, 657, 649, 518, 556, 574, 588, 634, 631, 579, 535, 385, 448, 520, 560, 544, 435, 429, 422, 433, 391, 416, 442, 426, 419, 438, 463, 443, 469, 395, 411, 447, 400, 453, 494, 451, 527, 480, 425, 471, 481, 511, 487, 501, 485, 502, 555, 565, 555, 529, 528, 469, 526, 506, 487, 555, 522, 480, 427, 498, 501, 563, 509, 514, 583, 565, 561, 529, 508, 539, 608, 580, 584, 695, 635, 659, 666, 583, 525, 583, 641, 574, 517, 446, 495, 541, 567, 568, 538, 522, 425, 479, 490, 572, 534, 485, 523, 539, 485, 532, 532, 558, 557, 494, 516, 567, 545, 543, 537, 565, 556, 521, 450, 528, 617, 537, 506, 612, 647, 510, 522, 594, 596, 581, 564, 607, 575, 543, 553, 624, 625, 513, 541, 549, 505, 455, 510, 566, 553, 612, 569, 523, 530, 531, 538, 599, 545, 600, 510, 481, 593, 612, 495, 536, 645, 562, 601, 564, 546, 633, 587, 552, 589, 542, 592, 577, 574, 563, 643, 605, 569, 616, 632, 614, 562, 539, 544, 530, 594, 493, 533, 515, 397, 474, 518, 540, 527, 579, 565, 513, 478, 493, 583, 566, 551, 612, 516, 532, 527, 558, 542, 484, 577, 567, 519, 467, 548, 600, 516, 427, 554, 590, 670, 666, 624, 587, 561, 575, 584, 640, 632, 659, 641, 686, 622, 537, 579, 582, 556, 497, 538, 628, 544, 486, 574, 538, 490, 488, 602, 598, 464, 535, 643, 500, 458, 467, 536, 548, 530, 601, 585, 488, 464, 496, 529, 455, 511, 578, 548, 556, 523, 549, 519, 573, 528, 565, 552, 559, 545, 517, 589, 619, 533, 519, 580, 519, 495, 501, 600, 610, 522, 516, 524, 666, 562, 462, 572, 582, 626, 549, 541, 645, 619, 501, 555, 590, 545, 522, 611, 660, 707, 580, 590, 518, 703, 775, 608, 1164, 1920, 1647, 1588, 1049, 2669, 3573, 2338, 2473, 5984, 5522, 5100, 2154, 8455, 12519, 8747, 2622, 7720, 7376, 6766, 2308, 10769, 16630, 11858, 1427, 4233, 3955, 3424, 1327, 5819, 8852, 6239, 1140, 1504, 2023, 1528, 859, 1913, 3104, 2729, 2106, 3774, 5387, 3276, 1184, 3471, 7436, 7053, 1880, 5994, 7713, 4264, 1132, 4976, 10190, 9165, 1504, 3814, 4910, 2891, 940, 3088, 6131, 5525, 2366, 5076, 5400, 2709, 1013, 4124, 7256, 6000, 2849, 7181, 6960, 3165, 1255, 5592, 8883, 6621, 2610, 5417, 5244, 2598, 1214, 4302, 6886, 5600, 2464, 4627, 4614, 2255, 992, 3431, 5696, 4722, 1597, 3142, 3005, 1442, 775, 2132, 3353, 2485, 1207, 1689, 1443, 864, 786, 1084, 1351, 1128, 819, 973, 988, 782, 782, 831, 816, 749, 751, 961, 862, 762, 719, 731, 733, 654, 823, 1059, 936, 677, 611, 632, 778, 722, 896, 1148, 895, 707, 676, 767, 859, 740, 1166, 1832, 1463, 582, 815, 1042, 1039, 587, 2074, 3154, 2285, 791, 1219, 1640, 1728, 753, 4005, 5833, 4099, 1160, 2444, 3539, 3397, 1031, 4748, 7998, 6484, 1919, 3121, 4554, 4457, 1657, 2602, 5522, 5309, 2298, 1820, 2563, 2827, 1740, 1896, 3350, 3037, 1649, 1768, 2241, 1972, 1426, 1743, 2950, 2803, 1526, 1501, 1719, 1820, 1546, 1704, 2370, 2652, 1491, 1235, 2068, 2100, 1623, 1410, 1799, 2026, 1314, 898, 1420, 1363, 1515, 806, 1349, 1670, 1190, 701, 1034, 1231, 973, 671, 1176, 1300, 820, 622, 954, 1090, 813, 760, 931, 943, 654, 626, 898, 1005, 784, 692, 1082, 981, 658, 736, 963, 1085, 760, 751, 1110, 997, 675, 715, 927, 1146, 839, 763, 944, 822, 692, 678, 832, 980, 772, 802, 749, 716, 693, 691, 624, 747, 857, 666, 600, 617, 611, 576, 644, 848, 881, 674, 732, 655, 630, 558, 740, 952, 802, 720, 754, 639, 584, 655, 813, 771, 709, 731, 861, 799, 629, 641, 773, 862, 697, 665, 830, 789, 633, 514, 736, 930, 705, 733, 875, 828, 790, 752, 770, 911, 793, 703, 805, 677, 623, 598, 707, 796, 654, 729, 739, 615, 569, 608, 645, 638, 663, 687, 664, 685, 595, 715, 766, 684, 734, 697, 618, 661, 618, 595, 700, 765, 725, 687, 900, 843, 580, 717, 758, 764, 663, 731, 1042, 970, 626, 763, 749, 765, 679, 822, 959, 842, 715, 802, 811, 747, 690, 813, 828, 728, 712, 770, 773, 715, 639, 643, 735, 697, 643, 719, 704, 550, 469, 536, 637, 682, 619, 571, 649, 652, 512, 511, 632, 707, 639, 550, 653, 697, 559, 596, 612, 662, 620, 550, 531, 595, 613, 570, 575, 575, 570, 575, 571, 621, 591, 507, 587, 567, 496, 629, 662, 608, 586, 605, 560, 635, 573, 582, 651, 706, 676, 551, 572, 676, 614, 650, 721, 696, 634, 519, 613, 765, 613, 468, 673, 734, 641, 605, 669, 722, 728, 593, 671, 743, 642, 662, 646, 606, 618, 614, 609, 734, 713, 719, 608, 620, 611, 576, 641, 643, 728, 597, 613, 581, 519, 547, 614, 644, 581, 525, 677, 716, 601, 544, 636, 614, 574, 506, 599, 725, 702, 612, 595, 635, 623, 782, 684, 722, 691, 692, 609, 824, 933, 1419, 813, 866, 856, 983, 863, 1818, 2181, 1900, 796, 1179, 1013, 1166, 1114, 2726, 3276, 1506, 1028, 1324, 927, 986, 1133, 2455, 2843, 1482, 1306, 1452, 786, 962, 1328, 2375, 2658, 1485, 1142, 1234, 632, 995, 1146, 2182, 2510, 1103, 1049, 1126, 844, 830, 1115, 1883, 2005, 1098, 1738, 1975, 1274, 803, 1515, 2677, 2435, 971, 2284, 2675, 1590, 730, 1959, 3431, 2841, 976, 1741, 2069, 1484, 751, 1674, 2686, 2214, 923, 1575, 1677, 1072, 724, 1342, 1988, 1644, 830, 1459, 1588, 1029, 738, 1325, 1723, 1439, 785, 1242, 1345, 1045, 643, 1112, 1516, 1260, 1549, 2250, 1919, 1062, 942, 1398, 1961, 1390, 2210, 2584, 1967, 1100, 1033, 1329, 1841, 1579, 1673, 1737, 1397, 980, 760, 989, 1425, 1624, 993, 877, 949, 818, 488, 756, 1004, 1150, 738, 776, 933, 829, 534, 820, 1009, 926, 580, 665, 668, 623, 532, 593, 749, 606, 507, 619, 656, 563, 477, 485, 522, 559, 484, 527, 700, 572, 380, 493, 473, 472, 524, 538, 581, 491, 424, 577, 523, 469, 542, 470, 480, 519, 432, 493, 553, 565, 483, 465, 444, 444, 483, 529, 655, 630, 420, 427, 434, 453, 493, 457, 622, 629]"
-1.1091747283935547,0.2035585343837738,-1.080112099647522,-0.5691788792610168,0.0,0.0,0.0,-0.4593207836151123,1.9452095031738281,16.0,-0.16649508476257324,1.853799819946289,15.5,0.5347416400909424,0.27794837951660156,23.25,0.5450413227081299,0.23317337036132812,30.25,0.5626366138458252,0.23589134216308594,30.0,"[535, 499, 565, 541, 524, 540, 567, 499, 497, 573, 649, 590, 542, 503, 545, 564, 593, 559, 588, 601, 585, 576, 492, 534, 563, 478, 477, 445, 547, 500, 491, 564, 552, 421, 423, 530, 541, 532, 521, 565, 517, 464, 467, 552, 517, 490, 532, 533, 515, 489, 545, 600, 570, 546, 616, 604, 533, 536, 537, 505, 547, 534, 530, 594, 523, 511, 584, 550, 467, 489, 493, 533, 529, 472, 595, 604, 512, 592, 561, 558, 556, 547, 579, 552, 527, 611, 552, 513, 549, 492, 500, 532, 527, 547, 545, 568, 480, 451, 460, 479, 528, 516, 507, 553, 547, 545, 557, 516, 537, 540, 601, 627, 581, 628, 571, 520, 580, 565, 593, 577, 556, 599, 577, 539, 605, 589, 565, 588, 531, 579, 555, 470, 535, 551, 500, 509, 542, 559, 573, 522, 520, 521, 585, 605, 642, 600, 569, 564, 548, 522, 486, 599, 690, 630, 643, 606, 559, 575, 535, 602, 579, 639, 633, 571, 506, 608, 583, 527, 621, 621, 523, 549, 513, 557, 534, 505, 556, 545, 546, 552, 548, 560, 581, 523, 603, 529, 484, 567, 679, 543, 512, 589, 633, 569, 498, 587, 613, 568, 504, 600, 585, 635, 601, 579, 600, 576, 487, 487, 521, 478, 468, 537, 532, 488, 403, 481, 571, 542, 547, 573, 553, 553, 536, 550, 551, 595, 626, 583, 536, 547, 588, 603, 584, 492, 512, 600, 542, 487, 509, 590, 536, 553, 584, 578, 513, 589, 518, 462, 563, 615, 616, 555, 568, 601, 558, 531, 544, 567, 486, 516, 518, 477, 489, 453, 605, 601, 526, 548, 663, 642, 535, 563, 489, 488, 527, 633, 588, 442, 520, 555, 427, 484, 522, 561, 577, 516, 556, 510, 547, 531, 463, 477, 513, 496, 522, 485, 545, 618, 563, 423, 517, 618, 587, 501, 835, 780, 774, 727, 799, 1048, 1175, 971, 1656, 3616, 3728, 3286, 1516, 5337, 7617, 5261, 1900, 8578, 9168, 7266, 1783, 11546, 17483, 12164, 1471, 8693, 9202, 6643, 1600, 10995, 16417, 11284, 2404, 6161, 6488, 5962, 3082, 8726, 13119, 9041, 2213, 5232, 6612, 7916, 2749, 9527, 14608, 10269, 1122, 2928, 3997, 4435, 967, 6363, 9046, 5885, 1513, 1859, 2225, 1692, 891, 2643, 3782, 3086, 1921, 2629, 3013, 1727, 1079, 2496, 4602, 4178, 1419, 2418, 2944, 1844, 925, 2344, 4448, 4040, 792, 1657, 1860, 1318, 616, 1762, 2874, 2309, 684, 1136, 1354, 954, 640, 1096, 1492, 1245, 710, 1117, 1230, 815, 688, 1102, 1515, 1297, 625, 916, 975, 800, 613, 1047, 1477, 1149, 600, 1004, 1101, 773, 608, 1001, 1428, 1199, 789, 1554, 1704, 1090, 710, 1165, 1833, 1655, 1068, 2572, 2646, 1410, 806, 1715, 2711, 2077, 1312, 3869, 3999, 1962, 689, 2373, 3789, 2676, 1251, 3706, 3852, 1897, 680, 2266, 3505, 2414, 1635, 3394, 3151, 1451, 880, 1913, 2701, 1752, 2484, 4311, 3418, 1097, 1255, 2051, 2727, 1444, 2565, 4251, 3233, 909, 1322, 1827, 2274, 945, 2712, 4891, 3930, 1153, 1526, 2020, 2755, 1203, 2128, 3893, 3184, 1026, 1202, 1625, 2296, 1073, 1593, 2577, 2361, 1215, 952, 1265, 1693, 1188, 2371, 4052, 4204, 2295, 1721, 2936, 3148, 1910, 3022, 5467, 6403, 3418, 2335, 4774, 4326, 2650, 2828, 4969, 5901, 3391, 2142, 4488, 3967, 2630, 1993, 3501, 4108, 2580, 1630, 3256, 3001, 1849, 1541, 2167, 2330, 1706, 1339, 2154, 2044, 1529, 1553, 2393, 2063, 1202, 1099, 1574, 1826, 1268, 1575, 2398, 2012, 1108, 1044, 1632, 1774, 1143, 1236, 1761, 1422, 852, 935, 1408, 1469, 1126, 906, 1082, 1018, 738, 779, 1088, 1158, 991, 826, 890, 721, 554, 688, 882, 910, 849, 793, 940, 890, 676, 699, 823, 946, 798, 781, 959, 897, 715, 638, 748, 860, 652, 637, 939, 921, 689, 590, 680, 825, 653, 726, 879, 773, 713, 696, 776, 888, 708, 799, 943, 897, 760, 768, 803, 886, 879, 834, 822, 822, 731, 685, 736, 850, 780, 670, 721, 781, 725, 656, 679, 855, 768, 685, 705, 747, 680, 691, 596, 691, 774, 762, 762, 862, 772, 726, 762, 767, 722, 698, 712, 780, 803, 682, 719, 915, 818, 701, 709, 768, 832, 705, 830, 1026, 938, 699, 735, 783, 888, 878, 888, 998, 932, 775, 745, 810, 784, 704, 806, 965, 884, 786, 838, 740, 624, 631, 595, 722, 713, 772, 787, 759, 673, 761, 710, 716, 723, 729, 791, 777, 699, 623, 658, 732, 782, 678, 691, 740, 697, 561, 662, 736, 727, 632, 594, 689, 640, 604, 658, 659, 647, 546, 614, 755, 699, 640, 667, 760, 712, 531, 597, 705, 619, 483, 563, 739, 661, 633, 697, 661, 593, 575, 689, 725, 622, 759, 800, 706, 612, 618, 781, 705, 687, 691, 732, 650, 598, 631, 746, 742, 697, 633, 644, 611, 654, 618, 674, 730, 575, 677, 678, 682, 662, 606, 708, 880, 757, 743, 601, 579, 680, 677, 668, 675, 787, 715, 562, 622, 693, 629, 621, 690, 818, 662, 637, 653, 636, 604, 698, 818, 820, 625, 682, 731, 681, 627, 775, 748, 637, 526, 682, 676, 583, 592, 713, 811, 627, 571, 677, 660, 622, 618, 727, 810, 689, 681, 499, 659, 686, 637, 703, 746, 808, 1273, 718, 775, 813, 1004, 865, 1435, 1796, 2253, 1079, 1053, 1145, 1680, 1363, 2428, 3184, 2554, 1204, 1174, 1195, 1769, 1302, 2586, 3479, 2415, 1078, 1129, 1053, 1445, 1197, 2606, 3443, 2136, 1022, 1388, 1202, 1323, 1055, 2432, 3165, 1731, 972, 1339, 1298, 1191, 1243, 2020, 2435, 1489, 1113, 1505, 1366, 910, 1418, 2039, 2026, 1584, 1465, 1994, 1610, 888, 1677, 2089, 2220, 1673, 1473, 1712, 1407, 990, 1699, 1916, 1813, 1437, 1133, 1551, 1486, 850, 1305, 1659, 1703, 1498, 1417, 1586, 1288, 947, 1441, 1804, 1868, 1335, 1647, 1737, 1073, 953, 1669, 1748, 1536, 905, 1246, 1243, 895, 722, 1300, 1448, 1002, 716, 1209, 1304, 948, 696, 1166, 1518, 1032, 898, 1277, 1459, 1153, 784, 1038, 1424, 1084, 923, 1278, 1371, 1006, 668, 999, 1220, 1015, 901, 1007, 1057, 817, 562, 863, 989, 831, 786, 839, 735, 690, 554, 857, 876, 678, 594, 629, 637, 568, 493, 722, 792, 655, 517, 492, 516, 475, 558, 656, 623, 609, 559, 641, 570, 468, 578, 609, 566, 580, 483, 480, 487, 526, 539, 486, 520, 504, 542, 488, 518, 533, 503, 513, 529, 554]"
-1.0853853225708008,-0.025520920753479004,-0.7303744554519653,-0.47349613904953003,-0.3073236346244812,0.4377985894680023,0.0006137043237686157,0.5568574070930481,0.0,27.0,0.5585740208625793,-0.05106925964355469,24.5,0.56172114610672,-0.09713172912597656,22.25,0.60291987657547,-0.10485649108886719,29.0,0.8255074620246887,0.0,16.0,"[636, 628, 697, 662, 593, 658, 693, 632, 548, 674, 698, 654, 604, 694, 684, 572, 516, 575, 567, 578, 593, 571, 502, 487, 550, 551, 522, 515, 537, 526, 512, 515, 554, 523, 419, 496, 535, 483, 509, 527, 451, 512, 435, 459, 498, 491, 552, 520, 539, 525, 461, 535, 519, 474, 542, 539, 660, 640, 522, 523, 533, 584, 545, 540, 552, 603, 558, 475, 428, 512, 493, 466, 494, 579, 597, 495, 505, 509, 532, 542, 490, 536, 586, 493, 553, 577, 562, 558, 585, 631, 580, 475, 512, 545, 574, 604, 554, 529, 490, 517, 562, 460, 573, 606, 484, 446, 549, 540, 490, 401, 569, 632, 555, 494, 536, 543, 561, 565, 642, 628, 540, 575, 568, 565, 607, 703, 597, 571, 583, 592, 551, 477, 659, 723, 481, 520, 554, 584, 493, 505, 607, 631, 548, 509, 522, 563, 578, 529, 549, 652, 608, 511, 555, 565, 564, 564, 594, 635, 630, 580, 640, 557, 516, 562, 502, 568, 594, 570, 560, 575, 575, 588, 575, 525, 494, 551, 589, 543, 473, 596, 580, 479, 429, 476, 632, 648, 476, 446, 573, 575, 458, 488, 508, 534, 477, 475, 567, 518, 504, 553, 586, 548, 533, 504, 542, 519, 481, 566, 606, 505, 516, 593, 599, 602, 545, 655, 659, 524, 494, 590, 659, 591, 515, 623, 614, 592, 507, 571, 599, 509, 479, 555, 632, 583, 550, 556, 660, 678, 640, 593, 593, 613, 530, 531, 520, 592, 638, 563, 666, 601, 607, 558, 557, 527, 624, 689, 478, 478, 543, 513, 537, 568, 533, 572, 475, 513, 515, 462, 529, 554, 529, 546, 482, 579, 630, 519, 476, 529, 582, 545, 539, 627, 629, 548, 489, 570, 629, 610, 577, 630, 612, 556, 551, 523, 560, 575, 677, 721, 656, 548, 642, 661, 623, 625, 623, 683, 619, 570, 711, 665, 603, 614, 552, 593, 598, 640, 689, 685, 612, 562, 727, 792, 830, 757, 801, 1077, 1214, 960, 1683, 3457, 3474, 3269, 1722, 5026, 7639, 5621, 2375, 6800, 7199, 6736, 2191, 9631, 16033, 12202, 2132, 5326, 6296, 6154, 2027, 7251, 13020, 10342, 3158, 2730, 5676, 7378, 3815, 4493, 9927, 8865, 5250, 3652, 10474, 14763, 7643, 8588, 18811, 16085, 4784, 4367, 11637, 15830, 7554, 9446, 20198, 16742, 2618, 3332, 6034, 8075, 3952, 5273, 11135, 9235, 1269, 2134, 2178, 2524, 1617, 2331, 4430, 3619, 841, 1253, 1134, 1009, 875, 1403, 1891, 1475, 626, 796, 797, 793, 735, 814, 1045, 912, 621, 711, 655, 751, 733, 791, 887, 710, 652, 609, 637, 659, 655, 693, 761, 762, 676, 575, 551, 607, 564, 627, 725, 718, 559, 574, 636, 576, 477, 559, 698, 694, 612, 897, 850, 625, 628, 715, 887, 733, 743, 2060, 2171, 1185, 649, 1563, 2278, 1642, 986, 3444, 3631, 1779, 834, 2615, 3857, 2697, 1406, 3678, 3608, 1791, 1170, 2949, 4093, 2815, 1686, 3150, 3053, 1465, 1141, 2338, 3270, 2273, 1656, 2910, 2758, 1386, 1053, 1869, 2605, 1870, 1248, 2502, 2263, 1094, 772, 1609, 2185, 1500, 1289, 2215, 2109, 1272, 840, 1527, 1970, 1423, 2639, 4330, 3642, 1862, 1306, 1839, 2336, 1775, 4028, 6771, 5396, 2162, 1722, 3120, 3775, 1748, 3873, 5877, 4158, 1463, 1899, 3556, 3869, 1449, 3117, 4131, 3497, 1791, 1968, 3142, 3073, 1923, 2165, 3034, 2723, 1478, 1411, 2362, 2342, 1561, 1331, 2010, 1889, 1079, 893, 1512, 1637, 1046, 933, 1499, 1497, 955, 722, 1243, 1473, 907, 894, 1333, 1143, 758, 635, 1152, 1385, 926, 860, 1190, 1037, 652, 692, 1019, 1189, 866, 617, 865, 885, 603, 604, 839, 826, 693, 692, 903, 848, 690, 732, 830, 769, 657, 777, 959, 734, 651, 754, 811, 811, 660, 667, 663, 576, 672, 735, 656, 655, 603, 594, 758, 734, 616, 613, 705, 706, 616, 647, 853, 804, 627, 606, 813, 808, 648, 679, 678, 652, 675, 635, 717, 719, 587, 692, 679, 670, 701, 604, 740, 770, 730, 714, 718, 778, 683, 577, 663, 776, 764, 591, 768, 885, 782, 601, 628, 789, 786, 691, 762, 723, 611, 686, 631, 697, 691, 622, 677, 608, 486, 580, 628, 586, 599, 710, 633, 673, 722, 722, 787, 698, 655, 773, 715, 773, 723, 715, 916, 933, 832, 718, 800, 898, 747, 647, 876, 850, 724, 591, 702, 895, 744, 729, 824, 830, 744, 577, 739, 864, 625, 584, 751, 786, 638, 588, 735, 640, 542, 515, 697, 735, 568, 614, 669, 611, 531, 490, 585, 644, 599, 609, 669, 543, 515, 673, 613, 592, 621, 559, 640, 507, 525, 582, 626, 649, 579, 635, 629, 644, 665, 707, 763, 700, 639, 673, 631, 590, 634, 683, 653, 622, 665, 646, 583, 611, 560, 583, 657, 577, 614, 591, 563, 707, 640, 558, 640, 648, 645, 678, 809, 860, 716, 686, 857, 844, 663, 703, 731, 857, 832, 716, 826, 892, 748, 583, 611, 726, 713, 639, 690, 861, 763, 666, 584, 751, 755, 665, 682, 798, 779, 667, 727, 791, 694, 743, 624, 691, 673, 575, 651, 774, 730, 679, 597, 723, 746, 582, 732, 785, 657, 617, 646, 682, 692, 483, 569, 635, 650, 549, 574, 606, 519, 668, 639, 642, 689, 640, 559, 595, 638, 651, 740, 640, 711, 622, 647, 784, 659, 626, 843, 700, 822, 597, 951, 1230, 978, 771, 1092, 1071, 955, 632, 1337, 1858, 1396, 918, 953, 1119, 1049, 769, 1188, 1637, 1444, 1224, 913, 1111, 1161, 1005, 1143, 1700, 1708, 1264, 1078, 1176, 1254, 1071, 1280, 1502, 1667, 836, 1088, 1329, 1114, 729, 1205, 1621, 1346, 1328, 1880, 2470, 1930, 633, 2067, 2750, 2209, 1446, 1971, 2322, 1763, 655, 2100, 2860, 2217, 1063, 1355, 1507, 1203, 770, 1405, 2184, 1919, 922, 1440, 1761, 1150, 670, 1382, 2295, 2011, 944, 1410, 1490, 1019, 773, 1330, 2032, 1735, 1061, 1120, 1281, 1056, 855, 1104, 1564, 1488, 877, 943, 1079, 832, 690, 994, 1339, 1195, 635, 811, 976, 771, 656, 878, 1150, 993, 777, 775, 781, 680, 655, 876, 952, 736, 693, 700, 718, 579, 518, 605, 664, 678, 627, 674, 775, 620, 513, 606, 706, 705, 606, 698, 574, 508, 557, 599, 683, 632, 614, 670, 596, 563, 550, 591, 643, 564, 563, 645, 567, 489, 451, 553, 699, 620, 676, 718, 603, 479, 467, 569, 606, 619]"
-1.120922327041626,-0.2145961970090866,-0.4183496832847595,-0.5014873743057251,-0.5198703408241272,0.7652610540390015,-0.09750890731811523,0.48004579544067383,-0.4024028778076172,16.0,0.48505258560180664,-0.45533180236816406,16.25,0.5504269599914551,-0.5450248718261719,20.75,0.6640095710754395,-0.16264915466308594,28.0,0.6937642097473145,0.0,25.75,"[504, 590, 673, 562, 557, 564, 677, 594, 568, 602, 633, 655, 676, 631, 680, 650, 507, 561, 619, 575, 509, 506, 517, 516, 465, 470, 466, 489, 534, 403, 455, 548, 504, 454, 510, 562, 497, 382, 471, 592, 567, 518, 557, 630, 558, 496, 557, 550, 503, 559, 614, 541, 462, 488, 515, 512, 569, 644, 655, 474, 492, 575, 573, 497, 466, 523, 506, 412, 505, 568, 452, 364, 522, 474, 504, 510, 545, 498, 466, 539, 464, 432, 493, 522, 461, 448, 484, 496, 544, 571, 551, 529, 566, 628, 615, 559, 624, 600, 536, 471, 577, 698, 560, 547, 678, 579, 503, 507, 599, 675, 594, 603, 556, 445, 419, 484, 592, 578, 539, 565, 624, 592, 471, 531, 624, 596, 479, 575, 538, 499, 474, 498, 588, 574, 495, 516, 500, 540, 588, 540, 555, 617, 590, 578, 530, 614, 675, 558, 489, 574, 559, 522, 554, 574, 560, 550, 542, 476, 504, 536, 556, 592, 507, 548, 636, 499, 485, 536, 591, 647, 635, 484, 571, 578, 561, 599, 580, 659, 633, 465, 436, 571, 595, 560, 529, 671, 677, 517, 453, 563, 604, 566, 568, 664, 624, 535, 507, 566, 621, 574, 618, 485, 503, 572, 571, 520, 486, 589, 523, 519, 497, 594, 572, 524, 635, 601, 584, 522, 563, 555, 551, 488, 593, 622, 511, 506, 517, 542, 574, 585, 523, 537, 512, 572, 612, 561, 542, 572, 584, 518, 468, 498, 568, 528, 432, 522, 575, 579, 556, 490, 567, 609, 526, 550, 522, 556, 536, 531, 599, 520, 529, 582, 493, 540, 562, 621, 585, 554, 525, 534, 489, 514, 568, 579, 588, 572, 536, 490, 506, 553, 633, 528, 587, 720, 623, 429, 453, 638, 634, 542, 538, 622, 609, 520, 510, 635, 524, 475, 549, 643, 575, 565, 602, 582, 502, 579, 582, 614, 576, 576, 647, 621, 600, 558, 588, 642, 649, 548, 591, 622, 603, 623, 570, 578, 675, 575, 483, 539, 559, 549, 643, 616, 581, 533, 563, 625, 700, 666, 689, 768, 636, 749, 1072, 1068, 796, 1302, 1268, 1669, 831, 1961, 3296, 2549, 891, 1561, 1530, 1881, 995, 2240, 3449, 2604, 1246, 1327, 1669, 1717, 1350, 1262, 2246, 2038, 2538, 5395, 4839, 4262, 2507, 7639, 10605, 6927, 3433, 7006, 7483, 7619, 4037, 10037, 15465, 10919, 2391, 3701, 5832, 6430, 3598, 5389, 9368, 7062, 1058, 1335, 2334, 2644, 1881, 1436, 2556, 2087, 731, 945, 922, 981, 1023, 1092, 1125, 925, 620, 754, 823, 723, 748, 930, 1008, 704, 682, 652, 767, 756, 708, 762, 765, 673, 622, 560, 620, 694, 572, 571, 603, 630, 564, 721, 638, 552, 554, 644, 675, 567, 636, 751, 638, 585, 545, 603, 787, 699, 634, 795, 729, 496, 501, 711, 754, 618, 567, 925, 1044, 733, 572, 770, 861, 710, 611, 943, 1048, 692, 577, 854, 947, 783, 640, 1011, 1055, 742, 580, 909, 987, 852, 732, 1373, 1415, 879, 562, 1046, 1323, 986, 831, 1398, 1372, 850, 650, 1162, 1362, 957, 847, 969, 1122, 863, 670, 939, 1072, 875, 1015, 1456, 1381, 951, 759, 1008, 1169, 1006, 1797, 2542, 2135, 1234, 1099, 1519, 1765, 1321, 2207, 3116, 2662, 1509, 1342, 1876, 2059, 1341, 2140, 2957, 2363, 1363, 1245, 2146, 2311, 1365, 2718, 3993, 3556, 1911, 1446, 3159, 3364, 2227, 2447, 4046, 3816, 1895, 1444, 3061, 3447, 2124, 1502, 2244, 2001, 1217, 1023, 1851, 2118, 1383, 832, 1104, 1018, 978, 872, 902, 1273, 1029, 744, 1017, 1263, 998, 717, 941, 1134, 1043, 860, 922, 1350, 1088, 743, 1184, 1176, 975, 859, 851, 1169, 1021, 790, 1083, 979, 841, 733, 791, 876, 789, 743, 826, 791, 643, 733, 622, 663, 729, 707, 669, 709, 718, 579, 623, 766, 692, 637, 673, 696, 666, 551, 621, 776, 753, 568, 748, 796, 692, 691, 670, 798, 796, 688, 852, 870, 719, 731, 626, 656, 712, 719, 799, 821, 672, 647, 643, 610, 586, 628, 655, 698, 694, 617, 710, 721, 607, 626, 669, 811, 817, 613, 854, 901, 633, 631, 808, 933, 749, 682, 689, 663, 591, 656, 739, 703, 585, 769, 813, 614, 537, 654, 738, 604, 566, 728, 768, 714, 600, 703, 771, 650, 589, 684, 775, 840, 708, 628, 739, 791, 690, 638, 673, 722, 677, 585, 632, 767, 685, 714, 628, 649, 692, 617, 682, 657, 633, 682, 639, 727, 740, 681, 750, 698, 698, 706, 667, 673, 684, 704, 747, 671, 608, 723, 650, 652, 640, 629, 586, 611, 678, 515, 545, 572, 537, 524, 543, 611, 622, 501, 532, 568, 570, 568, 557, 600, 559, 542, 509, 620, 617, 627, 556, 657, 637, 563, 549, 569, 623, 651, 540, 630, 687, 579, 573, 611, 713, 803, 662, 672, 675, 669, 720, 782, 921, 875, 790, 821, 833, 944, 848, 780, 834, 1001, 978, 895, 947, 839, 694, 650, 730, 887, 815, 726, 820, 757, 702, 657, 706, 737, 693, 746, 720, 720, 660, 610, 588, 621, 637, 616, 623, 665, 673, 646, 581, 595, 658, 619, 553, 561, 633, 622, 594, 551, 637, 739, 674, 642, 652, 524, 654, 783, 759, 739, 640, 595, 632, 624, 756, 743, 598, 668, 578, 621, 663, 556, 736, 755, 604, 557, 593, 517, 590, 602, 694, 685, 592, 640, 629, 661, 815, 720, 761, 662, 909, 1147, 893, 756, 1145, 1014, 1062, 732, 1388, 2040, 1613, 835, 999, 1068, 1223, 780, 1302, 2287, 1988, 800, 568, 775, 1029, 815, 950, 1472, 1384, 710, 761, 829, 990, 714, 1156, 1605, 1330, 644, 884, 891, 911, 679, 1159, 1630, 1387, 550, 871, 983, 880, 624, 1059, 1321, 1011, 670, 768, 916, 847, 700, 771, 860, 751, 673, 658, 912, 864, 586, 731, 997, 906, 827, 817, 995, 877, 540, 856, 1187, 1099, 859, 847, 944, 792, 625, 807, 988, 1026, 869, 1030, 1126, 888, 656, 984, 1254, 1037, 820, 1065, 1002, 797, 572, 1035, 1272, 935, 783, 940, 898, 644, 662, 818, 879, 830, 730, 684, 735, 637, 619, 672, 824, 842, 695, 634, 608, 610, 519, 526, 615, 723, 516, 526, 609, 527, 410, 549, 707, 674, 479, 529, 569, 457, 420, 579, 630, 544, 487, 585, 696, 620, 472, 540, 664, 653, 520, 702, 746, 625, 592, 547, 709, 752]"
-1.1715586185455322,0.0,0.0,0.0,0.0,0.0,0.0,0.6659693121910095,0.0,22.0,0.7847017645835876,0.17423629760742188,17.75,0.8024401068687439,0.0,17.0,0.8519358038902283,0.441741943359375,22.25,0.8879846930503845,0.4474639892578125,16.5,"[592, 600, 564, 571, 603, 568, 567, 601, 569, 569, 579, 594, 587, 540, 547, 581, 599, 560, 547, 615, 619, 574, 452, 547, 515, 538, 594, 550, 520, 514, 475, 511, 486, 533, 534, 451, 517, 560, 489, 480, 504, 515, 524, 526, 532, 597, 557, 477, 523, 607, 568, 521, 521, 533, 560, 525, 545, 647, 540, 445, 493, 537, 638, 530, 569, 538, 483, 461, 528, 532, 456, 505, 537, 574, 521, 466, 530, 603, 583, 563, 531, 590, 523, 547, 525, 561, 552, 458, 692, 518, 517, 567, 465, 525, 531, 590, 683, 534, 528, 588, 512, 499, 522, 596, 615, 682, 537, 496, 530, 506, 486, 548, 640, 653, 574, 517, 546, 521, 530, 564, 621, 552, 539, 593, 598, 512, 515, 620, 538, 607, 538, 475, 574, 503, 482, 535, 472, 542, 542, 479, 566, 576, 538, 529, 528, 468, 485, 476, 548, 546, 570, 597, 450, 469, 501, 486, 560, 474, 506, 547, 520, 483, 470, 514, 534, 497, 497, 555, 656, 640, 551, 536, 671, 636, 593, 573, 590, 578, 518, 655, 702, 574, 525, 593, 541, 561, 518, 563, 593, 481, 474, 498, 579, 587, 539, 504, 586, 577, 505, 575, 598, 566, 421, 578, 705, 594, 518, 571, 663, 526, 533, 596, 600, 514, 492, 610, 507, 543, 591, 540, 441, 456, 510, 492, 527, 503, 452, 474, 503, 537, 493, 486, 573, 549, 489, 500, 545, 604, 445, 437, 521, 505, 520, 536, 514, 551, 520, 450, 521, 498, 574, 538, 509, 453, 534, 579, 512, 543, 497, 532, 491, 509, 592, 566, 553, 590, 530, 493, 593, 605, 524, 519, 591, 508, 459, 491, 525, 541, 546, 543, 452, 526, 527, 450, 440, 530, 637, 599, 499, 614, 597, 476, 513, 596, 579, 523, 540, 566, 635, 561, 574, 649, 569, 587, 565, 597, 571, 489, 554, 583, 564, 521, 455, 506, 544, 565, 545, 524, 525, 492, 499, 469, 504, 527, 609, 533, 511, 525, 519, 588, 630, 571, 590, 581, 576, 556, 419, 540, 596, 537, 480, 582, 679, 545, 558, 540, 593, 620, 541, 571, 666, 601, 558, 509, 607, 639, 587, 595, 607, 611, 604, 559, 630, 680, 693, 648, 610, 621, 1056, 820, 1489, 1836, 1168, 1050, 2167, 2085, 1975, 1390, 4214, 5685, 2960, 2768, 6490, 5681, 2021, 1617, 5370, 7111, 3653, 3187, 7406, 6236, 1460, 1318, 2707, 3721, 2461, 1540, 3452, 3079, 1346, 2136, 2029, 2612, 1972, 2907, 4613, 3561, 1685, 2006, 2828, 4016, 2672, 3143, 5654, 4457, 1725, 1821, 4054, 5031, 2886, 3023, 5673, 4335, 1192, 1612, 3568, 3915, 1848, 2301, 3821, 2783, 754, 1108, 1743, 1747, 868, 1448, 1906, 1376, 605, 774, 897, 917, 640, 871, 1105, 822, 629, 718, 719, 675, 631, 714, 884, 745, 781, 1287, 1286, 919, 765, 1109, 1292, 962, 1034, 2026, 1855, 957, 835, 1601, 2095, 1362, 1263, 2342, 1892, 909, 1014, 2056, 2496, 1436, 1272, 2117, 1518, 772, 1032, 1883, 2098, 1137, 1301, 2096, 1699, 869, 1117, 1796, 2148, 1245, 1377, 2083, 1641, 691, 1143, 1738, 1874, 973, 1017, 1342, 1148, 749, 928, 1124, 1031, 620, 764, 925, 793, 715, 764, 824, 820, 647, 942, 1098, 971, 674, 716, 954, 830, 635, 903, 912, 950, 761, 713, 933, 822, 731, 1098, 1190, 1183, 913, 783, 914, 839, 892, 1417, 1680, 1441, 1019, 913, 1114, 1107, 1066, 1183, 1173, 1059, 857, 945, 1140, 1119, 1019, 933, 961, 802, 752, 804, 927, 922, 746, 718, 771, 787, 605, 784, 880, 680, 610, 943, 1438, 1340, 778, 858, 1364, 1396, 889, 1338, 2692, 2486, 1286, 1055, 2103, 2574, 1490, 1613, 2924, 2495, 1223, 1077, 2075, 2742, 1569, 1200, 1969, 1618, 876, 918, 1685, 1988, 1205, 1247, 1480, 1353, 934, 1024, 1604, 1650, 1270, 1238, 1270, 1338, 859, 1091, 1557, 1372, 1120, 890, 960, 1063, 825, 870, 1335, 1197, 789, 680, 791, 888, 786, 623, 959, 942, 720, 571, 557, 605, 588, 520, 669, 622, 606, 631, 565, 589, 629, 619, 600, 580, 588, 730, 692, 614, 647, 569, 621, 674, 708, 717, 632, 567, 625, 629, 610, 668, 687, 673, 702, 618, 605, 636, 610, 673, 740, 702, 670, 673, 670, 581, 655, 761, 761, 660, 677, 718, 686, 553, 574, 715, 730, 760, 692, 580, 728, 812, 694, 579, 701, 819, 851, 739, 668, 740, 732, 655, 702, 921, 980, 776, 641, 730, 825, 677, 667, 720, 769, 649, 669, 657, 568, 619, 598, 584, 577, 602, 624, 629, 539, 566, 607, 533, 570, 618, 548, 585, 615, 660, 631, 534, 613, 689, 660, 624, 663, 741, 695, 568, 631, 676, 593, 550, 628, 666, 653, 558, 599, 588, 591, 471, 619, 727, 621, 565, 533, 530, 552, 483, 594, 580, 507, 635, 521, 414, 532, 578, 547, 569, 626, 663, 615, 589, 648, 625, 531, 528, 616, 768, 697, 630, 666, 725, 651, 611, 638, 765, 628, 578, 636, 685, 664, 672, 730, 630, 624, 651, 629, 626, 662, 638, 702, 644, 631, 606, 624, 546, 502, 536, 606, 647, 670, 534, 580, 618, 591, 471, 482, 664, 695, 625, 617, 650, 584, 483, 545, 690, 624, 698, 730, 632, 610, 653, 672, 660, 568, 618, 689, 670, 749, 687, 665, 623, 656, 615, 622, 708, 791, 677, 549, 551, 622, 562, 520, 612, 673, 603, 488, 535, 556, 629, 676, 709, 645, 670, 692, 475, 460, 563, 577, 538, 530, 586, 567, 719, 576, 588, 581, 556, 623, 616, 684, 1049, 829, 998, 1052, 730, 993, 1531, 1435, 1169, 888, 1352, 1770, 1083, 1542, 2956, 2640, 1133, 809, 888, 1563, 1225, 1210, 2632, 2415, 930, 747, 690, 958, 914, 785, 1673, 1641, 895, 693, 715, 775, 809, 747, 1339, 1396, 782, 688, 819, 841, 794, 828, 1127, 1146, 830, 709, 713, 722, 761, 887, 976, 1025, 886, 641, 691, 709, 715, 922, 1000, 1010, 716, 661, 628, 551, 674, 884, 1072, 913, 595, 714, 873, 805, 667, 870, 1169, 1000, 621, 805, 970, 747, 511, 851, 1045, 908, 552, 652, 728, 593, 563, 656, 770, 696, 612, 482, 582, 628, 548, 557, 574, 611, 617, 568, 692, 751, 625, 687, 693, 740, 494, 567, 688, 725, 573, 583, 582, 576, 511, 526, 626, 657, 582, 497, 576, 613]"
0.5218552947044373,-0.24537774920463562,0.06320586800575256,0.14834026992321014,-0.6402877569198608,-0.29336631298065186,0.04734406992793083,0.10786020755767822,0.5980968475341797,19.25,0.13174974918365479,-0.5945205688476562,17.75,0.15449488162994385,0.48465728759765625,25.75,0.20942652225494385,0.3657817840576172,26.75,0.22816622257232666,-0.2460479736328125,21.5,"[510, 499, 563, 529, 417, 530, 566, 495, 559, 623, 595, 549, 541, 659, 607, 516, 535, 581, 536, 558, 590, 720, 653, 524, 510, 524, 583, 606, 604, 554, 550, 531, 494, 464, 538, 503, 514, 567, 449, 462, 580, 455, 436, 530, 585, 545, 453, 553, 463, 515, 485, 524, 576, 521, 520, 506, 431, 515, 568, 554, 516, 431, 476, 462, 566, 558, 551, 556, 596, 519, 538, 586, 519, 476, 538, 527, 501, 478, 499, 588, 491, 473, 546, 542, 432, 452, 552, 511, 535, 480, 491, 596, 540, 420, 471, 543, 542, 444, 519, 568, 562, 529, 510, 534, 495, 401, 452, 511, 521, 558, 525, 556, 663, 493, 565, 561, 481, 481, 517, 639, 641, 570, 558, 607, 596, 487, 498, 620, 596, 539, 513, 547, 557, 569, 602, 637, 582, 509, 588, 630, 636, 692, 703, 662, 568, 516, 508, 669, 669, 628, 609, 576, 623, 567, 474, 534, 651, 653, 579, 556, 587, 498, 520, 505, 538, 587, 497, 573, 612, 646, 609, 561, 514, 644, 515, 480, 544, 615, 574, 518, 558, 642, 610, 528, 580, 629, 573, 469, 549, 616, 583, 555, 565, 626, 550, 464, 601, 619, 472, 467, 481, 541, 544, 506, 485, 533, 497, 502, 549, 464, 492, 514, 530, 508, 569, 585, 565, 567, 555, 500, 569, 592, 585, 612, 550, 540, 523, 522, 579, 546, 594, 618, 565, 634, 577, 471, 514, 576, 587, 523, 538, 599, 584, 545, 564, 593, 529, 507, 469, 484, 544, 559, 503, 526, 545, 519, 440, 488, 516, 430, 505, 510, 523, 531, 506, 533, 508, 424, 527, 588, 513, 542, 558, 523, 499, 509, 551, 544, 503, 557, 487, 522, 552, 626, 582, 507, 536, 560, 537, 524, 533, 637, 583, 511, 483, 480, 544, 565, 551, 607, 573, 515, 559, 550, 522, 462, 578, 572, 505, 529, 613, 605, 637, 540, 517, 566, 639, 680, 526, 610, 569, 628, 619, 576, 678, 660, 567, 574, 594, 642, 584, 621, 659, 530, 578, 618, 592, 559, 624, 634, 529, 532, 614, 650, 497, 556, 649, 610, 609, 603, 512, 533, 572, 591, 694, 632, 601, 599, 628, 612, 613, 640, 651, 601, 605, 672, 662, 617, 582, 629, 575, 569, 549, 582, 560, 539, 611, 695, 577, 565, 594, 625, 621, 603, 530, 719, 776, 712, 664, 685, 675, 578, 794, 1461, 1928, 1431, 801, 800, 1415, 1418, 903, 2825, 3439, 2218, 724, 1490, 2648, 2129, 1076, 3839, 4775, 2890, 861, 2793, 5285, 4509, 2474, 5899, 7506, 4045, 1335, 5594, 10933, 9669, 2538, 6616, 8093, 4117, 1342, 6506, 12344, 10671, 1650, 3637, 4635, 2514, 981, 3482, 6885, 6194, 824, 1657, 1996, 1089, 509, 1380, 2744, 2534, 641, 1005, 1014, 653, 523, 872, 1147, 1008, 619, 751, 641, 503, 541, 644, 602, 525, 524, 670, 581, 449, 571, 610, 627, 556, 568, 624, 575, 558, 625, 579, 569, 580, 553, 522, 524, 519, 572, 583, 474, 539, 647, 595, 533, 607, 630, 560, 560, 585, 535, 536, 500, 530, 601, 547, 515, 554, 566, 526, 581, 604, 602, 614, 570, 560, 584, 570, 628, 584, 490, 581, 607, 542, 567, 661, 756, 662, 480, 559, 619, 509, 725, 1233, 1221, 796, 568, 717, 763, 548, 782, 1269, 1267, 809, 626, 728, 796, 536, 751, 856, 768, 662, 626, 695, 726, 614, 691, 626, 560, 558, 569, 561, 601, 641, 591, 675, 784, 574, 466, 522, 654, 746, 684, 650, 731, 633, 566, 646, 637, 716, 606, 607, 583, 578, 626, 675, 688, 692, 702, 698, 603, 521, 638, 716, 676, 590, 611, 686, 622, 567, 648, 646, 529, 501, 596, 725, 649, 650, 698, 593, 555, 446, 601, 626, 560, 629, 627, 550, 541, 509, 661, 656, 563, 670, 615, 604, 545, 553, 624, 616, 670, 639, 583, 630, 617, 551, 711, 722, 726, 726, 638, 590, 614, 630, 683, 698, 691, 649, 622, 629, 692, 604, 646, 591, 550, 616, 575, 628, 681, 680, 595, 697, 596, 562, 564, 636, 676, 647, 694, 610, 575, 603, 603, 533, 585, 704, 711, 551, 655, 746, 642, 491, 556, 718, 722, 667, 687, 686, 595, 553, 549, 635, 660, 581, 591, 666, 635, 551, 490, 675, 575, 627, 623, 596, 575, 562, 618, 590, 513, 586, 644, 616, 562, 590, 595, 563, 571, 563, 595, 601, 520, 524, 585, 578, 554, 516, 511, 484, 521, 573, 597, 573, 562, 547, 531, 495, 594, 625, 610, 593, 563, 645, 538, 461, 552, 607, 541, 473, 493, 665, 630, 492, 524, 681, 606, 469, 493, 600, 683, 550, 550, 614, 585, 496, 583, 600, 689, 644, 544, 552, 582, 627, 568, 591, 618, 565, 576, 558, 576, 601, 523, 611, 701, 544, 489, 542, 630, 635, 535, 626, 707, 556, 583, 577, 598, 576, 611, 586, 664, 640, 646, 643, 517, 591, 576, 477, 542, 567, 609, 614, 508, 603, 473, 478, 565, 531, 530, 567, 575, 572, 545, 501, 622, 666, 555, 523, 671, 674, 606, 549, 510, 586, 537, 517, 538, 582, 583, 546, 468, 536, 544, 537, 550, 535, 518, 568, 593, 553, 466, 477, 524, 535, 523, 606, 672, 615, 531, 504, 573, 593, 544, 590, 580, 572, 508, 509, 607, 578, 594, 549, 565, 557, 608, 561, 597, 655, 629, 590, 658, 549, 619, 678, 621, 702, 566, 658, 660, 585, 603, 681, 656, 588, 541, 685, 713, 655, 681, 671, 720, 675, 467, 572, 713, 642, 568, 547, 584, 579, 509, 552, 674, 686, 558, 565, 563, 564, 511, 545, 611, 584, 555, 638, 614, 530, 454, 585, 636, 482, 485, 572, 530, 446, 511, 549, 544, 470, 482, 533, 539, 523, 526, 579, 584, 463, 488, 551, 552, 531, 523, 577, 584, 525, 507, 558, 615, 558, 417, 438, 503, 498, 496, 551, 568, 514, 475, 533, 573, 490, 449, 497, 529, 533, 558, 575, 552, 480, 470, 463, 471, 502, 450, 474, 463, 472, 436, 367, 429, 429, 438, 426, 441, 501, 536, 457, 459, 486, 408, 395, 435, 423, 487, 477, 415, 414, 341, 377, 399, 423, 470, 441, 416, 395, 372, 400, 440, 426, 435, 452, 434, 406, 372, 379, 404, 460, 484, 411, 351, 359]"
0.5048229694366455,-0.3773069977760315,-0.07634742558002472,0.035866525024175644,-0.690234363079071,-0.46618762612342834,-0.11660130321979523,-0.6744409799575806,1.080322265625,16.75,-0.080635666847229,0.464630126953125,17.5,-0.0002409219741821289,0.7274150848388672,15.25,0.021788954734802246,0.6510257720947266,21.75,0.05697953701019287,0.5963802337646484,20.75,"[453, 572, 590, 588, 641, 586, 591, 573, 513, 507, 561, 679, 698, 561, 527, 607, 537, 523, 554, 556, 606, 575, 543, 568, 424, 485, 518, 445, 445, 440, 470, 526, 446, 480, 548, 505, 449, 463, 474, 461, 540, 515, 547, 495, 523, 630, 593, 514, 552, 604, 649, 578, 487, 539, 582, 512, 548, 590, 588, 514, 498, 522, 534, 537, 470, 467, 543, 547, 543, 543, 507, 499, 531, 447, 473, 550, 511, 548, 590, 593, 480, 473, 489, 560, 529, 457, 574, 596, 480, 476, 443, 559, 496, 410, 549, 510, 479, 473, 530, 537, 497, 480, 491, 519, 481, 458, 563, 614, 514, 513, 558, 512, 455, 441, 480, 490, 481, 508, 532, 512, 544, 536, 465, 520, 597, 557, 504, 490, 521, 498, 428, 523, 579, 558, 494, 459, 511, 560, 533, 475, 506, 541, 576, 579, 545, 631, 625, 472, 494, 585, 585, 554, 548, 489, 590, 482, 503, 537, 549, 598, 629, 533, 536, 555, 542, 481, 531, 590, 542, 535, 547, 602, 624, 570, 535, 546, 536, 494, 472, 506, 575, 616, 570, 508, 515, 483, 510, 559, 569, 523, 545, 589, 471, 496, 548, 578, 554, 499, 461, 478, 619, 613, 549, 521, 605, 525, 452, 573, 558, 533, 487, 435, 535, 481, 411, 521, 456, 491, 510, 507, 465, 477, 594, 577, 519, 512, 518, 574, 616, 518, 581, 617, 540, 547, 514, 531, 575, 532, 529, 567, 491, 552, 542, 553, 544, 557, 599, 529, 577, 649, 586, 476, 541, 627, 604, 571, 528, 643, 560, 449, 492, 485, 512, 471, 538, 658, 594, 523, 573, 508, 416, 435, 593, 649, 580, 533, 585, 582, 552, 554, 510, 491, 491, 515, 549, 523, 584, 546, 500, 552, 573, 518, 548, 541, 508, 513, 492, 508, 566, 531, 531, 574, 581, 500, 551, 448, 595, 697, 512, 460, 566, 626, 589, 471, 527, 623, 577, 483, 516, 655, 499, 519, 614, 603, 553, 520, 544, 634, 535, 603, 642, 665, 666, 661, 657, 610, 602, 563, 589, 621, 617, 553, 600, 626, 595, 652, 594, 576, 575, 527, 615, 618, 551, 620, 616, 565, 509, 592, 634, 576, 617, 501, 547, 633, 561, 567, 582, 657, 747, 603, 771, 913, 804, 617, 1123, 1168, 1535, 755, 1238, 1751, 1531, 890, 2517, 2874, 1701, 673, 1300, 1541, 1320, 853, 2788, 3240, 2512, 851, 1536, 2386, 2190, 934, 3343, 4187, 2915, 2143, 3049, 2948, 2333, 2017, 4125, 4740, 2251, 3216, 4272, 2663, 1514, 3262, 7060, 6641, 1792, 2522, 3279, 2025, 1289, 2774, 6367, 5999, 1537, 1444, 1650, 1054, 872, 1646, 3426, 3344, 1099, 1700, 1669, 855, 658, 1467, 2616, 2290, 752, 1208, 1168, 727, 534, 911, 1385, 1177, 668, 699, 694, 644, 556, 540, 600, 677, 657, 589, 642, 609, 622, 630, 618, 699, 665, 578, 584, 627, 688, 703, 656, 678, 707, 617, 592, 622, 629, 584, 555, 690, 616, 570, 447, 571, 593, 528, 547, 605, 492, 483, 541, 575, 463, 474, 578, 522, 500, 530, 675, 599, 485, 567, 560, 559, 549, 586, 584, 558, 553, 592, 560, 541, 631, 564, 467, 612, 709, 572, 611, 636, 711, 614, 557, 640, 710, 697, 691, 703, 768, 732, 791, 742, 599, 675, 823, 927, 676, 624, 701, 691, 624, 652, 721, 747, 716, 885, 892, 723, 578, 578, 704, 666, 637, 800, 926, 770, 589, 548, 675, 684, 546, 606, 675, 646, 587, 618, 539, 552, 690, 571, 608, 631, 626, 538, 600, 704, 657, 616, 620, 625, 674, 616, 634, 685, 746, 646, 721, 719, 651, 712, 675, 695, 716, 713, 880, 782, 690, 755, 582, 706, 689, 605, 844, 760, 648, 778, 586, 749, 635, 649, 794, 625, 612, 720, 684, 715, 606, 606, 835, 772, 604, 589, 610, 703, 721, 639, 735, 753, 689, 690, 615, 682, 744, 784, 809, 752, 723, 780, 784, 722, 605, 633, 723, 711, 647, 640, 748, 702, 586, 655, 755, 751, 625, 569, 622, 704, 580, 686, 767, 614, 544, 666, 649, 590, 548, 606, 647, 547, 556, 592, 626, 560, 588, 605, 677, 635, 534, 536, 678, 649, 639, 602, 648, 616, 516, 578, 687, 708, 526, 603, 607, 568, 496, 536, 584, 558, 548, 580, 537, 567, 610, 597, 576, 518, 500, 512, 444, 450, 470, 520, 535, 472, 493, 591, 564, 504, 468, 479, 560, 509, 510, 578, 616, 544, 520, 529, 642, 638, 527, 531, 565, 514, 515, 565, 552, 608, 558, 559, 590, 568, 554, 600, 568, 502, 571, 582, 550, 557, 543, 551, 555, 541, 561, 550, 538, 561, 524, 546, 521, 549, 535, 547, 539, 534, 516, 507, 492, 551, 560, 525, 606, 618, 576, 578, 623, 630, 606, 529, 613, 645, 541, 530, 620, 642, 618, 593, 557, 552, 581, 532, 554, 597, 603, 601, 478, 451, 540, 602, 537, 490, 541, 453, 517, 574, 571, 525, 547, 592, 557, 523, 542, 589, 564, 521, 636, 619, 594, 631, 578, 603, 585, 580, 714, 639, 523, 649, 563, 562, 634, 623, 604, 479, 542, 647, 571, 520, 648, 625, 563, 485, 606, 578, 562, 615, 596, 536, 512, 573, 661, 609, 576, 657, 613, 550, 535, 554, 634, 629, 630, 655, 582, 632, 644, 539, 599, 579, 572, 577, 531, 588, 631, 516, 599, 652, 611, 541, 561, 672, 698, 565, 673, 699, 671, 634, 625, 683, 685, 643, 596, 678, 657, 597, 593, 609, 646, 595, 510, 512, 610, 550, 565, 558, 593, 569, 623, 658, 665, 566, 643, 715, 669, 558, 621, 679, 624, 617, 690, 756, 651, 589, 617, 600, 591, 649, 582, 559, 607, 569, 607, 603, 568, 613, 606, 535, 563, 585, 566, 481, 498, 626, 604, 530, 522, 605, 501, 516, 515, 552, 605, 557, 443, 478, 382, 516, 580, 526, 501, 596, 561, 440, 400, 475, 570, 550, 534, 530, 492, 452, 446, 521, 506, 469, 539, 530, 556, 518, 425, 491, 464, 398, 436, 532, 484, 419, 490, 514, 405, 460, 551, 487, 373, 425, 526, 463, 339, 423, 531, 529, 420, 421, 449, 361, 382, 423, 483, 525, 446, 427, 371, 420, 430, 424, 376, 387, 443, 414, 383, 468, 450, 397, 352, 408, 456, 415]"
0.5566892027854919,-0.3169322609901428,-0.2609531283378601,0.1329384297132492,-0.5111424922943115,-0.6610741019248962,0.010167166590690613,-0.20743250846862793,0.6066799163818359,21.5,-0.09055972099304199,0.6721973419189453,26.0,-0.018175840377807617,0.6245613098144531,29.0,0.03346562385559082,0.8448600769042969,19.0,0.06593823432922363,0.7153987884521484,24.25,"[600, 616, 595, 537, 500, 533, 599, 617, 566, 506, 520, 559, 550, 511, 570, 627, 552, 511, 449, 468, 500, 505, 559, 592, 480, 531, 524, 427, 519, 567, 546, 501, 495, 524, 603, 536, 525, 518, 587, 567, 478, 501, 577, 537, 429, 508, 649, 607, 453, 497, 516, 473, 488, 493, 493, 446, 486, 519, 574, 434, 463, 525, 473, 480, 457, 485, 516, 466, 455, 498, 513, 507, 522, 498, 440, 542, 475, 463, 524, 521, 512, 560, 541, 531, 475, 415, 500, 509, 503, 576, 662, 559, 484, 470, 539, 544, 413, 449, 507, 511, 507, 486, 464, 474, 479, 505, 535, 515, 554, 538, 504, 497, 516, 521, 503, 537, 565, 578, 537, 515, 593, 556, 542, 625, 682, 585, 611, 668, 675, 550, 575, 633, 643, 518, 526, 720, 621, 606, 524, 521, 550, 439, 495, 644, 586, 661, 496, 464, 460, 520, 578, 541, 557, 548, 595, 656, 531, 498, 568, 579, 567, 555, 538, 566, 511, 514, 577, 551, 608, 631, 604, 571, 539, 543, 577, 560, 662, 669, 650, 590, 590, 557, 610, 637, 509, 663, 652, 558, 447, 493, 634, 577, 519, 550, 550, 514, 457, 499, 501, 543, 563, 570, 583, 529, 534, 606, 565, 579, 549, 650, 650, 569, 565, 643, 647, 552, 566, 576, 557, 597, 529, 518, 519, 528, 521, 547, 516, 582, 576, 469, 555, 550, 487, 451, 484, 633, 546, 514, 576, 545, 487, 496, 464, 486, 608, 631, 483, 441, 526, 469, 556, 574, 576, 527, 435, 476, 617, 551, 543, 638, 584, 557, 446, 523, 602, 530, 525, 643, 654, 630, 508, 550, 528, 476, 492, 519, 544, 580, 535, 540, 531, 600, 507, 571, 606, 532, 571, 565, 481, 506, 593, 620, 597, 555, 549, 594, 492, 579, 509, 539, 571, 583, 631, 552, 572, 618, 533, 469, 545, 536, 531, 515, 593, 660, 589, 566, 581, 570, 521, 504, 572, 592, 545, 517, 515, 514, 637, 600, 622, 540, 545, 604, 587, 499, 598, 680, 596, 530, 579, 542, 548, 576, 560, 597, 605, 517, 588, 641, 563, 571, 640, 623, 497, 549, 545, 521, 568, 669, 649, 528, 608, 582, 673, 627, 593, 659, 731, 700, 1753, 800, 1375, 2097, 1813, 827, 2163, 2738, 4064, 1231, 3552, 5288, 4228, 1377, 5338, 6762, 5622, 4575, 7784, 7278, 4894, 5055, 11099, 11563, 6400, 6387, 10247, 6921, 4182, 6686, 16141, 16265, 6110, 5192, 8979, 6150, 4270, 4968, 14274, 15062, 4550, 4588, 7526, 5492, 3609, 4233, 11242, 11603, 2727, 4319, 6198, 4114, 2111, 4483, 9722, 9056, 1359, 2129, 2963, 2075, 995, 2626, 5236, 4710, 853, 1039, 1258, 947, 740, 1178, 2210, 2085, 738, 822, 817, 655, 587, 719, 1044, 1027, 578, 514, 657, 606, 465, 566, 691, 730, 559, 476, 532, 572, 597, 615, 647, 597, 617, 553, 578, 576, 627, 657, 637, 613, 522, 556, 601, 535, 529, 596, 603, 571, 515, 521, 510, 502, 563, 614, 540, 529, 555, 618, 585, 505, 534, 528, 491, 511, 587, 685, 669, 504, 544, 581, 587, 561, 633, 687, 621, 555, 524, 601, 642, 593, 472, 513, 545, 462, 501, 568, 622, 504, 479, 550, 596, 527, 459, 621, 645, 547, 603, 597, 701, 746, 648, 705, 813, 756, 658, 619, 673, 853, 733, 623, 868, 798, 587, 696, 755, 723, 629, 583, 667, 601, 693, 1006, 974, 692, 617, 802, 816, 617, 804, 957, 869, 671, 619, 789, 814, 687, 789, 684, 518, 594, 662, 672, 704, 705, 742, 629, 471, 622, 782, 709, 636, 715, 824, 687, 645, 721, 802, 695, 599, 816, 690, 667, 820, 800, 760, 627, 650, 722, 721, 685, 902, 923, 771, 628, 709, 722, 622, 673, 800, 773, 623, 711, 705, 623, 640, 665, 710, 699, 561, 724, 737, 567, 665, 730, 780, 888, 795, 583, 720, 756, 803, 702, 730, 856, 747, 532, 612, 759, 687, 618, 615, 675, 616, 590, 579, 625, 561, 534, 599, 727, 698, 526, 524, 615, 557, 552, 612, 687, 682, 526, 518, 555, 550, 532, 522, 511, 618, 637, 655, 593, 632, 588, 574, 549, 705, 797, 702, 695, 751, 676, 665, 559, 625, 751, 608, 692, 688, 626, 566, 510, 615, 685, 692, 652, 586, 566, 494, 594, 632, 690, 693, 638, 569, 567, 615, 631, 648, 600, 587, 577, 607, 648, 681, 687, 610, 553, 648, 670, 683, 605, 574, 639, 687, 557, 644, 725, 585, 608, 550, 471, 505, 574, 527, 538, 537, 595, 603, 538, 528, 609, 560, 533, 544, 612, 651, 598, 582, 592, 613, 561, 521, 607, 603, 550, 529, 526, 584, 542, 561, 588, 520, 446, 514, 630, 540, 511, 484, 468, 442, 415, 493, 567, 553, 491, 508, 477, 557, 597, 616, 599, 665, 630, 490, 518, 523, 485, 604, 635, 571, 542, 467, 446, 587, 532, 531, 550, 629, 620, 486, 460, 519, 527, 464, 552, 598, 579, 555, 507, 568, 636, 556, 648, 674, 614, 554, 530, 563, 644, 533, 533, 639, 606, 578, 459, 530, 661, 576, 492, 533, 603, 593, 502, 594, 632, 556, 565, 520, 614, 581, 531, 561, 625, 651, 585, 520, 618, 585, 598, 550, 542, 571, 465, 537, 591, 613, 595, 565, 545, 551, 489, 531, 632, 574, 494, 436, 563, 621, 552, 521, 585, 673, 527, 597, 634, 632, 513, 594, 710, 764, 564, 707, 706, 720, 541, 867, 1039, 845, 725, 957, 878, 657, 693, 1077, 1186, 764, 809, 1050, 913, 592, 739, 1178, 1210, 663, 853, 977, 750, 568, 579, 927, 1008, 585, 602, 725, 675, 616, 504, 681, 743, 557, 497, 592, 687, 643, 532, 544, 666, 572, 559, 488, 560, 672, 595, 484, 497, 583, 565, 516, 511, 585, 563, 505, 519, 425, 484, 537, 486, 452, 484, 488, 440, 506, 537, 531, 443, 525, 545, 453, 493, 580, 450, 430, 426, 484, 486, 404, 529, 533, 476, 511, 536, 517, 466, 489, 561, 482, 478, 444, 466, 518, 476, 476, 461, 472, 457, 448, 361, 374, 402, 448, 478, 372, 305, 368, 400, 352, 315, 460, 516, 407, 362, 352, 417, 383, 392, 426, 415, 398, 332, 334, 394, 396, 395, 422, 444, 361, 414, 461, 432, 381, 366, 431, 449]"
0.5910676717758179,-0.3219834268093109,-0.3560214042663574,0.1824476718902588,-0.44591814279556274,-0.7028805017471313,0.06983271986246109,-0.22700119018554688,0.8713245391845703,22.5,-0.18379974365234375,0.8258342742919922,31.0,-0.1111297607421875,0.7221221923828125,-30.0,-0.020578384399414062,0.5613327026367188,-31.75,0.04179191589355469,0.7039546966552734,24.75,"[530, 564, 601, 598, 627, 597, 599, 569, 564, 503, 515, 622, 647, 537, 660, 690, 565, 573, 519, 517, 579, 619, 563, 555, 531, 521, 542, 538, 534, 567, 498, 460, 546, 583, 520, 529, 505, 512, 524, 536, 576, 503, 454, 573, 625, 551, 514, 616, 540, 544, 475, 477, 513, 528, 565, 551, 600, 535, 499, 486, 557, 631, 567, 555, 623, 602, 539, 508, 519, 518, 513, 586, 634, 583, 583, 577, 502, 550, 618, 619, 601, 601, 542, 557, 548, 541, 535, 572, 548, 587, 564, 541, 571, 491, 436, 529, 510, 526, 595, 548, 552, 537, 531, 542, 555, 552, 687, 632, 571, 562, 608, 589, 537, 477, 536, 554, 486, 531, 576, 608, 542, 530, 535, 599, 565, 582, 586, 525, 537, 479, 523, 601, 501, 505, 571, 554, 579, 552, 563, 601, 548, 549, 559, 565, 555, 503, 565, 657, 629, 507, 562, 545, 456, 538, 514, 492, 548, 551, 567, 432, 486, 541, 555, 502, 449, 542, 584, 477, 499, 510, 534, 538, 485, 514, 437, 447, 543, 480, 474, 519, 569, 488, 424, 532, 562, 491, 533, 598, 577, 501, 522, 601, 532, 487, 516, 548, 493, 479, 528, 588, 532, 469, 457, 526, 468, 473, 560, 574, 596, 535, 532, 496, 434, 477, 547, 629, 577, 507, 412, 485, 499, 454, 476, 504, 523, 551, 499, 526, 571, 474, 513, 496, 500, 526, 514, 542, 538, 549, 499, 467, 518, 530, 582, 539, 552, 570, 538, 521, 628, 569, 550, 642, 635, 660, 608, 595, 562, 481, 551, 629, 613, 592, 629, 621, 522, 602, 580, 533, 454, 519, 620, 522, 525, 653, 687, 596, 572, 577, 601, 581, 558, 571, 572, 626, 563, 491, 609, 594, 518, 515, 553, 591, 544, 505, 629, 646, 590, 549, 574, 573, 537, 425, 569, 687, 572, 595, 535, 461, 527, 552, 553, 542, 641, 625, 509, 501, 552, 612, 500, 456, 622, 613, 512, 519, 531, 532, 535, 548, 671, 654, 567, 586, 562, 539, 560, 595, 585, 562, 588, 541, 533, 602, 585, 596, 588, 490, 596, 700, 687, 589, 586, 647, 607, 506, 505, 538, 569, 508, 504, 632, 864, 792, 944, 1029, 882, 803, 1382, 1393, 3110, 2475, 3853, 4199, 2808, 2546, 7533, 7735, 8738, 6816, 11278, 9568, 6561, 7097, 19886, 20794, 13017, 9464, 16797, 13747, 9398, 9853, 27453, 29368, 11187, 6947, 13435, 11566, 7919, 7549, 22053, 24103, 5383, 4719, 8171, 6732, 3667, 5101, 13091, 13432, 3258, 5214, 8189, 5488, 1782, 4451, 10422, 10329, 3156, 4664, 7508, 4742, 1641, 3404, 8929, 9319, 1704, 2376, 3722, 2266, 1017, 1985, 4762, 4922, 797, 848, 1014, 771, 595, 937, 1469, 1431, 562, 617, 717, 591, 530, 615, 699, 649, 612, 667, 633, 577, 495, 575, 587, 548, 635, 721, 677, 675, 666, 655, 656, 636, 653, 800, 690, 649, 679, 677, 666, 624, 662, 751, 722, 649, 657, 737, 657, 570, 618, 667, 580, 553, 618, 710, 604, 547, 611, 696, 534, 552, 607, 585, 590, 563, 652, 630, 453, 464, 575, 494, 496, 542, 558, 635, 589, 513, 661, 677, 615, 530, 532, 514, 557, 589, 567, 592, 697, 708, 566, 530, 556, 597, 591, 583, 853, 844, 611, 661, 833, 713, 508, 618, 847, 802, 898, 1591, 1525, 856, 721, 805, 1074, 813, 1452, 2450, 1997, 876, 879, 1150, 1546, 880, 1343, 1788, 1282, 646, 758, 1096, 1154, 723, 991, 974, 638, 568, 660, 766, 714, 711, 861, 738, 744, 708, 648, 647, 673, 809, 906, 961, 1093, 988, 754, 670, 698, 884, 866, 1010, 1086, 950, 841, 738, 680, 960, 619, 657, 805, 672, 548, 654, 685, 762, 479, 698, 828, 829, 629, 695, 789, 697, 632, 709, 875, 994, 814, 749, 748, 644, 947, 762, 671, 780, 885, 791, 591, 789, 865, 791, 728, 708, 758, 776, 660, 760, 656, 641, 718, 705, 728, 669, 608, 657, 609, 675, 744, 713, 619, 640, 716, 672, 659, 767, 739, 643, 665, 746, 660, 603, 739, 703, 757, 692, 728, 763, 530, 655, 812, 630, 718, 682, 743, 662, 516, 817, 847, 580, 838, 732, 662, 605, 747, 1083, 786, 510, 681, 714, 576, 564, 809, 959, 668, 569, 573, 647, 621, 569, 618, 649, 587, 524, 525, 547, 582, 571, 590, 598, 598, 572, 585, 619, 649, 676, 685, 662, 604, 618, 696, 679, 700, 711, 634, 660, 656, 588, 702, 596, 574, 645, 669, 674, 657, 528, 574, 583, 538, 556, 627, 692, 592, 546, 544, 577, 563, 516, 556, 654, 633, 614, 641, 576, 639, 643, 635, 686, 581, 601, 674, 622, 586, 558, 670, 726, 621, 624, 653, 486, 541, 590, 604, 703, 645, 589, 593, 528, 668, 609, 468, 685, 522, 559, 498, 538, 680, 571, 513, 608, 502, 532, 506, 476, 604, 557, 472, 512, 569, 584, 549, 535, 612, 580, 590, 604, 467, 418, 464, 572, 542, 484, 535, 568, 622, 567, 493, 557, 539, 511, 594, 628, 674, 653, 613, 689, 664, 564, 623, 661, 664, 767, 761, 752, 736, 677, 652, 621, 664, 573, 673, 719, 612, 587, 628, 631, 539, 598, 745, 742, 585, 660, 681, 568, 481, 493, 629, 687, 644, 564, 628, 603, 548, 574, 651, 711, 642, 654, 800, 749, 692, 618, 629, 738, 556, 599, 838, 833, 546, 531, 667, 774, 659, 599, 782, 739, 679, 642, 835, 824, 644, 677, 955, 954, 1127, 772, 1345, 1250, 800, 596, 1309, 1633, 1110, 751, 1338, 1185, 820, 642, 1462, 1787, 788, 676, 775, 809, 724, 701, 1080, 1166, 572, 527, 673, 708, 586, 629, 770, 726, 607, 576, 595, 580, 477, 547, 677, 672, 603, 539, 537, 520, 525, 576, 607, 576, 627, 568, 610, 635, 590, 586, 586, 634, 615, 522, 614, 695, 543, 477, 609, 627, 579, 484, 573, 579, 478, 442, 507, 569, 555, 515, 492, 504, 391, 402, 561, 560, 531, 536, 499, 500, 472, 548, 573, 502, 476, 519, 482, 418, 412, 592, 611, 485, 398, 524, 558, 503, 472, 545, 581, 439, 483, 449, 466, 453, 486, 461, 432, 464, 429, 552, 534, 410, 390, 396, 421, 407, 405, 535, 534, 423, 426, 389, 492, 450, 430, 410, 442, 483, 406, 426, 500, 491]"
0.5870253443717957,-0.3513886332511902,-0.3462163507938385,0.1357223093509674,-0.42012330889701843,-0.5806889533996582,0.012574471533298492,-1.215863585472107,1.2904644012451172,15.25,-0.11808907985687256,0.8276939392089844,16.5,-0.09362733364105225,0.7445812225341797,22.5,0.010943055152893066,1.1509895324707031,15.5,0.02095663547515869,0.8231163024902344,20.0,"[588, 654, 729, 617, 574, 621, 732, 651, 579, 624, 674, 660, 600, 641, 652, 585, 571, 595, 635, 636, 534, 567, 637, 604, 644, 576, 478, 462, 588, 631, 510, 540, 467, 513, 525, 468, 436, 505, 453, 413, 495, 477, 487, 505, 558, 527, 455, 455, 516, 454, 555, 493, 553, 557, 520, 516, 505, 478, 537, 488, 538, 537, 599, 604, 466, 522, 511, 426, 512, 500, 507, 509, 591, 608, 528, 450, 549, 572, 601, 627, 574, 598, 579, 545, 614, 614, 624, 635, 594, 568, 555, 482, 535, 648, 597, 594, 595, 551, 516, 525, 548, 595, 491, 487, 607, 515, 469, 513, 506, 528, 455, 546, 715, 578, 519, 624, 606, 537, 416, 595, 633, 601, 527, 544, 562, 530, 496, 558, 546, 458, 473, 550, 512, 439, 449, 534, 573, 513, 689, 719, 589, 591, 615, 623, 556, 593, 622, 613, 551, 630, 637, 589, 512, 483, 465, 550, 575, 517, 624, 619, 616, 582, 555, 603, 579, 497, 552, 632, 624, 555, 551, 465, 537, 546, 575, 632, 558, 568, 534, 440, 461, 578, 622, 609, 668, 558, 594, 559, 498, 602, 631, 661, 615, 519, 483, 596, 632, 542, 499, 573, 584, 531, 549, 589, 600, 542, 498, 602, 588, 558, 596, 576, 588, 484, 479, 612, 555, 559, 519, 496, 447, 556, 475, 507, 600, 546, 532, 513, 536, 555, 519, 529, 466, 505, 534, 530, 557, 572, 656, 549, 531, 534, 545, 579, 536, 582, 610, 527, 539, 614, 656, 638, 640, 587, 665, 626, 611, 651, 617, 594, 582, 573, 602, 557, 611, 591, 467, 499, 555, 538, 469, 469, 537, 530, 517, 508, 548, 531, 545, 563, 615, 551, 590, 524, 524, 549, 611, 682, 548, 561, 526, 491, 531, 581, 501, 539, 637, 602, 657, 583, 570, 642, 553, 541, 591, 569, 615, 572, 609, 598, 502, 524, 639, 601, 491, 613, 643, 556, 510, 574, 660, 568, 471, 539, 573, 522, 538, 648, 633, 554, 539, 607, 604, 512, 550, 655, 570, 555, 581, 582, 599, 588, 562, 537, 624, 628, 631, 685, 623, 647, 636, 569, 621, 657, 581, 617, 567, 592, 583, 585, 801, 822, 880, 814, 824, 883, 1070, 1031, 1972, 1396, 2504, 2347, 1615, 1223, 2861, 3403, 1610, 770, 2166, 3361, 2214, 1360, 3600, 3480, 3992, 2495, 4199, 5070, 3488, 3398, 9957, 10154, 5453, 3300, 6042, 5177, 3853, 3371, 10841, 11963, 4261, 4238, 5656, 4215, 2964, 2883, 7448, 8176, 2226, 4800, 5545, 3188, 1775, 3106, 6017, 5664, 1919, 3560, 4652, 2426, 1297, 2766, 6174, 6019, 1440, 1718, 2335, 1624, 1187, 1738, 3887, 3820, 742, 1183, 1298, 963, 650, 1036, 1692, 1402, 700, 772, 654, 599, 594, 626, 671, 627, 622, 682, 596, 585, 608, 718, 836, 674, 588, 616, 612, 530, 641, 781, 656, 552, 579, 580, 555, 620, 598, 667, 652, 582, 632, 668, 659, 624, 666, 594, 548, 613, 619, 572, 624, 633, 695, 481, 519, 724, 592, 724, 657, 618, 647, 541, 542, 609, 485, 604, 603, 541, 624, 597, 563, 551, 599, 525, 665, 665, 578, 595, 556, 619, 712, 533, 789, 950, 651, 595, 805, 886, 741, 617, 716, 831, 615, 536, 835, 930, 889, 1290, 1238, 856, 703, 1034, 1090, 810, 1401, 2083, 1901, 984, 1053, 1936, 1737, 796, 1549, 1769, 1474, 1048, 1040, 1692, 1456, 856, 1084, 1256, 1316, 1032, 769, 816, 787, 840, 600, 857, 1266, 978, 582, 703, 716, 774, 708, 837, 944, 792, 608, 632, 737, 792, 899, 928, 754, 719, 772, 922, 877, 777, 1604, 1381, 965, 795, 976, 1541, 1141, 1092, 1712, 1269, 1653, 1406, 895, 1500, 1026, 1285, 1160, 976, 1424, 1336, 913, 1063, 944, 1027, 1054, 943, 845, 729, 837, 1237, 1052, 667, 844, 643, 718, 740, 665, 829, 854, 742, 706, 683, 601, 626, 703, 638, 550, 611, 643, 630, 724, 668, 809, 744, 610, 643, 614, 601, 618, 672, 640, 476, 558, 615, 651, 561, 514, 611, 632, 561, 545, 601, 772, 551, 709, 778, 749, 593, 633, 813, 846, 606, 886, 830, 688, 629, 774, 933, 783, 725, 967, 722, 626, 593, 704, 899, 706, 692, 749, 596, 542, 604, 594, 736, 596, 651, 684, 614, 578, 689, 711, 627, 638, 523, 611, 769, 603, 576, 820, 738, 634, 636, 508, 665, 753, 670, 674, 645, 562, 566, 633, 624, 592, 575, 603, 637, 676, 599, 734, 779, 625, 672, 704, 710, 627, 567, 617, 714, 650, 632, 665, 725, 546, 527, 589, 608, 663, 578, 572, 565, 593, 580, 556, 607, 620, 591, 571, 533, 656, 653, 541, 606, 719, 654, 662, 593, 598, 586, 614, 689, 653, 600, 659, 584, 516, 560, 649, 671, 584, 604, 705, 622, 549, 568, 613, 728, 678, 582, 588, 662, 572, 596, 576, 586, 658, 601, 551, 551, 566, 579, 445, 557, 657, 512, 563, 609, 574, 513, 544, 585, 630, 534, 488, 520, 555, 592, 627, 661, 557, 576, 605, 588, 573, 565, 601, 622, 620, 598, 605, 616, 491, 537, 589, 600, 640, 605, 556, 545, 585, 603, 616, 645, 661, 677, 660, 622, 627, 624, 603, 585, 563, 712, 745, 639, 551, 704, 687, 540, 473, 563, 667, 563, 621, 602, 593, 567, 584, 580, 584, 614, 597, 589, 654, 717, 667, 609, 591, 619, 580, 671, 684, 604, 550, 602, 692, 658, 610, 728, 691, 590, 618, 614, 746, 733, 608, 564, 628, 641, 640, 717, 984, 931, 641, 747, 918, 672, 583, 804, 1183, 1137, 562, 965, 1074, 775, 570, 879, 1164, 930, 641, 793, 800, 660, 613, 700, 725, 682, 627, 712, 697, 600, 590, 608, 551, 607, 492, 576, 634, 551, 611, 627, 590, 584, 591, 496, 558, 611, 620, 543, 561, 644, 592, 514, 596, 639, 583, 509, 593, 675, 567, 499, 704, 669, 527, 520, 671, 727, 514, 440, 604, 545, 442, 487, 621, 634, 582, 493, 504, 448, 497, 427, 604, 707, 413, 383, 384, 374, 422, 407, 515, 531, 366, 422, 464, 429, 411, 439, 456, 475, 415, 445, 462, 454, 366, 346, 411, 429, 410, 408, 408, 393, 346, 359, 420, 461, 380, 372, 415, 359, 337, 428, 406, 374, 406, 399, 334, 368, 417, 462, 431, 369]"
0.5762243866920471,-0.42912396788597107,-0.25934457778930664,0.07771608233451843,-0.46507906913757324,-0.3556254208087921,-0.04903591051697731,-0.20491385459899902,0.8800506591796875,25.25,-0.06572508811950684,0.8551597595214844,21.0,0.09048676490783691,0.7623195648193359,30.25,0.0969240665435791,0.8407115936279297,15.25,0.14541840553283691,0.7089614868164062,25.0,"[439, 584, 642, 689, 732, 685, 644, 583, 639, 530, 616, 700, 746, 763, 678, 728, 619, 586, 592, 557, 539, 587, 592, 615, 547, 647, 622, 448, 492, 575, 543, 486, 518, 607, 515, 492, 525, 507, 459, 491, 467, 415, 450, 533, 506, 474, 500, 470, 505, 490, 464, 472, 539, 601, 534, 460, 452, 477, 477, 469, 489, 552, 578, 472, 436, 553, 479, 435, 458, 585, 607, 477, 542, 588, 483, 476, 496, 644, 687, 504, 619, 604, 564, 595, 575, 598, 595, 546, 460, 518, 590, 572, 452, 576, 596, 503, 485, 526, 585, 491, 501, 576, 575, 546, 528, 652, 609, 508, 616, 668, 529, 464, 572, 501, 516, 580, 613, 649, 595, 500, 542, 522, 581, 572, 523, 558, 556, 534, 483, 511, 516, 422, 471, 461, 455, 504, 479, 586, 596, 568, 560, 511, 586, 531, 495, 546, 548, 608, 642, 555, 624, 608, 497, 559, 570, 603, 550, 565, 620, 576, 452, 460, 538, 545, 455, 543, 669, 548, 470, 557, 558, 538, 547, 558, 596, 519, 476, 522, 576, 538, 462, 485, 492, 440, 451, 515, 545, 575, 477, 418, 467, 483, 472, 475, 465, 522, 457, 497, 534, 503, 628, 561, 528, 501, 538, 616, 567, 531, 523, 584, 636, 566, 649, 673, 681, 621, 566, 519, 601, 653, 687, 596, 599, 687, 469, 502, 591, 493, 471, 481, 476, 486, 511, 563, 565, 485, 451, 555, 532, 482, 521, 567, 571, 526, 502, 547, 578, 531, 523, 662, 690, 645, 626, 601, 682, 581, 455, 518, 613, 590, 498, 492, 630, 571, 455, 541, 658, 575, 447, 508, 565, 530, 584, 494, 601, 597, 506, 518, 561, 626, 579, 536, 545, 545, 574, 601, 635, 563, 579, 606, 573, 440, 503, 562, 567, 569, 534, 564, 634, 582, 606, 614, 616, 606, 517, 519, 571, 577, 541, 549, 588, 585, 606, 639, 608, 567, 559, 529, 451, 531, 590, 565, 558, 564, 598, 519, 515, 566, 583, 545, 602, 620, 636, 628, 582, 606, 572, 652, 681, 616, 581, 592, 682, 624, 638, 616, 510, 530, 674, 710, 647, 573, 642, 684, 635, 673, 721, 890, 896, 741, 1474, 1865, 2085, 1893, 1710, 2195, 2552, 2049, 3388, 4486, 6014, 4059, 2325, 4717, 8575, 7980, 5147, 5626, 8215, 4928, 3027, 5963, 13594, 13329, 4395, 3752, 5262, 4259, 3352, 4255, 10623, 10662, 2469, 3068, 3606, 3286, 2340, 3289, 7023, 6526, 3621, 8659, 10952, 6520, 2454, 8656, 17569, 15537, 3597, 10437, 11990, 6614, 2268, 10633, 20802, 17732, 1846, 5724, 5992, 3310, 1405, 5593, 10676, 8829, 1111, 1996, 2097, 1566, 1042, 1921, 3465, 2921, 901, 1014, 1121, 880, 807, 1070, 1493, 1429, 690, 882, 1061, 779, 581, 941, 1248, 1037, 641, 841, 977, 701, 562, 716, 916, 831, 627, 718, 654, 611, 680, 707, 683, 583, 637, 667, 608, 678, 668, 674, 715, 665, 587, 620, 561, 627, 673, 627, 635, 592, 605, 615, 579, 630, 643, 562, 484, 517, 516, 683, 650, 531, 436, 547, 515, 449, 530, 611, 714, 700, 614, 597, 637, 549, 499, 571, 715, 675, 490, 503, 602, 505, 570, 534, 643, 669, 572, 499, 479, 559, 693, 1080, 1140, 800, 638, 755, 757, 715, 1675, 3476, 3421, 1565, 1045, 1452, 1576, 1176, 2632, 5561, 5178, 2091, 1534, 2088, 2586, 1709, 2381, 4842, 4256, 1530, 1240, 1863, 2630, 1516, 1858, 3232, 2566, 998, 986, 1692, 2151, 1094, 1117, 1690, 1648, 1094, 962, 1143, 1136, 750, 1247, 1492, 1497, 1432, 1371, 1358, 1187, 1075, 1746, 1703, 1335, 1424, 1753, 2076, 1768, 1316, 2006, 1817, 1183, 1115, 1734, 2457, 2016, 1365, 1725, 1521, 1121, 1133, 1469, 1991, 1562, 1120, 1074, 893, 1106, 1025, 974, 1332, 1161, 843, 602, 778, 954, 866, 498, 852, 874, 566, 761, 803, 787, 828, 753, 690, 793, 771, 791, 897, 871, 798, 729, 714, 817, 863, 731, 705, 712, 615, 569, 637, 694, 745, 686, 621, 570, 582, 543, 596, 613, 593, 635, 592, 632, 719, 607, 602, 632, 557, 730, 726, 737, 750, 681, 741, 703, 652, 726, 689, 824, 765, 653, 640, 791, 846, 647, 644, 686, 661, 622, 578, 610, 726, 605, 603, 623, 614, 633, 585, 589, 602, 674, 683, 671, 667, 651, 649, 656, 653, 731, 695, 555, 611, 700, 589, 586, 623, 719, 663, 631, 673, 717, 559, 499, 659, 648, 656, 761, 716, 734, 611, 686, 821, 638, 566, 655, 623, 631, 612, 673, 736, 598, 486, 582, 621, 580, 587, 531, 612, 652, 524, 509, 569, 544, 534, 590, 655, 606, 614, 637, 533, 502, 577, 621, 574, 566, 572, 535, 495, 478, 602, 600, 534, 682, 596, 570, 527, 532, 545, 626, 704, 565, 577, 523, 536, 480, 546, 586, 606, 556, 601, 570, 528, 532, 500, 521, 569, 693, 677, 633, 699, 651, 489, 617, 665, 684, 620, 609, 722, 639, 521, 542, 624, 652, 619, 553, 613, 631, 628, 586, 576, 558, 551, 568, 544, 531, 580, 671, 627, 538, 477, 522, 591, 516, 596, 647, 562, 632, 555, 560, 587, 567, 532, 618, 650, 496, 469, 521, 588, 479, 549, 713, 632, 550, 646, 611, 627, 617, 600, 765, 730, 596, 651, 612, 571, 655, 588, 645, 652, 572, 625, 649, 571, 671, 600, 464, 514, 658, 788, 770, 610, 517, 687, 702, 637, 867, 1086, 987, 709, 575, 846, 1031, 862, 901, 1170, 1163, 928, 667, 845, 1131, 1056, 728, 1207, 1346, 1066, 756, 828, 1381, 1289, 615, 932, 1231, 1058, 720, 709, 1247, 1254, 594, 645, 908, 991, 664, 618, 997, 1013, 590, 592, 619, 662, 599, 559, 721, 729, 528, 538, 616, 613, 556, 567, 567, 526, 589, 657, 727, 692, 558, 682, 713, 585, 655, 659, 671, 748, 639, 608, 651, 599, 629, 761, 735, 644, 592, 691, 768, 672, 564, 616, 723, 633, 464, 535, 675, 645, 484, 531, 567, 577, 516, 494, 584, 559, 467, 564, 561, 497, 418, 507, 581, 534, 445, 545, 631, 604, 438, 467, 676, 595, 408, 501, 675, 596, 429, 505, 597, 504, 468, 428, 513, 526, 448, 476, 536, 527, 556, 428, 387, 486, 482, 497, 458, 517, 466, 485, 388, 372, 478, 513, 429, 384, 475, 467, 362, 441, 423, 349, 358, 419]"
0.5553044676780701,-0.45996809005737305,-0.2284177541732788,-0.004390150308609009,-0.4510267972946167,-0.26677417755126953,-0.14612075686454773,-1.228813886642456,2.1204471588134766,16.75,-0.404982328414917,0.9889125823974609,20.25,-0.28195834159851074,0.8979320526123047,29.25,-0.09384608268737793,0.6397247314453125,-30.75,0.01143956184387207,0.5404472351074219,31.0,"[473, 542, 594, 656, 661, 650, 594, 547, 438, 563, 601, 686, 655, 580, 611, 519, 546, 518, 599, 610, 548, 517, 562, 520, 567, 483, 525, 542, 549, 497, 443, 529, 549, 507, 521, 588, 626, 582, 508, 532, 483, 485, 471, 530, 524, 492, 445, 455, 467, 504, 561, 571, 522, 480, 493, 497, 468, 487, 534, 507, 415, 482, 496, 460, 515, 410, 469, 532, 514, 566, 528, 500, 545, 505, 497, 508, 558, 593, 500, 549, 583, 625, 569, 520, 580, 546, 537, 520, 623, 603, 531, 540, 590, 523, 510, 547, 501, 479, 415, 507, 566, 557, 486, 513, 467, 460, 562, 560, 540, 578, 517, 465, 610, 538, 482, 477, 493, 565, 496, 510, 640, 586, 623, 564, 556, 615, 587, 624, 546, 558, 578, 512, 601, 570, 496, 581, 585, 636, 618, 578, 637, 621, 477, 479, 573, 531, 632, 604, 514, 437, 423, 572, 569, 466, 565, 520, 511, 486, 524, 594, 607, 537, 448, 548, 598, 473, 514, 568, 589, 515, 478, 633, 629, 573, 558, 563, 469, 569, 590, 595, 541, 489, 498, 479, 494, 526, 621, 605, 532, 567, 602, 582, 465, 565, 595, 586, 541, 511, 575, 497, 567, 566, 635, 594, 550, 560, 576, 615, 543, 597, 580, 516, 592, 579, 572, 567, 569, 584, 575, 550, 492, 464, 564, 561, 589, 544, 521, 523, 466, 514, 578, 561, 554, 558, 535, 464, 443, 546, 604, 547, 655, 602, 517, 495, 514, 516, 514, 562, 602, 674, 635, 472, 466, 498, 562, 562, 600, 568, 618, 561, 533, 533, 550, 612, 546, 603, 619, 549, 505, 534, 567, 524, 489, 530, 555, 535, 571, 539, 531, 507, 544, 569, 610, 629, 547, 555, 566, 461, 457, 524, 522, 669, 567, 459, 654, 559, 535, 560, 582, 656, 578, 475, 591, 535, 590, 609, 601, 568, 593, 599, 495, 547, 710, 550, 443, 579, 647, 596, 522, 639, 563, 525, 467, 538, 586, 543, 546, 594, 562, 550, 531, 457, 513, 620, 684, 624, 609, 716, 674, 591, 523, 684, 944, 890, 965, 1104, 1115, 1170, 887, 1184, 1900, 1731, 2580, 2802, 4123, 3466, 2133, 2770, 5759, 5694, 6614, 7101, 10850, 8454, 4674, 7251, 16291, 16128, 10717, 10098, 16167, 12251, 7350, 10314, 25123, 25472, 8533, 9636, 13747, 9946, 5940, 9745, 22188, 21263, 4563, 9908, 11348, 7869, 3325, 9218, 17066, 14316, 4819, 12802, 14984, 9511, 3307, 9727, 18386, 15889, 4042, 13514, 16794, 9941, 2836, 8596, 17612, 15696, 2428, 11360, 14250, 7786, 1611, 6581, 13792, 12275, 1534, 7005, 8100, 4027, 922, 4398, 8110, 6599, 1220, 2276, 2373, 1225, 800, 1582, 2431, 1852, 910, 1469, 1584, 1054, 708, 1159, 1714, 1428, 869, 1602, 1720, 1057, 605, 1292, 1983, 1633, 666, 1240, 1352, 918, 601, 1053, 1522, 1284, 630, 576, 666, 730, 604, 633, 720, 751, 662, 578, 666, 739, 605, 657, 730, 731, 673, 657, 758, 789, 617, 701, 834, 798, 649, 626, 710, 758, 648, 559, 724, 774, 699, 722, 720, 692, 721, 712, 671, 716, 626, 674, 656, 630, 685, 661, 681, 643, 665, 687, 675, 658, 683, 630, 699, 692, 752, 1044, 960, 657, 808, 814, 831, 879, 1082, 1664, 1519, 834, 1242, 1289, 1184, 1011, 1258, 2189, 2003, 1256, 1335, 1381, 1400, 1019, 2125, 3885, 3937, 2344, 1096, 1617, 2418, 1681, 2913, 4914, 5275, 3130, 1230, 2266, 3063, 2040, 1750, 3183, 3741, 2309, 1076, 2458, 2290, 1542, 1988, 2148, 2304, 1505, 1442, 2298, 1533, 1274, 2849, 2574, 2408, 2283, 2021, 2350, 1340, 1892, 2373, 1733, 1812, 1997, 1610, 1820, 1057, 1767, 1477, 1128, 1128, 987, 1047, 1178, 837, 1253, 1025, 1011, 819, 666, 1014, 894, 746, 980, 810, 808, 805, 872, 826, 684, 904, 1000, 601, 663, 657, 778, 835, 727, 764, 702, 691, 600, 607, 829, 810, 698, 754, 822, 805, 691, 613, 693, 776, 733, 697, 777, 631, 809, 926, 841, 674, 766, 962, 778, 680, 796, 849, 802, 673, 883, 908, 683, 773, 688, 758, 861, 753, 787, 755, 710, 761, 613, 861, 970, 714, 665, 761, 844, 748, 602, 851, 931, 639, 644, 789, 871, 694, 648, 695, 673, 549, 652, 658, 678, 790, 734, 640, 619, 714, 783, 701, 662, 724, 763, 775, 747, 708, 676, 722, 727, 751, 678, 632, 650, 742, 632, 601, 711, 633, 682, 609, 585, 705, 663, 637, 598, 619, 628, 626, 581, 644, 696, 700, 729, 632, 679, 665, 584, 591, 695, 730, 679, 649, 657, 618, 614, 681, 654, 627, 619, 628, 613, 691, 730, 637, 549, 513, 545, 580, 576, 704, 673, 569, 554, 614, 631, 652, 585, 630, 644, 646, 595, 563, 677, 646, 557, 613, 639, 648, 549, 501, 612, 569, 566, 639, 628, 567, 532, 500, 515, 659, 524, 593, 619, 577, 586, 576, 652, 625, 599, 542, 616, 614, 622, 643, 565, 563, 659, 681, 557, 464, 629, 726, 532, 582, 677, 678, 608, 527, 627, 709, 666, 671, 694, 638, 628, 538, 631, 731, 642, 671, 691, 720, 656, 557, 605, 679, 668, 757, 640, 855, 731, 681, 654, 900, 1038, 673, 681, 894, 713, 647, 684, 972, 1094, 709, 603, 713, 785, 696, 553, 818, 965, 553, 565, 596, 653, 568, 580, 773, 673, 653, 720, 653, 617, 611, 680, 762, 621, 933, 1150, 936, 692, 761, 973, 1132, 938, 959, 1116, 1024, 899, 788, 925, 1251, 1194, 987, 909, 1232, 1046, 756, 874, 1268, 1479, 774, 992, 1363, 1058, 678, 975, 1526, 1507, 609, 934, 1155, 844, 545, 865, 1244, 1144, 673, 807, 868, 705, 589, 802, 958, 872, 730, 723, 763, 757, 649, 691, 805, 801, 668, 591, 649, 505, 556, 677, 714, 742, 613, 585, 671, 620, 568, 548, 684, 772, 520, 740, 896, 719, 610, 668, 733, 654, 629, 680, 705, 687, 600, 697, 718, 635, 645, 563, 622, 604, 534, 615, 728, 730, 696, 544, 656, 635, 534, 641, 917, 914, 661, 647, 691, 611, 524, 675, 935, 904, 483, 522, 622, 552, 504, 499, 792, 809, 479, 528, 541, 478, 538, 569, 601, 576, 403, 460, 543, 505, 406, 459, 617, 584, 472, 488, 539, 482, 471, 470, 545, 611, 467, 437, 491, 463, 429, 435, 521, 538, 408, 423, 450, 460, 424, 419, 442, 461]"
0.5640330910682678,-0.42606502771377563,-0.34340623021125793,-0.0005131140351295471,-0.3512874245643616,-0.4222518503665924,-0.13406549394130707,-1.1824750900268555,1.3677120208740234,27.25,-0.6677770614624023,1.1474132537841797,26.5,-0.24734973907470703,0.8801937103271484,24.5,0.1418924331665039,0.47893524169921875,15.75,0.31255245208740234,0.47821998596191406,18.0,"[520, 605, 701, 670, 495, 668, 700, 605, 522, 630, 618, 644, 617, 680, 720, 634, 453, 568, 575, 542, 622, 610, 620, 524, 437, 492, 509, 469, 496, 459, 474, 483, 472, 479, 530, 543, 463, 411, 450, 537, 527, 502, 513, 506, 507, 479, 457, 463, 503, 609, 519, 443, 587, 630, 541, 455, 533, 570, 523, 518, 510, 624, 536, 475, 474, 527, 506, 427, 476, 545, 498, 456, 561, 548, 486, 520, 562, 562, 482, 460, 618, 583, 456, 544, 640, 580, 503, 556, 531, 513, 516, 592, 591, 546, 569, 575, 542, 563, 579, 529, 510, 553, 565, 506, 520, 577, 547, 522, 483, 544, 545, 523, 494, 445, 482, 551, 520, 456, 483, 441, 528, 571, 588, 568, 476, 552, 590, 555, 460, 498, 612, 609, 449, 401, 474, 494, 465, 478, 608, 632, 534, 485, 479, 512, 433, 431, 489, 527, 506, 506, 532, 471, 526, 503, 563, 580, 505, 532, 541, 512, 604, 633, 588, 531, 580, 618, 602, 558, 646, 643, 592, 590, 588, 557, 635, 601, 635, 592, 549, 660, 611, 529, 686, 673, 546, 637, 622, 543, 609, 592, 563, 551, 529, 538, 545, 515, 520, 537, 557, 531, 509, 479, 491, 529, 516, 572, 580, 538, 578, 555, 604, 647, 537, 453, 508, 521, 643, 620, 469, 547, 567, 483, 483, 484, 534, 526, 445, 518, 509, 502, 505, 473, 605, 582, 538, 588, 545, 460, 552, 541, 575, 567, 572, 597, 582, 574, 565, 609, 488, 498, 588, 575, 513, 502, 537, 499, 478, 441, 484, 576, 566, 529, 593, 567, 533, 482, 438, 442, 585, 610, 494, 539, 594, 515, 531, 482, 487, 433, 535, 623, 616, 566, 558, 556, 527, 503, 607, 694, 561, 632, 526, 478, 427, 531, 539, 429, 530, 601, 557, 502, 528, 510, 476, 505, 600, 594, 524, 557, 669, 626, 558, 606, 611, 619, 554, 596, 732, 663, 682, 715, 781, 1417, 1520, 1085, 778, 1233, 2325, 2122, 1493, 3737, 4128, 2356, 1296, 3439, 6445, 5483, 2629, 5619, 6219, 3641, 1903, 5164, 9200, 7617, 4772, 5860, 7763, 5485, 3208, 5671, 11440, 10813, 6359, 5215, 8816, 7429, 4365, 5125, 12596, 13283, 4458, 3248, 5390, 5118, 3142, 3387, 7187, 7942, 2265, 4638, 4775, 3105, 1706, 5413, 9333, 7495, 1202, 4448, 4537, 2617, 1015, 4578, 8014, 6282, 1481, 3522, 3927, 2230, 943, 2449, 4152, 3468, 1438, 2869, 3271, 1889, 942, 1652, 2769, 2674, 1815, 4412, 4827, 2511, 1215, 2125, 4048, 3570, 3713, 8793, 9265, 4544, 1999, 4535, 8311, 6818, 3491, 8681, 9365, 4660, 1812, 4963, 9075, 7470, 1747, 4525, 4891, 2653, 1058, 2820, 5000, 4073, 956, 1725, 1517, 844, 763, 1167, 1895, 1457, 1000, 2073, 2737, 1651, 758, 1628, 3084, 2851, 779, 2200, 2740, 1602, 689, 1573, 2748, 2363, 805, 1625, 1778, 1109, 718, 1241, 1756, 1490, 823, 1336, 1341, 902, 733, 1012, 1297, 1089, 775, 1021, 1000, 820, 644, 720, 907, 753, 810, 1033, 923, 766, 673, 802, 949, 807, 892, 970, 972, 785, 664, 800, 1055, 920, 802, 884, 867, 734, 739, 658, 666, 788, 1289, 1876, 1609, 700, 1049, 1140, 1021, 794, 1996, 3246, 2642, 873, 1436, 1609, 1456, 788, 1996, 3166, 2472, 931, 1453, 1491, 1375, 819, 1786, 2435, 2233, 1425, 1318, 1311, 1390, 1118, 2241, 3211, 3563, 3025, 1826, 1945, 2560, 1965, 3302, 5267, 5874, 4558, 2708, 3189, 3319, 2758, 3427, 5123, 5689, 4254, 2559, 2981, 2833, 2719, 1865, 3061, 3567, 2632, 1566, 1793, 2025, 1839, 1473, 2298, 2434, 1633, 1010, 1514, 1802, 1453, 1040, 1661, 1767, 1109, 708, 1057, 1291, 1022, 716, 908, 977, 789, 609, 734, 770, 716, 722, 695, 758, 729, 639, 713, 784, 782, 667, 822, 729, 719, 790, 726, 741, 656, 691, 741, 711, 670, 663, 687, 694, 677, 671, 836, 882, 696, 568, 677, 798, 739, 611, 842, 923, 791, 610, 763, 883, 773, 658, 717, 867, 747, 615, 789, 819, 722, 565, 653, 758, 668, 588, 648, 690, 668, 628, 645, 704, 736, 666, 728, 730, 667, 688, 683, 784, 713, 547, 684, 819, 772, 668, 597, 704, 698, 549, 642, 755, 754, 672, 624, 627, 588, 524, 577, 675, 716, 740, 766, 734, 613, 556, 611, 752, 795, 771, 890, 789, 617, 588, 753, 762, 721, 755, 885, 744, 554, 625, 777, 758, 652, 776, 803, 698, 678, 728, 744, 790, 750, 839, 713, 620, 683, 779, 689, 781, 801, 791, 656, 631, 788, 851, 659, 824, 913, 730, 526, 677, 817, 741, 591, 753, 865, 626, 527, 672, 772, 620, 580, 706, 764, 688, 626, 589, 728, 668, 548, 609, 661, 659, 640, 521, 587, 647, 672, 713, 663, 624, 619, 504, 540, 558, 571, 648, 633, 610, 593, 605, 543, 498, 531, 585, 583, 700, 603, 601, 630, 679, 603, 588, 702, 604, 505, 502, 518, 628, 556, 563, 682, 684, 707, 617, 568, 582, 626, 582, 598, 587, 677, 619, 659, 618, 629, 679, 617, 667, 711, 727, 687, 679, 630, 671, 703, 776, 701, 780, 604, 566, 669, 931, 975, 1004, 797, 936, 859, 788, 734, 1073, 1224, 1023, 797, 998, 1241, 977, 728, 983, 1046, 858, 779, 1147, 1343, 931, 728, 1238, 1221, 958, 745, 944, 992, 745, 820, 1410, 1454, 1195, 1013, 1049, 823, 683, 1058, 1574, 1529, 1207, 1031, 1061, 798, 845, 1052, 1400, 1497, 955, 812, 939, 879, 824, 931, 1293, 1332, 953, 784, 886, 892, 894, 886, 1596, 1702, 853, 889, 1061, 931, 736, 1079, 1839, 1684, 693, 758, 916, 886, 691, 815, 1119, 999, 659, 739, 910, 878, 653, 589, 835, 864, 688, 746, 766, 737, 640, 693, 897, 852, 742, 831, 818, 691, 634, 767, 1091, 1008, 821, 738, 695, 618, 657, 697, 875, 899, 847, 865, 725, 697, 686, 633, 600, 611, 893, 1135, 1077, 794, 580, 647, 911, 838, 908, 931, 734, 659, 604, 726, 951, 911, 603, 578, 669, 653, 559, 781, 944, 812, 649, 585, 729, 675, 584, 671, 756, 787, 579, 552, 682, 637, 536, 575, 579, 625, 540, 521, 557, 566, 536, 581, 646, 631, 485, 430, 499, 599, 498, 503, 587, 573, 512, 517, 559, 526, 437, 475, 459, 449, 433, 466, 419, 415, 400, 422, 406, 376, 430, 421, 370, 376, 443, 453, 362, 386]"
0.524532675743103,-0.4324120581150055,-0.38963186740875244,-0.12371502071619034,-0.3289647102355957,-0.4530864655971527,-0.28684210777282715,-1.1486120223999023,2.302265167236328,15.0,-0.3522462844848633,0.7028102874755859,20.75,-0.3000326156616211,0.6724834442138672,18.5,-0.06299686431884766,2.511262893676758,16.25,0.3296785354614258,2.2779464721679688,17.25,"[370, 583, 630, 530, 552, 528, 628, 578, 447, 531, 574, 592, 569, 554, 622, 552, 511, 547, 559, 512, 562, 660, 576, 492, 572, 582, 543, 473, 491, 522, 507, 505, 526, 539, 484, 487, 510, 519, 492, 403, 566, 560, 545, 528, 603, 601, 517, 489, 477, 576, 592, 457, 457, 547, 595, 523, 533, 563, 579, 552, 514, 547, 644, 624, 546, 530, 477, 559, 520, 485, 456, 485, 503, 538, 596, 557, 522, 540, 518, 530, 543, 580, 585, 537, 572, 503, 530, 572, 480, 543, 571, 482, 485, 547, 520, 583, 447, 535, 565, 490, 491, 497, 517, 485, 534, 589, 593, 541, 530, 563, 546, 491, 494, 564, 554, 402, 498, 553, 581, 510, 506, 549, 585, 536, 580, 559, 533, 488, 505, 572, 564, 555, 511, 518, 542, 521, 500, 601, 586, 599, 559, 540, 606, 579, 580, 534, 469, 606, 714, 657, 576, 575, 583, 540, 575, 636, 781, 665, 540, 624, 482, 517, 499, 564, 680, 626, 543, 478, 520, 510, 517, 518, 528, 479, 500, 489, 530, 536, 485, 415, 520, 566, 560, 524, 515, 491, 565, 576, 537, 549, 613, 539, 560, 516, 540, 544, 572, 546, 529, 556, 528, 482, 584, 562, 583, 584, 602, 600, 567, 535, 531, 550, 631, 610, 550, 545, 619, 536, 496, 560, 613, 509, 609, 642, 573, 596, 510, 475, 561, 541, 581, 594, 552, 602, 530, 533, 581, 627, 632, 561, 596, 599, 531, 573, 564, 597, 636, 628, 587, 575, 547, 521, 554, 581, 631, 600, 460, 517, 485, 448, 466, 494, 489, 460, 495, 553, 542, 540, 542, 613, 578, 484, 552, 493, 659, 610, 569, 613, 654, 672, 668, 1089, 1172, 738, 526, 999, 1387, 1199, 1213, 1926, 2047, 1161, 908, 1658, 2669, 2364, 2234, 2157, 3019, 2092, 1497, 2069, 4531, 4646, 2759, 2554, 4152, 3207, 1755, 2550, 5988, 6216, 2231, 1967, 3133, 2498, 1490, 1966, 4638, 4821, 2590, 1680, 2916, 2229, 1513, 1599, 3864, 4466, 3961, 2753, 4866, 3624, 2414, 2432, 6040, 6952, 3260, 4402, 6378, 4234, 2165, 4168, 8790, 8450, 4903, 8781, 11314, 6978, 3175, 8982, 18417, 16700, 5829, 10358, 12932, 7829, 4129, 10819, 23122, 20949, 3490, 6395, 7906, 4957, 2667, 6474, 14043, 12812, 1525, 3404, 3831, 2300, 1215, 2594, 4874, 4158, 1386, 2740, 2734, 1450, 911, 1757, 2424, 1830, 918, 1998, 2114, 1230, 684, 1242, 1820, 1381, 1359, 2814, 2766, 1372, 1164, 1678, 2284, 1523, 2952, 6951, 6539, 2496, 2137, 3388, 4675, 2576, 3510, 8207, 7901, 3220, 2287, 3702, 5888, 3749, 2227, 3923, 3727, 1884, 1427, 1887, 2989, 2523, 1796, 3024, 4530, 3099, 1341, 2400, 4884, 4782, 1600, 4265, 5707, 3462, 1279, 3088, 6341, 5848, 939, 2662, 3239, 1849, 822, 1840, 3567, 3228, 694, 1422, 1573, 962, 625, 818, 1408, 1280, 670, 894, 1006, 761, 546, 634, 762, 797, 607, 724, 721, 612, 463, 522, 632, 590, 711, 929, 897, 641, 584, 701, 632, 620, 1077, 1855, 1635, 804, 1017, 1143, 933, 775, 1457, 2641, 2308, 825, 1395, 1589, 1214, 815, 1458, 2629, 2211, 697, 1453, 1707, 1240, 708, 1674, 2753, 2194, 692, 1476, 1629, 1366, 835, 1737, 2550, 2078, 1232, 1373, 1204, 1246, 1037, 2770, 2968, 2700, 2665, 2176, 1788, 2064, 2089, 4702, 4839, 5243, 4953, 3291, 3373, 3957, 3753, 4513, 5131, 6111, 5527, 2973, 3732, 4480, 3756, 2562, 3339, 3851, 3045, 1640, 2504, 3011, 2102, 1605, 2352, 2219, 1522, 1221, 1561, 1768, 1204, 971, 1318, 1366, 964, 834, 1077, 1187, 931, 980, 1070, 1124, 861, 720, 1085, 1057, 861, 824, 960, 1001, 798, 660, 768, 904, 939, 831, 1003, 1020, 792, 693, 744, 879, 913, 825, 926, 891, 769, 705, 807, 819, 792, 890, 914, 869, 803, 757, 917, 936, 835, 769, 705, 696, 878, 811, 728, 872, 853, 845, 818, 851, 906, 785, 744, 876, 866, 900, 818, 954, 977, 881, 812, 831, 886, 737, 715, 773, 753, 803, 805, 701, 670, 655, 764, 756, 729, 637, 587, 552, 543, 644, 739, 706, 613, 621, 612, 597, 555, 831, 807, 688, 716, 728, 710, 654, 730, 758, 727, 710, 774, 751, 622, 576, 743, 701, 648, 769, 840, 702, 600, 667, 718, 715, 703, 811, 744, 661, 745, 733, 742, 693, 668, 801, 740, 696, 732, 706, 739, 727, 729, 782, 773, 770, 842, 820, 824, 825, 723, 737, 716, 741, 752, 724, 797, 833, 656, 676, 791, 787, 605, 715, 849, 693, 617, 648, 667, 648, 599, 664, 686, 627, 590, 596, 614, 618, 586, 650, 686, 652, 611, 662, 674, 620, 641, 694, 647, 620, 618, 733, 862, 727, 674, 816, 768, 672, 686, 611, 765, 739, 625, 678, 730, 751, 624, 557, 676, 755, 643, 557, 731, 673, 567, 652, 720, 587, 546, 796, 863, 561, 647, 605, 520, 491, 585, 770, 740, 663, 598, 689, 683, 604, 610, 749, 742, 661, 591, 719, 845, 739, 701, 791, 727, 728, 706, 775, 903, 755, 711, 762, 726, 797, 733, 689, 794, 640, 623, 882, 882, 1209, 995, 1365, 1174, 887, 947, 1856, 1931, 2677, 1760, 3230, 2953, 2004, 1469, 4134, 4819, 3210, 2267, 4153, 3651, 2305, 1570, 4623, 5464, 2106, 1639, 2930, 2633, 1599, 1215, 2676, 3073, 1438, 1040, 1620, 1671, 1288, 1126, 1791, 1789, 1113, 879, 1285, 1324, 1079, 912, 1300, 1259, 1062, 857, 910, 962, 908, 753, 1055, 1214, 1021, 752, 813, 864, 876, 764, 1350, 1475, 1093, 953, 1188, 990, 865, 868, 1173, 1296, 1079, 1347, 1625, 1221, 739, 1100, 1828, 1806, 1130, 1373, 1437, 884, 747, 1196, 1803, 1597, 1071, 1132, 983, 763, 840, 1103, 1425, 1273, 878, 1087, 1042, 890, 758, 971, 1287, 1137, 887, 1089, 1393, 928, 608, 823, 1368, 1452, 1226, 992, 1377, 1023, 815, 880, 1419, 1723, 1040, 1183, 1372, 1065, 846, 1129, 1384, 1440, 727, 949, 998, 742, 628, 925, 1186, 943, 727, 624, 600, 692, 621, 630, 707, 793, 711, 598, 693, 705, 546, 530, 727, 814, 696, 621, 771, 764, 606, 537, 742, 783, 607, 625, 797, 807, 629, 608, 802, 798, 525, 530, 647, 697, 540, 510, 754, 793, 457, 394, 506, 595, 422, 529, 727, 630, 498, 523, 537, 546, 532, 587, 700, 640, 507, 567, 548, 528, 479, 491, 603, 546, 432, 485, 478, 395, 409, 446, 514, 511]"
0.36654573678970337,-0.31723129749298096,-0.36295828223228455,-0.5231178998947144,-0.08811941742897034,-0.32326406240463257,-0.7375662326812744,-0.4600874185562134,-0.6418704986572266,26.25,-0.17756140232086182,-0.16150474548339844,28.75,-0.16783392429351807,-0.5732059478759766,24.0,-0.13078367710113525,-0.040912628173828125,25.25,-0.07699644565582275,-0.16736984252929688,18.5,"[441, 568, 605, 515, 554, 514, 608, 565, 590, 595, 630, 615, 626, 570, 726, 720, 461, 519, 574, 604, 606, 604, 617, 578, 515, 440, 510, 551, 490, 476, 503, 509, 567, 498, 568, 533, 464, 529, 534, 558, 598, 575, 522, 535, 564, 594, 518, 501, 426, 547, 511, 436, 511, 546, 453, 412, 511, 558, 506, 475, 517, 461, 480, 489, 467, 480, 504, 526, 428, 385, 491, 542, 545, 459, 466, 530, 475, 438, 463, 521, 600, 523, 510, 483, 533, 539, 483, 559, 595, 570, 554, 593, 555, 560, 556, 552, 545, 514, 542, 642, 570, 494, 529, 613, 617, 525, 523, 654, 580, 436, 465, 594, 557, 514, 547, 554, 554, 534, 460, 519, 543, 508, 556, 520, 534, 633, 584, 573, 483, 449, 540, 556, 470, 564, 565, 507, 546, 512, 578, 556, 480, 594, 606, 529, 549, 528, 521, 562, 583, 526, 605, 616, 525, 492, 542, 608, 545, 494, 626, 621, 539, 480, 449, 560, 587, 505, 507, 486, 494, 494, 477, 497, 506, 436, 499, 502, 417, 423, 501, 491, 444, 472, 511, 487, 539, 586, 630, 520, 467, 565, 684, 645, 492, 560, 628, 510, 479, 645, 717, 630, 455, 490, 554, 561, 481, 546, 659, 550, 519, 503, 498, 504, 478, 548, 511, 456, 511, 603, 551, 528, 473, 481, 521, 455, 525, 482, 487, 500, 460, 471, 484, 455, 557, 533, 528, 546, 566, 535, 426, 481, 503, 567, 596, 567, 617, 687, 592, 520, 495, 595, 572, 516, 622, 647, 558, 518, 582, 524, 585, 587, 508, 541, 512, 563, 1802, 1247, 2350, 1941, 1015, 832, 2202, 2921, 4946, 4751, 8891, 6522, 2410, 2788, 8954, 10558, 5719, 7470, 12709, 8804, 2635, 4895, 13245, 14395, 3607, 5877, 8694, 5575, 1582, 3908, 9165, 9387, 1966, 3542, 4384, 2605, 1057, 2265, 4481, 4169, 1377, 1526, 1886, 1485, 935, 1043, 2024, 2087, 1283, 1556, 2022, 1285, 817, 1309, 2411, 2462, 3723, 6180, 7634, 4480, 2018, 5041, 9642, 9028, 5547, 12733, 15780, 8828, 3034, 9465, 18257, 16373, 4124, 12400, 14954, 8136, 2303, 8625, 16418, 14305, 1789, 6185, 6998, 3652, 1180, 4355, 7900, 6538, 1197, 2649, 2865, 1764, 901, 2261, 3545, 2739, 1885, 4010, 4822, 3069, 1588, 3187, 2685, 1712, 2402, 7746, 9936, 5728, 2061, 4877, 3712, 3310, 1836, 7361, 9474, 5359, 1653, 4238, 3592, 3456, 1329, 3432, 4239, 2425, 1098, 1986, 1943, 1744, 3990, 8638, 7771, 2345, 2834, 3689, 4351, 2149, 7135, 16295, 14889, 4786, 4658, 6449, 8919, 4838, 6866, 14955, 13582, 5059, 3846, 6608, 9722, 5979, 5237, 10504, 9999, 4758, 2272, 6274, 9448, 6715, 4127, 9827, 10187, 4966, 1723, 6412, 10449, 8062, 2799, 7748, 7732, 3519, 1430, 4887, 7877, 5659, 2048, 4858, 4486, 2008, 1102, 3196, 4670, 3028, 1887, 3173, 2574, 1178, 1091, 2327, 2849, 1755, 1600, 2078, 1729, 1096, 1077, 1678, 1630, 1037, 1244, 1642, 1677, 1146, 951, 1167, 936, 910, 1157, 1585, 1330, 821, 905, 1083, 1047, 760, 2107, 2728, 2007, 1317, 1819, 1722, 1287, 1195, 3487, 4126, 3130, 2360, 2861, 2648, 1804, 2096, 3712, 4389, 3721, 2580, 2587, 2822, 2210, 2349, 3336, 3933, 3467, 2591, 2250, 2760, 2404, 2155, 4129, 4902, 5052, 4118, 2673, 3402, 3728, 3302, 4425, 7053, 7120, 4561, 2497, 3594, 4151, 3493, 4734, 8007, 6931, 3271, 2109, 2764, 3638, 2722, 3583, 5543, 4096, 1380, 1573, 2184, 2793, 1589, 2031, 3166, 2305, 1005, 1198, 1736, 2097, 1016, 1699, 2606, 2102, 891, 1177, 1667, 1860, 937, 1410, 2193, 1843, 728, 1030, 1412, 1546, 886, 1144, 2071, 1844, 813, 818, 1149, 1520, 999, 971, 1691, 1501, 772, 673, 939, 1441, 1071, 958, 1397, 1202, 654, 727, 952, 1276, 909, 958, 1109, 859, 663, 809, 989, 1017, 793, 792, 897, 644, 774, 826, 882, 897, 707, 662, 771, 648, 724, 752, 727, 703, 573, 713, 741, 703, 720, 701, 670, 579, 581, 876, 682, 742, 828, 809, 719, 783, 871, 858, 768, 917, 1066, 904, 794, 870, 946, 930, 890, 807, 836, 770, 705, 723, 767, 913, 883, 709, 616, 693, 813, 728, 740, 809, 852, 770, 638, 621, 725, 777, 774, 991, 1023, 873, 759, 862, 826, 685, 802, 870, 966, 955, 859, 931, 839, 688, 778, 744, 732, 705, 836, 813, 692, 711, 758, 671, 739, 736, 753, 754, 629, 634, 620, 715, 699, 659, 725, 632, 549, 641, 668, 790, 765, 714, 774, 645, 582, 670, 728, 1184, 992, 804, 979, 1074, 827, 855, 1101, 1221, 954, 745, 916, 990, 820, 912, 1205, 942, 746, 788, 849, 706, 726, 916, 1015, 877, 658, 701, 753, 705, 635, 765, 935, 789, 632, 703, 762, 725, 560, 778, 878, 842, 674, 776, 944, 785, 693, 826, 790, 1034, 748, 821, 1023, 868, 646, 715, 976, 956, 665, 771, 1077, 847, 686, 826, 1049, 1087, 703, 695, 944, 702, 700, 846, 1129, 1027, 647, 646, 761, 662, 682, 763, 1016, 867, 673, 628, 729, 627, 703, 689, 796, 780, 677, 718, 786, 574, 691, 775, 753, 840, 712, 763, 913, 705, 633, 786, 756, 920, 868, 1059, 1098, 926, 740, 992, 1194, 1096, 1545, 1538, 1229, 1188, 956, 1443, 1514, 1476, 2052, 1842, 1672, 1480, 1407, 1901, 1620, 1425, 1656, 1741, 1670, 1148, 1196, 1735, 1569, 1445, 1169, 1572, 1421, 1022, 1002, 1547, 1830, 1374, 1052, 1582, 1350, 1003, 1167, 1823, 2042, 1173, 1115, 1369, 1123, 794, 1072, 1499, 1647, 1317, 1260, 1127, 1008, 781, 1010, 1215, 1324, 1242, 1102, 1105, 1055, 910, 946, 1311, 1203, 1297, 1080, 1094, 1183, 990, 914, 1214, 1278, 1177, 960, 915, 917, 946, 915, 905, 1232, 1139, 762, 675, 1001, 1058, 867, 992, 1301, 978, 765, 768, 1120, 1158, 779, 1023, 1142, 943, 807, 712, 864, 927, 765, 789, 962, 882, 766, 658, 747, 829, 764, 734, 837, 784, 668, 632, 730, 657, 711, 821, 763, 683, 792, 786, 701, 619, 769, 1054, 869, 654, 754, 859, 784, 605, 670, 1029, 939, 634, 609, 715, 777, 618, 550, 750, 740, 613, 642, 862, 819, 596, 594, 893, 842, 590, 544, 689, 721, 616, 526, 763, 817, 503, 420, 512, 594, 561, 485, 585, 567, 472, 526, 531, 489, 449, 547, 604, 516, 535, 517, 452, 487, 523, 536, 538, 492, 614, 614, 536, 462, 466, 586, 567, 497, 501, 496, 461, 493, 485, 490, 561, 532]"
0.33442169427871704,-0.3100549578666687,-0.4166414737701416,-0.5335595011711121,-0.03697861358523369,-0.3235924243927002,-0.652047336101532,-0.1139376163482666,0.6398677825927734,16.0,-0.049707651138305664,-0.040340423583984375,20.0,-0.04598832130432129,0.4540443420410156,21.25,-0.023243188858032227,-0.0812530517578125,24.5,0.017955541610717773,-0.17066001892089844,17.75,"[456, 599, 676, 520, 421, 517, 677, 602, 441, 559, 677, 645, 525, 539, 657, 614, 500, 543, 561, 532, 505, 577, 562, 488, 542, 529, 516, 515, 540, 513, 421, 481, 536, 588, 535, 523, 556, 556, 485, 480, 429, 539, 599, 553, 480, 549, 605, 504, 428, 536, 602, 585, 502, 587, 597, 459, 506, 538, 530, 543, 567, 577, 505, 450, 421, 433, 557, 581, 549, 500, 477, 479, 531, 564, 675, 568, 471, 514, 581, 550, 545, 503, 538, 547, 482, 411, 484, 571, 437, 457, 463, 454, 504, 468, 487, 464, 505, 543, 488, 515, 540, 528, 558, 518, 504, 592, 654, 629, 579, 520, 645, 587, 533, 670, 670, 562, 575, 598, 601, 517, 483, 536, 527, 444, 492, 557, 489, 415, 494, 574, 542, 464, 487, 506, 505, 444, 528, 535, 494, 518, 575, 586, 486, 502, 521, 491, 419, 505, 612, 590, 502, 502, 468, 567, 599, 506, 541, 540, 528, 496, 578, 568, 546, 560, 553, 477, 494, 567, 556, 565, 513, 594, 622, 520, 536, 566, 544, 557, 522, 531, 621, 586, 477, 508, 587, 535, 571, 632, 628, 630, 547, 593, 600, 643, 614, 560, 567, 598, 595, 618, 581, 631, 586, 502, 567, 575, 556, 545, 590, 583, 520, 534, 500, 542, 572, 552, 556, 504, 520, 606, 611, 577, 455, 447, 562, 518, 584, 642, 577, 499, 457, 521, 620, 563, 591, 639, 554, 472, 475, 622, 583, 589, 568, 606, 558, 520, 517, 555, 457, 523, 613, 564, 560, 652, 623, 506, 487, 560, 600, 485, 606, 653, 502, 541, 822, 1402, 1383, 804, 826, 1095, 990, 769, 1802, 5181, 5613, 2783, 1467, 2689, 3397, 2432, 2095, 8325, 9644, 4952, 1684, 4021, 5263, 4123, 1606, 6483, 7578, 3916, 1374, 2948, 3885, 3314, 1448, 3824, 4372, 2345, 1091, 1992, 2756, 2347, 2965, 4981, 6716, 4303, 1641, 2630, 5141, 5443, 4421, 8695, 11799, 7398, 2050, 4917, 10839, 10712, 3404, 7763, 10017, 6018, 1591, 4638, 9540, 8996, 2043, 4501, 5060, 2731, 1059, 2605, 4597, 3934, 1666, 3387, 3365, 1694, 993, 1957, 3054, 2362, 1407, 3409, 3411, 1632, 882, 1595, 2844, 2222, 1600, 2862, 2628, 1354, 962, 1509, 2158, 1702, 1682, 2192, 1766, 1395, 1222, 1668, 1732, 1347, 1186, 1659, 1726, 1285, 1036, 1522, 1290, 894, 902, 1465, 1730, 1247, 826, 1212, 1265, 953, 1109, 2160, 2187, 1249, 987, 1586, 1996, 1360, 2027, 4378, 4172, 1747, 1569, 2705, 3509, 2226, 2765, 5261, 4785, 1940, 1824, 3110, 4160, 2760, 3001, 6727, 6594, 3110, 1745, 3590, 5575, 4033, 3175, 7347, 7008, 3066, 1562, 3785, 5951, 3987, 1773, 3797, 3547, 1511, 1078, 2018, 3039, 2082, 1416, 2141, 1974, 1079, 1090, 1167, 1544, 1371, 1781, 2564, 2068, 985, 1451, 1544, 1342, 1065, 1486, 2264, 1853, 789, 1198, 1350, 1279, 918, 982, 1221, 1052, 705, 882, 930, 961, 842, 1267, 1501, 1253, 888, 1070, 1433, 1247, 796, 1994, 2422, 2374, 1525, 2057, 2994, 2279, 1102, 1864, 2303, 2642, 1806, 2031, 2887, 2155, 1219, 1673, 1851, 2176, 1678, 1528, 2414, 1945, 1195, 1749, 1800, 1839, 1522, 1258, 2063, 1687, 1263, 1647, 2058, 2009, 1445, 1341, 1765, 1396, 1145, 1566, 2515, 2290, 1240, 1303, 1685, 1272, 842, 1650, 2108, 1696, 991, 1042, 1541, 1336, 755, 1962, 2571, 1897, 1042, 1206, 1406, 1385, 854, 1650, 2277, 1704, 883, 1103, 1230, 1202, 729, 956, 1320, 1068, 665, 740, 789, 826, 640, 882, 1152, 934, 615, 829, 820, 917, 792, 852, 1147, 951, 673, 816, 860, 878, 640, 986, 1385, 1275, 815, 879, 985, 814, 606, 1086, 1459, 1243, 748, 916, 1055, 952, 681, 862, 968, 916, 760, 830, 873, 759, 714, 772, 755, 633, 695, 817, 783, 657, 693, 754, 807, 698, 634, 627, 684, 745, 716, 741, 722, 717, 675, 611, 740, 736, 675, 712, 645, 629, 603, 583, 678, 699, 664, 852, 892, 838, 702, 716, 858, 758, 735, 751, 976, 915, 607, 654, 756, 780, 725, 836, 895, 786, 565, 807, 889, 814, 864, 1144, 1009, 832, 805, 1156, 1055, 926, 1120, 1053, 1207, 950, 907, 1264, 1245, 1007, 997, 1255, 1374, 1083, 1025, 1430, 1310, 995, 964, 986, 1005, 792, 854, 1067, 1040, 920, 876, 637, 629, 624, 620, 738, 777, 686, 648, 692, 680, 707, 692, 656, 612, 612, 611, 699, 713, 721, 770, 683, 568, 707, 707, 719, 695, 638, 738, 689, 608, 649, 633, 668, 679, 711, 714, 625, 625, 701, 647, 610, 556, 564, 622, 535, 523, 584, 594, 852, 857, 644, 891, 775, 766, 972, 754, 1460, 1341, 872, 1413, 1125, 1100, 1528, 1190, 1679, 1216, 1054, 1685, 1165, 1149, 1555, 1546, 1270, 869, 900, 1321, 954, 857, 1180, 1253, 882, 701, 784, 893, 792, 674, 788, 855, 758, 696, 794, 845, 689, 671, 784, 699, 764, 644, 637, 787, 739, 613, 588, 699, 689, 628, 720, 786, 687, 597, 659, 751, 804, 853, 889, 815, 760, 776, 838, 782, 731, 689, 746, 772, 785, 782, 702, 729, 684, 742, 700, 662, 692, 730, 719, 573, 791, 961, 891, 765, 712, 841, 921, 721, 873, 906, 827, 879, 801, 718, 766, 769, 1208, 923, 1059, 1128, 859, 813, 1079, 1350, 1327, 1080, 1198, 1211, 1065, 926, 1413, 1726, 1290, 1135, 928, 1041, 1072, 833, 1051, 1271, 1428, 1107, 789, 1031, 1018, 880, 855, 1253, 1000, 1184, 935, 809, 839, 1115, 1301, 1038, 1265, 1238, 1058, 924, 821, 1086, 1362, 1312, 1316, 1062, 978, 1091, 893, 840, 1233, 1347, 1133, 851, 991, 1128, 894, 851, 1354, 1470, 849, 709, 934, 934, 707, 773, 1013, 1136, 898, 841, 1251, 1195, 963, 799, 1130, 1164, 916, 809, 1153, 1060, 694, 727, 1104, 1161, 767, 800, 1005, 854, 590, 778, 1064, 1030, 632, 765, 968, 842, 633, 853, 1080, 930, 715, 798, 790, 748, 709, 847, 974, 823, 689, 737, 621, 632, 645, 844, 792, 624, 748, 665, 644, 720, 621, 716, 758, 744, 724, 676, 582, 618, 507, 618, 648, 631, 746, 806, 605, 580, 552, 642, 629, 605, 712, 673, 638, 631, 551, 665, 608, 585, 602, 539, 636, 622, 521, 654, 681, 586, 605, 518, 561, 591, 530, 564, 541, 630, 663, 660, 591, 556, 542, 582, 572, 579, 497, 558, 524, 575, 529, 523, 575, 510, 511, 459, 476, 490, 454, 382, 479, 524]"
0.27780550718307495,-0.31375283002853394,-0.4490007162094116,-0.5987642407417297,0.0,0.0,0.0,-0.4553201198577881,-0.8666038513183594,19.0,-0.008285284042358398,-0.4993915557861328,16.5,0.032198190689086914,-0.37865638732910156,23.75,0.05022263526916504,-0.16965866088867188,24.0,0.19527649879455566,-0.3882408142089844,15.75,"[552, 532, 541, 610, 560, 606, 543, 529, 530, 546, 564, 672, 626, 624, 655, 571, 524, 527, 591, 592, 588, 607, 661, 659, 538, 480, 534, 590, 570, 487, 576, 605, 529, 528, 541, 551, 601, 473, 466, 568, 551, 536, 469, 515, 524, 538, 531, 517, 464, 485, 515, 466, 458, 563, 537, 472, 572, 512, 521, 541, 515, 518, 490, 539, 529, 586, 540, 492, 515, 502, 500, 499, 577, 585, 582, 507, 575, 547, 510, 535, 627, 596, 555, 587, 597, 567, 510, 619, 628, 560, 613, 663, 571, 595, 547, 630, 530, 504, 516, 577, 564, 545, 528, 584, 553, 522, 556, 531, 522, 501, 608, 689, 461, 538, 576, 550, 531, 516, 573, 548, 656, 621, 515, 512, 538, 567, 566, 617, 599, 565, 492, 466, 487, 461, 405, 531, 671, 690, 498, 518, 570, 529, 485, 556, 595, 546, 515, 565, 564, 554, 517, 532, 573, 526, 531, 541, 496, 495, 545, 606, 500, 518, 480, 424, 475, 551, 570, 536, 545, 533, 548, 557, 592, 612, 577, 587, 579, 645, 592, 595, 612, 551, 527, 537, 571, 571, 523, 631, 603, 575, 627, 562, 545, 508, 531, 530, 552, 557, 544, 567, 631, 635, 592, 447, 608, 613, 420, 537, 502, 541, 530, 525, 553, 561, 544, 506, 625, 593, 554, 577, 626, 634, 547, 537, 599, 555, 531, 598, 604, 619, 593, 537, 634, 598, 506, 511, 534, 569, 584, 590, 525, 511, 448, 498, 557, 548, 554, 540, 592, 582, 542, 532, 611, 588, 617, 597, 525, 556, 500, 506, 566, 588, 569, 508, 529, 572, 537, 444, 430, 539, 570, 529, 652, 586, 827, 843, 492, 562, 610, 694, 1121, 2640, 3510, 2605, 1136, 1842, 934, 1287, 1740, 6215, 8101, 5058, 1821, 3782, 2542, 2647, 2562, 7283, 8209, 4295, 2047, 4396, 4189, 2691, 2394, 5049, 4789, 2129, 1403, 3421, 3969, 1808, 1452, 2953, 2848, 1656, 984, 2193, 2631, 1300, 856, 1530, 1463, 989, 766, 972, 1154, 849, 1249, 2187, 1871, 861, 845, 1120, 1445, 867, 2090, 4403, 4048, 1658, 1500, 1993, 2516, 1460, 2526, 5747, 5557, 2104, 1939, 2654, 3082, 2051, 1938, 4604, 4595, 1821, 1617, 2148, 2364, 1765, 1376, 2621, 2643, 1287, 1043, 1194, 1601, 1286, 2497, 5173, 5032, 2392, 1825, 3096, 3155, 1924, 5851, 11953, 11030, 4594, 3374, 6025, 7310, 4127, 6652, 12954, 11335, 4063, 3251, 5429, 7579, 4021, 5893, 12112, 10892, 4000, 3136, 5144, 8018, 4942, 5689, 12295, 10913, 3541, 3317, 5461, 7527, 4189, 3464, 7694, 6992, 2253, 2227, 3542, 4244, 2268, 1552, 3036, 2954, 1356, 1116, 1631, 1740, 1177, 1246, 1932, 1705, 1103, 994, 1305, 1290, 915, 1373, 2215, 1860, 977, 1082, 1380, 1563, 1033, 1254, 1979, 1717, 911, 1010, 1272, 1425, 917, 978, 1475, 1371, 831, 863, 930, 962, 744, 945, 1426, 1369, 892, 910, 957, 1014, 795, 1420, 1727, 1754, 1302, 1276, 1509, 1347, 1071, 2651, 2934, 3114, 1902, 1998, 3389, 2309, 1342, 2784, 3021, 3231, 1886, 2068, 3655, 2474, 1238, 2545, 2999, 2720, 1403, 1888, 2660, 2106, 985, 2858, 4130, 3099, 974, 1816, 1942, 2017, 721, 2768, 4091, 2870, 761, 1693, 1615, 1815, 669, 1923, 2885, 2162, 749, 1299, 1265, 1335, 770, 1409, 2388, 2109, 891, 1223, 1340, 1366, 877, 1190, 1984, 1852, 916, 925, 1099, 1081, 750, 997, 1408, 1199, 655, 760, 952, 872, 637, 715, 961, 817, 635, 712, 710, 803, 666, 823, 893, 761, 526, 625, 803, 746, 672, 845, 940, 783, 493, 649, 784, 755, 730, 652, 787, 725, 467, 607, 739, 710, 605, 689, 799, 688, 610, 672, 714, 631, 500, 642, 720, 621, 630, 716, 709, 652, 586, 571, 720, 675, 622, 665, 702, 713, 589, 641, 594, 704, 655, 521, 594, 642, 670, 776, 641, 640, 621, 680, 781, 618, 688, 825, 829, 685, 571, 752, 800, 670, 628, 770, 800, 718, 726, 677, 710, 643, 607, 655, 624, 787, 851, 671, 786, 764, 634, 707, 781, 777, 706, 755, 816, 742, 585, 902, 985, 780, 782, 992, 925, 683, 685, 836, 953, 836, 736, 909, 1008, 870, 726, 916, 1066, 932, 888, 876, 1034, 1104, 1018, 1180, 1245, 937, 720, 921, 1047, 1042, 1052, 1074, 1032, 846, 754, 815, 890, 864, 935, 718, 831, 756, 698, 581, 767, 823, 740, 826, 794, 657, 626, 683, 721, 788, 883, 705, 814, 694, 651, 745, 771, 734, 627, 826, 972, 891, 848, 706, 815, 744, 664, 693, 907, 982, 836, 820, 918, 821, 739, 723, 803, 932, 818, 779, 794, 716, 731, 819, 847, 868, 724, 719, 832, 787, 761, 1151, 967, 735, 896, 954, 1018, 1075, 1041, 1213, 1041, 786, 1171, 1042, 1096, 1248, 1188, 974, 941, 738, 864, 903, 995, 1105, 1005, 720, 712, 771, 722, 641, 833, 960, 828, 785, 631, 720, 808, 681, 599, 653, 796, 807, 834, 743, 748, 758, 698, 651, 715, 820, 913, 855, 754, 804, 793, 751, 685, 708, 724, 738, 742, 579, 642, 770, 765, 924, 874, 698, 667, 714, 720, 763, 776, 819, 938, 796, 715, 755, 779, 843, 703, 845, 1100, 1044, 866, 839, 965, 996, 799, 836, 1056, 915, 729, 813, 910, 960, 831, 1032, 1232, 957, 732, 780, 836, 1034, 972, 1212, 1313, 1086, 840, 884, 872, 1052, 1119, 1146, 1073, 983, 876, 906, 867, 1066, 1159, 931, 1012, 1016, 810, 749, 1027, 1153, 1037, 875, 996, 1003, 892, 722, 888, 1034, 902, 1075, 978, 964, 771, 706, 776, 759, 1028, 1179, 798, 887, 814, 729, 646, 1031, 1383, 1223, 765, 967, 1034, 780, 760, 1113, 1435, 1199, 810, 1090, 1175, 913, 826, 872, 1165, 1177, 710, 1061, 1223, 846, 823, 934, 1107, 866, 713, 971, 1056, 690, 781, 944, 906, 742, 880, 941, 794, 557, 696, 985, 804, 796, 883, 857, 763, 554, 685, 851, 715, 767, 780, 781, 712, 630, 724, 690, 698, 667, 723, 590, 568, 549, 680, 671, 470, 569, 810, 751, 582, 514, 688, 824, 551, 568, 694, 841, 723, 575, 628, 748, 738, 559, 627, 726, 711, 603, 687, 696, 601, 528, 574, 711, 629, 531, 706, 745, 629, 521, 569, 687, 649, 516, 563, 698, 593, 589, 609, 564, 565, 497, 524, 622, 601, 440, 496, 470, 430, 448, 459, 464, 421, 437, 496, 520, 450, 413, 492, 432, 423]"
0.0382998026907444,-0.31375283002853394,-0.4490007162094116,-0.5987642407417297,0.0,0.0,0.0,-0.8499271869659424,-1.7386436462402344,15.75,-0.8499271869659424,-1.5445232391357422,16.75,0.24541544914245605,0.0,15.25,0.7757060527801514,-1.3270854949951172,15.5,1.1958472728729248,-0.5350112915039062,16.0,"[614, 579, 629, 604, 488, 607, 631, 578, 575, 552, 586, 576, 490, 567, 593, 511, 546, 457, 543, 573, 515, 537, 561, 614, 593, 566, 538, 442, 494, 521, 541, 606, 469, 471, 525, 466, 439, 450, 532, 552, 447, 504, 487, 450, 497, 453, 501, 501, 460, 524, 604, 545, 529, 514, 535, 499, 401, 394, 515, 447, 381, 462, 573, 598, 476, 418, 476, 432, 408, 442, 508, 586, 508, 576, 584, 489, 456, 507, 466, 452, 521, 556, 592, 545, 562, 601, 583, 595, 504, 543, 600, 606, 504, 564, 600, 552, 562, 473, 515, 698, 628, 458, 519, 551, 620, 482, 538, 628, 601, 509, 513, 648, 529, 570, 553, 555, 574, 544, 582, 593, 494, 537, 514, 473, 537, 559, 594, 559, 471, 480, 468, 495, 545, 558, 507, 511, 542, 551, 594, 600, 576, 469, 521, 549, 516, 548, 596, 604, 547, 534, 551, 528, 638, 543, 524, 567, 540, 579, 482, 525, 633, 615, 521, 510, 587, 554, 553, 572, 561, 603, 589, 623, 616, 511, 526, 547, 567, 634, 489, 561, 715, 615, 487, 457, 562, 555, 558, 623, 645, 610, 559, 571, 578, 576, 581, 605, 469, 522, 579, 560, 651, 581, 587, 534, 518, 589, 603, 545, 501, 491, 466, 465, 500, 487, 465, 532, 528, 469, 537, 504, 464, 479, 559, 595, 523, 526, 596, 566, 486, 557, 582, 580, 560, 577, 485, 512, 527, 535, 512, 543, 534, 583, 581, 587, 552, 556, 571, 522, 554, 543, 584, 576, 582, 574, 600, 588, 664, 730, 1041, 1027, 737, 831, 995, 848, 949, 1446, 2557, 2296, 1057, 1494, 1964, 1607, 1048, 1937, 3135, 2465, 1019, 1719, 2425, 2005, 1558, 1983, 1977, 1518, 1588, 1919, 2128, 1750, 1548, 1727, 1931, 1800, 1649, 1883, 1954, 1629, 912, 960, 918, 921, 908, 975, 945, 837, 657, 746, 850, 651, 599, 735, 606, 692, 735, 1156, 1519, 1138, 658, 939, 823, 886, 825, 1340, 1955, 1579, 756, 898, 806, 1119, 949, 1859, 2681, 1887, 905, 1181, 837, 1238, 871, 2259, 3010, 1869, 797, 1388, 981, 1197, 713, 1710, 2051, 1241, 685, 934, 849, 793, 644, 1010, 1086, 826, 739, 815, 786, 645, 692, 798, 805, 706, 695, 775, 728, 664, 739, 777, 754, 692, 623, 770, 718, 670, 735, 950, 829, 681, 777, 734, 720, 676, 832, 1051, 895, 590, 731, 775, 698, 653, 821, 931, 839, 630, 658, 699, 638, 693, 785, 959, 941, 746, 671, 722, 744, 698, 790, 992, 1021, 673, 827, 964, 850, 750, 680, 1036, 1059, 660, 756, 971, 912, 679, 780, 974, 957, 739, 714, 815, 863, 717, 700, 840, 836, 688, 723, 814, 813, 662, 634, 708, 801, 787, 746, 692, 680, 686, 1188, 1644, 1128, 1108, 1931, 1644, 713, 699, 2449, 3535, 1993, 2014, 4264, 3562, 1293, 902, 2721, 3956, 2379, 2123, 4581, 3857, 1597, 940, 2546, 3467, 2523, 1339, 3420, 3497, 2002, 1190, 3103, 4620, 3568, 1900, 4010, 4048, 2211, 1211, 3314, 4912, 3685, 2371, 4122, 3803, 1915, 1149, 2109, 2954, 2247, 1438, 2102, 2035, 1305, 1038, 1169, 1522, 1209, 888, 1147, 1111, 902, 791, 799, 932, 792, 806, 870, 802, 746, 686, 940, 1023, 947, 1012, 954, 828, 829, 788, 784, 919, 813, 858, 914, 722, 705, 661, 676, 779, 718, 785, 815, 783, 715, 703, 627, 777, 750, 707, 726, 836, 665, 505, 688, 750, 807, 698, 677, 695, 597, 651, 668, 650, 749, 684, 676, 730, 662, 666, 611, 597, 670, 726, 675, 644, 580, 516, 678, 611, 646, 667, 663, 562, 479, 597, 665, 645, 632, 686, 708, 576, 509, 647, 567, 607, 703, 640, 678, 667, 544, 586, 537, 640, 703, 632, 608, 673, 612, 546, 634, 669, 646, 600, 599, 674, 589, 543, 636, 713, 631, 579, 551, 638, 638, 546, 607, 714, 600, 587, 630, 639, 709, 618, 604, 746, 661, 628, 778, 665, 648, 653, 583, 688, 647, 596, 713, 655, 646, 678, 659, 724, 621, 663, 834, 727, 714, 734, 842, 818, 701, 858, 1022, 1004, 971, 922, 930, 770, 677, 963, 975, 1002, 994, 975, 779, 732, 766, 895, 876, 795, 829, 862, 667, 724, 653, 787, 844, 768, 739, 750, 649, 670, 720, 715, 632, 655, 645, 689, 616, 684, 704, 664, 635, 684, 608, 685, 680, 666, 657, 692, 658, 618, 585, 593, 662, 672, 597, 614, 654, 615, 549, 622, 584, 635, 658, 641, 673, 653, 553, 587, 691, 686, 702, 709, 691, 589, 580, 621, 672, 590, 535, 577, 587, 595, 597, 583, 715, 665, 589, 575, 525, 616, 625, 598, 647, 618, 610, 679, 639, 595, 511, 540, 683, 636, 743, 706, 643, 686, 652, 617, 624, 647, 661, 783, 705, 637, 657, 666, 826, 739, 732, 805, 627, 701, 773, 707, 829, 782, 830, 814, 690, 813, 868, 781, 771, 850, 807, 773, 828, 826, 825, 692, 856, 822, 794, 835, 861, 894, 848, 776, 962, 860, 978, 1099, 987, 924, 1052, 883, 838, 776, 796, 900, 853, 711, 797, 688, 894, 727, 734, 944, 838, 608, 606, 713, 849, 692, 748, 907, 788, 617, 699, 799, 869, 813, 1081, 1127, 750, 821, 1030, 924, 1226, 1200, 1631, 1753, 908, 1285, 1935, 1582, 1175, 1283, 1417, 1403, 796, 1238, 1806, 1495, 805, 1150, 1242, 1021, 839, 893, 975, 876, 732, 883, 1272, 1293, 987, 656, 778, 893, 779, 871, 928, 971, 841, 734, 785, 768, 726, 1064, 942, 780, 716, 744, 900, 778, 712, 974, 1158, 968, 695, 785, 984, 890, 879, 923, 1208, 1157, 735, 984, 1192, 971, 825, 895, 980, 1028, 640, 1027, 1312, 882, 841, 797, 847, 1103, 948, 831, 901, 822, 924, 996, 1059, 1140, 884, 871, 943, 862, 818, 949, 1200, 1055, 885, 947, 982, 802, 662, 702, 980, 910, 715, 946, 976, 716, 651, 615, 755, 785, 657, 794, 853, 695, 537, 590, 673, 695, 592, 598, 627, 585, 604, 611, 784, 813, 594, 560, 616, 584, 655, 615, 606, 622, 544, 599, 524, 568, 642, 554, 539, 566, 498, 551, 622, 629, 552, 512, 515, 572, 458, 500, 573, 549, 575, 518, 519, 559, 540, 472, 551, 558, 451, 526, 548, 478, 466, 554, 642, 525, 447, 513, 543, 520, 466, 524, 523, 413]"
-0.3155699074268341,-0.018592894077301025,-0.4227774143218994,-0.25350844860076904,0.3379152715206146,-0.5706589818000793,-0.13270355761051178,-0.6016547679901123,0.7238388061523438,24.0,-0.5374248027801514,0.7358551025390625,-27.75,-0.4249866008758545,0.6993770599365234,16.0,-0.3945167064666748,0.6463050842285156,-24.0,0.7680599689483643,1.1974811553955078,16.75,"[597, 593, 569, 554, 530, 550, 571, 592, 515, 492, 579, 631, 615, 612, 636, 663, 522, 481, 451, 452, 548, 650, 551, 515, 625, 624, 569, 491, 573, 593, 568, 558, 530, 539, 552, 435, 440, 587, 588, 498, 523, 534, 537, 574, 572, 541, 556, 542, 522, 508, 498, 577, 591, 496, 512, 473, 518, 590, 557, 565, 518, 425, 586, 573, 613, 562, 527, 588, 536, 460, 518, 567, 595, 583, 602, 587, 552, 554, 525, 591, 550, 543, 538, 516, 481, 484, 464, 496, 552, 544, 514, 513, 481, 538, 556, 498, 545, 518, 491, 484, 457, 578, 545, 480, 629, 516, 527, 541, 526, 560, 512, 555, 602, 593, 564, 510, 496, 537, 469, 558, 604, 539, 558, 550, 483, 538, 624, 632, 499, 531, 591, 534, 447, 468, 558, 538, 644, 568, 515, 583, 567, 459, 453, 577, 540, 602, 628, 649, 619, 578, 532, 564, 601, 637, 624, 590, 614, 594, 633, 565, 550, 520, 443, 444, 469, 488, 454, 480, 491, 502, 644, 571, 450, 592, 598, 564, 572, 530, 653, 641, 623, 625, 578, 629, 562, 586, 537, 595, 678, 589, 630, 584, 577, 556, 501, 559, 563, 479, 567, 559, 566, 512, 520, 467, 474, 486, 449, 563, 691, 611, 536, 588, 652, 620, 656, 697, 635, 662, 671, 606, 600, 620, 698, 708, 546, 663, 624, 497, 485, 509, 505, 501, 590, 611, 603, 582, 577, 532, 610, 591, 523, 514, 533, 558, 586, 496, 498, 505, 557, 610, 596, 441, 512, 592, 476, 477, 473, 628, 590, 439, 544, 627, 636, 472, 601, 629, 464, 480, 495, 586, 561, 421, 584, 576, 495, 462, 518, 589, 534, 485, 543, 566, 655, 576, 497, 648, 720, 691, 1076, 952, 1295, 1037, 850, 1080, 1867, 1923, 1951, 1349, 2059, 1583, 1207, 1580, 3265, 3536, 6259, 2229, 4129, 3800, 3225, 2471, 6063, 8630, 21970, 6972, 19340, 16805, 11645, 6905, 24693, 33989, 30371, 12927, 33339, 27772, 16312, 11409, 40918, 52387, 16715, 10321, 22647, 18726, 9284, 8532, 26020, 31373, 4901, 5757, 9914, 7775, 2902, 3758, 8297, 9475, 2487, 6442, 8627, 5352, 1989, 3743, 4716, 4959, 2051, 6101, 8144, 4816, 1530, 3536, 5164, 5086, 2069, 3974, 5456, 3442, 1291, 2769, 5799, 5785, 919, 4571, 5043, 2614, 1178, 3156, 6083, 4981, 2438, 6472, 5979, 2595, 1348, 3581, 5602, 3276, 2858, 6203, 5660, 2360, 1231, 2844, 4203, 2259, 1986, 3817, 3473, 1627, 1016, 1828, 2499, 1531, 1094, 1610, 1463, 862, 777, 1125, 1244, 917, 762, 966, 834, 611, 593, 774, 735, 616, 802, 957, 844, 612, 604, 643, 722, 655, 636, 758, 759, 580, 466, 571, 617, 537, 757, 1145, 1013, 672, 628, 829, 976, 627, 1049, 1694, 1495, 924, 855, 1093, 1354, 981, 819, 1314, 1311, 790, 765, 920, 1225, 971, 713, 796, 809, 732, 741, 725, 800, 791, 591, 622, 687, 719, 694, 759, 794, 717, 579, 672, 732, 736, 570, 671, 734, 650, 611, 715, 900, 946, 630, 545, 746, 734, 841, 1134, 1181, 950, 754, 777, 945, 917, 998, 1871, 1962, 1026, 1010, 1332, 1213, 996, 1657, 2933, 3185, 1666, 1562, 2312, 1827, 1292, 3424, 4014, 4733, 3452, 3011, 4326, 3219, 2358, 4332, 4020, 4638, 3842, 3397, 4986, 3634, 2825, 2842, 2093, 2168, 2055, 2122, 2819, 1820, 1793, 1596, 1756, 1973, 1868, 1333, 1297, 860, 1210, 1551, 2212, 2797, 2378, 1292, 1167, 1113, 1350, 1477, 1880, 2046, 1684, 1159, 1120, 1129, 1236, 860, 932, 920, 857, 951, 886, 830, 757, 668, 821, 947, 836, 789, 736, 760, 673, 854, 920, 975, 925, 756, 676, 650, 769, 815, 871, 898, 870, 676, 750, 703, 770, 816, 780, 779, 738, 709, 745, 679, 729, 762, 677, 692, 685, 762, 625, 708, 909, 771, 733, 706, 747, 753, 653, 787, 888, 709, 779, 682, 656, 687, 698, 806, 724, 684, 772, 816, 635, 746, 804, 789, 635, 728, 971, 1088, 874, 786, 777, 936, 944, 732, 997, 1270, 1054, 764, 850, 1156, 1083, 880, 829, 1073, 998, 826, 866, 1093, 1155, 798, 688, 792, 820, 870, 895, 861, 909, 656, 748, 754, 704, 755, 866, 806, 695, 629, 657, 571, 656, 661, 653, 614, 549, 561, 574, 673, 723, 668, 624, 654, 608, 669, 642, 686, 663, 676, 647, 640, 738, 610, 577, 645, 689, 683, 620, 645, 710, 598, 580, 577, 628, 582, 511, 690, 705, 614, 546, 500, 599, 567, 476, 621, 694, 570, 529, 609, 606, 555, 580, 562, 646, 652, 577, 659, 672, 655, 595, 652, 734, 634, 427, 649, 730, 645, 520, 641, 820, 569, 492, 684, 692, 588, 563, 684, 769, 512, 658, 662, 578, 564, 538, 570, 548, 666, 708, 664, 560, 579, 550, 576, 625, 680, 673, 648, 532, 527, 602, 647, 697, 729, 550, 524, 558, 630, 694, 671, 720, 615, 519, 546, 622, 661, 697, 707, 687, 688, 564, 558, 714, 671, 602, 636, 696, 777, 697, 696, 787, 623, 590, 617, 682, 806, 886, 765, 722, 754, 706, 678, 657, 721, 939, 894, 759, 699, 819, 889, 656, 747, 926, 920, 802, 806, 836, 952, 994, 875, 757, 912, 733, 715, 650, 1101, 1318, 737, 672, 718, 702, 605, 560, 871, 928, 806, 538, 745, 812, 655, 526, 716, 935, 826, 601, 644, 724, 832, 633, 769, 963, 815, 636, 604, 685, 684, 681, 563, 676, 863, 843, 841, 784, 793, 809, 834, 864, 778, 792, 816, 794, 761, 572, 646, 781, 633, 800, 861, 771, 795, 726, 806, 714, 536, 653, 771, 741, 641, 616, 669, 605, 654, 660, 765, 731, 615, 658, 596, 634, 602, 551, 733, 654, 556, 512, 573, 711, 561, 562, 643, 653, 540, 519, 664, 709, 482, 561, 653, 622, 553, 564, 584, 577, 552, 621, 690, 600, 507, 522, 596, 599, 640, 717, 630, 595, 540, 555, 538, 501, 641, 683, 557, 518, 481, 479, 522, 538, 601, 567, 494, 567, 556, 494, 563, 590, 657, 471, 513, 591, 618, 502, 733, 790, 616, 601, 669, 682, 594, 484, 752, 785, 467, 463, 710, 688, 491, 393, 561, 637, 462, 440, 403, 435, 394, 403, 469, 451, 450, 376, 361, 447, 423, 400, 524, 526, 445, 409, 508, 469, 378, 465, 528, 550, 377, 366, 443, 477, 399, 423, 599, 525]"
-0.40119683742523193,-0.13931827247142792,-0.5853484869003296,-0.4002453684806824,0.16079683601856232,-0.7350180149078369,-0.28224319219589233,-1.1135326623916626,1.0761737823486328,19.25,-0.8228527307510376,0.9627342224121094,20.25,-0.5117164850234985,0.6953716278076172,24.0,-0.5101429224014282,0.6720542907714844,15.75,-0.3991352319717407,0.7046699523925781,24.75,"[536, 576, 580, 596, 632, 594, 579, 571, 502, 503, 556, 645, 659, 631, 641, 573, 532, 531, 483, 504, 550, 568, 572, 561, 494, 554, 502, 577, 528, 516, 587, 541, 412, 499, 478, 487, 406, 404, 526, 488, 532, 611, 536, 513, 461, 479, 557, 544, 572, 555, 461, 515, 507, 506, 490, 581, 635, 544, 530, 592, 522, 446, 526, 653, 511, 490, 465, 494, 471, 477, 501, 509, 527, 458, 484, 556, 496, 451, 517, 571, 516, 465, 503, 517, 461, 481, 529, 518, 558, 443, 423, 531, 590, 570, 568, 619, 573, 445, 510, 657, 688, 600, 554, 581, 542, 484, 538, 598, 593, 492, 517, 600, 517, 578, 537, 500, 507, 599, 604, 557, 567, 641, 620, 512, 602, 593, 569, 551, 451, 510, 467, 482, 570, 583, 567, 553, 654, 591, 530, 549, 637, 615, 582, 600, 563, 510, 564, 582, 527, 489, 585, 652, 553, 527, 512, 536, 566, 548, 573, 571, 516, 545, 471, 508, 592, 527, 613, 560, 536, 608, 513, 641, 609, 494, 627, 572, 511, 570, 541, 489, 540, 552, 636, 552, 555, 604, 617, 548, 548, 693, 717, 592, 620, 664, 585, 495, 502, 582, 550, 523, 660, 535, 505, 649, 624, 525, 502, 586, 607, 516, 525, 576, 545, 519, 460, 542, 623, 686, 678, 607, 633, 674, 623, 623, 539, 701, 733, 580, 596, 647, 685, 641, 581, 568, 554, 538, 564, 521, 593, 705, 566, 604, 550, 529, 589, 531, 507, 586, 654, 580, 428, 613, 596, 542, 536, 538, 547, 580, 522, 571, 539, 515, 522, 474, 750, 1179, 1250, 1003, 605, 1314, 2076, 1705, 1971, 2428, 2858, 2049, 1197, 2754, 5421, 4981, 2388, 2690, 3223, 2292, 1585, 2825, 5888, 5638, 2879, 1598, 1701, 2249, 1771, 1939, 3114, 3657, 6027, 1908, 6682, 6288, 3180, 1857, 6644, 9408, 6471, 4491, 10049, 8274, 3235, 3348, 10568, 12696, 5097, 5268, 9035, 6518, 2841, 4197, 10902, 11792, 3700, 3058, 4314, 4059, 2584, 3389, 6984, 7298, 2166, 5057, 6404, 4191, 1951, 3565, 3115, 2307, 1162, 4988, 6575, 4048, 983, 2621, 2709, 2595, 1187, 2265, 3264, 2302, 766, 2063, 3789, 3491, 1878, 4129, 4693, 2386, 1129, 3747, 7320, 6405, 1912, 6117, 5888, 2354, 1075, 4745, 8293, 6278, 2017, 6383, 6117, 2593, 1039, 3770, 6572, 4694, 3695, 8546, 7887, 3224, 1786, 3841, 6322, 4297, 3978, 9335, 8395, 2881, 2086, 4096, 6621, 3912, 2336, 5472, 4847, 1631, 1447, 2366, 3861, 2259, 1410, 2568, 2471, 1102, 968, 1236, 1970, 1510, 1381, 1980, 1600, 777, 923, 1065, 1382, 983, 1026, 1357, 1099, 705, 894, 841, 837, 696, 828, 894, 800, 765, 786, 785, 761, 716, 991, 1077, 851, 773, 786, 773, 888, 825, 972, 990, 852, 833, 836, 716, 746, 751, 670, 788, 896, 848, 686, 607, 676, 723, 657, 816, 802, 596, 620, 641, 731, 678, 644, 890, 843, 627, 667, 772, 790, 589, 672, 864, 813, 633, 670, 752, 803, 689, 751, 1074, 951, 709, 690, 751, 651, 593, 1031, 1597, 1549, 895, 1029, 1095, 1017, 832, 2532, 3265, 3397, 2777, 2213, 2273, 2371, 2159, 6087, 6927, 6421, 5975, 4365, 5051, 5139, 4151, 7324, 7707, 6130, 6344, 4741, 6203, 5536, 4272, 4591, 4399, 3418, 3735, 3017, 3654, 2887, 2625, 2089, 2664, 2716, 1862, 1767, 2040, 1582, 1493, 1341, 2616, 2883, 1635, 1304, 1603, 1513, 1236, 1090, 1594, 1694, 1269, 1106, 1042, 1062, 1007, 906, 1091, 998, 960, 888, 791, 848, 725, 842, 998, 959, 888, 722, 725, 906, 799, 827, 930, 851, 833, 642, 674, 757, 784, 774, 738, 771, 767, 601, 692, 756, 773, 620, 731, 877, 758, 614, 777, 780, 774, 743, 832, 867, 758, 715, 796, 799, 790, 776, 819, 799, 685, 657, 756, 819, 805, 638, 821, 804, 715, 673, 749, 948, 749, 599, 778, 737, 635, 670, 714, 913, 689, 607, 797, 904, 691, 643, 793, 991, 900, 746, 727, 939, 852, 661, 668, 853, 1019, 802, 694, 828, 796, 727, 607, 646, 896, 759, 810, 802, 703, 683, 698, 660, 802, 696, 785, 757, 625, 638, 693, 680, 719, 707, 797, 755, 599, 579, 684, 744, 728, 651, 768, 753, 651, 699, 785, 719, 649, 661, 664, 716, 711, 775, 735, 621, 707, 705, 664, 789, 750, 732, 721, 664, 711, 754, 785, 784, 820, 887, 839, 839, 918, 898, 724, 683, 772, 805, 763, 765, 916, 742, 708, 701, 721, 740, 731, 765, 783, 685, 744, 653, 798, 796, 733, 814, 795, 824, 670, 595, 799, 878, 757, 709, 789, 858, 727, 720, 846, 859, 680, 605, 787, 716, 642, 726, 869, 776, 697, 715, 698, 627, 624, 630, 664, 683, 669, 692, 618, 726, 702, 601, 597, 583, 584, 640, 653, 717, 688, 641, 557, 521, 532, 542, 578, 813, 728, 646, 600, 648, 625, 608, 711, 650, 645, 626, 589, 558, 638, 613, 548, 591, 948, 885, 560, 551, 743, 755, 621, 806, 1501, 1480, 959, 751, 910, 1240, 1001, 753, 1523, 1593, 1039, 700, 899, 1330, 1158, 758, 1055, 1193, 944, 745, 863, 1095, 947, 896, 736, 912, 986, 790, 807, 1296, 1374, 1155, 734, 1116, 1154, 839, 787, 1761, 1993, 1173, 974, 1541, 1367, 812, 896, 1951, 2191, 1090, 813, 1397, 1323, 848, 782, 1381, 1655, 1098, 757, 1118, 1219, 852, 858, 1080, 1247, 926, 857, 1161, 1275, 764, 939, 1205, 1041, 908, 824, 925, 1124, 856, 930, 1201, 1018, 849, 996, 1017, 1182, 900, 1027, 1519, 1212, 835, 858, 1126, 1396, 1020, 861, 1674, 1537, 838, 688, 976, 1138, 812, 585, 1093, 1123, 561, 627, 805, 762, 551, 575, 740, 645, 504, 714, 914, 673, 573, 665, 757, 740, 579, 1058, 1237, 762, 664, 850, 1194, 1097, 651, 1119, 1350, 845, 639, 873, 1427, 1353, 766, 804, 1028, 788, 617, 701, 1286, 1367, 797, 671, 612, 705, 708, 626, 891, 1019, 645, 563, 669, 694, 676, 555, 733, 800, 541, 550, 696, 709, 504, 554, 829, 765, 641, 615, 659, 759, 576, 616, 919, 832, 638, 532, 619, 720, 621, 576, 804, 832, 509, 472, 646, 579, 431, 489, 658, 690, 417, 455, 610, 524, 426, 491, 564, 526, 491, 467, 497, 508, 487, 546, 578, 522, 455, 526, 564, 510, 481, 501, 630, 553, 548, 602, 511, 482, 536, 554, 521, 478]"
-0.46997660398483276,-0.1431615948677063,-0.6612170338630676,-0.48092320561408997,0.1660093367099762,-0.7654889225959778,-0.33099791407585144,-0.543440580368042,0.7229804992675781,23.25,-0.5428683757781982,0.7103919982910156,28.5,-0.5332839488983154,0.7042407989501953,28.0,-0.42356371879577637,0.6258487701416016,20.5,-0.3312957286834717,0.5684852600097656,17.0,"[604, 690, 635, 650, 753, 648, 637, 685, 561, 576, 546, 670, 743, 633, 569, 613, 593, 572, 595, 597, 519, 526, 595, 585, 587, 515, 529, 627, 605, 537, 577, 575, 499, 519, 471, 466, 469, 474, 501, 497, 506, 475, 487, 464, 449, 518, 521, 539, 489, 545, 542, 527, 520, 553, 507, 503, 509, 585, 651, 535, 535, 586, 551, 577, 501, 510, 458, 497, 560, 492, 492, 542, 415, 534, 512, 503, 499, 487, 467, 419, 523, 528, 470, 468, 499, 426, 470, 552, 504, 484, 535, 537, 513, 498, 510, 533, 434, 467, 605, 589, 501, 522, 607, 552, 509, 556, 666, 584, 569, 514, 489, 579, 531, 556, 591, 578, 605, 554, 582, 634, 460, 518, 524, 617, 576, 519, 524, 536, 512, 513, 500, 570, 545, 572, 555, 546, 563, 529, 524, 519, 515, 553, 523, 557, 515, 503, 516, 561, 559, 484, 481, 474, 509, 541, 594, 615, 607, 571, 554, 542, 462, 461, 630, 645, 532, 555, 684, 568, 491, 429, 472, 595, 574, 544, 580, 546, 419, 504, 495, 477, 457, 485, 524, 479, 444, 486, 493, 541, 539, 465, 518, 474, 412, 501, 527, 493, 466, 511, 555, 431, 557, 539, 521, 569, 569, 567, 611, 503, 510, 540, 550, 494, 547, 558, 575, 535, 525, 737, 699, 599, 571, 578, 635, 555, 608, 846, 793, 616, 574, 808, 1044, 824, 1842, 2875, 3464, 2450, 1413, 3007, 5793, 5144, 5084, 6367, 8918, 5864, 3327, 6540, 14094, 13525, 5894, 6690, 10006, 6937, 3830, 6939, 15470, 15187, 3561, 3674, 5651, 4218, 2418, 3893, 8553, 8519, 2550, 1636, 3019, 2609, 1707, 1768, 4039, 4578, 5980, 3381, 7668, 5919, 2993, 2480, 8963, 11141, 9596, 6483, 13940, 10296, 4732, 4640, 16137, 19369, 6793, 5815, 11104, 7752, 3543, 4306, 13223, 14966, 2857, 3085, 4836, 3366, 1681, 2225, 5789, 6269, 2220, 3997, 4826, 2898, 1731, 2049, 2964, 3663, 2325, 6266, 6946, 3520, 2138, 3249, 2674, 2869, 1613, 4597, 5080, 2536, 1510, 2576, 2419, 1989, 930, 2063, 2479, 1520, 968, 1339, 1401, 1320, 1077, 2566, 3174, 2158, 872, 2124, 3744, 3160, 1776, 5055, 5597, 3365, 1234, 5149, 9177, 7389, 1913, 4850, 5211, 3119, 1262, 5268, 9257, 7519, 1840, 4426, 5113, 2985, 1121, 3248, 5828, 5065, 3815, 11102, 11622, 5492, 2219, 5511, 9361, 6886, 5238, 13489, 13359, 5771, 2988, 6815, 10831, 7325, 3806, 8707, 8263, 3387, 2026, 4403, 6816, 4447, 1847, 3322, 3046, 1542, 1065, 2015, 2801, 2017, 1068, 1550, 1545, 1030, 812, 1255, 1471, 1165, 818, 1436, 1541, 1086, 784, 1119, 1484, 1200, 796, 1262, 1370, 1092, 838, 1027, 1091, 878, 973, 1267, 1230, 1023, 903, 1192, 1045, 741, 854, 1068, 952, 796, 773, 860, 866, 587, 744, 961, 829, 624, 617, 673, 722, 580, 534, 689, 667, 482, 511, 584, 582, 523, 851, 1304, 1159, 584, 741, 911, 749, 614, 1059, 1704, 1664, 944, 1040, 1336, 1042, 734, 1234, 1837, 2065, 1437, 1478, 1987, 1566, 1064, 2939, 3268, 3395, 2935, 2407, 2718, 2183, 2500, 5793, 7031, 7228, 5595, 4209, 5542, 4403, 4378, 6216, 7961, 8317, 5817, 4283, 6814, 5222, 4197, 6113, 8673, 7894, 4439, 4428, 6743, 4326, 3135, 5821, 7848, 7139, 3596, 4076, 5610, 3433, 2605, 3050, 4243, 3966, 2007, 2275, 3068, 1992, 1501, 1254, 2221, 2173, 1126, 1190, 1473, 1178, 873, 798, 1446, 1501, 961, 841, 1043, 1153, 964, 762, 1406, 1569, 1065, 759, 1119, 1252, 1046, 1135, 1581, 1646, 1098, 777, 1374, 1502, 1253, 990, 1523, 1513, 934, 638, 1179, 1386, 981, 930, 1261, 1092, 785, 768, 928, 1000, 633, 910, 1253, 1156, 776, 782, 767, 797, 680, 948, 1316, 1191, 961, 946, 885, 997, 898, 985, 1003, 1083, 1001, 1064, 873, 1080, 1035, 962, 825, 1102, 1029, 878, 884, 960, 1010, 871, 676, 912, 930, 747, 759, 840, 786, 828, 744, 831, 849, 823, 741, 812, 825, 753, 747, 754, 718, 744, 794, 805, 767, 644, 689, 835, 747, 729, 662, 809, 842, 666, 787, 805, 655, 648, 672, 804, 798, 622, 786, 787, 725, 723, 680, 701, 683, 685, 672, 746, 756, 730, 702, 733, 745, 691, 681, 731, 679, 658, 631, 653, 732, 785, 786, 814, 750, 752, 688, 584, 745, 812, 781, 714, 772, 734, 641, 564, 686, 929, 836, 767, 881, 952, 762, 776, 863, 1298, 1001, 998, 1178, 1216, 923, 1190, 1352, 1293, 952, 1003, 1212, 1225, 847, 1161, 1487, 744, 677, 771, 835, 790, 673, 751, 809, 676, 762, 727, 722, 805, 766, 762, 731, 842, 750, 629, 717, 832, 706, 648, 831, 1010, 666, 807, 1034, 906, 706, 834, 1039, 1066, 779, 915, 1266, 1046, 707, 1035, 1161, 998, 702, 879, 1115, 921, 718, 953, 1085, 830, 668, 765, 930, 685, 650, 828, 861, 700, 675, 727, 773, 637, 752, 854, 787, 683, 726, 762, 708, 759, 821, 796, 815, 724, 787, 789, 701, 803, 836, 820, 846, 727, 784, 801, 731, 708, 800, 888, 877, 602, 830, 956, 797, 638, 770, 870, 789, 518, 753, 991, 1013, 741, 687, 915, 864, 1128, 835, 1211, 1471, 1067, 1000, 2078, 2111, 2120, 938, 1707, 2056, 1755, 1271, 3600, 4049, 1672, 848, 990, 1262, 1421, 1012, 2201, 2633, 1634, 1037, 1167, 1521, 1293, 844, 1655, 2042, 1773, 1503, 1661, 1701, 1294, 1305, 2316, 2468, 1734, 1693, 1874, 1704, 1203, 1437, 2367, 2387, 1672, 1516, 1556, 1494, 1060, 1258, 1864, 1933, 1491, 1340, 1397, 1298, 1082, 1314, 1507, 1653, 1425, 1280, 1244, 1114, 1120, 1278, 1424, 1517, 1242, 1107, 1010, 881, 983, 1230, 1148, 1106, 951, 925, 843, 813, 659, 931, 1104, 940, 650, 707, 877, 753, 608, 866, 992, 927, 733, 893, 1075, 867, 749, 870, 931, 932, 765, 927, 1118, 1017, 815, 926, 1119, 1072, 674, 615, 795, 843, 734, 666, 852, 841, 647, 574, 659, 661, 637, 699, 772, 792, 727, 880, 997, 820, 560, 893, 1191, 1016, 751, 780, 876, 763, 612, 826, 956, 779, 696, 585, 609, 689, 728, 699, 661, 681, 637, 610, 538, 552, 591, 617, 599, 558, 552, 486, 554, 538, 522, 605, 606, 572, 456, 475, 562, 501, 441, 447, 530, 544, 492, 517, 550, 550, 417, 496, 528, 532, 573, 479, 523, 490, 401, 467, 542, 575, 510, 463, 472, 485, 372, 428, 502, 470, 402, 433, 513, 482, 435, 434, 485, 472]"
-0.4796716272830963,-0.03967824578285217,-0.6743794083595276,-0.4044494032859802,0.30816152691841125,-0.6952313780784607,-0.18253672122955322,-0.3267648220062256,1.071310043334961,15.75,-0.2658250331878662,0.25534629821777344,23.25,-0.19515776634216309,0.0,25.25,-0.13293051719665527,0.0,19.5,-0.12334609031677246,0.07081031799316406,15.75,"[448, 472, 618, 585, 495, 581, 621, 476, 578, 522, 601, 630, 576, 566, 565, 606, 531, 562, 550, 504, 511, 502, 572, 545, 560, 616, 543, 546, 611, 570, 488, 543, 452, 474, 540, 517, 490, 490, 535, 498, 502, 507, 550, 547, 512, 480, 541, 490, 412, 439, 546, 523, 471, 501, 543, 555, 486, 512, 541, 477, 459, 499, 505, 546, 519, 526, 531, 450, 418, 495, 530, 541, 557, 565, 546, 506, 430, 445, 455, 518, 528, 557, 607, 592, 509, 587, 598, 532, 557, 521, 655, 654, 543, 597, 618, 619, 606, 671, 606, 607, 634, 569, 631, 613, 661, 613, 552, 620, 624, 557, 510, 614, 659, 676, 543, 559, 617, 501, 511, 604, 582, 687, 629, 532, 586, 614, 565, 525, 602, 555, 534, 553, 488, 464, 458, 535, 597, 530, 628, 657, 597, 551, 616, 685, 625, 605, 695, 659, 572, 523, 594, 673, 738, 641, 506, 533, 616, 644, 574, 614, 596, 533, 482, 533, 564, 542, 477, 566, 580, 557, 504, 548, 562, 503, 450, 496, 468, 517, 555, 597, 505, 462, 520, 436, 521, 560, 589, 638, 631, 536, 531, 479, 583, 629, 545, 551, 627, 593, 563, 551, 538, 685, 667, 545, 543, 546, 602, 496, 1371, 1441, 1794, 1357, 767, 1392, 2541, 2527, 2859, 3765, 5355, 3431, 1531, 3589, 7652, 7493, 2449, 5218, 6920, 4075, 1539, 4791, 9689, 8843, 1196, 3399, 4136, 2453, 1010, 3138, 5902, 5128, 1251, 2945, 3846, 2357, 918, 2475, 5046, 4549, 1329, 2869, 3878, 2395, 943, 2317, 4784, 4471, 925, 1686, 2094, 1319, 747, 1412, 2564, 2392, 1497, 2724, 3124, 1925, 955, 1870, 3176, 2791, 2229, 5873, 6968, 4000, 1241, 3675, 6623, 5617, 1380, 5258, 6309, 3554, 899, 3184, 5694, 4683, 751, 2359, 2789, 1667, 626, 1496, 2073, 1533, 1125, 1989, 1990, 1132, 1013, 1566, 1629, 1076, 1700, 3029, 2763, 1298, 1484, 1841, 1945, 1117, 1361, 3156, 3302, 1580, 1109, 1742, 1842, 1296, 790, 1701, 1787, 945, 738, 996, 1036, 845, 1616, 3321, 2841, 1047, 841, 1828, 2636, 1468, 3402, 6842, 5578, 1655, 1237, 4071, 5718, 3012, 2829, 6248, 5233, 1730, 1126, 4133, 5888, 3310, 1380, 4049, 3910, 1711, 848, 2747, 4185, 2800, 4991, 10709, 9811, 3995, 2364, 4977, 7878, 5138, 7583, 16685, 15272, 5946, 3407, 7565, 12051, 7595, 4951, 11492, 10607, 4098, 2209, 5401, 8621, 5447, 2711, 4737, 3999, 1594, 1504, 2868, 3536, 2129, 3046, 5198, 4266, 1618, 1896, 2975, 3490, 1840, 1803, 2851, 2369, 1131, 1350, 1850, 2071, 1335, 1127, 1572, 1286, 722, 909, 1094, 1137, 763, 1033, 1232, 1069, 762, 866, 858, 835, 767, 1160, 1656, 1424, 843, 968, 1087, 1090, 826, 1119, 1540, 1159, 765, 1027, 1014, 896, 662, 1181, 1485, 1059, 1046, 1494, 1298, 965, 836, 1531, 1510, 1203, 1303, 1383, 1441, 1068, 1160, 1731, 1436, 1236, 1312, 1183, 1343, 1132, 1328, 2316, 2249, 2351, 2247, 2074, 2549, 1829, 1564, 4418, 3974, 5902, 5223, 3466, 5528, 4135, 3086, 4090, 3607, 5842, 5059, 2880, 5056, 3839, 2978, 2079, 1810, 2304, 2075, 1498, 2182, 1719, 1520, 1964, 2131, 2295, 1578, 1423, 2206, 1581, 1321, 2233, 2466, 2528, 1786, 1680, 2239, 1609, 1527, 2033, 2283, 2021, 1393, 1465, 1900, 1348, 1323, 1432, 1947, 1649, 858, 1286, 1427, 1136, 954, 1213, 2114, 2005, 1092, 1227, 1409, 1553, 1226, 1086, 2108, 2147, 1263, 1085, 1560, 1952, 1453, 996, 1630, 1567, 1038, 892, 1372, 1540, 1078, 769, 1227, 1177, 714, 840, 995, 879, 658, 874, 1399, 1266, 637, 964, 1110, 977, 715, 932, 1192, 1048, 755, 912, 976, 930, 722, 700, 906, 741, 520, 701, 750, 746, 631, 582, 849, 756, 641, 661, 696, 815, 664, 613, 684, 696, 604, 575, 725, 797, 691, 824, 687, 718, 744, 763, 728, 972, 994, 1014, 833, 781, 896, 899, 717, 1041, 1095, 1112, 996, 860, 956, 1028, 868, 990, 994, 966, 965, 819, 840, 895, 865, 907, 867, 868, 782, 872, 885, 818, 726, 1002, 1090, 984, 981, 915, 842, 876, 829, 934, 1057, 1000, 1147, 1010, 930, 1112, 1100, 847, 835, 1060, 1181, 1026, 929, 1103, 1048, 900, 809, 837, 920, 810, 818, 807, 729, 806, 787, 651, 727, 607, 631, 791, 610, 609, 652, 734, 820, 718, 697, 689, 636, 618, 616, 723, 659, 692, 670, 645, 693, 682, 717, 806, 691, 633, 676, 639, 679, 583, 719, 713, 659, 567, 495, 584, 693, 573, 574, 725, 683, 647, 566, 619, 570, 533, 707, 1098, 848, 866, 924, 761, 637, 757, 1056, 1388, 966, 936, 1248, 1044, 962, 1048, 1312, 1252, 945, 830, 1093, 942, 849, 1051, 1184, 995, 807, 661, 794, 808, 825, 1043, 1080, 972, 785, 684, 696, 787, 771, 1016, 1164, 828, 731, 674, 612, 570, 529, 756, 905, 700, 600, 517, 577, 577, 555, 667, 783, 708, 706, 649, 885, 701, 701, 910, 873, 928, 731, 603, 808, 723, 733, 856, 939, 1028, 700, 745, 867, 805, 759, 921, 1088, 827, 705, 724, 748, 672, 658, 787, 930, 795, 690, 773, 857, 767, 739, 851, 959, 848, 814, 878, 826, 720, 857, 833, 915, 1094, 1057, 1452, 1296, 989, 1267, 1543, 1484, 1625, 1087, 2017, 1884, 1224, 1291, 2399, 2604, 1883, 930, 1695, 1716, 1137, 1119, 2510, 2952, 1596, 1218, 1476, 1379, 1135, 1217, 2677, 2917, 1438, 1417, 1438, 1350, 1205, 1369, 2702, 2736, 1879, 1055, 1201, 1307, 1295, 1057, 1976, 2519, 1675, 1170, 1215, 1140, 1119, 849, 1222, 1827, 1448, 1091, 1331, 1306, 956, 1026, 1386, 1633, 1256, 1066, 1213, 1192, 865, 1106, 1526, 1415, 1170, 1055, 1064, 1041, 757, 1039, 1321, 1179, 1160, 881, 851, 1030, 770, 920, 1119, 1193, 1056, 878, 890, 972, 798, 767, 1113, 1189, 735, 807, 928, 832, 712, 721, 1038, 1058, 599, 820, 966, 838, 664, 699, 839, 802, 606, 733, 872, 904, 714, 638, 746, 680, 666, 527, 701, 806, 690, 591, 727, 848, 765, 575, 610, 566, 566, 586, 640, 782, 664, 665, 609, 589, 477, 605, 852, 760, 522, 671, 608, 525, 474, 727, 994, 791, 605, 672, 695, 682, 624, 727, 900, 801, 573, 679, 657, 689, 598, 763, 833, 686, 499, 619, 676, 567, 446, 623, 771, 564, 516, 521, 582, 589, 487, 574, 680, 620, 593, 518, 573, 637, 571, 507, 569, 591, 562, 502, 483, 460, 436, 383, 462, 557]"
-0.6317644119262695,0.27438533306121826,-0.9919139742851257,-0.557176947593689,0.7100927829742432,-0.9713110327720642,-0.24871259927749634,-0.35750502347946167,-0.7123947143554688,21.75,-0.16681784391403198,-0.5825042724609375,28.5,-0.16595953702926636,-0.5932331085205078,19.75,-0.10816687345504761,-0.5126953125,28.5,0.05748635530471802,-0.34003257751464844,16.5,"[575, 546, 588, 653, 673, 656, 589, 547, 551, 536, 587, 653, 606, 618, 628, 566, 554, 525, 572, 590, 666, 699, 613, 571, 557, 570, 525, 559, 569, 584, 540, 507, 495, 412, 407, 498, 463, 420, 499, 518, 646, 540, 470, 545, 526, 530, 563, 596, 578, 540, 512, 580, 576, 551, 527, 496, 524, 481, 530, 611, 580, 517, 517, 529, 483, 427, 481, 581, 588, 515, 517, 493, 492, 496, 572, 632, 598, 564, 567, 523, 527, 508, 538, 586, 565, 591, 559, 562, 519, 539, 496, 524, 625, 658, 569, 489, 508, 485, 455, 495, 555, 562, 508, 497, 542, 504, 502, 545, 454, 426, 492, 561, 494, 391, 431, 500, 520, 583, 522, 456, 568, 588, 597, 497, 594, 718, 550, 454, 577, 537, 551, 494, 572, 650, 468, 477, 520, 558, 585, 507, 577, 633, 513, 514, 573, 446, 496, 537, 629, 588, 524, 602, 589, 485, 489, 462, 531, 569, 493, 565, 526, 542, 520, 472, 465, 553, 506, 494, 675, 611, 554, 594, 616, 692, 571, 539, 567, 561, 517, 539, 561, 598, 595, 483, 500, 564, 603, 541, 460, 541, 541, 507, 470, 519, 512, 441, 372, 470, 560, 482, 629, 616, 487, 528, 486, 547, 681, 571, 887, 1148, 922, 602, 524, 886, 1018, 744, 1177, 1236, 1168, 726, 791, 1073, 1232, 1185, 1283, 2219, 2201, 1179, 709, 1279, 2543, 2453, 2068, 3894, 3481, 1528, 858, 2220, 3581, 2669, 3405, 6602, 5945, 2567, 1298, 3501, 5426, 3734, 7786, 16824, 15037, 5729, 2591, 8676, 13790, 8956, 8421, 19029, 16647, 5839, 2743, 9811, 15505, 9362, 3749, 9119, 7829, 2579, 1214, 4924, 7758, 4462, 965, 2930, 2783, 1266, 707, 2403, 3703, 2581, 725, 1604, 1588, 921, 615, 1458, 2256, 1775, 766, 1215, 1140, 689, 545, 951, 1315, 1071, 1144, 1663, 1284, 630, 767, 997, 1077, 678, 3807, 5440, 3688, 840, 2263, 2274, 2484, 817, 8920, 13706, 9601, 1910, 4519, 5260, 6670, 1805, 9975, 15667, 11289, 2510, 5113, 5701, 7650, 2460, 6576, 10366, 7455, 1740, 3933, 3966, 4677, 1728, 4997, 8615, 6859, 1861, 3173, 3790, 4387, 1803, 4400, 7717, 6124, 1677, 2985, 3451, 3573, 1550, 2878, 4650, 3546, 1191, 2057, 2442, 2192, 1208, 1990, 2896, 2190, 1055, 1524, 1849, 1780, 1173, 1366, 1911, 1460, 656, 919, 1163, 1230, 903, 1126, 1454, 1143, 652, 756, 840, 905, 826, 808, 1022, 802, 544, 666, 693, 707, 647, 721, 937, 915, 589, 672, 733, 736, 688, 771, 959, 850, 609, 766, 794, 765, 658, 1186, 1643, 1374, 808, 1286, 1360, 850, 712, 2526, 3679, 2725, 1222, 2510, 2487, 1425, 1030, 3544, 5044, 3656, 1494, 3140, 2987, 1762, 1346, 3595, 5070, 3955, 1685, 2878, 2979, 1746, 1518, 3013, 4423, 3648, 1553, 2437, 2607, 1468, 1284, 1869, 2699, 2258, 1120, 1742, 1754, 1178, 786, 1230, 1683, 1545, 980, 1181, 1318, 1052, 894, 1126, 1544, 1353, 860, 943, 1087, 922, 868, 1271, 1628, 1251, 628, 823, 881, 807, 763, 993, 1367, 1155, 662, 816, 919, 799, 677, 756, 981, 906, 605, 686, 710, 663, 634, 588, 836, 861, 540, 533, 641, 627, 563, 593, 848, 888, 597, 603, 681, 716, 616, 717, 955, 921, 670, 687, 844, 849, 615, 808, 957, 816, 725, 722, 835, 825, 646, 725, 845, 792, 643, 630, 706, 694, 634, 675, 656, 669, 607, 626, 649, 528, 614, 703, 742, 751, 672, 602, 757, 678, 534, 859, 1055, 971, 688, 649, 923, 794, 668, 940, 1094, 954, 811, 654, 738, 807, 795, 783, 940, 977, 872, 648, 618, 725, 699, 671, 778, 815, 625, 579, 598, 677, 634, 701, 810, 769, 625, 653, 621, 681, 665, 696, 754, 717, 666, 631, 651, 658, 575, 792, 749, 539, 720, 803, 659, 625, 696, 696, 724, 721, 751, 643, 641, 725, 691, 662, 688, 692, 583, 606, 700, 715, 665, 753, 715, 648, 595, 707, 793, 636, 661, 799, 675, 612, 629, 717, 766, 671, 678, 664, 702, 735, 675, 601, 668, 729, 615, 778, 688, 752, 752, 587, 721, 741, 705, 717, 787, 757, 662, 610, 726, 767, 719, 710, 795, 723, 599, 612, 644, 718, 727, 680, 876, 809, 605, 617, 725, 722, 669, 732, 712, 773, 804, 684, 665, 822, 834, 709, 549, 621, 798, 707, 580, 698, 780, 643, 601, 618, 614, 568, 522, 590, 619, 722, 695, 666, 645, 617, 605, 599, 627, 752, 766, 676, 621, 546, 706, 703, 705, 658, 685, 700, 676, 656, 709, 724, 713, 659, 645, 724, 688, 657, 667, 623, 640, 653, 591, 603, 562, 545, 743, 813, 698, 906, 731, 659, 596, 631, 775, 824, 830, 782, 666, 647, 723, 702, 611, 664, 851, 702, 577, 664, 695, 638, 576, 754, 869, 565, 598, 670, 636, 604, 738, 750, 646, 677, 686, 712, 684, 533, 738, 772, 606, 798, 699, 753, 762, 712, 889, 904, 693, 769, 894, 951, 837, 674, 856, 943, 763, 732, 798, 743, 691, 669, 770, 892, 722, 737, 701, 601, 648, 521, 742, 795, 627, 731, 738, 706, 673, 594, 816, 888, 776, 794, 673, 776, 734, 667, 805, 850, 850, 905, 1046, 927, 660, 699, 895, 1250, 1073, 999, 1510, 1621, 758, 633, 1177, 2409, 2290, 1110, 1426, 1756, 944, 638, 1253, 2514, 2448, 1173, 1182, 1445, 1143, 881, 1013, 1446, 1551, 1365, 806, 1289, 1376, 974, 726, 1239, 1752, 1118, 829, 1313, 1303, 837, 767, 1201, 1487, 951, 671, 1008, 1054, 791, 733, 1027, 1189, 909, 715, 974, 1037, 840, 744, 1069, 1242, 887, 682, 985, 984, 795, 820, 1152, 1223, 923, 869, 1053, 913, 672, 1048, 1358, 1241, 776, 914, 995, 887, 610, 993, 1282, 975, 872, 1046, 1119, 945, 788, 1132, 1263, 1000, 921, 1281, 1150, 1025, 801, 1089, 1395, 1024, 934, 1387, 1196, 958, 629, 1084, 1545, 1083, 910, 1114, 812, 759, 655, 831, 1070, 785, 809, 811, 689, 719, 561, 645, 759, 690, 647, 710, 749, 678, 539, 596, 638, 664, 553, 568, 607, 558, 533, 586, 673, 693, 569, 548, 540, 615, 622, 574, 564, 610, 595, 623, 596, 522, 521, 582, 573, 594, 488, 476, 458, 487, 454, 457, 442, 487, 424, 495, 417, 414, 494, 507, 443, 374, 416, 417, 456, 466, 482, 443, 468, 498, 532, 554, 502, 454, 446, 574, 627, 614]"
-0.6561927199363708,0.48935675621032715,-1.2141233682632446,-0.4966343641281128,0.9227201342582703,-1.1519341468811035,-0.12428507953882217,-0.5149623155593872,0.8395671844482422,18.25,0.25365149974823,-0.3041267395019531,23.0,0.29942786693573,-0.240325927734375,23.0,2.0420769453048706,0.9774684906005859,19.5,2.0608166456222534,0.7318496704101562,17.75,"[707, 738, 724, 611, 704, 607, 724, 743, 635, 637, 606, 584, 664, 662, 706, 697, 578, 615, 578, 491, 488, 587, 579, 592, 625, 580, 548, 514, 489, 533, 573, 547, 522, 491, 513, 537, 508, 511, 527, 517, 444, 565, 477, 519, 529, 534, 528, 450, 502, 578, 558, 551, 596, 567, 524, 403, 540, 504, 588, 615, 529, 478, 520, 476, 517, 465, 510, 544, 461, 462, 420, 456, 566, 530, 582, 532, 471, 517, 491, 533, 532, 516, 587, 603, 596, 604, 543, 544, 529, 590, 585, 562, 601, 586, 543, 503, 516, 477, 550, 629, 610, 471, 419, 470, 491, 530, 586, 584, 574, 514, 483, 541, 604, 624, 565, 542, 609, 588, 600, 631, 639, 647, 502, 407, 555, 531, 533, 660, 543, 473, 487, 468, 548, 534, 460, 585, 565, 516, 577, 598, 576, 519, 528, 644, 498, 522, 545, 590, 540, 541, 589, 521, 474, 612, 571, 495, 504, 552, 545, 488, 581, 605, 548, 472, 523, 478, 463, 560, 577, 615, 637, 535, 458, 552, 616, 616, 545, 634, 562, 487, 507, 532, 517, 486, 534, 627, 606, 472, 450, 457, 527, 498, 607, 601, 493, 502, 505, 516, 557, 524, 576, 711, 719, 565, 549, 763, 835, 644, 1403, 2719, 2225, 815, 998, 1975, 2427, 1275, 2400, 4756, 3922, 1300, 1598, 3179, 4133, 2110, 2821, 5582, 4896, 1940, 1581, 3673, 5161, 3218, 3259, 7454, 6705, 2818, 1773, 5400, 7685, 4801, 3408, 7996, 6781, 2400, 1953, 6096, 8224, 4617, 2097, 4717, 4108, 1602, 1177, 3199, 4409, 2601, 1808, 2851, 2272, 973, 757, 1668, 2173, 1350, 1251, 1248, 907, 636, 613, 939, 1020, 945, 1788, 2616, 2140, 842, 1203, 1425, 1510, 1117, 4510, 6867, 4960, 1055, 3119, 2748, 2694, 1322, 8012, 11276, 7206, 1150, 5213, 4259, 4061, 1428, 8997, 12708, 8345, 1767, 5245, 5796, 5954, 1937, 7754, 12425, 9172, 2287, 3950, 5632, 6718, 2429, 4342, 7345, 5708, 1605, 2550, 3397, 4032, 1709, 1948, 3014, 2402, 890, 1431, 1836, 2026, 1056, 1617, 2343, 1779, 827, 994, 1447, 1553, 831, 1259, 1561, 1210, 701, 878, 1162, 1056, 765, 1042, 1341, 1030, 583, 804, 925, 894, 691, 965, 1228, 957, 571, 661, 776, 839, 687, 1006, 1303, 927, 581, 716, 845, 913, 728, 821, 1079, 809, 633, 707, 746, 898, 694, 658, 885, 812, 556, 660, 706, 755, 664, 1000, 1319, 1042, 600, 877, 913, 971, 738, 968, 1311, 1137, 730, 833, 862, 913, 743, 883, 1270, 1077, 658, 752, 768, 814, 590, 1689, 1883, 1369, 979, 1392, 1620, 1280, 926, 3416, 3881, 2399, 1542, 2543, 2477, 1731, 1686, 5126, 6081, 3545, 2032, 3509, 2822, 1745, 2234, 3948, 4971, 3232, 1647, 2722, 1898, 1204, 1759, 1960, 2679, 1870, 887, 1625, 1207, 926, 1000, 1418, 1915, 1421, 714, 965, 997, 1071, 809, 1254, 1536, 1306, 796, 730, 908, 1001, 818, 980, 1445, 1525, 772, 854, 1045, 893, 863, 1054, 1893, 1777, 667, 1161, 1304, 846, 692, 930, 1457, 1321, 675, 1007, 1025, 745, 613, 906, 1224, 1159, 739, 936, 884, 684, 692, 791, 969, 959, 707, 647, 656, 677, 550, 759, 778, 672, 721, 675, 637, 589, 611, 677, 736, 748, 652, 610, 618, 647, 666, 770, 853, 815, 685, 709, 713, 716, 725, 666, 832, 751, 543, 747, 794, 713, 697, 731, 915, 741, 575, 783, 827, 777, 769, 762, 830, 794, 714, 697, 690, 704, 722, 771, 772, 840, 841, 749, 689, 685, 718, 681, 747, 777, 705, 626, 630, 750, 726, 769, 810, 873, 723, 685, 658, 671, 702, 741, 832, 900, 719, 693, 643, 611, 664, 754, 779, 807, 636, 664, 606, 625, 720, 598, 780, 763, 544, 504, 593, 738, 700, 635, 828, 840, 608, 579, 716, 738, 663, 639, 834, 741, 610, 611, 628, 657, 537, 672, 802, 757, 656, 709, 726, 584, 573, 706, 797, 646, 523, 610, 668, 590, 578, 833, 824, 622, 552, 646, 768, 573, 619, 839, 959, 824, 612, 775, 1021, 796, 578, 807, 910, 845, 768, 748, 949, 773, 594, 814, 677, 661, 734, 734, 760, 707, 729, 682, 780, 771, 616, 607, 767, 747, 589, 786, 811, 830, 685, 651, 810, 744, 672, 794, 733, 783, 685, 608, 734, 588, 723, 793, 741, 825, 636, 618, 801, 726, 748, 725, 850, 800, 658, 646, 761, 889, 838, 625, 706, 751, 681, 629, 662, 836, 770, 686, 706, 776, 709, 563, 703, 860, 767, 633, 660, 738, 629, 573, 741, 772, 683, 653, 654, 624, 631, 607, 690, 730, 681, 669, 607, 514, 511, 565, 556, 636, 729, 604, 536, 631, 638, 618, 573, 603, 776, 539, 595, 664, 571, 602, 645, 520, 607, 668, 574, 660, 677, 652, 678, 658, 684, 659, 652, 720, 727, 599, 630, 636, 604, 666, 663, 600, 621, 620, 596, 510, 555, 583, 620, 678, 671, 509, 481, 633, 614, 535, 617, 766, 677, 487, 545, 708, 672, 496, 606, 687, 585, 502, 617, 733, 636, 628, 584, 679, 702, 590, 634, 737, 730, 988, 685, 778, 742, 733, 799, 626, 867, 912, 718, 699, 655, 726, 751, 623, 858, 1085, 810, 1147, 839, 739, 759, 1461, 1774, 2477, 1529, 2919, 1790, 1267, 1244, 4198, 5027, 2848, 1936, 3406, 1957, 1363, 1831, 5298, 6042, 1531, 1487, 1755, 1031, 979, 1401, 2969, 3071, 1604, 1196, 1105, 715, 974, 1071, 2064, 2298, 1550, 1080, 935, 731, 973, 1057, 1949, 2238, 1247, 840, 821, 659, 778, 687, 1242, 1642, 928, 996, 1176, 904, 686, 807, 1076, 1133, 679, 795, 970, 831, 604, 812, 1172, 1048, 848, 984, 1114, 890, 648, 901, 1252, 1254, 1193, 1183, 1598, 1005, 640, 754, 1477, 1881, 1503, 1294, 1867, 1042, 729, 844, 1856, 2378, 1430, 1124, 1587, 943, 728, 918, 1546, 1972, 1164, 807, 1157, 813, 718, 807, 1045, 1416, 1009, 652, 802, 639, 598, 655, 855, 1193, 687, 779, 663, 514, 574, 744, 667, 581, 574, 856, 905, 670, 492, 795, 1047, 868, 635, 751, 941, 780, 505, 715, 1010, 993, 546, 615, 746, 640, 540, 734, 844, 725, 597, 519, 711, 666, 562, 685, 545, 591, 522, 464, 668, 685, 529, 566, 529, 508, 495, 570, 634, 579, 478, 606, 658, 541, 508, 573, 677, 662, 525, 462, 672, 649, 512, 559, 640, 625, 599, 541, 553, 551]"
-0.535680890083313,0.4070813059806824,-1.0676765441894531,-0.17940637469291687,0.6188609004020691,-0.7652760744094849,0.17667406797409058,-0.5949598550796509,-0.7729053497314453,23.0,-0.5949598550796509,0.8000850677490234,21.25,-0.5949598550796509,1.4688491821289062,15.25,-0.3356081247329712,-0.6543159484863281,22.25,-0.06838858127593994,0.4214286804199219,23.25,"[450, 628, 648, 561, 622, 557, 649, 628, 464, 567, 595, 600, 640, 629, 644, 558, 566, 551, 565, 496, 528, 648, 588, 480, 559, 521, 522, 470, 462, 529, 505, 509, 458, 491, 497, 419, 426, 497, 484, 431, 516, 533, 514, 514, 494, 454, 535, 561, 511, 586, 558, 436, 542, 507, 537, 590, 495, 489, 486, 516, 565, 503, 507, 483, 491, 441, 557, 576, 506, 497, 500, 523, 515, 575, 635, 597, 490, 515, 595, 578, 520, 580, 539, 512, 521, 463, 509, 567, 523, 549, 570, 538, 541, 521, 588, 592, 501, 523, 574, 528, 544, 481, 498, 563, 576, 599, 547, 540, 549, 497, 436, 551, 569, 582, 469, 507, 598, 526, 500, 519, 546, 578, 549, 521, 565, 529, 583, 608, 549, 595, 612, 553, 475, 540, 591, 582, 599, 558, 531, 594, 584, 516, 518, 568, 680, 633, 584, 637, 557, 501, 457, 533, 637, 567, 530, 664, 578, 477, 520, 552, 556, 531, 545, 587, 493, 427, 455, 549, 621, 599, 649, 652, 581, 545, 526, 617, 532, 516, 594, 680, 624, 441, 525, 614, 493, 559, 540, 471, 488, 558, 573, 567, 1069, 2097, 1850, 830, 518, 1136, 1560, 892, 3853, 6705, 5198, 1547, 1465, 3862, 4761, 1940, 4733, 8502, 6868, 2132, 2437, 5422, 6695, 3380, 4172, 7379, 6135, 2284, 1760, 4083, 5866, 3622, 4735, 8054, 5994, 1698, 2014, 4859, 5818, 2296, 3793, 5853, 4065, 1102, 1834, 3671, 4134, 1528, 1763, 2395, 1700, 762, 971, 1433, 1683, 1297, 1368, 2236, 1810, 861, 789, 1231, 1790, 1186, 1648, 2665, 1957, 718, 911, 1110, 1651, 907, 1335, 2087, 1585, 655, 1039, 1423, 1740, 1071, 2910, 5340, 4097, 1061, 1988, 3830, 4521, 2103, 3747, 8063, 6668, 1847, 2380, 5146, 6649, 3268, 4391, 8748, 7272, 2157, 2704, 4752, 6264, 3268, 5293, 8699, 6505, 1659, 2866, 3952, 4705, 1989, 2950, 4270, 2980, 962, 1621, 2054, 2243, 1130, 1482, 1885, 1267, 591, 899, 1032, 1027, 627, 1075, 1335, 1019, 624, 858, 827, 755, 638, 907, 963, 899, 727, 806, 701, 706, 770, 698, 661, 651, 557, 596, 621, 576, 588, 627, 700, 690, 553, 552, 607, 610, 556, 663, 805, 698, 584, 617, 599, 560, 496, 711, 782, 770, 657, 728, 734, 657, 651, 697, 765, 619, 675, 789, 632, 657, 665, 839, 987, 774, 590, 725, 753, 713, 617, 776, 1048, 923, 526, 575, 755, 780, 636, 764, 921, 794, 588, 615, 760, 814, 732, 897, 1158, 1020, 544, 679, 876, 755, 610, 1380, 2116, 1973, 845, 1511, 1943, 1320, 848, 2780, 4232, 3200, 817, 3256, 3598, 1911, 967, 3467, 4888, 3253, 1310, 3980, 3876, 1925, 1094, 2847, 4013, 2640, 1364, 2792, 2424, 1449, 1057, 1839, 2565, 1880, 1068, 1613, 1415, 1236, 963, 1340, 1538, 1256, 915, 1081, 968, 780, 818, 1256, 1347, 898, 810, 966, 814, 666, 780, 1228, 1890, 1480, 596, 1079, 1107, 827, 643, 1315, 2262, 1819, 551, 1246, 1264, 937, 584, 1083, 1621, 1304, 530, 1009, 925, 710, 579, 864, 945, 802, 557, 814, 831, 568, 597, 841, 1061, 877, 561, 811, 844, 660, 576, 944, 1092, 887, 580, 742, 854, 698, 633, 774, 908, 782, 539, 643, 746, 689, 661, 694, 695, 647, 602, 622, 577, 677, 728, 603, 587, 580, 521, 597, 613, 650, 611, 650, 703, 642, 591, 690, 690, 668, 680, 641, 523, 547, 551, 568, 558, 562, 641, 753, 774, 699, 641, 647, 659, 697, 720, 812, 812, 695, 666, 692, 637, 719, 785, 742, 728, 568, 653, 606, 502, 609, 673, 706, 789, 754, 664, 600, 551, 665, 661, 756, 810, 730, 680, 672, 542, 601, 707, 766, 837, 787, 661, 685, 683, 629, 659, 697, 700, 675, 698, 624, 717, 766, 716, 695, 728, 729, 571, 665, 723, 669, 630, 716, 712, 648, 636, 658, 594, 647, 662, 720, 717, 626, 570, 573, 573, 643, 641, 650, 647, 715, 585, 486, 585, 627, 596, 661, 588, 708, 679, 595, 663, 761, 807, 809, 701, 680, 696, 710, 799, 996, 978, 846, 751, 724, 806, 711, 691, 928, 996, 679, 565, 806, 806, 711, 726, 767, 868, 637, 616, 656, 614, 598, 780, 883, 757, 731, 1001, 834, 518, 628, 916, 992, 758, 811, 1110, 981, 589, 667, 930, 999, 740, 802, 1004, 900, 685, 727, 767, 879, 741, 727, 742, 687, 606, 645, 757, 739, 633, 853, 674, 585, 608, 621, 679, 644, 686, 770, 649, 600, 560, 586, 674, 629, 693, 601, 648, 662, 608, 592, 711, 720, 661, 600, 660, 627, 536, 573, 632, 582, 588, 760, 732, 616, 539, 694, 736, 597, 660, 799, 726, 621, 573, 650, 722, 702, 724, 847, 839, 759, 681, 579, 852, 953, 912, 665, 794, 804, 673, 614, 830, 985, 809, 774, 779, 732, 724, 664, 803, 844, 767, 725, 731, 536, 614, 691, 717, 737, 680, 679, 760, 643, 662, 687, 833, 830, 609, 1098, 1056, 888, 792, 787, 1419, 1276, 732, 1323, 1127, 944, 867, 826, 1396, 1169, 942, 1049, 907, 779, 794, 762, 980, 905, 950, 684, 586, 712, 673, 563, 636, 832, 772, 879, 729, 543, 663, 713, 704, 698, 707, 747, 1032, 1135, 854, 725, 775, 1195, 1052, 1326, 1654, 2402, 1778, 1076, 1280, 3133, 3187, 1590, 1962, 2892, 2265, 1225, 1897, 4417, 4329, 1178, 1598, 2223, 1956, 1101, 1596, 3386, 3209, 1161, 1128, 1738, 1485, 825, 1032, 1978, 2121, 853, 1057, 1396, 1107, 640, 722, 1128, 1241, 804, 962, 1159, 957, 711, 911, 1182, 1127, 932, 928, 1249, 1012, 759, 1000, 1407, 1423, 1221, 1106, 1188, 1178, 822, 1119, 1268, 1261, 1232, 1293, 1268, 1100, 869, 1127, 1127, 894, 976, 1313, 1737, 1417, 855, 1177, 1520, 1280, 927, 1144, 1564, 1555, 839, 1360, 2166, 1784, 1023, 1294, 1184, 1123, 796, 1497, 2252, 1692, 1004, 1253, 1072, 820, 619, 1135, 1493, 1163, 742, 1145, 1151, 809, 567, 876, 1273, 1032, 622, 807, 846, 660, 589, 670, 791, 709, 615, 712, 810, 704, 572, 811, 962, 813, 678, 840, 863, 729, 578, 758, 1024, 937, 709, 704, 761, 709, 601, 597, 743, 810, 561, 466, 542, 603, 561, 484, 550, 639, 531, 489, 477, 581, 502, 501, 598, 557, 552, 471, 481, 481, 398, 501, 566, 575, 478, 478, 476, 448, 383, 477, 506, 474]"
-0.4673530161380768,0.34163931012153625,-0.9596834182739258,0.002359151840209961,0.4001057744026184,-0.4915068745613098,0.32335248589515686,-0.5499926805496216,-1.297760009765625,16.5,-0.5499926805496216,-0.8726119995117188,22.75,-0.5499926805496216,-0.7940769195556641,20.25,-0.5499926805496216,-0.6836414337158203,19.75,-0.5499926805496216,1.3200759887695312,18.25,"[663, 698, 635, 604, 635, 602, 635, 703, 556, 594, 585, 552, 629, 647, 670, 575, 485, 563, 587, 519, 512, 590, 621, 463, 524, 488, 491, 484, 472, 493, 492, 495, 461, 488, 469, 529, 477, 418, 521, 504, 448, 430, 496, 489, 517, 561, 518, 413, 468, 549, 567, 548, 481, 552, 554, 423, 579, 579, 541, 561, 506, 610, 580, 538, 496, 458, 506, 559, 538, 571, 615, 582, 623, 511, 551, 590, 559, 533, 573, 579, 568, 488, 580, 612, 476, 595, 589, 584, 495, 535, 539, 510, 483, 570, 553, 517, 553, 588, 558, 478, 510, 593, 614, 541, 586, 575, 538, 551, 608, 635, 600, 568, 515, 548, 567, 536, 470, 580, 591, 552, 559, 450, 470, 547, 479, 515, 550, 603, 530, 425, 467, 554, 507, 503, 415, 464, 594, 567, 467, 523, 546, 510, 499, 559, 629, 544, 418, 519, 478, 493, 590, 597, 598, 561, 477, 555, 547, 523, 552, 563, 567, 541, 499, 539, 545, 469, 501, 496, 603, 640, 623, 588, 626, 639, 590, 554, 549, 630, 621, 517, 543, 635, 614, 504, 538, 545, 555, 597, 617, 555, 501, 533, 971, 1490, 1371, 890, 890, 1224, 1321, 991, 2649, 5170, 4329, 1511, 1934, 3787, 4337, 2191, 4063, 7262, 5808, 1735, 2490, 5104, 5690, 2603, 3441, 5615, 4152, 1167, 1985, 4158, 4355, 1473, 1566, 2359, 1942, 919, 1145, 2183, 2162, 1085, 924, 1403, 1172, 726, 1032, 1616, 1568, 917, 752, 1031, 938, 615, 812, 1107, 1032, 727, 1354, 1591, 1112, 675, 762, 1066, 991, 602, 2078, 2807, 1777, 592, 822, 1755, 1877, 673, 2906, 4550, 3282, 931, 1325, 2751, 3097, 1178, 3614, 5617, 4040, 1106, 1575, 2734, 3482, 1498, 3038, 4377, 2984, 895, 1579, 1911, 2376, 1186, 2640, 3537, 2380, 815, 1807, 2053, 1818, 877, 4289, 6185, 4366, 1392, 2980, 3502, 3189, 1399, 5295, 8038, 5839, 2006, 3418, 3792, 4030, 1995, 5011, 7220, 5022, 1622, 3032, 2989, 3264, 1717, 4892, 7129, 4856, 1040, 2996, 2757, 2927, 1253, 2983, 4625, 3442, 899, 1788, 1897, 2057, 909, 1119, 1710, 1436, 686, 842, 875, 959, 717, 596, 836, 722, 650, 698, 713, 682, 596, 627, 839, 792, 550, 571, 665, 770, 643, 634, 725, 670, 491, 565, 589, 661, 642, 581, 618, 620, 601, 591, 589, 628, 582, 590, 638, 710, 629, 575, 618, 674, 643, 594, 811, 683, 483, 582, 548, 594, 513, 1002, 1279, 979, 652, 912, 881, 772, 666, 1435, 2160, 1650, 840, 1375, 1612, 1352, 853, 2021, 2810, 1835, 882, 2412, 2632, 1702, 867, 1777, 2253, 1774, 1118, 2137, 2277, 1293, 932, 1440, 1787, 1762, 1106, 1007, 1178, 930, 1039, 1472, 2082, 1862, 1005, 1020, 1166, 1052, 1016, 1210, 1689, 1443, 805, 977, 1259, 1249, 942, 1250, 1750, 1358, 822, 1024, 1287, 1373, 991, 1187, 1666, 1337, 791, 1009, 1112, 1149, 890, 975, 1248, 924, 786, 974, 983, 780, 629, 772, 965, 838, 662, 749, 778, 684, 596, 766, 937, 738, 637, 701, 689, 656, 559, 828, 903, 760, 712, 725, 664, 752, 691, 729, 947, 770, 555, 701, 747, 712, 548, 861, 1101, 815, 578, 698, 770, 774, 586, 963, 1202, 993, 674, 699, 872, 939, 823, 801, 989, 863, 697, 733, 900, 988, 766, 733, 874, 759, 570, 563, 753, 814, 623, 666, 731, 628, 580, 644, 725, 622, 625, 685, 819, 692, 560, 691, 766, 662, 655, 748, 898, 838, 607, 715, 735, 681, 763, 698, 807, 835, 625, 602, 736, 705, 651, 816, 734, 670, 633, 652, 707, 608, 729, 780, 592, 606, 617, 608, 520, 608, 776, 822, 740, 657, 655, 641, 605, 697, 865, 737, 793, 742, 685, 649, 594, 695, 759, 562, 665, 691, 705, 678, 549, 651, 655, 583, 717, 642, 581, 548, 567, 573, 610, 757, 815, 666, 678, 680, 709, 638, 661, 723, 675, 736, 840, 685, 609, 652, 698, 652, 627, 673, 798, 779, 664, 737, 772, 707, 627, 692, 693, 693, 732, 787, 823, 683, 675, 662, 639, 722, 878, 848, 697, 746, 852, 715, 602, 646, 895, 989, 773, 850, 970, 834, 664, 670, 940, 1065, 821, 798, 883, 775, 575, 660, 772, 795, 716, 693, 665, 697, 695, 604, 817, 854, 713, 535, 558, 663, 674, 589, 738, 702, 621, 605, 611, 650, 617, 611, 756, 695, 602, 540, 686, 671, 507, 518, 682, 665, 581, 539, 608, 618, 532, 597, 597, 650, 598, 686, 683, 606, 521, 518, 552, 667, 711, 602, 648, 653, 549, 464, 575, 678, 646, 592, 656, 637, 557, 571, 580, 645, 638, 704, 711, 648, 545, 566, 692, 612, 595, 545, 659, 669, 538, 577, 692, 691, 609, 635, 712, 635, 511, 636, 737, 813, 657, 784, 780, 702, 650, 660, 841, 937, 856, 868, 768, 706, 709, 636, 768, 950, 953, 756, 743, 655, 651, 699, 791, 836, 837, 787, 810, 713, 656, 745, 747, 708, 728, 674, 645, 561, 626, 708, 711, 692, 596, 627, 657, 517, 577, 685, 728, 692, 613, 608, 701, 644, 517, 550, 706, 756, 601, 661, 629, 655, 650, 610, 632, 724, 685, 766, 798, 682, 554, 585, 666, 686, 676, 763, 743, 958, 840, 567, 663, 939, 936, 1133, 1053, 1831, 1566, 871, 1193, 1972, 2041, 1504, 1309, 2425, 2109, 1008, 1645, 2514, 2606, 970, 1230, 1826, 1628, 864, 1491, 1923, 1498, 805, 1162, 1441, 1239, 774, 1338, 1870, 1581, 826, 1068, 1117, 1005, 755, 1243, 1524, 1230, 678, 662, 754, 765, 652, 839, 922, 850, 661, 878, 701, 522, 546, 818, 949, 686, 1106, 1377, 1036, 739, 845, 1067, 938, 716, 1379, 1449, 961, 839, 973, 1090, 939, 922, 1033, 1285, 1082, 957, 784, 1051, 1294, 1069, 873, 981, 1058, 1049, 685, 928, 1376, 1205, 959, 814, 807, 908, 826, 1010, 1084, 1001, 970, 875, 782, 907, 725, 1018, 1109, 877, 990, 994, 935, 933, 697, 958, 1099, 993, 860, 861, 1052, 963, 606, 719, 966, 997, 683, 762, 1030, 875, 701, 711, 983, 991, 562, 773, 891, 783, 651, 621, 734, 715, 589, 780, 723, 646, 646, 646, 658, 534, 560, 677, 686, 577, 473, 576, 630, 525, 560, 467, 540, 543, 543, 563, 499, 514, 583, 577, 561, 539, 529, 587, 510, 502, 537, 567, 658, 559, 504, 545, 567, 530]"
-0.5485841631889343,0.4567433297634125,-1.2171249389648438,-0.1289374679327011,0.0,0.0,0.0,0.44678598642349243,-0.5042552947998047,19.0,0.47210603952407837,-0.496673583984375,16.0,0.48498064279556274,-0.5302906036376953,19.25,0.569094717502594,-0.4752159118652344,25.0,0.5818262696266174,-0.47893524169921875,21.5,"[514, 515, 571, 623, 664, 620, 573, 515, 515, 600, 548, 621, 684, 574, 562, 480, 547, 570, 556, 543, 537, 528, 444, 456, 544, 552, 536, 518, 475, 463, 377, 453, 508, 507, 561, 581, 575, 563, 496, 523, 447, 532, 521, 486, 527, 564, 538, 528, 617, 556, 406, 478, 584, 626, 545, 499, 581, 498, 442, 494, 604, 602, 507, 534, 573, 570, 497, 510, 581, 562, 482, 522, 568, 575, 529, 494, 515, 538, 522, 523, 526, 531, 598, 494, 566, 659, 566, 520, 562, 600, 581, 611, 600, 614, 588, 535, 625, 615, 616, 629, 697, 672, 580, 567, 557, 620, 657, 606, 549, 594, 561, 577, 551, 633, 626, 563, 530, 569, 607, 538, 588, 636, 592, 582, 577, 628, 609, 552, 505, 451, 447, 499, 539, 515, 498, 530, 487, 509, 535, 603, 490, 450, 583, 562, 517, 563, 585, 611, 579, 551, 622, 604, 668, 630, 564, 652, 571, 560, 535, 610, 550, 569, 505, 538, 538, 550, 594, 552, 557, 608, 516, 546, 490, 503, 633, 543, 509, 599, 621, 577, 470, 513, 619, 500, 606, 592, 578, 594, 484, 536, 567, 577, 1214, 1329, 833, 512, 927, 1456, 1231, 464, 3129, 4109, 2257, 833, 2351, 4912, 4549, 1069, 3468, 5176, 3174, 1199, 2725, 6366, 6386, 2066, 1841, 2819, 1900, 1063, 1525, 3484, 3745, 1771, 2200, 3360, 4414, 3598, 2248, 4395, 5254, 3713, 2082, 5971, 9715, 7392, 3465, 10541, 11999, 6671, 1769, 5708, 9327, 6957, 2548, 10285, 11485, 5748, 1145, 2993, 4474, 3653, 1118, 4598, 5532, 3007, 1371, 2242, 2025, 1473, 1104, 2103, 2567, 1441, 1103, 1380, 1145, 742, 835, 1098, 993, 700, 1099, 1479, 1094, 621, 883, 1229, 1230, 599, 1109, 1495, 1134, 694, 888, 1116, 1230, 678, 892, 950, 796, 656, 735, 820, 750, 677, 986, 1232, 933, 658, 792, 895, 914, 694, 1571, 1611, 886, 1001, 1296, 1255, 1021, 972, 2492, 2340, 995, 1618, 2064, 1521, 1046, 1392, 2166, 2034, 1013, 1607, 1881, 1370, 974, 1269, 1807, 1841, 1019, 1211, 1490, 1163, 920, 1101, 1611, 1824, 1038, 777, 1190, 1076, 918, 876, 977, 1124, 905, 866, 862, 768, 850, 783, 779, 823, 755, 702, 691, 633, 656, 638, 896, 1114, 866, 575, 721, 677, 628, 552, 1038, 1328, 1054, 736, 889, 850, 698, 571, 1036, 1244, 971, 670, 904, 796, 770, 693, 821, 1005, 814, 655, 843, 800, 647, 599, 857, 1019, 836, 737, 792, 750, 698, 692, 1120, 1201, 1006, 981, 797, 920, 1038, 920, 1856, 2172, 1214, 1000, 1472, 1560, 1350, 1003, 2093, 2264, 1206, 1210, 1872, 1689, 1290, 1160, 1617, 1694, 1066, 943, 1475, 1493, 1169, 975, 2112, 2244, 1151, 1265, 1802, 1747, 1377, 981, 2129, 2590, 1453, 1094, 1772, 1887, 1592, 889, 1247, 1492, 1090, 801, 945, 1162, 1113, 753, 927, 1031, 782, 783, 923, 887, 751, 704, 1118, 1069, 674, 679, 788, 745, 665, 765, 988, 988, 701, 572, 585, 613, 625, 775, 814, 870, 715, 550, 617, 664, 698, 743, 786, 804, 682, 494, 641, 721, 709, 690, 722, 836, 768, 553, 739, 745, 581, 632, 735, 828, 645, 627, 815, 656, 532, 605, 595, 560, 587, 617, 640, 567, 626, 654, 662, 584, 688, 736, 656, 661, 648, 725, 670, 726, 720, 654, 676, 719, 668, 651, 628, 892, 759, 545, 560, 742, 792, 620, 723, 754, 608, 539, 614, 751, 747, 653, 713, 836, 761, 622, 683, 797, 683, 623, 594, 628, 652, 608, 595, 720, 772, 620, 644, 679, 632, 582, 651, 772, 649, 565, 754, 832, 726, 587, 674, 698, 658, 671, 746, 813, 681, 586, 525, 630, 795, 720, 609, 678, 572, 530, 497, 669, 790, 611, 540, 636, 623, 558, 462, 647, 738, 572, 613, 654, 681, 682, 553, 589, 746, 677, 630, 668, 678, 600, 523, 534, 552, 537, 619, 731, 676, 561, 586, 652, 631, 512, 682, 642, 613, 617, 632, 648, 543, 586, 792, 615, 585, 634, 727, 755, 544, 676, 754, 681, 715, 695, 767, 769, 672, 728, 678, 717, 811, 695, 596, 698, 755, 724, 777, 836, 816, 676, 714, 745, 704, 745, 693, 672, 652, 605, 657, 715, 680, 735, 538, 560, 653, 553, 578, 568, 598, 609, 635, 683, 682, 698, 534, 601, 664, 603, 717, 665, 666, 693, 632, 649, 663, 673, 749, 650, 633, 631, 592, 667, 674, 738, 730, 724, 688, 635, 618, 707, 727, 699, 640, 644, 747, 648, 605, 753, 716, 640, 688, 608, 654, 585, 599, 618, 590, 658, 601, 606, 525, 580, 654, 618, 628, 602, 590, 611, 543, 582, 604, 534, 544, 650, 876, 664, 750, 859, 774, 647, 749, 893, 998, 687, 806, 929, 928, 871, 921, 1054, 1202, 679, 555, 788, 1104, 1029, 852, 1258, 1049, 744, 605, 705, 1053, 959, 728, 1034, 590, 657, 667, 602, 622, 664, 631, 589, 628, 671, 704, 664, 622, 690, 714, 596, 667, 635, 636, 655, 724, 722, 741, 697, 752, 725, 624, 640, 805, 741, 800, 774, 879, 743, 633, 619, 798, 845, 816, 805, 765, 706, 663, 672, 721, 820, 807, 843, 812, 767, 691, 662, 784, 761, 717, 798, 809, 843, 791, 729, 655, 740, 750, 714, 632, 808, 883, 736, 534, 729, 791, 611, 590, 748, 764, 674, 605, 684, 735, 685, 834, 864, 800, 768, 876, 957, 954, 818, 1086, 978, 976, 926, 1121, 1285, 1119, 1085, 1416, 1198, 905, 856, 1155, 1331, 1142, 1285, 1265, 1016, 866, 862, 985, 1090, 1021, 1293, 959, 978, 1023, 912, 835, 965, 1005, 1013, 1251, 931, 1028, 960, 858, 1098, 1142, 1243, 1134, 926, 861, 830, 872, 1072, 1197, 1163, 1173, 1680, 1666, 1132, 1100, 1381, 1824, 1665, 1479, 2261, 2224, 1377, 1272, 1790, 2337, 1962, 1749, 2092, 2087, 1429, 1328, 1930, 2132, 1787, 1461, 1560, 1748, 1266, 1087, 1442, 1673, 1695, 1478, 1684, 1684, 1466, 1190, 1336, 1483, 1510, 1427, 1494, 1570, 1575, 1227, 1122, 1116, 1271, 1191, 1268, 1405, 1337, 1159, 1041, 1011, 1195, 807, 1007, 908, 848, 873, 895, 862, 979, 591, 875, 863, 660, 683, 743, 811, 696, 578, 757, 759, 588, 549, 676, 739, 631, 701, 609, 576, 587, 589, 622, 727, 751, 630, 582, 536, 486, 495, 623, 658, 583, 687, 588, 667, 645, 636, 655, 779, 762]"
-0.43885481357574463,0.12739041447639465,-0.5457496643066406,0.053592219948768616,-0.5044072866439819,0.8490486145019531,0.07538846135139465,0.4130669832229614,0.5723476409912109,15.25,0.4609891176223755,0.035762786865234375,15.75,0.4891701936721802,-0.035190582275390625,15.5,0.4911729097366333,0.0,16.5,0.5296536684036255,0.10442733764648438,15.0,"[622, 644, 632, 646, 702, 645, 633, 644, 536, 534, 557, 639, 674, 574, 528, 593, 539, 609, 557, 557, 586, 535, 560, 570, 498, 534, 502, 510, 574, 556, 508, 513, 522, 526, 515, 449, 470, 530, 509, 520, 485, 541, 474, 466, 463, 470, 504, 423, 420, 478, 527, 572, 507, 461, 566, 489, 479, 599, 629, 567, 501, 525, 551, 483, 497, 520, 548, 532, 488, 515, 508, 491, 559, 563, 568, 515, 495, 480, 504, 516, 605, 583, 521, 548, 570, 490, 525, 621, 568, 595, 490, 466, 636, 563, 522, 605, 500, 505, 506, 531, 589, 546, 465, 550, 536, 469, 569, 652, 613, 546, 475, 488, 455, 555, 586, 515, 475, 539, 529, 500, 575, 572, 563, 527, 610, 663, 549, 548, 572, 578, 507, 507, 632, 635, 539, 499, 530, 504, 486, 503, 550, 514, 496, 519, 450, 482, 494, 532, 509, 510, 534, 489, 564, 488, 521, 527, 517, 458, 462, 526, 523, 499, 552, 602, 561, 525, 533, 546, 627, 568, 569, 651, 647, 642, 595, 537, 614, 626, 582, 591, 562, 593, 628, 545, 555, 578, 534, 492, 497, 543, 612, 535, 513, 551, 585, 610, 579, 530, 467, 438, 1033, 1045, 676, 604, 822, 1118, 926, 541, 3161, 3378, 1893, 1059, 2567, 4923, 4059, 896, 4673, 5712, 3267, 1428, 4104, 8249, 7249, 1859, 2795, 4601, 3039, 1023, 2511, 5751, 6006, 2535, 1361, 2666, 2149, 1030, 1062, 2854, 3607, 2138, 1858, 3052, 3382, 2633, 1402, 2645, 3344, 2148, 2319, 4437, 4568, 3281, 1768, 4022, 4477, 2543, 1447, 3044, 2921, 1574, 1459, 2940, 3096, 1822, 1163, 1682, 1482, 804, 988, 1590, 1414, 928, 1114, 1410, 1146, 684, 881, 1099, 930, 634, 874, 1176, 918, 491, 701, 766, 745, 569, 822, 1010, 801, 556, 746, 781, 689, 524, 885, 952, 700, 571, 694, 769, 690, 518, 768, 789, 596, 512, 624, 646, 533, 491, 765, 765, 590, 597, 763, 696, 512, 575, 1784, 1955, 1193, 842, 1338, 1194, 937, 928, 2877, 3007, 1671, 1241, 1863, 1530, 1159, 1437, 2043, 2184, 1322, 1045, 1441, 1235, 917, 1153, 988, 1166, 1040, 732, 860, 947, 747, 744, 1775, 2384, 1656, 1013, 1636, 1254, 858, 869, 2328, 3103, 1930, 1000, 1972, 1482, 1042, 857, 1299, 1566, 1021, 713, 1174, 973, 640, 670, 659, 751, 736, 605, 651, 641, 581, 597, 688, 933, 876, 585, 669, 793, 678, 570, 719, 971, 869, 640, 583, 772, 766, 568, 1204, 1544, 1157, 744, 844, 1273, 1467, 1101, 2348, 3146, 2131, 1088, 1533, 2486, 2815, 1774, 2402, 3296, 2319, 1234, 1538, 2794, 3095, 1890, 1470, 2057, 1716, 1035, 1044, 1831, 2022, 1392, 1241, 1488, 1170, 790, 1031, 1009, 967, 798, 1246, 1306, 836, 749, 890, 1006, 921, 790, 928, 1167, 950, 605, 882, 1127, 1149, 705, 724, 926, 874, 588, 787, 893, 884, 675, 799, 893, 786, 713, 755, 886, 767, 591, 816, 917, 808, 711, 802, 913, 763, 681, 809, 892, 747, 698, 781, 807, 706, 753, 877, 971, 771, 715, 812, 824, 733, 698, 809, 822, 752, 638, 666, 711, 746, 720, 768, 759, 617, 530, 577, 606, 571, 622, 731, 723, 647, 555, 627, 604, 590, 638, 670, 721, 729, 734, 729, 708, 691, 679, 593, 760, 724, 663, 692, 717, 734, 646, 694, 760, 738, 608, 564, 674, 823, 726, 689, 760, 688, 620, 630, 695, 687, 600, 716, 644, 561, 666, 670, 694, 585, 568, 709, 777, 644, 664, 680, 604, 643, 576, 689, 678, 723, 683, 713, 593, 620, 741, 574, 574, 641, 666, 672, 562, 619, 744, 571, 559, 588, 689, 700, 612, 614, 711, 669, 583, 587, 654, 694, 720, 613, 625, 720, 765, 727, 607, 601, 788, 737, 696, 684, 753, 701, 612, 582, 724, 673, 642, 653, 684, 662, 603, 681, 674, 593, 673, 667, 667, 674, 551, 628, 686, 596, 645, 645, 666, 629, 579, 654, 647, 612, 602, 506, 675, 701, 572, 517, 663, 716, 610, 515, 695, 706, 553, 546, 626, 668, 557, 669, 687, 684, 679, 600, 575, 643, 663, 704, 702, 690, 749, 730, 668, 774, 743, 730, 644, 732, 737, 634, 586, 722, 809, 696, 660, 786, 689, 615, 663, 709, 731, 519, 636, 721, 615, 554, 660, 702, 602, 605, 664, 697, 642, 613, 636, 774, 730, 547, 548, 604, 597, 591, 551, 605, 611, 531, 580, 711, 641, 562, 555, 559, 577, 571, 582, 628, 646, 528, 493, 613, 632, 560, 557, 628, 640, 532, 579, 566, 562, 491, 555, 553, 515, 541, 482, 506, 536, 594, 581, 615, 551, 580, 591, 529, 569, 650, 606, 608, 528, 547, 590, 633, 669, 587, 650, 694, 594, 673, 672, 627, 676, 611, 564, 556, 604, 685, 603, 540, 691, 668, 628, 636, 576, 636, 664, 649, 669, 669, 662, 600, 598, 710, 744, 703, 679, 727, 709, 685, 693, 777, 784, 589, 651, 561, 593, 685, 598, 587, 659, 621, 612, 623, 596, 687, 591, 632, 576, 679, 788, 721, 652, 645, 641, 703, 663, 689, 814, 882, 678, 637, 763, 707, 628, 729, 836, 727, 664, 680, 765, 650, 575, 671, 695, 681, 658, 736, 823, 775, 665, 692, 758, 665, 689, 808, 711, 738, 609, 814, 821, 722, 742, 733, 640, 692, 659, 740, 753, 717, 887, 891, 644, 637, 817, 812, 712, 668, 849, 980, 771, 713, 920, 962, 814, 849, 830, 775, 880, 841, 1087, 1094, 830, 1186, 1098, 921, 995, 999, 1397, 1869, 1779, 1402, 1006, 1349, 1133, 880, 1355, 2337, 2480, 1691, 1102, 1708, 1386, 954, 1111, 1978, 2432, 1743, 1031, 1539, 1537, 1025, 1106, 1403, 1867, 1507, 748, 1237, 1201, 931, 1086, 952, 1502, 1195, 790, 1175, 914, 803, 736, 963, 1570, 883, 823, 1076, 778, 835, 889, 953, 1171, 728, 746, 952, 772, 861, 976, 876, 863, 809, 958, 1226, 1013, 702, 882, 994, 961, 729, 881, 1319, 1126, 790, 1008, 1292, 1122, 799, 863, 1058, 863, 878, 852, 967, 933, 856, 982, 904, 593, 700, 820, 804, 777, 700, 722, 787, 656, 598, 636, 563, 716, 632, 692, 756, 603, 592, 706, 615, 556, 665, 609, 529, 511, 621, 674, 618, 646, 597, 654, 651, 530, 573, 562, 556, 590, 655, 704, 720, 600, 537, 550, 569, 609]"
-0.34714552760124207,-0.4473862648010254,0.09558286517858505,0.1549566090106964,-1.1747026443481445,1.4108120203018188,0.06264340132474899,-0.13064616918563843,-0.8520126342773438,23.25,-0.11791461706161499,-0.7767677307128906,15.25,0.019843637943267822,1.0316848754882812,15.0,0.04859691858291626,-0.7181167602539062,25.0,0.143010675907135,-0.5822181701660156,19.0,"[516, 579, 586, 548, 616, 549, 587, 582, 525, 643, 622, 571, 608, 585, 590, 541, 594, 605, 550, 540, 629, 571, 504, 530, 543, 599, 533, 540, 591, 522, 484, 506, 490, 533, 503, 466, 508, 514, 522, 495, 521, 625, 524, 509, 563, 597, 571, 494, 531, 494, 488, 538, 571, 533, 465, 478, 477, 526, 495, 495, 512, 441, 459, 478, 503, 552, 493, 482, 543, 475, 481, 527, 459, 614, 620, 530, 505, 505, 624, 541, 541, 516, 534, 557, 536, 484, 496, 581, 531, 586, 559, 516, 485, 523, 560, 455, 531, 534, 471, 486, 483, 536, 558, 513, 576, 518, 619, 689, 580, 445, 478, 597, 594, 514, 590, 680, 607, 437, 505, 577, 580, 668, 573, 511, 584, 540, 526, 495, 479, 615, 544, 521, 578, 566, 561, 482, 543, 654, 527, 531, 570, 581, 592, 486, 490, 590, 460, 446, 515, 482, 587, 485, 552, 546, 524, 501, 513, 521, 561, 585, 433, 480, 569, 483, 474, 517, 582, 615, 539, 573, 564, 496, 607, 596, 513, 550, 558, 607, 559, 527, 581, 584, 607, 597, 566, 602, 539, 535, 634, 631, 626, 576, 498, 491, 518, 452, 514, 617, 553, 497, 561, 604, 495, 444, 619, 612, 503, 468, 1002, 1055, 1088, 914, 854, 844, 1000, 1028, 2931, 3970, 4186, 3329, 3018, 4463, 5010, 3709, 4562, 6013, 7267, 6159, 5834, 9663, 10262, 6493, 3599, 5235, 6882, 5355, 4893, 8231, 8441, 5202, 1344, 2529, 3020, 1991, 1652, 2358, 2544, 2063, 689, 1452, 1770, 1154, 714, 960, 1459, 1291, 996, 1582, 1823, 1365, 928, 1174, 1398, 1201, 924, 1331, 1380, 994, 759, 984, 1002, 852, 1262, 1342, 838, 693, 769, 987, 781, 671, 1026, 1115, 758, 631, 725, 911, 743, 625, 776, 811, 692, 542, 553, 682, 680, 637, 772, 803, 681, 575, 643, 738, 781, 684, 677, 861, 885, 663, 597, 723, 879, 685, 860, 1067, 885, 627, 668, 861, 963, 705, 714, 894, 779, 578, 630, 753, 747, 596, 665, 692, 717, 676, 679, 619, 598, 688, 649, 648, 640, 589, 660, 651, 607, 645, 683, 700, 587, 551, 622, 646, 540, 625, 725, 755, 607, 617, 703, 567, 527, 661, 954, 1088, 723, 554, 744, 758, 670, 639, 1087, 1290, 986, 686, 923, 1060, 972, 696, 832, 908, 713, 609, 736, 814, 727, 635, 713, 685, 547, 607, 600, 596, 532, 608, 590, 603, 646, 649, 586, 533, 530, 619, 1144, 1123, 780, 844, 921, 761, 640, 762, 1828, 1692, 878, 1129, 1381, 1072, 682, 1060, 1848, 1878, 1079, 1103, 1358, 1188, 955, 983, 1860, 2133, 1403, 1048, 1339, 1470, 1441, 1116, 2367, 2632, 1757, 1297, 1531, 1741, 1666, 1555, 3322, 3730, 2430, 1762, 2509, 2318, 1920, 2028, 3420, 3981, 2469, 1848, 2874, 2331, 1495, 1785, 2261, 2599, 1653, 1282, 1926, 1654, 1002, 1270, 1062, 1084, 877, 837, 981, 898, 687, 792, 653, 837, 734, 554, 646, 775, 746, 587, 679, 840, 716, 536, 587, 802, 810, 575, 819, 839, 711, 646, 748, 842, 819, 716, 695, 759, 679, 638, 687, 714, 722, 690, 663, 710, 658, 624, 603, 641, 630, 640, 589, 619, 618, 581, 506, 585, 667, 600, 614, 571, 624, 581, 520, 626, 692, 608, 614, 583, 567, 619, 615, 577, 698, 655, 712, 749, 616, 598, 593, 749, 813, 636, 761, 801, 721, 621, 649, 684, 785, 730, 655, 730, 646, 513, 516, 586, 651, 620, 577, 553, 582, 573, 656, 666, 631, 601, 600, 650, 603, 609, 688, 616, 593, 577, 608, 664, 654, 571, 562, 605, 670, 658, 703, 613, 632, 644, 583, 687, 707, 640, 680, 656, 624, 537, 558, 696, 603, 604, 547, 566, 598, 517, 527, 525, 534, 606, 569, 582, 562, 493, 627, 577, 499, 605, 594, 610, 518, 570, 651, 609, 576, 558, 670, 560, 555, 679, 696, 571, 560, 656, 731, 624, 683, 739, 744, 695, 669, 739, 651, 677, 641, 620, 597, 642, 682, 637, 614, 685, 654, 644, 584, 594, 692, 635, 635, 661, 633, 615, 633, 594, 710, 730, 802, 736, 610, 700, 773, 707, 595, 741, 710, 584, 563, 768, 767, 624, 535, 673, 599, 532, 577, 755, 687, 594, 575, 619, 591, 494, 616, 697, 647, 561, 576, 625, 518, 491, 656, 807, 668, 579, 574, 578, 419, 523, 581, 655, 622, 580, 615, 528, 486, 647, 678, 634, 629, 611, 584, 500, 569, 578, 533, 632, 611, 601, 565, 485, 568, 529, 531, 603, 515, 506, 595, 541, 532, 599, 572, 578, 534, 534, 651, 599, 612, 607, 629, 685, 593, 555, 617, 659, 612, 711, 696, 708, 591, 587, 629, 622, 630, 747, 660, 545, 694, 706, 613, 585, 616, 692, 596, 499, 548, 568, 616, 572, 633, 576, 543, 582, 557, 627, 615, 635, 634, 590, 644, 569, 557, 682, 679, 652, 651, 657, 688, 575, 677, 792, 751, 687, 569, 626, 664, 646, 612, 580, 646, 620, 590, 609, 635, 700, 629, 545, 613, 620, 627, 615, 574, 556, 586, 618, 655, 631, 599, 525, 625, 612, 554, 539, 648, 660, 505, 530, 674, 644, 518, 483, 534, 578, 614, 632, 623, 623, 622, 574, 574, 544, 621, 549, 561, 635, 606, 599, 540, 599, 535, 453, 677, 682, 543, 636, 605, 545, 521, 573, 637, 677, 599, 636, 641, 484, 625, 596, 699, 712, 635, 626, 606, 521, 618, 649, 646, 563, 536, 623, 542, 508, 631, 707, 687, 585, 591, 559, 619, 696, 648, 608, 540, 605, 690, 617, 532, 557, 773, 791, 697, 754, 738, 881, 874, 672, 757, 712, 802, 762, 843, 977, 896, 722, 848, 734, 908, 901, 1016, 1107, 934, 828, 1065, 852, 904, 1083, 1097, 999, 962, 996, 982, 814, 843, 1003, 916, 813, 963, 963, 598, 619, 656, 675, 589, 677, 708, 631, 545, 645, 685, 542, 593, 709, 622, 495, 564, 512, 602, 601, 632, 697, 590, 462, 417, 486, 490, 590, 564, 563, 589, 427, 463, 548, 594, 495, 475, 591, 607, 518, 546, 591, 623, 631, 569, 578, 621, 568, 581, 606, 603, 615, 481, 597, 617, 494, 468, 506, 564, 606, 546, 619, 665, 508, 466, 474, 479, 539, 519, 520, 563, 542, 478, 504, 431, 414, 396, 540, 543, 435]"
0.6287776231765747,0.14584574103355408,-0.051305294036865234,0.2826698422431946,0.02390151470899582,-0.43379098176956177,0.4280852973461151,-0.28753066062927246,1.1810302734375,16.75,-0.23646140098571777,1.0528564453125,24.0,0.0373384952545166,0.3387451171875,15.25,0.0808260440826416,0.2293109893798828,21.25,0.11201119422912598,0.4058361053466797,25.0,"[574, 603, 584, 580, 560, 577, 581, 597, 458, 518, 621, 653, 557, 512, 535, 513, 506, 521, 575, 531, 502, 565, 608, 537, 509, 555, 531, 529, 544, 556, 532, 492, 469, 473, 495, 464, 444, 462, 493, 488, 449, 474, 485, 431, 464, 527, 573, 540, 534, 542, 497, 564, 641, 625, 562, 567, 522, 438, 494, 588, 563, 559, 620, 586, 454, 464, 501, 502, 492, 495, 486, 427, 468, 484, 572, 558, 563, 531, 494, 480, 495, 522, 560, 557, 583, 474, 474, 586, 471, 495, 631, 589, 504, 446, 524, 564, 524, 503, 525, 481, 509, 514, 472, 498, 596, 575, 594, 550, 513, 558, 567, 599, 603, 571, 601, 605, 580, 567, 531, 559, 611, 605, 534, 532, 542, 555, 545, 514, 545, 568, 617, 560, 569, 580, 532, 522, 569, 605, 606, 522, 554, 572, 567, 564, 476, 498, 442, 546, 547, 438, 466, 508, 411, 522, 542, 508, 550, 486, 507, 460, 448, 426, 469, 585, 557, 482, 519, 495, 462, 471, 497, 538, 446, 409, 521, 495, 561, 502, 464, 538, 467, 410, 472, 440, 636, 570, 502, 616, 568, 549, 556, 565, 574, 647, 549, 522, 464, 487, 546, 454, 569, 616, 518, 597, 544, 514, 552, 533, 571, 639, 633, 641, 691, 594, 592, 571, 522, 671, 692, 629, 607, 587, 595, 536, 556, 585, 614, 594, 593, 663, 685, 590, 555, 672, 584, 502, 583, 710, 680, 570, 651, 661, 586, 524, 648, 771, 738, 640, 705, 758, 556, 452, 582, 709, 638, 540, 944, 1231, 1003, 580, 621, 711, 807, 716, 1055, 1274, 1053, 688, 734, 860, 941, 798, 705, 726, 626, 646, 692, 639, 668, 533, 539, 528, 464, 490, 503, 423, 478, 541, 557, 613, 535, 440, 544, 548, 516, 541, 534, 604, 597, 506, 556, 601, 566, 568, 511, 494, 596, 613, 548, 622, 631, 575, 463, 444, 529, 625, 545, 481, 549, 491, 458, 500, 559, 555, 488, 553, 582, 504, 511, 547, 547, 556, 573, 514, 552, 595, 600, 715, 679, 620, 574, 561, 675, 661, 639, 663, 692, 651, 610, 626, 704, 641, 600, 604, 588, 560, 540, 547, 615, 584, 687, 655, 525, 554, 637, 636, 597, 580, 622, 572, 419, 584, 648, 571, 570, 571, 687, 660, 901, 947, 744, 696, 1203, 1176, 1683, 1055, 2278, 2104, 1341, 1052, 2876, 3264, 3149, 2648, 5128, 3917, 1805, 1956, 5789, 6666, 3824, 5845, 9284, 6090, 1606, 4088, 9859, 10302, 3065, 6072, 9152, 5827, 1286, 4474, 9619, 9499, 1346, 3426, 4823, 3056, 818, 2565, 4738, 4325, 908, 1429, 1782, 1130, 818, 1129, 1559, 1447, 850, 741, 953, 847, 754, 862, 1073, 1096, 732, 690, 835, 806, 716, 651, 1043, 1083, 612, 820, 829, 564, 757, 713, 632, 652, 736, 971, 894, 582, 951, 799, 719, 866, 684, 733, 767, 650, 791, 653, 762, 813, 657, 647, 576, 608, 620, 628, 723, 717, 712, 785, 738, 630, 548, 594, 722, 681, 768, 779, 717, 664, 589, 563, 716, 729, 676, 735, 697, 622, 530, 565, 689, 609, 622, 742, 619, 564, 558, 579, 618, 533, 668, 741, 632, 658, 641, 540, 588, 588, 792, 809, 673, 679, 649, 644, 603, 601, 680, 741, 679, 621, 645, 633, 543, 608, 751, 834, 619, 642, 773, 754, 713, 624, 1375, 1573, 1222, 1038, 875, 1003, 1194, 938, 1750, 2328, 1787, 995, 984, 1236, 1462, 1033, 1276, 2111, 1802, 746, 727, 949, 1230, 788, 619, 1142, 1141, 692, 629, 704, 793, 650, 578, 655, 622, 578, 565, 579, 623, 585, 695, 694, 642, 615, 667, 699, 666, 633, 678, 723, 840, 733, 725, 817, 639, 610, 942, 711, 784, 683, 748, 964, 591, 745, 775, 615, 631, 598, 666, 703, 615, 711, 512, 541, 647, 531, 529, 535, 639, 657, 585, 647, 656, 596, 570, 572, 629, 628, 696, 712, 712, 595, 634, 660, 605, 695, 656, 737, 749, 626, 662, 729, 658, 637, 634, 723, 691, 600, 641, 713, 631, 606, 673, 706, 648, 528, 567, 621, 501, 463, 629, 695, 680, 597, 560, 592, 547, 559, 568, 515, 601, 652, 627, 573, 553, 622, 658, 553, 694, 673, 646, 598, 656, 747, 699, 653, 706, 653, 624, 641, 711, 788, 648, 627, 715, 659, 607, 627, 624, 703, 659, 645, 649, 636, 699, 605, 558, 613, 737, 699, 590, 597, 678, 651, 647, 719, 593, 637, 606, 561, 518, 548, 571, 627, 505, 558, 591, 532, 551, 563, 545, 541, 545, 566, 538, 513, 565, 593, 507, 512, 553, 613, 596, 531, 508, 549, 505, 452, 530, 587, 546, 479, 503, 578, 574, 511, 473, 509, 562, 513, 517, 559, 600, 611, 492, 478, 566, 662, 539, 521, 575, 546, 536, 490, 567, 572, 495, 569, 595, 565, 479, 505, 589, 551, 553, 610, 597, 546, 461, 564, 655, 544, 532, 615, 607, 586, 576, 636, 720, 578, 544, 614, 558, 600, 634, 624, 749, 652, 569, 594, 586, 591, 611, 593, 619, 582, 550, 607, 529, 563, 588, 607, 630, 628, 549, 627, 530, 550, 572, 575, 548, 559, 503, 551, 618, 619, 578, 557, 568, 564, 479, 569, 663, 592, 496, 583, 609, 559, 469, 503, 615, 538, 496, 715, 651, 597, 577, 566, 603, 510, 643, 691, 547, 622, 659, 584, 583, 586, 616, 639, 622, 682, 597, 604, 702, 690, 533, 619, 701, 580, 572, 602, 823, 765, 553, 678, 736, 698, 616, 613, 750, 707, 582, 602, 578, 576, 612, 628, 566, 606, 497, 590, 590, 499, 583, 619, 567, 493, 487, 514, 530, 418, 511, 552, 531, 530, 492, 530, 505, 529, 525, 543, 567, 547, 514, 560, 542, 526, 528, 528, 606, 597, 586, 631, 627, 588, 561, 564, 636, 650, 574, 614, 735, 742, 653, 583, 747, 712, 505, 495, 648, 680, 544, 447, 612, 622, 535, 448, 462, 534, 557, 465, 437, 532, 467, 524, 483, 413, 545, 545, 483, 511, 463, 518, 469, 428, 477, 506, 509, 470, 513, 516, 468, 537, 515, 404, 440, 490, 470, 394, 372, 466, 489, 459, 389, 437, 467, 502, 502, 438, 451, 408, 436, 502, 499, 604, 493, 363, 347, 398, 466, 395, 489, 626, 577, 405, 407, 469, 528, 412]"
0.6884500980377197,0.09308753907680511,-0.2522793412208557,0.3735167980194092,-0.12120374292135239,-0.7134085893630981,0.4409908950328827,-0.16560649871826172,1.1270999908447266,18.25,0.05769634246826172,0.6852149963378906,20.5,0.20117664337158203,0.2300262451171875,20.5,0.20246410369873047,0.5577564239501953,18.75,0.20432376861572266,0.6229877471923828,22.0,"[511, 477, 534, 575, 549, 572, 535, 481, 543, 556, 507, 545, 651, 649, 573, 508, 520, 565, 477, 418, 563, 646, 484, 360, 573, 533, 404, 485, 563, 569, 479, 434, 436, 461, 453, 492, 459, 408, 419, 418, 420, 445, 509, 498, 475, 500, 511, 495, 465, 428, 503, 498, 453, 530, 535, 494, 516, 542, 491, 528, 574, 573, 558, 445, 534, 497, 472, 571, 575, 513, 541, 549, 546, 511, 545, 612, 598, 590, 547, 534, 516, 570, 593, 550, 551, 557, 510, 515, 513, 566, 564, 465, 505, 505, 439, 476, 482, 546, 508, 476, 494, 543, 455, 425, 523, 517, 528, 516, 530, 594, 548, 506, 568, 488, 564, 581, 528, 462, 488, 590, 535, 512, 567, 539, 514, 500, 482, 524, 542, 481, 449, 521, 531, 479, 442, 536, 512, 481, 471, 493, 501, 495, 412, 464, 645, 546, 595, 630, 608, 478, 509, 633, 685, 560, 506, 591, 543, 520, 497, 661, 657, 533, 505, 488, 565, 509, 502, 645, 537, 555, 536, 577, 627, 516, 501, 596, 572, 514, 552, 569, 603, 521, 498, 593, 563, 615, 552, 594, 583, 539, 607, 573, 548, 613, 516, 578, 605, 604, 604, 572, 767, 900, 682, 562, 659, 673, 652, 618, 720, 977, 865, 586, 577, 633, 735, 624, 624, 799, 754, 607, 559, 646, 738, 619, 615, 594, 596, 565, 584, 590, 551, 554, 669, 767, 696, 658, 600, 543, 572, 504, 673, 654, 604, 664, 578, 649, 745, 647, 769, 831, 673, 603, 616, 1056, 1120, 763, 887, 976, 780, 644, 776, 1262, 1244, 841, 845, 921, 773, 608, 667, 1065, 1098, 755, 640, 611, 552, 562, 571, 604, 604, 516, 515, 514, 592, 601, 520, 478, 510, 549, 481, 530, 508, 463, 486, 491, 493, 502, 628, 490, 539, 597, 595, 542, 535, 647, 621, 591, 534, 580, 524, 487, 475, 586, 664, 676, 516, 561, 624, 544, 532, 534, 604, 581, 552, 558, 576, 514, 477, 538, 582, 588, 558, 571, 578, 575, 599, 535, 643, 609, 527, 591, 665, 627, 612, 601, 618, 598, 536, 636, 663, 572, 545, 572, 503, 602, 524, 592, 721, 639, 611, 550, 477, 480, 574, 648, 607, 513, 556, 596, 540, 652, 743, 681, 621, 549, 632, 648, 747, 717, 816, 808, 654, 619, 664, 769, 1203, 1756, 2241, 1498, 729, 1366, 2358, 2290, 1990, 3527, 5014, 3091, 1151, 2588, 5857, 5820, 2047, 3171, 4939, 3101, 1193, 2267, 5695, 5920, 1665, 1771, 2839, 2023, 1126, 1389, 3340, 3695, 1513, 1184, 1484, 1201, 990, 932, 1788, 2105, 2593, 1969, 3026, 2277, 1709, 2024, 5295, 5618, 3112, 2977, 4642, 2816, 1848, 2944, 7548, 7795, 1893, 1980, 3157, 1964, 1077, 1749, 4567, 4778, 795, 901, 1122, 743, 558, 660, 1294, 1374, 627, 753, 762, 512, 647, 676, 704, 685, 549, 571, 723, 644, 615, 588, 787, 800, 651, 578, 655, 611, 626, 543, 688, 762, 587, 535, 632, 647, 576, 579, 618, 655, 672, 615, 704, 739, 637, 520, 553, 616, 598, 557, 584, 687, 623, 461, 522, 603, 633, 608, 531, 634, 604, 577, 521, 542, 621, 593, 576, 638, 693, 544, 518, 597, 621, 557, 589, 635, 733, 628, 545, 575, 585, 582, 602, 550, 559, 613, 570, 550, 588, 559, 641, 619, 601, 707, 685, 601, 1108, 1414, 1197, 791, 941, 1015, 789, 763, 1665, 2372, 2040, 1129, 1137, 1189, 993, 1000, 1080, 1499, 1352, 961, 808, 906, 989, 884, 811, 790, 711, 635, 581, 726, 760, 722, 644, 701, 715, 638, 580, 602, 681, 623, 615, 657, 718, 641, 584, 593, 552, 567, 750, 719, 629, 617, 696, 759, 593, 682, 842, 830, 932, 805, 746, 852, 667, 784, 777, 720, 804, 705, 618, 701, 649, 706, 633, 717, 665, 538, 570, 576, 676, 654, 605, 619, 535, 550, 632, 625, 610, 619, 612, 627, 562, 553, 566, 512, 607, 681, 674, 623, 591, 592, 578, 584, 635, 647, 666, 690, 628, 664, 688, 691, 693, 602, 727, 839, 787, 633, 599, 644, 801, 785, 748, 859, 878, 740, 620, 658, 669, 650, 629, 695, 733, 642, 522, 542, 562, 605, 600, 514, 584, 650, 612, 551, 589, 611, 660, 632, 657, 604, 591, 542, 625, 667, 591, 631, 622, 640, 611, 578, 634, 580, 529, 530, 527, 591, 543, 559, 585, 508, 605, 542, 617, 652, 553, 509, 556, 579, 546, 571, 614, 585, 527, 520, 530, 517, 465, 494, 538, 590, 540, 500, 531, 521, 526, 600, 593, 576, 585, 549, 561, 550, 458, 620, 655, 490, 548, 620, 566, 550, 480, 524, 496, 457, 524, 646, 645, 579, 581, 468, 574, 568, 568, 607, 643, 709, 599, 531, 596, 641, 635, 609, 651, 668, 632, 605, 646, 661, 581, 583, 685, 679, 528, 569, 657, 616, 577, 553, 615, 544, 575, 487, 599, 640, 608, 469, 541, 592, 459, 528, 636, 584, 529, 477, 567, 505, 416, 537, 655, 635, 528, 588, 668, 549, 532, 573, 519, 562, 603, 610, 588, 525, 652, 608, 528, 620, 754, 681, 617, 602, 659, 549, 504, 563, 680, 648, 627, 677, 665, 607, 563, 593, 738, 757, 704, 710, 541, 587, 593, 610, 652, 573, 581, 522, 613, 552, 623, 601, 576, 562, 608, 679, 588, 662, 775, 718, 541, 587, 776, 770, 500, 835, 1067, 878, 644, 818, 1060, 911, 551, 826, 1026, 817, 622, 747, 878, 809, 573, 707, 708, 640, 608, 596, 647, 656, 530, 560, 615, 612, 528, 491, 588, 591, 621, 634, 666, 624, 526, 554, 709, 737, 545, 652, 740, 583, 562, 571, 742, 765, 541, 596, 601, 543, 619, 653, 632, 602, 526, 600, 566, 602, 589, 668, 678, 575, 505, 617, 589, 557, 544, 639, 709, 583, 537, 655, 592, 439, 462, 494, 536, 507, 530, 552, 511, 466, 469, 482, 513, 518, 510, 445, 431, 514, 516, 516, 516, 534, 436, 442, 514, 569, 549, 518, 544, 492, 466, 555, 561, 493, 513, 554, 574, 514, 439, 467, 572, 517, 483, 432, 503, 514, 408, 453, 409, 398, 408, 444, 424, 339, 565, 691, 539, 415, 468, 533, 582, 466, 534, 686, 657, 470, 400, 489, 520, 460, 511, 639, 613, 484, 406, 490, 540, 442]"
0.6192727088928223,-0.030981414020061493,-0.07082396745681763,0.14590245485305786,-0.2959412932395935,-0.37115854024887085,0.10110422968864441,-1.2388832569122314,2.2184371948242188,21.0,-0.10863614082336426,0.6181240081787109,15.25,0.03298449516296387,0.6269931793212891,19.0,0.14470744132995605,0.6739139556884766,27.75,0.15929865837097168,0.6068229675292969,24.5,"[565, 597, 690, 619, 536, 620, 692, 608, 611, 673, 653, 679, 576, 623, 742, 627, 539, 606, 631, 598, 510, 579, 644, 549, 473, 502, 511, 501, 436, 447, 494, 497, 422, 513, 437, 439, 408, 475, 474, 390, 436, 546, 536, 426, 439, 539, 478, 415, 438, 544, 566, 508, 479, 521, 522, 479, 472, 457, 530, 492, 502, 556, 564, 526, 456, 466, 459, 457, 522, 503, 535, 499, 506, 506, 508, 481, 552, 554, 550, 603, 530, 494, 512, 476, 492, 516, 445, 523, 508, 513, 536, 505, 546, 466, 493, 592, 641, 509, 539, 560, 500, 459, 559, 688, 593, 599, 611, 589, 549, 533, 574, 575, 555, 620, 624, 554, 621, 665, 522, 521, 527, 490, 617, 637, 597, 645, 576, 582, 491, 455, 487, 576, 549, 549, 551, 508, 597, 578, 569, 600, 581, 584, 514, 531, 529, 606, 576, 552, 603, 592, 579, 565, 457, 574, 534, 543, 620, 623, 564, 540, 506, 491, 507, 478, 583, 634, 515, 521, 531, 526, 584, 614, 560, 526, 579, 517, 549, 596, 652, 592, 522, 539, 552, 487, 569, 590, 628, 622, 599, 573, 491, 543, 551, 607, 571, 574, 596, 572, 490, 463, 681, 854, 758, 584, 597, 704, 642, 539, 674, 899, 829, 580, 590, 733, 705, 520, 550, 585, 523, 458, 567, 576, 525, 488, 569, 565, 593, 540, 588, 545, 462, 579, 595, 705, 684, 545, 582, 610, 625, 610, 616, 755, 688, 574, 597, 599, 609, 552, 661, 801, 716, 592, 633, 670, 656, 542, 760, 918, 696, 541, 695, 855, 738, 493, 770, 782, 694, 583, 700, 1007, 848, 614, 639, 681, 690, 647, 595, 791, 755, 579, 602, 600, 642, 567, 562, 617, 600, 622, 559, 512, 546, 526, 459, 575, 512, 524, 661, 548, 512, 550, 561, 639, 571, 624, 662, 685, 597, 516, 637, 605, 572, 639, 584, 631, 554, 551, 584, 605, 592, 579, 566, 579, 594, 619, 665, 652, 534, 567, 619, 676, 636, 548, 652, 644, 702, 665, 586, 689, 683, 630, 533, 546, 664, 654, 531, 663, 699, 580, 502, 524, 630, 587, 521, 541, 593, 567, 523, 542, 543, 547, 479, 524, 675, 588, 513, 680, 642, 521, 481, 636, 657, 634, 574, 767, 797, 630, 870, 795, 1137, 1194, 910, 745, 1439, 1518, 1931, 1730, 2725, 2723, 1786, 1341, 3013, 3497, 2159, 3793, 5502, 3978, 1783, 2574, 5381, 5250, 1849, 4263, 5840, 3725, 1111, 2864, 5768, 5514, 2016, 3187, 4797, 3135, 1164, 2770, 5935, 5877, 3790, 4676, 6862, 4178, 2126, 5404, 11579, 11021, 4818, 6595, 9438, 5531, 2972, 7222, 16034, 15227, 3399, 5240, 7193, 4350, 2216, 5464, 12075, 11316, 1374, 2110, 2653, 1805, 928, 2344, 4736, 4245, 818, 863, 844, 770, 732, 1115, 1421, 1183, 686, 738, 627, 626, 625, 774, 874, 739, 645, 810, 727, 631, 586, 691, 816, 730, 629, 675, 709, 640, 553, 579, 705, 734, 497, 647, 673, 559, 551, 658, 705, 606, 503, 607, 669, 607, 607, 597, 678, 662, 566, 505, 636, 666, 599, 596, 592, 628, 602, 586, 618, 607, 601, 561, 547, 631, 549, 507, 613, 617, 576, 517, 553, 641, 577, 532, 575, 637, 710, 637, 631, 701, 656, 720, 799, 568, 582, 666, 732, 777, 1333, 2966, 3477, 2170, 1068, 1282, 1909, 1930, 3240, 7052, 7981, 4724, 2035, 2577, 3940, 3588, 3381, 7055, 7457, 4069, 1898, 2651, 3815, 3145, 1565, 3194, 3423, 1806, 981, 1480, 1884, 1539, 693, 1156, 1161, 818, 715, 933, 1007, 742, 616, 718, 712, 699, 669, 696, 681, 652, 620, 841, 967, 815, 657, 640, 929, 879, 792, 943, 1223, 1153, 807, 730, 1169, 1107, 883, 729, 970, 1049, 800, 575, 829, 957, 709, 579, 753, 834, 781, 585, 639, 756, 742, 784, 793, 689, 744, 801, 640, 688, 696, 725, 723, 637, 679, 685, 615, 615, 715, 664, 593, 573, 581, 530, 641, 726, 760, 657, 677, 572, 627, 525, 650, 822, 753, 668, 702, 670, 670, 527, 667, 851, 684, 650, 640, 630, 576, 521, 626, 710, 783, 757, 629, 609, 670, 651, 657, 629, 759, 650, 620, 613, 598, 588, 635, 726, 722, 646, 643, 627, 628, 647, 658, 672, 679, 652, 605, 566, 571, 679, 617, 566, 719, 619, 614, 635, 661, 601, 633, 731, 717, 568, 454, 516, 578, 496, 535, 680, 559, 557, 555, 468, 468, 524, 556, 582, 563, 569, 574, 482, 497, 539, 521, 535, 598, 604, 663, 586, 544, 480, 462, 556, 581, 547, 607, 539, 525, 521, 550, 612, 695, 648, 584, 522, 600, 695, 625, 627, 667, 630, 639, 606, 584, 581, 668, 650, 560, 498, 579, 589, 549, 567, 659, 669, 536, 549, 602, 496, 462, 553, 658, 633, 649, 533, 545, 525, 562, 581, 561, 634, 623, 560, 491, 564, 612, 649, 608, 612, 634, 547, 424, 562, 692, 587, 548, 583, 609, 457, 390, 528, 681, 594, 495, 546, 528, 455, 473, 585, 562, 562, 563, 528, 603, 552, 512, 588, 600, 564, 568, 587, 523, 561, 597, 705, 679, 574, 665, 603, 533, 524, 650, 705, 558, 527, 653, 606, 667, 678, 732, 666, 620, 648, 618, 612, 565, 569, 685, 652, 615, 569, 501, 588, 568, 626, 715, 667, 625, 558, 659, 725, 667, 1069, 1305, 954, 653, 793, 1258, 1186, 607, 1481, 1797, 1167, 684, 1038, 1645, 1461, 715, 1309, 1297, 792, 541, 868, 1239, 1002, 715, 877, 731, 598, 613, 682, 742, 680, 744, 620, 845, 720, 629, 550, 885, 1072, 706, 678, 796, 656, 619, 589, 884, 990, 610, 556, 588, 582, 592, 671, 670, 699, 661, 640, 564, 516, 635, 721, 648, 654, 582, 557, 619, 643, 581, 606, 706, 699, 547, 531, 648, 695, 612, 577, 765, 745, 482, 529, 619, 656, 521, 550, 768, 686, 462, 467, 491, 538, 461, 446, 567, 549, 434, 410, 466, 507, 489, 408, 512, 573, 373, 423, 474, 405, 451, 475, 496, 468, 435, 481, 484, 496, 400, 440, 530, 432, 426, 521, 513, 441, 375, 468, 584, 460, 482, 549, 581, 514, 415, 473, 600, 537, 510, 551, 658, 530, 411, 505, 573, 575, 418, 450, 511, 486, 416, 432, 431, 422, 386, 450, 394, 390, 418, 376, 334, 346]"
0.5466169118881226,-0.1777629256248474,0.021624818444252014,-0.0881875604391098,-0.5484355688095093,-0.2586410641670227,-0.25109046697616577,0.07252228260040283,0.3516197204589844,17.75,0.07638466358184814,0.7304191589355469,23.75,0.10113251209259033,0.6606101989746094,26.0,0.13603699207305908,0.4763603210449219,23.5,0.19883644580841064,0.49495697021484375,21.5,"[606, 594, 553, 557, 604, 558, 552, 597, 560, 676, 634, 737, 688, 625, 592, 507, 519, 558, 544, 560, 614, 595, 566, 528, 400, 397, 438, 453, 509, 534, 527, 455, 401, 423, 408, 444, 461, 491, 471, 446, 458, 455, 479, 559, 511, 515, 583, 513, 483, 499, 499, 581, 536, 554, 618, 567, 490, 533, 551, 553, 579, 631, 636, 532, 437, 523, 516, 519, 451, 460, 483, 460, 500, 554, 537, 467, 576, 538, 484, 571, 481, 482, 523, 516, 522, 477, 513, 557, 527, 480, 435, 534, 533, 512, 577, 578, 540, 572, 542, 582, 525, 548, 644, 556, 538, 608, 506, 496, 523, 624, 577, 476, 571, 539, 575, 580, 538, 485, 508, 580, 567, 542, 545, 465, 491, 557, 563, 592, 456, 538, 557, 521, 618, 531, 531, 563, 482, 570, 612, 613, 580, 503, 572, 575, 583, 589, 565, 571, 555, 611, 562, 524, 550, 580, 598, 542, 522, 563, 533, 514, 424, 541, 571, 476, 453, 583, 572, 536, 519, 631, 686, 550, 479, 609, 561, 490, 555, 649, 640, 532, 495, 563, 573, 554, 540, 505, 510, 492, 550, 577, 528, 573, 580, 554, 527, 555, 567, 563, 483, 519, 693, 776, 694, 689, 727, 691, 677, 622, 737, 984, 957, 766, 755, 818, 811, 679, 633, 853, 823, 731, 677, 674, 713, 602, 512, 572, 539, 504, 553, 497, 553, 515, 613, 628, 598, 529, 528, 555, 530, 570, 656, 755, 671, 552, 593, 612, 624, 556, 680, 717, 574, 533, 574, 645, 634, 565, 594, 576, 459, 506, 543, 588, 606, 538, 671, 712, 579, 496, 645, 745, 684, 572, 567, 581, 633, 609, 685, 783, 750, 634, 494, 547, 590, 542, 471, 550, 592, 520, 507, 492, 517, 593, 524, 518, 524, 488, 497, 502, 537, 483, 477, 615, 570, 483, 501, 538, 519, 519, 559, 647, 576, 460, 491, 436, 453, 498, 582, 544, 488, 533, 535, 524, 582, 588, 511, 509, 537, 552, 482, 536, 585, 570, 435, 506, 614, 533, 629, 605, 566, 590, 557, 608, 632, 610, 677, 671, 661, 676, 589, 546, 592, 621, 582, 636, 643, 660, 579, 511, 633, 659, 536, 613, 634, 596, 618, 649, 689, 698, 568, 667, 706, 637, 651, 710, 804, 694, 1311, 978, 1531, 1406, 1040, 1286, 2607, 2662, 2940, 1183, 2782, 2892, 2105, 1539, 4773, 5522, 1561, 838, 1507, 1739, 1238, 869, 1976, 2399, 2489, 2672, 4173, 3167, 1594, 2227, 4340, 4548, 3755, 5306, 7337, 5802, 2293, 4840, 9359, 8863, 3855, 6187, 8049, 6498, 2490, 6371, 12250, 11092, 2982, 4049, 5553, 4646, 2122, 4520, 9110, 8405, 2277, 3045, 3997, 2831, 1471, 3349, 7077, 6585, 1135, 2193, 2470, 1518, 854, 2220, 3981, 3348, 707, 1000, 1038, 758, 626, 995, 1384, 1156, 617, 608, 594, 527, 604, 733, 768, 732, 579, 646, 618, 581, 588, 626, 697, 634, 627, 706, 700, 599, 638, 673, 591, 585, 569, 587, 621, 548, 594, 599, 534, 562, 588, 731, 706, 502, 562, 604, 618, 612, 628, 671, 662, 490, 479, 547, 576, 617, 601, 537, 601, 592, 550, 612, 571, 633, 618, 543, 599, 586, 538, 599, 590, 571, 552, 630, 650, 574, 565, 620, 595, 536, 631, 724, 597, 612, 562, 602, 646, 495, 756, 1094, 1275, 935, 687, 884, 822, 804, 974, 2323, 2851, 1633, 834, 1372, 1290, 1273, 966, 2684, 3267, 1874, 695, 1387, 1431, 1299, 867, 1642, 1856, 1217, 611, 875, 939, 824, 688, 776, 851, 797, 681, 573, 602, 609, 735, 802, 825, 732, 636, 601, 665, 747, 1159, 1162, 988, 1019, 1003, 925, 810, 999, 1345, 1496, 1279, 1255, 1143, 1064, 899, 1054, 1064, 1214, 976, 878, 891, 820, 687, 815, 741, 785, 699, 700, 655, 630, 656, 751, 673, 616, 656, 757, 631, 646, 686, 707, 506, 605, 654, 608, 526, 596, 678, 674, 591, 583, 594, 530, 568, 620, 536, 593, 474, 543, 720, 558, 486, 592, 627, 572, 529, 766, 877, 689, 599, 749, 747, 650, 596, 588, 682, 666, 644, 651, 594, 630, 617, 502, 624, 687, 643, 685, 574, 621, 615, 551, 514, 588, 684, 713, 626, 614, 658, 666, 593, 556, 655, 708, 706, 691, 715, 617, 598, 550, 540, 599, 633, 720, 685, 686, 620, 545, 518, 569, 658, 660, 565, 601, 544, 567, 560, 560, 640, 572, 594, 486, 461, 605, 661, 568, 591, 675, 576, 560, 635, 640, 632, 579, 603, 629, 592, 546, 609, 589, 510, 578, 612, 612, 694, 551, 509, 510, 547, 562, 545, 653, 770, 674, 609, 624, 612, 626, 594, 668, 615, 569, 578, 577, 574, 625, 613, 554, 607, 566, 594, 647, 647, 619, 596, 595, 578, 543, 604, 682, 620, 582, 587, 588, 566, 533, 578, 647, 626, 465, 557, 642, 509, 586, 613, 634, 552, 490, 577, 521, 536, 621, 626, 618, 544, 585, 620, 550, 519, 485, 538, 550, 531, 564, 551, 532, 539, 499, 581, 558, 609, 580, 550, 586, 501, 488, 551, 595, 631, 665, 588, 576, 598, 593, 576, 614, 620, 672, 691, 546, 605, 639, 513, 606, 676, 588, 538, 439, 670, 578, 599, 641, 650, 579, 606, 682, 703, 593, 601, 638, 612, 553, 703, 773, 602, 553, 559, 657, 635, 504, 606, 635, 520, 718, 770, 617, 569, 549, 678, 699, 571, 1057, 1249, 817, 590, 805, 1276, 1199, 643, 1153, 1332, 848, 612, 992, 1474, 1327, 629, 1036, 1079, 713, 632, 875, 1104, 956, 507, 796, 830, 662, 672, 715, 807, 747, 538, 612, 709, 670, 581, 572, 709, 724, 465, 723, 693, 567, 514, 617, 768, 615, 469, 636, 599, 525, 584, 663, 721, 562, 497, 593, 529, 532, 595, 613, 663, 528, 593, 645, 700, 557, 459, 559, 689, 730, 554, 615, 711, 570, 479, 461, 550, 651, 479, 549, 521, 454, 482, 504, 493, 432, 382, 459, 484, 487, 396, 422, 463, 382, 518, 481, 510, 490, 476, 483, 460, 527, 479, 466, 462, 395, 428, 432, 454, 481, 435, 437, 461, 388, 386, 435, 441, 480, 316, 402, 524, 381, 321, 448, 469, 400, 404, 448, 469, 427, 353, 364, 343, 401, 461, 531, 506, 442, 394, 439, 448, 421, 458, 475, 482, 408, 381, 435, 417, 392]"
0.5267237424850464,-0.3100544810295105,0.03797446936368942,-0.14822450280189514,-0.7049962282180786,-0.23819606006145477,-0.3157477378845215,-0.3683919906616211,0.8927822113037109,19.5,-0.20416927337646484,0.6770610809326172,19.5,0.13786602020263672,0.4767894744873047,20.75,0.20324039459228516,0.49195289611816406,15.25,0.21268177032470703,0.36334991455078125,22.25,"[462, 492, 555, 506, 447, 507, 558, 490, 519, 558, 551, 606, 555, 572, 574, 526, 549, 542, 491, 511, 542, 509, 521, 530, 500, 531, 499, 476, 471, 500, 540, 515, 498, 420, 519, 534, 430, 415, 525, 575, 572, 517, 567, 545, 465, 539, 547, 551, 538, 649, 531, 443, 464, 613, 601, 469, 504, 559, 501, 497, 491, 516, 495, 445, 393, 413, 480, 493, 441, 420, 426, 439, 533, 389, 446, 573, 500, 411, 462, 542, 563, 534, 496, 587, 565, 470, 544, 546, 574, 550, 604, 571, 511, 491, 573, 624, 495, 501, 510, 498, 466, 530, 597, 522, 529, 461, 497, 583, 467, 462, 572, 579, 544, 485, 545, 563, 558, 528, 542, 610, 525, 451, 546, 536, 471, 463, 516, 561, 461, 469, 533, 555, 495, 471, 541, 551, 483, 478, 479, 491, 415, 430, 457, 500, 469, 542, 506, 447, 554, 568, 501, 482, 523, 511, 457, 494, 619, 597, 538, 604, 518, 516, 498, 538, 608, 524, 519, 621, 483, 607, 517, 449, 514, 603, 640, 481, 530, 533, 502, 563, 561, 558, 589, 550, 587, 560, 604, 595, 615, 598, 563, 600, 746, 843, 670, 568, 662, 725, 679, 574, 1182, 1509, 1079, 663, 851, 1092, 993, 553, 1043, 1434, 1041, 602, 849, 992, 980, 582, 786, 933, 747, 552, 660, 722, 693, 584, 622, 674, 691, 631, 554, 658, 664, 587, 640, 752, 745, 669, 626, 693, 714, 610, 551, 587, 525, 446, 534, 616, 587, 544, 635, 799, 691, 471, 548, 736, 702, 602, 582, 710, 722, 616, 550, 711, 775, 616, 580, 599, 668, 642, 568, 653, 656, 649, 569, 538, 538, 512, 534, 648, 610, 598, 568, 553, 539, 524, 533, 617, 528, 511, 650, 577, 508, 498, 511, 643, 526, 514, 656, 628, 531, 511, 508, 614, 532, 495, 712, 616, 577, 514, 454, 560, 473, 579, 646, 543, 558, 567, 595, 621, 596, 670, 618, 575, 580, 550, 608, 602, 654, 670, 609, 622, 583, 570, 570, 470, 464, 538, 567, 646, 651, 588, 553, 576, 619, 597, 567, 543, 601, 614, 595, 563, 573, 589, 520, 511, 456, 566, 586, 561, 505, 438, 625, 608, 596, 656, 639, 592, 695, 645, 710, 646, 836, 888, 716, 676, 1068, 1084, 1506, 1093, 1722, 1778, 1414, 1189, 2760, 3017, 2686, 1571, 2962, 2666, 2085, 1562, 4785, 5443, 2699, 1557, 3112, 2669, 2035, 1399, 4588, 5384, 1876, 1856, 3066, 2382, 1428, 1463, 3633, 4012, 1581, 4294, 5597, 3009, 980, 3571, 7044, 6385, 1916, 6487, 8055, 3802, 695, 5561, 10889, 9632, 1390, 4607, 5744, 2910, 615, 4124, 7863, 6890, 919, 1898, 2529, 1614, 650, 1928, 3509, 3084, 790, 1065, 1359, 1105, 605, 1111, 1932, 1734, 634, 794, 793, 709, 665, 756, 966, 828, 503, 611, 652, 564, 600, 702, 666, 509, 551, 654, 641, 518, 453, 596, 616, 562, 538, 533, 553, 537, 546, 567, 634, 620, 510, 492, 627, 565, 525, 601, 586, 534, 538, 573, 650, 563, 623, 583, 540, 586, 572, 693, 629, 604, 695, 661, 651, 493, 587, 598, 666, 647, 584, 682, 650, 597, 544, 486, 632, 637, 654, 660, 660, 679, 535, 528, 642, 579, 580, 591, 557, 605, 625, 661, 638, 564, 520, 600, 589, 582, 670, 898, 830, 643, 590, 667, 711, 585, 871, 1392, 1306, 848, 739, 932, 1055, 742, 936, 1423, 1333, 884, 729, 1024, 1093, 755, 823, 862, 757, 745, 739, 860, 797, 554, 552, 512, 596, 712, 615, 588, 626, 580, 639, 737, 651, 723, 856, 852, 735, 700, 1331, 1232, 1297, 1437, 1247, 906, 750, 1247, 1840, 1558, 1374, 1650, 1404, 1211, 673, 1454, 1572, 1257, 939, 1114, 1059, 1156, 740, 1026, 804, 711, 629, 620, 665, 786, 617, 564, 617, 658, 589, 561, 603, 659, 665, 626, 702, 684, 519, 567, 675, 669, 574, 645, 639, 648, 617, 575, 589, 534, 626, 621, 655, 568, 498, 566, 565, 445, 616, 715, 660, 603, 561, 552, 532, 564, 722, 738, 588, 591, 612, 681, 701, 680, 676, 607, 575, 633, 637, 684, 736, 686, 665, 611, 458, 512, 601, 596, 570, 565, 612, 518, 456, 531, 653, 624, 459, 523, 621, 551, 561, 607, 578, 603, 560, 661, 633, 439, 566, 617, 570, 591, 678, 683, 557, 470, 649, 605, 560, 558, 591, 616, 456, 553, 567, 571, 597, 618, 577, 607, 572, 590, 677, 618, 576, 583, 671, 666, 551, 540, 612, 515, 570, 572, 552, 629, 647, 653, 562, 585, 532, 543, 472, 509, 561, 561, 606, 551, 460, 519, 557, 500, 481, 519, 518, 477, 543, 552, 542, 517, 514, 518, 587, 584, 538, 508, 536, 615, 604, 560, 608, 495, 491, 650, 620, 553, 511, 574, 502, 446, 560, 587, 524, 571, 564, 519, 519, 544, 563, 547, 532, 578, 502, 478, 569, 532, 576, 582, 515, 439, 472, 552, 565, 542, 573, 524, 509, 450, 483, 586, 529, 497, 611, 576, 483, 510, 536, 531, 607, 554, 590, 638, 621, 529, 613, 692, 585, 515, 449, 589, 562, 528, 601, 621, 516, 575, 542, 523, 515, 583, 610, 523, 499, 567, 634, 559, 538, 549, 564, 507, 552, 658, 603, 500, 511, 568, 564, 519, 562, 640, 630, 578, 466, 588, 725, 661, 628, 682, 566, 530, 627, 652, 624, 573, 702, 640, 533, 568, 617, 506, 493, 582, 602, 561, 524, 548, 546, 468, 485, 546, 613, 590, 598, 624, 555, 562, 570, 577, 579, 661, 722, 616, 496, 613, 639, 539, 611, 727, 730, 621, 577, 623, 686, 623, 517, 524, 591, 574, 516, 466, 647, 670, 473, 527, 614, 531, 447, 442, 640, 663, 570, 559, 589, 506, 514, 590, 583, 598, 566, 485, 488, 506, 540, 502, 530, 568, 553, 467, 413, 511, 591, 562, 506, 578, 519, 396, 488, 554, 611, 529, 509, 550, 401, 428, 391, 388, 521, 503, 415, 410, 514, 489, 409, 466, 559, 609, 563, 513, 383, 395, 407, 419, 480, 462, 415, 404, 459, 414, 463, 439, 421, 422, 401, 481, 378, 437, 450, 393, 421, 379, 385, 381, 346, 362, 379, 384, 398, 405, 396, 362, 415, 436, 403, 368, 411, 457, 460, 446, 417, 386, 339, 322, 382, 405, 392, 441]"
0.4919535517692566,-0.39060816168785095,0.011033788323402405,-0.2369275689125061,-0.7563546895980835,-0.28418198227882385,-0.4063786268234253,-0.25004446506500244,0.7218360900878906,17.0,-0.16106665134429932,0.6175518035888672,25.25,-0.05320608615875244,0.7071018218994141,25.0,0.035771727561950684,0.6561756134033203,23.75,0.15035569667816162,0.6059646606445312,18.0,"[482, 464, 524, 547, 542, 547, 525, 464, 463, 578, 643, 606, 573, 541, 618, 534, 624, 665, 691, 624, 579, 601, 641, 631, 532, 561, 649, 568, 495, 555, 632, 576, 438, 455, 540, 584, 462, 444, 581, 540, 567, 542, 541, 540, 523, 483, 521, 545, 605, 539, 540, 532, 578, 492, 433, 539, 542, 549, 529, 541, 557, 497, 540, 530, 553, 537, 484, 503, 518, 476, 466, 509, 571, 580, 499, 421, 522, 549, 461, 546, 663, 533, 447, 547, 576, 527, 412, 548, 547, 564, 500, 550, 532, 497, 485, 469, 567, 567, 539, 512, 512, 532, 551, 559, 613, 515, 488, 606, 570, 547, 590, 638, 512, 511, 564, 527, 482, 474, 534, 513, 530, 593, 584, 482, 532, 571, 629, 610, 516, 488, 525, 457, 553, 598, 597, 589, 489, 464, 495, 477, 521, 525, 528, 527, 509, 536, 541, 562, 596, 609, 599, 565, 483, 599, 577, 487, 487, 580, 565, 445, 451, 563, 642, 520, 421, 578, 627, 556, 501, 538, 556, 496, 499, 592, 620, 601, 516, 491, 547, 561, 464, 557, 593, 602, 535, 509, 551, 515, 529, 515, 556, 559, 762, 993, 813, 505, 563, 620, 650, 527, 1083, 1500, 1147, 614, 795, 950, 991, 584, 885, 1214, 1001, 698, 649, 901, 1004, 636, 604, 701, 641, 521, 535, 654, 715, 622, 600, 715, 631, 532, 567, 651, 689, 589, 622, 737, 697, 628, 566, 733, 790, 617, 565, 640, 595, 566, 554, 625, 662, 592, 660, 728, 625, 534, 530, 616, 651, 559, 561, 622, 606, 510, 477, 565, 615, 562, 530, 615, 616, 559, 567, 620, 622, 563, 531, 542, 578, 548, 590, 600, 627, 600, 509, 556, 578, 552, 477, 458, 558, 526, 498, 542, 564, 554, 513, 497, 549, 562, 550, 639, 620, 541, 502, 557, 604, 513, 574, 562, 540, 549, 603, 533, 592, 605, 468, 454, 478, 484, 605, 601, 497, 574, 398, 444, 505, 585, 567, 481, 514, 555, 479, 442, 553, 596, 610, 557, 550, 525, 539, 412, 513, 582, 613, 514, 461, 576, 584, 590, 601, 647, 724, 616, 524, 611, 531, 572, 592, 608, 607, 563, 573, 580, 651, 580, 662, 595, 616, 664, 660, 759, 907, 594, 835, 971, 960, 822, 731, 1060, 2290, 1246, 2236, 2493, 1789, 1612, 3514, 3904, 5376, 3791, 7070, 6656, 4106, 3621, 9193, 10218, 5845, 5351, 9825, 8232, 4346, 4806, 12210, 13040, 4154, 3953, 6981, 5282, 2782, 3363, 9329, 9983, 3513, 5547, 7719, 4404, 1969, 4166, 10150, 10129, 2437, 6034, 7532, 3862, 1373, 4283, 9319, 8735, 1301, 3606, 4145, 2145, 1000, 2729, 4942, 4096, 1136, 2839, 3433, 1955, 802, 2114, 3712, 3201, 691, 1625, 1792, 1067, 702, 1239, 1995, 1680, 619, 817, 853, 684, 657, 614, 810, 816, 453, 553, 620, 691, 660, 625, 579, 504, 545, 616, 579, 619, 625, 595, 583, 539, 653, 680, 659, 621, 575, 616, 622, 628, 643, 632, 521, 532, 493, 478, 507, 499, 579, 592, 609, 607, 480, 569, 663, 590, 613, 611, 658, 631, 513, 613, 688, 638, 610, 550, 575, 653, 588, 547, 643, 663, 622, 575, 575, 588, 626, 608, 620, 701, 683, 646, 724, 687, 605, 690, 678, 753, 569, 619, 598, 492, 508, 646, 652, 627, 795, 1126, 977, 672, 557, 752, 955, 684, 1386, 1895, 1337, 613, 742, 1162, 1286, 722, 1739, 2093, 1333, 836, 793, 1138, 1216, 652, 1280, 1407, 1096, 934, 644, 1030, 1142, 775, 736, 724, 807, 709, 586, 823, 775, 706, 692, 695, 740, 821, 718, 555, 562, 671, 837, 962, 953, 905, 832, 774, 734, 713, 698, 780, 839, 756, 688, 702, 709, 741, 639, 714, 824, 739, 547, 621, 642, 663, 632, 704, 792, 798, 541, 608, 686, 691, 552, 643, 718, 679, 682, 609, 596, 609, 566, 572, 631, 677, 679, 696, 680, 591, 567, 622, 608, 644, 680, 714, 768, 652, 546, 605, 583, 580, 641, 613, 723, 684, 563, 658, 608, 587, 664, 621, 622, 592, 586, 592, 634, 589, 577, 613, 635, 613, 672, 584, 601, 680, 621, 635, 585, 547, 649, 554, 518, 617, 726, 684, 544, 620, 599, 625, 487, 443, 633, 616, 561, 592, 671, 628, 586, 608, 711, 695, 609, 722, 598, 586, 646, 679, 687, 787, 718, 643, 644, 645, 633, 607, 649, 653, 598, 595, 641, 566, 583, 709, 655, 493, 485, 640, 679, 548, 558, 696, 650, 550, 465, 634, 634, 585, 575, 632, 626, 622, 514, 550, 566, 499, 496, 555, 575, 563, 514, 535, 478, 473, 532, 548, 499, 551, 589, 524, 552, 658, 673, 565, 551, 595, 574, 538, 602, 620, 573, 530, 601, 648, 533, 540, 541, 518, 537, 517, 559, 593, 598, 572, 614, 627, 617, 578, 589, 674, 764, 676, 577, 488, 486, 590, 506, 499, 627, 608, 565, 505, 528, 553, 554, 610, 597, 593, 551, 511, 580, 514, 527, 680, 666, 600, 534, 531, 602, 550, 483, 645, 677, 620, 547, 537, 576, 564, 586, 604, 578, 579, 616, 691, 627, 574, 687, 577, 533, 582, 549, 595, 479, 518, 586, 568, 538, 530, 589, 604, 545, 532, 613, 679, 644, 584, 570, 571, 598, 549, 471, 593, 584, 551, 592, 615, 625, 592, 595, 580, 577, 617, 680, 709, 609, 604, 597, 597, 609, 620, 663, 629, 619, 533, 472, 603, 691, 646, 650, 628, 639, 657, 545, 556, 683, 703, 596, 642, 656, 655, 567, 629, 728, 629, 551, 521, 594, 653, 487, 521, 713, 647, 583, 624, 684, 674, 527, 622, 746, 726, 577, 619, 690, 619, 544, 599, 719, 697, 709, 749, 721, 591, 615, 612, 663, 807, 623, 711, 765, 647, 475, 528, 677, 740, 552, 622, 603, 505, 448, 546, 638, 560, 509, 447, 433, 440, 435, 419, 465, 515, 451, 505, 665, 568, 520, 506, 595, 587, 508, 442, 469, 448, 476, 432, 463, 543, 612, 535, 455, 538, 552, 433, 444, 504, 513, 484, 476, 464, 494, 457, 443, 498, 491, 435, 457, 547, 538, 454, 445, 497, 427, 421, 464, 423, 360, 402, 513, 534, 456, 465, 513, 480, 398, 381, 494, 484, 390, 456, 435, 372, 458, 503, 483, 401, 376, 394, 422, 424, 363, 388, 381, 379]"
0.4496328830718994,-0.4273069500923157,-0.01642051711678505,-0.32459357380867004,-0.7093662023544312,-0.29664960503578186,-0.47012859582901,-0.22985172271728516,0.78277587890625,26.75,-0.16676616668701172,0.7206916809082031,20.25,0.10159778594970703,0.23202896118164062,18.25,0.10402965545654297,0.35719871520996094,28.0,0.1334981918334961,0.3574848175048828,28.25,"[521, 527, 598, 631, 645, 623, 601, 529, 586, 537, 582, 643, 620, 534, 573, 649, 586, 441, 456, 550, 591, 486, 457, 564, 458, 457, 489, 452, 374, 402, 456, 483, 426, 431, 412, 399, 395, 417, 457, 478, 504, 482, 522, 514, 460, 437, 484, 574, 441, 526, 605, 478, 521, 573, 532, 564, 584, 468, 470, 575, 543, 502, 522, 590, 573, 475, 497, 518, 482, 474, 507, 614, 472, 575, 635, 550, 447, 512, 592, 526, 548, 534, 563, 519, 504, 523, 548, 525, 562, 590, 551, 476, 530, 655, 581, 512, 470, 505, 489, 469, 482, 490, 416, 454, 574, 600, 575, 516, 474, 540, 526, 488, 543, 551, 500, 539, 562, 564, 505, 495, 612, 581, 513, 591, 586, 509, 515, 503, 578, 518, 489, 576, 548, 493, 458, 487, 512, 490, 507, 567, 508, 509, 574, 507, 560, 570, 475, 582, 644, 514, 624, 577, 567, 607, 459, 535, 573, 491, 640, 602, 537, 614, 544, 491, 526, 573, 628, 564, 543, 650, 594, 555, 662, 651, 605, 532, 545, 602, 567, 529, 646, 592, 510, 510, 655, 657, 677, 592, 620, 516, 633, 721, 773, 838, 744, 670, 621, 662, 674, 621, 899, 1052, 838, 659, 730, 805, 787, 645, 842, 972, 737, 608, 720, 892, 866, 648, 647, 712, 639, 650, 655, 644, 664, 625, 543, 598, 577, 589, 611, 598, 538, 559, 570, 561, 553, 553, 595, 600, 554, 581, 536, 522, 535, 603, 645, 583, 616, 581, 606, 498, 487, 550, 639, 591, 522, 588, 601, 547, 554, 644, 646, 576, 515, 595, 547, 568, 619, 644, 678, 632, 541, 541, 502, 596, 579, 530, 550, 560, 561, 548, 487, 553, 581, 574, 571, 552, 591, 552, 490, 470, 534, 551, 484, 497, 528, 591, 540, 564, 557, 554, 522, 585, 577, 584, 570, 585, 566, 592, 634, 542, 593, 570, 545, 600, 545, 576, 577, 542, 596, 617, 550, 573, 551, 557, 596, 531, 548, 598, 537, 535, 513, 540, 564, 522, 537, 565, 569, 462, 451, 544, 573, 466, 514, 622, 611, 531, 463, 537, 521, 516, 540, 587, 524, 498, 547, 614, 512, 473, 589, 605, 756, 610, 763, 886, 798, 679, 1030, 1100, 1000, 747, 1223, 1407, 1170, 808, 1230, 1492, 2350, 2268, 3450, 2738, 1897, 2490, 6063, 6064, 5129, 4176, 6957, 4438, 3462, 4195, 12316, 12995, 5353, 4552, 7635, 4553, 3815, 3890, 12312, 13310, 3158, 2983, 3971, 4097, 2829, 2626, 5052, 4932, 6487, 7195, 11096, 7895, 3423, 7380, 16457, 16266, 4541, 8178, 11733, 7070, 2650, 7434, 16377, 15440, 1510, 3791, 5056, 2705, 929, 3138, 6566, 6096, 1031, 1573, 1707, 1040, 682, 1243, 1797, 1609, 779, 1410, 1406, 903, 689, 1161, 1504, 1160, 662, 785, 866, 646, 638, 791, 874, 807, 669, 678, 713, 661, 670, 697, 723, 728, 580, 575, 639, 601, 520, 566, 618, 634, 714, 644, 696, 621, 520, 616, 612, 630, 695, 669, 661, 625, 576, 550, 574, 604, 643, 664, 659, 634, 634, 548, 593, 613, 573, 518, 461, 522, 611, 603, 563, 538, 589, 600, 609, 614, 633, 649, 674, 621, 591, 574, 590, 616, 620, 624, 644, 629, 549, 514, 555, 590, 547, 616, 644, 554, 565, 468, 555, 628, 559, 523, 544, 584, 725, 830, 804, 734, 736, 628, 683, 566, 820, 1347, 1403, 1106, 777, 887, 1245, 943, 911, 1630, 1667, 1133, 639, 1046, 1514, 1083, 768, 1188, 1203, 911, 565, 897, 1224, 980, 669, 687, 850, 961, 836, 839, 899, 863, 968, 1266, 1457, 1253, 1115, 935, 1054, 1123, 1480, 1843, 1801, 1553, 1425, 1254, 1352, 1278, 1160, 1267, 1128, 1055, 1082, 994, 1048, 1008, 704, 750, 617, 696, 767, 738, 751, 668, 564, 612, 533, 600, 712, 657, 589, 553, 611, 693, 695, 670, 633, 678, 646, 606, 659, 676, 717, 648, 572, 749, 717, 644, 618, 694, 636, 590, 640, 672, 599, 579, 582, 622, 716, 672, 604, 572, 545, 583, 719, 654, 640, 607, 582, 620, 613, 670, 750, 612, 555, 586, 553, 657, 639, 667, 684, 563, 489, 557, 564, 648, 602, 641, 616, 556, 630, 670, 656, 678, 573, 590, 613, 573, 668, 739, 643, 656, 701, 639, 626, 518, 580, 635, 588, 572, 646, 727, 653, 603, 607, 644, 578, 609, 657, 665, 594, 559, 627, 591, 597, 636, 596, 601, 741, 564, 573, 616, 575, 626, 525, 657, 571, 567, 505, 468, 512, 560, 534, 531, 661, 686, 550, 524, 627, 713, 677, 595, 634, 611, 496, 516, 543, 608, 590, 596, 566, 622, 579, 505, 648, 701, 644, 564, 555, 599, 651, 619, 666, 686, 693, 634, 619, 645, 645, 680, 625, 517, 601, 650, 561, 557, 554, 613, 565, 466, 580, 615, 572, 494, 503, 574, 600, 494, 524, 557, 628, 529, 461, 571, 545, 475, 490, 534, 614, 557, 490, 575, 566, 517, 494, 527, 662, 606, 482, 556, 578, 596, 552, 549, 635, 654, 560, 515, 600, 611, 654, 598, 623, 639, 580, 577, 610, 561, 543, 583, 532, 578, 616, 662, 596, 595, 589, 472, 529, 534, 631, 655, 608, 584, 602, 515, 590, 629, 672, 619, 673, 618, 608, 548, 657, 594, 619, 633, 682, 584, 659, 710, 606, 545, 679, 669, 637, 631, 673, 732, 522, 613, 686, 579, 594, 689, 714, 647, 556, 646, 662, 618, 556, 593, 661, 597, 546, 604, 668, 607, 504, 509, 672, 664, 653, 636, 672, 711, 588, 578, 634, 641, 608, 649, 703, 712, 583, 566, 675, 731, 539, 618, 702, 664, 541, 666, 692, 602, 605, 649, 651, 554, 600, 676, 638, 575, 614, 584, 531, 541, 447, 587, 615, 557, 557, 486, 464, 532, 514, 558, 512, 518, 571, 503, 584, 616, 565, 565, 618, 639, 596, 497, 533, 596, 584, 527, 486, 591, 537, 509, 438, 486, 532, 477, 498, 597, 505, 510, 471, 484, 455, 456, 550, 527, 465, 473, 480, 476, 435, 495, 516, 464, 466, 449, 443, 444, 535, 541, 430, 432, 438, 427, 386, 351, 433, 514, 423, 397, 418, 407, 422, 379, 395, 475, 514, 452, 397, 535, 524, 451, 474, 476, 523, 455, 404, 452, 461, 396, 416, 410, 377, 384, 399, 500, 388, 379, 434, 391, 383, 337]"
0.4630274772644043,-0.4445578157901764,-0.07724669575691223,-0.23917143046855927,-0.6168603897094727,-0.33059561252593994,-0.28858423233032227,-0.0577702522277832,-0.44460296630859375,16.75,0.09143209457397461,0.6513118743896484,26.0,0.11002874374389648,0.588226318359375,29.5,0.12633657455444336,0.5859375,26.25,0.2306208610534668,0.3604888916015625,17.0,"[415, 488, 639, 589, 482, 590, 640, 488, 527, 471, 591, 623, 571, 599, 568, 538, 562, 496, 451, 514, 669, 668, 519, 464, 468, 480, 523, 529, 568, 539, 469, 448, 422, 446, 566, 527, 411, 448, 466, 509, 464, 516, 524, 474, 468, 432, 466, 489, 435, 506, 535, 471, 474, 508, 559, 495, 541, 524, 530, 558, 538, 542, 524, 515, 539, 542, 547, 459, 521, 568, 484, 440, 503, 626, 554, 565, 619, 556, 539, 449, 484, 532, 543, 543, 573, 498, 493, 548, 550, 593, 503, 474, 504, 614, 492, 420, 552, 617, 575, 531, 493, 633, 566, 438, 587, 611, 552, 485, 528, 557, 564, 555, 605, 583, 498, 617, 673, 544, 558, 575, 522, 495, 531, 638, 625, 547, 562, 546, 489, 500, 513, 543, 562, 542, 574, 570, 449, 481, 588, 613, 497, 502, 584, 537, 410, 482, 590, 547, 549, 550, 488, 454, 508, 568, 650, 571, 499, 499, 532, 523, 533, 561, 487, 478, 539, 563, 515, 476, 487, 507, 526, 574, 608, 607, 498, 493, 614, 557, 649, 663, 554, 552, 563, 651, 612, 591, 622, 582, 526, 549, 615, 635, 539, 569, 671, 593, 493, 516, 584, 622, 539, 615, 701, 590, 491, 491, 541, 557, 537, 564, 559, 478, 487, 539, 568, 547, 521, 530, 496, 534, 518, 503, 555, 466, 547, 590, 576, 569, 507, 526, 589, 602, 547, 596, 657, 634, 527, 518, 575, 634, 492, 507, 530, 453, 472, 500, 507, 512, 471, 480, 476, 475, 506, 435, 518, 563, 552, 460, 464, 502, 545, 472, 542, 630, 535, 466, 476, 577, 536, 506, 572, 623, 388, 465, 543, 540, 444, 480, 586, 528, 529, 574, 543, 473, 430, 546, 538, 453, 472, 590, 517, 446, 462, 529, 571, 512, 492, 532, 560, 440, 508, 573, 525, 516, 517, 576, 583, 475, 449, 496, 588, 589, 563, 608, 581, 533, 521, 535, 586, 565, 547, 645, 659, 552, 496, 527, 515, 452, 686, 755, 673, 653, 597, 564, 532, 539, 698, 718, 678, 712, 631, 510, 578, 638, 543, 633, 620, 610, 675, 617, 555, 617, 730, 647, 672, 806, 730, 551, 900, 1056, 1158, 623, 947, 1392, 1214, 604, 1526, 1867, 1186, 824, 1319, 1599, 1282, 942, 1749, 1941, 1179, 1325, 1677, 1209, 862, 1608, 3063, 2854, 1698, 1274, 1950, 1795, 1360, 1327, 3609, 3843, 1425, 3532, 4803, 3509, 1294, 2505, 4066, 3480, 2457, 8802, 9922, 5811, 2532, 8466, 14622, 11658, 4215, 10178, 11516, 7773, 3781, 10624, 19812, 16570, 2742, 5967, 6797, 5593, 2623, 6394, 12192, 10210, 951, 2319, 2806, 2271, 953, 2414, 4299, 3497, 687, 1103, 1304, 960, 581, 1086, 1780, 1554, 631, 849, 966, 813, 474, 777, 1114, 932, 597, 749, 792, 665, 526, 672, 834, 705, 604, 661, 646, 631, 529, 598, 665, 584, 597, 581, 606, 654, 588, 572, 711, 695, 548, 588, 565, 593, 493, 502, 667, 576, 587, 570, 653, 628, 572, 534, 667, 663, 605, 512, 561, 607, 690, 619, 563, 634, 617, 618, 576, 554, 534, 531, 616, 597, 752, 650, 604, 627, 567, 599, 538, 672, 824, 723, 542, 608, 591, 568, 525, 676, 790, 697, 581, 662, 610, 659, 596, 632, 624, 577, 607, 578, 627, 693, 669, 639, 655, 925, 1316, 997, 751, 1094, 898, 788, 679, 1831, 2365, 1323, 843, 1488, 1174, 1010, 718, 1858, 2141, 1185, 827, 1234, 1205, 1011, 891, 1345, 1268, 866, 758, 689, 723, 772, 977, 1074, 827, 715, 821, 791, 701, 708, 922, 993, 1049, 1015, 976, 965, 801, 794, 783, 946, 1355, 1383, 1051, 930, 785, 867, 1068, 1075, 1638, 1683, 1183, 1266, 1062, 985, 1032, 988, 1358, 1368, 1013, 1118, 952, 927, 847, 746, 908, 948, 803, 876, 834, 810, 679, 746, 726, 706, 698, 698, 604, 590, 650, 729, 729, 698, 654, 610, 598, 552, 575, 581, 623, 720, 611, 476, 616, 645, 569, 535, 604, 640, 523, 449, 666, 721, 574, 580, 720, 584, 579, 659, 684, 647, 612, 725, 919, 721, 654, 796, 804, 763, 679, 748, 975, 778, 652, 747, 831, 846, 547, 628, 765, 689, 604, 539, 678, 710, 538, 509, 574, 626, 650, 568, 559, 592, 659, 604, 655, 636, 648, 571, 630, 699, 524, 561, 738, 631, 528, 677, 675, 617, 499, 577, 582, 545, 543, 635, 630, 572, 547, 517, 617, 677, 595, 613, 616, 643, 606, 651, 628, 702, 614, 571, 596, 599, 587, 661, 600, 579, 599, 571, 614, 541, 461, 578, 596, 556, 453, 487, 584, 500, 558, 578, 514, 524, 573, 497, 527, 588, 536, 589, 492, 446, 558, 577, 548, 532, 564, 633, 507, 414, 538, 508, 504, 484, 556, 677, 608, 524, 497, 570, 533, 554, 595, 550, 581, 586, 676, 606, 609, 586, 551, 556, 640, 735, 707, 591, 608, 607, 534, 475, 557, 715, 707, 576, 578, 567, 564, 517, 513, 666, 597, 470, 542, 556, 541, 558, 559, 602, 599, 460, 545, 583, 529, 661, 620, 541, 545, 517, 647, 609, 574, 609, 670, 670, 517, 497, 640, 652, 635, 661, 699, 674, 607, 605, 635, 666, 653, 586, 633, 652, 581, 566, 636, 704, 589, 641, 642, 627, 580, 534, 665, 674, 592, 626, 616, 589, 650, 605, 595, 688, 614, 717, 714, 657, 555, 531, 651, 609, 640, 1026, 1246, 882, 554, 663, 1100, 1089, 593, 1518, 1819, 1041, 572, 996, 1822, 1642, 625, 989, 1015, 740, 604, 767, 1213, 1078, 550, 723, 830, 673, 556, 608, 641, 658, 560, 628, 577, 464, 514, 561, 631, 663, 555, 565, 502, 514, 608, 638, 632, 648, 497, 605, 631, 563, 574, 627, 605, 579, 527, 586, 600, 543, 527, 511, 495, 518, 475, 487, 509, 484, 427, 422, 449, 463, 392, 509, 595, 477, 444, 521, 587, 523, 484, 539, 513, 531, 510, 454, 483, 487, 502, 438, 464, 464, 426, 448, 453, 483, 510, 436, 439, 480, 493, 447, 389, 473, 424, 467, 474, 490, 490, 408, 412, 433, 359, 405, 428, 450, 444, 393, 462, 432, 382, 415, 454, 420, 353, 391, 376, 401, 432, 444, 439, 399, 374, 347, 375, 406, 402, 434, 376, 318, 394, 434, 463, 355, 483, 419, 409, 405, 491, 396, 425, 499]"
0.48188161849975586,-0.31094393134117126,-0.1326514482498169,-0.14212347567081451,-0.2832314968109131,-0.3118874728679657,-0.09858255088329315,-1.2920622825622559,1.2461185455322266,17.25,-0.5893950462341309,0.9438514709472656,23.0,-0.3125910758972168,0.7475852966308594,23.75,0.27692270278930664,1.0265350341796875,16.25,0.3980870246887207,0.785064697265625,20.25,"[660, 595, 534, 582, 621, 586, 534, 599, 579, 499, 476, 632, 672, 617, 514, 531, 584, 546, 490, 532, 582, 568, 548, 541, 509, 504, 587, 577, 521, 507, 521, 471, 516, 489, 545, 561, 471, 479, 458, 544, 591, 498, 536, 586, 570, 558, 573, 581, 536, 497, 492, 496, 515, 568, 568, 545, 522, 561, 585, 570, 530, 560, 569, 489, 505, 469, 556, 536, 458, 474, 505, 579, 556, 571, 533, 563, 561, 569, 655, 626, 552, 561, 514, 513, 602, 587, 609, 553, 576, 490, 544, 570, 530, 568, 600, 624, 530, 616, 628, 549, 488, 585, 612, 553, 602, 607, 550, 507, 670, 602, 522, 541, 580, 527, 505, 496, 568, 595, 552, 546, 526, 480, 525, 553, 552, 560, 504, 522, 494, 517, 486, 441, 504, 453, 491, 474, 471, 632, 552, 490, 515, 525, 524, 455, 531, 655, 511, 457, 527, 516, 521, 479, 594, 639, 518, 585, 600, 568, 571, 503, 524, 597, 565, 600, 580, 559, 546, 499, 521, 542, 611, 632, 547, 512, 542, 536, 566, 623, 507, 499, 592, 590, 536, 515, 554, 606, 537, 433, 491, 519, 608, 599, 442, 525, 559, 455, 417, 574, 631, 534, 505, 537, 616, 573, 545, 625, 629, 566, 508, 521, 643, 593, 524, 513, 552, 530, 615, 680, 612, 586, 594, 520, 555, 538, 557, 560, 540, 590, 530, 490, 542, 501, 575, 513, 584, 578, 505, 585, 590, 559, 589, 562, 598, 550, 484, 518, 583, 571, 539, 613, 652, 490, 565, 625, 578, 569, 586, 525, 608, 576, 549, 552, 552, 612, 615, 579, 664, 604, 589, 646, 613, 550, 556, 540, 577, 500, 507, 604, 584, 564, 568, 540, 543, 642, 535, 585, 611, 605, 513, 492, 571, 602, 511, 575, 573, 543, 568, 520, 648, 645, 537, 525, 565, 604, 543, 570, 613, 648, 618, 558, 567, 603, 453, 609, 613, 534, 560, 632, 635, 619, 456, 555, 613, 558, 489, 497, 560, 547, 558, 527, 587, 637, 488, 485, 584, 593, 557, 579, 597, 628, 678, 601, 639, 630, 701, 584, 779, 823, 738, 687, 933, 985, 2350, 866, 1890, 2997, 2380, 1029, 3607, 4239, 4560, 915, 3220, 5446, 4546, 1040, 6630, 8160, 4757, 1977, 4121, 5751, 4666, 2459, 7808, 8973, 5492, 4086, 6496, 6057, 4266, 4885, 11503, 11827, 6679, 6304, 9926, 7298, 4841, 6020, 16001, 16502, 5905, 4989, 9596, 7106, 4470, 3994, 11701, 13166, 7521, 6657, 10929, 8049, 4902, 7594, 15907, 16074, 7761, 7698, 12184, 8452, 4931, 7992, 17855, 17973, 3891, 5264, 8358, 5670, 2571, 5055, 11600, 11373, 941, 3056, 3695, 2374, 917, 2621, 4706, 3855, 1005, 1169, 1270, 997, 765, 1011, 1192, 1047, 607, 725, 762, 719, 625, 678, 775, 715, 527, 666, 739, 616, 595, 732, 799, 740, 617, 776, 800, 637, 634, 704, 823, 685, 660, 742, 786, 598, 593, 686, 784, 764, 598, 613, 695, 628, 635, 660, 709, 659, 663, 772, 778, 618, 580, 572, 711, 736, 583, 725, 677, 554, 593, 601, 657, 658, 603, 588, 635, 643, 572, 588, 606, 603, 738, 630, 595, 635, 562, 615, 648, 625, 764, 708, 569, 621, 616, 701, 753, 628, 663, 808, 577, 538, 619, 752, 776, 538, 1041, 1765, 1544, 754, 983, 1097, 1164, 803, 2279, 5063, 4800, 1916, 1385, 1527, 2170, 1536, 3498, 7030, 6523, 2871, 1598, 2062, 2904, 1982, 2970, 4568, 4340, 2474, 1213, 2163, 2818, 1511, 1790, 1978, 2150, 1783, 1120, 2083, 1947, 1170, 1297, 1470, 1096, 749, 1389, 1772, 1350, 815, 1203, 1723, 1806, 1527, 1329, 1128, 954, 874, 1023, 1405, 1542, 1283, 994, 859, 890, 688, 1148, 1077, 949, 788, 866, 940, 846, 958, 874, 741, 699, 857, 946, 733, 611, 881, 684, 586, 810, 1029, 1025, 666, 537, 680, 694, 686, 812, 989, 926, 675, 520, 625, 616, 617, 655, 796, 743, 621, 545, 620, 624, 538, 716, 704, 620, 675, 724, 660, 701, 744, 811, 734, 556, 615, 734, 704, 730, 722, 702, 697, 636, 623, 714, 724, 638, 592, 637, 619, 587, 615, 628, 625, 693, 725, 867, 834, 725, 619, 610, 718, 690, 678, 803, 850, 741, 669, 692, 744, 678, 617, 556, 634, 676, 663, 645, 705, 597, 563, 482, 515, 544, 583, 565, 566, 577, 741, 665, 636, 628, 676, 650, 500, 600, 641, 583, 608, 589, 526, 500, 534, 557, 612, 555, 548, 629, 630, 518, 518, 551, 583, 594, 578, 551, 512, 533, 583, 651, 591, 544, 613, 611, 550, 484, 549, 602, 628, 565, 568, 548, 555, 585, 527, 483, 583, 536, 508, 585, 555, 605, 578, 497, 558, 671, 548, 579, 536, 623, 643, 585, 523, 669, 623, 549, 575, 643, 606, 641, 581, 669, 694, 546, 550, 680, 670, 729, 605, 610, 681, 581, 564, 604, 695, 577, 564, 570, 522, 598, 631, 572, 545, 596, 555, 533, 594, 595, 593, 559, 564, 536, 617, 578, 595, 592, 579, 632, 560, 480, 575, 613, 673, 631, 523, 668, 640, 606, 565, 612, 632, 627, 548, 582, 602, 634, 569, 608, 563, 638, 619, 561, 633, 592, 556, 526, 548, 628, 570, 433, 525, 539, 588, 552, 520, 587, 563, 524, 509, 564, 649, 655, 603, 641, 634, 641, 592, 572, 646, 728, 636, 617, 673, 630, 622, 614, 695, 728, 696, 562, 595, 651, 598, 567, 1225, 1396, 908, 569, 836, 1326, 1127, 635, 1269, 1479, 984, 624, 914, 1629, 1409, 681, 757, 946, 989, 679, 741, 1197, 1098, 693, 849, 1123, 1025, 635, 795, 1206, 1155, 568, 713, 823, 742, 534, 640, 773, 772, 593, 572, 610, 544, 477, 507, 497, 587, 584, 609, 574, 454, 499, 570, 473, 545, 481, 494, 551, 508, 507, 562, 566, 513, 513, 506, 685, 558, 481, 523, 608, 657, 487, 479, 640, 524, 442, 571, 563, 531, 475, 587, 604, 502, 455, 502, 582, 511, 501, 547, 457, 421, 428, 465, 535, 520, 568, 494, 415, 522, 478, 447, 522, 569, 551, 495, 466, 511, 536, 502, 476, 545, 515, 427, 467, 467, 504, 511, 470, 524, 494, 422, 370, 436, 439, 433, 418, 515, 382, 400, 384, 392, 408, 390, 379, 412, 374, 366, 369, 405, 400, 386, 454, 442, 425, 442, 396, 421, 425, 406, 467, 457]"
0.5548616647720337,-0.1477028876543045,-0.3159390687942505,0.09650437533855438,0.05371120572090149,-0.4924982190132141,0.2530590295791626,-1.2209635972976685,1.3175010681152344,18.5,-0.9394389390945435,1.121377944946289,23.25,-0.36909401416778564,0.8896350860595703,20.25,-0.22260963916778564,0.8656024932861328,27.0,-0.16395866870880127,0.7657527923583984,-31.5,"[466, 519, 553, 569, 599, 567, 557, 522, 527, 541, 601, 643, 606, 549, 667, 654, 540, 572, 653, 692, 644, 681, 652, 611, 605, 560, 554, 577, 566, 576, 565, 600, 529, 421, 455, 536, 530, 487, 503, 501, 480, 565, 505, 442, 514, 576, 585, 491, 550, 623, 507, 393, 466, 496, 490, 500, 529, 494, 519, 457, 558, 569, 499, 566, 478, 451, 543, 418, 450, 521, 525, 540, 516, 502, 544, 465, 512, 545, 473, 517, 536, 525, 460, 482, 537, 488, 506, 511, 621, 528, 481, 536, 582, 557, 561, 619, 515, 528, 485, 508, 528, 484, 524, 538, 548, 564, 513, 515, 538, 509, 562, 585, 515, 535, 580, 557, 488, 522, 575, 572, 648, 620, 641, 634, 581, 539, 582, 702, 531, 563, 473, 448, 555, 521, 534, 569, 600, 522, 474, 504, 543, 545, 528, 603, 500, 588, 531, 567, 578, 553, 587, 470, 567, 602, 603, 694, 631, 521, 625, 600, 543, 453, 520, 591, 534, 493, 568, 598, 518, 552, 562, 551, 608, 590, 544, 571, 476, 526, 451, 455, 562, 564, 449, 434, 584, 605, 571, 508, 556, 669, 638, 564, 597, 613, 473, 449, 492, 570, 576, 518, 585, 679, 611, 532, 584, 523, 543, 569, 565, 658, 640, 575, 585, 615, 578, 594, 435, 581, 634, 599, 521, 610, 571, 492, 530, 630, 615, 594, 481, 528, 528, 492, 633, 629, 608, 583, 532, 538, 551, 566, 509, 560, 547, 525, 552, 529, 501, 451, 542, 533, 543, 528, 569, 538, 483, 513, 509, 483, 434, 505, 506, 502, 441, 506, 566, 597, 584, 556, 598, 608, 613, 603, 578, 601, 637, 552, 599, 619, 576, 583, 583, 556, 556, 526, 555, 582, 545, 536, 608, 565, 578, 504, 551, 617, 549, 509, 546, 589, 638, 641, 536, 560, 640, 597, 680, 637, 578, 577, 583, 538, 521, 548, 618, 642, 649, 617, 581, 591, 635, 605, 555, 571, 580, 570, 578, 610, 624, 612, 668, 640, 606, 585, 646, 558, 467, 619, 989, 634, 795, 967, 986, 724, 974, 1256, 2722, 974, 2034, 3227, 2707, 1024, 3816, 4675, 4434, 1158, 3407, 5672, 4625, 1276, 6839, 8223, 3073, 1503, 3183, 4448, 3353, 2067, 5413, 5932, 5154, 4134, 7038, 6792, 4272, 4861, 12527, 12723, 12251, 7415, 14686, 13706, 9466, 8540, 25860, 27728, 11547, 6852, 13839, 12853, 9010, 7590, 23473, 25483, 5260, 3928, 5834, 5009, 4148, 3897, 8689, 9611, 4216, 9684, 12195, 6341, 2043, 9429, 18605, 16592, 3481, 7848, 10630, 6616, 2243, 7276, 14541, 13167, 1581, 2541, 4157, 3455, 1677, 2266, 3912, 3681, 1160, 2272, 2890, 2767, 1273, 2544, 4113, 3080, 1007, 2746, 3422, 2248, 765, 2191, 3646, 2922, 840, 2343, 2836, 1686, 610, 1666, 2943, 2493, 939, 1391, 1545, 961, 611, 888, 1541, 1332, 1015, 1209, 1235, 784, 725, 822, 1252, 1253, 764, 1004, 1117, 881, 736, 684, 1030, 1094, 591, 714, 890, 727, 666, 672, 785, 801, 591, 598, 670, 631, 619, 620, 652, 662, 648, 519, 578, 621, 639, 559, 636, 691, 623, 612, 639, 555, 526, 669, 727, 736, 737, 782, 612, 570, 680, 684, 656, 669, 729, 720, 639, 623, 681, 691, 629, 652, 838, 1129, 1130, 851, 759, 783, 909, 820, 941, 1560, 1857, 1178, 732, 961, 1030, 1091, 1199, 2580, 3288, 2018, 830, 1420, 1551, 1570, 1704, 3819, 5192, 3210, 974, 2496, 2524, 2300, 1755, 3137, 4853, 3149, 917, 2972, 2403, 2224, 1654, 1939, 3020, 2201, 1482, 2212, 1337, 1836, 2217, 2498, 2815, 2744, 2469, 2080, 1467, 2138, 2553, 2388, 1965, 2376, 2353, 2301, 1589, 1882, 2045, 1517, 1242, 1501, 1487, 1883, 1305, 1334, 1654, 1122, 1514, 1551, 1287, 1699, 1278, 1225, 1207, 973, 1278, 1255, 1066, 1265, 975, 943, 840, 897, 917, 746, 808, 927, 739, 706, 708, 890, 795, 655, 625, 711, 781, 686, 595, 821, 763, 655, 694, 696, 894, 692, 626, 671, 781, 783, 587, 735, 866, 761, 671, 716, 726, 681, 656, 810, 814, 681, 783, 789, 798, 757, 683, 934, 943, 732, 779, 850, 741, 693, 630, 800, 923, 734, 753, 783, 612, 661, 697, 756, 727, 593, 648, 538, 603, 683, 621, 615, 604, 627, 660, 593, 664, 641, 566, 615, 570, 586, 598, 638, 682, 640, 545, 690, 693, 602, 555, 641, 592, 521, 605, 757, 666, 476, 566, 632, 510, 568, 626, 632, 586, 533, 533, 577, 595, 627, 562, 623, 622, 570, 569, 560, 559, 594, 541, 579, 555, 507, 553, 548, 607, 669, 631, 584, 564, 637, 542, 566, 539, 521, 624, 609, 572, 578, 650, 609, 656, 650, 680, 616, 621, 743, 521, 715, 754, 624, 636, 623, 727, 676, 487, 695, 766, 613, 615, 631, 690, 722, 507, 528, 600, 535, 486, 431, 534, 593, 486, 531, 548, 579, 569, 541, 535, 505, 573, 607, 587, 647, 661, 561, 569, 524, 595, 556, 540, 577, 538, 616, 654, 623, 592, 537, 481, 502, 526, 550, 591, 607, 653, 613, 501, 543, 578, 529, 582, 595, 625, 717, 717, 676, 554, 628, 776, 759, 559, 664, 771, 840, 606, 624, 786, 753, 568, 628, 807, 790, 599, 557, 954, 968, 763, 630, 745, 919, 816, 549, 978, 1147, 711, 659, 733, 770, 648, 508, 730, 834, 639, 612, 666, 628, 538, 545, 591, 638, 586, 689, 787, 639, 457, 502, 734, 752, 672, 1063, 1339, 861, 596, 604, 1118, 1213, 574, 979, 1089, 653, 584, 572, 1039, 1117, 555, 918, 936, 599, 562, 632, 814, 737, 711, 814, 860, 723, 619, 715, 775, 796, 806, 861, 922, 869, 778, 743, 853, 916, 675, 762, 836, 800, 647, 582, 716, 725, 527, 608, 592, 555, 552, 572, 658, 636, 615, 638, 604, 560, 528, 527, 815, 810, 623, 622, 632, 516, 584, 560, 784, 857, 462, 556, 599, 588, 557, 538, 672, 605, 585, 525, 601, 652, 610, 496, 547, 661, 559, 452, 473, 474, 490, 536, 576, 600, 496, 495, 573, 570, 528, 469, 536, 540, 531, 460, 540, 586, 517, 474, 480, 490, 445, 484, 453, 398, 447, 466, 461, 407, 473, 459, 385, 385, 440, 452, 467, 449, 423, 457, 491, 421, 403, 411, 438, 454, 399, 409, 492, 389, 383, 455, 414, 393, 337, 380, 425, 387, 316, 425, 422, 361]"
0.6194123029708862,0.09911976754665375,-0.4631352424621582,0.2889840006828308,0.500141978263855,-0.5685763955116272,0.5222141742706299,-0.7694767713546753,1.0771751403808594,23.75,-0.6749199628829956,1.0678768157958984,16.75,-0.5918072462081909,0.9869098663330078,23.5,-0.27451980113983154,0.7487297058105469,18.5,0.15964043140411377,0.881195068359375,19.5,"[523, 604, 621, 594, 570, 596, 624, 606, 527, 655, 659, 638, 616, 559, 580, 551, 445, 604, 643, 650, 609, 488, 468, 467, 401, 441, 512, 530, 538, 519, 473, 451, 489, 525, 443, 441, 499, 503, 432, 408, 504, 573, 479, 379, 487, 553, 523, 474, 537, 519, 447, 461, 519, 484, 450, 501, 511, 515, 560, 582, 513, 440, 428, 487, 471, 420, 507, 530, 407, 405, 465, 499, 498, 469, 496, 485, 501, 463, 470, 495, 587, 571, 531, 524, 573, 507, 541, 596, 653, 656, 620, 507, 582, 646, 598, 610, 612, 619, 563, 544, 593, 630, 527, 508, 560, 623, 524, 501, 509, 576, 535, 459, 521, 541, 520, 498, 527, 456, 534, 545, 536, 570, 488, 489, 641, 537, 532, 575, 472, 432, 412, 421, 548, 503, 471, 489, 466, 446, 518, 491, 518, 558, 509, 522, 448, 497, 513, 514, 434, 465, 528, 512, 518, 450, 455, 453, 385, 431, 531, 586, 567, 569, 501, 522, 566, 539, 530, 506, 592, 581, 559, 500, 649, 720, 600, 546, 548, 621, 580, 480, 584, 596, 525, 501, 563, 658, 620, 453, 540, 545, 519, 570, 508, 607, 595, 421, 495, 543, 530, 523, 563, 596, 616, 526, 476, 584, 634, 592, 584, 628, 589, 534, 548, 582, 581, 590, 560, 598, 563, 574, 603, 577, 541, 545, 528, 628, 585, 497, 491, 550, 547, 494, 627, 592, 559, 563, 529, 557, 583, 581, 644, 663, 573, 502, 583, 614, 573, 585, 619, 628, 543, 493, 595, 608, 458, 459, 558, 535, 474, 452, 576, 575, 489, 489, 540, 548, 568, 524, 541, 688, 640, 551, 519, 497, 499, 516, 525, 662, 611, 529, 535, 511, 502, 567, 619, 587, 608, 545, 533, 558, 548, 542, 601, 582, 533, 496, 564, 548, 538, 554, 560, 524, 532, 516, 553, 603, 581, 541, 587, 571, 571, 600, 601, 493, 567, 631, 557, 509, 563, 654, 606, 572, 707, 702, 625, 639, 841, 840, 1651, 1155, 1904, 2217, 1559, 1222, 3426, 3594, 3918, 1631, 3651, 4674, 3588, 1865, 7123, 8057, 4099, 1341, 3614, 4480, 3500, 1716, 6709, 7843, 2430, 1079, 2488, 2853, 2171, 1270, 4014, 4640, 965, 812, 1329, 1409, 1086, 859, 1316, 1490, 1544, 1588, 2408, 2043, 1269, 1716, 3897, 3815, 2727, 2560, 4035, 3163, 1680, 3179, 6705, 6542, 3864, 3082, 4406, 2801, 2043, 3346, 6524, 6895, 3468, 4522, 5559, 2968, 2142, 3080, 6533, 6658, 1758, 4174, 5145, 2905, 1398, 3254, 6128, 5390, 1801, 2079, 2477, 1810, 1176, 1763, 3156, 3084, 4586, 3713, 6712, 4729, 1899, 2576, 7419, 8823, 6816, 8929, 14409, 9461, 2571, 5733, 15275, 16663, 5827, 9894, 14562, 9165, 2679, 6480, 15620, 15995, 3530, 6556, 8689, 5262, 1852, 4553, 9610, 9220, 2634, 4453, 5925, 3935, 1381, 3033, 6259, 6091, 2550, 4907, 6774, 4284, 1332, 3082, 6801, 6727, 1558, 3662, 4810, 2877, 892, 2275, 4825, 4607, 1024, 1775, 2222, 1469, 742, 1335, 2136, 1975, 742, 987, 1191, 962, 615, 891, 1293, 1191, 704, 720, 700, 690, 651, 789, 844, 820, 842, 802, 716, 699, 667, 750, 776, 771, 771, 840, 796, 649, 749, 657, 671, 687, 928, 1241, 1242, 928, 835, 759, 834, 718, 1376, 1999, 1856, 1188, 1079, 1119, 1077, 711, 1548, 2338, 2036, 1089, 1256, 1316, 1198, 722, 1648, 2407, 1911, 911, 924, 1247, 1398, 831, 1888, 3018, 2417, 940, 813, 1216, 1670, 910, 2056, 3307, 2408, 842, 1117, 1489, 2033, 967, 2607, 2323, 2010, 2368, 1436, 2384, 2272, 1485, 3244, 3045, 4749, 4273, 2386, 3051, 2490, 2904, 2794, 3186, 4482, 3977, 2266, 2278, 1984, 2752, 1514, 1669, 2263, 1972, 1144, 1174, 1101, 1436, 876, 864, 1075, 1063, 837, 908, 889, 884, 777, 793, 919, 900, 771, 738, 859, 856, 711, 808, 830, 932, 761, 776, 915, 812, 755, 937, 893, 850, 876, 916, 1034, 811, 810, 854, 882, 938, 836, 701, 904, 911, 520, 628, 690, 662, 526, 578, 696, 653, 708, 689, 809, 793, 744, 720, 695, 753, 832, 757, 919, 914, 825, 746, 810, 907, 818, 755, 840, 850, 774, 739, 725, 788, 712, 659, 750, 828, 628, 619, 700, 659, 609, 570, 632, 629, 586, 678, 643, 574, 649, 498, 648, 599, 667, 764, 674, 731, 781, 635, 655, 798, 836, 755, 679, 805, 939, 836, 784, 909, 898, 772, 817, 977, 966, 927, 905, 872, 856, 736, 871, 1004, 759, 906, 809, 723, 725, 770, 762, 680, 556, 611, 674, 677, 645, 666, 639, 603, 645, 611, 608, 713, 705, 653, 647, 646, 646, 602, 593, 649, 687, 646, 568, 540, 649, 629, 693, 668, 628, 677, 673, 659, 696, 663, 655, 713, 736, 675, 798, 790, 761, 644, 601, 668, 807, 789, 827, 750, 605, 523, 588, 625, 671, 730, 765, 702, 620, 471, 578, 650, 645, 615, 726, 729, 594, 570, 534, 621, 620, 508, 639, 621, 643, 691, 669, 674, 669, 646, 677, 594, 549, 653, 701, 597, 586, 652, 671, 592, 654, 647, 534, 556, 631, 636, 611, 581, 552, 464, 494, 566, 585, 591, 695, 696, 509, 552, 609, 566, 601, 619, 611, 600, 842, 608, 814, 859, 672, 609, 1173, 1328, 952, 634, 909, 936, 772, 660, 1242, 1432, 585, 657, 718, 619, 532, 629, 865, 820, 593, 597, 744, 717, 559, 697, 838, 693, 771, 958, 1225, 907, 671, 779, 981, 1000, 1091, 1372, 1919, 1301, 821, 851, 1713, 2038, 1203, 1288, 1792, 1382, 989, 859, 1804, 2178, 1081, 899, 1297, 1198, 1045, 734, 1564, 1852, 799, 894, 1347, 1192, 829, 757, 1510, 1599, 847, 953, 1228, 1067, 731, 853, 1447, 1485, 877, 760, 1007, 925, 602, 737, 1149, 1312, 654, 947, 1269, 936, 612, 802, 1209, 1219, 532, 952, 1162, 781, 596, 822, 985, 829, 586, 790, 825, 626, 631, 698, 800, 719, 669, 639, 713, 698, 644, 602, 853, 927, 631, 598, 789, 744, 596, 494, 788, 859, 570, 625, 653, 641, 606, 466, 598, 624, 531, 589, 568, 538, 572, 451, 615, 596, 577, 629, 540, 462, 394, 534, 672, 644, 588, 610, 585, 542, 485, 476, 635, 667, 580, 477, 489, 488, 494, 432, 508, 600, 555, 481, 506, 563, 495, 445, 455, 561, 533, 549, 532, 460, 417, 419, 484, 538, 466, 470, 494, 432, 440, 385, 446, 481]"
0.6219164729118347,0.06913739442825317,-0.3991757035255432,0.26792970299720764,0.39497366547584534,-0.36049845814704895,0.4365513324737549,-0.25911402702331543,0.7563114166259766,16.75,-0.2498157024383545,0.7131099700927734,22.5,-0.16641688346862793,0.8153915405273438,18.0,0.002240419387817383,0.5958080291748047,15.75,0.9129040241241455,1.28631591796875,15.25,"[667, 597, 516, 705, 831, 703, 517, 600, 541, 619, 617, 641, 721, 732, 679, 578, 481, 642, 688, 590, 566, 731, 753, 543, 413, 571, 559, 517, 493, 566, 608, 486, 442, 481, 500, 489, 470, 485, 495, 482, 495, 521, 534, 573, 521, 557, 512, 539, 497, 599, 527, 478, 554, 634, 594, 520, 589, 621, 527, 531, 569, 577, 601, 583, 480, 500, 576, 533, 462, 529, 508, 481, 466, 473, 586, 509, 462, 561, 596, 569, 549, 550, 540, 491, 539, 609, 605, 667, 573, 599, 588, 506, 520, 552, 624, 609, 598, 560, 467, 516, 457, 421, 437, 508, 602, 558, 565, 606, 572, 585, 519, 548, 581, 507, 571, 630, 566, 555, 556, 563, 612, 677, 642, 557, 553, 567, 597, 551, 546, 463, 497, 522, 582, 514, 437, 513, 562, 599, 615, 509, 594, 661, 531, 499, 534, 538, 552, 527, 555, 614, 562, 509, 448, 454, 509, 583, 597, 488, 529, 503, 607, 574, 560, 547, 554, 502, 436, 504, 630, 657, 581, 531, 564, 527, 458, 488, 576, 555, 530, 495, 511, 625, 614, 511, 610, 604, 605, 617, 548, 626, 593, 600, 583, 565, 540, 531, 479, 520, 562, 564, 604, 559, 509, 551, 588, 603, 547, 580, 509, 496, 475, 551, 626, 608, 562, 590, 507, 539, 584, 651, 643, 590, 550, 588, 526, 567, 569, 583, 560, 487, 541, 548, 549, 648, 659, 609, 531, 531, 692, 594, 602, 707, 672, 552, 504, 578, 663, 537, 540, 643, 693, 575, 412, 491, 659, 588, 456, 523, 592, 455, 433, 473, 519, 477, 588, 574, 561, 631, 589, 562, 497, 564, 600, 604, 568, 480, 531, 550, 520, 548, 513, 549, 547, 560, 567, 518, 515, 501, 595, 576, 515, 610, 612, 539, 484, 510, 650, 618, 586, 708, 649, 574, 582, 611, 648, 619, 656, 690, 560, 584, 679, 704, 637, 673, 698, 618, 609, 675, 950, 936, 1643, 1310, 2075, 1732, 1199, 1622, 3741, 3787, 3214, 1944, 3708, 3113, 2168, 2431, 6653, 7113, 2535, 1271, 2562, 2460, 1822, 1578, 4635, 5148, 1118, 806, 949, 996, 869, 840, 1599, 1786, 857, 747, 913, 848, 752, 724, 1278, 1337, 1152, 1176, 1570, 1253, 910, 1345, 2594, 2495, 5209, 3369, 6078, 4214, 3166, 3727, 10364, 11314, 9174, 5027, 10127, 7290, 5704, 5174, 16637, 18940, 6249, 3770, 6609, 4957, 4118, 3702, 10997, 12547, 2771, 5714, 5755, 2904, 1785, 3182, 4584, 3251, 3481, 6599, 7010, 3206, 1526, 3889, 7203, 6465, 2555, 3427, 4161, 2225, 1056, 2540, 5340, 5317, 1580, 1347, 1513, 1178, 1071, 1125, 2287, 2476, 1996, 3485, 3271, 1516, 1290, 1901, 2477, 1789, 3318, 5846, 5767, 2673, 1810, 3476, 5081, 3930, 3051, 5386, 5806, 3067, 1551, 3841, 6495, 5888, 2743, 4685, 6288, 4070, 1416, 3827, 7379, 7078, 2409, 4970, 5858, 3508, 1287, 3613, 6371, 5844, 1846, 4453, 4696, 2397, 1072, 2941, 5274, 4452, 1264, 3154, 3791, 2084, 885, 1920, 3911, 3570, 918, 1793, 2178, 1304, 695, 1140, 2206, 2068, 782, 1119, 1439, 1099, 758, 968, 1497, 1381, 873, 1096, 1235, 933, 642, 880, 1306, 1275, 1212, 1642, 1819, 1144, 901, 1105, 1332, 1288, 1770, 2419, 2422, 1276, 1118, 1130, 1383, 1248, 1703, 2337, 2136, 1079, 1085, 961, 1169, 988, 1208, 1690, 1550, 884, 954, 947, 1078, 734, 1320, 1286, 1353, 1079, 918, 1254, 1046, 861, 2223, 2084, 3294, 2651, 1300, 2398, 2177, 1815, 4187, 4237, 5758, 4668, 2246, 4615, 4294, 3181, 4380, 4321, 4908, 4004, 2460, 4432, 3795, 2957, 2298, 2254, 2183, 2199, 1563, 1984, 1807, 1787, 1327, 1052, 1283, 1359, 1009, 769, 1101, 1226, 897, 864, 900, 894, 761, 832, 916, 966, 857, 987, 963, 820, 794, 1006, 1048, 842, 780, 911, 956, 749, 753, 901, 1109, 970, 819, 926, 1038, 841, 732, 793, 889, 948, 897, 1024, 966, 747, 753, 814, 868, 956, 943, 953, 912, 924, 872, 792, 905, 1023, 966, 841, 922, 862, 876, 854, 1036, 1151, 742, 790, 1068, 873, 696, 712, 1187, 1259, 609, 851, 1012, 820, 661, 668, 1064, 1111, 460, 651, 709, 658, 564, 549, 816, 714, 598, 595, 624, 634, 578, 651, 730, 572, 788, 672, 651, 649, 660, 693, 690, 723, 721, 728, 745, 696, 697, 697, 663, 709, 699, 807, 817, 728, 696, 682, 828, 786, 845, 828, 750, 726, 801, 823, 921, 818, 1172, 784, 783, 1185, 1290, 1015, 1078, 1382, 1326, 766, 918, 1340, 1425, 1029, 1347, 1727, 1228, 745, 903, 1227, 1144, 711, 1161, 1588, 839, 710, 1007, 1005, 780, 646, 909, 1082, 791, 793, 1073, 1071, 798, 687, 800, 893, 847, 824, 970, 983, 750, 661, 861, 815, 997, 817, 872, 991, 877, 690, 836, 995, 841, 775, 673, 663, 668, 672, 625, 797, 632, 613, 666, 645, 694, 721, 726, 718, 777, 586, 741, 859, 844, 665, 765, 876, 863, 668, 847, 1022, 882, 678, 810, 925, 814, 642, 890, 932, 728, 662, 768, 869, 657, 727, 887, 833, 674, 739, 795, 737, 601, 704, 819, 709, 600, 835, 964, 813, 1238, 819, 1335, 1397, 974, 958, 2226, 2375, 2365, 1073, 2315, 2633, 2020, 1192, 4133, 4718, 1933, 984, 1921, 2264, 1848, 1007, 3436, 3928, 809, 770, 1008, 943, 837, 655, 1414, 1520, 724, 722, 821, 731, 655, 742, 1011, 1013, 856, 692, 975, 957, 892, 754, 1299, 1421, 914, 866, 971, 881, 954, 867, 1158, 1236, 1191, 1037, 990, 925, 1011, 1091, 987, 1135, 1475, 1171, 1251, 1172, 1129, 1003, 1438, 1856, 1361, 917, 1156, 1167, 1120, 877, 1437, 1850, 1229, 709, 789, 937, 1072, 680, 1245, 1638, 1425, 892, 814, 1080, 1266, 820, 1382, 1825, 1204, 862, 973, 1136, 1116, 748, 1174, 1508, 792, 842, 982, 896, 827, 746, 920, 1023, 677, 960, 910, 622, 589, 728, 680, 597, 682, 839, 765, 575, 542, 667, 717, 655, 712, 640, 669, 634, 520, 570, 735, 814, 879, 513, 673, 694, 672, 606, 924, 1138, 771, 652, 621, 685, 768, 656, 892, 1039, 544, 618, 614, 546, 593, 609, 661, 655, 615, 659, 652, 513, 579, 636, 579, 624, 636, 584, 603, 485, 484, 559, 519, 585, 489, 547, 557, 499, 485, 600, 521, 411, 540, 579, 519, 466, 517, 514, 498, 470, 516, 447, 444, 447, 448, 473, 459, 506, 451, 393, 379, 413, 409, 442, 496, 505]"
0.5996741056442261,0.17073020339012146,-0.2664481997489929,0.19761821627616882,0.5752243995666504,-0.02063468098640442,0.34221160411834717,0.10761594772338867,0.5506038665771484,19.75,0.15439367294311523,-0.821685791015625,18.0,0.16812658309936523,0.3264427185058594,15.25,0.23149824142456055,0.1643657684326172,21.75,0.28385496139526367,-0.8015155792236328,15.25,"[414, 544, 644, 573, 409, 576, 649, 542, 479, 502, 586, 605, 574, 627, 658, 567, 561, 452, 514, 491, 498, 481, 549, 617, 412, 488, 500, 495, 485, 492, 544, 469, 487, 474, 478, 473, 493, 532, 552, 548, 504, 465, 519, 464, 480, 534, 602, 604, 511, 507, 613, 550, 585, 582, 600, 609, 471, 451, 506, 514, 470, 433, 452, 474, 524, 495, 493, 496, 446, 525, 574, 508, 557, 475, 480, 533, 548, 544, 585, 572, 631, 593, 564, 603, 649, 552, 490, 542, 552, 549, 548, 559, 515, 443, 572, 543, 467, 449, 510, 507, 453, 489, 508, 514, 538, 533, 535, 508, 577, 510, 557, 585, 577, 586, 510, 542, 608, 489, 479, 531, 559, 590, 513, 522, 597, 572, 519, 531, 556, 545, 505, 515, 542, 518, 509, 527, 569, 575, 596, 583, 535, 544, 610, 571, 521, 508, 561, 578, 498, 564, 589, 529, 594, 552, 512, 570, 572, 571, 467, 503, 517, 419, 483, 574, 500, 469, 529, 591, 585, 586, 671, 647, 536, 532, 589, 612, 623, 525, 611, 663, 624, 516, 494, 613, 529, 539, 516, 586, 546, 571, 576, 573, 568, 700, 661, 527, 526, 608, 650, 595, 728, 738, 604, 569, 611, 638, 591, 597, 625, 649, 684, 663, 648, 685, 635, 588, 546, 550, 496, 583, 680, 577, 501, 541, 500, 478, 461, 517, 525, 510, 518, 515, 640, 662, 555, 623, 624, 542, 451, 573, 526, 611, 635, 523, 594, 703, 609, 516, 628, 605, 597, 547, 625, 713, 658, 561, 586, 519, 485, 531, 556, 625, 575, 512, 537, 566, 602, 584, 507, 608, 725, 606, 543, 586, 636, 570, 570, 626, 556, 582, 547, 596, 613, 618, 625, 654, 511, 487, 589, 576, 607, 643, 608, 578, 508, 469, 674, 709, 517, 514, 625, 566, 470, 497, 646, 610, 549, 542, 641, 601, 511, 577, 568, 673, 609, 587, 623, 672, 691, 563, 900, 836, 897, 801, 676, 782, 1072, 1126, 1390, 1136, 1507, 1338, 947, 912, 1722, 2012, 1595, 1166, 1991, 1695, 1134, 1106, 2253, 2670, 1206, 918, 1581, 1416, 916, 894, 1798, 2100, 854, 765, 1034, 938, 696, 714, 1236, 1387, 911, 773, 994, 893, 817, 861, 1115, 1296, 2192, 2229, 2756, 1827, 1242, 2166, 4376, 4337, 4813, 5862, 7389, 4497, 2612, 5919, 11959, 11399, 5011, 4958, 6953, 4899, 2945, 5232, 11075, 10982, 3345, 2274, 4659, 4109, 2336, 2514, 6231, 6840, 1982, 7479, 8981, 4333, 1937, 3600, 7819, 7315, 3366, 18147, 20011, 8935, 2644, 8479, 16499, 13378, 4453, 20578, 22071, 9811, 2430, 9258, 17572, 13557, 3606, 11589, 11661, 4906, 1564, 5231, 9153, 6314, 2480, 4312, 3614, 1474, 1089, 2296, 2994, 1701, 1447, 2998, 3323, 1914, 908, 1903, 3437, 2967, 1606, 2325, 3393, 2249, 977, 1514, 3491, 3695, 4518, 4808, 7329, 5340, 1945, 2969, 6930, 7998, 4547, 7074, 9651, 6286, 1947, 4717, 9684, 9837, 1720, 4659, 5433, 2968, 1005, 3571, 6147, 5435, 1060, 1967, 2389, 1403, 701, 1492, 2729, 2455, 949, 1219, 1433, 1060, 758, 925, 1396, 1463, 995, 1451, 1440, 996, 829, 1058, 1179, 966, 987, 1746, 1828, 1105, 817, 1140, 1414, 1087, 1012, 1915, 1848, 1034, 932, 1265, 1519, 1094, 987, 1462, 1475, 1153, 970, 1044, 1355, 1158, 1410, 1810, 1862, 1562, 1061, 1368, 1819, 1403, 2669, 3050, 2291, 2597, 1437, 2709, 3209, 2095, 3757, 4242, 3210, 2840, 1663, 3721, 3991, 2292, 3237, 5397, 4964, 2778, 1843, 3055, 3697, 2256, 2980, 5631, 5394, 2744, 1631, 2605, 3406, 2119, 1897, 3583, 3371, 1572, 1225, 1778, 1956, 1170, 954, 1628, 1478, 751, 863, 1162, 1032, 733, 689, 901, 919, 678, 761, 793, 788, 718, 699, 800, 811, 708, 729, 782, 705, 669, 621, 754, 739, 678, 658, 696, 681, 612, 632, 895, 889, 597, 740, 765, 856, 785, 742, 1046, 935, 696, 718, 719, 845, 797, 663, 1006, 1051, 772, 592, 677, 793, 726, 638, 914, 1033, 716, 593, 776, 823, 694, 624, 786, 938, 750, 661, 771, 879, 797, 1018, 992, 1044, 1077, 951, 860, 1140, 1151, 1478, 1199, 915, 1117, 1220, 1116, 1208, 1367, 1559, 1195, 755, 964, 1188, 1124, 1023, 1429, 1170, 1005, 731, 740, 950, 965, 866, 1085, 907, 1015, 759, 617, 860, 867, 774, 712, 743, 894, 761, 678, 823, 851, 705, 639, 736, 801, 730, 788, 839, 764, 728, 692, 791, 785, 666, 694, 822, 797, 741, 742, 705, 708, 647, 624, 715, 660, 686, 740, 961, 834, 915, 972, 822, 715, 1000, 1077, 1131, 860, 1024, 1259, 1017, 813, 1127, 1265, 810, 655, 763, 1039, 854, 720, 908, 877, 700, 502, 634, 794, 681, 603, 771, 811, 793, 633, 577, 674, 724, 591, 591, 725, 814, 776, 702, 710, 696, 767, 721, 744, 768, 690, 680, 781, 633, 783, 817, 716, 760, 750, 731, 755, 669, 909, 918, 663, 615, 719, 836, 691, 510, 764, 856, 691, 593, 573, 735, 592, 548, 715, 783, 720, 602, 554, 642, 645, 594, 690, 644, 651, 668, 595, 644, 666, 633, 623, 596, 665, 745, 652, 853, 916, 668, 754, 1009, 1048, 1100, 1030, 1381, 1230, 843, 1077, 1866, 1833, 1329, 1055, 1336, 1302, 961, 974, 1693, 1878, 968, 990, 925, 844, 701, 790, 1098, 1146, 1362, 1023, 1521, 1518, 1048, 1043, 2334, 2437, 1436, 855, 1478, 1660, 1184, 975, 2345, 2596, 1164, 910, 1311, 1231, 966, 889, 1804, 2022, 952, 969, 1261, 968, 723, 888, 1623, 1630, 662, 821, 1026, 892, 589, 795, 1147, 1104, 793, 919, 984, 856, 879, 805, 897, 1011, 722, 735, 794, 765, 809, 706, 788, 815, 678, 745, 992, 877, 640, 627, 887, 975, 836, 902, 1104, 864, 666, 838, 1035, 1048, 766, 785, 868, 869, 727, 848, 969, 924, 656, 812, 913, 744, 698, 841, 954, 885, 673, 646, 762, 713, 660, 740, 876, 878, 678, 680, 688, 698, 595, 649, 863, 924, 664, 647, 667, 667, 592, 600, 691, 714, 681, 640, 645, 661, 576, 550, 641, 677, 509, 595, 647, 620, 504, 543, 674, 612, 624, 556, 486, 593, 553, 494, 633, 649, 648, 627, 549, 590, 502, 543, 637, 635, 461, 570, 616, 513, 448, 525, 591, 525, 500, 613, 642, 592, 452, 555, 680, 599, 560, 548, 543, 467, 458, 505, 555, 610, 540, 549, 539, 466, 452, 497, 532, 499]"
0.44612157344818115,0.4580238163471222,0.02663058042526245,-0.18614141643047333,1.0749331712722778,0.5617907047271729,-0.10286682844161987,-0.8355175256729126,1.1012077331542969,16.25,-0.13127672672271729,0.24619102478027344,18.0,-0.07133829593658447,0.0,20.5,0.1749957799911499,0.05764961242675781,24.0,0.22163045406341553,0.6481647491455078,18.0,"[514, 578, 611, 632, 654, 628, 612, 582, 491, 533, 604, 536, 609, 642, 582, 591, 639, 601, 571, 497, 616, 595, 541, 597, 663, 631, 573, 558, 619, 616, 535, 571, 538, 587, 511, 554, 542, 510, 536, 536, 436, 496, 501, 575, 569, 524, 605, 532, 465, 583, 574, 578, 545, 539, 567, 509, 616, 606, 560, 609, 525, 557, 542, 514, 534, 524, 542, 526, 584, 550, 497, 592, 624, 500, 516, 545, 603, 557, 524, 624, 581, 608, 536, 519, 594, 553, 459, 532, 586, 617, 638, 520, 522, 610, 611, 584, 450, 531, 506, 409, 463, 508, 501, 442, 604, 630, 550, 562, 566, 583, 578, 512, 522, 568, 523, 538, 579, 590, 624, 552, 546, 546, 511, 508, 556, 542, 579, 560, 428, 450, 511, 515, 514, 470, 544, 573, 556, 564, 566, 562, 530, 454, 538, 576, 541, 667, 614, 497, 545, 551, 535, 505, 551, 567, 632, 620, 639, 550, 529, 577, 567, 443, 515, 607, 614, 507, 431, 558, 578, 584, 609, 643, 628, 555, 574, 546, 688, 695, 608, 640, 654, 558, 564, 553, 643, 641, 557, 561, 569, 526, 493, 551, 474, 540, 547, 453, 441, 448, 483, 503, 611, 697, 700, 529, 509, 595, 658, 622, 693, 710, 640, 560, 627, 705, 641, 593, 615, 594, 572, 508, 573, 693, 652, 541, 575, 528, 474, 494, 517, 532, 446, 461, 674, 605, 461, 504, 652, 612, 561, 577, 627, 620, 603, 550, 575, 525, 547, 614, 576, 517, 541, 548, 497, 505, 582, 598, 461, 582, 548, 502, 536, 497, 534, 546, 485, 612, 563, 438, 546, 501, 531, 476, 527, 619, 556, 444, 509, 622, 633, 531, 595, 619, 531, 541, 551, 579, 548, 519, 568, 604, 520, 532, 601, 679, 640, 566, 575, 571, 639, 598, 589, 664, 683, 607, 549, 607, 534, 457, 558, 552, 521, 551, 520, 502, 447, 510, 519, 510, 518, 558, 628, 575, 535, 516, 467, 452, 507, 605, 1194, 673, 1165, 1162, 763, 650, 1275, 1600, 2615, 1444, 3192, 2619, 1423, 1173, 3463, 4464, 3074, 2041, 4105, 3189, 1678, 1640, 4663, 5754, 1926, 1529, 2583, 2095, 1191, 1380, 3091, 3528, 985, 1101, 1361, 1049, 728, 900, 1551, 1560, 636, 805, 843, 650, 574, 712, 798, 792, 593, 624, 648, 641, 628, 688, 766, 681, 2217, 1071, 2421, 1937, 1075, 1285, 3385, 4000, 7162, 5394, 11440, 8385, 2818, 4709, 13850, 15796, 9506, 9345, 17856, 12745, 3785, 7503, 20615, 22798, 8332, 11691, 14298, 7932, 3552, 6800, 14486, 13515, 11645, 21636, 17732, 4879, 5540, 8205, 12124, 5390, 11168, 20999, 17043, 4358, 5293, 7209, 10968, 4360, 5303, 9353, 7328, 1838, 2580, 3286, 4659, 1684, 1739, 2519, 1925, 939, 1082, 1119, 1361, 964, 942, 1382, 1252, 782, 745, 1014, 1161, 895, 1153, 1919, 1956, 1209, 753, 1265, 1770, 1423, 1423, 2562, 2655, 1498, 808, 1548, 2526, 2171, 1749, 2746, 2725, 1476, 1026, 1639, 2383, 2165, 1429, 3017, 2927, 1396, 1081, 1730, 2329, 1697, 1204, 2103, 2068, 1176, 1107, 1346, 1365, 1131, 1091, 1868, 1844, 1181, 932, 1406, 1562, 1223, 1734, 2233, 2076, 1564, 1060, 1878, 2305, 1793, 1988, 2353, 2053, 1575, 1158, 2147, 2256, 1687, 1639, 1928, 1720, 1223, 1026, 1675, 1779, 1263, 2093, 3473, 3017, 1477, 1128, 1751, 2174, 1368, 3169, 5291, 4437, 1743, 1336, 2037, 2592, 1568, 2466, 3974, 3419, 1723, 1005, 1276, 1709, 1259, 1477, 3252, 3855, 2320, 859, 1402, 1759, 1570, 954, 2294, 2807, 1751, 678, 1187, 1402, 1214, 831, 1056, 1182, 1013, 821, 836, 904, 899, 822, 1075, 922, 699, 785, 794, 724, 609, 1033, 1821, 1641, 997, 946, 1149, 1434, 1054, 1277, 2386, 2154, 1153, 774, 1440, 1969, 1345, 1040, 1780, 1634, 981, 695, 1128, 1541, 1128, 849, 1208, 1001, 764, 706, 785, 964, 672, 912, 1132, 938, 713, 721, 778, 826, 674, 836, 877, 791, 675, 651, 734, 712, 704, 667, 760, 773, 599, 641, 667, 645, 564, 644, 882, 813, 631, 802, 795, 635, 540, 681, 952, 885, 636, 692, 727, 659, 573, 832, 987, 734, 648, 727, 700, 707, 687, 726, 770, 791, 720, 663, 543, 695, 765, 665, 695, 720, 666, 597, 644, 728, 662, 728, 738, 676, 557, 631, 643, 634, 699, 683, 706, 614, 689, 726, 617, 626, 649, 664, 704, 672, 628, 692, 631, 660, 615, 642, 694, 764, 695, 609, 662, 608, 576, 664, 730, 750, 694, 665, 699, 609, 560, 668, 742, 750, 768, 779, 711, 619, 602, 612, 697, 707, 677, 667, 639, 668, 656, 618, 580, 535, 619, 611, 580, 621, 602, 760, 604, 559, 715, 711, 567, 541, 701, 863, 715, 688, 785, 680, 657, 734, 872, 924, 706, 658, 771, 637, 600, 709, 881, 638, 575, 653, 620, 556, 538, 673, 696, 619, 570, 694, 670, 564, 532, 600, 650, 748, 641, 715, 688, 636, 603, 606, 771, 764, 542, 613, 661, 692, 539, 600, 877, 610, 498, 552, 533, 590, 516, 517, 657, 631, 575, 748, 705, 600, 520, 634, 773, 662, 572, 713, 742, 663, 556, 611, 720, 671, 616, 671, 760, 793, 678, 640, 736, 873, 696, 815, 841, 776, 727, 908, 1063, 1097, 800, 1172, 984, 722, 896, 1429, 1545, 1056, 830, 1216, 937, 834, 941, 1313, 1475, 912, 735, 977, 916, 780, 701, 1192, 1331, 865, 1020, 1393, 1132, 689, 900, 1640, 1647, 768, 1161, 1273, 974, 736, 1020, 1587, 1405, 765, 1213, 1163, 833, 840, 1263, 1620, 1246, 842, 1143, 1311, 901, 720, 1294, 1753, 1437, 808, 769, 936, 830, 741, 885, 1200, 1128, 742, 962, 1048, 935, 722, 819, 1148, 1077, 706, 1009, 1033, 798, 661, 792, 1052, 970, 758, 765, 793, 737, 648, 716, 810, 851, 1019, 1046, 1097, 854, 721, 854, 947, 1091, 1016, 1043, 1119, 1067, 845, 1072, 1151, 1136, 859, 796, 882, 879, 741, 1023, 956, 779, 741, 837, 1097, 909, 598, 1002, 1091, 790, 665, 865, 995, 762, 620, 790, 890, 739, 591, 685, 850, 699, 638, 745, 764, 733, 604, 584, 658, 608, 505, 567, 649, 671, 593, 595, 610, 615, 511, 570, 633, 589, 524, 561, 579, 518, 428, 669, 724, 537, 470, 587, 632, 591, 503, 586, 637, 509, 539, 549, 549, 542, 560, 584, 594, 546, 540, 491, 511, 567, 492, 494, 548, 570]"
0.291179358959198,0.46152690052986145,0.4200052320957184,-0.5416401624679565,0.968419075012207,1.106764793395996,-0.5325074195861816,-0.02486574649810791,-0.5228519439697266,18.25,0.021196722984313965,0.20928382873535156,18.0,0.08442533016204834,-0.10542869567871094,17.25,0.30272138118743896,-0.0606536865234375,21.0,0.32904279232025146,-0.2789497375488281,16.75,"[632, 692, 693, 684, 713, 685, 696, 693, 599, 602, 607, 609, 731, 724, 641, 592, 529, 585, 550, 536, 611, 637, 568, 496, 572, 567, 427, 527, 581, 543, 546, 484, 531, 513, 479, 529, 544, 448, 428, 477, 474, 460, 503, 548, 525, 480, 483, 493, 535, 496, 461, 519, 583, 521, 480, 553, 546, 539, 486, 577, 671, 560, 529, 592, 541, 547, 548, 547, 551, 529, 539, 554, 557, 538, 571, 544, 546, 450, 554, 619, 546, 522, 601, 615, 525, 461, 521, 596, 480, 594, 577, 538, 519, 483, 501, 460, 523, 502, 567, 559, 523, 481, 499, 538, 543, 503, 651, 645, 508, 519, 583, 609, 517, 550, 559, 536, 504, 523, 604, 569, 612, 533, 528, 626, 659, 582, 555, 633, 532, 552, 594, 624, 651, 586, 515, 501, 526, 534, 563, 525, 529, 557, 547, 555, 514, 487, 508, 498, 454, 432, 489, 544, 466, 501, 505, 512, 497, 510, 439, 445, 567, 559, 561, 502, 491, 453, 418, 515, 520, 625, 674, 565, 542, 580, 602, 558, 527, 684, 694, 534, 609, 608, 594, 571, 631, 584, 555, 517, 617, 577, 578, 672, 624, 568, 553, 583, 568, 524, 526, 601, 727, 734, 634, 636, 642, 651, 598, 570, 727, 781, 698, 650, 654, 755, 704, 559, 582, 588, 629, 572, 621, 644, 609, 562, 554, 493, 532, 565, 539, 579, 589, 617, 599, 540, 529, 539, 549, 607, 626, 580, 627, 512, 530, 565, 550, 575, 615, 642, 563, 534, 547, 526, 505, 567, 699, 637, 586, 564, 466, 535, 531, 493, 514, 530, 624, 570, 577, 598, 561, 521, 555, 623, 669, 580, 571, 607, 603, 441, 506, 647, 645, 607, 581, 680, 688, 539, 528, 642, 550, 580, 574, 578, 630, 607, 553, 547, 633, 595, 616, 595, 613, 689, 680, 623, 671, 619, 592, 529, 579, 667, 528, 643, 554, 649, 609, 578, 600, 613, 623, 603, 474, 542, 562, 518, 515, 530, 468, 447, 559, 524, 563, 631, 505, 579, 635, 504, 528, 470, 536, 587, 537, 537, 567, 561, 636, 733, 808, 704, 639, 637, 704, 678, 1285, 2189, 2535, 1708, 876, 1370, 2278, 2133, 1936, 4100, 4825, 3033, 1270, 2507, 4442, 4111, 1709, 3909, 4223, 2303, 1051, 2417, 4098, 3424, 1128, 2008, 1903, 995, 713, 1500, 2032, 1484, 704, 960, 840, 559, 581, 856, 986, 783, 620, 600, 641, 673, 626, 629, 680, 700, 1137, 1196, 1466, 1064, 676, 902, 1433, 1634, 4201, 8117, 9202, 4977, 1919, 4992, 9217, 8302, 7322, 20799, 22526, 10495, 4209, 11874, 21340, 17080, 6327, 24704, 26288, 11400, 4893, 12750, 22513, 16756, 4616, 14635, 15378, 6517, 3310, 6912, 11732, 8622, 1808, 4522, 4809, 2196, 1347, 2357, 3204, 2559, 921, 1317, 1284, 729, 685, 918, 961, 741, 734, 806, 653, 596, 612, 674, 632, 559, 1164, 2469, 2646, 1307, 1167, 1828, 1373, 1082, 4153, 8555, 8368, 3594, 3852, 5109, 3200, 2440, 6138, 12157, 11335, 4676, 5353, 6366, 4772, 3499, 4502, 8983, 8271, 3518, 3554, 4050, 4602, 3344, 2075, 3096, 2683, 1407, 1543, 1787, 1840, 1740, 1871, 3766, 3220, 1206, 1180, 1963, 2678, 1407, 1819, 3783, 3287, 1266, 996, 1899, 2774, 1558, 1291, 2199, 1868, 921, 802, 1104, 1557, 1123, 975, 1365, 1056, 553, 650, 776, 1002, 691, 892, 1081, 937, 669, 691, 735, 777, 730, 922, 995, 1041, 873, 820, 811, 788, 807, 1117, 1494, 1265, 885, 933, 932, 901, 779, 1199, 1540, 1207, 747, 871, 792, 766, 680, 1124, 1364, 1245, 805, 741, 808, 911, 842, 1017, 1427, 1225, 751, 691, 981, 1074, 859, 873, 1253, 1058, 682, 751, 892, 860, 643, 827, 1111, 929, 736, 780, 863, 741, 602, 679, 818, 781, 655, 746, 699, 688, 641, 773, 713, 616, 539, 584, 623, 654, 626, 1057, 1288, 1075, 674, 871, 939, 813, 711, 1135, 1365, 1041, 664, 989, 1102, 856, 712, 703, 845, 847, 728, 705, 720, 682, 614, 811, 1025, 852, 589, 688, 789, 646, 533, 906, 906, 718, 682, 728, 666, 529, 631, 675, 597, 656, 648, 643, 680, 605, 675, 675, 698, 639, 600, 639, 533, 508, 592, 714, 721, 584, 557, 642, 573, 571, 618, 749, 798, 704, 666, 721, 697, 701, 661, 672, 772, 783, 738, 624, 638, 743, 720, 633, 729, 737, 765, 717, 648, 715, 761, 590, 581, 718, 707, 681, 672, 686, 704, 708, 707, 718, 680, 594, 663, 673, 577, 674, 670, 651, 698, 656, 679, 698, 616, 560, 652, 687, 578, 598, 611, 641, 600, 579, 630, 612, 597, 567, 564, 493, 561, 572, 582, 600, 582, 662, 611, 529, 535, 595, 598, 519, 575, 618, 591, 598, 543, 631, 560, 547, 657, 688, 558, 591, 616, 707, 643, 540, 694, 738, 603, 583, 633, 802, 721, 561, 586, 697, 715, 718, 814, 708, 652, 597, 579, 610, 728, 720, 738, 566, 673, 623, 519, 673, 750, 588, 546, 677, 720, 607, 517, 592, 676, 545, 544, 596, 613, 577, 627, 694, 614, 570, 575, 589, 630, 644, 671, 721, 674, 681, 708, 652, 768, 641, 659, 788, 746, 701, 575, 571, 674, 713, 703, 618, 656, 717, 679, 746, 894, 1027, 819, 631, 824, 1137, 1128, 1098, 1219, 1508, 923, 659, 989, 1800, 1956, 995, 1224, 1516, 999, 674, 1135, 1888, 1909, 1034, 1209, 1277, 842, 769, 1168, 1523, 1354, 989, 902, 1043, 742, 736, 926, 1208, 1292, 841, 902, 870, 681, 670, 823, 1225, 1209, 925, 1320, 1216, 824, 681, 1043, 1299, 1054, 1410, 1723, 1335, 738, 794, 1086, 1041, 694, 1416, 1457, 1197, 812, 840, 977, 1065, 1075, 1242, 972, 986, 981, 796, 825, 1156, 1452, 1012, 1014, 1069, 855, 665, 888, 1328, 1385, 774, 1038, 940, 674, 601, 787, 1102, 912, 705, 888, 755, 603, 518, 753, 961, 687, 762, 880, 824, 644, 595, 822, 893, 791, 760, 973, 852, 659, 659, 728, 806, 791, 479, 794, 822, 539, 478, 593, 783, 626, 525, 688, 712, 622, 512, 594, 630, 557, 580, 683, 757, 669, 507, 551, 642, 556, 514, 660, 766, 647, 466, 633, 667, 552, 499, 555, 495, 476, 481, 512, 572, 539, 546, 591, 534, 415, 494, 622, 617, 557, 493, 534, 479, 455, 500, 524, 511, 449, 414, 452, 463, 435, 413, 482, 450, 392]"
0.23845840990543365,0.13763880729675293,0.577915608882904,-0.5853424668312073,0.24296939373016357,1.0647541284561157,-0.5496446490287781,-0.20766091346740723,-0.5883693695068359,21.75,-0.18563103675842285,-0.5308628082275391,15.75,0.04139113426208496,0.2124309539794922,15.75,0.07071661949157715,0.053501129150390625,22.0,0.08115935325622559,0.0537872314453125,21.0,"[490, 476, 587, 625, 562, 624, 587, 479, 450, 487, 563, 697, 597, 609, 571, 476, 474, 581, 617, 596, 475, 576, 607, 472, 493, 480, 540, 517, 532, 541, 509, 528, 436, 509, 529, 517, 471, 403, 485, 473, 442, 440, 484, 524, 498, 451, 526, 485, 513, 555, 502, 533, 514, 493, 513, 477, 500, 625, 619, 593, 507, 517, 654, 529, 414, 505, 544, 497, 480, 593, 611, 503, 554, 465, 524, 521, 507, 503, 595, 622, 668, 531, 516, 573, 557, 471, 473, 657, 555, 535, 506, 512, 568, 627, 585, 595, 611, 629, 570, 520, 600, 644, 537, 506, 596, 631, 519, 483, 670, 653, 490, 480, 538, 585, 531, 498, 592, 616, 658, 602, 626, 672, 638, 553, 536, 605, 764, 686, 675, 652, 616, 553, 546, 597, 673, 649, 491, 562, 587, 596, 525, 574, 634, 511, 404, 463, 522, 561, 489, 450, 506, 491, 595, 604, 483, 538, 570, 625, 604, 528, 584, 627, 529, 538, 559, 589, 622, 518, 538, 588, 505, 568, 640, 586, 609, 550, 498, 560, 598, 531, 495, 554, 606, 521, 616, 580, 617, 540, 558, 643, 600, 627, 508, 536, 516, 480, 460, 557, 549, 517, 621, 618, 616, 551, 545, 501, 568, 561, 596, 531, 502, 545, 626, 541, 495, 553, 531, 572, 510, 459, 514, 508, 492, 486, 501, 570, 544, 582, 546, 465, 569, 568, 572, 520, 623, 638, 613, 621, 569, 543, 545, 691, 629, 540, 609, 655, 604, 510, 573, 571, 601, 617, 602, 577, 571, 601, 512, 487, 529, 504, 554, 569, 548, 570, 510, 482, 535, 565, 522, 555, 512, 521, 570, 545, 577, 627, 594, 555, 525, 563, 538, 499, 496, 605, 602, 533, 552, 589, 451, 477, 505, 543, 496, 455, 504, 510, 572, 551, 567, 601, 617, 532, 447, 538, 589, 605, 592, 635, 626, 502, 615, 665, 508, 530, 586, 614, 584, 606, 703, 594, 576, 481, 414, 491, 496, 511, 584, 618, 703, 685, 593, 757, 742, 561, 542, 633, 708, 672, 692, 676, 722, 752, 643, 599, 737, 650, 726, 714, 671, 707, 629, 653, 747, 834, 874, 693, 527, 635, 799, 799, 1559, 3234, 3211, 1603, 890, 2148, 3363, 2520, 2527, 6687, 6569, 2807, 1287, 4435, 7139, 5138, 2019, 5916, 5714, 2254, 1198, 4013, 6410, 4498, 991, 2216, 2031, 917, 756, 1734, 2493, 1766, 2647, 3786, 2636, 602, 1544, 1384, 1498, 590, 13625, 22681, 16655, 2169, 7161, 6640, 10182, 2161, 23026, 42514, 33204, 6183, 12243, 12857, 21537, 7530, 16919, 36088, 30365, 8090, 8919, 12499, 21955, 11261, 11842, 28182, 25824, 8752, 6999, 10662, 17362, 10996, 12527, 28775, 26396, 8565, 8844, 10934, 14404, 8968, 8206, 17290, 15323, 4626, 5913, 6798, 7812, 4334, 3015, 5460, 4471, 1270, 2058, 2235, 2164, 1030, 1252, 1958, 1551, 792, 886, 1073, 1170, 735, 1255, 2296, 1961, 850, 960, 1125, 1450, 1013, 1704, 3294, 3111, 1487, 1133, 1196, 2291, 1953, 2194, 4347, 4211, 1985, 1278, 1822, 3104, 2463, 3412, 6758, 6031, 2425, 1785, 2943, 4537, 2856, 3356, 7332, 6585, 2383, 1863, 3228, 5051, 3055, 2105, 4674, 4392, 1694, 1416, 2333, 3185, 2067, 1340, 2904, 2805, 1181, 1008, 1723, 1908, 1252, 1039, 1922, 1811, 889, 718, 1186, 1403, 893, 971, 1567, 1337, 675, 716, 808, 1035, 744, 885, 1211, 1118, 774, 743, 762, 818, 674, 1041, 1173, 1551, 1253, 949, 1201, 1060, 1001, 1244, 1878, 2457, 1821, 1003, 1385, 1278, 1273, 1000, 1215, 1627, 1292, 827, 966, 1035, 1113, 848, 1020, 1012, 780, 689, 791, 1037, 904, 835, 1313, 1369, 769, 642, 1031, 1334, 1135, 833, 1234, 1272, 767, 699, 983, 1150, 984, 747, 1092, 1064, 670, 616, 722, 930, 865, 625, 889, 921, 665, 594, 566, 774, 768, 628, 708, 736, 590, 634, 702, 661, 696, 750, 827, 760, 640, 708, 736, 678, 650, 676, 891, 831, 577, 591, 642, 678, 632, 774, 1050, 1033, 676, 659, 797, 719, 668, 962, 1297, 1177, 715, 740, 879, 765, 665, 975, 1191, 980, 674, 816, 808, 708, 645, 783, 825, 770, 682, 675, 674, 654, 714, 628, 686, 683, 600, 608, 730, 705, 661, 675, 571, 688, 626, 655, 706, 650, 754, 663, 690, 692, 654, 684, 687, 652, 715, 653, 704, 718, 619, 546, 548, 549, 667, 566, 707, 791, 673, 610, 665, 683, 622, 813, 877, 707, 572, 649, 810, 734, 600, 789, 858, 629, 537, 730, 996, 814, 531, 590, 663, 640, 611, 545, 678, 721, 557, 550, 622, 659, 656, 672, 616, 670, 670, 576, 617, 694, 632, 620, 659, 629, 640, 639, 610, 677, 676, 593, 639, 718, 698, 676, 635, 606, 656, 644, 702, 697, 650, 632, 677, 691, 644, 598, 710, 659, 593, 641, 704, 650, 676, 507, 581, 664, 604, 651, 608, 513, 545, 553, 628, 674, 590, 659, 754, 636, 563, 571, 652, 714, 641, 597, 659, 636, 515, 529, 623, 732, 662, 708, 697, 621, 607, 691, 785, 880, 721, 725, 743, 750, 684, 714, 796, 803, 720, 640, 550, 673, 733, 672, 618, 628, 699, 577, 579, 642, 715, 655, 545, 597, 641, 590, 558, 511, 586, 711, 611, 588, 606, 634, 795, 861, 708, 641, 766, 968, 944, 696, 963, 1270, 899, 646, 818, 1433, 1445, 882, 860, 1174, 936, 673, 855, 1338, 1430, 693, 644, 752, 742, 667, 677, 806, 817, 762, 831, 847, 703, 676, 834, 844, 726, 871, 1150, 1066, 719, 738, 831, 970, 899, 825, 1383, 1214, 628, 707, 797, 909, 733, 731, 1113, 1245, 878, 697, 686, 1048, 1126, 761, 886, 1007, 789, 598, 740, 1034, 1106, 737, 810, 867, 702, 585, 696, 1077, 1115, 665, 896, 1016, 694, 474, 837, 1262, 1096, 641, 1019, 1152, 832, 583, 790, 1103, 944, 799, 1129, 1120, 765, 679, 887, 1032, 877, 721, 1039, 1100, 771, 638, 815, 881, 704, 524, 754, 927, 778, 525, 700, 846, 666, 553, 822, 1023, 924, 583, 691, 904, 754, 616, 713, 855, 804, 608, 714, 680, 580, 691, 659, 700, 681, 587, 792, 744, 599, 684, 673, 604, 519, 534, 765, 726, 533, 608, 654, 546, 469, 541, 662, 600, 516, 422, 529, 538, 402, 494, 482, 426, 426, 445, 413, 414, 439, 451, 468, 442, 447, 415, 391, 467, 496, 394, 441, 409, 426]"
0.18633612990379333,-0.17351654171943665,0.5565148591995239,-0.618922233581543,-0.37338149547576904,0.7197842597961426,-0.5519823431968689,-0.11295711994171143,0.3131389617919922,17.25,-0.1017991304397583,0.4192829132080078,15.25,-0.038570523262023926,-0.18181800842285156,22.0,0.1586970090866089,0.0,21.75,0.17529094219207764,-0.058650970458984375,20.0,"[624, 652, 729, 776, 814, 769, 729, 658, 589, 528, 627, 757, 766, 603, 609, 644, 568, 580, 548, 524, 469, 613, 589, 533, 477, 564, 471, 464, 578, 566, 457, 433, 529, 598, 585, 521, 461, 524, 518, 491, 500, 507, 545, 541, 501, 518, 533, 535, 404, 466, 503, 522, 510, 575, 593, 475, 472, 492, 466, 462, 545, 546, 593, 534, 522, 522, 493, 521, 523, 522, 567, 543, 534, 605, 478, 557, 574, 599, 582, 514, 582, 558, 596, 665, 657, 628, 566, 522, 592, 506, 564, 587, 689, 749, 594, 540, 533, 533, 550, 572, 674, 628, 492, 472, 500, 561, 570, 528, 630, 680, 615, 516, 550, 512, 533, 494, 587, 638, 488, 506, 565, 541, 599, 598, 596, 606, 496, 539, 552, 470, 528, 555, 582, 552, 464, 569, 546, 542, 571, 518, 573, 596, 548, 592, 487, 599, 607, 551, 571, 612, 647, 566, 643, 585, 572, 602, 560, 617, 642, 614, 542, 496, 542, 537, 576, 578, 489, 517, 569, 562, 605, 550, 598, 590, 548, 592, 520, 535, 585, 526, 555, 636, 573, 553, 510, 542, 638, 574, 544, 626, 582, 599, 510, 552, 572, 554, 604, 563, 555, 544, 479, 548, 613, 565, 465, 470, 544, 508, 564, 615, 714, 678, 516, 456, 474, 547, 514, 617, 632, 598, 543, 543, 573, 532, 454, 517, 543, 570, 523, 540, 545, 521, 564, 561, 536, 571, 566, 556, 587, 496, 553, 444, 402, 498, 511, 525, 510, 522, 599, 542, 617, 582, 517, 513, 591, 657, 506, 566, 651, 617, 492, 542, 612, 601, 512, 684, 768, 644, 548, 588, 676, 586, 512, 613, 711, 623, 497, 566, 612, 542, 546, 553, 613, 578, 494, 534, 565, 532, 598, 566, 474, 564, 564, 585, 544, 534, 563, 532, 526, 617, 578, 471, 564, 553, 511, 538, 523, 536, 616, 605, 566, 546, 539, 573, 618, 581, 567, 600, 617, 594, 584, 584, 520, 522, 526, 475, 503, 518, 637, 626, 549, 567, 564, 532, 548, 562, 632, 574, 548, 576, 589, 534, 567, 597, 569, 711, 784, 700, 583, 620, 725, 684, 805, 1772, 2324, 1597, 761, 1236, 2317, 2140, 954, 3190, 4024, 2331, 777, 2085, 4192, 3753, 846, 2541, 2872, 1510, 685, 1864, 3260, 2696, 687, 1008, 1031, 751, 638, 819, 1064, 877, 1562, 2046, 1476, 845, 978, 884, 1062, 991, 4464, 8011, 6030, 1146, 2566, 3058, 4458, 1780, 4260, 13825, 13183, 4896, 3314, 7653, 12589, 8470, 5760, 16326, 17867, 9070, 4711, 12257, 19371, 15679, 11516, 22953, 20790, 8140, 8061, 13731, 19087, 14133, 10232, 19833, 16807, 4937, 6711, 9401, 12698, 7924, 4145, 7392, 5997, 1804, 2625, 3634, 4384, 2299, 1323, 2069, 2018, 1025, 1165, 1581, 1316, 987, 1015, 1636, 1608, 928, 703, 1143, 1247, 986, 982, 1744, 1757, 984, 841, 1478, 1576, 1017, 975, 1793, 1834, 971, 991, 1495, 1395, 901, 1523, 2373, 2264, 1183, 1146, 1388, 1455, 1295, 1575, 2323, 2104, 1113, 1249, 1390, 1349, 1234, 1398, 2336, 1832, 782, 963, 1698, 1923, 1039, 2152, 3885, 3016, 1006, 1021, 2171, 2928, 1542, 1963, 3204, 2398, 1029, 908, 1998, 2497, 1219, 1801, 2484, 2146, 1244, 944, 1886, 1998, 1167, 1499, 2128, 2336, 1454, 780, 1414, 1373, 1221, 1143, 2356, 2648, 1472, 662, 1078, 1139, 1164, 1216, 2691, 2780, 1470, 768, 901, 1324, 1150, 1096, 2261, 2339, 1226, 578, 671, 1241, 1031, 1018, 2280, 2655, 1500, 784, 962, 1310, 1343, 749, 1774, 2150, 1349, 659, 858, 1223, 1167, 792, 1306, 1664, 1337, 877, 938, 971, 985, 1077, 1177, 1138, 1159, 1085, 993, 795, 817, 992, 1074, 839, 845, 841, 768, 666, 827, 558, 814, 907, 681, 562, 717, 764, 728, 578, 809, 900, 608, 527, 725, 856, 765, 632, 795, 832, 631, 609, 705, 758, 732, 644, 755, 701, 650, 699, 598, 681, 658, 581, 770, 743, 701, 698, 607, 663, 576, 658, 738, 638, 597, 656, 707, 583, 561, 708, 838, 824, 578, 621, 802, 682, 651, 701, 917, 964, 712, 741, 840, 795, 748, 671, 861, 883, 675, 711, 788, 805, 737, 762, 885, 827, 684, 721, 741, 743, 728, 669, 704, 752, 641, 656, 605, 550, 643, 555, 659, 782, 726, 673, 594, 636, 754, 587, 650, 740, 698, 618, 682, 783, 716, 669, 829, 865, 634, 593, 648, 648, 671, 802, 977, 1029, 839, 713, 824, 810, 786, 806, 851, 872, 701, 649, 773, 777, 732, 668, 786, 817, 649, 558, 688, 651, 666, 683, 741, 741, 671, 542, 607, 724, 722, 564, 603, 687, 708, 549, 622, 651, 630, 614, 665, 681, 645, 513, 613, 630, 592, 608, 623, 659, 593, 562, 676, 641, 631, 682, 693, 617, 562, 545, 642, 656, 597, 678, 625, 550, 578, 652, 640, 639, 628, 674, 646, 612, 608, 668, 689, 756, 737, 665, 796, 657, 524, 667, 716, 655, 592, 668, 844, 672, 529, 649, 643, 698, 683, 597, 704, 637, 583, 577, 549, 659, 630, 760, 732, 764, 618, 591, 609, 709, 810, 768, 756, 664, 600, 676, 599, 621, 759, 739, 685, 699, 572, 635, 628, 610, 760, 821, 858, 947, 647, 682, 687, 957, 1062, 904, 1164, 1349, 843, 687, 947, 1777, 1833, 855, 953, 1214, 789, 605, 943, 1745, 1770, 821, 800, 978, 835, 714, 850, 1035, 1035, 829, 824, 919, 880, 735, 760, 795, 864, 1141, 1009, 1140, 1057, 736, 861, 1076, 1151, 1309, 1368, 1172, 860, 829, 924, 953, 916, 990, 1127, 1000, 813, 779, 774, 850, 842, 760, 843, 699, 615, 637, 795, 924, 840, 604, 592, 598, 616, 667, 691, 860, 805, 700, 1167, 1051, 733, 587, 742, 1068, 905, 787, 1297, 1174, 761, 637, 853, 1249, 985, 760, 1033, 965, 809, 637, 859, 1200, 931, 813, 957, 919, 791, 772, 859, 1037, 967, 791, 805, 1077, 946, 661, 665, 873, 1033, 800, 760, 1015, 862, 582, 731, 866, 1042, 581, 661, 606, 569, 556, 589, 564, 549, 564, 610, 557, 633, 663, 666, 641, 515, 467, 552, 635, 652, 593, 585, 580, 478, 485, 513, 566, 510, 493, 551, 568, 538, 428, 468, 476, 461, 509, 493, 466, 500, 438, 493, 509, 450, 480, 443, 481, 458, 533, 554, 442, 432, 459, 381, 381, 461, 611, 507, 434, 529, 458, 498, 466, 505]"
0.14555178582668304,-0.3128161132335663,0.7274972200393677,-0.51817786693573,-0.4552549719810486,0.7535477876663208,-0.3078882694244385,-0.12626850605010986,-0.4261493682861328,23.0,-0.03085339069366455,0.0,16.75,-0.008108258247375488,0.05950927734375,21.5,0.06670749187469482,0.0,23.5,0.09546077251434326,0.12159347534179688,21.25,"[622, 589, 609, 680, 609, 677, 609, 585, 580, 647, 610, 654, 696, 654, 621, 574, 505, 602, 638, 568, 470, 559, 560, 490, 565, 500, 513, 556, 464, 480, 552, 574, 545, 485, 573, 588, 532, 560, 610, 575, 627, 546, 624, 632, 598, 638, 635, 699, 496, 518, 598, 542, 524, 611, 545, 544, 440, 562, 618, 575, 536, 529, 563, 540, 480, 582, 505, 507, 566, 500, 504, 469, 568, 662, 522, 472, 562, 603, 505, 399, 552, 610, 556, 434, 492, 604, 514, 421, 470, 504, 521, 431, 486, 546, 573, 483, 539, 574, 536, 452, 440, 523, 540, 518, 567, 650, 635, 512, 465, 555, 600, 564, 687, 703, 656, 527, 516, 593, 631, 609, 641, 609, 640, 574, 574, 531, 564, 608, 540, 432, 490, 568, 501, 448, 490, 593, 538, 484, 496, 608, 566, 515, 511, 563, 498, 534, 598, 514, 482, 583, 535, 540, 557, 522, 533, 525, 562, 544, 492, 544, 545, 615, 536, 464, 551, 571, 511, 503, 605, 681, 616, 561, 645, 663, 594, 548, 463, 528, 563, 558, 600, 556, 552, 497, 494, 538, 533, 496, 522, 586, 546, 387, 485, 550, 458, 481, 552, 561, 507, 426, 574, 589, 511, 428, 513, 502, 517, 489, 550, 548, 512, 519, 549, 535, 523, 482, 627, 568, 475, 563, 610, 533, 423, 476, 599, 515, 537, 565, 567, 519, 499, 593, 667, 596, 540, 500, 512, 548, 564, 650, 580, 642, 571, 497, 552, 631, 546, 544, 471, 630, 706, 556, 590, 705, 682, 527, 387, 501, 641, 534, 452, 552, 612, 511, 576, 572, 564, 546, 578, 607, 610, 581, 631, 543, 571, 533, 566, 588, 547, 627, 629, 598, 494, 477, 500, 508, 551, 541, 505, 603, 522, 504, 448, 412, 514, 444, 552, 605, 565, 536, 526, 516, 574, 537, 540, 553, 605, 564, 410, 617, 682, 590, 555, 622, 607, 591, 465, 585, 630, 473, 543, 567, 623, 571, 555, 549, 551, 541, 636, 504, 572, 592, 498, 539, 570, 624, 644, 558, 571, 594, 630, 662, 530, 539, 521, 597, 644, 611, 620, 652, 696, 694, 758, 668, 737, 571, 614, 682, 777, 908, 965, 589, 912, 873, 728, 601, 861, 1179, 1096, 679, 1149, 1082, 836, 638, 1188, 1504, 825, 726, 1119, 1018, 752, 598, 1092, 1264, 1051, 1631, 1808, 1235, 713, 933, 1365, 1272, 1659, 4687, 4847, 2209, 1208, 2072, 3461, 2535, 2614, 5023, 4991, 2340, 1344, 2468, 4614, 3925, 2285, 6227, 7005, 3428, 1240, 4482, 8575, 7369, 3178, 10617, 10730, 4227, 2004, 6980, 11690, 8506, 3544, 10533, 10369, 4102, 2158, 6349, 10121, 6897, 2367, 5887, 5835, 2558, 1339, 3661, 5602, 3822, 1102, 1834, 1728, 1013, 828, 1327, 1612, 1099, 621, 908, 926, 682, 570, 794, 910, 774, 604, 1166, 1195, 778, 629, 888, 1163, 941, 693, 1277, 1354, 830, 762, 919, 1045, 949, 805, 1408, 1804, 1293, 766, 1143, 1559, 1307, 1456, 3810, 4253, 2387, 942, 2057, 3419, 2725, 1021, 4087, 4697, 2490, 796, 2036, 3782, 3087, 916, 1568, 2092, 1536, 804, 732, 1492, 1674, 1245, 1375, 955, 828, 962, 951, 888, 805, 1139, 1589, 1341, 713, 726, 794, 988, 964, 857, 1307, 1305, 732, 612, 707, 819, 735, 892, 1522, 1602, 1007, 632, 788, 931, 843, 1397, 2678, 2606, 1335, 832, 1063, 1556, 1170, 1874, 3406, 2928, 1174, 876, 1564, 2037, 1102, 1930, 2948, 2107, 681, 902, 1645, 1780, 672, 1388, 1985, 1578, 920, 865, 1286, 1279, 732, 874, 1229, 1183, 809, 744, 926, 884, 628, 749, 963, 962, 706, 785, 855, 794, 679, 694, 842, 829, 676, 716, 776, 799, 700, 627, 767, 779, 660, 663, 810, 833, 638, 611, 834, 838, 737, 630, 680, 701, 592, 644, 786, 743, 703, 754, 649, 595, 576, 837, 851, 693, 680, 803, 797, 667, 645, 700, 787, 699, 638, 738, 752, 720, 631, 607, 755, 751, 625, 547, 594, 731, 640, 786, 919, 797, 558, 627, 746, 670, 600, 767, 991, 838, 517, 686, 797, 810, 636, 784, 878, 723, 582, 712, 811, 773, 677, 732, 764, 619, 677, 746, 705, 705, 678, 639, 632, 615, 631, 523, 610, 713, 577, 681, 681, 631, 578, 572, 563, 688, 739, 701, 713, 688, 554, 609, 705, 824, 845, 787, 847, 758, 576, 527, 625, 753, 802, 769, 794, 650, 425, 634, 657, 662, 700, 681, 710, 600, 558, 636, 676, 607, 644, 573, 579, 699, 648, 546, 661, 619, 641, 496, 615, 672, 495, 472, 579, 609, 580, 562, 585, 591, 567, 533, 503, 577, 581, 564, 620, 612, 464, 483, 566, 581, 539, 707, 625, 548, 483, 560, 513, 546, 654, 1008, 784, 644, 726, 738, 688, 1025, 1215, 1090, 833, 665, 814, 776, 902, 1181, 1325, 647, 584, 532, 535, 610, 732, 776, 791, 582, 538, 626, 640, 597, 568, 682, 751, 585, 533, 537, 609, 673, 588, 598, 657, 455, 583, 584, 551, 552, 520, 613, 538, 561, 692, 597, 606, 665, 663, 618, 506, 616, 677, 635, 578, 679, 697, 630, 513, 548, 559, 586, 546, 538, 560, 620, 621, 678, 520, 643, 655, 525, 553, 764, 858, 794, 578, 735, 749, 574, 583, 775, 965, 663, 654, 837, 822, 691, 697, 761, 821, 739, 812, 716, 676, 713, 744, 657, 618, 853, 919, 657, 609, 680, 978, 916, 626, 771, 982, 862, 717, 728, 921, 949, 645, 678, 906, 798, 635, 689, 692, 792, 654, 668, 1171, 1127, 749, 664, 948, 1220, 932, 627, 1132, 1137, 710, 706, 940, 1248, 1035, 650, 871, 929, 652, 552, 766, 905, 790, 779, 1205, 1036, 485, 688, 1099, 1154, 600, 1042, 1361, 995, 653, 758, 1338, 1397, 753, 1015, 1136, 912, 1005, 673, 1122, 1314, 743, 833, 919, 888, 907, 562, 892, 1022, 698, 630, 625, 614, 584, 464, 677, 688, 538, 557, 591, 569, 522, 444, 485, 513, 446, 563, 531, 475, 482, 536, 507, 476, 550, 658, 531, 594, 633, 644, 579, 586, 634, 840, 668, 526, 699, 692, 721, 605, 688, 678, 521, 562, 641, 562, 577, 599, 652, 534, 405, 574, 575, 411, 540, 575, 578, 446, 457, 504, 488, 434, 534, 543, 505, 522, 473, 438, 473, 451, 461, 507, 535, 476, 511, 490, 463, 473, 412, 418, 491]"
0.0845334380865097,-0.32618340849876404,0.7698447108268738,-0.5653958916664124,-0.41797545552253723,0.7007565498352051,-0.3267883360385895,-0.5861154794692993,-1.1610031127929688,23.0,-0.5124441385269165,-1.0810375213623047,22.25,-0.29743826389312744,-0.29311180114746094,30.25,-0.02049124240875244,0.0,21.5,-0.006615281105041504,0.06108283996582031,22.5,"[545, 549, 485, 555, 624, 556, 485, 545, 511, 552, 533, 564, 614, 557, 582, 612, 562, 675, 554, 521, 592, 665, 644, 558, 536, 539, 502, 533, 566, 496, 522, 550, 495, 503, 452, 481, 565, 534, 485, 468, 536, 529, 576, 565, 564, 519, 544, 565, 521, 523, 533, 508, 525, 446, 500, 511, 536, 488, 525, 548, 469, 449, 551, 565, 387, 483, 521, 508, 518, 528, 505, 422, 492, 551, 548, 541, 568, 542, 491, 497, 562, 559, 555, 507, 528, 582, 559, 559, 504, 558, 569, 519, 457, 590, 603, 523, 536, 519, 535, 575, 523, 526, 574, 535, 544, 454, 457, 589, 543, 453, 535, 549, 486, 471, 467, 580, 550, 444, 518, 549, 570, 615, 573, 576, 519, 556, 564, 544, 512, 591, 574, 467, 457, 466, 495, 501, 528, 629, 699, 568, 535, 556, 550, 565, 512, 574, 543, 492, 455, 506, 582, 505, 518, 550, 536, 512, 533, 478, 497, 472, 619, 616, 536, 569, 579, 565, 562, 589, 633, 490, 652, 660, 580, 589, 625, 742, 539, 439, 605, 647, 528, 537, 581, 605, 490, 471, 530, 559, 473, 558, 591, 510, 468, 493, 497, 531, 555, 571, 535, 535, 570, 576, 592, 607, 677, 657, 596, 593, 556, 590, 587, 587, 576, 585, 605, 561, 592, 546, 560, 497, 544, 557, 545, 587, 604, 633, 560, 463, 624, 614, 506, 565, 560, 632, 624, 524, 604, 675, 608, 595, 590, 609, 566, 528, 558, 619, 545, 509, 467, 538, 496, 411, 516, 591, 490, 401, 539, 587, 541, 518, 580, 567, 549, 509, 563, 648, 696, 644, 578, 656, 625, 536, 565, 619, 585, 527, 550, 593, 561, 496, 538, 499, 531, 650, 517, 462, 568, 577, 677, 625, 534, 595, 563, 465, 546, 606, 560, 613, 596, 556, 567, 546, 583, 591, 548, 606, 546, 496, 505, 494, 476, 478, 528, 566, 526, 575, 554, 528, 608, 563, 530, 562, 569, 536, 555, 548, 584, 531, 601, 611, 520, 478, 585, 564, 548, 544, 557, 600, 522, 512, 601, 592, 532, 531, 597, 557, 591, 666, 608, 577, 582, 638, 662, 593, 643, 605, 632, 707, 599, 611, 876, 721, 995, 838, 688, 751, 1059, 1228, 1213, 1225, 2134, 1589, 896, 1074, 2325, 2551, 1112, 1923, 2782, 1807, 880, 1487, 3112, 3104, 850, 1936, 2339, 1337, 621, 1308, 2512, 2318, 3544, 7654, 6897, 2290, 2165, 2897, 4034, 2164, 9738, 21290, 19075, 5941, 5835, 7561, 10673, 5281, 11319, 22169, 19153, 5780, 6964, 8539, 10536, 5066, 6621, 12716, 14315, 7387, 4069, 8170, 13845, 11261, 4064, 17168, 18697, 8642, 3021, 9194, 17574, 13856, 2769, 11344, 11539, 4712, 2002, 5443, 10155, 7395, 1486, 3797, 3632, 1471, 1078, 1536, 2647, 1981, 705, 1165, 1323, 942, 685, 627, 916, 887, 840, 859, 833, 822, 757, 739, 734, 758, 1522, 1797, 1386, 897, 1065, 1341, 1253, 1014, 1339, 1834, 1870, 1206, 1179, 1528, 1380, 1240, 1069, 1739, 1737, 1022, 856, 1110, 1387, 1145, 1566, 2017, 1996, 1248, 1071, 1471, 1544, 1441, 1572, 2395, 1860, 873, 1068, 1850, 1941, 951, 1592, 2774, 2278, 911, 937, 1419, 1706, 910, 1109, 1815, 1601, 780, 815, 825, 601, 550, 624, 1218, 1177, 565, 546, 680, 751, 660, 541, 676, 721, 538, 511, 708, 695, 626, 740, 1307, 1340, 783, 523, 800, 926, 744, 909, 1614, 1563, 915, 656, 901, 1142, 859, 782, 1415, 1450, 919, 716, 998, 1019, 731, 576, 875, 999, 703, 651, 723, 703, 607, 702, 735, 717, 676, 758, 861, 793, 753, 874, 955, 932, 791, 690, 845, 919, 840, 863, 966, 824, 765, 706, 938, 983, 799, 665, 750, 819, 706, 755, 897, 905, 790, 662, 767, 838, 659, 581, 788, 753, 611, 575, 769, 824, 623, 548, 691, 748, 625, 607, 745, 700, 605, 635, 548, 558, 580, 770, 960, 794, 584, 684, 641, 696, 605, 904, 1155, 952, 706, 822, 859, 813, 637, 844, 1101, 972, 745, 736, 828, 806, 624, 710, 881, 753, 667, 694, 751, 782, 656, 675, 768, 719, 589, 611, 691, 756, 629, 717, 657, 662, 638, 649, 637, 682, 705, 600, 619, 655, 555, 649, 718, 686, 652, 639, 758, 803, 668, 686, 748, 685, 615, 799, 669, 653, 692, 662, 581, 549, 738, 644, 614, 610, 679, 720, 601, 624, 715, 587, 546, 615, 697, 599, 597, 746, 757, 625, 801, 713, 564, 558, 622, 698, 622, 751, 926, 750, 596, 647, 663, 724, 695, 567, 637, 751, 675, 544, 612, 699, 644, 596, 543, 603, 676, 661, 585, 645, 677, 650, 551, 512, 558, 744, 726, 620, 646, 680, 531, 612, 735, 644, 550, 512, 651, 669, 605, 667, 658, 512, 537, 593, 644, 787, 674, 538, 570, 617, 556, 482, 689, 685, 601, 542, 634, 572, 547, 613, 550, 626, 663, 680, 621, 560, 553, 628, 685, 702, 697, 705, 640, 603, 560, 551, 660, 605, 647, 555, 537, 555, 611, 526, 511, 698, 707, 651, 587, 552, 557, 588, 658, 675, 584, 650, 657, 592, 556, 571, 713, 767, 712, 604, 604, 595, 557, 516, 647, 899, 694, 702, 710, 667, 660, 851, 1026, 861, 618, 653, 616, 614, 719, 949, 1043, 827, 700, 628, 527, 696, 688, 699, 824, 867, 714, 778, 616, 756, 612, 899, 1111, 824, 675, 664, 644, 683, 622, 807, 932, 767, 1026, 818, 574, 693, 856, 837, 604, 761, 1247, 1131, 675, 804, 1091, 1239, 815, 870, 1161, 1090, 690, 761, 980, 1187, 918, 1038, 1270, 1092, 810, 764, 942, 1115, 1016, 1147, 1287, 950, 745, 818, 991, 1033, 903, 772, 980, 817, 641, 644, 878, 903, 735, 638, 978, 943, 756, 569, 802, 1047, 768, 707, 874, 1011, 773, 625, 792, 1079, 932, 857, 638, 671, 826, 703, 721, 721, 722, 747, 709, 613, 621, 520, 674, 746, 570, 650, 486, 596, 609, 478, 512, 520, 610, 571, 505, 587, 581, 500, 630, 606, 605, 518, 551, 578, 510, 567, 770, 708, 469, 523, 684, 727, 566, 587, 824, 802, 541, 629, 542, 540, 560, 562, 681, 714, 636, 467, 429, 485, 529, 433, 550, 624, 541, 485, 527, 568, 457, 422, 477, 495, 459, 528, 473, 489, 425, 410, 471, 529, 580, 390, 416, 472, 435, 352, 387, 411, 415]"
-0.05689255893230438,-0.16965676844120026,0.34772416949272156,-0.5959327816963196,-0.19225996732711792,-0.19335326552391052,-0.2905941903591156,-0.8435331583023071,-1.3392448425292969,19.5,-0.6634317636489868,-1.197195053100586,16.5,-0.5838953256607056,-1.1479854583740234,21.0,-0.08765089511871338,-0.3039836883544922,20.75,-0.07720816135406494,-0.18138885498046875,21.75,"[713, 693, 593, 604, 663, 605, 595, 692, 604, 678, 646, 589, 655, 681, 535, 561, 499, 509, 609, 608, 621, 529, 549, 606, 557, 488, 524, 550, 538, 487, 468, 588, 579, 537, 505, 533, 582, 542, 434, 512, 490, 538, 532, 566, 655, 576, 471, 545, 504, 541, 536, 508, 589, 547, 525, 547, 521, 517, 560, 562, 563, 505, 427, 463, 543, 438, 461, 578, 578, 519, 429, 484, 487, 525, 525, 560, 595, 585, 498, 419, 533, 547, 515, 536, 523, 519, 504, 477, 447, 450, 488, 561, 480, 496, 505, 469, 503, 476, 493, 580, 529, 473, 513, 514, 523, 413, 508, 569, 503, 456, 431, 536, 496, 544, 594, 534, 550, 534, 484, 468, 586, 699, 648, 541, 527, 524, 591, 547, 660, 662, 566, 557, 617, 555, 533, 587, 580, 632, 550, 457, 580, 632, 525, 517, 595, 598, 636, 533, 502, 564, 527, 565, 636, 663, 595, 496, 473, 553, 614, 624, 527, 561, 565, 505, 566, 603, 551, 547, 581, 545, 489, 504, 592, 581, 480, 503, 583, 567, 549, 501, 596, 582, 543, 597, 567, 703, 597, 521, 628, 641, 572, 574, 504, 594, 618, 551, 602, 562, 482, 518, 596, 600, 660, 559, 593, 629, 518, 534, 578, 557, 514, 561, 597, 590, 495, 538, 522, 505, 517, 609, 652, 607, 540, 549, 529, 503, 513, 557, 553, 576, 501, 493, 498, 479, 538, 591, 604, 553, 460, 392, 415, 498, 492, 502, 528, 589, 504, 363, 530, 578, 474, 435, 515, 620, 578, 421, 563, 540, 492, 468, 473, 562, 513, 498, 536, 510, 543, 517, 497, 476, 529, 545, 619, 498, 520, 583, 590, 510, 487, 644, 575, 590, 571, 580, 595, 562, 532, 579, 467, 588, 629, 596, 576, 592, 534, 529, 499, 486, 532, 476, 529, 535, 475, 550, 541, 528, 610, 570, 522, 536, 551, 622, 511, 660, 600, 468, 513, 556, 556, 537, 543, 574, 513, 482, 551, 611, 575, 534, 679, 584, 521, 588, 613, 647, 634, 598, 614, 515, 611, 627, 561, 586, 587, 669, 703, 567, 699, 689, 644, 660, 680, 787, 611, 702, 787, 699, 608, 669, 733, 690, 909, 947, 1359, 1170, 691, 809, 1284, 1376, 1245, 1536, 2672, 1968, 733, 1093, 2677, 2936, 1012, 1072, 1861, 1469, 745, 912, 1993, 2175, 841, 855, 1027, 1039, 784, 786, 1236, 1236, 809, 886, 792, 718, 643, 621, 826, 784, 873, 1801, 1706, 861, 822, 958, 1047, 740, 1109, 4372, 4958, 2369, 1002, 2151, 4272, 3664, 2494, 7956, 8978, 4475, 1108, 4200, 8520, 7341, 2891, 8007, 8771, 4482, 1319, 3921, 8042, 6932, 1895, 4589, 4921, 2600, 1086, 2154, 4129, 3608, 890, 1621, 1799, 1106, 666, 993, 1575, 1474, 692, 598, 643, 682, 673, 622, 719, 841, 588, 594, 646, 682, 612, 585, 647, 683, 553, 635, 645, 643, 559, 609, 710, 582, 569, 818, 813, 703, 626, 588, 755, 628, 465, 749, 905, 685, 559, 507, 677, 646, 558, 709, 892, 728, 560, 542, 673, 742, 619, 703, 734, 599, 541, 648, 696, 599, 620, 689, 727, 560, 489, 653, 664, 559, 613, 823, 1022, 752, 539, 749, 721, 586, 1108, 1333, 1649, 1261, 778, 1174, 1050, 930, 1288, 1389, 1443, 1116, 789, 1221, 1122, 1010, 1148, 1423, 1241, 795, 620, 818, 819, 782, 1029, 1951, 2133, 1245, 677, 1029, 1051, 874, 934, 1591, 1793, 1152, 647, 897, 977, 832, 744, 1041, 962, 660, 606, 844, 727, 577, 564, 754, 804, 623, 654, 767, 746, 594, 551, 641, 633, 537, 615, 676, 623, 610, 550, 557, 481, 508, 557, 580, 602, 589, 632, 666, 599, 560, 571, 604, 668, 703, 672, 718, 618, 634, 676, 633, 674, 739, 590, 679, 613, 486, 501, 567, 593, 591, 624, 576, 555, 493, 550, 500, 545, 629, 649, 634, 543, 523, 549, 623, 602, 556, 709, 794, 695, 563, 680, 761, 690, 560, 636, 666, 552, 582, 637, 592, 511, 515, 512, 520, 561, 543, 567, 502, 463, 484, 653, 599, 608, 575, 606, 591, 587, 578, 607, 617, 613, 625, 577, 526, 585, 633, 569, 583, 633, 610, 578, 534, 563, 562, 594, 638, 708, 699, 625, 605, 694, 638, 632, 602, 657, 670, 591, 644, 686, 673, 638, 583, 658, 655, 645, 664, 586, 699, 644, 607, 592, 654, 687, 629, 613, 700, 596, 669, 716, 629, 516, 541, 612, 613, 621, 564, 596, 557, 504, 624, 484, 506, 592, 588, 551, 576, 629, 635, 528, 510, 602, 620, 631, 618, 610, 615, 683, 611, 512, 565, 564, 522, 523, 604, 638, 563, 557, 576, 590, 528, 532, 562, 558, 548, 532, 639, 569, 484, 506, 598, 636, 528, 566, 594, 516, 554, 609, 533, 479, 483, 606, 619, 591, 608, 579, 569, 541, 561, 543, 600, 587, 501, 562, 591, 508, 455, 502, 477, 523, 515, 570, 604, 525, 456, 562, 496, 527, 488, 538, 582, 571, 612, 640, 545, 584, 578, 548, 585, 634, 724, 526, 568, 638, 624, 584, 525, 504, 570, 632, 602, 643, 680, 666, 606, 567, 652, 577, 632, 637, 631, 607, 553, 590, 607, 599, 619, 651, 625, 664, 618, 601, 645, 626, 590, 650, 635, 635, 640, 673, 718, 535, 624, 612, 553, 652, 601, 617, 615, 489, 543, 557, 578, 502, 577, 731, 618, 572, 563, 570, 684, 633, 592, 664, 617, 647, 590, 641, 733, 791, 711, 698, 726, 692, 661, 640, 639, 620, 678, 774, 746, 581, 612, 641, 560, 539, 546, 697, 719, 519, 593, 557, 530, 526, 509, 590, 580, 545, 636, 677, 635, 567, 559, 531, 461, 569, 675, 701, 684, 527, 531, 523, 508, 550, 536, 553, 599, 523, 426, 411, 508, 479, 549, 583, 591, 559, 443, 440, 470, 476, 496, 445, 554, 527, 472, 534, 509, 474, 445, 465, 489, 463, 469, 491, 523, 526, 484, 428, 479, 543, 534, 461, 515, 478, 472, 397, 434, 443, 475, 443, 416, 444, 429, 410, 459, 497, 486, 478, 468, 436, 460, 369, 379, 415, 467, 468, 427, 354, 318, 335, 396, 360, 307, 325, 337, 383, 321, 368, 423, 430, 358, 354, 437, 376, 351, 365, 405, 433, 379, 386, 413, 413, 366, 377, 374, 406, 399, 384, 432]"
0.5036529302597046,-0.20527970790863037,-0.048667147755622864,-0.45744115114212036,-0.22659710049629211,-0.20195932686328888,-0.5166075229644775,-0.24726474285125732,0.9026527404785156,25.75,-0.211358904838562,0.8487224578857422,29.0,-0.09906375408172607,0.6836414337158203,25.0,-0.09720408916473389,0.6051063537597656,18.25,-0.022960543632507324,0.6132602691650391,21.75,"[544, 563, 578, 619, 656, 622, 576, 563, 523, 554, 624, 673, 679, 653, 563, 616, 464, 555, 611, 582, 651, 623, 534, 483, 439, 480, 477, 514, 537, 494, 439, 416, 359, 462, 545, 504, 474, 463, 546, 437, 430, 438, 535, 536, 494, 580, 625, 567, 520, 568, 578, 484, 504, 553, 586, 570, 589, 541, 463, 466, 520, 564, 564, 543, 493, 500, 493, 468, 529, 565, 515, 458, 481, 523, 509, 536, 512, 566, 574, 508, 458, 443, 520, 619, 545, 474, 549, 544, 464, 563, 625, 610, 596, 564, 531, 526, 456, 603, 649, 557, 504, 492, 509, 482, 542, 562, 536, 515, 528, 547, 515, 487, 621, 552, 470, 533, 515, 534, 488, 500, 589, 548, 457, 471, 531, 585, 516, 473, 548, 461, 474, 529, 438, 483, 508, 502, 541, 494, 592, 636, 585, 524, 428, 479, 558, 573, 495, 582, 607, 528, 520, 524, 537, 557, 560, 553, 508, 564, 581, 481, 587, 568, 550, 601, 518, 526, 627, 541, 504, 595, 594, 498, 495, 461, 540, 548, 519, 590, 625, 568, 586, 609, 569, 558, 606, 638, 649, 562, 578, 640, 582, 577, 583, 520, 609, 642, 641, 625, 624, 651, 499, 552, 581, 625, 597, 619, 611, 618, 603, 495, 579, 637, 558, 518, 562, 625, 562, 601, 536, 605, 630, 549, 476, 495, 498, 531, 498, 469, 509, 505, 523, 506, 484, 623, 556, 435, 473, 523, 563, 522, 530, 569, 550, 520, 494, 541, 552, 528, 566, 671, 609, 517, 623, 701, 565, 547, 586, 620, 572, 481, 637, 640, 568, 519, 530, 583, 576, 512, 550, 648, 634, 626, 574, 566, 607, 582, 565, 621, 595, 604, 520, 469, 509, 607, 591, 529, 512, 542, 580, 530, 505, 529, 517, 520, 546, 546, 631, 508, 482, 511, 478, 536, 572, 610, 504, 527, 502, 513, 489, 551, 580, 537, 445, 506, 511, 581, 547, 594, 592, 470, 470, 503, 562, 596, 559, 583, 629, 534, 524, 575, 606, 573, 507, 511, 490, 543, 532, 597, 571, 537, 510, 567, 535, 542, 697, 581, 586, 687, 692, 639, 611, 675, 674, 557, 583, 697, 683, 577, 584, 656, 533, 512, 586, 632, 584, 515, 578, 603, 528, 506, 551, 594, 505, 579, 702, 677, 1134, 951, 1692, 1549, 1049, 978, 2229, 2355, 4470, 3220, 5841, 5070, 3445, 3529, 10229, 10745, 7054, 4240, 7966, 7312, 5313, 4916, 15183, 16267, 4820, 2075, 3982, 4898, 3725, 3063, 9398, 10222, 2865, 1192, 1373, 2258, 2059, 1507, 3469, 4218, 3690, 743, 2031, 2210, 1764, 1304, 4442, 5742, 4353, 1832, 4733, 3477, 1852, 1865, 6648, 8151, 3313, 2173, 4433, 3127, 1657, 1725, 5565, 6621, 1449, 1525, 2365, 1622, 932, 1214, 2859, 3106, 596, 891, 1031, 841, 542, 948, 1436, 1211, 655, 737, 824, 657, 528, 705, 697, 659, 766, 1277, 1331, 891, 593, 810, 1046, 873, 866, 1418, 1349, 847, 644, 816, 1068, 776, 696, 1201, 1232, 817, 614, 766, 877, 723, 698, 882, 936, 700, 600, 717, 793, 698, 533, 675, 691, 625, 548, 602, 726, 643, 564, 579, 594, 610, 591, 578, 623, 607, 504, 511, 451, 556, 552, 493, 567, 570, 513, 499, 527, 604, 482, 480, 548, 524, 580, 574, 556, 595, 527, 527, 600, 574, 615, 1016, 955, 629, 565, 581, 741, 590, 1140, 2476, 2412, 1112, 801, 935, 1331, 996, 1389, 2959, 3008, 1453, 818, 1085, 1487, 1126, 878, 1617, 1764, 1074, 623, 854, 906, 786, 590, 735, 853, 778, 583, 693, 722, 564, 748, 746, 779, 841, 677, 652, 754, 617, 896, 1098, 1176, 1062, 884, 1018, 1095, 822, 1161, 1275, 1079, 1010, 974, 1379, 1323, 845, 1047, 993, 881, 757, 709, 1177, 1070, 856, 704, 586, 727, 719, 521, 684, 696, 657, 714, 536, 591, 690, 609, 617, 723, 732, 693, 678, 652, 637, 648, 601, 653, 703, 530, 575, 672, 667, 624, 567, 715, 757, 582, 566, 557, 596, 624, 630, 724, 690, 668, 598, 635, 722, 711, 662, 697, 716, 538, 559, 605, 636, 613, 565, 578, 568, 598, 640, 635, 577, 550, 536, 547, 584, 661, 676, 630, 576, 592, 656, 658, 696, 627, 605, 578, 672, 680, 587, 641, 666, 634, 468, 509, 599, 570, 501, 576, 624, 578, 570, 546, 558, 549, 574, 585, 541, 649, 610, 545, 532, 523, 635, 547, 555, 570, 559, 556, 543, 534, 561, 522, 526, 537, 578, 633, 582, 509, 521, 544, 587, 580, 521, 601, 597, 623, 495, 576, 664, 474, 475, 457, 451, 493, 498, 504, 499, 566, 612, 486, 521, 549, 510, 534, 557, 605, 577, 487, 578, 598, 596, 607, 589, 579, 541, 546, 621, 597, 602, 601, 618, 554, 522, 612, 685, 565, 589, 687, 591, 550, 609, 616, 634, 547, 561, 658, 548, 559, 640, 534, 570, 658, 601, 547, 437, 462, 560, 534, 486, 473, 516, 550, 482, 488, 470, 513, 544, 535, 548, 586, 590, 515, 486, 550, 619, 548, 461, 510, 565, 552, 536, 572, 512, 467, 475, 470, 578, 659, 583, 596, 569, 542, 531, 516, 622, 619, 537, 577, 601, 606, 506, 537, 622, 595, 608, 557, 595, 638, 575, 538, 576, 580, 677, 653, 562, 557, 553, 606, 605, 601, 626, 649, 650, 623, 563, 623, 646, 578, 529, 548, 564, 543, 583, 578, 523, 563, 595, 596, 718, 611, 599, 821, 694, 639, 578, 695, 651, 555, 578, 758, 834, 649, 570, 718, 693, 583, 627, 803, 845, 562, 704, 832, 670, 567, 563, 792, 787, 528, 696, 767, 657, 546, 605, 711, 590, 611, 631, 670, 559, 656, 636, 612, 694, 619, 558, 612, 647, 738, 519, 620, 775, 483, 474, 485, 605, 643, 529, 534, 539, 542, 559, 553, 645, 661, 550, 614, 619, 531, 545, 532, 567, 532, 458, 531, 556, 458, 547, 585, 542, 492, 509, 518, 439, 494, 440, 527, 517, 500, 531, 466, 479, 532, 462, 545, 550, 519, 488, 432, 507, 439, 387, 499, 492, 465, 414, 409, 466, 463, 484, 520, 497, 508, 496, 421, 470, 453, 452, 490, 466, 440, 453, 469, 444, 377, 487, 495, 447, 473, 487, 458, 419, 336, 394, 506, 492, 396, 434, 483, 456, 409, 387, 380, 431, 426, 396, 424, 400]"
0.588638186454773,-0.23515786230564117,-0.13261550664901733,-0.15231472253799438,-0.24895089864730835,-0.3084316849708557,-0.04006397724151611,-0.23395609855651855,1.0029315948486328,19.75,-0.19776415824890137,0.8451461791992188,-31.25,-0.1311023235321045,0.7880687713623047,30.75,0.08047032356262207,0.7182598114013672,28.0,0.15871930122375488,0.6055355072021484,25.0,"[549, 600, 667, 614, 533, 612, 669, 601, 549, 585, 625, 664, 690, 634, 627, 587, 613, 616, 546, 580, 645, 606, 464, 497, 507, 507, 471, 543, 586, 548, 463, 465, 476, 553, 526, 474, 543, 605, 549, 480, 543, 595, 574, 508, 549, 586, 630, 611, 530, 484, 584, 557, 526, 569, 637, 571, 548, 603, 550, 506, 459, 538, 629, 487, 479, 427, 434, 515, 508, 545, 576, 466, 443, 479, 522, 551, 511, 597, 571, 472, 502, 535, 492, 462, 520, 495, 495, 489, 585, 530, 541, 564, 555, 537, 541, 573, 622, 557, 537, 597, 521, 511, 563, 626, 557, 613, 638, 537, 483, 593, 600, 610, 545, 559, 581, 465, 516, 592, 537, 484, 622, 639, 538, 542, 579, 555, 520, 563, 521, 490, 561, 569, 473, 414, 568, 580, 587, 476, 528, 630, 538, 461, 542, 592, 526, 453, 458, 575, 602, 486, 577, 537, 573, 558, 492, 602, 637, 586, 560, 580, 459, 450, 506, 566, 555, 444, 480, 511, 522, 489, 552, 706, 618, 504, 585, 618, 470, 558, 570, 570, 559, 614, 559, 508, 538, 541, 526, 527, 542, 613, 559, 547, 514, 493, 495, 503, 518, 481, 532, 534, 555, 549, 583, 597, 561, 531, 598, 616, 467, 464, 506, 497, 453, 530, 538, 517, 572, 437, 527, 643, 565, 559, 577, 588, 564, 545, 567, 539, 507, 616, 553, 506, 504, 513, 647, 547, 477, 534, 616, 585, 451, 502, 630, 629, 539, 592, 676, 592, 512, 533, 610, 573, 509, 563, 584, 543, 544, 596, 619, 528, 498, 502, 512, 525, 583, 613, 515, 545, 531, 458, 541, 588, 467, 516, 541, 551, 530, 476, 508, 547, 565, 553, 473, 486, 547, 457, 401, 526, 612, 571, 487, 518, 560, 526, 509, 542, 659, 607, 553, 568, 552, 571, 607, 656, 577, 546, 549, 542, 559, 544, 649, 643, 521, 551, 481, 523, 510, 577, 608, 556, 562, 544, 532, 578, 510, 574, 630, 553, 588, 478, 586, 602, 524, 609, 661, 612, 612, 542, 638, 619, 538, 598, 630, 685, 597, 509, 557, 555, 584, 585, 609, 637, 616, 530, 542, 527, 573, 585, 597, 612, 605, 642, 632, 615, 679, 693, 552, 513, 811, 881, 628, 634, 880, 998, 1168, 1090, 1922, 2475, 3342, 2583, 1461, 2815, 5624, 5166, 8846, 6461, 11523, 9030, 6003, 7379, 19979, 20872, 11987, 7364, 14257, 11586, 8343, 8309, 25045, 27101, 5764, 2480, 5136, 5846, 4507, 3504, 11795, 12796, 3646, 6223, 7743, 5696, 2429, 7444, 15680, 14031, 4690, 7163, 10751, 7166, 2622, 7195, 15995, 15266, 2604, 6129, 8752, 5212, 1654, 4892, 10996, 10428, 786, 3450, 4083, 2327, 806, 2921, 5253, 4254, 832, 1168, 1126, 910, 672, 1081, 1288, 893, 645, 663, 705, 689, 591, 585, 637, 654, 690, 808, 683, 638, 637, 580, 641, 585, 632, 1014, 942, 594, 614, 746, 736, 586, 665, 858, 807, 536, 665, 743, 642, 545, 606, 846, 900, 688, 653, 769, 707, 660, 724, 915, 898, 708, 698, 794, 689, 683, 576, 665, 715, 626, 631, 630, 556, 580, 640, 635, 686, 635, 620, 611, 532, 614, 654, 573, 636, 683, 623, 637, 556, 574, 708, 640, 664, 682, 673, 655, 597, 658, 633, 612, 618, 638, 714, 670, 564, 649, 585, 879, 963, 744, 704, 815, 793, 704, 1122, 2683, 2869, 1536, 675, 1236, 1693, 1221, 1351, 3498, 3753, 1911, 832, 1540, 2138, 1487, 944, 2189, 2304, 1225, 746, 1178, 1501, 1061, 601, 944, 907, 702, 688, 705, 786, 686, 681, 791, 811, 793, 780, 615, 658, 698, 827, 1061, 1144, 1064, 1012, 857, 820, 773, 949, 1084, 1178, 1182, 1143, 976, 862, 791, 864, 917, 953, 1019, 1023, 885, 881, 938, 642, 678, 749, 858, 769, 668, 717, 745, 577, 476, 675, 711, 580, 545, 591, 635, 591, 515, 628, 656, 530, 588, 549, 558, 541, 576, 663, 692, 646, 658, 596, 543, 509, 508, 617, 659, 562, 530, 571, 555, 589, 552, 581, 574, 498, 552, 537, 559, 689, 696, 553, 559, 594, 619, 508, 561, 690, 639, 519, 532, 582, 639, 555, 598, 538, 610, 561, 548, 555, 597, 585, 550, 705, 656, 692, 636, 645, 683, 641, 631, 618, 614, 599, 625, 659, 726, 550, 550, 542, 555, 660, 674, 664, 638, 601, 604, 584, 659, 693, 616, 583, 602, 660, 637, 626, 623, 610, 583, 576, 524, 579, 632, 613, 632, 604, 608, 574, 603, 650, 638, 487, 588, 727, 628, 549, 541, 602, 657, 500, 471, 533, 607, 531, 459, 538, 578, 502, 505, 587, 615, 588, 542, 604, 619, 552, 524, 581, 636, 612, 509, 549, 551, 581, 544, 595, 668, 634, 538, 613, 613, 579, 506, 534, 614, 577, 507, 629, 668, 482, 493, 563, 626, 516, 571, 627, 526, 548, 568, 568, 589, 498, 480, 562, 530, 588, 604, 589, 555, 554, 460, 503, 525, 484, 518, 620, 544, 511, 511, 482, 527, 630, 524, 608, 618, 618, 535, 534, 670, 708, 609, 606, 591, 553, 590, 608, 727, 603, 634, 595, 566, 613, 649, 699, 704, 515, 590, 592, 636, 639, 541, 661, 637, 568, 575, 589, 603, 599, 524, 593, 660, 638, 611, 597, 512, 516, 555, 585, 591, 603, 587, 511, 549, 611, 580, 508, 547, 613, 495, 517, 570, 502, 477, 587, 633, 597, 564, 537, 704, 684, 602, 722, 713, 559, 541, 613, 595, 538, 589, 751, 767, 580, 815, 1012, 753, 463, 735, 1189, 1083, 521, 1022, 1135, 746, 466, 892, 1392, 1132, 513, 858, 784, 519, 509, 802, 917, 672, 579, 646, 653, 519, 615, 667, 660, 562, 580, 740, 745, 606, 702, 720, 646, 558, 519, 768, 742, 574, 566, 568, 721, 617, 548, 652, 571, 572, 572, 525, 607, 555, 653, 659, 607, 603, 540, 476, 464, 555, 505, 531, 551, 524, 475, 442, 488, 535, 445, 447, 473, 469, 505, 454, 400, 443, 448, 549, 510, 486, 509, 533, 512, 448, 454, 477, 468, 456, 463, 474, 470, 466, 434, 445, 406, 452, 457, 477, 458, 420, 437, 377, 367, 380, 401, 387, 393, 420, 456, 393, 428, 440, 441, 425, 405, 440, 419, 416, 408, 420, 432, 414, 437, 462, 429, 434, 392, 379, 410, 399, 416, 391]"
0.629390299320221,-0.20441235601902008,-0.2668929696083069,-0.006231293082237244,-0.18924155831336975,-0.4884302020072937,0.15375176072120667,-0.17077922821044922,0.8378505706787109,-30.5,-0.15289783477783203,0.8329868316650391,26.75,-0.029015541076660156,0.675201416015625,-31.25,0.033926963806152344,0.7431507110595703,29.25,0.0642538070678711,0.5829334259033203,23.5,"[527, 521, 576, 559, 549, 558, 575, 522, 512, 537, 567, 621, 663, 623, 589, 512, 474, 655, 720, 600, 529, 603, 598, 480, 589, 658, 589, 564, 537, 548, 611, 571, 556, 502, 457, 518, 522, 503, 476, 478, 582, 524, 514, 624, 545, 522, 546, 480, 551, 576, 552, 552, 482, 493, 551, 524, 500, 606, 644, 608, 486, 609, 579, 505, 501, 493, 554, 520, 482, 568, 620, 508, 498, 511, 576, 533, 550, 570, 530, 485, 539, 580, 563, 506, 536, 626, 553, 505, 520, 475, 538, 471, 510, 546, 484, 529, 493, 533, 595, 599, 534, 513, 496, 503, 568, 595, 630, 597, 581, 650, 565, 498, 440, 522, 622, 638, 604, 621, 690, 592, 599, 498, 477, 579, 580, 539, 545, 653, 548, 567, 529, 533, 572, 530, 502, 469, 500, 563, 555, 564, 559, 611, 621, 512, 533, 574, 578, 479, 540, 640, 582, 532, 622, 597, 530, 462, 446, 589, 563, 494, 584, 557, 568, 524, 492, 553, 502, 545, 567, 523, 541, 528, 489, 500, 539, 631, 582, 553, 531, 500, 519, 568, 555, 564, 572, 550, 563, 502, 473, 505, 523, 562, 544, 572, 553, 465, 519, 551, 482, 485, 515, 556, 535, 538, 536, 513, 470, 435, 574, 551, 510, 517, 568, 550, 462, 510, 641, 628, 543, 584, 517, 520, 518, 580, 564, 619, 596, 587, 540, 484, 539, 555, 474, 562, 520, 520, 586, 541, 478, 413, 553, 618, 543, 561, 612, 632, 524, 459, 579, 591, 586, 600, 602, 582, 567, 557, 495, 555, 504, 575, 568, 540, 493, 437, 499, 581, 571, 577, 545, 547, 551, 495, 650, 585, 578, 633, 613, 564, 566, 642, 631, 501, 552, 614, 564, 469, 544, 656, 548, 526, 588, 555, 559, 520, 471, 554, 599, 562, 603, 680, 708, 586, 517, 599, 701, 565, 579, 662, 654, 602, 574, 649, 656, 626, 611, 605, 600, 584, 638, 635, 625, 608, 647, 611, 589, 589, 595, 616, 557, 674, 657, 486, 536, 650, 577, 590, 498, 588, 541, 422, 500, 524, 594, 592, 593, 509, 531, 607, 588, 465, 527, 647, 659, 573, 621, 630, 589, 543, 623, 695, 640, 631, 646, 698, 633, 516, 642, 695, 915, 1052, 1486, 1428, 872, 1095, 2108, 1966, 5846, 3899, 7141, 6619, 4558, 4466, 12700, 13430, 13178, 7050, 14514, 13437, 9694, 8292, 26523, 29000, 11774, 7018, 13232, 12756, 8961, 8316, 25611, 27329, 6073, 6336, 7736, 7429, 4385, 7497, 17537, 16658, 6665, 3296, 4159, 6258, 3627, 4838, 9814, 10310, 3734, 4805, 6380, 4241, 1798, 2186, 5136, 6340, 1931, 4984, 6526, 3204, 972, 3718, 8464, 8072, 1597, 2244, 3327, 1981, 1062, 1708, 4378, 4543, 747, 1406, 1750, 1082, 680, 1233, 2193, 2001, 448, 770, 823, 706, 560, 864, 1077, 784, 735, 1411, 1369, 737, 591, 977, 1268, 861, 762, 1421, 1358, 738, 681, 948, 1194, 842, 563, 632, 633, 584, 626, 677, 571, 444, 919, 1551, 1490, 732, 814, 1041, 1055, 816, 916, 1297, 1130, 643, 724, 959, 903, 540, 431, 694, 786, 649, 496, 544, 639, 517, 623, 660, 849, 807, 508, 479, 555, 660, 694, 635, 764, 658, 502, 564, 624, 846, 621, 626, 651, 638, 671, 539, 769, 879, 680, 881, 803, 558, 569, 653, 865, 822, 999, 1593, 1305, 668, 618, 867, 1141, 866, 1650, 3034, 2497, 870, 843, 1014, 1761, 1103, 2454, 3906, 2858, 940, 1230, 1728, 2394, 1189, 2099, 2797, 1718, 955, 1119, 1697, 1961, 858, 1168, 1244, 702, 795, 826, 882, 890, 673, 733, 724, 688, 645, 670, 752, 592, 477, 727, 673, 1125, 1098, 652, 871, 823, 578, 1085, 732, 1604, 1644, 745, 1004, 988, 987, 1117, 680, 1535, 1573, 669, 988, 1005, 1020, 730, 700, 943, 843, 575, 817, 730, 704, 494, 553, 634, 585, 573, 693, 671, 547, 654, 565, 634, 683, 749, 685, 669, 725, 577, 580, 598, 723, 745, 633, 639, 629, 561, 631, 633, 676, 606, 562, 627, 571, 618, 573, 645, 689, 611, 641, 646, 579, 764, 654, 678, 733, 660, 711, 739, 778, 833, 765, 668, 674, 730, 737, 736, 817, 669, 668, 675, 566, 572, 554, 531, 619, 552, 621, 725, 636, 551, 624, 592, 545, 648, 602, 710, 694, 653, 711, 672, 632, 554, 592, 614, 577, 628, 659, 568, 501, 701, 662, 621, 602, 594, 617, 525, 560, 629, 604, 590, 546, 593, 642, 573, 526, 578, 603, 562, 472, 579, 647, 605, 539, 658, 647, 606, 568, 630, 725, 688, 649, 631, 575, 521, 579, 630, 571, 562, 649, 526, 660, 639, 556, 633, 631, 618, 539, 581, 680, 702, 597, 745, 700, 582, 631, 654, 642, 681, 603, 712, 759, 669, 677, 587, 555, 587, 614, 593, 592, 541, 577, 564, 489, 545, 582, 538, 485, 485, 589, 653, 581, 544, 592, 565, 503, 499, 599, 521, 598, 637, 539, 489, 490, 570, 609, 571, 641, 614, 586, 580, 601, 557, 583, 497, 603, 686, 620, 584, 608, 581, 591, 521, 439, 616, 640, 567, 588, 752, 697, 483, 545, 623, 649, 545, 597, 725, 588, 558, 562, 613, 617, 578, 563, 622, 610, 580, 600, 521, 578, 677, 603, 612, 647, 674, 577, 480, 549, 607, 630, 608, 596, 574, 575, 502, 477, 553, 563, 560, 583, 504, 527, 480, 439, 494, 546, 550, 540, 499, 518, 559, 548, 591, 664, 578, 547, 555, 654, 624, 597, 650, 612, 579, 543, 622, 893, 994, 677, 592, 773, 1152, 1120, 575, 1111, 1396, 1009, 623, 1003, 1627, 1428, 678, 1189, 1411, 986, 602, 985, 1521, 1242, 518, 695, 825, 620, 509, 738, 926, 726, 545, 593, 538, 505, 533, 612, 612, 472, 481, 716, 654, 495, 533, 641, 789, 614, 389, 613, 661, 590, 585, 536, 657, 629, 464, 466, 490, 550, 488, 436, 569, 609, 479, 432, 486, 468, 484, 476, 556, 588, 478, 373, 445, 501, 478, 425, 465, 580, 488, 383, 415, 520, 537, 433, 460, 527, 412, 456, 429, 392, 493, 498, 469, 430, 392, 441, 413, 425, 407, 458, 487, 413, 339, 353, 369, 402, 331, 373, 418, 351, 389, 493, 487, 387, 329, 391, 417, 370, 409, 456, 514, 492, 426, 439, 480, 487, 464, 496, 424, 386, 409, 427, 462, 382]"
0.6281821727752686,-0.15477347373962402,-0.3630126118659973,-0.006596580147743225,-0.10813510417938232,-0.580662727355957,0.11728914082050323,-0.7546312808990479,1.2285232543945312,29.0,-0.20803284645080566,0.8816242218017578,-32.0,-0.1860029697418213,0.8291244506835938,-30.0,-0.10846924781799316,0.8189678192138672,20.75,-0.04824471473693848,1.1105060577392578,16.25,"[583, 593, 614, 563, 465, 565, 614, 588, 542, 551, 643, 648, 519, 503, 595, 606, 515, 527, 540, 544, 498, 576, 582, 564, 631, 572, 499, 577, 645, 655, 481, 550, 502, 573, 578, 549, 499, 562, 493, 459, 547, 551, 628, 627, 490, 494, 580, 554, 544, 438, 537, 580, 501, 509, 501, 506, 565, 483, 484, 517, 527, 471, 442, 540, 515, 485, 463, 540, 501, 437, 399, 486, 579, 591, 481, 506, 597, 564, 475, 458, 562, 592, 578, 523, 552, 564, 516, 492, 489, 573, 618, 520, 503, 517, 497, 481, 490, 504, 522, 494, 514, 499, 465, 560, 546, 542, 509, 489, 532, 584, 587, 569, 481, 523, 588, 515, 481, 536, 572, 563, 493, 640, 675, 621, 550, 547, 495, 453, 543, 547, 602, 550, 533, 567, 519, 479, 605, 566, 542, 558, 546, 550, 489, 511, 573, 559, 550, 548, 549, 554, 564, 573, 511, 528, 573, 540, 456, 512, 596, 641, 540, 570, 568, 530, 476, 479, 526, 573, 552, 552, 626, 592, 535, 532, 575, 581, 571, 539, 552, 504, 510, 460, 550, 608, 561, 472, 479, 542, 512, 473, 494, 539, 446, 450, 516, 530, 465, 517, 556, 478, 528, 472, 542, 591, 640, 667, 579, 497, 518, 493, 521, 570, 533, 589, 556, 503, 576, 602, 534, 518, 594, 611, 491, 467, 486, 485, 484, 493, 579, 629, 542, 456, 567, 472, 461, 521, 590, 599, 490, 526, 645, 589, 508, 470, 482, 502, 534, 583, 510, 572, 533, 512, 552, 503, 539, 544, 468, 518, 498, 479, 504, 552, 550, 508, 575, 590, 594, 484, 578, 655, 575, 497, 593, 608, 532, 490, 527, 588, 526, 423, 585, 752, 603, 552, 575, 633, 595, 498, 612, 671, 619, 632, 571, 549, 640, 667, 584, 545, 525, 577, 575, 534, 554, 583, 587, 607, 503, 499, 538, 463, 441, 526, 610, 608, 463, 510, 557, 559, 541, 548, 572, 640, 572, 567, 638, 643, 619, 537, 520, 638, 596, 633, 680, 642, 594, 595, 520, 595, 624, 593, 640, 650, 559, 559, 626, 575, 606, 647, 694, 621, 583, 558, 708, 539, 599, 699, 702, 602, 737, 812, 954, 498, 705, 1031, 1088, 700, 884, 1173, 2884, 2294, 3622, 3325, 2364, 2694, 5858, 5985, 10807, 5528, 11539, 10876, 8060, 6550, 20201, 22462, 14446, 5517, 14051, 14001, 10783, 6468, 24612, 28542, 7978, 3824, 9231, 8545, 6396, 3485, 14276, 16526, 3692, 2610, 3881, 3998, 2395, 3152, 8139, 8254, 7599, 1896, 5141, 6776, 4553, 4767, 13964, 15171, 5557, 3802, 6735, 5919, 3353, 3382, 9472, 10539, 3038, 4635, 6094, 3983, 1736, 2474, 5626, 6002, 2064, 3657, 4011, 2188, 1196, 2226, 4086, 3806, 997, 1548, 1408, 788, 713, 1184, 1708, 1344, 563, 877, 873, 613, 567, 604, 787, 715, 540, 1036, 1091, 702, 588, 703, 883, 751, 628, 951, 933, 742, 578, 725, 803, 633, 546, 675, 688, 688, 645, 680, 644, 531, 580, 496, 571, 567, 529, 542, 545, 568, 696, 614, 629, 670, 641, 607, 591, 639, 677, 697, 781, 749, 664, 594, 604, 629, 827, 641, 940, 1035, 729, 695, 641, 705, 867, 648, 877, 951, 691, 769, 679, 687, 744, 677, 926, 892, 642, 631, 637, 744, 678, 641, 861, 939, 726, 676, 741, 761, 936, 1556, 1301, 841, 1078, 950, 984, 713, 1810, 3762, 3401, 1673, 1514, 1124, 1527, 1451, 2581, 4209, 3623, 2209, 1839, 1225, 1853, 2057, 1717, 2315, 2147, 1631, 1245, 1101, 1409, 1368, 785, 760, 735, 707, 711, 926, 838, 691, 854, 838, 853, 885, 770, 831, 767, 816, 1454, 1494, 1221, 1297, 1338, 1277, 879, 997, 1831, 1799, 1772, 1974, 1612, 1627, 1179, 1308, 1620, 1271, 1688, 1932, 1259, 1500, 1345, 1203, 1033, 693, 1064, 1506, 1054, 864, 1060, 889, 816, 699, 806, 1169, 902, 645, 874, 791, 914, 654, 814, 1035, 757, 713, 795, 832, 941, 751, 914, 918, 695, 829, 781, 849, 780, 692, 924, 935, 649, 754, 763, 752, 679, 628, 812, 844, 693, 586, 642, 700, 610, 551, 649, 695, 602, 582, 711, 733, 757, 617, 598, 662, 692, 655, 690, 753, 592, 609, 579, 541, 573, 701, 673, 566, 608, 609, 633, 625, 598, 650, 603, 631, 685, 665, 697, 718, 719, 657, 663, 714, 663, 666, 686, 725, 646, 667, 714, 581, 544, 546, 608, 599, 508, 568, 624, 560, 486, 471, 512, 551, 543, 545, 598, 580, 583, 489, 519, 501, 597, 609, 678, 731, 671, 593, 613, 597, 543, 505, 560, 635, 543, 580, 603, 556, 494, 549, 528, 511, 584, 604, 626, 575, 602, 615, 553, 557, 708, 647, 567, 735, 708, 706, 627, 607, 772, 596, 585, 732, 707, 716, 709, 829, 597, 493, 692, 623, 584, 576, 768, 839, 455, 523, 645, 571, 497, 643, 704, 604, 550, 526, 543, 537, 552, 591, 576, 573, 540, 470, 489, 586, 559, 508, 541, 550, 557, 450, 526, 563, 534, 506, 478, 532, 724, 618, 565, 515, 607, 644, 580, 623, 737, 550, 571, 614, 638, 635, 594, 738, 636, 563, 595, 533, 638, 724, 723, 764, 541, 598, 619, 570, 676, 709, 685, 601, 596, 638, 626, 485, 603, 714, 730, 626, 602, 628, 556, 464, 521, 658, 641, 544, 523, 629, 681, 581, 537, 563, 633, 602, 533, 569, 626, 545, 416, 511, 550, 555, 606, 746, 777, 611, 519, 603, 634, 618, 782, 738, 656, 769, 739, 594, 597, 719, 1121, 816, 987, 996, 745, 739, 925, 1247, 1238, 1226, 1664, 1254, 752, 1104, 1728, 1882, 975, 1218, 1486, 1054, 771, 1087, 1696, 1637, 617, 839, 869, 606, 587, 753, 971, 914, 616, 675, 624, 586, 561, 558, 622, 684, 611, 678, 593, 590, 530, 523, 554, 505, 572, 684, 604, 556, 511, 581, 583, 560, 585, 494, 552, 618, 542, 479, 515, 524, 577, 503, 493, 597, 604, 511, 519, 589, 498, 478, 479, 477, 491, 474, 530, 552, 447, 525, 554, 483, 493, 575, 617, 510, 459, 475, 461, 479, 449, 459, 576, 492, 384, 427, 454, 512, 519, 427, 505, 495, 358, 384, 397, 435, 452, 410, 400, 422, 370, 377, 414, 437, 462, 455, 461, 451, 360, 378, 436, 427, 447, 441, 413, 455, 430, 321, 295, 330, 339, 340, 380, 442]"
0.6186927556991577,-0.23692239820957184,-0.2830750346183777,-0.035899125039577484,-0.23115187883377075,-0.3799549341201782,0.048903629183769226,-0.36596107482910156,0.9696006774902344,28.0,-0.3063087463378906,0.8492946624755859,20.5,-0.17026710510253906,0.7600307464599609,31.0,0.19437026977539062,0.7970809936523438,15.25,0.23328018188476562,0.7235527038574219,22.5,"[630, 608, 537, 544, 663, 539, 536, 608, 590, 612, 575, 568, 664, 588, 467, 511, 556, 663, 668, 563, 596, 612, 528, 499, 504, 524, 531, 468, 437, 484, 538, 516, 539, 416, 468, 454, 429, 409, 465, 570, 512, 504, 464, 492, 496, 438, 528, 556, 540, 556, 556, 523, 579, 518, 507, 574, 569, 533, 547, 547, 531, 576, 545, 544, 503, 525, 589, 563, 467, 525, 581, 491, 598, 551, 541, 570, 502, 529, 528, 472, 497, 493, 524, 532, 465, 468, 524, 480, 510, 448, 492, 508, 529, 516, 541, 559, 542, 497, 438, 544, 576, 453, 493, 536, 542, 558, 468, 457, 555, 457, 403, 534, 629, 666, 605, 623, 549, 482, 553, 549, 633, 653, 600, 628, 637, 563, 533, 571, 567, 534, 501, 532, 499, 509, 497, 549, 623, 570, 526, 566, 551, 523, 452, 573, 614, 588, 566, 622, 523, 512, 530, 553, 562, 575, 552, 539, 517, 491, 517, 566, 561, 540, 559, 523, 556, 567, 530, 551, 588, 513, 582, 552, 611, 589, 523, 607, 565, 451, 586, 692, 581, 444, 538, 615, 522, 496, 542, 565, 563, 483, 449, 522, 510, 546, 564, 452, 484, 566, 571, 524, 542, 601, 555, 450, 501, 496, 584, 589, 585, 658, 570, 499, 580, 614, 626, 611, 547, 576, 625, 554, 520, 536, 576, 587, 496, 478, 591, 545, 487, 515, 542, 553, 688, 594, 580, 555, 617, 646, 546, 623, 613, 524, 473, 544, 610, 528, 492, 564, 559, 624, 534, 517, 572, 575, 510, 502, 513, 529, 503, 505, 490, 428, 408, 455, 573, 495, 459, 509, 553, 489, 516, 544, 494, 510, 548, 499, 544, 528, 575, 562, 615, 629, 676, 642, 562, 620, 608, 601, 566, 575, 556, 530, 519, 443, 530, 551, 635, 586, 494, 540, 620, 543, 641, 724, 531, 627, 583, 543, 616, 536, 569, 587, 558, 586, 636, 608, 640, 575, 571, 608, 534, 518, 583, 583, 548, 517, 537, 569, 570, 563, 568, 529, 559, 583, 546, 573, 490, 517, 611, 488, 485, 540, 523, 601, 651, 619, 662, 599, 711, 715, 681, 744, 1385, 636, 1037, 1616, 1501, 779, 1915, 2300, 3318, 967, 2628, 3981, 3265, 1167, 5183, 6205, 7529, 3276, 7073, 8339, 6497, 4279, 13280, 14975, 11134, 4168, 10275, 11742, 8972, 5357, 18421, 21319, 7157, 3478, 7775, 8565, 5987, 4040, 12967, 14517, 4458, 10009, 13102, 7915, 3542, 10212, 19872, 17444, 6143, 18814, 24077, 12355, 2649, 18041, 35755, 31454, 6737, 20063, 25983, 13430, 2656, 16586, 34601, 31459, 3553, 14690, 18107, 9210, 1646, 10740, 21650, 19084, 1422, 7769, 9043, 4385, 1054, 5418, 10444, 8774, 671, 3463, 4283, 2254, 820, 2210, 4618, 4099, 642, 1202, 1582, 1009, 630, 887, 1564, 1508, 612, 707, 713, 559, 578, 643, 607, 598, 627, 921, 926, 633, 570, 637, 587, 540, 632, 920, 913, 609, 508, 692, 772, 555, 615, 781, 685, 608, 646, 662, 734, 647, 797, 858, 890, 700, 664, 719, 855, 825, 799, 913, 922, 745, 664, 659, 688, 740, 661, 741, 729, 704, 624, 680, 630, 481, 645, 610, 648, 805, 689, 767, 764, 666, 734, 597, 684, 747, 689, 603, 759, 841, 573, 912, 1029, 727, 608, 622, 999, 895, 945, 1705, 1764, 1064, 827, 1006, 1011, 911, 1783, 3320, 3048, 1522, 1518, 1606, 1140, 968, 3218, 3882, 2248, 1796, 2383, 1561, 1380, 1136, 2496, 1919, 1051, 2376, 2209, 1192, 974, 1373, 957, 1026, 1439, 1742, 1427, 782, 690, 875, 775, 847, 1053, 1108, 1008, 716, 688, 816, 857, 977, 1390, 1418, 869, 707, 888, 835, 1598, 1172, 1143, 1199, 999, 1565, 1174, 998, 1601, 1166, 1089, 1124, 1357, 1655, 1144, 1158, 996, 909, 1008, 1053, 1008, 960, 918, 866, 579, 599, 814, 843, 662, 554, 741, 713, 601, 538, 657, 740, 710, 682, 717, 708, 569, 672, 740, 756, 630, 608, 758, 690, 597, 566, 878, 949, 632, 652, 781, 615, 619, 653, 955, 1045, 786, 783, 858, 730, 681, 908, 993, 906, 739, 815, 901, 804, 634, 928, 1037, 820, 740, 918, 870, 768, 645, 894, 928, 709, 646, 904, 857, 644, 640, 639, 768, 722, 636, 803, 722, 747, 766, 757, 817, 656, 609, 753, 743, 803, 760, 713, 606, 496, 598, 637, 703, 760, 557, 577, 598, 555, 619, 686, 774, 739, 491, 565, 626, 509, 548, 683, 754, 637, 563, 656, 636, 546, 645, 601, 611, 563, 580, 584, 572, 557, 606, 597, 551, 652, 568, 527, 622, 652, 607, 614, 634, 592, 552, 543, 616, 681, 605, 646, 665, 641, 501, 584, 608, 553, 547, 602, 573, 568, 528, 630, 688, 623, 544, 626, 660, 557, 558, 645, 623, 544, 552, 619, 535, 504, 527, 512, 466, 510, 595, 578, 437, 440, 638, 571, 578, 536, 587, 597, 578, 675, 636, 623, 589, 585, 737, 680, 606, 635, 596, 581, 610, 572, 573, 624, 684, 628, 621, 580, 545, 539, 493, 559, 632, 633, 644, 630, 630, 538, 520, 551, 669, 704, 607, 656, 582, 518, 597, 650, 653, 577, 630, 661, 617, 543, 656, 637, 586, 673, 658, 644, 572, 485, 616, 640, 571, 608, 555, 563, 671, 641, 630, 675, 712, 654, 574, 636, 636, 576, 561, 653, 684, 663, 580, 581, 551, 564, 557, 555, 600, 688, 566, 554, 613, 563, 572, 602, 604, 637, 790, 601, 602, 645, 608, 688, 657, 760, 968, 887, 885, 930, 655, 719, 898, 930, 1179, 1696, 2008, 1459, 743, 1251, 1888, 1751, 1252, 2021, 2433, 1568, 862, 1529, 2391, 2215, 1072, 1375, 1577, 1049, 845, 1103, 1768, 1734, 682, 689, 803, 675, 686, 622, 1009, 1079, 592, 567, 610, 671, 675, 524, 781, 847, 530, 533, 624, 631, 565, 614, 695, 626, 561, 524, 619, 682, 653, 680, 689, 647, 660, 573, 537, 587, 640, 616, 736, 792, 583, 569, 630, 588, 515, 589, 733, 763, 476, 550, 572, 555, 485, 526, 581, 603, 437, 486, 521, 491, 512, 500, 466, 483, 471, 459, 509, 488, 448, 458, 406, 453, 559, 556, 545, 487, 464, 466, 477, 557, 464, 459, 482, 465, 438, 429, 485, 498, 396, 421, 454, 442, 423, 461, 444, 429, 445, 469, 483, 442, 436, 453, 455, 447, 389, 443, 489, 410, 361, 378, 478, 490]"
0.5599170923233032,-0.2805813252925873,-0.21418839693069458,-0.2113398015499115,-0.2995203733444214,-0.24844685196876526,-0.22645549476146698,-0.6021758317947388,1.0857582092285156,23.0,-0.22480690479278564,0.839996337890625,27.5,0.017378687858581543,0.47936439514160156,30.0,0.08446967601776123,0.2693653106689453,28.75,0.2861717939376831,0.41599273681640625,15.75,"[586, 625, 626, 614, 555, 616, 627, 622, 545, 617, 591, 584, 570, 564, 573, 553, 483, 499, 556, 589, 518, 513, 516, 510, 480, 463, 480, 515, 568, 522, 406, 422, 499, 487, 457, 431, 425, 433, 490, 461, 495, 510, 449, 519, 553, 520, 510, 495, 509, 561, 517, 478, 503, 515, 560, 537, 416, 498, 565, 539, 469, 437, 538, 490, 447, 474, 480, 502, 486, 578, 617, 507, 535, 526, 476, 600, 541, 524, 635, 601, 509, 590, 559, 522, 483, 563, 642, 501, 484, 482, 563, 540, 438, 498, 607, 520, 537, 521, 512, 516, 458, 544, 468, 483, 643, 578, 485, 556, 512, 462, 460, 574, 540, 499, 566, 559, 518, 515, 452, 497, 527, 585, 622, 614, 520, 509, 484, 485, 513, 465, 496, 544, 469, 505, 504, 501, 512, 461, 443, 479, 549, 540, 517, 518, 624, 542, 533, 581, 523, 490, 569, 600, 578, 584, 557, 632, 557, 460, 543, 570, 567, 582, 577, 557, 535, 486, 527, 512, 572, 774, 771, 600, 548, 688, 731, 520, 519, 625, 699, 643, 582, 622, 597, 521, 508, 461, 472, 599, 481, 521, 589, 483, 535, 522, 500, 565, 578, 483, 572, 540, 591, 695, 606, 585, 661, 563, 576, 564, 704, 731, 554, 629, 665, 565, 543, 586, 625, 575, 503, 589, 609, 560, 565, 609, 510, 522, 454, 508, 606, 652, 592, 562, 527, 527, 495, 581, 608, 607, 540, 540, 529, 580, 559, 499, 488, 535, 603, 505, 652, 711, 628, 668, 613, 626, 639, 631, 592, 614, 545, 555, 666, 657, 540, 509, 526, 549, 566, 550, 543, 652, 611, 495, 567, 544, 517, 583, 601, 573, 582, 566, 506, 496, 535, 601, 622, 574, 555, 578, 452, 449, 513, 478, 526, 538, 527, 432, 602, 553, 507, 588, 623, 651, 620, 554, 620, 601, 503, 540, 655, 576, 483, 533, 528, 483, 520, 555, 574, 598, 577, 549, 509, 525, 586, 532, 531, 589, 545, 510, 534, 535, 576, 529, 454, 534, 531, 553, 605, 627, 761, 732, 635, 706, 797, 681, 1361, 903, 1423, 1916, 1470, 1096, 2583, 2745, 3457, 1641, 3365, 4703, 3321, 2037, 6858, 7440, 5366, 3457, 6145, 7041, 4701, 4180, 11947, 12480, 7343, 5373, 9441, 9055, 5831, 5961, 15944, 16701, 6849, 4982, 9248, 8511, 5372, 4989, 14129, 15114, 3916, 2827, 5927, 5032, 2894, 2427, 7274, 8141, 4975, 4566, 8358, 6029, 2573, 4266, 10925, 11726, 3766, 5895, 9524, 6522, 1687, 4029, 9711, 10214, 2248, 5255, 7241, 4523, 1070, 3113, 6999, 6831, 1325, 3655, 4603, 2793, 874, 2391, 4946, 4490, 711, 2244, 2816, 1767, 736, 1321, 2441, 2228, 520, 823, 1042, 737, 528, 685, 719, 676, 669, 817, 712, 568, 621, 694, 805, 703, 665, 652, 504, 559, 598, 657, 670, 625, 604, 764, 756, 634, 569, 698, 666, 572, 741, 1060, 1032, 724, 661, 687, 744, 631, 946, 1537, 1379, 766, 577, 762, 1059, 740, 958, 1523, 1346, 796, 713, 899, 1066, 744, 789, 795, 692, 693, 706, 675, 698, 715, 585, 622, 656, 702, 750, 616, 716, 718, 728, 585, 649, 768, 816, 613, 719, 868, 675, 738, 656, 629, 734, 712, 781, 810, 648, 705, 792, 709, 670, 773, 820, 783, 1694, 3792, 3884, 1894, 1530, 1784, 1378, 1280, 3754, 10541, 11140, 4811, 2941, 4236, 4162, 3494, 3249, 10535, 11715, 5382, 2566, 4465, 4475, 4022, 1677, 4650, 5446, 2617, 1426, 2599, 2170, 2131, 1719, 2645, 2307, 1222, 1142, 1459, 1614, 1357, 1358, 1810, 1455, 1026, 966, 1098, 1525, 1149, 1075, 1387, 969, 794, 870, 1104, 1292, 861, 865, 894, 992, 1097, 893, 857, 1048, 1018, 865, 596, 806, 1002, 846, 652, 819, 994, 775, 759, 847, 874, 888, 814, 809, 893, 858, 959, 992, 928, 907, 820, 866, 888, 805, 800, 874, 767, 740, 724, 785, 905, 766, 802, 872, 813, 695, 679, 824, 782, 792, 695, 702, 959, 897, 619, 943, 986, 990, 789, 665, 880, 879, 594, 783, 1028, 945, 849, 775, 793, 734, 649, 598, 849, 833, 795, 725, 703, 723, 749, 689, 881, 782, 816, 738, 798, 812, 749, 703, 636, 717, 752, 688, 792, 774, 715, 666, 638, 721, 746, 751, 827, 781, 715, 719, 669, 558, 606, 763, 803, 672, 623, 617, 625, 555, 733, 759, 744, 644, 592, 738, 663, 609, 616, 651, 655, 548, 565, 693, 636, 674, 547, 641, 714, 613, 556, 718, 760, 558, 588, 644, 648, 664, 622, 627, 696, 681, 619, 588, 568, 685, 662, 675, 739, 589, 577, 556, 594, 648, 583, 663, 683, 598, 590, 497, 513, 604, 602, 632, 659, 619, 586, 494, 584, 616, 535, 648, 651, 630, 606, 543, 635, 634, 585, 634, 664, 523, 562, 470, 507, 563, 580, 597, 534, 565, 563, 518, 586, 698, 642, 506, 584, 559, 623, 663, 564, 618, 616, 559, 606, 636, 652, 618, 632, 571, 589, 691, 686, 577, 686, 654, 573, 536, 652, 714, 635, 683, 603, 624, 602, 605, 714, 675, 636, 612, 567, 574, 674, 716, 674, 654, 638, 596, 619, 690, 671, 680, 664, 639, 668, 595, 605, 670, 598, 668, 725, 747, 731, 677, 625, 611, 637, 725, 725, 723, 700, 661, 672, 601, 645, 714, 687, 633, 602, 557, 637, 647, 573, 513, 578, 591, 553, 605, 701, 639, 527, 562, 503, 652, 716, 594, 730, 764, 621, 551, 578, 705, 734, 732, 851, 1147, 906, 625, 642, 902, 1014, 766, 774, 1233, 1025, 604, 677, 1129, 1237, 525, 899, 1111, 775, 468, 726, 1183, 1101, 551, 642, 752, 573, 516, 620, 788, 800, 676, 585, 626, 664, 632, 637, 677, 727, 635, 669, 645, 588, 578, 648, 761, 783, 602, 640, 634, 523, 577, 641, 727, 708, 539, 497, 526, 508, 458, 530, 662, 654, 538, 494, 444, 526, 556, 547, 535, 525, 607, 547, 550, 519, 557, 654, 562, 533, 472, 540, 538, 510, 494, 577, 591, 488, 493, 583, 558, 454, 530, 644, 629, 515, 521, 584, 582, 528, 440, 517, 620, 539, 527, 453, 479, 486, 447, 490, 526, 569, 375, 428, 460, 332, 399, 506, 547, 450, 425, 492, 475, 434, 502, 479, 474, 421, 395, 401, 351, 407, 470, 421, 391, 381, 400, 370, 352, 433, 481, 393, 358, 372]"
0.5074287056922913,-0.399970144033432,-0.12150408327579498,-0.33908823132514954,-0.48627370595932007,-0.1122170090675354,-0.39890003204345703,-1.1947160959243774,2.2218704223632812,16.25,-1.1947160959243774,2.3202896118164062,22.0,-1.1947160959243774,2.343320846557617,19.0,-0.3049379587173462,0.9175300598144531,23.75,-0.273323655128479,0.7746219635009766,-29.5,"[518, 558, 489, 545, 592, 539, 490, 560, 501, 586, 563, 619, 721, 666, 655, 599, 565, 619, 547, 547, 598, 607, 617, 566, 639, 625, 634, 644, 604, 617, 634, 666, 577, 453, 442, 477, 478, 426, 450, 594, 572, 509, 511, 481, 523, 482, 440, 576, 595, 596, 535, 563, 557, 618, 554, 507, 537, 549, 574, 540, 441, 505, 563, 507, 438, 483, 479, 459, 434, 464, 474, 463, 500, 479, 476, 464, 509, 444, 454, 518, 492, 549, 576, 539, 526, 494, 508, 516, 518, 483, 529, 585, 488, 497, 521, 507, 556, 517, 539, 526, 517, 542, 577, 590, 524, 657, 617, 526, 514, 526, 602, 550, 682, 643, 561, 563, 614, 575, 532, 605, 561, 474, 481, 511, 547, 580, 618, 631, 617, 499, 477, 462, 564, 534, 501, 625, 710, 533, 480, 581, 605, 578, 481, 600, 634, 491, 474, 541, 508, 550, 469, 583, 470, 474, 541, 483, 527, 574, 571, 566, 507, 537, 596, 588, 559, 552, 511, 461, 572, 617, 617, 675, 638, 537, 535, 508, 509, 626, 729, 669, 546, 519, 605, 594, 540, 540, 611, 679, 605, 508, 534, 517, 491, 604, 592, 586, 634, 664, 570, 472, 569, 603, 671, 676, 698, 731, 665, 542, 659, 667, 590, 533, 674, 690, 559, 531, 729, 667, 606, 594, 607, 620, 550, 629, 669, 542, 535, 671, 609, 617, 599, 576, 618, 549, 546, 611, 509, 552, 547, 502, 565, 590, 590, 586, 556, 598, 603, 553, 566, 596, 601, 591, 608, 657, 641, 681, 548, 624, 569, 499, 588, 684, 686, 605, 609, 716, 661, 607, 572, 712, 757, 588, 569, 551, 520, 592, 579, 632, 696, 641, 622, 705, 610, 533, 533, 684, 679, 572, 633, 638, 533, 518, 585, 578, 513, 584, 508, 537, 541, 501, 520, 549, 582, 588, 612, 637, 652, 560, 530, 652, 684, 584, 693, 651, 617, 620, 581, 591, 643, 604, 596, 552, 664, 652, 543, 508, 682, 770, 790, 715, 967, 966, 731, 660, 1210, 1395, 1521, 1024, 1414, 1812, 1490, 1027, 2078, 2433, 3824, 4297, 5562, 4186, 2864, 4736, 10183, 9734, 12414, 9594, 15886, 11047, 8573, 9883, 27507, 29140, 14909, 9128, 17749, 11459, 9693, 8310, 28378, 32333, 7314, 5771, 9908, 5874, 4087, 4854, 13574, 15937, 3894, 12881, 15439, 7908, 2071, 12774, 24247, 20616, 6236, 16702, 21122, 11214, 3594, 16649, 33310, 29264, 6108, 12088, 16805, 10619, 3310, 11480, 24081, 22200, 4472, 12492, 15276, 8649, 1979, 8516, 16385, 14357, 3215, 10666, 12841, 6919, 1612, 7367, 14155, 12243, 1583, 6439, 7207, 3542, 1044, 4366, 8016, 6526, 988, 2747, 2812, 1366, 737, 1844, 2989, 2264, 752, 909, 967, 900, 767, 718, 933, 955, 677, 697, 773, 724, 689, 605, 601, 717, 679, 670, 822, 648, 577, 584, 659, 798, 712, 802, 869, 738, 644, 637, 737, 741, 803, 885, 810, 747, 657, 694, 667, 617, 834, 965, 940, 776, 759, 722, 671, 660, 797, 937, 904, 755, 746, 768, 810, 734, 895, 756, 779, 895, 837, 808, 840, 828, 671, 667, 812, 956, 821, 653, 675, 597, 559, 581, 650, 732, 643, 649, 673, 602, 810, 864, 779, 608, 587, 744, 737, 675, 1378, 2668, 2617, 1399, 846, 1080, 1554, 1231, 2523, 7181, 8240, 4556, 2007, 3014, 3622, 3343, 1961, 7966, 10605, 6389, 2597, 4910, 4083, 4469, 2666, 4759, 7396, 4995, 2298, 4495, 3178, 3249, 1915, 3434, 5353, 4081, 1885, 2565, 2192, 2660, 1318, 3157, 4314, 3491, 1627, 1105, 1810, 2058, 2156, 2789, 2716, 2144, 1752, 1432, 1796, 1401, 1748, 1810, 1374, 1424, 1421, 1281, 1190, 1144, 898, 809, 844, 879, 805, 902, 824, 780, 555, 609, 790, 693, 586, 684, 769, 573, 767, 749, 873, 768, 683, 787, 749, 767, 845, 865, 821, 856, 844, 819, 710, 787, 996, 953, 955, 951, 926, 818, 846, 908, 825, 980, 1222, 1065, 765, 824, 1044, 870, 1050, 952, 1348, 1176, 820, 788, 1007, 1155, 1014, 762, 1075, 1025, 890, 754, 919, 1213, 769, 716, 818, 772, 638, 739, 779, 805, 801, 758, 706, 709, 672, 590, 634, 711, 669, 815, 824, 725, 644, 667, 674, 647, 601, 675, 751, 651, 683, 669, 612, 620, 644, 641, 695, 628, 713, 701, 539, 658, 759, 717, 686, 682, 780, 721, 671, 762, 739, 815, 682, 631, 652, 687, 725, 687, 621, 787, 675, 586, 655, 654, 691, 658, 614, 691, 726, 678, 604, 564, 699, 723, 577, 619, 750, 662, 559, 556, 658, 677, 547, 566, 682, 539, 638, 698, 662, 626, 618, 623, 629, 626, 649, 647, 668, 644, 547, 559, 645, 571, 574, 699, 780, 707, 691, 671, 674, 599, 704, 636, 644, 734, 563, 567, 633, 507, 556, 586, 610, 651, 526, 506, 641, 619, 592, 588, 611, 659, 540, 546, 638, 571, 564, 606, 611, 602, 575, 560, 607, 566, 597, 617, 627, 608, 591, 647, 647, 612, 646, 626, 697, 700, 583, 592, 651, 595, 649, 583, 569, 651, 617, 563, 647, 633, 633, 598, 555, 699, 647, 671, 647, 695, 697, 628, 737, 795, 795, 770, 792, 755, 754, 565, 856, 982, 746, 639, 732, 808, 733, 575, 821, 945, 554, 499, 688, 705, 573, 621, 674, 685, 648, 579, 743, 702, 587, 579, 626, 785, 752, 628, 692, 726, 702, 595, 690, 906, 686, 772, 904, 745, 579, 725, 1000, 974, 868, 1395, 1716, 1122, 681, 1055, 1814, 1723, 888, 2111, 2613, 1455, 821, 1337, 2623, 2457, 687, 1936, 2211, 1328, 654, 1294, 2181, 1783, 703, 1044, 1184, 921, 604, 824, 1108, 931, 708, 715, 702, 663, 623, 613, 760, 769, 640, 902, 1038, 697, 549, 760, 955, 888, 689, 944, 908, 701, 637, 833, 956, 791, 681, 783, 831, 715, 617, 750, 913, 772, 667, 626, 687, 528, 611, 697, 703, 731, 615, 506, 587, 632, 719, 708, 527, 666, 569, 521, 597, 603, 584, 545, 565, 624, 481, 450, 540, 593, 483, 452, 514, 546, 563, 495, 460, 506, 516, 597, 574, 542, 567, 530, 543, 448, 553, 635, 604, 555, 577, 550, 549, 509, 478, 589, 553, 515, 495, 520, 451, 416, 426, 420, 484, 497, 426, 472, 451, 464, 565, 532, 490, 454, 369, 418, 463, 466, 420, 439, 451, 421, 442, 397, 469, 485, 463, 464, 420, 436]"
0.4337430000305176,-0.5239027142524719,-0.12256963551044464,-0.5079541206359863,-0.6827393770217896,-0.18409566581249237,-0.6205865144729614,-0.5485172271728516,0.9169578552246094,15.75,-0.4639739990234375,0.8371353149414062,19.5,-0.32035064697265625,0.7940769195556641,28.5,-0.2548332214355469,0.7205486297607422,19.5,-0.1783008575439453,0.6398677825927734,27.0,"[481, 600, 721, 690, 585, 687, 721, 598, 471, 551, 638, 659, 650, 680, 642, 515, 526, 496, 626, 612, 520, 588, 544, 501, 540, 520, 568, 543, 490, 467, 465, 542, 508, 489, 464, 491, 470, 480, 478, 463, 557, 566, 510, 523, 474, 490, 548, 537, 543, 476, 393, 501, 569, 476, 472, 546, 583, 497, 511, 615, 611, 581, 588, 625, 542, 444, 507, 597, 593, 535, 496, 573, 540, 447, 465, 495, 522, 486, 458, 514, 499, 459, 477, 509, 508, 549, 520, 485, 442, 496, 486, 493, 513, 479, 539, 521, 486, 542, 529, 498, 540, 585, 523, 469, 480, 510, 658, 614, 472, 552, 584, 519, 499, 613, 583, 533, 432, 444, 572, 526, 609, 592, 502, 525, 531, 518, 615, 617, 620, 565, 529, 629, 678, 575, 436, 597, 573, 557, 606, 584, 618, 549, 469, 600, 635, 557, 648, 578, 528, 522, 521, 703, 608, 652, 640, 530, 582, 630, 535, 556, 557, 581, 556, 523, 468, 547, 581, 511, 608, 508, 476, 520, 499, 586, 576, 590, 587, 446, 476, 484, 549, 656, 550, 572, 514, 511, 493, 522, 530, 548, 549, 544, 558, 498, 480, 444, 466, 411, 506, 602, 683, 532, 517, 548, 587, 480, 518, 659, 651, 596, 516, 593, 605, 565, 540, 529, 521, 589, 522, 585, 621, 586, 541, 548, 482, 563, 511, 479, 586, 536, 486, 470, 554, 556, 563, 573, 590, 497, 597, 656, 564, 630, 611, 550, 565, 536, 615, 596, 677, 691, 614, 522, 599, 678, 719, 619, 627, 725, 665, 567, 503, 675, 763, 614, 514, 636, 662, 623, 563, 603, 719, 595, 557, 482, 500, 524, 588, 542, 463, 545, 623, 633, 581, 542, 554, 547, 480, 529, 631, 634, 558, 521, 558, 576, 504, 573, 600, 656, 703, 638, 579, 641, 684, 706, 739, 758, 932, 968, 743, 809, 1488, 1426, 1601, 1103, 1732, 2123, 1428, 1394, 3486, 3513, 2550, 1425, 2654, 3165, 2230, 1785, 5175, 5497, 2555, 2178, 2930, 2776, 2083, 2528, 5722, 5669, 5599, 5412, 7911, 4890, 3501, 5631, 13102, 13276, 8420, 7025, 11745, 7822, 4985, 6763, 17294, 18566, 6865, 4290, 7867, 5924, 3899, 4575, 10200, 12095, 5256, 7005, 8369, 6527, 2989, 7890, 11375, 9559, 4656, 13039, 12757, 7979, 2799, 13401, 20062, 13840, 4061, 12901, 12668, 6353, 2882, 11413, 18041, 12939, 3204, 7858, 7512, 4058, 2325, 5302, 8592, 7358, 2146, 3026, 3797, 2525, 1217, 2042, 4455, 4764, 1206, 3625, 4073, 2404, 716, 2785, 4748, 3597, 998, 3199, 3610, 2072, 661, 2964, 4864, 3649, 848, 1314, 1408, 1112, 636, 1391, 1920, 1356, 797, 1115, 1148, 892, 681, 883, 1139, 1029, 818, 986, 1075, 829, 707, 1033, 1351, 1173, 687, 993, 1128, 788, 596, 965, 1288, 1058, 693, 882, 894, 616, 605, 776, 905, 738, 861, 892, 802, 692, 668, 712, 686, 705, 877, 895, 795, 763, 728, 782, 821, 693, 885, 1043, 927, 743, 805, 911, 947, 693, 880, 1003, 837, 658, 818, 925, 912, 748, 1020, 1079, 956, 735, 867, 1016, 1008, 902, 1119, 1277, 1081, 778, 941, 1125, 1269, 1046, 1081, 1290, 1036, 797, 891, 1137, 1292, 1040, 1104, 1510, 1252, 748, 778, 954, 1120, 895, 1689, 3032, 3001, 1466, 1056, 1639, 1494, 1109, 1949, 4147, 4717, 2515, 1569, 2650, 1880, 1726, 2703, 3916, 4452, 3377, 2608, 2440, 2351, 3138, 3082, 4497, 5253, 4102, 2773, 1373, 2667, 3301, 1768, 3152, 2868, 1472, 1810, 1909, 1775, 1286, 2213, 2513, 2385, 2081, 1956, 1990, 1750, 1674, 1517, 2000, 2045, 1540, 1324, 1549, 1265, 1251, 737, 1293, 1569, 1088, 849, 1034, 798, 688, 728, 1097, 1270, 924, 721, 904, 910, 814, 783, 1077, 1228, 919, 706, 838, 1007, 878, 770, 1008, 1089, 787, 640, 833, 955, 816, 812, 871, 1101, 922, 653, 747, 908, 936, 783, 934, 1139, 985, 666, 673, 907, 926, 767, 1083, 1094, 866, 673, 854, 910, 720, 735, 953, 1053, 841, 689, 886, 962, 794, 578, 692, 789, 721, 582, 726, 907, 823, 628, 622, 716, 756, 634, 647, 749, 790, 683, 647, 698, 744, 732, 748, 700, 762, 711, 746, 604, 627, 792, 781, 608, 577, 673, 727, 627, 567, 729, 756, 790, 656, 634, 690, 770, 795, 740, 693, 836, 817, 693, 718, 816, 766, 670, 698, 733, 771, 681, 661, 796, 668, 551, 640, 655, 738, 609, 565, 586, 588, 568, 664, 641, 597, 527, 613, 618, 579, 622, 716, 691, 599, 494, 667, 816, 663, 570, 662, 796, 683, 624, 716, 879, 723, 622, 797, 862, 722, 636, 633, 693, 625, 628, 700, 696, 728, 692, 706, 688, 632, 648, 673, 747, 786, 719, 768, 708, 668, 623, 629, 804, 772, 656, 646, 687, 726, 617, 662, 751, 763, 601, 479, 529, 622, 579, 483, 561, 666, 597, 621, 527, 560, 626, 549, 615, 627, 580, 665, 753, 672, 610, 680, 801, 756, 603, 580, 744, 665, 578, 639, 832, 856, 644, 532, 672, 656, 536, 648, 798, 793, 600, 571, 587, 616, 591, 540, 649, 647, 732, 553, 522, 685, 694, 628, 604, 712, 673, 645, 690, 696, 606, 682, 821, 774, 685, 610, 711, 729, 594, 654, 851, 805, 707, 654, 619, 638, 575, 641, 762, 794, 781, 662, 658, 692, 616, 591, 825, 936, 1014, 896, 734, 877, 870, 782, 827, 880, 1103, 1057, 1109, 1112, 1017, 937, 1060, 1103, 774, 1150, 1588, 1204, 821, 1007, 1511, 1507, 690, 1276, 1516, 981, 694, 975, 1536, 1428, 711, 1073, 1137, 821, 654, 931, 1307, 1120, 847, 932, 933, 764, 656, 850, 1093, 1039, 952, 1061, 1029, 824, 753, 951, 1179, 1097, 891, 900, 885, 743, 676, 855, 974, 810, 732, 658, 639, 708, 614, 663, 695, 747, 606, 547, 599, 699, 653, 607, 679, 686, 606, 549, 602, 575, 593, 609, 588, 644, 552, 519, 553, 602, 550, 609, 690, 655, 560, 530, 608, 603, 595, 536, 545, 618, 539, 442, 453, 522, 553, 526, 434, 451, 552, 474, 410, 501, 519, 507, 456, 424, 529, 505, 477, 483, 558, 498, 489, 606, 466, 502, 576, 523, 492, 439, 524, 601, 447, 450, 475, 432, 376, 393, 469, 477, 548, 584, 480, 418, 413, 512, 553, 497, 525, 529, 498, 509, 459, 431, 538, 553, 469, 550, 475, 464, 520, 469, 579, 548]"
0.3834341764450073,-0.6134770512580872,-0.11236033588647842,-0.5610437393188477,-0.7229994535446167,-0.14560054242610931,-0.6086577773094177,-1.1948448419570923,1.087045669555664,30.25,-1.1948448419570923,1.1179447174072266,26.0,-0.3667217493057251,0.6923675537109375,21.5,0.031246542930603027,1.5927314758300781,15.75,0.18974721431732178,1.5260696411132812,19.5,"[456, 604, 658, 563, 560, 563, 655, 604, 494, 549, 617, 626, 655, 642, 643, 629, 524, 488, 537, 576, 621, 622, 573, 557, 480, 572, 629, 597, 526, 575, 563, 500, 540, 478, 456, 520, 514, 461, 460, 493, 518, 465, 511, 546, 478, 457, 516, 564, 488, 534, 614, 597, 541, 561, 540, 488, 502, 458, 487, 446, 547, 549, 461, 501, 463, 452, 546, 583, 520, 486, 531, 533, 516, 494, 530, 566, 549, 542, 630, 590, 534, 600, 651, 664, 560, 533, 553, 535, 637, 615, 553, 582, 559, 494, 472, 519, 448, 475, 473, 440, 484, 494, 479, 512, 504, 542, 499, 440, 550, 521, 506, 536, 491, 532, 507, 547, 499, 465, 549, 560, 481, 503, 510, 492, 433, 553, 602, 517, 526, 552, 474, 452, 484, 582, 525, 474, 591, 637, 617, 613, 593, 605, 597, 526, 619, 619, 680, 593, 528, 605, 681, 680, 607, 586, 617, 573, 599, 577, 619, 640, 552, 603, 653, 552, 528, 533, 547, 589, 480, 507, 557, 558, 588, 604, 550, 548, 459, 491, 455, 461, 536, 524, 466, 523, 505, 476, 437, 424, 474, 511, 483, 455, 467, 480, 455, 416, 468, 505, 517, 477, 542, 621, 587, 481, 506, 579, 653, 549, 604, 605, 683, 652, 508, 583, 630, 642, 614, 623, 734, 705, 541, 585, 651, 692, 490, 521, 613, 612, 470, 534, 562, 514, 545, 520, 500, 616, 547, 472, 590, 596, 473, 551, 508, 497, 438, 529, 628, 507, 542, 598, 542, 514, 564, 684, 614, 484, 512, 530, 560, 608, 613, 612, 613, 549, 555, 661, 651, 646, 619, 702, 759, 645, 749, 1370, 1682, 1534, 702, 1837, 3106, 2510, 3019, 4222, 5708, 5718, 2605, 5475, 11631, 10427, 6368, 6424, 9530, 10035, 5471, 8199, 19568, 18627, 6063, 5128, 8078, 9025, 5292, 6727, 16776, 16345, 2886, 2542, 3520, 4077, 2610, 3193, 7523, 7269, 2439, 3229, 4372, 3068, 1734, 3396, 7001, 6590, 4263, 5994, 8808, 5654, 2673, 6011, 13658, 13154, 5362, 4351, 7421, 5265, 3330, 4652, 11977, 12504, 6686, 2282, 5529, 4867, 4194, 2723, 9817, 11997, 5445, 3475, 6413, 3951, 2667, 3266, 10108, 11586, 6291, 7066, 10038, 4984, 2858, 7009, 17368, 17609, 3376, 8742, 10293, 4500, 1866, 8094, 16637, 14911, 1548, 9121, 9659, 4293, 1675, 5969, 10229, 7692, 2272, 9440, 10541, 5235, 1593, 4514, 8164, 6471, 3587, 11311, 14006, 7794, 1857, 5521, 12207, 11328, 5023, 16991, 19689, 10356, 2451, 10316, 19544, 16459, 2954, 11176, 12489, 6281, 1586, 7455, 13303, 10674, 1320, 2993, 3207, 1828, 1033, 2330, 3636, 3041, 1332, 2591, 2484, 1315, 1078, 1638, 2331, 1723, 1052, 2667, 2703, 1261, 795, 1574, 2560, 1810, 1086, 2432, 2544, 1295, 596, 1511, 2424, 1829, 1065, 1669, 1484, 887, 657, 1182, 1507, 1043, 774, 796, 678, 631, 596, 761, 779, 658, 566, 734, 888, 696, 639, 607, 726, 729, 642, 790, 857, 822, 778, 656, 824, 862, 737, 701, 775, 758, 656, 609, 722, 789, 721, 799, 837, 755, 706, 819, 763, 688, 711, 953, 893, 700, 842, 1066, 955, 542, 719, 879, 744, 578, 801, 988, 946, 715, 931, 1157, 973, 724, 725, 854, 867, 698, 1437, 2378, 2406, 1335, 789, 1022, 1054, 741, 4312, 5409, 6128, 4644, 2087, 3623, 3472, 2589, 7416, 8004, 8799, 7725, 3697, 6165, 6027, 4550, 5682, 5863, 6683, 6090, 3257, 4382, 4397, 3569, 3170, 3576, 3087, 3038, 2404, 2161, 1969, 2111, 1630, 2099, 2134, 1675, 1548, 1563, 1476, 1179, 1343, 1753, 1615, 1062, 1190, 1272, 1100, 946, 1545, 1824, 1233, 915, 1198, 1164, 1023, 931, 1210, 1321, 913, 743, 1075, 1050, 900, 765, 791, 930, 830, 761, 847, 886, 905, 722, 620, 801, 726, 716, 668, 691, 807, 689, 849, 955, 807, 626, 656, 765, 916, 806, 785, 1018, 844, 655, 604, 740, 920, 783, 763, 1025, 1027, 828, 695, 934, 1078, 923, 761, 1051, 1076, 890, 696, 967, 1116, 1026, 643, 660, 775, 810, 634, 717, 915, 841, 728, 649, 553, 645, 695, 601, 626, 738, 643, 697, 695, 618, 560, 599, 700, 732, 767, 679, 626, 594, 739, 710, 638, 744, 762, 702, 757, 727, 810, 757, 790, 839, 737, 697, 764, 660, 763, 776, 786, 803, 875, 877, 740, 648, 763, 804, 767, 763, 828, 771, 624, 635, 692, 737, 701, 740, 748, 682, 548, 566, 591, 666, 661, 687, 657, 690, 586, 582, 585, 530, 585, 612, 722, 648, 580, 639, 734, 612, 693, 736, 574, 594, 632, 634, 608, 625, 684, 732, 638, 661, 692, 709, 675, 573, 692, 730, 667, 732, 650, 612, 637, 620, 659, 676, 695, 690, 634, 615, 690, 639, 604, 668, 581, 723, 773, 631, 593, 541, 697, 680, 698, 874, 886, 699, 627, 722, 834, 779, 891, 986, 826, 628, 743, 758, 786, 774, 848, 889, 760, 691, 732, 769, 756, 762, 754, 824, 716, 606, 686, 807, 718, 677, 646, 649, 713, 685, 556, 631, 774, 685, 690, 691, 706, 761, 686, 732, 777, 708, 663, 689, 759, 748, 731, 759, 816, 793, 694, 726, 700, 626, 702, 771, 739, 764, 689, 699, 592, 568, 672, 655, 653, 668, 806, 763, 638, 631, 700, 625, 690, 790, 890, 1248, 1347, 971, 794, 939, 1239, 1154, 1106, 1951, 2239, 1502, 856, 1301, 1965, 1741, 996, 2057, 2258, 1350, 788, 1321, 1892, 1569, 833, 1474, 1576, 1020, 680, 1015, 1352, 1074, 876, 1099, 1022, 809, 830, 1067, 1043, 798, 922, 916, 844, 613, 693, 846, 934, 960, 1314, 1371, 1063, 937, 702, 1092, 1346, 1255, 1747, 2274, 1732, 1097, 796, 1355, 1685, 1231, 1398, 2049, 1768, 1031, 836, 1002, 1297, 919, 834, 1150, 1129, 683, 569, 598, 714, 720, 625, 615, 583, 569, 584, 691, 710, 708, 617, 518, 597, 660, 543, 623, 688, 639, 669, 502, 526, 653, 630, 634, 659, 732, 603, 506, 544, 602, 585, 611, 578, 632, 554, 577, 570, 504, 576, 692, 637, 545, 511, 629, 626, 542, 532, 643, 657, 591, 606, 638, 573, 507, 541, 637, 662, 530, 734, 798, 551, 460, 518, 582, 579, 467, 640, 650, 505, 446, 436, 480, 482, 480, 512, 615, 494, 426, 416, 473, 525, 442, 536, 524, 410, 421, 481, 516, 538, 490, 420, 454, 481, 465, 442, 441, 455, 425, 359, 350, 347, 377, 398, 346, 370, 392]"
0.3808324933052063,-0.7225279808044434,-0.3646872043609619,-0.45797282457351685,-0.862306535243988,-0.6341690421104431,-0.40072351694107056,-0.7112233638763428,0.8272647857666016,16.75,-0.6572930812835693,0.8006572723388672,25.5,-0.32884764671325684,0.5488872528076172,16.0,-0.1368730068206787,0.51727294921875,16.0,-0.09281325340270996,0.8780479431152344,18.75,"[621, 648, 602, 659, 667, 665, 606, 652, 554, 620, 644, 613, 640, 652, 681, 666, 515, 595, 595, 536, 614, 593, 671, 656, 465, 522, 529, 418, 460, 521, 544, 559, 473, 488, 484, 483, 503, 530, 568, 488, 547, 551, 583, 619, 580, 570, 588, 521, 557, 497, 590, 696, 640, 537, 447, 530, 566, 546, 587, 555, 652, 645, 487, 528, 461, 463, 511, 502, 478, 506, 510, 496, 508, 572, 585, 591, 550, 566, 659, 598, 528, 610, 523, 589, 597, 660, 658, 485, 634, 549, 547, 699, 704, 660, 632, 590, 543, 513, 551, 549, 514, 524, 601, 601, 586, 538, 567, 528, 518, 534, 546, 642, 630, 542, 595, 559, 521, 507, 551, 660, 502, 552, 576, 590, 588, 540, 556, 557, 533, 554, 532, 632, 615, 565, 572, 541, 501, 521, 595, 638, 582, 546, 557, 591, 507, 539, 542, 522, 537, 587, 579, 547, 478, 477, 457, 440, 475, 488, 515, 510, 556, 545, 529, 579, 529, 535, 594, 581, 561, 538, 584, 579, 563, 557, 586, 598, 551, 555, 501, 508, 530, 532, 533, 521, 536, 594, 620, 585, 547, 499, 546, 544, 529, 530, 571, 600, 640, 596, 582, 598, 612, 756, 653, 538, 642, 692, 623, 568, 686, 793, 662, 505, 696, 698, 544, 522, 606, 737, 598, 462, 581, 604, 540, 491, 485, 585, 627, 536, 516, 523, 546, 519, 663, 708, 743, 601, 543, 681, 767, 755, 1324, 1801, 2364, 1841, 1070, 2126, 3897, 3512, 3138, 4566, 6359, 4772, 2335, 5127, 10720, 9829, 3166, 4632, 6626, 5185, 2461, 5225, 11278, 10380, 1596, 2491, 3197, 2459, 1295, 2631, 5144, 4531, 1482, 1733, 2448, 1760, 1031, 1760, 3710, 3703, 1355, 2025, 2547, 2041, 1212, 2290, 4644, 4225, 2630, 5550, 5897, 3878, 1859, 6237, 11071, 9085, 5370, 10402, 12762, 8724, 3489, 11532, 22692, 19850, 5933, 8323, 11436, 8282, 3770, 9264, 20670, 19345, 2737, 3225, 4399, 3530, 1813, 3783, 8641, 8210, 1258, 1391, 1305, 1185, 923, 1819, 2438, 1934, 1822, 3189, 3192, 1737, 1049, 3299, 5543, 4626, 2818, 7946, 7618, 3564, 1536, 7304, 11795, 8893, 3259, 8564, 7904, 3465, 1527, 7183, 11068, 7868, 2158, 4363, 4125, 2039, 1082, 3400, 5179, 3594, 2761, 4872, 5513, 3345, 1384, 3326, 5675, 5114, 6615, 13970, 14011, 6741, 2521, 8384, 13898, 10955, 7623, 16432, 15227, 6239, 2850, 10321, 15679, 10562, 4332, 11008, 11072, 5119, 1935, 7316, 11689, 8569, 1791, 5638, 6039, 3121, 1154, 3943, 6767, 5281, 1670, 3988, 4000, 2152, 1154, 2339, 3873, 2921, 1502, 4020, 3992, 1987, 990, 2226, 3644, 2637, 948, 3140, 3335, 1824, 775, 2165, 3276, 2361, 778, 2237, 2423, 1442, 759, 1751, 2534, 2014, 895, 1353, 1364, 883, 735, 1124, 1436, 1094, 903, 1150, 1014, 782, 771, 859, 873, 667, 896, 1110, 951, 740, 854, 867, 784, 739, 862, 883, 797, 707, 812, 858, 869, 819, 741, 889, 886, 717, 678, 741, 821, 774, 1088, 1157, 976, 825, 798, 951, 916, 846, 1866, 2592, 1777, 874, 1340, 1475, 1339, 810, 3199, 3985, 2811, 1524, 2228, 2143, 1748, 1416, 3939, 4344, 3261, 2842, 3097, 2749, 2019, 2452, 5454, 5559, 3941, 3293, 3608, 3183, 2078, 3451, 6241, 8373, 6823, 3838, 4350, 5181, 3784, 3394, 7002, 10398, 9395, 6346, 5987, 6440, 5341, 4621, 4687, 6683, 6257, 4444, 4064, 4160, 3914, 3902, 1795, 2228, 2382, 1975, 1556, 1653, 1498, 1852, 1047, 1389, 1517, 1250, 1019, 988, 1003, 1106, 834, 1123, 1310, 968, 710, 905, 948, 933, 908, 962, 1088, 857, 757, 940, 1005, 1017, 993, 991, 1034, 850, 737, 761, 974, 1101, 864, 955, 975, 716, 583, 669, 815, 895, 996, 1199, 1259, 1058, 802, 1003, 1195, 1173, 1458, 1785, 1860, 1749, 1147, 1521, 1950, 1691, 1588, 1648, 1606, 1676, 1182, 1319, 1634, 1463, 777, 939, 813, 727, 649, 742, 988, 818, 904, 841, 1188, 1159, 848, 748, 1007, 1147, 823, 820, 1131, 1219, 824, 687, 940, 897, 800, 783, 889, 1058, 839, 686, 865, 962, 812, 711, 817, 894, 749, 649, 758, 910, 672, 648, 703, 709, 688, 672, 739, 734, 677, 669, 695, 734, 663, 596, 685, 675, 708, 639, 597, 658, 605, 608, 683, 630, 625, 678, 763, 653, 614, 689, 701, 562, 575, 693, 735, 620, 528, 606, 642, 566, 819, 779, 733, 515, 683, 766, 659, 730, 1115, 991, 935, 795, 1001, 928, 862, 1045, 1119, 1052, 873, 865, 993, 915, 861, 985, 851, 859, 727, 806, 890, 765, 782, 786, 868, 842, 726, 704, 895, 844, 843, 835, 845, 774, 759, 808, 946, 816, 631, 737, 701, 612, 639, 813, 802, 640, 689, 720, 626, 735, 712, 697, 623, 623, 828, 807, 676, 678, 620, 552, 644, 603, 619, 651, 669, 713, 639, 678, 661, 622, 571, 578, 676, 683, 728, 746, 675, 662, 785, 800, 738, 842, 900, 713, 729, 829, 911, 889, 753, 902, 801, 701, 691, 935, 891, 601, 706, 727, 561, 570, 605, 743, 710, 545, 573, 649, 572, 549, 511, 626, 749, 604, 588, 700, 722, 652, 595, 687, 824, 792, 850, 972, 1244, 1080, 822, 902, 1273, 1284, 1692, 2014, 2597, 1974, 1315, 1264, 2422, 2546, 1320, 2534, 2936, 1858, 1151, 1608, 2646, 2338, 836, 1608, 1870, 1269, 769, 1136, 1674, 1395, 867, 883, 999, 908, 725, 854, 1032, 1072, 797, 786, 849, 735, 678, 725, 862, 937, 843, 654, 669, 735, 766, 649, 828, 974, 750, 760, 699, 590, 672, 811, 920, 801, 772, 853, 906, 702, 663, 844, 956, 939, 780, 714, 944, 831, 704, 850, 906, 876, 775, 674, 818, 702, 696, 816, 813, 856, 800, 730, 758, 620, 638, 779, 794, 893, 773, 691, 716, 633, 613, 665, 751, 841, 660, 669, 767, 658, 635, 618, 850, 871, 739, 838, 776, 642, 625, 673, 890, 906, 841, 950, 712, 492, 537, 696, 858, 765, 1005, 1107, 702, 579, 618, 757, 823, 631, 823, 945, 764, 626, 492, 681, 717, 606, 834, 933, 759, 607, 527, 600, 702, 609, 854, 943, 715, 558, 609, 731, 794, 679, 545, 613, 604, 500, 475, 625, 717, 626, 556, 595, 564, 514, 486, 604, 691, 607, 501, 600, 602, 493, 457, 522, 557, 533, 527, 545, 516, 496, 455, 492, 498, 463, 474, 512, 568, 603, 521, 440, 556, 535, 487, 560, 543, 488, 426, 453, 590, 554]"
0.36496901512145996,-0.7966877818107605,-0.5086875557899475,-0.4032423496246338,-0.843614399433136,-0.7615234851837158,-0.2662641704082489,-1.055886149406433,2.2074222564697266,18.0,-0.5785244703292847,0.6241321563720703,23.75,-0.46894729137420654,0.49452781677246094,20.5,-0.33619582653045654,0.377655029296875,20.25,0.5096656084060669,0.14591217041015625,16.25,"[700, 632, 600, 654, 692, 653, 599, 632, 580, 591, 582, 657, 725, 659, 643, 606, 589, 624, 610, 604, 613, 683, 607, 518, 548, 599, 560, 475, 452, 524, 544, 541, 510, 572, 568, 504, 503, 505, 501, 452, 614, 609, 549, 522, 548, 540, 547, 538, 596, 521, 501, 514, 458, 473, 503, 573, 572, 540, 527, 501, 532, 569, 551, 612, 506, 550, 514, 513, 526, 550, 548, 550, 527, 577, 599, 601, 490, 484, 577, 564, 494, 515, 493, 529, 485, 489, 544, 491, 596, 511, 453, 471, 521, 569, 602, 600, 507, 517, 545, 481, 484, 566, 619, 633, 579, 586, 491, 530, 601, 524, 489, 514, 545, 494, 459, 555, 592, 519, 515, 560, 590, 598, 599, 599, 606, 597, 578, 640, 602, 598, 560, 543, 584, 585, 521, 580, 599, 496, 455, 558, 569, 572, 519, 468, 628, 580, 556, 533, 632, 667, 496, 528, 601, 590, 581, 621, 621, 677, 609, 559, 529, 454, 553, 578, 567, 616, 515, 447, 571, 557, 619, 636, 560, 604, 685, 608, 650, 625, 677, 628, 546, 609, 657, 625, 657, 568, 490, 642, 636, 592, 644, 684, 515, 646, 682, 532, 504, 608, 654, 529, 1258, 1386, 1361, 1054, 880, 1264, 1739, 1726, 2700, 3330, 4252, 2620, 1533, 2975, 5852, 5740, 2919, 4504, 6132, 3749, 1787, 4194, 8775, 8303, 1509, 3011, 3699, 2434, 1111, 3021, 5960, 5211, 826, 1051, 1209, 1067, 728, 995, 1640, 1395, 795, 819, 1135, 957, 624, 835, 1265, 1284, 616, 620, 805, 845, 662, 707, 983, 929, 609, 585, 554, 625, 614, 610, 651, 607, 794, 1459, 1339, 868, 673, 1242, 2017, 1576, 1023, 2073, 2133, 1130, 704, 1700, 2965, 2452, 1189, 2016, 2717, 1824, 759, 1651, 3081, 2938, 967, 1472, 1920, 1441, 645, 1372, 2107, 1889, 729, 905, 831, 685, 689, 838, 934, 765, 607, 682, 739, 639, 477, 675, 825, 757, 700, 607, 703, 657, 572, 678, 739, 818, 685, 677, 716, 596, 556, 673, 722, 726, 558, 611, 751, 657, 474, 575, 643, 650, 915, 1040, 1157, 835, 653, 732, 1055, 1144, 2440, 4173, 4185, 2228, 1097, 2502, 3999, 3326, 6992, 14779, 14023, 6075, 2743, 7894, 12833, 9652, 9037, 20158, 18920, 7746, 4076, 10516, 17438, 12696, 5289, 10840, 10089, 4412, 2532, 5860, 9820, 7368, 2012, 5036, 4956, 2349, 1145, 3246, 5164, 3926, 1188, 2847, 2805, 1432, 795, 2030, 2858, 1903, 1146, 1400, 1371, 996, 997, 1099, 1115, 1166, 1710, 2232, 2014, 1357, 1145, 1523, 1724, 1484, 1670, 2052, 1901, 1298, 1027, 1559, 1859, 1667, 1269, 1589, 1515, 918, 930, 1173, 1340, 1308, 1377, 1890, 1486, 757, 1098, 1108, 985, 948, 1990, 2765, 1853, 878, 1642, 1488, 1136, 913, 2739, 3461, 2071, 1175, 2112, 1787, 1487, 1108, 2261, 3025, 2135, 1436, 1752, 1674, 1821, 1619, 2018, 2616, 2199, 1407, 1677, 1578, 1656, 1676, 2788, 3052, 2339, 1935, 2166, 1598, 1444, 1924, 3060, 3291, 2715, 2123, 2164, 1847, 1866, 2119, 4539, 5615, 5264, 4033, 2960, 3151, 3377, 3244, 5311, 7081, 6685, 4479, 2904, 3760, 3903, 3752, 4620, 6326, 5314, 2852, 2553, 2931, 2641, 2754, 5513, 8437, 6434, 2215, 4134, 3829, 2416, 2180, 6243, 8702, 6527, 2677, 4084, 4131, 2999, 2653, 3699, 4560, 3650, 2462, 2222, 3117, 2552, 2217, 2301, 3225, 2901, 1520, 1554, 2169, 1827, 1497, 1672, 3175, 2979, 1133, 1386, 1839, 1765, 1249, 1359, 2375, 2201, 945, 1246, 1537, 1533, 1223, 1128, 1837, 1772, 919, 915, 1174, 1333, 1095, 922, 1498, 1378, 827, 789, 941, 1146, 983, 701, 1156, 1181, 739, 708, 795, 1011, 948, 703, 1094, 1131, 752, 749, 786, 792, 820, 1025, 987, 981, 895, 849, 843, 784, 880, 1015, 793, 881, 946, 813, 844, 847, 923, 887, 767, 983, 989, 850, 979, 957, 816, 840, 667, 742, 932, 860, 834, 795, 818, 649, 744, 737, 681, 712, 864, 855, 725, 647, 756, 782, 677, 660, 777, 883, 753, 700, 747, 630, 701, 722, 712, 830, 803, 645, 695, 632, 681, 656, 639, 679, 709, 705, 735, 668, 697, 662, 585, 643, 690, 534, 609, 820, 722, 543, 527, 765, 719, 700, 798, 814, 651, 727, 770, 671, 676, 659, 894, 780, 710, 734, 749, 845, 737, 763, 953, 822, 762, 776, 761, 755, 670, 794, 848, 826, 785, 849, 864, 793, 706, 1103, 914, 885, 1091, 1020, 793, 924, 1111, 1148, 806, 912, 1229, 1066, 680, 1040, 1321, 846, 816, 910, 889, 740, 607, 784, 956, 779, 792, 719, 505, 628, 657, 685, 718, 670, 665, 787, 700, 645, 628, 738, 805, 560, 607, 722, 623, 571, 650, 812, 839, 664, 677, 689, 618, 664, 660, 730, 815, 783, 683, 674, 783, 815, 649, 779, 918, 736, 706, 737, 674, 785, 786, 899, 876, 629, 647, 624, 722, 681, 674, 795, 695, 710, 701, 669, 772, 763, 725, 818, 738, 680, 663, 634, 656, 635, 714, 732, 700, 649, 646, 702, 636, 663, 684, 764, 678, 801, 1119, 1133, 774, 680, 766, 1032, 954, 1148, 2529, 2535, 1244, 915, 1548, 2186, 1615, 1463, 3252, 3074, 1483, 1077, 1840, 2907, 2033, 1646, 2006, 2127, 1661, 1395, 1331, 2549, 2412, 1374, 1425, 1362, 1221, 1289, 1003, 1603, 1595, 1262, 1254, 1313, 1073, 975, 959, 1760, 1924, 1079, 783, 946, 928, 803, 948, 1563, 1713, 679, 824, 964, 826, 623, 922, 1478, 1292, 802, 1007, 1178, 972, 778, 760, 1256, 1223, 1130, 1006, 1197, 1240, 1034, 832, 1319, 1345, 1118, 1074, 1000, 1036, 943, 774, 986, 1177, 1025, 1041, 946, 774, 801, 747, 967, 1058, 829, 864, 1040, 856, 680, 742, 1131, 1167, 885, 908, 1041, 1019, 795, 770, 1066, 1099, 936, 827, 1007, 926, 733, 628, 1096, 1150, 881, 620, 848, 855, 694, 572, 904, 1025, 710, 574, 697, 644, 531, 607, 634, 746, 655, 571, 748, 756, 560, 565, 652, 713, 700, 653, 673, 751, 686, 584, 606, 673, 818, 770, 639, 623, 565, 591, 707, 711, 766, 765, 548, 546, 512, 611, 559, 494, 635, 674, 600, 541, 500, 637, 669, 577, 629, 663, 526, 508, 554, 576, 602, 570, 676, 590, 474, 534, 528, 500, 490, 635, 553, 527, 512, 521, 463, 453, 431, 495, 515, 512, 500, 454, 440, 519, 488, 466, 422, 425, 407, 405, 337, 358, 433, 433, 377, 465, 459, 456, 487, 504, 543, 460]"
0.23122841119766235,-0.774057149887085,-0.5044189691543579,-0.6720770597457886,-0.5937861204147339,-0.5123458504676819,-0.5666319131851196,-1.0059287548065186,1.970529556274414,16.75,-0.3011157512664795,0.1155853271484375,25.75,-0.26664042472839355,0.08754730224609375,-31.75,-0.2530505657196045,-0.2396106719970703,22.5,-0.2489020824432373,0.08826255798339844,30.75,"[479, 555, 603, 620, 600, 620, 613, 557, 483, 578, 670, 625, 532, 617, 715, 612, 463, 531, 625, 584, 545, 617, 586, 536, 559, 532, 535, 451, 515, 567, 574, 532, 554, 588, 431, 459, 545, 549, 455, 404, 569, 507, 482, 533, 506, 521, 539, 526, 504, 634, 547, 479, 515, 519, 583, 519, 560, 537, 530, 579, 567, 466, 542, 601, 569, 478, 471, 527, 494, 414, 457, 568, 599, 484, 502, 555, 490, 445, 423, 571, 512, 456, 493, 469, 464, 486, 538, 542, 542, 611, 583, 528, 472, 656, 699, 555, 533, 607, 485, 482, 563, 595, 588, 508, 595, 679, 620, 486, 549, 639, 631, 505, 596, 704, 576, 526, 689, 608, 538, 552, 587, 634, 580, 579, 707, 641, 581, 652, 543, 581, 534, 538, 578, 573, 543, 528, 500, 583, 579, 576, 631, 641, 541, 558, 658, 549, 550, 493, 578, 622, 475, 548, 598, 554, 587, 491, 525, 552, 525, 585, 544, 544, 523, 468, 455, 470, 457, 517, 609, 619, 582, 571, 584, 586, 591, 580, 525, 585, 584, 580, 572, 623, 647, 622, 1304, 1010, 1757, 1514, 883, 891, 1835, 2205, 3808, 7327, 10389, 6604, 1806, 4904, 10846, 10730, 5306, 15758, 20130, 11364, 2295, 10559, 21756, 19808, 3713, 13680, 16306, 8467, 1781, 9440, 18460, 15966, 1927, 5528, 5870, 2790, 1120, 4075, 7238, 5851, 1034, 1395, 1302, 809, 787, 1193, 1576, 1177, 653, 717, 773, 698, 694, 575, 735, 844, 576, 614, 626, 587, 651, 541, 568, 637, 677, 681, 688, 671, 617, 621, 661, 703, 823, 1214, 1181, 782, 717, 919, 1304, 1145, 973, 1871, 1968, 1114, 729, 1339, 2302, 2034, 732, 1559, 1717, 1034, 556, 1123, 2152, 1914, 634, 846, 857, 618, 537, 711, 1090, 975, 768, 736, 766, 709, 507, 622, 907, 948, 741, 632, 799, 809, 616, 598, 729, 835, 615, 608, 747, 695, 631, 506, 638, 832, 651, 733, 672, 597, 574, 562, 612, 557, 948, 1365, 1209, 689, 579, 796, 901, 710, 5337, 9216, 7316, 2394, 2102, 4378, 5932, 2908, 13349, 23263, 18127, 5382, 5420, 11633, 15724, 7471, 13450, 23401, 17875, 4894, 5449, 12071, 16383, 7683, 5732, 10012, 7457, 1960, 2180, 5355, 7268, 3228, 2190, 4047, 3614, 1603, 1164, 2557, 3685, 2381, 1582, 3201, 2931, 1306, 1024, 1865, 2558, 1626, 2336, 5319, 5055, 2021, 1641, 2194, 3146, 2015, 2717, 6147, 5685, 2041, 1578, 2210, 3553, 2086, 1933, 3679, 3248, 1281, 1069, 1431, 2046, 1170, 1394, 2213, 1796, 840, 898, 1236, 1443, 845, 1017, 1467, 1246, 736, 716, 882, 1073, 745, 733, 914, 826, 699, 729, 728, 822, 681, 780, 932, 1032, 848, 793, 807, 805, 843, 1696, 1854, 1868, 1304, 1466, 1952, 1376, 1183, 2582, 3616, 3357, 1531, 2695, 3345, 2116, 1466, 2514, 4117, 3590, 1345, 2929, 3445, 2011, 1399, 2012, 3162, 3118, 1709, 2073, 2915, 2116, 1465, 2531, 3010, 3768, 2136, 2369, 4290, 3105, 1904, 2432, 3051, 3826, 2276, 2267, 4272, 3294, 1861, 3503, 4861, 4152, 1954, 3323, 3838, 2574, 1728, 4454, 6281, 4672, 1705, 4103, 3921, 2311, 1981, 2923, 4102, 3021, 1264, 2581, 2284, 1528, 1486, 1131, 1598, 1421, 754, 936, 970, 1041, 898, 943, 1333, 1185, 584, 756, 911, 973, 806, 999, 1345, 1260, 731, 810, 917, 987, 797, 962, 1276, 1131, 701, 832, 1029, 993, 795, 916, 992, 904, 726, 725, 820, 813, 830, 883, 916, 769, 632, 782, 855, 729, 710, 914, 966, 939, 686, 800, 918, 770, 697, 883, 1005, 972, 792, 755, 778, 826, 812, 767, 832, 778, 662, 625, 651, 668, 741, 712, 722, 731, 639, 634, 660, 666, 688, 669, 656, 683, 656, 627, 636, 628, 627, 633, 690, 803, 782, 711, 652, 642, 630, 641, 793, 727, 648, 579, 662, 715, 636, 905, 905, 878, 753, 814, 812, 822, 901, 1173, 1179, 1199, 1038, 906, 803, 1061, 1231, 1028, 1063, 1039, 934, 767, 752, 996, 1061, 804, 851, 944, 865, 745, 726, 913, 920, 1035, 997, 960, 995, 985, 808, 1021, 1116, 961, 980, 835, 770, 808, 669, 768, 920, 773, 784, 696, 672, 687, 606, 587, 686, 654, 683, 807, 744, 646, 735, 683, 676, 728, 713, 770, 747, 759, 870, 767, 712, 695, 725, 760, 755, 673, 803, 862, 751, 659, 718, 564, 601, 630, 701, 725, 624, 678, 686, 516, 592, 700, 685, 696, 636, 665, 614, 640, 692, 694, 736, 740, 708, 1230, 791, 858, 1048, 983, 868, 910, 1235, 1491, 948, 995, 1255, 1028, 910, 1278, 1530, 1324, 835, 1004, 1268, 940, 944, 1222, 1345, 1146, 831, 743, 928, 962, 838, 862, 1071, 1228, 752, 973, 1221, 929, 612, 975, 1370, 1302, 696, 1006, 1288, 940, 686, 1032, 1442, 1101, 744, 787, 900, 765, 659, 884, 1184, 805, 666, 743, 811, 694, 612, 953, 1064, 795, 724, 689, 739, 690, 692, 867, 901, 1033, 769, 698, 862, 729, 811, 929, 928, 1140, 950, 862, 943, 841, 928, 1040, 1141, 1407, 1019, 821, 916, 912, 856, 1037, 1355, 1236, 977, 814, 870, 777, 800, 896, 1151, 1040, 932, 781, 727, 713, 697, 811, 1008, 1024, 1222, 1287, 835, 755, 861, 1287, 1398, 1415, 1130, 1733, 1143, 820, 929, 2048, 2434, 1897, 1095, 1477, 1194, 1193, 930, 2107, 2714, 1556, 1364, 1518, 1242, 1139, 906, 1831, 2084, 1175, 1520, 1611, 1108, 1013, 1102, 2302, 2262, 1250, 1462, 1763, 1275, 1004, 1387, 2740, 2579, 1401, 1130, 1305, 1199, 938, 1089, 1701, 1745, 1148, 993, 854, 771, 765, 800, 1034, 1222, 839, 820, 832, 958, 800, 973, 1194, 1110, 945, 737, 1010, 1274, 932, 866, 1237, 1041, 1058, 901, 843, 875, 826, 863, 878, 976, 949, 959, 991, 922, 754, 887, 1055, 1095, 869, 840, 1149, 1025, 722, 835, 1154, 1176, 960, 740, 1308, 1217, 735, 710, 1027, 1266, 1090, 752, 1106, 1089, 813, 708, 791, 1201, 996, 960, 996, 803, 792, 828, 1019, 1083, 1065, 792, 900, 821, 707, 642, 862, 1137, 995, 701, 966, 926, 667, 664, 690, 1047, 687, 598, 943, 933, 611, 690, 705, 741, 650, 621, 735, 627, 522, 581, 611, 757, 665, 505, 540, 513, 405, 524, 596, 689, 482, 439, 528, 412, 432, 465, 581, 608, 409, 452, 523, 456, 459, 447, 556, 585, 496, 559, 532, 476, 450, 569, 584, 458, 485, 512, 505, 456, 430, 493, 497, 415]"
0.0027702362276613712,-0.8445276618003845,-0.5828985571861267,-0.9828921556472778,0.0,0.0,0.0,-0.9013749957084656,-0.8368492126464844,16.25,-0.9013749957084656,-0.6447315216064453,22.5,-0.9013749957084656,-0.6345748901367188,16.75,-0.9013749957084656,1.2758731842041016,16.25,-0.9013749957084656,1.3588428497314453,18.75,"[396, 563, 662, 556, 427, 554, 662, 558, 415, 594, 675, 637, 551, 592, 657, 593, 422, 534, 526, 514, 509, 570, 559, 496, 569, 546, 538, 593, 584, 574, 585, 590, 534, 423, 422, 536, 529, 447, 409, 497, 511, 528, 486, 526, 471, 548, 548, 492, 499, 473, 406, 464, 481, 540, 570, 540, 528, 586, 585, 450, 534, 561, 529, 573, 569, 642, 643, 479, 565, 665, 603, 552, 547, 618, 583, 468, 500, 578, 515, 454, 500, 591, 568, 502, 499, 538, 526, 457, 471, 486, 554, 529, 498, 539, 592, 541, 457, 458, 438, 476, 461, 432, 466, 465, 577, 503, 519, 565, 527, 550, 598, 617, 613, 504, 532, 598, 494, 490, 521, 574, 622, 520, 590, 647, 575, 544, 532, 571, 597, 526, 440, 499, 564, 539, 449, 496, 560, 519, 388, 517, 614, 518, 490, 569, 548, 516, 443, 466, 584, 596, 458, 459, 557, 491, 429, 397, 556, 609, 508, 489, 590, 532, 522, 451, 522, 589, 564, 574, 851, 1052, 886, 585, 609, 757, 803, 634, 2443, 3503, 2467, 895, 1156, 1754, 2090, 1076, 4590, 6761, 4688, 1304, 2005, 2810, 3540, 1675, 4103, 5804, 3845, 1096, 1856, 2013, 2703, 1441, 1986, 3510, 3047, 1170, 1025, 1933, 2492, 1409, 1928, 3754, 3265, 1272, 1122, 2034, 2644, 1620, 1506, 2770, 2391, 940, 997, 1522, 1968, 1181, 1435, 2810, 2551, 1157, 946, 1261, 2002, 1364, 2130, 4919, 4730, 2044, 1152, 2487, 4096, 2945, 2114, 4597, 4398, 1942, 1010, 2475, 4056, 3042, 1521, 2379, 2046, 1061, 750, 1705, 2449, 1966, 844, 1270, 1260, 814, 663, 1007, 1472, 1329, 616, 980, 918, 633, 621, 774, 943, 819, 632, 733, 742, 654, 631, 695, 639, 631, 778, 1033, 792, 608, 700, 843, 850, 667, 901, 1483, 1213, 594, 659, 1039, 1189, 788, 1043, 1545, 1229, 654, 822, 931, 959, 657, 3691, 5796, 4284, 930, 2454, 2513, 2441, 821, 6957, 11234, 8314, 1205, 4500, 4274, 4307, 1276, 5496, 8786, 6487, 1252, 3686, 3419, 3201, 1244, 2526, 3663, 2653, 1001, 1831, 1748, 1709, 1160, 1486, 1957, 1434, 725, 984, 1191, 1227, 913, 903, 1159, 1005, 708, 699, 775, 816, 712, 616, 766, 770, 606, 594, 741, 600, 502, 1055, 1476, 1405, 855, 899, 1177, 1282, 978, 1339, 2297, 2078, 1123, 961, 1505, 1899, 1332, 1081, 1649, 1540, 874, 702, 1067, 1323, 963, 907, 1145, 924, 608, 775, 745, 722, 612, 756, 994, 813, 615, 760, 729, 661, 472, 784, 959, 799, 639, 865, 927, 728, 570, 881, 1081, 1039, 769, 939, 1074, 954, 731, 992, 1218, 1019, 736, 916, 1021, 883, 753, 1947, 1671, 1018, 1351, 1509, 1557, 1066, 1247, 3888, 3452, 2422, 2558, 3154, 3289, 1802, 2086, 3856, 3882, 2887, 2716, 3833, 3811, 1937, 2027, 1918, 2136, 1894, 1615, 2001, 2081, 1246, 1243, 1080, 1402, 1374, 1020, 921, 948, 860, 668, 1117, 1895, 1637, 845, 872, 906, 999, 688, 1047, 1917, 1661, 820, 962, 1158, 1159, 718, 935, 1359, 1152, 768, 856, 1078, 1129, 793, 985, 1162, 902, 673, 818, 848, 891, 754, 690, 730, 702, 702, 696, 740, 652, 649, 774, 747, 607, 631, 698, 695, 656, 612, 689, 762, 721, 528, 645, 706, 727, 641, 580, 757, 716, 638, 709, 686, 766, 708, 606, 653, 693, 667, 644, 629, 778, 719, 623, 690, 762, 725, 618, 633, 712, 685, 637, 651, 754, 698, 604, 643, 737, 701, 755, 848, 881, 679, 599, 692, 744, 748, 773, 837, 870, 761, 548, 650, 726, 662, 744, 852, 828, 701, 606, 741, 758, 661, 880, 1240, 1212, 827, 622, 936, 1115, 892, 730, 1061, 998, 646, 576, 759, 878, 648, 649, 828, 902, 763, 658, 678, 737, 679, 609, 764, 909, 817, 579, 588, 765, 742, 651, 875, 907, 674, 728, 773, 795, 701, 719, 914, 674, 700, 961, 957, 872, 666, 820, 994, 765, 628, 776, 879, 880, 617, 641, 846, 830, 674, 561, 599, 771, 718, 716, 944, 887, 678, 677, 719, 754, 742, 684, 761, 803, 661, 663, 731, 749, 711, 594, 720, 665, 568, 505, 595, 717, 635, 560, 680, 598, 574, 633, 649, 608, 510, 614, 709, 625, 694, 696, 631, 603, 489, 874, 1062, 940, 705, 668, 698, 672, 630, 845, 933, 800, 623, 557, 662, 700, 651, 619, 639, 616, 536, 582, 542, 576, 618, 627, 695, 733, 597, 604, 628, 740, 736, 584, 720, 726, 565, 574, 664, 702, 659, 638, 676, 754, 699, 585, 715, 682, 684, 1152, 844, 1057, 1014, 622, 1132, 980, 979, 1420, 1003, 1204, 1123, 628, 1356, 1047, 1099, 822, 738, 953, 735, 578, 983, 948, 735, 792, 826, 743, 532, 604, 793, 890, 852, 774, 895, 771, 595, 566, 715, 781, 725, 758, 947, 907, 690, 649, 778, 870, 698, 864, 899, 989, 717, 683, 702, 812, 808, 807, 986, 943, 726, 675, 807, 925, 840, 847, 1179, 953, 755, 712, 1018, 1212, 894, 687, 997, 857, 605, 649, 1005, 1190, 855, 747, 745, 636, 581, 605, 832, 925, 850, 520, 489, 532, 573, 617, 622, 662, 647, 479, 522, 548, 571, 606, 609, 617, 552, 601, 734, 687, 562, 605, 712, 953, 914, 857, 1292, 1629, 1078, 673, 1357, 1845, 1647, 1245, 1351, 2027, 1515, 717, 1550, 1783, 1938, 1476, 1218, 1938, 1727, 794, 1501, 1612, 1937, 1204, 980, 1541, 1345, 678, 1227, 1468, 1530, 766, 575, 944, 879, 661, 805, 790, 892, 649, 629, 716, 680, 613, 554, 609, 670, 873, 789, 731, 667, 629, 825, 849, 844, 1342, 916, 802, 837, 824, 1127, 1069, 1264, 1145, 787, 799, 855, 743, 966, 908, 1095, 808, 721, 601, 715, 643, 640, 584, 620, 768, 707, 795, 765, 598, 827, 866, 723, 854, 701, 716, 690, 701, 879, 963, 968, 1019, 641, 696, 634, 643, 839, 1139, 1306, 884, 629, 632, 608, 555, 677, 917, 1094, 705, 721, 567, 602, 573, 567, 667, 696, 551, 701, 663, 528, 530, 573, 629, 565, 513, 654, 616, 435, 521, 552, 588, 581, 480, 629, 651, 542, 495, 528, 519, 532, 471, 563, 621, 506, 460, 536, 587, 531, 438, 464, 459, 427, 446, 462, 426, 426, 485, 418, 478, 439, 433, 427, 383, 497, 400, 398, 439, 473, 421, 431, 444, 437, 395, 493, 467, 500, 465, 417, 466, 432]"
-0.09551897644996643,-0.8445276618003845,-0.5828985571861267,-0.9828921556472778,0.0,0.0,0.0,-0.8430851697921753,-0.6114006042480469,26.25,-0.57371985912323,-0.5646228790283203,25.5,-0.44740569591522217,-0.5076885223388672,18.0,1.712666630744934,-0.1952648162841797,16.5,1.7663108110427856,0.0,16.75,"[634, 562, 565, 640, 683, 641, 560, 562, 602, 568, 549, 627, 679, 659, 599, 569, 533, 569, 517, 556, 634, 635, 561, 465, 463, 531, 592, 541, 589, 562, 488, 534, 487, 465, 523, 546, 464, 430, 534, 544, 556, 573, 569, 507, 456, 559, 562, 526, 582, 601, 544, 534, 589, 510, 474, 511, 586, 481, 480, 543, 552, 487, 495, 521, 442, 437, 430, 498, 464, 422, 451, 467, 499, 499, 525, 518, 543, 504, 477, 435, 587, 559, 477, 510, 487, 456, 469, 561, 592, 544, 552, 539, 529, 619, 519, 551, 472, 484, 534, 466, 480, 511, 500, 474, 473, 526, 548, 496, 566, 606, 516, 442, 618, 547, 553, 537, 566, 573, 501, 590, 613, 492, 512, 547, 580, 598, 541, 648, 600, 552, 536, 534, 569, 535, 521, 614, 656, 524, 541, 598, 633, 559, 556, 611, 558, 517, 552, 556, 556, 568, 567, 543, 502, 559, 489, 465, 610, 644, 596, 504, 1142, 1697, 1375, 581, 855, 898, 877, 574, 6065, 10934, 8714, 1903, 3394, 3483, 5008, 1654, 12260, 23083, 18696, 4088, 6867, 7160, 11119, 3877, 9998, 20381, 17298, 4596, 5814, 6333, 10228, 4676, 5000, 10025, 8841, 2917, 3334, 3512, 5231, 3174, 3036, 5444, 4642, 1610, 1859, 2755, 3354, 1892, 1735, 3637, 3419, 1440, 1021, 2162, 2856, 1831, 1792, 3811, 3538, 1474, 925, 2127, 2985, 1862, 1777, 3777, 3474, 1437, 854, 2041, 2871, 1789, 1159, 2531, 2498, 1217, 709, 1602, 2215, 1679, 942, 1579, 1519, 970, 627, 1252, 1691, 1277, 862, 1236, 1029, 719, 550, 772, 1086, 776, 810, 1060, 899, 618, 515, 634, 807, 645, 809, 1039, 1023, 669, 601, 843, 948, 779, 896, 1142, 1053, 771, 634, 796, 967, 770, 799, 1047, 895, 688, 566, 726, 864, 586, 584, 681, 636, 557, 473, 590, 675, 515, 574, 588, 545, 537, 571, 533, 503, 525, 687, 681, 575, 588, 591, 525, 523, 607, 929, 1286, 1136, 657, 698, 772, 757, 704, 1850, 2943, 2400, 949, 1269, 1425, 1636, 981, 2184, 3441, 2701, 972, 1403, 1505, 1839, 1038, 1388, 2008, 1558, 752, 960, 1059, 1228, 714, 760, 973, 804, 563, 785, 817, 735, 531, 543, 898, 843, 552, 632, 762, 773, 567, 781, 1335, 1311, 807, 722, 712, 943, 889, 880, 1458, 1372, 810, 770, 901, 1098, 934, 757, 1082, 1035, 760, 690, 718, 789, 658, 618, 743, 723, 614, 625, 705, 579, 506, 745, 760, 705, 679, 697, 738, 629, 611, 900, 1161, 943, 600, 987, 1000, 746, 572, 854, 1170, 987, 664, 1060, 1044, 756, 557, 895, 900, 736, 849, 1012, 916, 713, 755, 2331, 2709, 1738, 1321, 2355, 2121, 1165, 1374, 3655, 4206, 2668, 2009, 3182, 2805, 1732, 2009, 2953, 3427, 2418, 1715, 1857, 1658, 1505, 1537, 1587, 1933, 1646, 1140, 843, 1084, 1011, 909, 998, 1088, 930, 668, 758, 937, 752, 650, 850, 1203, 1205, 762, 756, 892, 950, 831, 947, 1903, 1758, 844, 888, 1043, 1365, 933, 921, 1649, 1502, 686, 923, 962, 989, 783, 892, 1207, 1105, 769, 1016, 1072, 699, 662, 734, 837, 875, 796, 858, 759, 567, 708, 618, 728, 679, 688, 698, 517, 734, 737, 664, 842, 742, 856, 744, 1071, 1453, 1074, 910, 1202, 932, 954, 904, 1407, 1663, 1100, 1135, 1291, 1000, 753, 934, 1116, 981, 733, 1475, 1770, 1381, 848, 1065, 1166, 948, 940, 1633, 1661, 1200, 908, 935, 712, 704, 1156, 1374, 1335, 907, 831, 761, 815, 747, 886, 1147, 1080, 653, 680, 731, 887, 649, 644, 936, 789, 581, 685, 673, 740, 698, 821, 715, 651, 760, 688, 634, 646, 765, 853, 675, 722, 876, 825, 672, 679, 821, 827, 626, 667, 630, 570, 632, 594, 571, 550, 713, 753, 683, 603, 653, 616, 628, 600, 756, 804, 635, 618, 637, 597, 626, 615, 740, 717, 742, 692, 647, 803, 805, 661, 887, 890, 747, 695, 709, 739, 690, 714, 1129, 1008, 1214, 1279, 934, 1351, 1272, 715, 1615, 1495, 2030, 1732, 1430, 2491, 2049, 756, 1653, 1381, 1472, 1301, 1160, 1783, 1202, 867, 938, 1042, 1038, 694, 601, 739, 815, 912, 1348, 2324, 2430, 1363, 827, 1338, 2293, 2051, 2167, 4653, 4855, 2455, 1072, 2851, 5113, 4238, 2175, 5701, 5938, 2913, 1145, 3776, 6420, 5027, 1523, 3893, 3982, 1969, 722, 2586, 4293, 3231, 968, 1890, 1917, 1040, 614, 1443, 2213, 1725, 715, 969, 871, 630, 595, 823, 1041, 820, 690, 824, 785, 596, 685, 694, 757, 806, 1062, 990, 836, 646, 751, 724, 1061, 1292, 2854, 1901, 1339, 1327, 1536, 1660, 2600, 3251, 3032, 1860, 1352, 1538, 1491, 1752, 2891, 3575, 1649, 1033, 999, 990, 775, 927, 1304, 1772, 765, 732, 707, 555, 702, 631, 713, 867, 583, 680, 798, 704, 529, 482, 702, 739, 743, 825, 945, 824, 697, 753, 991, 990, 869, 943, 880, 747, 717, 784, 1010, 1000, 852, 1035, 947, 759, 772, 846, 874, 824, 957, 998, 1039, 870, 808, 934, 1152, 1138, 1138, 1045, 1030, 943, 939, 1086, 1454, 1429, 1213, 835, 721, 989, 993, 909, 1279, 1444, 907, 699, 767, 869, 756, 722, 990, 1039, 655, 682, 737, 710, 622, 670, 713, 566, 691, 738, 835, 726, 550, 762, 991, 916, 809, 865, 1287, 965, 558, 864, 1275, 1299, 1010, 728, 1099, 1002, 693, 689, 931, 1251, 977, 669, 933, 978, 714, 578, 761, 1101, 717, 591, 785, 735, 561, 610, 773, 928, 688, 714, 906, 805, 572, 741, 860, 859, 881, 696, 790, 965, 742, 807, 1086, 1052, 1008, 597, 886, 1037, 911, 681, 919, 1246, 1531, 927, 1204, 1380, 945, 1207, 1522, 1641, 1613, 1240, 1277, 1316, 974, 1401, 1515, 1536, 1072, 959, 915, 825, 747, 907, 870, 990, 660, 848, 762, 607, 545, 688, 780, 609, 568, 765, 810, 698, 543, 546, 759, 651, 640, 740, 991, 930, 623, 533, 788, 861, 568, 627, 906, 842, 603, 592, 717, 767, 481, 705, 771, 627, 510, 622, 812, 697, 598, 685, 718, 591, 501, 520, 656, 731, 653, 555, 514, 510, 578, 603, 546, 644, 573, 479, 409, 539, 546, 552, 478, 539, 587, 593, 584, 564, 549, 543, 599, 577, 443, 479, 477, 423, 430, 479, 463, 400, 352, 369, 417, 438, 446, 453, 424, 396, 514, 491, 444, 474, 483, 454, 552, 585, 524, 449, 380, 429, 460, 444, 483, 544]"
-0.1938081979751587,-0.8445276618003845,-0.5828985571861267,-0.9828921556472778,0.0,0.0,0.0,-0.7847952842712402,1.8741130828857422,16.0,-0.5584883689880371,-0.5141258239746094,19.5,-0.494687557220459,-0.487518310546875,17.75,-0.46936750411987305,-0.47049522399902344,25.5,-0.16466856002807617,-0.4092693328857422,17.0,"[563, 580, 570, 623, 672, 628, 574, 576, 525, 582, 597, 631, 663, 633, 686, 556, 555, 557, 483, 517, 546, 608, 554, 407, 448, 496, 447, 389, 503, 582, 462, 383, 442, 466, 461, 507, 577, 510, 454, 416, 467, 464, 471, 531, 512, 381, 372, 462, 541, 516, 402, 451, 461, 436, 396, 471, 607, 505, 428, 470, 495, 498, 495, 545, 548, 520, 538, 539, 595, 586, 548, 531, 551, 551, 486, 543, 553, 565, 472, 527, 546, 592, 505, 459, 511, 543, 600, 530, 637, 623, 483, 552, 598, 618, 661, 609, 552, 524, 508, 524, 522, 500, 602, 593, 557, 518, 628, 586, 497, 543, 578, 650, 515, 510, 563, 558, 516, 605, 576, 600, 579, 518, 494, 557, 606, 548, 566, 582, 552, 504, 414, 486, 544, 523, 558, 606, 485, 581, 558, 505, 517, 635, 657, 531, 626, 573, 596, 601, 578, 544, 613, 672, 605, 673, 707, 547, 557, 643, 664, 626, 2051, 4251, 3735, 1059, 1811, 2221, 2063, 1085, 5166, 10105, 8522, 2084, 4193, 4807, 4721, 2031, 5724, 10339, 8347, 2037, 4422, 4797, 4863, 1959, 3127, 5178, 3973, 1112, 2333, 2588, 2722, 1093, 1581, 2599, 1975, 763, 1130, 1193, 1459, 824, 1430, 2436, 1913, 749, 931, 1372, 1819, 1020, 2085, 3994, 3351, 1187, 1008, 2005, 2941, 1715, 3649, 7981, 7249, 2744, 1630, 3734, 5858, 3625, 2911, 6601, 6066, 2295, 1289, 3189, 5052, 3242, 1038, 1985, 1829, 871, 616, 1166, 1717, 1297, 642, 1215, 1441, 944, 695, 1017, 1334, 1121, 806, 1098, 1191, 841, 703, 818, 1027, 993, 1102, 1369, 1151, 740, 687, 875, 1122, 1016, 1015, 1396, 1234, 802, 762, 975, 1143, 924, 819, 953, 889, 751, 721, 788, 778, 741, 673, 737, 762, 683, 577, 612, 587, 570, 608, 611, 620, 514, 457, 591, 550, 556, 610, 700, 622, 509, 550, 542, 548, 510, 1053, 1233, 861, 491, 687, 753, 736, 652, 1524, 2047, 1463, 743, 1064, 1168, 1135, 713, 1288, 1867, 1534, 860, 1109, 1220, 1069, 705, 1025, 1211, 1121, 853, 835, 968, 806, 784, 1080, 1127, 1016, 962, 917, 944, 835, 823, 1040, 1125, 896, 844, 923, 926, 799, 722, 1001, 1089, 726, 630, 720, 766, 776, 637, 907, 1017, 747, 591, 692, 716, 735, 629, 816, 942, 752, 629, 778, 734, 748, 637, 681, 795, 680, 484, 640, 694, 648, 594, 503, 619, 627, 479, 536, 523, 619, 632, 531, 550, 555, 525, 525, 648, 623, 580, 649, 639, 605, 560, 452, 647, 649, 551, 714, 745, 694, 620, 622, 645, 571, 639, 829, 1108, 1075, 667, 709, 802, 623, 701, 2455, 3486, 3090, 1495, 1826, 2226, 1257, 1313, 4106, 5653, 4903, 2269, 2896, 3531, 1719, 2154, 2848, 4016, 3756, 1906, 1973, 2349, 1100, 1843, 1279, 1921, 1917, 1102, 1178, 1242, 894, 937, 1477, 2339, 1877, 842, 1518, 1542, 963, 681, 1435, 2099, 1576, 779, 1369, 1425, 1065, 683, 1078, 1424, 1101, 663, 983, 1092, 994, 731, 931, 1156, 972, 698, 878, 922, 847, 744, 797, 945, 760, 603, 793, 843, 697, 635, 625, 782, 730, 592, 705, 764, 653, 538, 639, 725, 772, 628, 671, 705, 647, 622, 1125, 1455, 1258, 947, 1134, 1071, 759, 775, 1672, 1997, 1548, 1398, 1786, 1435, 824, 1014, 1486, 1652, 1431, 1436, 1431, 1187, 1015, 1155, 908, 1086, 1087, 945, 893, 848, 992, 971, 749, 838, 780, 650, 706, 705, 753, 755, 738, 750, 549, 558, 628, 608, 548, 566, 742, 755, 701, 635, 673, 575, 640, 684, 650, 670, 682, 652, 629, 585, 627, 666, 605, 683, 535, 607, 598, 603, 699, 628, 600, 699, 633, 578, 678, 690, 707, 655, 627, 704, 652, 598, 679, 694, 714, 667, 698, 780, 677, 529, 683, 774, 818, 680, 652, 801, 820, 561, 539, 649, 728, 758, 921, 833, 1055, 837, 686, 860, 664, 925, 1387, 1382, 1655, 1263, 1114, 1854, 1340, 806, 1763, 1950, 2092, 1411, 1309, 2690, 2434, 1272, 1912, 1784, 1565, 1236, 1084, 2107, 2193, 1698, 1196, 1085, 811, 825, 709, 852, 1083, 1192, 853, 1025, 1149, 825, 634, 797, 1173, 1171, 1043, 1599, 1594, 1137, 870, 1129, 1408, 1196, 953, 1523, 1553, 1076, 748, 1078, 1353, 1098, 880, 1174, 1241, 913, 757, 1048, 1287, 1045, 756, 970, 968, 755, 707, 863, 1031, 959, 725, 868, 819, 644, 613, 729, 772, 657, 682, 848, 736, 580, 609, 652, 658, 537, 737, 761, 602, 549, 587, 666, 682, 564, 1080, 971, 833, 632, 693, 1141, 1471, 1276, 1625, 1286, 1182, 956, 949, 2237, 2821, 2237, 1071, 1067, 984, 903, 703, 1870, 2245, 1507, 933, 995, 645, 710, 767, 1156, 973, 519, 816, 920, 770, 518, 676, 860, 740, 654, 619, 777, 850, 677, 674, 794, 775, 742, 822, 906, 1002, 822, 776, 1142, 995, 737, 907, 1156, 1489, 1002, 826, 1586, 1412, 792, 772, 1249, 1519, 1064, 882, 1674, 1610, 898, 953, 1040, 892, 691, 904, 1316, 1283, 957, 860, 715, 605, 603, 653, 766, 755, 847, 872, 817, 828, 660, 639, 751, 742, 782, 803, 973, 874, 640, 599, 784, 880, 759, 580, 833, 978, 770, 655, 822, 842, 703, 773, 849, 1102, 775, 526, 696, 751, 903, 1097, 1041, 1247, 882, 645, 749, 934, 1308, 1219, 920, 1114, 983, 727, 691, 1106, 1475, 1010, 641, 811, 800, 642, 616, 709, 1092, 918, 746, 693, 643, 608, 730, 727, 873, 854, 818, 766, 687, 701, 840, 855, 895, 663, 932, 856, 606, 670, 880, 898, 595, 738, 907, 815, 687, 762, 860, 782, 609, 825, 1075, 908, 664, 802, 921, 881, 677, 832, 1176, 1221, 832, 827, 1114, 1022, 794, 746, 1165, 1102, 636, 900, 1294, 1060, 573, 1003, 998, 758, 641, 863, 1076, 948, 763, 1038, 787, 744, 789, 891, 950, 816, 895, 856, 867, 968, 875, 723, 714, 769, 884, 826, 978, 880, 706, 617, 696, 778, 678, 768, 823, 637, 721, 607, 643, 750, 647, 509, 515, 679, 767, 541, 486, 582, 642, 459, 563, 630, 652, 580, 603, 637, 563, 535, 637, 543, 446, 598, 828, 750, 428, 462, 548, 530, 407, 445, 578, 585, 459, 435, 441, 467, 454, 439, 432, 433, 416, 520, 462, 470, 478, 425, 390, 399, 475, 521, 485, 435, 456, 457, 412, 427, 466, 479, 394, 428, 422, 431, 396, 421, 527]"
-0.29209741950035095,-0.8445276618003845,-0.5828985571861267,-0.9828921556472778,0.0,0.0,0.0,-0.38532841205596924,-0.4962444305419922,19.75,-0.294347882270813,-0.39196014404296875,21.75,-0.2886258363723755,-0.3627777099609375,16.0,-0.24299252033233643,-0.8840560913085938,17.25,0.020793795585632324,0.7105350494384766,16.25,"[515, 602, 683, 699, 712, 695, 685, 603, 535, 617, 656, 715, 723, 704, 655, 608, 633, 573, 528, 535, 655, 681, 518, 550, 534, 512, 511, 521, 531, 551, 472, 446, 471, 530, 539, 551, 488, 432, 358, 439, 526, 533, 594, 554, 466, 551, 496, 448, 475, 557, 591, 492, 478, 546, 551, 488, 437, 507, 529, 569, 480, 480, 468, 411, 478, 457, 550, 582, 493, 443, 476, 559, 544, 541, 520, 554, 613, 544, 538, 571, 594, 619, 635, 574, 587, 578, 637, 641, 626, 578, 574, 605, 644, 617, 591, 625, 485, 588, 526, 523, 602, 557, 441, 415, 457, 607, 594, 622, 542, 514, 581, 506, 564, 522, 544, 629, 566, 540, 538, 531, 630, 436, 575, 641, 588, 521, 615, 738, 540, 445, 526, 544, 546, 540, 551, 590, 543, 567, 575, 553, 537, 542, 520, 456, 602, 635, 527, 449, 540, 586, 530, 525, 630, 832, 704, 499, 638, 648, 586, 571, 1586, 3455, 3107, 949, 1477, 1634, 1507, 946, 2897, 6652, 6168, 1922, 2356, 2848, 2848, 1741, 2132, 5228, 5071, 1873, 1899, 2285, 2421, 1764, 1421, 2394, 2204, 1234, 1626, 1613, 1273, 1128, 1089, 1627, 1402, 944, 1264, 1225, 771, 672, 858, 1235, 1097, 660, 753, 770, 800, 695, 1441, 3190, 3043, 1361, 724, 1487, 2471, 1740, 2514, 5691, 5398, 2358, 1061, 2863, 4643, 3207, 1896, 4206, 3873, 1564, 832, 2118, 3440, 2379, 793, 1173, 1139, 695, 555, 814, 991, 785, 568, 768, 756, 597, 517, 676, 828, 659, 656, 722, 635, 542, 575, 669, 619, 516, 1023, 1023, 689, 630, 595, 731, 751, 655, 1218, 1458, 990, 686, 689, 949, 1054, 776, 943, 1098, 748, 567, 575, 731, 841, 624, 620, 665, 630, 602, 427, 478, 605, 545, 611, 756, 760, 598, 520, 605, 616, 563, 1857, 3333, 2872, 1026, 1085, 1511, 1741, 853, 3784, 7237, 6067, 1695, 2078, 2537, 3568, 1397, 2865, 5753, 5044, 1770, 1770, 1935, 2769, 1454, 1380, 2320, 2154, 1361, 1596, 1400, 971, 1148, 1356, 1738, 1543, 1279, 1492, 1320, 1092, 856, 1663, 2853, 2375, 1221, 1388, 1306, 1477, 863, 1377, 1919, 1457, 947, 1288, 1140, 929, 751, 910, 1157, 1071, 828, 986, 1112, 889, 729, 1090, 1146, 979, 740, 862, 1110, 928, 797, 741, 747, 784, 734, 666, 700, 621, 699, 626, 660, 714, 598, 491, 455, 548, 591, 617, 555, 588, 576, 509, 534, 497, 502, 752, 665, 590, 653, 651, 647, 531, 565, 974, 1001, 654, 772, 954, 796, 576, 674, 1178, 1214, 807, 968, 1169, 849, 761, 850, 1002, 1364, 1442, 1004, 1178, 1235, 1055, 852, 1464, 2479, 2368, 1076, 1785, 2311, 1410, 866, 1720, 2621, 2400, 1167, 1753, 2082, 1261, 942, 1269, 1910, 1822, 1111, 1213, 1364, 1035, 751, 975, 1442, 1434, 995, 1095, 983, 703, 602, 1217, 1788, 1450, 785, 1082, 956, 841, 676, 1587, 2393, 1791, 776, 949, 1040, 1265, 712, 1145, 1640, 1305, 722, 791, 865, 962, 611, 803, 1030, 933, 763, 829, 850, 865, 645, 794, 1082, 1059, 788, 750, 795, 852, 704, 782, 1011, 962, 712, 705, 664, 645, 583, 680, 753, 777, 786, 744, 630, 602, 718, 684, 651, 633, 628, 625, 563, 594, 659, 886, 951, 829, 749, 634, 674, 743, 739, 731, 913, 809, 657, 687, 683, 680, 629, 599, 713, 678, 554, 649, 754, 624, 536, 568, 617, 701, 565, 507, 628, 668, 552, 416, 497, 694, 668, 496, 527, 642, 523, 513, 586, 745, 737, 615, 602, 618, 614, 668, 1045, 1062, 714, 662, 743, 858, 648, 898, 1454, 1284, 647, 756, 962, 1089, 757, 750, 1246, 1193, 731, 710, 855, 1005, 845, 712, 790, 818, 764, 701, 611, 731, 800, 729, 695, 631, 648, 602, 606, 663, 696, 623, 675, 749, 692, 626, 706, 725, 635, 662, 777, 680, 639, 720, 803, 723, 552, 662, 819, 673, 649, 772, 740, 706, 598, 668, 732, 694, 809, 785, 670, 698, 634, 679, 800, 743, 702, 623, 734, 747, 598, 727, 793, 814, 726, 637, 754, 796, 713, 699, 625, 677, 685, 710, 709, 686, 631, 656, 576, 571, 626, 638, 697, 599, 631, 660, 539, 512, 566, 597, 623, 518, 657, 660, 544, 644, 619, 581, 594, 632, 721, 727, 790, 657, 628, 626, 739, 741, 662, 607, 687, 622, 517, 500, 617, 698, 619, 646, 681, 644, 576, 561, 579, 650, 682, 732, 729, 626, 591, 746, 794, 699, 669, 749, 712, 742, 725, 625, 757, 849, 824, 774, 631, 741, 757, 668, 680, 731, 856, 718, 757, 631, 633, 631, 690, 800, 792, 564, 695, 675, 660, 607, 648, 742, 658, 537, 562, 680, 649, 483, 476, 510, 562, 738, 711, 735, 739, 606, 666, 682, 668, 858, 867, 669, 746, 686, 682, 722, 690, 667, 620, 661, 704, 641, 644, 671, 729, 593, 715, 868, 740, 569, 631, 741, 742, 597, 651, 847, 749, 586, 641, 671, 643, 613, 653, 729, 726, 611, 548, 520, 631, 666, 848, 807, 641, 693, 668, 728, 653, 686, 781, 747, 616, 653, 807, 746, 596, 603, 865, 931, 769, 752, 850, 690, 587, 769, 1530, 2118, 1483, 923, 1620, 1910, 1508, 1457, 2511, 3579, 2582, 1300, 2665, 3370, 2754, 1376, 1500, 2344, 1953, 1043, 1802, 2067, 1808, 1013, 1387, 1143, 1067, 620, 1524, 1897, 1043, 954, 1029, 801, 614, 581, 1269, 1618, 1205, 785, 809, 968, 791, 630, 837, 900, 991, 1047, 1417, 1181, 848, 828, 1286, 1248, 765, 1270, 1597, 1162, 769, 1067, 1405, 1243, 671, 1091, 1209, 1203, 999, 911, 1440, 1335, 845, 959, 917, 1166, 1094, 714, 1209, 1388, 1006, 966, 1048, 1101, 1089, 820, 1299, 1378, 872, 815, 978, 866, 750, 801, 1204, 1195, 711, 722, 669, 564, 676, 718, 696, 720, 722, 675, 598, 835, 821, 653, 572, 790, 918, 486, 504, 676, 643, 578, 605, 639, 642, 438, 430, 524, 516, 478, 524, 548, 499, 494, 538, 549, 466, 440, 495, 565, 507, 519, 664, 653, 512, 490, 520, 632, 593, 529, 553, 498, 447, 449, 564, 646, 550, 534, 462, 501, 485, 500, 533, 554, 547, 499, 533, 512, 494, 453, 547, 543, 420, 453, 512, 438, 411, 472, 501, 453, 417, 547, 497, 418, 430, 506, 584, 530, 478, 550, 497, 421, 428, 421, 468, 392, 397]"
-0.3903866410255432,-0.8445276618003845,-0.5828985571861267,-0.9828921556472778,0.0,0.0,0.0,-0.6682155132293701,0.6995201110839844,23.25,-0.41000819206237793,-0.9640216827392578,22.5,-0.36580538749694824,-0.5239963531494141,22.5,-0.19214129447937012,-0.3304481506347656,15.5,-0.18298602104187012,-0.8671760559082031,20.75,"[534, 566, 664, 678, 652, 679, 666, 567, 593, 631, 597, 572, 562, 570, 619, 575, 607, 676, 608, 568, 573, 626, 641, 585, 615, 651, 588, 516, 599, 537, 480, 607, 445, 530, 568, 500, 553, 498, 478, 548, 445, 571, 658, 583, 552, 580, 615, 528, 606, 584, 542, 574, 626, 542, 506, 558, 511, 465, 494, 460, 499, 565, 526, 561, 542, 507, 543, 541, 533, 566, 527, 599, 540, 494, 516, 550, 535, 569, 534, 537, 498, 569, 506, 438, 458, 579, 539, 451, 539, 608, 551, 532, 599, 605, 525, 458, 543, 603, 559, 531, 532, 523, 492, 472, 516, 487, 516, 526, 490, 481, 546, 505, 607, 574, 627, 639, 575, 519, 588, 602, 494, 443, 602, 655, 540, 463, 539, 606, 537, 497, 528, 561, 489, 455, 449, 459, 449, 523, 625, 529, 477, 544, 509, 445, 574, 530, 571, 572, 587, 625, 589, 599, 565, 679, 756, 635, 568, 663, 610, 672, 1028, 2033, 2072, 974, 994, 1340, 840, 701, 3116, 7117, 6898, 2243, 3160, 4381, 2260, 1265, 3552, 7837, 7340, 2228, 3400, 4396, 2228, 1300, 1840, 3210, 2747, 921, 1552, 1555, 944, 723, 825, 980, 870, 684, 803, 806, 638, 565, 624, 759, 601, 570, 680, 705, 650, 580, 841, 1320, 1188, 594, 742, 894, 884, 656, 912, 1578, 1464, 811, 746, 1043, 1281, 868, 757, 1335, 1270, 779, 666, 932, 1229, 846, 655, 1294, 1321, 761, 593, 876, 1301, 1070, 642, 1275, 1242, 663, 512, 815, 1235, 1010, 577, 821, 809, 542, 485, 649, 906, 823, 519, 556, 611, 500, 494, 588, 655, 631, 548, 663, 675, 498, 489, 588, 676, 616, 556, 586, 460, 506, 564, 577, 497, 378, 555, 808, 800, 599, 580, 682, 690, 540, 2437, 4589, 4043, 1444, 1719, 1901, 2001, 1139, 6472, 12271, 10468, 3704, 4751, 4967, 5384, 2629, 7503, 13934, 11726, 5013, 6189, 6141, 6522, 3527, 5613, 10710, 9211, 3771, 4692, 4285, 4964, 2630, 5114, 10314, 8987, 2471, 3728, 4399, 4133, 1825, 4504, 9097, 7974, 1935, 3893, 4758, 3309, 1339, 2829, 5372, 4664, 1443, 2647, 3031, 1843, 994, 1657, 2576, 2092, 1027, 1526, 1381, 931, 640, 936, 1405, 1105, 670, 906, 784, 718, 587, 566, 846, 792, 585, 623, 731, 735, 559, 530, 713, 720, 542, 600, 685, 632, 517, 527, 672, 634, 517, 573, 629, 591, 536, 555, 543, 466, 475, 460, 479, 595, 579, 573, 636, 651, 662, 637, 712, 696, 654, 648, 919, 918, 703, 666, 715, 691, 596, 840, 1164, 1183, 1048, 1021, 809, 767, 764, 992, 1238, 1189, 1058, 945, 910, 773, 696, 942, 1244, 1181, 808, 746, 921, 747, 608, 1904, 2659, 1981, 942, 1821, 1799, 1146, 1009, 2143, 2833, 1994, 1084, 2112, 1827, 1049, 1152, 1464, 1835, 1349, 857, 1431, 1259, 792, 911, 911, 1233, 1053, 756, 939, 881, 611, 641, 702, 734, 607, 667, 782, 668, 565, 670, 638, 630, 645, 659, 594, 491, 606, 652, 663, 785, 711, 650, 801, 690, 712, 704, 724, 835, 718, 623, 774, 705, 610, 635, 697, 844, 698, 568, 745, 760, 646, 611, 650, 660, 563, 551, 664, 645, 570, 571, 645, 720, 686, 559, 581, 539, 550, 572, 678, 788, 624, 450, 564, 568, 504, 598, 762, 924, 829, 555, 590, 633, 596, 626, 746, 893, 784, 536, 606, 630, 604, 650, 635, 627, 572, 520, 569, 537, 541, 621, 524, 573, 481, 570, 616, 554, 577, 588, 626, 584, 510, 550, 614, 616, 538, 596, 645, 613, 548, 568, 678, 580, 537, 653, 581, 637, 564, 622, 646, 584, 557, 599, 711, 696, 663, 670, 635, 627, 692, 704, 726, 740, 733, 599, 596, 740, 687, 652, 763, 742, 765, 732, 672, 826, 717, 596, 776, 702, 888, 749, 593, 977, 872, 609, 753, 685, 882, 669, 665, 1049, 837, 702, 501, 714, 805, 725, 669, 687, 662, 637, 602, 691, 700, 704, 675, 686, 776, 700, 611, 597, 529, 559, 616, 612, 545, 606, 690, 597, 607, 676, 691, 653, 527, 619, 757, 695, 695, 641, 618, 693, 704, 749, 733, 759, 759, 694, 608, 690, 803, 787, 690, 704, 661, 620, 563, 593, 739, 747, 706, 681, 680, 638, 621, 625, 715, 750, 661, 669, 640, 622, 630, 709, 760, 664, 625, 680, 624, 538, 716, 763, 615, 478, 609, 676, 577, 522, 629, 673, 590, 524, 646, 741, 584, 533, 660, 737, 678, 552, 804, 854, 633, 599, 920, 890, 717, 639, 820, 617, 603, 755, 846, 693, 652, 855, 681, 665, 718, 739, 648, 654, 643, 703, 725, 610, 718, 730, 594, 583, 576, 693, 631, 616, 653, 666, 629, 667, 710, 650, 525, 569, 567, 619, 633, 660, 650, 541, 655, 657, 566, 585, 662, 632, 598, 501, 759, 851, 701, 577, 696, 739, 687, 564, 758, 776, 699, 628, 725, 828, 770, 643, 617, 627, 716, 615, 622, 718, 725, 703, 687, 563, 605, 642, 673, 743, 760, 725, 605, 593, 502, 515, 607, 732, 746, 656, 592, 575, 503, 592, 668, 729, 665, 582, 561, 668, 654, 604, 591, 707, 765, 622, 623, 1011, 1098, 812, 610, 1084, 1673, 1389, 1067, 1417, 1427, 939, 837, 1816, 2714, 2290, 1014, 1236, 1256, 763, 835, 1645, 2223, 1798, 921, 994, 1353, 1000, 815, 1316, 1474, 1268, 865, 813, 1087, 861, 687, 928, 1143, 1210, 750, 616, 629, 644, 638, 654, 714, 807, 951, 720, 631, 748, 809, 782, 780, 902, 853, 728, 748, 862, 769, 674, 782, 910, 647, 626, 787, 832, 581, 643, 794, 642, 772, 795, 721, 730, 674, 805, 1008, 929, 951, 773, 869, 894, 730, 625, 950, 1222, 703, 592, 734, 708, 602, 585, 662, 787, 594, 489, 528, 675, 627, 587, 591, 628, 584, 552, 579, 687, 704, 561, 577, 604, 571, 504, 556, 639, 621, 430, 450, 563, 540, 544, 610, 564, 565, 483, 512, 610, 499, 496, 501, 487, 523, 458, 472, 509, 525, 505, 529, 541, 495, 502, 540, 524, 564, 575, 608, 544, 517, 556, 517, 572, 503, 491, 530, 462, 468, 492, 541, 531, 436, 481, 432, 425, 517, 526, 489, 461, 456, 484, 446, 407, 416, 408, 416, 428, 488, 487, 439, 388, 390, 429, 395, 347, 503, 522, 454, 418, 398, 465, 470, 422]"
-0.4886758625507355,-0.8445276618003845,-0.5828985571861267,-0.9828921556472778,0.0,0.0,0.0,-0.3449949026107788,-0.8999347686767578,28.0,-0.19607865810394287,-0.4345893859863281,23.5,-0.12269341945648193,-0.2956867218017578,18.75,-0.08964860439300537,-0.3355979919433594,20.25,-0.04444444179534912,-0.9098052978515625,21.5,"[570, 594, 653, 648, 707, 646, 653, 587, 522, 521, 576, 681, 730, 654, 610, 625, 497, 509, 569, 582, 603, 647, 621, 591, 501, 429, 550, 572, 515, 512, 604, 597, 449, 446, 431, 439, 521, 523, 519, 510, 522, 564, 447, 418, 513, 518, 484, 491, 588, 533, 491, 555, 537, 506, 536, 524, 449, 552, 604, 527, 527, 560, 560, 489, 416, 544, 576, 429, 477, 551, 467, 328, 487, 495, 502, 486, 499, 573, 573, 506, 508, 548, 526, 511, 547, 488, 544, 516, 620, 534, 447, 556, 611, 505, 509, 566, 594, 571, 449, 539, 610, 507, 527, 543, 611, 543, 502, 578, 592, 533, 501, 512, 606, 583, 507, 514, 630, 517, 521, 643, 527, 558, 509, 452, 511, 523, 606, 574, 436, 532, 541, 491, 485, 544, 604, 539, 509, 570, 560, 572, 550, 521, 551, 575, 543, 608, 664, 609, 527, 580, 607, 585, 594, 1052, 1445, 999, 748, 974, 675, 695, 1158, 4345, 5096, 2148, 2176, 3206, 1219, 1314, 2371, 7216, 7448, 2068, 4268, 5299, 1885, 1653, 2222, 4817, 4133, 609, 3379, 3460, 1278, 892, 909, 1854, 1832, 1023, 1009, 1129, 1181, 1029, 607, 1315, 1452, 904, 585, 888, 933, 750, 1375, 2437, 2045, 811, 1042, 1320, 1352, 737, 3382, 7127, 6301, 2010, 2149, 3058, 4000, 1968, 3634, 7557, 6614, 2134, 2000, 3151, 4370, 2145, 1767, 3056, 2580, 1013, 911, 1299, 1584, 835, 822, 1018, 962, 717, 668, 729, 792, 719, 816, 1122, 1006, 657, 639, 771, 846, 646, 626, 732, 689, 574, 614, 617, 586, 501, 479, 617, 695, 600, 498, 589, 601, 539, 536, 527, 625, 605, 524, 508, 574, 613, 590, 548, 599, 637, 559, 547, 572, 631, 1799, 3442, 3121, 1086, 1575, 1883, 1546, 1060, 7585, 14450, 11989, 2254, 6387, 6872, 5079, 1894, 13021, 22222, 16924, 2466, 10178, 9708, 7318, 2113, 10879, 17368, 13072, 3887, 8209, 7021, 6083, 3454, 8348, 16740, 15167, 5357, 6395, 7535, 6818, 4115, 6178, 12895, 11689, 3948, 4605, 5534, 5246, 2941, 2308, 4536, 4143, 1801, 1536, 1890, 2058, 1223, 1066, 1640, 1437, 978, 1122, 1229, 933, 789, 873, 1096, 985, 632, 977, 1007, 781, 740, 705, 844, 820, 702, 847, 801, 772, 762, 678, 872, 891, 702, 625, 720, 701, 626, 668, 707, 719, 631, 581, 692, 697, 603, 679, 625, 530, 598, 626, 649, 581, 589, 648, 577, 550, 555, 560, 617, 616, 614, 619, 651, 687, 623, 701, 745, 743, 661, 680, 854, 758, 786, 882, 768, 717, 646, 1191, 1655, 1455, 876, 1177, 1096, 895, 858, 1801, 2655, 2460, 1567, 1884, 1984, 1315, 1037, 1963, 2718, 2370, 1877, 2278, 2202, 1547, 1075, 1743, 2128, 1816, 1651, 1916, 1830, 1398, 996, 1009, 1529, 1611, 1170, 1192, 1334, 1093, 811, 740, 1285, 1314, 693, 757, 851, 768, 566, 808, 1091, 904, 626, 745, 724, 649, 562, 634, 622, 623, 587, 540, 570, 600, 561, 701, 731, 714, 631, 576, 556, 574, 653, 689, 764, 753, 600, 615, 678, 566, 593, 661, 719, 715, 618, 722, 769, 619, 637, 613, 688, 730, 649, 663, 688, 553, 590, 568, 704, 764, 660, 619, 791, 755, 577, 806, 839, 713, 677, 716, 1114, 1036, 611, 948, 895, 613, 752, 779, 1005, 956, 615, 808, 745, 627, 672, 801, 792, 648, 610, 731, 632, 693, 691, 760, 832, 726, 694, 613, 612, 650, 723, 676, 680, 683, 659, 569, 626, 587, 613, 546, 490, 551, 468, 624, 635, 613, 585, 468, 527, 583, 538, 618, 619, 712, 720, 700, 586, 635, 692, 686, 912, 840, 623, 747, 676, 716, 647, 963, 1019, 875, 791, 804, 580, 689, 767, 786, 904, 782, 640, 657, 649, 746, 677, 756, 769, 752, 600, 777, 792, 653, 750, 816, 877, 700, 732, 876, 860, 708, 716, 924, 983, 811, 832, 868, 1068, 963, 708, 969, 1214, 1063, 897, 954, 1365, 1208, 631, 885, 1079, 1105, 873, 736, 1294, 1261, 688, 669, 773, 812, 777, 619, 730, 884, 670, 805, 1141, 1081, 698, 685, 834, 930, 754, 891, 1464, 1407, 809, 704, 925, 1167, 911, 774, 1234, 1195, 739, 658, 803, 1026, 854, 722, 903, 923, 672, 551, 682, 801, 791, 774, 834, 851, 670, 716, 823, 793, 741, 569, 790, 919, 734, 588, 695, 817, 731, 523, 738, 736, 587, 502, 554, 605, 514, 565, 548, 616, 604, 592, 603, 600, 574, 610, 633, 713, 604, 624, 718, 721, 659, 676, 680, 700, 674, 709, 747, 678, 581, 865, 971, 781, 606, 821, 1068, 990, 813, 965, 905, 701, 715, 872, 910, 727, 775, 860, 834, 731, 782, 730, 652, 593, 698, 688, 848, 760, 706, 707, 655, 613, 536, 708, 786, 725, 717, 706, 767, 800, 658, 688, 630, 608, 684, 696, 740, 716, 707, 821, 821, 710, 616, 673, 729, 674, 685, 787, 826, 685, 579, 631, 670, 761, 754, 661, 701, 619, 534, 506, 555, 711, 692, 577, 618, 538, 481, 546, 587, 543, 503, 568, 682, 626, 456, 643, 732, 632, 638, 784, 745, 779, 662, 724, 707, 685, 801, 750, 719, 689, 641, 712, 692, 671, 656, 668, 774, 823, 576, 571, 727, 1034, 969, 704, 1018, 1162, 702, 528, 961, 1624, 1506, 691, 905, 829, 634, 635, 871, 1139, 975, 849, 710, 795, 880, 718, 647, 725, 942, 898, 638, 805, 927, 772, 783, 1018, 1142, 763, 643, 742, 786, 664, 848, 918, 775, 691, 651, 930, 850, 597, 844, 939, 825, 979, 857, 1014, 1038, 723, 948, 1174, 1160, 1307, 905, 1191, 1324, 856, 1067, 1404, 1528, 1453, 881, 1086, 1187, 968, 959, 1279, 1673, 833, 653, 691, 666, 651, 642, 824, 1005, 625, 734, 843, 686, 565, 732, 724, 598, 811, 839, 782, 681, 745, 815, 657, 559, 656, 608, 695, 698, 562, 631, 613, 572, 646, 575, 493, 592, 543, 534, 595, 510, 577, 696, 662, 555, 539, 621, 639, 549, 482, 682, 714, 580, 449, 634, 695, 538, 570, 668, 700, 580, 539, 628, 603, 573, 536, 538, 556, 534, 494, 574, 558, 522, 454, 425, 462, 460, 432, 412, 509, 578, 479, 433, 432, 441, 391, 399, 420, 447, 465, 414, 433, 435, 438, 456, 397, 455, 431, 449, 463, 370, 324, 450, 418, 398, 475, 460, 463, 423, 366, 464, 517, 501]"
-0.5869650840759277,-0.8445276618003845,-0.5828985571861267,-0.9828921556472778,0.0,0.0,0.0,-0.11404228210449219,-0.45762062072753906,17.5,-0.011760711669921875,-0.2602100372314453,20.25,0.0029735565185546875,-0.2796649932861328,22.0,0.11827278137207031,-0.7294178009033203,24.25,0.4924945831298828,0.27179718017578125,16.25,"[514, 560, 676, 690, 679, 691, 676, 557, 448, 562, 690, 625, 553, 624, 661, 549, 524, 545, 484, 516, 533, 506, 508, 490, 531, 485, 456, 498, 526, 507, 487, 493, 495, 507, 426, 422, 516, 477, 488, 518, 619, 615, 511, 506, 567, 599, 539, 552, 557, 522, 530, 576, 530, 486, 520, 526, 556, 548, 485, 538, 549, 492, 524, 511, 486, 465, 421, 449, 501, 515, 510, 535, 520, 555, 538, 557, 471, 487, 600, 566, 572, 631, 550, 491, 515, 502, 567, 577, 622, 656, 612, 571, 511, 601, 637, 604, 559, 530, 539, 565, 522, 533, 470, 447, 601, 489, 512, 607, 537, 513, 588, 645, 524, 460, 500, 590, 571, 597, 531, 519, 536, 557, 565, 534, 558, 533, 493, 516, 514, 508, 462, 422, 469, 441, 434, 523, 629, 603, 564, 518, 513, 509, 468, 544, 651, 931, 1261, 1019, 617, 756, 612, 675, 1089, 2671, 3887, 2959, 1110, 1888, 1340, 1418, 1741, 5355, 6735, 4236, 2341, 3866, 2593, 2092, 2420, 5079, 5425, 2849, 3129, 4104, 2623, 1712, 1921, 2981, 2379, 1068, 2176, 2542, 1824, 1162, 1594, 3040, 2986, 1365, 1497, 1777, 1546, 1254, 998, 1941, 1923, 910, 969, 1188, 1013, 837, 1062, 1974, 1763, 790, 861, 1213, 1361, 776, 1408, 3204, 2931, 1200, 960, 1606, 2313, 1452, 1162, 2544, 2406, 1103, 776, 1288, 1951, 1393, 707, 1206, 1318, 865, 744, 896, 1177, 961, 603, 724, 692, 613, 676, 753, 795, 646, 665, 927, 948, 711, 597, 762, 824, 714, 644, 850, 853, 706, 575, 668, 778, 696, 619, 648, 682, 620, 576, 718, 636, 573, 527, 598, 595, 599, 540, 636, 583, 558, 750, 1422, 1382, 708, 755, 896, 756, 638, 2629, 6131, 5879, 1850, 2659, 3551, 2257, 1310, 5807, 12734, 11547, 3461, 5056, 6155, 5231, 2864, 8054, 16282, 14023, 3752, 6645, 8906, 8539, 3769, 7777, 16241, 14686, 3962, 7655, 11172, 8220, 3147, 6216, 14049, 13261, 3960, 6769, 9694, 5773, 2990, 3292, 7039, 6555, 2190, 3520, 4535, 2605, 1572, 1658, 3103, 2875, 1224, 1422, 1579, 1083, 911, 1110, 1835, 1683, 851, 1068, 1162, 845, 711, 748, 1060, 1080, 694, 769, 839, 824, 816, 713, 791, 812, 585, 578, 710, 728, 795, 773, 790, 632, 651, 710, 796, 777, 695, 701, 697, 634, 588, 675, 650, 813, 662, 779, 916, 763, 658, 625, 624, 843, 724, 889, 1005, 787, 648, 705, 704, 757, 614, 711, 918, 782, 637, 798, 788, 641, 543, 796, 1096, 867, 705, 1010, 896, 598, 531, 1068, 1499, 1189, 854, 1491, 1510, 945, 595, 1093, 1639, 1375, 1011, 1656, 1531, 935, 710, 1253, 1864, 1485, 1176, 1659, 1384, 775, 759, 1472, 2217, 1786, 1244, 1729, 1449, 861, 778, 1584, 2213, 1736, 1171, 1598, 1313, 744, 906, 1095, 1516, 1370, 895, 1201, 1199, 857, 795, 671, 834, 829, 708, 918, 926, 763, 637, 588, 703, 627, 559, 673, 740, 725, 628, 522, 645, 758, 687, 554, 612, 659, 655, 654, 742, 813, 734, 556, 649, 685, 643, 660, 888, 823, 653, 631, 676, 690, 588, 763, 800, 786, 755, 651, 695, 814, 754, 814, 935, 798, 699, 643, 893, 912, 736, 587, 717, 662, 644, 656, 804, 817, 645, 563, 680, 824, 776, 589, 827, 854, 656, 768, 983, 933, 805, 726, 838, 783, 740, 828, 977, 840, 722, 890, 902, 715, 703, 692, 786, 768, 684, 760, 721, 728, 629, 676, 764, 767, 676, 711, 703, 718, 695, 687, 669, 651, 677, 727, 713, 694, 674, 749, 695, 596, 696, 757, 638, 625, 641, 606, 718, 795, 728, 613, 619, 676, 645, 541, 808, 934, 754, 616, 671, 726, 710, 665, 871, 943, 805, 646, 718, 783, 678, 699, 821, 891, 730, 679, 692, 638, 566, 716, 808, 826, 770, 720, 676, 502, 481, 933, 952, 863, 795, 891, 972, 722, 704, 1192, 1276, 1083, 924, 1049, 1329, 983, 843, 1165, 1124, 999, 928, 1032, 1382, 1093, 840, 963, 1039, 1061, 856, 797, 1077, 1026, 885, 731, 1006, 1066, 816, 644, 679, 752, 791, 601, 795, 826, 727, 667, 625, 553, 590, 605, 668, 649, 585, 632, 673, 568, 516, 758, 758, 721, 631, 620, 732, 658, 690, 738, 835, 764, 691, 688, 805, 748, 720, 733, 724, 700, 675, 735, 800, 752, 729, 670, 634, 639, 660, 676, 656, 604, 664, 804, 693, 573, 694, 639, 594, 567, 642, 984, 861, 645, 760, 785, 783, 765, 851, 1196, 1034, 855, 864, 941, 1185, 1241, 1190, 1178, 1126, 917, 860, 946, 1391, 1526, 1230, 620, 732, 738, 719, 761, 1167, 1228, 816, 953, 784, 709, 840, 770, 776, 908, 935, 1169, 1096, 944, 955, 908, 791, 882, 1027, 1139, 986, 733, 836, 919, 999, 973, 976, 1062, 883, 618, 742, 916, 902, 734, 898, 900, 844, 811, 795, 899, 912, 780, 852, 1038, 948, 787, 769, 933, 897, 780, 910, 1171, 1013, 822, 779, 941, 1070, 997, 1052, 1187, 992, 751, 808, 933, 1010, 975, 1071, 1037, 921, 820, 784, 786, 750, 822, 956, 771, 722, 861, 812, 635, 647, 766, 825, 532, 732, 790, 664, 576, 875, 966, 814, 1041, 2130, 2747, 1885, 1041, 1779, 3025, 2768, 2053, 2848, 4130, 3119, 1543, 2071, 4200, 4448, 1782, 1661, 2496, 2254, 1243, 1215, 2293, 2881, 921, 817, 793, 951, 757, 1164, 1176, 850, 643, 802, 840, 690, 694, 943, 1247, 1135, 739, 822, 992, 833, 715, 920, 988, 849, 948, 1107, 1294, 1111, 609, 1159, 1507, 1144, 990, 953, 1106, 1046, 659, 874, 1238, 1211, 915, 964, 908, 865, 866, 1016, 1298, 1230, 878, 939, 774, 790, 747, 921, 1117, 1057, 791, 753, 643, 640, 602, 658, 662, 729, 555, 628, 556, 566, 589, 535, 533, 458, 628, 739, 633, 577, 544, 501, 643, 610, 576, 771, 767, 585, 469, 641, 670, 566, 767, 674, 721, 725, 585, 705, 731, 693, 712, 642, 691, 662, 610, 733, 661, 700, 546, 514, 493, 498, 523, 461, 467, 579, 535, 552, 544, 605, 457, 456, 570, 537, 488, 467, 638, 675, 493, 436, 474, 541, 437, 423, 527, 512, 424, 465, 495, 463, 417, 524, 471, 430, 455, 410, 399, 400, 541, 584, 588, 494, 488, 510, 442, 471, 598, 597, 633, 512, 466, 529, 559, 617, 463, 596, 614, 489, 509, 592, 612, 513]"
-0.430936336517334,0.24024875462055206,0.1663457155227661,0.3303818106651306,-0.0452585443854332,1.0678541660308838,0.446697860956192,-0.5684961080551147,0.9784698486328125,24.5,-0.012742400169372559,-0.21772384643554688,16.0,0.005854249000549316,-0.15506744384765625,19.75,0.020731568336486816,-0.10156631469726562,17.25,0.02917158603668213,-0.1368999481201172,18.25,"[506, 516, 583, 642, 654, 645, 584, 517, 616, 666, 553, 711, 776, 693, 665, 626, 510, 586, 547, 572, 594, 561, 549, 516, 523, 563, 590, 593, 475, 471, 524, 524, 469, 492, 483, 556, 476, 454, 524, 498, 501, 514, 532, 528, 499, 471, 537, 508, 470, 443, 517, 482, 501, 548, 550, 487, 567, 533, 525, 556, 565, 512, 579, 629, 508, 534, 536, 541, 564, 566, 588, 514, 466, 509, 525, 530, 552, 500, 529, 546, 502, 577, 496, 487, 615, 558, 532, 532, 467, 468, 457, 583, 635, 494, 479, 534, 520, 493, 490, 612, 545, 513, 590, 546, 554, 495, 558, 691, 589, 553, 620, 598, 512, 552, 581, 599, 538, 595, 558, 513, 546, 545, 531, 577, 540, 524, 567, 538, 565, 550, 557, 520, 509, 507, 513, 522, 788, 986, 1187, 907, 741, 934, 878, 826, 1131, 2112, 3085, 2191, 1401, 1960, 1684, 1403, 1564, 3879, 5030, 3281, 1750, 3347, 3143, 2028, 1345, 3341, 4276, 2852, 1290, 2551, 2672, 1932, 1819, 3257, 3279, 1542, 1313, 1874, 2335, 1241, 2107, 4264, 3875, 1474, 1384, 2518, 3021, 1586, 1661, 3137, 2727, 1110, 1136, 2058, 2329, 1060, 2191, 4433, 3859, 1369, 1308, 2339, 3056, 1572, 2382, 4643, 4167, 1650, 1537, 2347, 2946, 1736, 1509, 2214, 2046, 1244, 1052, 1367, 1641, 1257, 770, 788, 868, 809, 701, 707, 849, 877, 771, 861, 753, 654, 700, 756, 668, 668, 702, 898, 865, 661, 603, 773, 775, 681, 598, 718, 672, 501, 610, 667, 726, 664, 544, 529, 501, 584, 554, 489, 530, 599, 507, 536, 535, 561, 535, 525, 529, 495, 626, 1073, 1038, 581, 648, 787, 830, 551, 3680, 8126, 7348, 2014, 3224, 4044, 3567, 1830, 10804, 22039, 19031, 4474, 8870, 10394, 9119, 3951, 11474, 20880, 16800, 3441, 8745, 9401, 8778, 3286, 3022, 3255, 2554, 1993, 1677, 3170, 2814, 1497, 5313, 11017, 10035, 2912, 5229, 6437, 3409, 2028, 3766, 7426, 6693, 2388, 2985, 3209, 2608, 1822, 1749, 2664, 3510, 3186, 2497, 2286, 1822, 1916, 2350, 3077, 2846, 2614, 3222, 2734, 1509, 1510, 1433, 1697, 1443, 1354, 1827, 1541, 948, 932, 951, 1117, 1215, 924, 960, 966, 832, 841, 761, 911, 1034, 804, 793, 811, 762, 707, 572, 758, 822, 682, 709, 785, 804, 713, 553, 798, 930, 685, 517, 693, 785, 683, 555, 792, 757, 614, 593, 600, 757, 583, 582, 693, 612, 566, 554, 594, 542, 445, 686, 870, 753, 613, 667, 759, 755, 565, 911, 1240, 1049, 775, 972, 933, 772, 699, 1081, 1351, 1151, 1091, 1196, 1020, 939, 799, 1155, 1469, 1530, 1294, 1069, 1365, 1524, 1204, 1702, 2038, 2052, 1688, 1565, 1829, 1894, 1670, 2591, 2692, 1970, 1571, 2047, 1919, 1535, 1902, 2507, 2603, 1296, 1188, 1734, 1527, 1135, 1264, 1757, 1991, 1278, 1120, 1395, 1177, 943, 984, 1016, 1398, 1274, 976, 1005, 955, 821, 774, 748, 942, 966, 817, 772, 727, 723, 761, 543, 652, 727, 655, 525, 586, 639, 632, 587, 758, 720, 577, 597, 640, 631, 623, 753, 884, 859, 723, 752, 793, 645, 635, 653, 742, 765, 686, 683, 841, 712, 668, 787, 826, 806, 701, 744, 890, 894, 670, 700, 837, 854, 715, 728, 1018, 1034, 752, 721, 787, 723, 639, 744, 916, 827, 641, 791, 828, 655, 687, 768, 734, 679, 658, 712, 699, 753, 752, 640, 576, 619, 689, 592, 768, 833, 710, 570, 517, 642, 604, 687, 804, 785, 651, 571, 611, 636, 607, 776, 764, 682, 621, 621, 740, 733, 784, 798, 721, 726, 657, 597, 697, 737, 788, 629, 695, 778, 710, 629, 659, 636, 650, 613, 567, 742, 723, 531, 581, 683, 702, 680, 747, 878, 834, 611, 774, 809, 728, 594, 635, 799, 777, 625, 622, 661, 690, 802, 897, 908, 686, 640, 826, 927, 849, 1224, 1619, 1366, 720, 921, 1293, 1483, 1164, 1296, 2047, 1949, 1154, 1107, 1603, 2088, 1611, 1039, 1911, 1931, 1139, 1032, 1425, 1850, 1380, 721, 1143, 1215, 810, 763, 1100, 1225, 928, 719, 848, 681, 613, 732, 703, 675, 603, 771, 802, 647, 647, 675, 807, 843, 658, 667, 764, 765, 751, 667, 776, 827, 751, 609, 632, 670, 647, 604, 742, 697, 577, 671, 652, 732, 701, 671, 797, 715, 689, 658, 702, 718, 620, 607, 665, 632, 692, 779, 816, 786, 515, 561, 679, 639, 707, 673, 769, 875, 754, 696, 906, 850, 698, 766, 883, 888, 790, 788, 1131, 1176, 866, 1432, 1269, 864, 966, 1087, 1233, 1365, 1358, 1478, 1203, 1046, 1264, 1084, 870, 1101, 1385, 1054, 999, 962, 965, 866, 742, 964, 1087, 679, 726, 798, 804, 648, 566, 768, 750, 729, 850, 785, 674, 591, 769, 708, 629, 992, 1011, 785, 732, 753, 850, 931, 898, 1116, 942, 693, 812, 879, 935, 1046, 1098, 1039, 913, 720, 887, 872, 902, 1011, 1005, 917, 764, 625, 870, 829, 777, 874, 917, 990, 907, 623, 860, 853, 758, 798, 860, 1022, 1133, 838, 709, 823, 752, 668, 722, 1002, 1116, 1041, 769, 707, 660, 790, 801, 855, 880, 978, 903, 630, 697, 841, 900, 724, 683, 789, 702, 570, 689, 818, 816, 788, 763, 1176, 985, 634, 570, 825, 1038, 880, 936, 1615, 1492, 797, 812, 1273, 1311, 1364, 872, 1706, 1754, 840, 1227, 2150, 2189, 1651, 978, 1654, 1893, 943, 1608, 2456, 2353, 1000, 1098, 1022, 1024, 865, 1334, 1627, 1241, 1214, 1031, 1131, 1240, 962, 781, 1178, 1337, 1448, 1293, 1335, 1508, 1185, 1022, 1319, 1544, 1342, 1261, 1134, 1408, 1055, 1130, 1345, 1247, 1380, 991, 1165, 1492, 1075, 1079, 1372, 1270, 1056, 828, 884, 1038, 815, 917, 1092, 1069, 807, 787, 750, 832, 640, 937, 1009, 734, 1165, 905, 827, 1062, 826, 879, 940, 890, 869, 804, 723, 681, 594, 629, 680, 714, 718, 724, 734, 684, 580, 630, 669, 674, 736, 699, 679, 632, 604, 635, 600, 671, 706, 672, 684, 656, 628, 666, 691, 718, 681, 597, 616, 680, 653, 637, 712, 671, 648, 658, 648, 590, 591, 709, 713, 646, 610, 669, 702, 647, 595, 728, 615, 530, 510, 534, 629, 598, 503, 623, 584, 478, 422, 364, 415, 492, 376, 440, 484, 421, 413, 385, 576, 512, 420, 456, 482, 488, 481, 456, 485, 491, 468, 484, 477, 452, 564, 516, 515, 559, 550, 527, 515, 509]"
-0.3410630524158478,0.4286542236804962,0.4636421799659729,0.573021411895752,0.3693070113658905,1.2749693393707275,0.7939521074295044,-0.08897268772125244,-0.48122406005859375,16.25,-0.06808722019195557,0.11115074157714844,21.5,-0.06536924839019775,0.0,18.25,-0.051064133644104004,0.09226799011230469,22.25,-0.050348877906799316,0.16694068908691406,21.25,"[546, 670, 666, 624, 688, 625, 664, 677, 508, 692, 690, 610, 741, 668, 619, 551, 474, 553, 622, 608, 675, 645, 556, 517, 480, 415, 489, 578, 573, 526, 520, 559, 534, 419, 393, 506, 552, 490, 483, 544, 626, 507, 508, 602, 658, 569, 540, 593, 521, 486, 520, 539, 546, 621, 602, 556, 477, 549, 607, 537, 557, 609, 568, 505, 479, 495, 491, 570, 637, 592, 565, 504, 531, 538, 620, 571, 602, 581, 598, 556, 481, 527, 575, 462, 525, 482, 451, 539, 514, 504, 478, 550, 530, 545, 497, 454, 523, 472, 538, 549, 504, 527, 488, 481, 639, 619, 578, 536, 513, 564, 480, 536, 620, 534, 469, 581, 569, 546, 477, 575, 526, 530, 543, 549, 506, 556, 602, 515, 550, 507, 527, 514, 527, 590, 643, 641, 720, 1104, 1539, 1351, 727, 919, 1148, 970, 1213, 3239, 4532, 3251, 972, 1907, 2547, 2250, 1312, 4790, 6467, 4056, 969, 2448, 2673, 2862, 1218, 5467, 6989, 3924, 1192, 2807, 1779, 2221, 1197, 4987, 6205, 3347, 1222, 2521, 1927, 2043, 1073, 3078, 3543, 1946, 823, 1630, 1701, 1348, 1470, 3820, 5377, 3603, 1369, 2432, 2940, 3205, 2108, 9972, 12157, 6662, 2331, 5289, 8620, 7575, 3412, 12986, 14648, 7211, 2459, 5201, 9827, 8465, 2412, 8801, 9634, 4539, 1228, 2801, 6484, 5480, 1492, 3427, 3116, 1230, 711, 1523, 2530, 1625, 935, 919, 661, 658, 612, 781, 734, 627, 561, 701, 875, 792, 527, 565, 597, 645, 597, 698, 705, 642, 557, 623, 592, 507, 554, 840, 816, 567, 553, 696, 634, 529, 707, 910, 852, 558, 571, 758, 761, 595, 819, 1171, 1167, 762, 753, 832, 917, 766, 3974, 6875, 5478, 1292, 2573, 3080, 3312, 1148, 9640, 18011, 14716, 3318, 6278, 7194, 8994, 3479, 9990, 20415, 17929, 5280, 6760, 8790, 10247, 5039, 6386, 15986, 16612, 7085, 5050, 8272, 7045, 4677, 4125, 11808, 13825, 7245, 3771, 5991, 4005, 4406, 1733, 6078, 7696, 4470, 1694, 3070, 2454, 2884, 1133, 4276, 5170, 2750, 1160, 2440, 1947, 1757, 903, 2671, 2965, 1431, 962, 1576, 1400, 1160, 609, 966, 1167, 955, 757, 923, 1023, 887, 677, 830, 819, 690, 603, 796, 869, 778, 626, 734, 711, 658, 665, 675, 603, 580, 656, 808, 781, 622, 642, 612, 537, 644, 637, 729, 744, 647, 695, 624, 618, 675, 611, 638, 672, 681, 633, 592, 658, 646, 536, 572, 625, 640, 685, 713, 686, 601, 808, 1053, 903, 726, 1096, 1265, 911, 596, 1341, 1974, 1561, 1045, 1638, 1872, 1313, 766, 1800, 2505, 1942, 1199, 2024, 1946, 1290, 972, 1980, 2756, 2252, 1091, 2175, 2377, 1376, 955, 1657, 2501, 2450, 1121, 2126, 2838, 1863, 997, 1433, 1839, 1981, 934, 1583, 2373, 1573, 980, 1817, 2208, 1792, 1079, 1638, 1831, 1150, 1178, 1841, 2520, 1921, 1161, 1648, 1513, 1066, 1067, 1313, 1632, 1391, 866, 1027, 843, 800, 836, 1047, 1312, 1017, 705, 743, 588, 656, 719, 836, 936, 769, 618, 658, 720, 735, 669, 643, 751, 675, 640, 711, 771, 773, 587, 750, 819, 835, 772, 770, 771, 854, 669, 781, 751, 772, 767, 686, 723, 750, 709, 690, 767, 642, 625, 665, 724, 711, 586, 694, 725, 634, 558, 713, 765, 657, 649, 732, 755, 658, 641, 667, 884, 861, 629, 656, 828, 833, 718, 514, 824, 967, 744, 626, 724, 900, 731, 556, 557, 706, 719, 766, 809, 900, 723, 617, 623, 677, 675, 955, 1011, 866, 824, 813, 752, 654, 816, 1045, 838, 772, 887, 824, 751, 771, 1007, 904, 799, 686, 622, 679, 793, 818, 839, 723, 784, 708, 594, 677, 822, 693, 624, 711, 762, 777, 825, 619, 740, 761, 723, 782, 745, 903, 965, 779, 953, 1111, 891, 1111, 1072, 1104, 1077, 1026, 1139, 1254, 1245, 1688, 1324, 1031, 1151, 1225, 1207, 1412, 1731, 1712, 1323, 941, 1038, 1063, 1015, 1219, 1675, 1327, 1215, 843, 731, 851, 982, 858, 1044, 1293, 1357, 1028, 788, 881, 1098, 975, 982, 986, 1104, 950, 796, 845, 1006, 1041, 1002, 800, 792, 745, 723, 794, 857, 923, 1056, 775, 764, 793, 662, 625, 769, 723, 791, 710, 694, 690, 728, 690, 595, 758, 721, 608, 735, 848, 751, 629, 639, 759, 780, 705, 882, 962, 805, 664, 766, 760, 666, 652, 793, 783, 809, 737, 677, 657, 613, 636, 771, 826, 728, 637, 637, 651, 635, 780, 738, 997, 1043, 639, 876, 912, 687, 1249, 952, 1152, 1552, 873, 1103, 1486, 1008, 1209, 835, 960, 1332, 918, 796, 925, 943, 758, 687, 657, 719, 741, 655, 692, 751, 582, 674, 745, 698, 627, 735, 941, 756, 640, 703, 687, 641, 629, 670, 752, 713, 920, 833, 712, 743, 743, 687, 686, 792, 1029, 662, 738, 932, 784, 670, 706, 975, 849, 662, 895, 924, 625, 770, 862, 927, 827, 723, 975, 967, 596, 792, 967, 974, 962, 857, 801, 728, 702, 789, 875, 870, 938, 808, 774, 758, 752, 800, 801, 898, 920, 764, 736, 771, 759, 739, 634, 836, 791, 629, 723, 722, 641, 572, 669, 801, 687, 631, 632, 731, 688, 631, 713, 731, 591, 707, 721, 772, 713, 725, 1001, 841, 729, 884, 1168, 922, 681, 878, 1355, 1368, 1141, 739, 1400, 1188, 828, 700, 1090, 1629, 1666, 778, 1473, 1561, 1035, 731, 1654, 2285, 1461, 853, 1535, 1518, 870, 921, 1683, 2104, 798, 822, 1175, 990, 647, 857, 967, 1066, 750, 1033, 1171, 890, 728, 1004, 1200, 1013, 1005, 1130, 1212, 1115, 997, 1140, 1365, 1325, 1221, 844, 865, 1207, 1033, 822, 1267, 1446, 1343, 866, 1447, 1603, 832, 985, 1503, 1642, 828, 764, 954, 943, 580, 860, 1083, 964, 697, 599, 730, 683, 530, 495, 694, 899, 758, 701, 1114, 1033, 678, 810, 951, 1111, 610, 662, 797, 721, 584, 716, 762, 752, 545, 521, 599, 662, 581, 676, 783, 684, 490, 516, 565, 612, 520, 600, 833, 735, 559, 491, 571, 579, 485, 556, 692, 651, 497, 479, 546, 541, 402, 513, 453, 433, 514, 518, 590, 442, 443, 506, 553, 516, 473, 495, 502, 487, 483, 457, 520, 480, 441, 419, 474, 452, 412, 371, 450, 421, 426, 404, 403, 400, 379, 409, 446, 433, 378, 415, 521, 424, 395, 487, 541, 508, 408, 412, 461, 467, 441, 404, 486, 481, 379, 508, 515, 435, 495, 481, 549, 513]"
-0.3788790702819824,0.46573567390441895,0.3552352786064148,0.3842892050743103,0.427081435918808,0.8224728107452393,0.4344230890274048,-0.09282028675079346,-0.7038116455078125,19.75,-0.014714360237121582,-0.6247043609619141,15.5,0.05724036693572998,-0.76904296875,28.0,0.17854773998260498,-0.5913734436035156,24.25,0.18155181407928467,-0.4855155944824219,15.25,"[472, 612, 646, 497, 530, 498, 650, 612, 598, 609, 596, 624, 610, 557, 596, 638, 568, 608, 587, 606, 602, 594, 659, 689, 548, 557, 585, 553, 553, 485, 550, 633, 553, 486, 469, 535, 552, 517, 476, 559, 615, 511, 432, 545, 681, 630, 429, 555, 513, 510, 559, 562, 576, 528, 461, 465, 454, 485, 513, 491, 459, 453, 525, 523, 498, 553, 554, 500, 557, 608, 580, 474, 545, 565, 569, 508, 599, 618, 526, 506, 585, 507, 587, 629, 593, 585, 538, 530, 546, 569, 686, 628, 562, 599, 533, 527, 548, 535, 614, 628, 589, 567, 497, 571, 516, 501, 571, 598, 558, 551, 566, 539, 500, 504, 556, 587, 630, 596, 651, 594, 559, 671, 630, 613, 670, 673, 643, 614, 610, 632, 670, 674, 597, 640, 635, 593, 767, 702, 978, 1090, 778, 635, 771, 800, 1238, 800, 2021, 2292, 1217, 966, 1436, 1474, 1267, 1183, 2840, 2889, 1463, 1329, 1739, 1754, 915, 1742, 3028, 2383, 949, 1386, 1541, 1639, 1044, 2109, 2651, 1740, 614, 1282, 1365, 1417, 1009, 1666, 1693, 999, 717, 850, 839, 805, 916, 1393, 1624, 1110, 769, 686, 1235, 1376, 831, 2029, 2526, 1560, 730, 1168, 2399, 2188, 702, 1992, 2347, 1339, 703, 1118, 1881, 1651, 746, 837, 1090, 749, 602, 810, 938, 980, 1146, 1655, 1412, 877, 691, 899, 1332, 1091, 1062, 1742, 1605, 970, 642, 858, 1434, 1192, 640, 996, 1074, 721, 557, 716, 1053, 920, 547, 716, 744, 547, 495, 602, 732, 679, 631, 699, 710, 563, 525, 575, 633, 619, 1272, 2399, 2167, 830, 1072, 1311, 1301, 882, 4786, 10004, 8642, 2260, 3287, 3785, 5061, 2321, 6985, 14754, 12884, 3698, 4230, 5206, 7951, 3616, 3143, 7194, 6926, 2645, 2276, 3771, 4064, 2032, 6370, 15254, 15045, 5175, 5742, 8579, 5201, 2766, 8230, 21314, 21628, 8009, 7572, 11848, 7571, 4810, 5417, 14246, 14524, 5521, 5039, 7408, 4755, 3566, 2070, 5836, 6382, 3034, 1795, 3023, 2444, 1902, 1234, 3111, 3788, 2393, 1466, 2087, 1904, 1611, 1074, 1892, 2082, 1303, 1013, 1448, 1496, 1241, 927, 1454, 1566, 1007, 840, 1015, 1118, 1080, 626, 979, 1066, 687, 761, 702, 773, 816, 521, 679, 685, 544, 609, 596, 624, 628, 447, 538, 518, 485, 508, 602, 714, 571, 483, 561, 670, 655, 515, 552, 727, 608, 602, 646, 645, 640, 542, 563, 728, 644, 719, 829, 761, 687, 671, 620, 754, 648, 896, 1013, 897, 968, 908, 750, 781, 750, 1245, 1610, 1741, 1124, 1556, 2168, 1630, 1088, 1620, 2805, 2562, 958, 2777, 3327, 2000, 1186, 1512, 2419, 2275, 793, 2496, 3056, 1670, 939, 1717, 1998, 2413, 1349, 1705, 3031, 2271, 1071, 2598, 2263, 2211, 2075, 1282, 2576, 2406, 1616, 3378, 3056, 2092, 2759, 1904, 2210, 2586, 1990, 2910, 2881, 2364, 2690, 2106, 2168, 2496, 1629, 1845, 1906, 1563, 1551, 1313, 1679, 1687, 973, 949, 1141, 860, 609, 742, 855, 767, 632, 703, 862, 771, 624, 684, 667, 528, 607, 736, 735, 611, 673, 765, 689, 585, 676, 713, 789, 695, 596, 669, 769, 673, 606, 643, 721, 685, 658, 651, 832, 778, 558, 678, 831, 839, 713, 758, 837, 694, 553, 626, 672, 593, 653, 705, 685, 602, 527, 609, 656, 642, 605, 591, 640, 590, 611, 630, 646, 838, 768, 621, 747, 719, 721, 612, 775, 902, 757, 544, 600, 720, 714, 685, 881, 872, 710, 562, 629, 708, 629, 680, 1071, 1033, 690, 731, 956, 931, 647, 774, 899, 847, 686, 755, 832, 770, 650, 764, 812, 704, 656, 633, 682, 792, 665, 698, 848, 774, 665, 543, 702, 861, 674, 716, 769, 782, 760, 603, 669, 771, 699, 884, 755, 760, 701, 703, 787, 883, 959, 1184, 787, 768, 1042, 961, 913, 1190, 1405, 1498, 973, 696, 1283, 1239, 943, 1265, 1649, 1509, 1122, 703, 1177, 1187, 895, 1153, 1470, 1306, 1106, 792, 909, 935, 895, 1003, 1163, 1106, 974, 730, 901, 803, 668, 711, 903, 970, 822, 747, 911, 837, 593, 607, 828, 889, 768, 890, 1001, 927, 720, 600, 871, 749, 730, 745, 795, 727, 672, 759, 780, 735, 776, 731, 727, 682, 690, 786, 742, 751, 756, 754, 605, 542, 586, 695, 780, 694, 660, 716, 665, 555, 560, 621, 731, 735, 672, 589, 591, 638, 628, 622, 700, 661, 632, 506, 611, 699, 593, 615, 689, 928, 902, 666, 558, 676, 677, 586, 713, 1067, 1041, 635, 776, 778, 732, 803, 762, 785, 743, 629, 691, 683, 742, 789, 719, 552, 580, 546, 600, 597, 697, 722, 634, 865, 693, 721, 773, 669, 623, 755, 853, 821, 622, 671, 825, 684, 583, 735, 887, 793, 682, 746, 851, 696, 759, 835, 803, 762, 613, 625, 701, 795, 835, 701, 675, 596, 677, 553, 471, 649, 676, 580, 556, 609, 642, 646, 737, 669, 525, 714, 743, 719, 571, 658, 874, 726, 560, 705, 708, 564, 615, 685, 694, 536, 580, 729, 650, 749, 653, 717, 705, 598, 712, 742, 788, 734, 638, 703, 768, 632, 661, 771, 768, 709, 679, 735, 760, 651, 705, 830, 739, 778, 776, 775, 795, 829, 789, 878, 798, 602, 812, 1002, 850, 617, 730, 1062, 958, 625, 853, 1009, 792, 625, 707, 902, 888, 649, 723, 856, 721, 643, 627, 811, 858, 605, 632, 779, 771, 692, 655, 826, 752, 602, 594, 848, 803, 619, 706, 755, 732, 734, 682, 968, 987, 655, 807, 990, 1031, 723, 769, 1002, 964, 729, 836, 926, 968, 576, 733, 687, 674, 681, 633, 742, 709, 575, 592, 752, 788, 641, 571, 661, 666, 592, 593, 737, 727, 619, 596, 649, 715, 619, 604, 683, 670, 638, 592, 658, 697, 598, 634, 606, 648, 544, 501, 667, 686, 599, 583, 553, 556, 517, 527, 657, 635, 648, 717, 634, 560, 627, 589, 581, 596, 552, 593, 684, 622, 608, 599, 649, 657, 494, 602, 607, 480, 485, 516, 612, 587, 492, 482, 452, 452, 537, 536, 492, 488, 500, 599, 643, 540, 454, 490, 501, 533, 480, 487, 532, 530, 466, 452, 414, 462, 496, 455, 547, 455, 427, 469, 464, 569, 400, 431, 476, 507, 472, 441, 443, 436, 433, 491, 474, 460, 466, 475, 527, 489, 393, 419, 433, 460, 466, 424, 452, 433, 395, 404, 435, 472, 404, 373, 423, 423]"
-0.2592315077781677,0.4005384147167206,0.5661358833312988,0.6716731786727905,0.21563801169395447,1.0917288064956665,0.768824577331543,-0.21517765522003174,0.18768310546875,19.0,-0.1593877077102661,0.1343250274658203,26.25,-0.15423786640167236,0.0,22.75,-0.14036190509796143,0.022172927856445312,28.75,0.23686397075653076,0.0,15.5,"[474, 457, 512, 559, 558, 562, 511, 460, 526, 611, 607, 591, 621, 642, 564, 492, 581, 676, 691, 628, 561, 611, 643, 544, 481, 598, 610, 496, 546, 498, 542, 555, 505, 511, 469, 471, 430, 402, 474, 517, 545, 490, 368, 463, 522, 459, 387, 500, 587, 530, 522, 583, 547, 437, 522, 569, 571, 498, 587, 545, 431, 442, 524, 596, 486, 526, 500, 432, 484, 497, 513, 483, 598, 538, 554, 512, 521, 513, 548, 559, 502, 499, 572, 567, 475, 469, 558, 548, 523, 560, 597, 510, 455, 630, 664, 591, 460, 465, 509, 546, 575, 616, 613, 557, 554, 541, 464, 538, 581, 575, 551, 518, 540, 541, 537, 638, 669, 564, 552, 560, 641, 571, 525, 681, 676, 534, 569, 667, 481, 629, 635, 588, 495, 509, 600, 565, 888, 1374, 1465, 1042, 721, 563, 863, 822, 2816, 6128, 7375, 4629, 1475, 880, 3076, 3498, 4175, 11420, 14897, 9371, 2215, 2622, 7671, 8360, 3108, 8938, 10797, 6409, 1948, 3312, 6703, 6154, 2216, 4795, 4320, 2204, 1781, 2728, 3839, 1955, 1416, 2460, 2592, 1864, 1088, 1718, 2327, 1856, 4384, 10454, 12385, 7107, 2374, 5299, 10629, 9560, 4916, 17110, 21825, 12752, 2471, 8195, 17562, 16245, 2426, 10479, 13383, 7844, 1357, 5172, 10684, 9668, 749, 2329, 2868, 1848, 666, 1591, 2556, 2028, 680, 720, 907, 892, 764, 1009, 983, 750, 848, 917, 793, 683, 830, 1070, 959, 779, 770, 988, 880, 591, 722, 953, 915, 822, 683, 892, 859, 604, 618, 726, 773, 680, 744, 714, 810, 685, 672, 797, 734, 632, 1287, 2482, 2320, 983, 1072, 1298, 1385, 1048, 3355, 7701, 7128, 2157, 2943, 3802, 3465, 1995, 3716, 7733, 6813, 1617, 3816, 4936, 3665, 1614, 2676, 5975, 5793, 2003, 2835, 3949, 2335, 1199, 1930, 4273, 4287, 1622, 1780, 2349, 1358, 897, 3163, 6758, 6160, 1778, 2831, 3737, 2873, 1396, 2172, 4415, 3925, 1469, 2035, 2256, 2107, 1178, 791, 1236, 1640, 1427, 1248, 1301, 1295, 1013, 904, 1364, 1476, 1157, 1122, 1122, 874, 783, 747, 1051, 1183, 969, 854, 793, 650, 630, 878, 1319, 1266, 801, 846, 840, 843, 779, 872, 1217, 1036, 691, 683, 664, 781, 680, 588, 720, 744, 578, 484, 565, 605, 630, 585, 620, 725, 653, 608, 629, 685, 669, 631, 784, 846, 719, 577, 714, 871, 748, 813, 1059, 1088, 802, 691, 780, 928, 813, 909, 1195, 1216, 817, 783, 1045, 1001, 779, 731, 901, 937, 691, 744, 954, 840, 657, 1196, 1430, 1027, 968, 1217, 1064, 901, 744, 1942, 1985, 1178, 1570, 2049, 1624, 1111, 1197, 1406, 1506, 1366, 1304, 1570, 1545, 1291, 1102, 2328, 2437, 1862, 1935, 1593, 2040, 1908, 1578, 4292, 4068, 2849, 3519, 2979, 3096, 2934, 2585, 3710, 3656, 2815, 3650, 3213, 2845, 2799, 2146, 3408, 3649, 2866, 3817, 3725, 2520, 2702, 1600, 3008, 3131, 2629, 3233, 3223, 2442, 2634, 1111, 1827, 1859, 1612, 1795, 1786, 1805, 1671, 801, 991, 1078, 971, 848, 833, 913, 790, 673, 745, 705, 745, 786, 669, 613, 700, 791, 657, 774, 869, 684, 668, 679, 695, 780, 704, 1035, 1017, 738, 819, 890, 768, 731, 826, 1081, 999, 705, 689, 827, 792, 640, 882, 1101, 1001, 833, 834, 817, 682, 607, 766, 1175, 1080, 706, 679, 810, 768, 533, 738, 1042, 935, 581, 595, 701, 743, 624, 696, 918, 819, 584, 623, 639, 722, 682, 599, 752, 729, 644, 635, 694, 740, 565, 633, 692, 738, 673, 624, 671, 669, 616, 745, 713, 761, 737, 595, 580, 586, 722, 662, 760, 786, 668, 577, 587, 647, 573, 549, 648, 709, 631, 552, 595, 601, 583, 569, 635, 669, 648, 569, 550, 595, 590, 606, 652, 592, 552, 529, 471, 590, 639, 624, 729, 639, 547, 613, 581, 660, 652, 499, 668, 698, 584, 608, 511, 589, 579, 597, 576, 671, 680, 547, 642, 662, 606, 751, 606, 713, 752, 729, 682, 686, 682, 814, 697, 458, 687, 817, 709, 662, 725, 663, 663, 652, 614, 664, 595, 614, 700, 712, 742, 710, 583, 671, 676, 627, 708, 577, 611, 701, 671, 672, 667, 655, 709, 645, 646, 630, 570, 597, 696, 701, 618, 558, 689, 773, 652, 594, 683, 663, 583, 658, 706, 760, 651, 686, 778, 648, 612, 565, 565, 610, 631, 649, 631, 529, 598, 448, 502, 619, 587, 541, 541, 619, 602, 964, 956, 868, 1089, 888, 830, 1047, 917, 1266, 1089, 941, 1374, 1044, 882, 1186, 1058, 928, 764, 754, 1001, 867, 845, 855, 791, 798, 732, 700, 769, 684, 569, 711, 762, 728, 692, 540, 555, 549, 594, 743, 771, 742, 567, 554, 624, 628, 656, 871, 922, 549, 663, 754, 668, 534, 701, 894, 793, 659, 589, 818, 829, 640, 682, 784, 815, 638, 600, 760, 833, 660, 593, 621, 690, 662, 646, 582, 755, 753, 677, 618, 608, 776, 699, 707, 735, 674, 676, 612, 665, 1122, 925, 708, 830, 868, 746, 595, 815, 971, 882, 707, 836, 805, 698, 666, 709, 732, 734, 534, 663, 755, 657, 659, 660, 767, 735, 644, 652, 578, 559, 691, 674, 733, 728, 772, 841, 697, 624, 745, 736, 822, 641, 946, 1195, 767, 694, 908, 928, 931, 649, 614, 838, 653, 652, 747, 894, 703, 609, 567, 573, 662, 630, 604, 766, 608, 666, 641, 583, 642, 569, 525, 687, 555, 595, 682, 550, 456, 567, 603, 651, 625, 729, 770, 544, 532, 550, 750, 835, 730, 770, 675, 645, 704, 749, 747, 733, 904, 728, 743, 787, 719, 707, 766, 850, 830, 772, 662, 706, 724, 663, 638, 717, 664, 852, 790, 654, 655, 648, 566, 586, 722, 770, 753, 628, 556, 634, 645, 746, 671, 500, 611, 729, 611, 550, 643, 721, 549, 486, 564, 645, 622, 587, 603, 597, 544, 536, 589, 622, 540, 559, 554, 555, 574, 692, 670, 508, 530, 602, 534, 473, 513, 704, 687, 555, 536, 595, 574, 472, 424, 494, 508, 460, 465, 436, 389, 414, 483, 506, 550, 527, 513, 512, 471, 480, 449, 450, 589, 518, 456, 444, 411, 492, 420, 542, 544, 519, 447, 407, 502, 447, 480, 483, 514, 566, 490, 425, 441, 430, 533, 483, 453, 450, 423, 406, 351, 445, 503, 467, 449, 458, 470, 424, 421, 479, 498, 586, 521, 439, 478, 435, 442, 491]"
-0.17539578676223755,0.3546970784664154,0.6127998232841492,0.7874929308891296,0.10845911502838135,0.9754232168197632,0.8276168704032898,-0.1454845666885376,0.06909370422363281,27.75,-0.13704454898834229,0.116729736328125,-31.0,-0.13661539554595947,0.1655101776123047,31.0,-0.07195627689361572,0.0,23.5,-0.04763758182525635,-0.052928924560546875,18.75,"[582, 556, 518, 578, 560, 577, 518, 559, 617, 507, 522, 636, 613, 475, 494, 572, 573, 570, 526, 565, 544, 498, 556, 561, 600, 592, 479, 458, 486, 492, 463, 499, 522, 534, 572, 480, 459, 484, 479, 520, 617, 548, 520, 472, 488, 558, 516, 543, 551, 519, 526, 524, 515, 536, 600, 575, 589, 533, 470, 520, 618, 606, 478, 546, 523, 486, 548, 463, 450, 513, 492, 535, 557, 552, 491, 406, 551, 582, 464, 522, 447, 438, 521, 558, 488, 460, 510, 488, 428, 508, 521, 523, 540, 480, 511, 464, 459, 567, 591, 501, 532, 566, 569, 493, 516, 587, 588, 517, 522, 533, 516, 555, 558, 527, 538, 538, 504, 524, 481, 498, 568, 500, 600, 599, 511, 570, 592, 620, 500, 457, 520, 525, 543, 555, 492, 536, 640, 775, 739, 620, 740, 679, 570, 576, 1508, 2848, 2971, 2110, 1408, 1545, 1917, 1794, 4046, 9523, 13125, 10358, 4722, 4363, 8016, 9095, 6279, 15521, 24788, 19382, 7061, 7093, 15007, 17335, 5585, 11680, 19594, 15387, 5428, 5824, 11878, 13930, 3604, 4307, 8688, 7480, 2998, 2315, 5400, 7054, 2156, 4567, 7559, 5330, 1212, 2023, 5672, 6383, 1806, 5667, 7473, 4372, 830, 2977, 6567, 6316, 1193, 3436, 4070, 2189, 761, 1900, 3809, 3413, 645, 1644, 1942, 1122, 624, 807, 1517, 1407, 800, 1614, 1864, 1095, 664, 849, 1405, 1288, 823, 1318, 1168, 644, 715, 679, 835, 741, 861, 1243, 1061, 729, 755, 796, 786, 598, 1459, 2257, 2083, 1309, 1706, 1767, 1129, 951, 2934, 5110, 4403, 2159, 3593, 3559, 1714, 1361, 6678, 12495, 10252, 2777, 6501, 6973, 4829, 2077, 13289, 26050, 21865, 4705, 10771, 12021, 10651, 4056, 13884, 27957, 23969, 5508, 10723, 12191, 11438, 4685, 6540, 12975, 10915, 2515, 4768, 5188, 5893, 2476, 984, 2557, 3332, 1969, 1309, 2601, 2124, 1196, 2028, 4931, 5039, 2038, 2105, 2824, 1779, 1455, 1491, 3103, 2908, 1108, 1396, 1550, 1239, 786, 1119, 1878, 1780, 1053, 1044, 1067, 932, 730, 753, 1202, 1193, 683, 745, 804, 687, 614, 789, 930, 755, 613, 648, 670, 657, 617, 1141, 1541, 1214, 680, 786, 992, 944, 679, 1138, 1611, 1303, 674, 844, 1181, 1190, 817, 784, 1037, 858, 534, 666, 716, 722, 536, 722, 718, 773, 777, 653, 605, 655, 678, 732, 888, 1007, 837, 814, 887, 827, 680, 799, 1087, 1070, 738, 852, 1064, 980, 715, 717, 1113, 996, 635, 746, 884, 950, 787, 697, 990, 794, 742, 743, 703, 874, 749, 654, 884, 831, 709, 797, 841, 744, 575, 843, 1161, 1090, 650, 987, 1090, 768, 704, 939, 1206, 906, 561, 1018, 989, 744, 618, 1586, 1294, 896, 827, 1179, 1234, 779, 1142, 1865, 1145, 1545, 1686, 1288, 1321, 1634, 2121, 1251, 1308, 2051, 1921, 815, 1699, 2331, 2027, 2121, 2492, 1907, 1551, 2398, 2454, 1858, 1610, 3020, 3710, 1938, 2439, 3670, 2989, 1920, 1339, 2041, 2611, 1480, 1707, 2218, 1972, 1776, 1187, 929, 1106, 820, 761, 1011, 1044, 987, 850, 674, 877, 804, 664, 680, 790, 775, 613, 808, 961, 899, 748, 792, 942, 815, 676, 798, 974, 781, 629, 749, 849, 747, 649, 867, 935, 967, 853, 689, 756, 905, 799, 824, 1024, 963, 834, 656, 754, 853, 681, 737, 938, 874, 705, 711, 719, 731, 673, 672, 893, 818, 602, 736, 876, 788, 702, 692, 809, 802, 621, 709, 844, 747, 717, 815, 818, 737, 663, 693, 757, 723, 769, 727, 815, 723, 584, 665, 736, 646, 567, 707, 848, 747, 608, 642, 697, 652, 543, 610, 645, 743, 838, 716, 668, 684, 564, 592, 689, 711, 780, 767, 666, 676, 638, 682, 701, 793, 723, 723, 773, 733, 739, 666, 784, 878, 700, 747, 777, 925, 863, 681, 694, 684, 816, 799, 685, 727, 759, 653, 819, 798, 734, 659, 607, 603, 695, 639, 765, 835, 691, 653, 638, 652, 624, 686, 685, 758, 812, 598, 542, 715, 737, 702, 738, 794, 800, 682, 665, 863, 788, 764, 801, 904, 808, 735, 771, 831, 828, 677, 768, 877, 802, 686, 727, 837, 817, 723, 604, 667, 727, 658, 718, 808, 831, 749, 646, 629, 608, 595, 680, 744, 771, 625, 696, 698, 645, 647, 576, 609, 665, 640, 815, 875, 729, 615, 605, 670, 656, 655, 689, 740, 751, 654, 631, 672, 627, 833, 780, 714, 695, 623, 605, 725, 788, 1144, 817, 958, 1063, 721, 686, 772, 1053, 937, 660, 991, 1061, 750, 685, 709, 911, 655, 782, 837, 774, 584, 642, 649, 584, 887, 989, 933, 725, 769, 708, 700, 745, 875, 1063, 941, 754, 822, 665, 734, 693, 863, 865, 705, 709, 661, 608, 650, 699, 690, 703, 651, 635, 577, 632, 746, 724, 654, 601, 749, 992, 852, 631, 855, 766, 761, 608, 763, 1077, 869, 624, 976, 872, 704, 894, 639, 676, 805, 686, 782, 704, 765, 806, 715, 698, 745, 715, 695, 735, 658, 636, 786, 829, 683, 671, 713, 708, 784, 707, 938, 1077, 835, 655, 805, 909, 754, 761, 905, 907, 800, 788, 877, 909, 619, 637, 718, 723, 611, 585, 712, 643, 730, 539, 595, 809, 786, 504, 749, 813, 656, 555, 635, 691, 620, 545, 931, 979, 774, 795, 749, 605, 593, 702, 981, 949, 785, 615, 639, 603, 555, 618, 816, 932, 565, 575, 586, 623, 633, 575, 805, 743, 936, 653, 786, 932, 693, 648, 861, 936, 1456, 950, 1181, 1298, 974, 873, 1565, 1779, 1284, 1231, 1270, 954, 696, 870, 1487, 1578, 850, 1084, 1297, 993, 667, 685, 1019, 1072, 786, 934, 1419, 1228, 761, 683, 1305, 1406, 668, 863, 989, 874, 671, 643, 995, 942, 745, 818, 650, 621, 697, 618, 578, 534, 736, 636, 575, 691, 685, 601, 517, 616, 500, 611, 682, 592, 646, 686, 564, 546, 488, 620, 767, 573, 557, 724, 691, 595, 473, 748, 720, 496, 507, 627, 750, 588, 538, 668, 596, 601, 627, 652, 697, 621, 617, 725, 533, 522, 602, 667, 662, 563, 558, 539, 580, 483, 475, 579, 537, 550, 511, 518, 427, 295, 448, 565, 472, 448, 498, 480, 479, 468, 455, 478, 484, 476, 497, 474, 532, 497, 436, 400, 514, 553, 473, 572, 520, 443, 531, 462, 470, 460, 499, 529, 468, 474, 564, 495, 534, 562, 430, 475, 409, 477, 552, 479, 528, 482]"
-0.11250782012939453,0.3716343343257904,0.6538609266281128,0.7908019423484802,0.11461327970027924,0.8817539215087891,0.7024534940719604,-0.8235148787498474,2.5235652923583984,15.25,-0.2726249098777771,0.17938613891601562,22.0,-0.23471635580062866,0.18668174743652344,26.0,-0.16533654928207397,0.07138252258300781,23.5,-0.15575212240219116,0.09655952453613281,25.0,"[520, 525, 503, 649, 739, 644, 506, 523, 444, 479, 470, 631, 619, 463, 516, 585, 505, 509, 575, 613, 567, 489, 568, 557, 577, 611, 581, 541, 560, 601, 513, 452, 588, 623, 546, 553, 504, 554, 525, 477, 613, 604, 547, 555, 490, 483, 546, 575, 474, 478, 525, 543, 524, 561, 490, 523, 493, 539, 549, 533, 569, 648, 576, 490, 450, 505, 511, 475, 449, 485, 573, 482, 436, 474, 558, 570, 468, 454, 526, 488, 520, 546, 583, 488, 566, 537, 508, 553, 616, 583, 560, 498, 435, 564, 572, 618, 627, 628, 516, 452, 490, 561, 531, 551, 532, 524, 529, 532, 570, 537, 511, 563, 477, 533, 594, 603, 562, 495, 537, 512, 641, 603, 561, 593, 533, 590, 604, 604, 604, 523, 528, 569, 557, 553, 501, 561, 595, 573, 573, 571, 596, 548, 462, 558, 629, 681, 626, 596, 591, 576, 562, 583, 1722, 2171, 2762, 2228, 1264, 1081, 1993, 2225, 3719, 5467, 8138, 6364, 2958, 2341, 5762, 6721, 4101, 6175, 9852, 7693, 3240, 2735, 7247, 8428, 4194, 3913, 6702, 5899, 3016, 2304, 5987, 7106, 5529, 4790, 9239, 7263, 2894, 3426, 9811, 11299, 3601, 3644, 6503, 4681, 1978, 3239, 7825, 8379, 865, 2188, 2993, 2174, 940, 1520, 2259, 1904, 1211, 2623, 2775, 1525, 789, 914, 1485, 1455, 1054, 2136, 2060, 922, 858, 1107, 1546, 1208, 1547, 1521, 1007, 1428, 1537, 1276, 1150, 946, 1564, 1607, 1754, 2317, 1973, 1566, 1304, 1286, 1175, 1481, 1598, 1757, 1441, 1312, 1170, 1168, 1729, 3203, 2858, 1396, 1526, 1782, 1963, 1367, 3134, 7065, 6501, 2093, 2537, 3302, 3690, 2079, 3703, 8087, 7552, 2516, 2937, 3882, 3481, 2021, 2572, 5445, 5071, 1681, 2515, 3192, 2270, 1510, 1693, 2484, 2210, 1443, 1970, 2466, 1918, 1010, 1500, 1531, 1863, 1639, 1680, 2001, 1564, 922, 1590, 2160, 1607, 1024, 1712, 1908, 1321, 780, 1500, 2717, 2411, 857, 1641, 1959, 1155, 711, 1085, 1682, 1507, 786, 973, 1004, 679, 552, 635, 966, 1065, 719, 651, 726, 662, 660, 742, 905, 977, 742, 582, 772, 636, 625, 634, 841, 948, 809, 568, 663, 762, 731, 796, 874, 953, 956, 815, 813, 808, 770, 736, 806, 852, 816, 789, 854, 779, 667, 774, 1024, 1022, 739, 775, 857, 825, 732, 747, 867, 848, 797, 761, 847, 916, 717, 746, 760, 765, 800, 754, 891, 848, 645, 672, 702, 906, 871, 729, 730, 661, 688, 588, 788, 1171, 931, 610, 784, 862, 884, 723, 825, 960, 870, 751, 681, 803, 855, 1037, 1031, 737, 719, 1105, 1099, 687, 702, 1103, 1128, 765, 646, 1246, 1461, 977, 762, 1168, 1091, 687, 790, 1264, 1324, 835, 821, 1133, 1278, 954, 1075, 1632, 1542, 1055, 807, 1924, 2786, 2759, 2019, 2350, 3092, 2616, 1296, 1522, 2679, 3452, 2305, 1592, 3085, 2781, 1582, 1122, 1551, 2075, 1396, 1151, 1490, 1377, 1162, 1465, 1693, 1406, 1059, 1303, 1241, 978, 997, 1330, 1299, 1264, 1284, 1240, 1132, 1211, 1239, 819, 739, 853, 836, 827, 714, 985, 1129, 690, 699, 627, 616, 718, 636, 651, 681, 796, 884, 787, 715, 710, 737, 748, 681, 692, 875, 793, 718, 560, 681, 842, 668, 591, 774, 770, 645, 496, 604, 689, 584, 662, 792, 775, 644, 574, 633, 625, 673, 673, 834, 944, 756, 650, 701, 730, 701, 832, 1098, 1133, 757, 701, 720, 801, 781, 919, 1081, 965, 756, 746, 735, 773, 768, 767, 832, 813, 770, 672, 690, 738, 689, 720, 727, 710, 641, 559, 661, 705, 751, 743, 667, 698, 669, 695, 646, 954, 1008, 757, 632, 610, 894, 800, 676, 1009, 1000, 888, 809, 785, 768, 688, 795, 857, 912, 1004, 879, 855, 887, 888, 707, 831, 1032, 888, 835, 887, 963, 867, 712, 797, 868, 575, 695, 888, 867, 696, 697, 797, 733, 742, 774, 826, 847, 701, 745, 834, 826, 708, 753, 774, 733, 812, 815, 811, 797, 681, 758, 777, 874, 853, 730, 764, 666, 636, 635, 787, 844, 723, 695, 679, 640, 708, 568, 715, 834, 731, 661, 678, 750, 851, 692, 687, 748, 751, 734, 641, 780, 801, 779, 807, 768, 730, 802, 745, 820, 732, 807, 795, 660, 671, 792, 723, 720, 662, 605, 714, 658, 621, 624, 684, 733, 808, 742, 865, 873, 699, 632, 741, 866, 1186, 918, 880, 645, 712, 771, 870, 1201, 1682, 962, 1259, 1336, 827, 822, 872, 1654, 1814, 877, 1181, 1630, 1069, 785, 751, 1551, 834, 603, 751, 1034, 775, 587, 596, 690, 876, 644, 859, 1064, 988, 731, 849, 1082, 821, 659, 671, 784, 836, 683, 716, 873, 602, 589, 775, 945, 819, 524, 761, 796, 692, 533, 973, 1362, 1049, 817, 1272, 1215, 1217, 802, 1174, 1718, 1155, 870, 1506, 1458, 1163, 858, 998, 1355, 948, 797, 1328, 1276, 718, 722, 711, 817, 700, 718, 1010, 880, 716, 657, 757, 793, 672, 688, 960, 925, 714, 788, 743, 749, 707, 718, 783, 677, 770, 686, 802, 759, 648, 608, 650, 743, 812, 642, 730, 822, 680, 531, 699, 887, 848, 751, 630, 727, 726, 604, 645, 760, 877, 794, 1203, 1102, 607, 603, 936, 1130, 838, 775, 1303, 1052, 641, 643, 968, 1234, 689, 671, 916, 779, 715, 822, 948, 971, 1186, 628, 998, 1145, 841, 710, 1076, 1475, 1305, 752, 864, 1033, 852, 869, 1222, 1487, 2109, 1156, 1269, 1416, 1165, 924, 1294, 2201, 3255, 1526, 2085, 2312, 1516, 936, 2080, 3672, 2995, 1625, 2206, 2453, 1642, 1006, 1989, 3318, 2074, 1142, 1539, 1677, 1355, 989, 1678, 2522, 1043, 959, 1106, 979, 819, 900, 1169, 1361, 982, 815, 560, 672, 706, 703, 701, 835, 806, 674, 749, 805, 667, 663, 911, 938, 558, 587, 619, 672, 663, 653, 596, 512, 613, 591, 561, 575, 631, 625, 511, 568, 502, 652, 776, 733, 615, 673, 692, 637, 543, 756, 783, 691, 616, 609, 618, 555, 753, 816, 724, 619, 649, 645, 585, 658, 667, 710, 654, 532, 562, 594, 545, 642, 598, 549, 606, 614, 604, 587, 487, 543, 511, 458, 520, 588, 507, 562, 573, 499, 519, 427, 450, 552, 433, 435, 456, 465, 403, 380, 421, 491, 459, 430, 451, 445, 484, 439, 538, 490, 491, 491, 447, 520, 534, 423, 456, 526, 407, 523, 507, 458, 442, 434, 497, 534, 445, 495, 572, 559]"
-0.20509374141693115,0.0,0.0,0.0,0.0,0.0,0.0,-0.9930300712585449,1.789712905883789,16.0,-0.8368182182312012,1.0152339935302734,18.75,-0.8200812339782715,0.9630203247070312,27.25,-0.7464098930358887,0.8372783660888672,28.5,-0.25774717330932617,0.6049633026123047,20.75,"[458, 616, 569, 615, 778, 611, 569, 614, 544, 550, 511, 575, 684, 603, 582, 635, 536, 532, 591, 630, 660, 610, 554, 543, 522, 610, 659, 621, 543, 493, 501, 563, 499, 565, 566, 485, 505, 523, 512, 517, 620, 616, 535, 488, 561, 583, 602, 591, 536, 563, 510, 471, 486, 496, 509, 478, 543, 566, 486, 494, 536, 467, 494, 523, 596, 583, 490, 548, 623, 508, 606, 638, 584, 607, 509, 545, 572, 594, 621, 526, 609, 688, 627, 559, 564, 576, 577, 547, 659, 616, 608, 612, 575, 580, 585, 571, 503, 503, 463, 462, 490, 513, 436, 392, 567, 510, 524, 588, 592, 612, 508, 544, 571, 524, 633, 611, 572, 586, 591, 638, 547, 487, 483, 522, 453, 530, 625, 599, 501, 419, 441, 480, 476, 441, 490, 545, 495, 520, 551, 465, 504, 556, 528, 532, 587, 582, 589, 563, 543, 536, 531, 549, 585, 492, 501, 608, 573, 537, 534, 539, 627, 548, 518, 547, 569, 575, 572, 533, 580, 483, 486, 520, 535, 524, 498, 550, 551, 511, 546, 641, 627, 503, 478, 572, 563, 634, 561, 641, 600, 501, 538, 544, 620, 702, 637, 558, 583, 559, 559, 554, 612, 675, 575, 585, 590, 611, 601, 565, 518, 579, 537, 546, 504, 558, 590, 522, 551, 607, 558, 444, 517, 618, 629, 542, 540, 572, 589, 494, 513, 581, 563, 524, 552, 618, 681, 549, 501, 652, 638, 567, 529, 575, 622, 578, 652, 615, 570, 580, 605, 561, 589, 531, 583, 592, 535, 619, 523, 548, 542, 453, 561, 618, 528, 519, 497, 544, 475, 442, 573, 635, 566, 501, 597, 564, 510, 593, 611, 538, 518, 565, 551, 550, 572, 642, 630, 593, 558, 529, 485, 456, 456, 502, 567, 585, 454, 382, 546, 536, 466, 444, 535, 533, 485, 559, 566, 533, 513, 567, 642, 632, 507, 582, 606, 565, 602, 585, 596, 691, 566, 549, 493, 493, 579, 629, 531, 436, 545, 574, 570, 510, 518, 658, 649, 469, 506, 599, 631, 650, 604, 548, 604, 579, 384, 482, 561, 598, 677, 613, 619, 644, 461, 446, 581, 518, 509, 528, 557, 568, 479, 537, 713, 497, 452, 660, 658, 528, 524, 680, 560, 552, 553, 613, 568, 472, 554, 616, 591, 613, 560, 599, 522, 497, 623, 580, 628, 582, 539, 597, 514, 470, 546, 642, 634, 598, 669, 634, 595, 593, 665, 684, 614, 568, 638, 684, 670, 670, 568, 576, 609, 585, 672, 606, 638, 639, 596, 647, 731, 699, 871, 852, 718, 572, 1047, 1119, 1297, 725, 1211, 1486, 1219, 774, 2152, 2473, 2163, 1769, 2770, 2421, 1724, 1669, 4805, 5057, 6517, 4087, 7774, 6350, 4552, 3968, 12179, 13595, 8295, 4976, 10057, 8373, 5688, 4577, 14192, 16370, 4918, 2972, 5446, 5032, 3613, 2779, 6656, 8128, 1973, 5348, 5785, 3716, 1855, 4794, 7277, 5273, 2210, 7218, 7895, 5541, 3026, 5895, 9079, 6436, 2602, 3496, 4204, 4380, 2883, 2537, 3965, 3364, 1292, 1113, 2250, 2549, 1429, 1153, 2743, 2741, 728, 1069, 1211, 1089, 699, 815, 1387, 1205, 654, 662, 654, 632, 659, 650, 637, 623, 596, 679, 765, 725, 558, 682, 805, 732, 491, 671, 715, 636, 635, 762, 820, 719, 537, 526, 587, 612, 580, 614, 596, 579, 554, 513, 576, 621, 542, 612, 567, 593, 587, 525, 718, 663, 491, 506, 529, 630, 626, 627, 807, 734, 575, 616, 682, 644, 728, 713, 885, 928, 654, 611, 703, 625, 836, 870, 759, 748, 610, 647, 722, 690, 739, 778, 605, 545, 537, 627, 718, 583, 765, 788, 701, 672, 638, 681, 677, 617, 1096, 1668, 1341, 726, 847, 1084, 1136, 749, 1491, 2978, 2646, 1265, 1077, 1572, 1922, 1074, 1093, 2647, 2718, 1451, 800, 1420, 1961, 1311, 771, 1094, 1340, 1086, 729, 756, 1197, 1159, 850, 684, 763, 1042, 1031, 910, 780, 928, 1331, 1166, 1036, 1220, 1299, 1369, 921, 961, 1048, 1038, 1194, 1328, 1095, 1051, 748, 871, 1142, 773, 1084, 1231, 932, 1014, 671, 997, 964, 783, 876, 1008, 1059, 988, 793, 932, 750, 671, 666, 788, 847, 691, 652, 751, 689, 636, 631, 780, 790, 630, 706, 708, 690, 677, 640, 567, 629, 584, 529, 654, 635, 662, 687, 542, 662, 711, 536, 618, 588, 598, 647, 566, 572, 605, 558, 635, 692, 723, 700, 595, 551, 630, 692, 689, 593, 687, 749, 647, 573, 681, 730, 645, 504, 682, 720, 610, 529, 566, 679, 628, 594, 647, 647, 534, 563, 584, 612, 616, 503, 545, 595, 501, 529, 611, 645, 620, 531, 525, 554, 552, 524, 543, 559, 596, 528, 532, 517, 551, 546, 619, 570, 531, 556, 565, 554, 543, 531, 537, 507, 470, 571, 592, 486, 624, 632, 567, 593, 589, 652, 645, 564, 598, 615, 602, 660, 686, 513, 629, 569, 456, 529, 580, 623, 564, 632, 629, 608, 626, 709, 606, 566, 646, 632, 572, 565, 606, 643, 605, 577, 673, 717, 627, 637, 664, 643, 576, 608, 702, 652, 538, 559, 596, 615, 560, 513, 607, 681, 575, 579, 654, 645, 631, 562, 635, 591, 545, 545, 589, 575, 548, 521, 532, 581, 684, 743, 637, 598, 678, 796, 668, 643, 727, 727, 602, 613, 700, 736, 702, 593, 686, 643, 555, 616, 691, 702, 554, 555, 606, 615, 532, 527, 613, 537, 505, 645, 611, 624, 613, 615, 686, 578, 565, 763, 745, 702, 717, 700, 627, 628, 643, 725, 659, 495, 613, 691, 568, 558, 658, 608, 523, 542, 724, 713, 536, 541, 610, 610, 495, 619, 647, 614, 528, 487, 604, 755, 685, 636, 652, 585, 633, 632, 665, 825, 572, 682, 643, 540, 592, 631, 874, 922, 587, 839, 702, 550, 583, 873, 1160, 587, 735, 846, 620, 603, 651, 968, 958, 533, 545, 647, 552, 510, 557, 602, 625, 493, 476, 536, 546, 567, 527, 469, 532, 418, 393, 457, 384, 441, 410, 431, 468, 414, 447, 532, 411, 407, 455, 474, 461, 466, 413, 460, 398, 435, 505, 453, 503, 481, 427, 408, 427, 470, 458, 422, 488, 431, 469, 411, 349, 404, 414, 392, 391, 407, 399, 332, 359, 399, 365, 374, 389, 398, 419, 399, 422, 496, 397, 366, 427, 397, 397, 340, 374, 342, 348, 399, 394]"
-0.22765688598155975,0.003629140555858612,-0.14030985534191132,-0.03366381675004959,0.024473045021295547,-0.15642476081848145,-0.023074567317962646,-0.8302247524261475,1.096200942993164,26.5,-0.49562811851501465,0.9527206420898438,16.25,-0.444415807723999,-0.13246536254882812,19.25,-0.4295384883880615,0.8093833923339844,26.5,-0.37160277366638184,0.7435798645019531,28.25,"[405, 563, 625, 615, 566, 613, 628, 563, 502, 521, 474, 545, 606, 643, 599, 580, 501, 588, 581, 568, 509, 579, 645, 568, 428, 538, 515, 427, 467, 500, 541, 423, 488, 515, 529, 598, 578, 549, 566, 518, 436, 457, 542, 628, 598, 471, 527, 516, 502, 429, 493, 580, 541, 510, 544, 557, 547, 488, 494, 516, 505, 506, 542, 603, 484, 532, 551, 493, 409, 458, 541, 555, 539, 532, 517, 503, 569, 524, 466, 564, 600, 500, 534, 544, 541, 503, 448, 547, 504, 519, 568, 510, 576, 564, 507, 512, 575, 560, 583, 560, 552, 570, 542, 505, 615, 526, 501, 611, 635, 660, 516, 529, 595, 444, 509, 602, 600, 502, 471, 577, 558, 557, 598, 650, 645, 577, 482, 508, 532, 557, 498, 568, 610, 500, 454, 499, 523, 507, 526, 537, 567, 504, 472, 534, 519, 531, 487, 542, 577, 538, 468, 487, 659, 637, 550, 553, 620, 617, 535, 521, 642, 634, 572, 556, 583, 600, 542, 512, 631, 646, 566, 554, 524, 569, 610, 532, 608, 616, 553, 531, 566, 611, 527, 542, 686, 767, 584, 545, 592, 635, 580, 486, 714, 821, 641, 517, 587, 685, 691, 524, 610, 745, 642, 536, 537, 594, 615, 497, 553, 571, 527, 486, 480, 507, 480, 494, 524, 516, 462, 502, 486, 543, 571, 531, 470, 449, 493, 518, 488, 514, 482, 493, 581, 488, 539, 547, 591, 588, 494, 540, 609, 642, 596, 590, 569, 614, 557, 498, 552, 646, 610, 564, 503, 599, 644, 548, 539, 653, 614, 582, 522, 584, 582, 449, 603, 612, 517, 601, 600, 575, 588, 483, 522, 557, 622, 563, 531, 582, 615, 529, 450, 517, 660, 613, 495, 571, 636, 534, 560, 493, 596, 639, 524, 512, 566, 571, 522, 584, 531, 580, 583, 539, 564, 515, 515, 579, 600, 648, 602, 570, 619, 623, 605, 638, 578, 649, 621, 542, 558, 541, 492, 542, 481, 455, 549, 550, 469, 485, 552, 542, 489, 503, 594, 550, 497, 534, 531, 489, 521, 576, 675, 577, 528, 542, 538, 500, 514, 528, 575, 559, 560, 549, 578, 559, 517, 482, 559, 585, 508, 517, 619, 571, 467, 544, 610, 649, 540, 517, 604, 632, 566, 582, 609, 642, 636, 579, 533, 663, 538, 597, 680, 577, 646, 539, 558, 629, 538, 562, 591, 506, 624, 512, 599, 593, 543, 618, 575, 549, 665, 592, 634, 637, 614, 614, 617, 663, 679, 632, 599, 544, 538, 698, 681, 607, 583, 606, 666, 574, 632, 708, 726, 649, 774, 770, 981, 825, 1034, 1116, 885, 975, 1802, 1784, 2128, 803, 1384, 1789, 1663, 708, 1871, 2831, 6190, 5068, 7267, 5533, 4067, 5078, 10935, 11690, 9243, 6769, 10620, 9018, 6324, 6969, 16623, 17947, 5003, 5557, 5269, 3750, 3466, 3297, 4138, 4770, 4038, 11575, 15486, 8242, 2107, 8175, 18225, 17215, 3464, 9277, 13010, 8012, 3090, 6264, 15157, 14691, 1213, 2804, 4032, 3394, 1916, 1835, 4745, 4566, 835, 738, 1002, 1194, 1012, 728, 1621, 1745, 602, 754, 905, 714, 672, 662, 898, 1009, 595, 663, 668, 720, 664, 585, 630, 631, 540, 746, 738, 644, 568, 668, 827, 662, 554, 703, 724, 670, 491, 677, 900, 715, 657, 671, 579, 563, 553, 539, 676, 626, 567, 569, 640, 641, 558, 549, 592, 565, 620, 580, 677, 685, 590, 563, 635, 636, 752, 603, 777, 864, 766, 629, 687, 756, 738, 700, 893, 968, 755, 612, 737, 862, 694, 799, 752, 692, 685, 646, 697, 668, 609, 736, 671, 825, 727, 644, 853, 747, 839, 880, 860, 1073, 886, 767, 861, 723, 892, 1782, 2244, 1734, 797, 858, 1131, 881, 1757, 3007, 2725, 1550, 998, 1972, 2212, 1003, 1858, 2896, 2471, 1448, 1456, 2462, 2515, 1290, 1930, 3155, 3236, 2639, 2501, 2488, 2375, 1993, 1570, 2498, 3187, 2913, 2033, 1483, 2059, 1851, 1401, 1126, 2172, 2429, 1531, 553, 1312, 1734, 1163, 1106, 1279, 1409, 1324, 1003, 1125, 1277, 1276, 1043, 1303, 1061, 775, 1221, 907, 1041, 835, 849, 1220, 1196, 828, 792, 683, 888, 652, 758, 1082, 1056, 726, 552, 673, 801, 639, 747, 998, 926, 705, 562, 754, 788, 654, 660, 726, 704, 616, 603, 705, 703, 647, 742, 604, 562, 650, 670, 629, 550, 692, 817, 682, 607, 730, 704, 677, 604, 475, 579, 671, 645, 598, 568, 589, 587, 528, 564, 662, 678, 614, 547, 620, 617, 628, 621, 624, 631, 643, 530, 469, 602, 760, 763, 684, 637, 629, 557, 584, 751, 664, 694, 670, 618, 644, 609, 594, 644, 596, 633, 680, 673, 638, 618, 557, 560, 558, 638, 634, 667, 564, 602, 658, 574, 623, 711, 589, 618, 527, 615, 789, 634, 537, 638, 612, 536, 542, 548, 649, 610, 508, 532, 546, 563, 556, 575, 535, 583, 495, 548, 556, 550, 520, 552, 622, 569, 567, 536, 556, 545, 592, 535, 591, 631, 443, 481, 589, 592, 596, 595, 569, 517, 573, 589, 670, 641, 615, 629, 527, 544, 713, 580, 604, 641, 631, 563, 568, 676, 636, 555, 543, 511, 567, 603, 569, 615, 647, 583, 550, 625, 606, 522, 597, 715, 663, 664, 605, 611, 633, 671, 690, 641, 651, 654, 613, 720, 694, 609, 720, 681, 631, 631, 611, 627, 588, 586, 651, 584, 550, 533, 535, 582, 544, 567, 606, 575, 579, 519, 468, 549, 617, 613, 622, 627, 635, 585, 495, 501, 651, 684, 560, 597, 469, 550, 526, 521, 614, 638, 500, 479, 550, 661, 607, 506, 477, 609, 597, 418, 653, 657, 638, 628, 581, 622, 641, 580, 589, 619, 637, 623, 581, 649, 701, 640, 607, 661, 794, 630, 543, 677, 785, 700, 493, 704, 893, 686, 460, 627, 911, 900, 606, 738, 838, 662, 500, 674, 829, 759, 606, 513, 540, 593, 526, 525, 642, 663, 672, 519, 585, 656, 580, 491, 619, 768, 501, 492, 514, 499, 532, 466, 557, 628, 465, 474, 505, 508, 489, 548, 581, 523, 566, 474, 503, 532, 519, 507, 493, 559, 393, 405, 389, 408, 477, 460, 404, 394, 357, 313, 305, 352, 414, 385, 334, 343, 510, 425, 422, 440, 436, 419, 442, 502, 385, 386, 506, 555, 489, 434, 521, 506, 419, 418, 432, 496, 494, 366, 325, 379]"
-0.4236541986465454,0.04804825782775879,-0.29999053478240967,-0.3518995940685272,0.16802899539470673,-0.4259864389896393,-0.2875152826309204,-1.265623927116394,0.9115219116210938,21.5,-0.8324650526046753,0.968170166015625,29.25,-0.8243111371994019,1.050424575805664,23.25,-0.7891205549240112,0.8163928985595703,22.75,-0.7413414716720581,0.9617328643798828,27.25,"[520, 569, 673, 664, 619, 653, 673, 573, 619, 646, 629, 643, 639, 610, 641, 581, 546, 574, 547, 551, 581, 527, 559, 562, 505, 530, 488, 477, 480, 464, 536, 485, 485, 590, 507, 433, 440, 471, 562, 451, 500, 636, 635, 497, 465, 507, 616, 559, 591, 624, 619, 624, 622, 584, 551, 589, 564, 608, 525, 562, 641, 584, 583, 602, 479, 526, 482, 499, 491, 516, 502, 449, 479, 437, 413, 556, 595, 537, 488, 508, 483, 474, 510, 577, 522, 517, 499, 436, 500, 448, 458, 529, 478, 487, 475, 509, 518, 546, 486, 424, 467, 538, 483, 432, 527, 567, 623, 561, 551, 594, 598, 508, 537, 603, 639, 647, 646, 588, 544, 529, 583, 591, 557, 629, 659, 603, 544, 498, 538, 504, 482, 604, 513, 562, 551, 459, 616, 615, 561, 536, 490, 532, 586, 572, 616, 611, 615, 481, 497, 567, 530, 553, 551, 625, 642, 543, 618, 628, 561, 565, 572, 636, 612, 630, 660, 581, 544, 544, 573, 618, 573, 620, 622, 609, 567, 506, 586, 503, 649, 605, 530, 618, 578, 581, 610, 671, 511, 583, 602, 549, 661, 610, 718, 835, 727, 628, 677, 665, 615, 577, 705, 751, 651, 557, 645, 682, 608, 606, 580, 559, 564, 563, 481, 561, 613, 534, 615, 649, 685, 660, 646, 645, 704, 658, 585, 519, 570, 571, 595, 629, 578, 562, 600, 624, 565, 533, 563, 554, 583, 589, 563, 657, 607, 482, 507, 618, 558, 444, 521, 598, 521, 427, 530, 609, 529, 446, 491, 547, 523, 424, 456, 626, 600, 494, 493, 528, 567, 528, 520, 555, 581, 550, 529, 626, 643, 586, 565, 664, 660, 618, 603, 565, 556, 548, 637, 623, 578, 662, 517, 512, 518, 571, 636, 592, 566, 557, 573, 589, 549, 600, 575, 585, 548, 540, 593, 625, 580, 629, 559, 544, 580, 479, 613, 606, 582, 569, 509, 587, 650, 540, 562, 534, 528, 543, 525, 556, 553, 544, 544, 591, 588, 585, 583, 659, 573, 493, 623, 668, 587, 613, 719, 711, 558, 514, 508, 483, 487, 580, 655, 575, 416, 408, 502, 533, 636, 607, 552, 584, 506, 477, 616, 651, 610, 571, 591, 589, 629, 597, 606, 587, 545, 560, 675, 571, 584, 654, 668, 599, 536, 544, 605, 585, 492, 618, 709, 589, 557, 565, 568, 612, 593, 641, 710, 589, 582, 581, 527, 559, 635, 669, 654, 604, 701, 675, 586, 630, 697, 699, 692, 768, 865, 787, 707, 770, 975, 950, 1175, 1287, 1802, 1643, 1191, 1351, 2796, 2731, 3414, 2211, 4083, 3816, 2723, 2598, 7418, 7882, 5186, 2431, 3932, 5068, 4444, 2297, 6018, 7833, 8323, 6361, 9078, 7347, 5441, 6103, 12321, 13805, 12182, 4512, 9304, 9212, 7705, 5443, 15353, 19321, 9702, 4883, 4430, 5491, 5767, 2320, 5582, 10490, 6360, 5575, 6274, 5577, 3216, 2379, 3533, 6136, 3310, 5700, 9132, 6417, 1733, 3668, 8645, 9030, 3764, 5708, 9332, 5983, 1670, 4529, 11096, 11349, 1451, 2656, 3592, 2008, 688, 2308, 4702, 4451, 871, 709, 802, 773, 701, 678, 608, 841, 607, 995, 1143, 825, 630, 689, 948, 939, 674, 1468, 1575, 895, 595, 910, 1255, 1070, 652, 1569, 1634, 905, 629, 1042, 1492, 1182, 518, 812, 867, 682, 511, 632, 914, 764, 563, 792, 968, 728, 552, 611, 735, 728, 688, 914, 1072, 961, 674, 548, 700, 687, 900, 1056, 1258, 1256, 949, 630, 817, 855, 782, 972, 1137, 1060, 878, 756, 729, 776, 809, 920, 933, 808, 701, 757, 652, 619, 738, 919, 978, 803, 688, 786, 708, 655, 1536, 2432, 1768, 725, 814, 1452, 1733, 804, 3885, 6984, 5557, 1772, 1648, 3508, 4625, 2182, 5311, 9919, 8753, 3841, 2621, 4646, 5765, 3173, 5236, 8845, 7633, 4742, 4279, 4644, 4101, 3229, 4684, 6337, 5152, 3965, 4631, 4597, 3100, 2583, 2942, 3394, 2610, 2176, 3053, 3382, 2317, 1445, 1088, 1079, 1289, 1517, 1485, 1528, 1365, 1239, 1468, 1026, 1451, 1662, 1124, 1287, 1101, 1308, 1215, 1037, 1504, 1437, 914, 895, 866, 1187, 844, 885, 1075, 900, 685, 780, 815, 874, 649, 781, 792, 680, 653, 739, 765, 665, 621, 733, 752, 603, 560, 756, 734, 583, 651, 654, 632, 641, 665, 686, 615, 545, 657, 587, 597, 702, 650, 599, 652, 698, 598, 548, 597, 669, 708, 677, 648, 696, 524, 642, 766, 771, 649, 752, 786, 692, 589, 677, 754, 748, 628, 616, 715, 716, 539, 701, 749, 666, 586, 618, 681, 551, 593, 650, 639, 549, 486, 646, 650, 537, 482, 478, 586, 529, 512, 608, 577, 536, 558, 565, 562, 551, 641, 646, 542, 563, 594, 609, 621, 539, 606, 665, 580, 537, 622, 578, 593, 511, 522, 617, 642, 653, 543, 598, 589, 536, 505, 609, 625, 550, 562, 584, 588, 635, 647, 602, 586, 577, 574, 553, 594, 618, 664, 654, 556, 617, 585, 598, 588, 587, 660, 584, 574, 597, 610, 518, 436, 531, 636, 522, 587, 625, 754, 575, 614, 674, 672, 561, 742, 870, 719, 585, 640, 771, 654, 595, 720, 834, 702, 619, 576, 587, 556, 581, 570, 651, 680, 696, 603, 590, 572, 639, 625, 649, 537, 637, 666, 635, 573, 693, 699, 581, 610, 634, 632, 593, 639, 720, 642, 618, 545, 561, 516, 620, 638, 561, 603, 626, 618, 605, 607, 573, 590, 602, 632, 669, 506, 631, 666, 588, 496, 528, 577, 559, 571, 598, 598, 540, 431, 542, 614, 565, 624, 664, 651, 606, 494, 639, 637, 599, 703, 645, 644, 670, 577, 590, 604, 657, 656, 739, 649, 589, 567, 660, 704, 591, 580, 874, 957, 685, 625, 773, 937, 744, 629, 798, 961, 695, 598, 604, 894, 967, 612, 772, 898, 840, 682, 505, 710, 818, 585, 634, 698, 715, 632, 618, 834, 722, 526, 502, 574, 598, 518, 507, 539, 574, 589, 654, 669, 580, 489, 519, 574, 630, 519, 530, 514, 492, 557, 608, 637, 548, 633, 577, 495, 568, 573, 602, 503, 493, 579, 534, 531, 590, 530, 615, 547, 517, 487, 491, 498, 478, 478, 538, 515, 475, 385, 475, 431, 379, 417, 479, 489, 439, 431, 517, 465, 405, 459, 538, 567, 504, 399, 447, 422, 365, 412, 450, 457, 444, 419, 368, 410, 448, 375, 358, 400, 461]"
-0.5423344373703003,0.10612867027521133,-0.38427501916885376,-0.5011011958122253,0.23758159577846527,-0.4976169168949127,-0.37795713543891907,-1.823201298713684,1.549673080444336,20.75,-1.823201298713684,1.6463756561279297,17.5,-1.0510112047195435,1.1851787567138672,23.25,-0.688090443611145,1.0502815246582031,21.75,-0.5500460863113403,0.6598949432373047,22.5,"[621, 580, 634, 604, 533, 607, 630, 586, 532, 615, 656, 581, 543, 588, 656, 590, 500, 596, 551, 441, 455, 548, 676, 559, 517, 522, 522, 471, 427, 380, 513, 569, 448, 460, 417, 476, 481, 433, 422, 440, 511, 511, 478, 460, 508, 502, 487, 481, 512, 529, 534, 530, 524, 612, 594, 499, 554, 603, 601, 485, 467, 596, 606, 473, 448, 492, 523, 458, 423, 451, 502, 509, 515, 632, 681, 550, 575, 590, 496, 559, 502, 562, 666, 564, 496, 521, 540, 570, 589, 604, 571, 545, 514, 486, 505, 539, 565, 589, 592, 534, 441, 458, 526, 553, 476, 507, 529, 559, 504, 534, 512, 499, 507, 467, 493, 520, 516, 575, 594, 545, 531, 546, 576, 526, 526, 568, 583, 603, 457, 534, 562, 510, 413, 462, 477, 464, 561, 576, 606, 606, 437, 550, 632, 577, 600, 487, 484, 589, 547, 585, 547, 562, 620, 503, 541, 634, 653, 635, 507, 619, 606, 473, 462, 579, 635, 589, 508, 603, 627, 679, 598, 518, 560, 637, 614, 539, 645, 671, 608, 505, 539, 635, 585, 547, 613, 685, 720, 533, 506, 595, 573, 588, 666, 811, 757, 478, 509, 627, 711, 646, 582, 785, 788, 616, 576, 684, 782, 678, 508, 631, 731, 627, 562, 620, 591, 529, 500, 513, 618, 572, 507, 555, 616, 571, 493, 515, 530, 485, 470, 519, 624, 598, 614, 581, 509, 562, 570, 567, 594, 587, 601, 609, 584, 609, 625, 527, 566, 573, 548, 527, 502, 552, 569, 590, 627, 531, 504, 468, 507, 611, 563, 498, 552, 547, 521, 486, 529, 559, 556, 496, 555, 586, 487, 513, 584, 604, 492, 440, 460, 481, 529, 561, 639, 542, 495, 530, 520, 530, 541, 522, 555, 595, 596, 575, 526, 589, 655, 607, 596, 617, 658, 581, 487, 582, 569, 715, 650, 575, 639, 665, 601, 534, 573, 649, 558, 474, 539, 651, 660, 569, 585, 654, 467, 444, 564, 649, 600, 438, 648, 717, 685, 541, 595, 708, 710, 581, 638, 671, 739, 668, 583, 727, 744, 599, 653, 588, 558, 656, 607, 544, 545, 663, 507, 542, 583, 540, 618, 603, 540, 515, 473, 509, 641, 616, 580, 602, 597, 573, 490, 575, 584, 544, 550, 536, 585, 551, 553, 571, 554, 517, 505, 515, 578, 544, 495, 516, 604, 630, 615, 540, 579, 622, 731, 692, 946, 1065, 926, 652, 1119, 1233, 1995, 1216, 2264, 2821, 1967, 1449, 3935, 4203, 3672, 2015, 4170, 5106, 3409, 2402, 7638, 8177, 3369, 2228, 4411, 4652, 3012, 2425, 7052, 7524, 2994, 3179, 4467, 3534, 2011, 3580, 7453, 7165, 7242, 5738, 9415, 8099, 5040, 6051, 15148, 15988, 6402, 5656, 8848, 7000, 4312, 5437, 13233, 13886, 5538, 4905, 6967, 4704, 3527, 4540, 10279, 10814, 5744, 4614, 7717, 5291, 3339, 4519, 10925, 11518, 4241, 5310, 8525, 5641, 2332, 4019, 10089, 10620, 2217, 6624, 8514, 4896, 1416, 4297, 9148, 8438, 1506, 5336, 6368, 3506, 829, 3487, 6645, 5638, 764, 2544, 2845, 1517, 624, 1746, 3035, 2407, 705, 943, 940, 758, 642, 738, 1044, 892, 624, 921, 1087, 834, 573, 868, 1059, 975, 548, 1040, 1192, 786, 533, 861, 1104, 1023, 572, 740, 896, 687, 548, 600, 769, 762, 680, 692, 633, 591, 614, 707, 692, 595, 881, 988, 832, 635, 710, 802, 689, 640, 897, 1023, 989, 727, 740, 820, 725, 733, 790, 960, 1043, 855, 719, 736, 919, 912, 727, 858, 888, 920, 804, 798, 995, 905, 672, 762, 910, 905, 708, 747, 851, 746, 1185, 2551, 3234, 2185, 957, 1095, 1592, 1625, 2960, 8351, 9889, 5775, 1887, 2857, 4107, 4026, 3746, 10928, 12354, 6639, 2420, 3825, 4870, 4440, 2652, 6849, 7154, 3353, 2668, 3078, 2696, 2388, 1981, 3099, 2937, 2021, 2344, 2309, 1556, 1865, 2603, 2495, 2492, 2385, 2027, 2503, 1859, 2098, 2999, 2241, 2372, 2526, 1862, 2436, 1884, 2247, 2298, 1519, 1973, 2075, 1452, 1803, 1466, 1915, 1238, 968, 1225, 1289, 966, 920, 880, 1152, 866, 922, 825, 771, 694, 731, 763, 768, 890, 889, 1062, 967, 756, 716, 760, 913, 939, 608, 1101, 1214, 814, 628, 905, 1089, 708, 623, 738, 754, 621, 632, 787, 902, 609, 651, 654, 581, 502, 741, 777, 622, 736, 772, 732, 700, 796, 734, 726, 683, 729, 794, 796, 826, 940, 755, 727, 803, 753, 789, 735, 721, 744, 762, 727, 688, 785, 833, 655, 615, 612, 705, 705, 638, 606, 615, 592, 649, 545, 538, 639, 580, 522, 560, 720, 656, 562, 577, 567, 601, 548, 718, 745, 625, 577, 635, 592, 580, 598, 624, 629, 654, 660, 572, 543, 596, 547, 518, 582, 651, 606, 515, 562, 608, 509, 516, 560, 711, 685, 601, 598, 649, 664, 587, 645, 659, 663, 652, 622, 681, 673, 589, 649, 726, 671, 683, 660, 712, 653, 541, 552, 638, 558, 586, 624, 598, 580, 626, 631, 540, 559, 610, 662, 636, 612, 592, 683, 671, 677, 672, 669, 652, 611, 551, 677, 645, 571, 610, 646, 675, 729, 518, 615, 725, 670, 631, 652, 744, 647, 675, 670, 590, 537, 650, 702, 606, 748, 666, 746, 747, 575, 700, 792, 754, 826, 692, 793, 824, 669, 686, 751, 844, 755, 646, 626, 736, 705, 613, 644, 701, 826, 700, 515, 721, 758, 685, 675, 682, 789, 724, 617, 665, 713, 623, 677, 708, 629, 676, 673, 623, 641, 638, 620, 610, 496, 546, 604, 544, 518, 624, 627, 519, 568, 580, 609, 502, 579, 641, 562, 542, 776, 600, 503, 581, 572, 562, 543, 666, 1041, 691, 883, 956, 672, 624, 796, 1155, 1405, 660, 1219, 1244, 859, 753, 1053, 1652, 1093, 1076, 1309, 980, 905, 940, 1594, 1744, 786, 858, 938, 886, 778, 830, 1337, 1247, 676, 615, 649, 752, 674, 577, 761, 785, 526, 573, 671, 601, 520, 599, 789, 754, 619, 741, 769, 616, 489, 689, 841, 791, 544, 588, 656, 605, 561, 706, 790, 765, 566, 648, 589, 591, 612, 714, 721, 560, 609, 657, 687, 614, 530, 554, 543, 460, 544, 586, 631, 538, 460, 491, 536, 526, 398, 511, 569, 448, 466, 498, 487, 443, 403, 444, 532, 520, 479, 457, 413, 430, 513, 545, 539, 502, 525, 490, 485, 470, 461, 604, 503, 472, 493, 474, 590, 504]"
-0.6323296427726746,0.2214408814907074,-0.4238879978656769,-0.5932511687278748,0.3416266441345215,-0.4986300468444824,-0.4169841408729553,-1.785776972770691,1.5180587768554688,16.25,-1.332590937614441,2.011442184448242,15.5,-1.0997036695480347,1.3096332550048828,21.75,-0.922749400138855,1.1019229888916016,16.0,-0.789854884147644,1.080322265625,23.0,"[606, 703, 686, 590, 599, 595, 687, 704, 532, 569, 624, 570, 562, 597, 611, 649, 542, 574, 617, 548, 466, 576, 535, 558, 490, 510, 503, 489, 581, 576, 479, 462, 478, 542, 545, 473, 538, 552, 488, 508, 485, 450, 532, 532, 529, 503, 517, 520, 557, 470, 419, 534, 574, 505, 523, 540, 610, 499, 472, 532, 489, 531, 502, 545, 516, 494, 490, 449, 453, 513, 496, 540, 629, 620, 608, 545, 498, 523, 528, 618, 545, 570, 595, 528, 429, 439, 516, 569, 508, 600, 584, 441, 547, 555, 484, 506, 506, 575, 501, 387, 482, 517, 485, 508, 498, 568, 485, 410, 510, 551, 531, 504, 553, 502, 500, 520, 495, 527, 483, 444, 431, 432, 502, 595, 543, 613, 621, 560, 477, 458, 532, 615, 535, 632, 678, 580, 554, 517, 522, 568, 572, 674, 655, 571, 585, 534, 499, 554, 564, 624, 619, 538, 587, 600, 551, 566, 531, 518, 575, 527, 536, 533, 503, 468, 532, 534, 472, 470, 606, 534, 491, 470, 501, 532, 504, 582, 621, 532, 454, 508, 626, 663, 644, 643, 589, 619, 569, 502, 581, 630, 635, 614, 499, 672, 625, 481, 511, 508, 620, 593, 536, 652, 608, 561, 573, 557, 573, 570, 480, 528, 609, 549, 509, 542, 554, 553, 582, 627, 580, 572, 496, 579, 552, 560, 567, 556, 522, 521, 527, 499, 541, 588, 563, 557, 447, 497, 548, 549, 480, 492, 519, 493, 499, 513, 548, 516, 518, 539, 595, 532, 529, 584, 606, 521, 537, 585, 555, 482, 554, 616, 531, 462, 554, 622, 523, 502, 526, 600, 486, 497, 606, 582, 571, 537, 568, 551, 523, 504, 526, 601, 614, 646, 579, 610, 640, 556, 608, 588, 549, 546, 453, 475, 520, 511, 516, 487, 530, 505, 475, 462, 529, 552, 545, 567, 536, 597, 605, 580, 649, 665, 625, 638, 522, 578, 593, 527, 559, 676, 644, 616, 572, 599, 519, 463, 516, 624, 578, 524, 602, 607, 575, 528, 561, 597, 536, 551, 580, 641, 658, 510, 581, 604, 594, 596, 537, 582, 589, 568, 584, 478, 520, 569, 563, 585, 522, 501, 618, 672, 619, 559, 557, 555, 539, 647, 691, 661, 595, 586, 618, 557, 673, 659, 479, 664, 793, 718, 697, 859, 1084, 980, 623, 900, 1555, 1409, 1671, 1234, 2176, 2186, 1357, 1469, 3663, 3732, 2530, 1358, 2680, 3045, 2113, 1722, 5059, 5433, 1778, 1468, 2145, 2134, 1524, 1570, 3475, 3610, 2897, 3046, 4753, 3610, 1966, 3413, 7467, 7306, 3922, 3850, 6344, 4755, 2711, 4114, 9622, 9720, 3263, 2558, 4574, 3756, 2201, 2383, 5922, 6599, 1746, 2035, 3045, 2406, 1369, 1466, 2915, 2931, 1810, 5016, 5785, 3230, 1271, 2852, 5002, 4258, 2064, 6528, 7825, 4271, 1360, 3743, 7197, 6293, 2225, 4412, 6057, 3699, 1300, 2999, 6422, 6227, 1831, 2401, 3895, 2700, 1027, 1818, 4287, 4517, 991, 1216, 1512, 1156, 784, 916, 1595, 1579, 1022, 1964, 2353, 1574, 810, 1239, 1964, 1812, 1120, 1846, 2210, 1430, 793, 1280, 2150, 2068, 990, 1319, 1742, 1223, 758, 1045, 1914, 1931, 815, 1339, 1716, 1174, 690, 981, 1838, 1772, 795, 1050, 1187, 955, 607, 882, 1328, 1124, 925, 884, 775, 700, 579, 848, 925, 875, 1176, 843, 711, 770, 765, 930, 739, 950, 1087, 762, 929, 938, 933, 882, 712, 1080, 992, 921, 1115, 967, 896, 832, 918, 1219, 800, 1063, 1088, 758, 697, 756, 936, 957, 681, 1037, 1104, 842, 550, 710, 1044, 917, 1218, 2736, 3108, 1816, 846, 1070, 1734, 1509, 3060, 6625, 6999, 3663, 1822, 2134, 3418, 2922, 2764, 6358, 6364, 2783, 2032, 2651, 3201, 2435, 2227, 1998, 2768, 3413, 3500, 2678, 2161, 2536, 3627, 4042, 4443, 4356, 3935, 2967, 3193, 3291, 3306, 3508, 3496, 3025, 3060, 3197, 2895, 2672, 2391, 2746, 2452, 1811, 1977, 2278, 1956, 1794, 1481, 2114, 1793, 1015, 1216, 1347, 1489, 1233, 986, 1344, 1235, 868, 922, 891, 1093, 1005, 775, 975, 987, 1002, 848, 801, 886, 852, 958, 1003, 983, 889, 821, 886, 895, 817, 983, 1000, 955, 803, 736, 889, 885, 764, 936, 905, 934, 956, 821, 928, 953, 794, 813, 724, 967, 1056, 694, 808, 1029, 953, 689, 748, 788, 767, 647, 802, 985, 865, 693, 648, 706, 741, 639, 658, 817, 840, 765, 651, 731, 789, 720, 594, 716, 839, 634, 654, 633, 560, 569, 593, 621, 631, 597, 715, 638, 630, 661, 615, 710, 662, 562, 654, 666, 584, 536, 651, 735, 573, 569, 618, 658, 621, 565, 601, 611, 567, 459, 545, 726, 716, 509, 558, 649, 598, 525, 553, 716, 704, 525, 532, 589, 577, 587, 584, 621, 611, 591, 612, 626, 537, 564, 585, 552, 556, 619, 649, 626, 570, 547, 629, 552, 531, 549, 524, 521, 531, 565, 594, 541, 556, 607, 548, 637, 572, 548, 585, 549, 550, 662, 588, 554, 587, 671, 634, 619, 637, 692, 586, 551, 620, 642, 592, 554, 534, 627, 594, 531, 605, 801, 635, 579, 656, 727, 701, 656, 722, 744, 587, 616, 694, 686, 642, 660, 747, 827, 693, 583, 751, 905, 770, 682, 801, 734, 708, 647, 696, 769, 681, 644, 661, 630, 689, 712, 687, 609, 690, 734, 728, 550, 595, 651, 725, 648, 617, 690, 662, 613, 606, 662, 722, 757, 671, 742, 795, 603, 649, 666, 607, 653, 587, 633, 715, 625, 602, 624, 622, 666, 660, 613, 676, 612, 720, 680, 508, 628, 635, 561, 596, 677, 785, 787, 607, 636, 721, 679, 603, 816, 642, 685, 706, 601, 772, 768, 835, 895, 736, 918, 834, 614, 802, 998, 990, 722, 881, 928, 712, 617, 879, 1001, 949, 517, 687, 660, 551, 567, 646, 713, 629, 494, 535, 534, 553, 563, 516, 606, 632, 576, 555, 584, 629, 602, 555, 647, 641, 587, 660, 802, 700, 584, 635, 785, 752, 650, 758, 930, 767, 644, 657, 840, 815, 625, 637, 766, 751, 611, 551, 621, 637, 640, 654, 662, 669, 549, 565, 676, 655, 515, 554, 628, 579, 484, 450, 579, 560, 387, 509, 571, 499, 395, 457, 565, 478, 386, 464, 517, 496, 421, 455, 562, 488, 456, 461, 473, 504, 460, 512, 532, 461, 542, 543, 462, 414, 485, 486, 481, 448, 587, 638, 466, 456, 495, 400, 526, 544]"
-0.6400259137153625,0.364009290933609,-0.4810587465763092,-0.5130091309547424,0.5008248090744019,-0.5603769421577454,-0.27596402168273926,-1.7496466636657715,1.4505386352539062,23.25,-1.7496466636657715,1.5913009643554688,18.5,-1.2147784233093262,1.3202190399169922,21.5,-1.107347011566162,1.219940185546875,16.0,-0.743710994720459,0.9856224060058594,21.5,"[635, 607, 597, 676, 674, 675, 597, 608, 661, 656, 586, 665, 753, 657, 668, 653, 542, 579, 661, 590, 582, 624, 743, 673, 485, 528, 531, 406, 495, 492, 541, 542, 524, 497, 492, 508, 513, 522, 515, 532, 565, 460, 396, 483, 557, 597, 499, 518, 522, 517, 445, 436, 521, 538, 492, 504, 452, 516, 558, 555, 484, 513, 615, 517, 549, 532, 536, 572, 508, 444, 503, 543, 520, 529, 563, 554, 624, 581, 581, 575, 536, 500, 493, 534, 601, 486, 487, 601, 640, 560, 549, 623, 618, 524, 480, 639, 510, 568, 593, 580, 519, 474, 423, 478, 506, 610, 598, 508, 605, 678, 585, 506, 605, 568, 556, 516, 565, 616, 602, 614, 616, 629, 617, 581, 605, 592, 560, 623, 533, 574, 710, 662, 537, 501, 571, 604, 567, 489, 640, 654, 600, 568, 521, 650, 468, 389, 559, 493, 480, 497, 490, 567, 527, 522, 632, 568, 457, 420, 544, 595, 594, 583, 589, 546, 485, 442, 606, 615, 573, 630, 503, 548, 537, 461, 554, 521, 631, 587, 524, 627, 572, 550, 633, 632, 612, 538, 589, 596, 541, 544, 575, 607, 629, 584, 507, 499, 550, 547, 545, 532, 584, 603, 554, 518, 494, 529, 641, 601, 616, 568, 575, 548, 538, 581, 538, 582, 687, 657, 573, 580, 700, 731, 555, 538, 582, 551, 523, 587, 613, 667, 601, 562, 564, 521, 536, 526, 565, 605, 587, 606, 549, 503, 573, 500, 520, 585, 574, 587, 478, 522, 638, 635, 641, 590, 549, 524, 540, 464, 591, 687, 630, 510, 473, 531, 597, 591, 565, 588, 591, 559, 564, 548, 618, 536, 459, 575, 628, 661, 595, 545, 675, 638, 512, 583, 664, 636, 630, 589, 586, 606, 574, 581, 531, 516, 543, 533, 551, 535, 629, 632, 515, 569, 630, 606, 455, 542, 658, 546, 491, 608, 631, 558, 540, 656, 694, 478, 476, 621, 672, 616, 530, 574, 595, 637, 643, 612, 610, 609, 580, 617, 649, 654, 723, 687, 572, 586, 610, 556, 577, 609, 669, 655, 638, 651, 604, 631, 615, 586, 685, 689, 656, 622, 838, 1020, 1203, 1013, 659, 999, 1601, 1547, 1904, 2263, 2953, 2405, 1477, 2515, 5148, 4864, 3904, 3933, 5802, 4699, 2827, 4589, 10633, 10363, 3464, 3365, 5036, 4175, 2493, 3881, 9030, 8870, 1776, 1726, 2298, 2043, 1322, 1970, 3882, 3797, 3387, 3486, 5084, 4136, 2423, 3914, 8947, 8764, 6106, 4998, 8524, 6994, 4177, 5591, 14522, 14943, 5087, 4504, 7101, 6380, 3852, 5123, 12607, 12585, 2501, 3024, 3978, 3531, 2016, 3065, 6219, 5932, 1825, 6247, 6543, 2863, 1209, 6146, 10729, 8498, 1859, 6594, 7081, 3555, 1251, 6222, 10967, 8803, 1598, 4930, 6645, 4241, 1065, 3414, 6846, 6267, 1614, 4216, 6133, 4007, 1052, 2386, 5130, 5114, 1322, 2974, 4196, 2655, 864, 1668, 3689, 3806, 1365, 2704, 3927, 2595, 907, 1852, 3937, 3934, 1196, 2785, 3705, 2276, 827, 2111, 4216, 3872, 1140, 2790, 3563, 2129, 705, 2057, 3706, 3295, 873, 2136, 2337, 1391, 619, 1700, 2485, 1890, 641, 1398, 1551, 1096, 616, 1147, 1568, 1136, 648, 828, 1015, 893, 693, 818, 891, 836, 728, 950, 973, 714, 623, 843, 837, 738, 858, 1012, 1070, 834, 722, 930, 953, 825, 913, 1006, 881, 825, 755, 926, 974, 829, 787, 963, 929, 805, 753, 810, 971, 886, 780, 1067, 1105, 890, 674, 661, 824, 705, 757, 1037, 1069, 877, 717, 733, 662, 704, 692, 1035, 1287, 968, 799, 740, 791, 806, 1324, 2208, 2160, 1438, 1195, 1177, 1776, 1426, 3329, 4621, 4528, 3467, 2779, 3102, 3837, 3023, 4306, 5866, 5984, 4544, 3163, 4046, 4517, 3657, 3203, 4673, 4485, 3099, 1601, 2725, 3278, 2581, 2122, 3010, 2684, 1732, 1326, 1775, 2142, 1700, 1476, 2029, 1785, 1234, 1301, 1194, 1322, 1240, 1213, 1710, 1588, 1072, 880, 926, 997, 935, 1177, 1683, 1480, 850, 880, 1108, 935, 785, 1018, 1552, 1489, 833, 891, 1209, 969, 789, 960, 1251, 1217, 878, 902, 1102, 981, 772, 796, 1074, 1036, 748, 850, 1001, 951, 739, 729, 844, 828, 704, 687, 807, 768, 719, 646, 781, 810, 692, 638, 636, 623, 566, 580, 743, 764, 644, 614, 615, 755, 742, 605, 716, 852, 846, 658, 640, 794, 742, 525, 609, 892, 878, 601, 597, 842, 784, 730, 742, 743, 731, 671, 766, 850, 713, 729, 728, 711, 698, 677, 728, 744, 663, 586, 637, 649, 559, 650, 599, 584, 598, 553, 554, 628, 716, 666, 532, 555, 628, 613, 598, 628, 689, 689, 551, 671, 715, 605, 620, 620, 595, 630, 582, 623, 645, 626, 593, 646, 640, 570, 557, 619, 674, 636, 619, 617, 595, 529, 551, 616, 651, 576, 653, 725, 705, 606, 619, 693, 705, 538, 552, 571, 556, 621, 650, 542, 497, 600, 686, 638, 636, 614, 641, 612, 597, 513, 536, 577, 531, 531, 564, 600, 575, 552, 522, 616, 606, 611, 556, 614, 620, 618, 602, 698, 646, 641, 599, 725, 726, 517, 643, 738, 707, 606, 698, 816, 657, 581, 602, 787, 813, 715, 699, 877, 785, 833, 685, 891, 938, 826, 681, 1065, 1229, 814, 620, 931, 939, 789, 622, 1035, 1283, 715, 615, 850, 916, 697, 652, 966, 1063, 714, 645, 759, 793, 708, 625, 825, 890, 718, 723, 725, 663, 686, 674, 560, 654, 718, 833, 738, 655, 659, 644, 576, 594, 667, 750, 741, 643, 659, 761, 795, 674, 625, 700, 781, 770, 745, 880, 995, 834, 655, 678, 865, 770, 656, 741, 1011, 989, 625, 641, 808, 716, 628, 575, 781, 892, 713, 780, 848, 703, 694, 682, 802, 837, 605, 672, 748, 737, 699, 613, 720, 736, 559, 711, 792, 711, 624, 641, 761, 761, 523, 743, 864, 630, 529, 727, 874, 710, 522, 639, 767, 625, 516, 720, 764, 666, 608, 602, 757, 683, 556, 601, 664, 749, 637, 572, 689, 606, 537, 567, 573, 674, 582, 525, 565, 600, 472, 553, 627, 554, 561, 555, 531, 498, 434, 526, 534, 518, 444, 463, 513, 500, 431, 433, 513, 572, 468, 505, 563, 461, 441, 460, 549, 567, 347, 440, 469, 417, 391, 363, 422, 442, 375, 394, 384, 363, 400, 425, 438, 418, 419, 437, 363, 406, 439, 438, 437, 390, 442, 456, 421, 399, 460, 432, 415, 416]"
-0.6082277894020081,0.33442455530166626,-0.6494122743606567,-0.3678877651691437,0.4634506106376648,-0.7222374081611633,-0.09455588459968567,-1.658340334892273,1.2526988983154297,18.25,-1.658340334892273,1.2788772583007812,19.75,-1.056381106376648,1.1957645416259766,20.0,-0.8398016691207886,1.0828971862792969,19.5,-0.1375635862350464,0.8464336395263672,19.25,"[368, 568, 622, 514, 491, 515, 618, 570, 467, 625, 632, 636, 587, 499, 627, 560, 485, 521, 538, 626, 587, 521, 544, 532, 504, 538, 555, 526, 485, 458, 502, 511, 530, 525, 477, 475, 631, 592, 491, 468, 581, 543, 461, 544, 678, 621, 547, 529, 491, 532, 584, 551, 501, 577, 629, 519, 468, 389, 514, 574, 518, 504, 564, 520, 553, 512, 553, 524, 486, 557, 603, 604, 547, 530, 464, 494, 517, 582, 584, 568, 574, 580, 502, 532, 572, 615, 573, 544, 479, 473, 542, 645, 596, 573, 522, 551, 485, 532, 539, 565, 559, 525, 552, 566, 495, 475, 586, 608, 539, 461, 521, 553, 454, 487, 574, 587, 535, 541, 626, 540, 531, 506, 567, 553, 479, 595, 644, 543, 474, 607, 584, 462, 475, 576, 589, 526, 504, 543, 502, 465, 508, 567, 560, 481, 552, 567, 563, 500, 556, 583, 525, 540, 544, 523, 573, 606, 600, 538, 482, 522, 496, 477, 527, 567, 557, 469, 468, 488, 587, 579, 526, 609, 600, 606, 543, 492, 605, 572, 526, 569, 582, 611, 537, 537, 603, 671, 577, 484, 557, 615, 517, 543, 653, 833, 702, 470, 534, 632, 621, 532, 733, 827, 696, 529, 601, 700, 663, 635, 614, 575, 578, 651, 622, 591, 580, 591, 560, 524, 516, 517, 540, 599, 537, 478, 477, 522, 527, 487, 485, 568, 584, 490, 565, 602, 539, 509, 486, 593, 615, 499, 548, 512, 561, 505, 487, 504, 570, 563, 543, 539, 621, 598, 528, 530, 522, 533, 507, 427, 473, 525, 479, 477, 438, 491, 591, 470, 512, 545, 554, 546, 449, 536, 573, 492, 557, 501, 547, 567, 501, 547, 585, 543, 549, 567, 583, 544, 458, 517, 607, 584, 486, 487, 566, 562, 493, 570, 607, 637, 570, 600, 609, 600, 610, 606, 614, 622, 546, 563, 555, 535, 545, 564, 557, 528, 497, 573, 545, 532, 596, 634, 643, 817, 959, 818, 572, 846, 1312, 1206, 1541, 2027, 2453, 1648, 1159, 2264, 4117, 3775, 2166, 2719, 3635, 2305, 1359, 2889, 5821, 5528, 1800, 2339, 3217, 2199, 1218, 2416, 4906, 4618, 1204, 1257, 1790, 1480, 923, 1296, 2577, 2524, 1333, 1413, 1523, 1276, 1020, 1586, 2519, 2292, 4577, 5387, 7113, 4726, 2777, 5381, 10327, 9923, 7463, 8559, 12717, 9222, 4705, 8232, 17622, 17564, 4569, 5681, 9096, 7132, 3208, 5180, 11285, 11302, 1605, 1946, 3115, 2455, 1071, 1396, 2692, 3092, 1821, 3084, 3105, 1908, 930, 3191, 5118, 4098, 1776, 6285, 6208, 2942, 1095, 6362, 10390, 7741, 1228, 5587, 5786, 2775, 923, 5255, 8851, 6711, 863, 2225, 2623, 1606, 699, 1965, 3151, 2613, 1683, 3634, 4826, 3064, 1073, 2353, 4393, 4097, 3302, 8218, 10780, 6478, 1924, 4732, 10020, 9414, 3503, 11847, 14130, 7555, 2025, 7178, 14004, 11938, 2286, 8359, 9034, 4217, 1519, 5656, 9581, 7270, 1562, 3432, 3079, 1479, 1176, 3019, 3918, 2322, 1558, 2118, 2696, 1835, 1051, 1706, 2639, 2412, 1091, 2450, 3082, 1898, 741, 1443, 2836, 2644, 1072, 2033, 2279, 1531, 825, 1394, 2262, 1933, 895, 1490, 1658, 1152, 726, 1273, 1819, 1697, 769, 891, 877, 770, 609, 835, 919, 865, 639, 790, 735, 713, 628, 655, 760, 634, 662, 935, 840, 692, 597, 733, 876, 656, 713, 955, 920, 667, 740, 872, 919, 827, 745, 879, 930, 807, 704, 746, 800, 783, 863, 1170, 1081, 800, 849, 900, 742, 616, 1573, 2428, 2166, 1411, 1302, 1494, 1491, 995, 3917, 6139, 5676, 3637, 3198, 3521, 3548, 2462, 7749, 11715, 10949, 7030, 5587, 6654, 7101, 4949, 8073, 11594, 10394, 6979, 5325, 7136, 7195, 5133, 4253, 5541, 5239, 3928, 2695, 3634, 3366, 2841, 1778, 2537, 2415, 1525, 1291, 1475, 1553, 1271, 1101, 1876, 1653, 802, 978, 1082, 1247, 968, 1118, 1633, 1118, 612, 1045, 1101, 1132, 840, 924, 1239, 1000, 650, 850, 933, 955, 634, 773, 990, 945, 784, 754, 750, 779, 760, 764, 1118, 1110, 873, 762, 889, 934, 850, 885, 1079, 1215, 1006, 809, 901, 928, 1001, 876, 857, 1031, 932, 734, 801, 914, 955, 689, 741, 803, 772, 589, 760, 961, 868, 715, 909, 925, 744, 580, 791, 975, 932, 720, 811, 828, 748, 651, 663, 813, 893, 799, 802, 779, 667, 702, 650, 657, 799, 617, 768, 673, 629, 697, 679, 719, 651, 561, 679, 704, 608, 648, 587, 653, 669, 658, 567, 586, 640, 719, 630, 638, 751, 667, 653, 585, 723, 834, 659, 612, 733, 656, 622, 643, 679, 613, 597, 659, 672, 732, 782, 929, 767, 721, 782, 801, 804, 823, 844, 935, 939, 893, 861, 889, 885, 649, 690, 778, 812, 766, 713, 700, 649, 694, 602, 678, 808, 819, 741, 719, 737, 750, 700, 689, 782, 840, 665, 732, 786, 692, 651, 700, 728, 667, 565, 678, 708, 658, 583, 625, 765, 627, 565, 685, 659, 593, 564, 680, 731, 630, 623, 724, 749, 663, 624, 717, 703, 652, 634, 669, 713, 664, 602, 694, 690, 671, 586, 570, 684, 627, 643, 701, 619, 582, 598, 597, 622, 771, 707, 774, 687, 583, 664, 852, 926, 752, 669, 871, 919, 648, 688, 1188, 1245, 784, 694, 873, 820, 673, 759, 1171, 1220, 719, 709, 878, 786, 652, 764, 1103, 1132, 804, 575, 662, 662, 567, 646, 900, 1011, 814, 750, 672, 651, 688, 732, 804, 806, 838, 843, 791, 788, 672, 695, 731, 846, 902, 1246, 1043, 832, 748, 876, 1047, 940, 949, 1596, 1448, 913, 819, 1095, 1376, 1015, 704, 1076, 1074, 824, 687, 950, 1147, 939, 607, 755, 859, 749, 672, 790, 793, 751, 587, 613, 717, 577, 645, 665, 653, 698, 700, 754, 756, 669, 606, 813, 803, 766, 638, 781, 762, 685, 591, 773, 733, 645, 633, 857, 795, 499, 536, 740, 773, 648, 730, 860, 717, 564, 618, 729, 702, 643, 656, 758, 676, 558, 582, 610, 649, 621, 669, 658, 691, 686, 606, 523, 499, 641, 579, 469, 561, 586, 539, 561, 513, 637, 509, 554, 555, 439, 428, 509, 497, 477, 570, 571, 588, 489, 464, 625, 598, 575, 578, 588, 680, 625, 500, 565, 620, 658, 469, 578, 581, 455, 443, 479, 569, 523, 496, 543, 507, 452, 338, 338, 477, 425, 410, 517, 478, 399, 385, 459, 501, 423, 413, 426, 462, 420, 393, 489, 532, 493]"
-0.6719536781311035,0.3372039794921875,-0.823015570640564,-0.38364821672439575,0.3581337332725525,-0.7299225926399231,-0.10950732231140137,-0.8150056600570679,0.6285667419433594,17.5,-0.5924180746078491,-0.3207206726074219,15.0,-0.3992990255355835,-0.9312629699707031,18.5,-0.13966119289398193,-0.46749114990234375,18.5,0.04144155979156494,0.29311180114746094,19.25,"[430, 497, 558, 562, 495, 559, 560, 494, 504, 566, 568, 569, 594, 664, 621, 554, 459, 486, 502, 522, 532, 591, 582, 531, 479, 459, 502, 558, 511, 413, 499, 500, 502, 494, 451, 441, 444, 447, 507, 511, 573, 472, 463, 538, 526, 500, 578, 621, 628, 561, 445, 503, 462, 494, 494, 532, 583, 438, 454, 588, 524, 512, 469, 502, 596, 530, 550, 609, 597, 535, 487, 515, 541, 483, 551, 597, 554, 448, 513, 602, 514, 512, 536, 594, 579, 489, 549, 541, 573, 683, 575, 538, 612, 588, 569, 491, 428, 526, 590, 540, 500, 511, 588, 546, 571, 574, 599, 596, 576, 603, 623, 575, 526, 482, 562, 626, 591, 521, 458, 516, 523, 516, 494, 517, 502, 486, 389, 405, 552, 501, 518, 517, 499, 548, 468, 489, 657, 590, 504, 485, 537, 598, 537, 590, 595, 612, 530, 439, 459, 538, 525, 519, 573, 603, 565, 490, 447, 507, 573, 537, 600, 593, 472, 531, 513, 521, 539, 591, 608, 638, 566, 577, 594, 630, 631, 601, 526, 535, 646, 609, 531, 576, 659, 636, 618, 650, 549, 522, 569, 553, 582, 525, 778, 908, 724, 649, 599, 654, 638, 532, 830, 1078, 896, 713, 701, 695, 759, 606, 722, 827, 734, 608, 636, 729, 718, 659, 671, 635, 685, 671, 618, 677, 670, 695, 519, 518, 625, 544, 529, 582, 539, 532, 537, 567, 582, 623, 495, 536, 556, 490, 568, 710, 694, 503, 577, 697, 785, 705, 830, 958, 1246, 1013, 724, 803, 1346, 1418, 1167, 1515, 2141, 1562, 846, 1347, 2671, 2664, 1816, 1718, 2468, 1804, 1116, 1726, 3395, 3331, 2027, 1699, 2973, 2167, 1296, 1565, 3922, 4317, 1575, 1522, 2407, 1779, 995, 1337, 3151, 3350, 1066, 1481, 2063, 1419, 758, 1198, 2569, 2545, 780, 1188, 1496, 1067, 669, 991, 1844, 1777, 904, 1215, 1457, 1015, 659, 1307, 2127, 1939, 1533, 2920, 3418, 1946, 984, 3170, 5654, 4838, 1643, 3295, 3987, 2282, 1156, 3409, 6272, 5465, 1268, 1966, 2406, 1588, 1092, 1849, 3234, 3016, 1059, 1561, 1709, 1341, 949, 1491, 2255, 2044, 920, 1823, 1784, 1297, 864, 1985, 3085, 2491, 869, 2656, 2491, 1238, 783, 2334, 3827, 2813, 976, 2363, 2107, 1008, 841, 1844, 2879, 2045, 855, 1290, 1196, 793, 684, 877, 1288, 1037, 651, 673, 745, 684, 558, 599, 677, 713, 980, 1203, 1141, 836, 731, 954, 1077, 910, 3970, 8234, 8360, 4269, 1856, 4284, 7187, 5690, 8374, 19893, 20101, 9546, 3199, 10601, 18018, 13663, 7960, 18553, 18481, 8655, 2897, 10469, 17617, 13507, 4037, 8586, 10139, 5449, 1696, 5676, 10796, 9591, 1605, 4703, 5232, 2560, 969, 3642, 6113, 4935, 1354, 2559, 2051, 989, 962, 1961, 2396, 1535, 1183, 1042, 938, 913, 910, 984, 992, 1027, 1099, 1314, 1374, 1026, 903, 1091, 1192, 1154, 1504, 2447, 2359, 1106, 1313, 1874, 2002, 1461, 2327, 3857, 3253, 1161, 2005, 2391, 2266, 1502, 2219, 3541, 2798, 1084, 1945, 1993, 1687, 1279, 2918, 2812, 2431, 2371, 2430, 1866, 1365, 2490, 4652, 4055, 4076, 4634, 4118, 2542, 2094, 4225, 3353, 3498, 4028, 4374, 3467, 2132, 2389, 3279, 2365, 3130, 3908, 3726, 2222, 1666, 2489, 2204, 3307, 4277, 5372, 4570, 2449, 2044, 2754, 2977, 3938, 4435, 4991, 4351, 2729, 2184, 2551, 3266, 3369, 3366, 3031, 2637, 2110, 1708, 1640, 2495, 2087, 2047, 1649, 1423, 1247, 1291, 1199, 1599, 1617, 1874, 1611, 1230, 1154, 1717, 1628, 1281, 3670, 4718, 4296, 2684, 2019, 3901, 3447, 2272, 4336, 5595, 5466, 3416, 2094, 4617, 4010, 2785, 2608, 3614, 3626, 2145, 1291, 2824, 2635, 1886, 1157, 1821, 1804, 995, 737, 1107, 1275, 1107, 864, 1343, 1444, 898, 794, 1002, 1155, 917, 1431, 3231, 3115, 1355, 1118, 1683, 2092, 1316, 1717, 3923, 3675, 1492, 1064, 1983, 2658, 1590, 1124, 2023, 1899, 993, 770, 1223, 1583, 1115, 840, 1031, 1236, 910, 728, 787, 937, 909, 642, 841, 1010, 787, 698, 762, 804, 765, 709, 808, 779, 669, 634, 784, 893, 780, 612, 849, 809, 626, 683, 746, 780, 624, 716, 899, 890, 756, 781, 839, 799, 687, 814, 790, 844, 796, 734, 688, 772, 841, 721, 724, 809, 751, 746, 713, 691, 745, 706, 751, 885, 772, 685, 679, 684, 766, 691, 769, 802, 738, 641, 640, 606, 688, 812, 881, 845, 898, 946, 777, 660, 691, 973, 1057, 864, 1015, 1209, 1072, 772, 803, 902, 870, 782, 845, 967, 967, 812, 774, 875, 641, 736, 917, 888, 718, 779, 994, 738, 716, 894, 945, 810, 774, 1026, 1035, 847, 762, 793, 949, 823, 769, 985, 984, 786, 684, 627, 838, 715, 688, 846, 740, 661, 660, 585, 727, 713, 635, 703, 695, 712, 599, 579, 688, 723, 709, 639, 653, 660, 624, 602, 704, 662, 706, 628, 635, 584, 608, 551, 589, 571, 527, 570, 608, 612, 678, 711, 656, 530, 528, 638, 611, 669, 621, 699, 696, 578, 646, 671, 624, 745, 586, 605, 737, 723, 756, 764, 765, 706, 521, 654, 718, 694, 662, 790, 811, 701, 715, 634, 689, 734, 685, 691, 689, 954, 855, 1202, 1091, 838, 840, 1480, 1569, 1985, 1084, 2088, 2012, 1538, 957, 2958, 3600, 1653, 991, 1381, 1509, 1363, 794, 1629, 2254, 859, 1457, 1980, 1433, 815, 1319, 2104, 1882, 1077, 1102, 1864, 1530, 939, 913, 1936, 2149, 835, 730, 862, 842, 750, 759, 909, 997, 781, 882, 1011, 982, 875, 946, 1231, 1168, 812, 893, 1035, 899, 832, 1007, 1223, 1150, 822, 933, 929, 709, 786, 973, 1037, 893, 913, 762, 755, 711, 767, 752, 961, 1118, 981, 805, 999, 998, 872, 583, 1216, 1435, 850, 1022, 1259, 1064, 847, 762, 1324, 1362, 668, 984, 1050, 788, 619, 761, 1071, 942, 837, 1078, 1024, 771, 757, 843, 1272, 1132, 854, 993, 870, 637, 702, 851, 1143, 1094, 715, 727, 685, 564, 667, 795, 893, 778, 659, 599, 657, 607, 547, 618, 786, 792, 544, 528, 592, 657, 584, 574, 794, 757, 612, 547, 619, 716, 626, 545, 756, 756, 545, 550, 626, 639, 571, 538, 663, 653, 581, 556, 631, 670, 644, 598, 604, 624, 482, 521, 535, 523, 536, 518, 601, 587, 449, 470, 564, 503, 483, 481, 580, 581, 394, 472, 526, 451, 514, 550, 560, 551, 396, 511, 436, 407, 480, 452, 506, 498, 501, 540, 461, 519, 558, 556, 607, 572]"
-0.618152916431427,0.3396516442298889,-0.8520475625991821,-0.32883697748184204,0.16279712319374084,-0.5404078960418701,-0.15361040830612183,-0.5194547176361084,0.10614395141601562,23.25,-0.51816725730896,0.2856731414794922,23.75,-0.4695298671722412,0.2526283264160156,19.5,0.014269113540649414,-0.2932548522949219,15.0,0.15031075477600098,0.056362152099609375,17.25,"[425, 548, 595, 623, 684, 623, 601, 554, 491, 548, 542, 651, 584, 628, 672, 536, 543, 592, 542, 572, 657, 625, 508, 481, 561, 564, 555, 555, 557, 526, 462, 516, 534, 517, 462, 521, 539, 551, 529, 508, 624, 507, 515, 576, 562, 508, 575, 643, 477, 399, 433, 455, 494, 454, 477, 529, 473, 502, 459, 409, 530, 563, 481, 448, 493, 525, 497, 477, 599, 647, 532, 536, 584, 589, 477, 550, 673, 638, 561, 549, 623, 588, 437, 492, 571, 512, 510, 556, 580, 581, 505, 550, 519, 541, 488, 492, 453, 541, 584, 472, 455, 463, 522, 470, 636, 674, 614, 546, 573, 493, 565, 586, 571, 514, 546, 605, 533, 513, 610, 606, 606, 515, 498, 565, 529, 442, 539, 622, 547, 551, 456, 474, 544, 479, 477, 456, 621, 615, 475, 477, 540, 539, 533, 544, 581, 650, 590, 547, 627, 623, 611, 526, 613, 545, 548, 581, 638, 593, 514, 557, 489, 542, 572, 509, 511, 590, 575, 510, 518, 571, 611, 515, 504, 602, 616, 566, 538, 564, 638, 611, 487, 618, 632, 552, 537, 639, 644, 535, 503, 541, 586, 568, 897, 1310, 1047, 482, 610, 804, 856, 560, 926, 1333, 1123, 672, 663, 1025, 1053, 668, 730, 851, 722, 587, 612, 749, 798, 595, 614, 561, 597, 521, 453, 556, 546, 564, 691, 586, 589, 513, 621, 656, 556, 632, 1482, 1198, 2203, 1789, 1129, 993, 2361, 2767, 2966, 4409, 7088, 4727, 1697, 3156, 7942, 8236, 3006, 6659, 9399, 5728, 1550, 5041, 10769, 10198, 1566, 4597, 5856, 3405, 899, 3560, 6634, 5774, 792, 1829, 2013, 1295, 674, 1505, 2261, 1758, 545, 853, 909, 775, 542, 703, 890, 721, 512, 662, 651, 616, 578, 605, 669, 638, 644, 507, 514, 581, 574, 646, 665, 717, 760, 1053, 1288, 900, 668, 982, 1637, 1525, 1027, 2092, 2561, 1488, 773, 1660, 3105, 2851, 1114, 2547, 2912, 1582, 817, 1728, 3383, 3151, 821, 1835, 2007, 1227, 657, 1368, 2184, 2077, 777, 1073, 1093, 669, 573, 925, 1119, 1008, 898, 1113, 1135, 804, 641, 947, 1159, 943, 986, 1368, 1215, 815, 709, 1047, 1092, 856, 971, 1429, 1238, 757, 749, 1020, 1105, 710, 773, 1084, 1052, 753, 711, 915, 957, 746, 830, 1122, 1166, 926, 750, 818, 1054, 949, 3249, 6678, 6694, 3179, 1839, 3580, 5751, 4342, 6165, 14693, 14628, 6458, 3088, 7939, 13128, 9496, 5534, 14328, 14310, 6299, 2770, 8337, 13660, 9858, 3961, 9926, 9858, 4441, 1910, 6198, 9885, 7105, 3539, 8216, 7867, 3455, 1651, 4903, 7696, 5326, 2759, 6580, 6222, 2605, 1253, 3711, 5734, 3796, 1556, 3307, 3115, 1405, 850, 1851, 2776, 1846, 1148, 1850, 1707, 986, 848, 1206, 1536, 1086, 945, 1523, 1408, 875, 772, 919, 1164, 867, 1074, 1259, 1279, 1127, 940, 1078, 1210, 1098, 2398, 2226, 2423, 2048, 1891, 2622, 1997, 1906, 2801, 2665, 2798, 2203, 2166, 3213, 2055, 1945, 1533, 2010, 1915, 1136, 1217, 2121, 1850, 1130, 2426, 2854, 3364, 2379, 1571, 3892, 3521, 1831, 3445, 3596, 3011, 2081, 2135, 4117, 3342, 2027, 3166, 3175, 1932, 1565, 1467, 2109, 2039, 2038, 2029, 2455, 2078, 1488, 967, 1581, 1584, 1358, 998, 1346, 1311, 874, 621, 993, 1008, 834, 1725, 2973, 2733, 1138, 1395, 1516, 1177, 968, 4720, 8836, 7632, 2112, 3648, 3999, 2748, 1689, 5667, 10649, 9228, 2529, 4294, 4959, 3663, 1935, 3068, 5864, 5310, 1831, 2463, 3186, 2483, 1440, 1365, 2356, 2340, 1309, 1081, 1375, 1271, 1183, 972, 1340, 1356, 882, 791, 1055, 1017, 962, 781, 923, 862, 755, 750, 804, 829, 768, 765, 864, 854, 803, 680, 747, 714, 713, 772, 902, 861, 758, 732, 840, 781, 719, 772, 926, 883, 757, 749, 837, 853, 688, 738, 808, 774, 754, 752, 716, 764, 668, 657, 655, 682, 655, 647, 597, 628, 673, 774, 842, 817, 643, 598, 742, 799, 726, 750, 836, 754, 671, 621, 746, 822, 749, 784, 925, 907, 716, 687, 861, 895, 773, 1093, 1176, 1015, 718, 778, 987, 989, 837, 1260, 1156, 964, 776, 772, 933, 950, 953, 894, 814, 797, 820, 884, 703, 842, 943, 803, 846, 741, 807, 940, 849, 724, 661, 795, 803, 807, 783, 877, 729, 519, 599, 687, 718, 773, 825, 780, 658, 554, 590, 739, 676, 725, 751, 645, 559, 560, 601, 771, 734, 690, 708, 685, 615, 669, 774, 691, 619, 534, 673, 715, 625, 703, 659, 839, 755, 704, 757, 778, 716, 637, 758, 1013, 855, 820, 869, 777, 740, 830, 1000, 1041, 695, 741, 971, 784, 684, 973, 1138, 1211, 670, 910, 1049, 853, 735, 913, 1298, 1219, 855, 788, 862, 854, 822, 743, 1139, 770, 761, 699, 710, 758, 730, 671, 778, 694, 614, 750, 726, 650, 646, 719, 814, 801, 725, 710, 710, 709, 753, 796, 807, 740, 833, 924, 866, 717, 689, 939, 961, 627, 737, 909, 856, 677, 623, 837, 799, 760, 663, 688, 776, 730, 697, 688, 745, 994, 853, 719, 802, 794, 767, 722, 922, 1191, 913, 897, 944, 864, 810, 796, 1042, 993, 1087, 1241, 1053, 873, 1063, 1244, 1101, 1189, 1686, 2135, 1543, 979, 1425, 2184, 1919, 1447, 1637, 2525, 1990, 1100, 1237, 2483, 2582, 1210, 988, 1670, 1355, 855, 864, 1788, 2074, 1411, 857, 1236, 1093, 1106, 983, 1900, 2241, 2201, 1190, 1406, 1543, 1747, 1275, 2589, 3246, 1738, 783, 1211, 1309, 1271, 847, 2228, 2812, 902, 1128, 1110, 956, 820, 906, 1393, 1425, 1185, 1620, 1439, 957, 774, 1072, 1229, 1030, 847, 1223, 1595, 1472, 879, 917, 1562, 1250, 1166, 937, 1588, 1763, 1107, 865, 1623, 1609, 1469, 758, 1281, 1564, 1155, 867, 1367, 1737, 1251, 765, 841, 1022, 974, 798, 981, 1352, 927, 735, 757, 816, 855, 727, 935, 1109, 735, 855, 719, 724, 633, 781, 1159, 1017, 714, 949, 823, 687, 586, 805, 1077, 876, 636, 807, 854, 685, 542, 693, 975, 866, 629, 777, 668, 557, 500, 686, 705, 596, 788, 673, 545, 560, 597, 643, 694, 772, 669, 512, 472, 566, 549, 674, 822, 811, 540, 509, 476, 530, 563, 550, 693, 694, 491, 535, 528, 506, 488, 489, 591, 555, 473, 482, 557, 488, 422, 461, 593, 632, 535, 552, 544, 525, 452, 467, 638, 590, 539, 519, 450, 499, 503, 522, 507, 496, 455, 563, 529, 420, 460, 569, 599, 500]"
-0.7101640701293945,0.4154948890209198,-1.181652307510376,-0.5442456603050232,-0.1091184914112091,-0.4844021797180176,-0.49829572439193726,-0.8857315182685852,-1.2961864471435547,17.75,-0.8857315182685852,-1.1349678039550781,15.25,-0.5099361538887024,-0.6690502166748047,27.0,-0.3753250241279602,-0.5656242370605469,24.25,-0.2517288327217102,-0.4390239715576172,22.0,"[524, 551, 545, 586, 624, 586, 545, 552, 590, 589, 567, 558, 631, 668, 593, 618, 562, 576, 605, 537, 587, 635, 534, 526, 571, 559, 550, 554, 527, 489, 450, 562, 493, 543, 517, 480, 546, 529, 494, 450, 490, 531, 510, 535, 555, 594, 559, 426, 524, 598, 564, 557, 548, 567, 562, 496, 596, 616, 524, 547, 606, 552, 500, 549, 453, 450, 483, 463, 520, 579, 511, 481, 542, 492, 568, 508, 494, 606, 568, 567, 568, 536, 562, 531, 493, 562, 604, 582, 527, 516, 489, 550, 516, 537, 608, 609, 454, 571, 538, 523, 528, 539, 562, 511, 612, 612, 586, 573, 549, 610, 593, 530, 572, 531, 501, 513, 575, 577, 520, 554, 562, 449, 460, 532, 563, 479, 530, 667, 512, 435, 419, 520, 513, 481, 454, 519, 655, 553, 515, 617, 629, 544, 520, 549, 647, 595, 493, 501, 674, 690, 546, 551, 639, 525, 487, 500, 580, 627, 619, 676, 667, 529, 538, 542, 601, 605, 556, 669, 618, 591, 611, 655, 718, 589, 581, 672, 670, 644, 622, 624, 648, 557, 541, 678, 586, 674, 557, 498, 594, 584, 512, 500, 630, 838, 709, 520, 562, 674, 657, 481, 628, 855, 787, 600, 575, 688, 756, 606, 689, 719, 679, 616, 557, 713, 754, 694, 1452, 2310, 2002, 783, 1100, 1324, 1454, 855, 4635, 9197, 7760, 2010, 3257, 3555, 4699, 2073, 6914, 13871, 11741, 2988, 4590, 4928, 6984, 3112, 4317, 8376, 7039, 1948, 2781, 3025, 4249, 1908, 1528, 2833, 2425, 965, 963, 1578, 1978, 1051, 1016, 2079, 2014, 1005, 726, 1109, 1595, 1146, 1164, 2156, 2040, 1088, 707, 1071, 1665, 1302, 1866, 3781, 3519, 1591, 869, 2026, 3140, 2159, 2613, 5780, 5271, 2223, 1055, 3486, 5260, 3312, 2461, 5693, 5237, 2214, 1079, 3564, 5278, 3273, 1448, 2944, 2718, 1325, 720, 1846, 2696, 1702, 820, 1192, 1059, 662, 603, 796, 973, 653, 1146, 1686, 1311, 549, 844, 956, 985, 569, 1811, 2932, 2286, 692, 1395, 1472, 1170, 594, 2669, 4342, 3414, 1109, 2523, 2573, 1480, 783, 2611, 4337, 3306, 1004, 2634, 2662, 1427, 742, 3449, 5542, 4152, 1026, 2330, 2411, 2551, 885, 9233, 15167, 11107, 1914, 4670, 5633, 7630, 1905, 12871, 21061, 15095, 2095, 6186, 7468, 10573, 2378, 7349, 11727, 8248, 1080, 3346, 4097, 5829, 1463, 1820, 3252, 2761, 1100, 1172, 1580, 2156, 1306, 910, 1588, 1488, 926, 683, 813, 972, 806, 676, 1116, 1060, 688, 686, 764, 767, 574, 853, 1111, 888, 547, 734, 901, 785, 600, 1006, 1232, 1145, 741, 1007, 1077, 851, 726, 2306, 3340, 2588, 1531, 2569, 2532, 1429, 1025, 3707, 5260, 3822, 2312, 4139, 3788, 1844, 1442, 3067, 4310, 3041, 1984, 3482, 2999, 1389, 1234, 1971, 2397, 1873, 1602, 2168, 1942, 1348, 1190, 2217, 2205, 2010, 2100, 1962, 2039, 1625, 1622, 1736, 2056, 2065, 1552, 1624, 1873, 1424, 1240, 1606, 2019, 1817, 1175, 1174, 1388, 1042, 949, 1418, 1687, 1410, 919, 800, 1022, 891, 809, 1077, 1306, 1014, 667, 709, 863, 792, 729, 937, 1214, 961, 625, 823, 884, 773, 657, 770, 985, 776, 571, 792, 741, 640, 589, 688, 791, 761, 541, 713, 665, 583, 662, 781, 1059, 1029, 598, 831, 886, 671, 643, 915, 1310, 1175, 690, 956, 1018, 809, 683, 829, 1046, 924, 593, 782, 885, 797, 688, 662, 714, 614, 543, 681, 762, 669, 614, 623, 582, 511, 526, 530, 574, 549, 610, 734, 763, 771, 708, 676, 782, 946, 818, 764, 813, 842, 797, 639, 855, 1064, 992, 1067, 1059, 1127, 939, 656, 883, 1251, 1286, 1396, 1545, 1248, 865, 773, 977, 1201, 1219, 1352, 1327, 891, 692, 732, 713, 758, 972, 1044, 875, 908, 826, 745, 582, 610, 991, 875, 1030, 1027, 867, 811, 796, 740, 893, 750, 905, 852, 621, 723, 708, 720, 745, 821, 800, 770, 738, 784, 677, 770, 878, 850, 793, 750, 856, 849, 629, 648, 828, 772, 754, 662, 781, 892, 761, 647, 724, 811, 886, 659, 758, 893, 746, 654, 660, 870, 864, 748, 760, 746, 670, 608, 636, 728, 795, 682, 553, 633, 754, 713, 547, 663, 812, 717, 602, 572, 644, 638, 519, 666, 746, 657, 624, 568, 581, 554, 555, 597, 663, 660, 588, 528, 538, 593, 595, 728, 700, 599, 553, 578, 586, 644, 713, 703, 732, 648, 602, 644, 648, 706, 707, 625, 665, 614, 523, 642, 663, 626, 592, 755, 777, 633, 540, 728, 734, 545, 610, 636, 761, 664, 636, 662, 701, 690, 584, 852, 895, 946, 873, 732, 823, 1037, 976, 1096, 1161, 1271, 973, 723, 884, 1601, 1681, 1043, 1519, 1622, 1062, 841, 1116, 2137, 2123, 630, 1469, 1556, 816, 642, 984, 1574, 1375, 862, 1410, 1458, 952, 718, 1067, 1289, 957, 1299, 3350, 3385, 1656, 767, 1812, 2919, 2053, 1119, 2613, 2484, 1158, 722, 1459, 2205, 1567, 723, 1057, 1014, 768, 580, 778, 1041, 817, 601, 656, 657, 608, 537, 627, 634, 602, 550, 691, 642, 507, 610, 589, 659, 540, 525, 727, 606, 488, 637, 643, 618, 520, 564, 678, 670, 563, 663, 740, 665, 527, 712, 709, 758, 658, 684, 720, 754, 760, 945, 879, 1109, 835, 646, 793, 1390, 1507, 1239, 1251, 1729, 1127, 692, 970, 2033, 2252, 1137, 1105, 1436, 1136, 739, 861, 1595, 1776, 882, 862, 877, 687, 522, 663, 960, 1049, 1040, 730, 1106, 912, 700, 674, 1191, 1546, 1258, 785, 1281, 1194, 951, 766, 1337, 1762, 1177, 750, 1000, 1040, 785, 753, 1107, 1453, 862, 769, 597, 551, 582, 724, 875, 874, 792, 816, 723, 666, 615, 873, 941, 868, 778, 887, 827, 676, 680, 983, 1238, 1087, 671, 803, 681, 660, 614, 1098, 1431, 1158, 886, 648, 788, 943, 710, 1175, 1306, 1037, 693, 633, 832, 840, 572, 646, 815, 813, 647, 754, 751, 776, 638, 590, 608, 596, 593, 698, 660, 613, 652, 770, 710, 614, 500, 628, 685, 627, 578, 630, 719, 585, 416, 530, 603, 543, 497, 510, 599, 557, 558, 629, 797, 636, 557, 704, 675, 554, 559, 543, 537, 470, 509, 624, 549, 511, 545, 485, 514, 469, 461, 599, 584, 494, 467, 423, 472, 500, 429, 438, 409, 423, 512, 537, 523, 507, 455, 477, 504, 477, 447, 449, 385, 411, 413, 361, 387, 387, 508, 522, 433, 359, 427, 470, 460, 433]"
-0.6144294738769531,0.315604031085968,-1.0738693475723267,-0.4127926826477051,-0.34826356172561646,-0.2162463665008545,-0.45776671171188354,-0.8002228140830994,-1.2010574340820312,19.25,-0.2742237448692322,-0.5134105682373047,21.75,-0.2530521750450134,-0.5224227905273438,17.0,-0.23302501440048218,-0.44531822204589844,20.75,-0.06508296728134155,0.8158206939697266,16.5,"[630, 674, 656, 566, 643, 567, 656, 672, 557, 652, 687, 649, 614, 620, 679, 604, 408, 510, 588, 510, 438, 508, 593, 545, 534, 596, 601, 487, 495, 526, 567, 549, 458, 578, 482, 459, 568, 506, 531, 476, 427, 482, 551, 519, 557, 502, 537, 573, 511, 502, 501, 559, 569, 471, 457, 570, 502, 468, 406, 470, 504, 486, 504, 513, 478, 389, 515, 590, 576, 461, 560, 636, 533, 545, 648, 664, 612, 556, 639, 586, 514, 534, 571, 521, 473, 512, 532, 584, 565, 525, 511, 482, 542, 546, 438, 586, 593, 528, 497, 520, 584, 618, 449, 476, 630, 480, 552, 589, 552, 547, 479, 592, 619, 510, 487, 571, 538, 519, 454, 550, 606, 630, 640, 622, 553, 480, 538, 550, 558, 580, 570, 660, 583, 455, 549, 507, 464, 477, 551, 549, 496, 464, 527, 514, 554, 592, 617, 531, 554, 587, 483, 569, 583, 594, 612, 548, 539, 523, 493, 520, 537, 509, 565, 544, 599, 577, 497, 571, 522, 474, 503, 496, 575, 606, 502, 551, 473, 511, 445, 433, 474, 473, 484, 463, 439, 596, 598, 465, 416, 491, 628, 524, 497, 570, 552, 474, 408, 517, 576, 485, 590, 689, 553, 494, 545, 639, 701, 626, 1332, 2148, 1768, 764, 1052, 1215, 1172, 728, 3278, 5992, 4993, 1315, 2405, 2871, 2699, 1113, 3417, 6603, 5605, 1474, 2377, 2790, 2770, 1272, 2028, 3842, 3378, 1067, 1439, 1525, 1630, 985, 1017, 1549, 1301, 649, 942, 951, 1025, 639, 726, 1039, 1096, 751, 697, 718, 879, 768, 725, 958, 1010, 707, 586, 493, 684, 755, 1163, 2320, 2293, 1186, 785, 1189, 1872, 1511, 1653, 3635, 3680, 1756, 911, 1906, 3277, 2642, 1712, 3675, 3711, 1778, 960, 2008, 3535, 2878, 1396, 2832, 2601, 1112, 928, 1753, 2684, 1914, 1154, 1704, 1364, 611, 874, 1214, 1373, 814, 939, 1016, 896, 586, 634, 844, 830, 632, 982, 1438, 1314, 663, 801, 1024, 838, 721, 3260, 6427, 5522, 1305, 2812, 3348, 2703, 1239, 6349, 11413, 9143, 1820, 5259, 5648, 4520, 1720, 5526, 8868, 6546, 1341, 4140, 4112, 3499, 1321, 5312, 9510, 7568, 1962, 3153, 3372, 4730, 1887, 8234, 14843, 11683, 2457, 4742, 5106, 7421, 2662, 5564, 9024, 6649, 1449, 3009, 3311, 4375, 1650, 1637, 2031, 1399, 817, 1117, 1029, 1106, 804, 747, 966, 970, 678, 680, 808, 812, 683, 657, 712, 740, 644, 573, 601, 600, 610, 623, 644, 615, 627, 551, 507, 601, 583, 716, 759, 596, 639, 758, 668, 542, 596, 841, 834, 848, 881, 975, 847, 680, 817, 1039, 1000, 876, 816, 878, 868, 627, 817, 1112, 1328, 1143, 891, 888, 783, 690, 782, 1148, 930, 851, 1133, 885, 877, 778, 878, 1803, 2032, 1584, 1215, 1450, 1339, 875, 1023, 1812, 2528, 2339, 1335, 1422, 1651, 1036, 995, 1189, 1457, 1468, 1026, 906, 1066, 899, 896, 835, 869, 878, 792, 654, 717, 807, 808, 667, 796, 787, 748, 751, 728, 812, 789, 824, 811, 753, 744, 875, 776, 715, 837, 915, 972, 820, 601, 927, 880, 664, 739, 1061, 1156, 891, 715, 1092, 970, 615, 733, 867, 1156, 1004, 635, 918, 930, 818, 743, 675, 811, 750, 698, 796, 777, 763, 688, 777, 953, 802, 711, 849, 877, 778, 615, 920, 1244, 988, 672, 857, 827, 817, 659, 727, 974, 776, 676, 824, 670, 778, 634, 764, 781, 668, 644, 692, 728, 708, 640, 859, 982, 888, 792, 791, 916, 828, 764, 799, 1069, 1060, 760, 767, 1116, 939, 689, 747, 1145, 1290, 897, 881, 1423, 1356, 877, 977, 1209, 1265, 851, 974, 1441, 1297, 902, 926, 1048, 933, 723, 869, 1049, 835, 714, 848, 753, 659, 691, 662, 660, 666, 726, 781, 704, 677, 881, 844, 569, 681, 753, 769, 822, 693, 776, 852, 664, 689, 669, 786, 772, 653, 752, 854, 875, 801, 698, 711, 626, 578, 679, 801, 799, 702, 618, 622, 633, 689, 613, 607, 721, 671, 626, 664, 647, 692, 727, 691, 733, 706, 664, 735, 709, 786, 829, 679, 721, 731, 731, 648, 835, 884, 788, 693, 769, 786, 686, 643, 751, 873, 756, 701, 843, 711, 672, 608, 755, 866, 666, 624, 765, 687, 670, 638, 737, 711, 642, 679, 674, 653, 629, 575, 616, 659, 774, 626, 529, 695, 645, 720, 783, 666, 676, 700, 684, 630, 569, 717, 830, 795, 693, 715, 626, 638, 661, 642, 795, 929, 781, 594, 663, 716, 738, 756, 1394, 1372, 843, 670, 871, 987, 795, 1037, 1575, 1369, 800, 729, 971, 1144, 958, 759, 973, 979, 694, 645, 872, 1228, 1067, 1347, 2209, 1978, 1115, 815, 1751, 2418, 1714, 1527, 1951, 1371, 923, 982, 1849, 2094, 1356, 1198, 1333, 1034, 769, 915, 1354, 1357, 889, 859, 989, 948, 732, 602, 834, 818, 711, 694, 842, 881, 777, 630, 764, 825, 640, 704, 677, 734, 713, 619, 660, 703, 677, 641, 706, 665, 644, 670, 626, 728, 669, 882, 811, 767, 645, 647, 723, 793, 867, 932, 849, 712, 686, 704, 794, 727, 763, 753, 696, 643, 683, 664, 672, 688, 685, 674, 720, 732, 679, 722, 690, 644, 621, 1080, 814, 808, 855, 668, 653, 672, 1038, 1794, 1048, 1549, 1401, 721, 986, 1336, 2068, 2013, 1414, 2165, 2044, 866, 1615, 1876, 2276, 1320, 1532, 1758, 1798, 648, 2059, 2347, 1232, 1026, 1586, 1473, 1151, 871, 2447, 2927, 1701, 1014, 1454, 1454, 1192, 990, 2275, 2726, 1743, 1123, 1003, 1191, 1152, 986, 1551, 1948, 1592, 962, 658, 921, 1007, 882, 1004, 1211, 1206, 770, 591, 606, 654, 634, 606, 654, 828, 698, 678, 647, 651, 675, 720, 756, 771, 910, 814, 766, 766, 782, 930, 930, 893, 1083, 821, 951, 950, 760, 824, 805, 1013, 1138, 812, 855, 877, 710, 835, 728, 998, 813, 582, 760, 627, 629, 727, 673, 881, 643, 713, 655, 576, 646, 573, 663, 728, 706, 698, 547, 549, 656, 596, 639, 674, 533, 544, 447, 431, 537, 573, 525, 499, 479, 466, 532, 499, 543, 522, 573, 544, 512, 544, 464, 464, 517, 553, 560, 566, 535, 503, 460, 449, 485, 528, 529, 485, 465, 441, 409, 409, 411, 422, 458, 463, 435, 445, 485, 455, 436, 453, 489, 489, 436, 460, 519, 464, 378, 461, 552, 487, 371, 381, 424, 420, 441, 482, 469, 450]"
-0.5046887397766113,0.3045487105846405,-0.7851488590240479,-0.20497575402259827,-0.4107287526130676,0.2197112739086151,-0.27932214736938477,-0.7869508862495422,-1.1914730072021484,26.25,-0.7869508862495422,-1.1505603790283203,16.25,-0.7869508862495422,-0.9036540985107422,22.25,-0.26052266359329224,-0.47664642333984375,18.75,-0.06797581911087036,-0.1835346221923828,19.25,"[599, 546, 530, 623, 642, 623, 529, 547, 585, 543, 563, 666, 688, 642, 643, 588, 519, 537, 530, 521, 463, 580, 584, 526, 507, 553, 454, 432, 491, 517, 572, 489, 498, 492, 459, 456, 503, 542, 515, 456, 559, 597, 556, 467, 561, 597, 545, 598, 579, 558, 524, 468, 485, 472, 455, 536, 562, 513, 521, 537, 482, 489, 505, 483, 546, 519, 527, 529, 485, 488, 497, 496, 553, 499, 454, 530, 537, 423, 404, 475, 447, 373, 475, 576, 549, 448, 454, 542, 528, 477, 512, 532, 535, 557, 535, 570, 489, 497, 456, 524, 553, 566, 540, 490, 553, 459, 553, 639, 534, 460, 600, 668, 491, 480, 562, 575, 515, 551, 616, 606, 419, 572, 562, 618, 630, 636, 631, 541, 533, 455, 461, 599, 586, 555, 523, 585, 551, 457, 532, 536, 490, 582, 614, 591, 560, 538, 497, 523, 639, 589, 525, 524, 539, 562, 501, 560, 696, 620, 527, 514, 548, 564, 486, 556, 702, 664, 513, 479, 591, 593, 585, 509, 558, 601, 549, 530, 510, 605, 498, 475, 538, 566, 531, 454, 615, 632, 540, 596, 683, 592, 494, 536, 818, 1220, 1037, 730, 866, 895, 838, 705, 2035, 4360, 4068, 1601, 1714, 2181, 2526, 1645, 2994, 6781, 6505, 2513, 2185, 3096, 3917, 2422, 2289, 5039, 4889, 2160, 1482, 2073, 2904, 1923, 1559, 2552, 2290, 1226, 1047, 1472, 1734, 1127, 1529, 2406, 2066, 831, 1152, 1476, 1511, 968, 1169, 1741, 1466, 720, 946, 1098, 1132, 773, 925, 1257, 1035, 651, 755, 950, 1059, 883, 928, 1719, 1646, 863, 623, 1133, 1698, 1304, 868, 1774, 1952, 1166, 705, 1171, 1868, 1566, 596, 1078, 1322, 965, 573, 603, 1164, 1204, 662, 905, 986, 675, 536, 660, 775, 818, 595, 683, 852, 691, 514, 681, 699, 720, 770, 892, 874, 597, 616, 755, 790, 733, 922, 1066, 957, 614, 850, 985, 863, 678, 2477, 3975, 3048, 1113, 2560, 2590, 1628, 677, 4693, 7491, 5511, 1545, 4421, 4254, 2579, 808, 5922, 9068, 6311, 1563, 4630, 4424, 3302, 922, 9922, 16930, 12732, 1936, 5838, 5666, 7556, 1879, 12936, 24064, 19156, 3897, 7021, 6938, 11565, 3954, 7776, 15872, 13383, 3597, 4055, 4173, 7945, 3740, 2472, 4808, 4254, 1656, 1465, 1367, 2383, 1774, 988, 1250, 1062, 752, 767, 625, 736, 795, 709, 786, 858, 652, 602, 679, 703, 718, 683, 800, 719, 612, 580, 627, 643, 583, 778, 955, 754, 722, 821, 842, 733, 525, 1357, 1501, 1134, 1644, 1991, 1527, 961, 868, 1691, 1908, 1760, 2291, 2481, 1736, 938, 1096, 1169, 1840, 1859, 1604, 1553, 1139, 786, 818, 1382, 2119, 1657, 937, 1149, 958, 865, 636, 2021, 2368, 1418, 1135, 1378, 887, 879, 834, 2174, 2229, 1242, 1299, 1235, 863, 986, 1126, 1309, 1376, 952, 814, 772, 1007, 1041, 860, 899, 979, 897, 791, 937, 1202, 1014, 713, 1090, 1388, 1081, 902, 1135, 1214, 926, 661, 1269, 1652, 1331, 904, 1308, 1201, 815, 777, 971, 1326, 1120, 755, 955, 924, 726, 684, 779, 925, 910, 674, 777, 867, 686, 722, 883, 914, 851, 710, 825, 1058, 946, 666, 801, 905, 785, 716, 904, 1110, 927, 617, 722, 986, 881, 560, 794, 998, 839, 570, 765, 963, 877, 562, 612, 884, 897, 701, 737, 786, 815, 717, 650, 761, 760, 634, 777, 898, 871, 720, 726, 835, 698, 611, 811, 908, 892, 757, 715, 781, 733, 675, 725, 864, 812, 765, 745, 949, 934, 694, 733, 962, 998, 752, 720, 1131, 1097, 595, 844, 702, 753, 720, 701, 881, 780, 627, 725, 639, 624, 716, 675, 623, 583, 641, 797, 785, 737, 689, 700, 698, 587, 708, 807, 870, 762, 685, 789, 708, 639, 690, 880, 914, 753, 735, 870, 744, 668, 697, 860, 829, 725, 785, 852, 687, 630, 801, 738, 812, 751, 672, 718, 681, 599, 574, 773, 698, 594, 640, 636, 661, 585, 634, 842, 724, 657, 653, 611, 706, 680, 732, 864, 832, 851, 744, 707, 853, 747, 724, 702, 850, 924, 725, 727, 896, 728, 566, 929, 958, 1298, 1127, 800, 1223, 1071, 735, 1188, 1059, 1660, 1447, 835, 1535, 1272, 963, 1127, 1022, 1440, 1267, 733, 1244, 990, 903, 1054, 1051, 977, 819, 682, 940, 866, 836, 854, 959, 934, 724, 653, 893, 876, 805, 640, 935, 944, 717, 789, 946, 885, 659, 706, 873, 814, 637, 626, 732, 684, 624, 787, 875, 820, 712, 605, 623, 693, 701, 732, 871, 717, 515, 632, 820, 813, 593, 755, 958, 813, 629, 725, 978, 1065, 706, 1100, 1164, 828, 628, 797, 944, 935, 797, 1279, 1377, 915, 663, 764, 1316, 1279, 643, 1072, 1157, 857, 715, 876, 1690, 1597, 795, 614, 911, 1157, 846, 717, 1217, 1124, 648, 656, 1526, 1636, 902, 583, 964, 1176, 827, 734, 1346, 1333, 744, 605, 927, 1235, 933, 624, 853, 728, 575, 602, 750, 921, 649, 777, 988, 782, 729, 746, 981, 1010, 550, 726, 996, 890, 685, 603, 951, 1096, 681, 566, 785, 944, 722, 519, 795, 974, 818, 591, 735, 967, 758, 530, 674, 884, 822, 635, 641, 853, 825, 563, 544, 696, 743, 760, 822, 1041, 920, 702, 869, 1134, 1038, 953, 1717, 1871, 1278, 856, 1881, 2619, 1918, 1017, 1967, 2292, 1523, 879, 2074, 2789, 2044, 1001, 1511, 1729, 1086, 906, 1269, 1691, 1469, 1170, 950, 1027, 1010, 820, 1001, 924, 1115, 845, 716, 913, 917, 631, 988, 988, 736, 719, 708, 980, 829, 708, 1010, 992, 852, 647, 675, 892, 700, 565, 818, 790, 666, 624, 758, 655, 528, 537, 674, 711, 542, 909, 984, 724, 602, 945, 1228, 958, 641, 870, 1008, 862, 629, 1009, 1314, 1116, 704, 684, 784, 798, 759, 793, 940, 912, 616, 506, 619, 770, 690, 485, 630, 813, 706, 536, 572, 750, 621, 531, 658, 738, 691, 491, 540, 688, 566, 473, 632, 689, 563, 551, 575, 605, 628, 520, 642, 665, 574, 486, 518, 597, 576, 437, 573, 661, 510, 536, 512, 487, 562, 499, 501, 510, 462, 486, 477, 469, 479, 462, 470, 449, 418, 451, 498, 496, 470, 465, 409, 479, 564, 427, 446, 380, 390, 382, 386, 431, 459, 399, 404, 403, 406, 418, 417, 402, 358, 377, 411, 464, 445, 423, 441, 456, 447, 462, 450, 479, 474, 453, 495, 541, 516]"
-0.58640056848526,0.41337403655052185,-0.8844413757324219,-0.3732122480869293,-0.2807222008705139,0.10510192066431046,-0.43128570914268494,-0.37789106369018555,-0.6438732147216797,30.25,-0.22525548934936523,-0.5990982055664062,21.0,-0.1648879051208496,-0.46105384826660156,28.25,-0.1484370231628418,-0.46448707580566406,-30.75,-0.13656377792358398,-0.9824752807617188,21.75,"[572, 607, 573, 569, 603, 571, 577, 607, 581, 595, 636, 615, 642, 694, 731, 682, 570, 571, 621, 562, 545, 551, 552, 609, 644, 550, 536, 560, 560, 443, 421, 633, 562, 522, 597, 502, 522, 492, 480, 583, 583, 590, 621, 532, 577, 538, 601, 641, 521, 647, 551, 526, 569, 567, 576, 501, 626, 563, 519, 555, 628, 674, 617, 596, 510, 514, 512, 459, 481, 561, 502, 435, 552, 558, 518, 556, 503, 493, 594, 527, 585, 648, 588, 594, 580, 585, 585, 540, 526, 522, 565, 593, 560, 484, 578, 607, 591, 563, 597, 583, 576, 521, 542, 621, 520, 499, 570, 516, 466, 471, 528, 606, 556, 574, 617, 600, 484, 499, 593, 653, 594, 589, 607, 579, 531, 606, 604, 578, 548, 585, 556, 526, 537, 588, 460, 439, 598, 610, 561, 526, 586, 642, 541, 525, 665, 591, 519, 570, 559, 479, 527, 587, 617, 634, 495, 485, 510, 525, 469, 540, 616, 652, 604, 517, 474, 554, 568, 584, 508, 488, 513, 462, 541, 592, 615, 605, 510, 662, 614, 468, 553, 577, 645, 543, 1447, 2840, 2446, 860, 1255, 1475, 1608, 918, 7446, 15055, 12793, 3085, 5406, 6351, 7273, 3149, 12779, 26816, 23602, 6189, 9470, 12207, 11776, 5182, 8756, 19393, 17895, 5330, 6952, 9771, 7799, 3619, 2840, 6684, 6525, 2341, 2761, 4138, 3405, 1492, 1248, 2082, 1857, 862, 968, 1380, 1290, 713, 645, 854, 801, 527, 772, 780, 535, 564, 818, 1437, 1452, 797, 594, 832, 1074, 937, 1614, 2939, 2608, 1127, 732, 1487, 2028, 1401, 1687, 3026, 2681, 1216, 618, 1437, 2341, 1719, 934, 1283, 1293, 854, 647, 815, 1101, 1108, 647, 754, 849, 695, 737, 786, 772, 689, 639, 639, 609, 595, 616, 570, 566, 537, 547, 528, 582, 585, 556, 488, 548, 629, 706, 769, 754, 647, 622, 669, 598, 629, 1232, 1878, 1565, 695, 1213, 1204, 812, 670, 1914, 3173, 2482, 803, 1763, 1762, 1144, 668, 1529, 2418, 1898, 697, 1228, 1194, 941, 586, 4024, 6520, 4801, 926, 2170, 2216, 2882, 876, 10138, 17764, 13583, 2477, 5402, 6457, 9173, 2680, 9423, 17918, 14378, 3239, 4978, 6718, 10071, 3862, 2567, 6236, 5705, 2079, 1365, 2750, 4311, 2499, 1086, 1626, 1601, 1061, 807, 851, 1160, 1069, 914, 1196, 1045, 774, 777, 746, 798, 689, 1058, 1378, 1261, 960, 1090, 1021, 881, 746, 1294, 1637, 1361, 924, 1122, 1252, 1046, 899, 979, 1183, 975, 727, 801, 837, 846, 720, 1154, 1592, 1253, 922, 1284, 1190, 785, 657, 1125, 1681, 1376, 1018, 1489, 1418, 946, 649, 846, 1288, 1250, 864, 973, 971, 838, 719, 785, 986, 986, 829, 751, 818, 862, 825, 1329, 1562, 1015, 645, 1051, 1052, 684, 724, 1438, 2178, 1907, 1014, 1047, 1071, 909, 787, 1159, 1948, 2108, 1409, 1069, 1153, 1048, 765, 1086, 1487, 1649, 1335, 1037, 981, 977, 786, 986, 1224, 1144, 950, 898, 649, 692, 801, 780, 939, 912, 731, 741, 649, 613, 676, 582, 701, 713, 582, 620, 657, 597, 511, 608, 878, 841, 634, 667, 749, 759, 545, 733, 959, 856, 704, 712, 714, 735, 611, 739, 777, 684, 720, 636, 552, 619, 612, 611, 598, 569, 672, 583, 515, 640, 612, 716, 838, 878, 793, 752, 827, 931, 729, 761, 858, 846, 703, 696, 806, 851, 701, 550, 711, 716, 570, 487, 673, 734, 567, 643, 557, 549, 584, 627, 616, 577, 549, 692, 753, 652, 613, 699, 772, 611, 557, 637, 724, 739, 691, 713, 755, 677, 583, 730, 710, 669, 682, 765, 710, 652, 686, 691, 653, 646, 737, 751, 691, 631, 620, 704, 724, 614, 701, 701, 616, 604, 559, 807, 710, 597, 815, 868, 684, 669, 734, 763, 735, 637, 758, 880, 642, 569, 687, 695, 608, 558, 716, 760, 636, 596, 635, 517, 585, 608, 641, 616, 637, 624, 507, 619, 736, 756, 712, 732, 750, 702, 644, 896, 799, 915, 915, 790, 939, 702, 732, 1123, 854, 968, 977, 831, 1036, 699, 860, 1015, 903, 904, 825, 733, 771, 784, 925, 625, 897, 940, 703, 553, 906, 1029, 669, 1022, 1072, 982, 944, 767, 1316, 1274, 692, 878, 922, 822, 744, 699, 1001, 954, 704, 841, 1012, 946, 734, 702, 747, 766, 744, 1027, 1301, 1119, 845, 830, 825, 849, 759, 913, 993, 782, 684, 883, 844, 696, 698, 675, 661, 606, 554, 600, 668, 629, 633, 744, 797, 742, 608, 571, 682, 733, 677, 698, 768, 741, 598, 606, 702, 660, 638, 883, 1002, 840, 638, 853, 1087, 947, 731, 1153, 1506, 1244, 703, 1115, 1494, 1301, 794, 1204, 1764, 1620, 783, 1040, 1616, 1427, 855, 857, 983, 966, 723, 913, 1135, 1049, 789, 812, 980, 853, 716, 694, 828, 858, 799, 713, 824, 666, 526, 658, 712, 675, 671, 573, 631, 610, 635, 681, 718, 666, 601, 560, 643, 615, 645, 630, 697, 743, 626, 1033, 904, 831, 851, 751, 949, 815, 721, 2003, 1401, 1400, 1254, 1073, 1905, 1382, 1371, 2185, 1618, 1695, 1293, 1276, 2148, 1754, 1601, 1550, 1355, 1152, 850, 1181, 1543, 1342, 1281, 1422, 1151, 763, 805, 1112, 1078, 1047, 1237, 1115, 1188, 887, 653, 864, 1081, 1046, 863, 729, 1125, 1048, 677, 688, 1152, 1233, 739, 657, 841, 769, 605, 648, 895, 962, 672, 939, 894, 1028, 903, 734, 982, 1056, 890, 878, 805, 1395, 1154, 735, 1019, 1224, 1378, 877, 1045, 1553, 1198, 669, 932, 1486, 1581, 644, 1026, 1269, 975, 626, 970, 1301, 1128, 736, 937, 919, 711, 731, 951, 875, 649, 715, 746, 742, 681, 739, 929, 979, 843, 650, 757, 705, 489, 839, 1179, 1171, 877, 640, 851, 865, 558, 761, 1215, 1172, 772, 778, 990, 990, 689, 700, 1005, 1088, 848, 702, 789, 843, 735, 621, 559, 686, 758, 569, 654, 771, 682, 557, 534, 608, 626, 609, 625, 715, 626, 557, 644, 633, 698, 556, 635, 710, 645, 568, 624, 655, 628, 515, 719, 798, 680, 605, 673, 730, 579, 634, 750, 704, 549, 567, 601, 699, 630, 543, 592, 526, 518, 472, 552, 575, 500, 444, 435, 377, 379, 365, 414, 421, 429, 429, 467, 439, 467, 459, 429, 420, 410, 423, 417, 522, 528, 395, 488, 565, 501, 474, 538, 525, 500, 486, 546, 511, 465, 459, 515, 484, 440, 462, 540, 486, 457]"
-0.5460326671600342,0.40857917070388794,-0.6346636414527893,-0.2403382956981659,-0.28898587822914124,0.40164077281951904,-0.26362934708595276,-0.5346800088882446,-0.7185459136962891,18.25,-0.03915083408355713,-0.41642189025878906,31.25,-0.03400099277496338,-0.4208564758300781,28.25,-0.008823990821838379,-0.3499031066894531,16.25,0.016639113426208496,-0.3298759460449219,27.75,"[520, 545, 625, 628, 593, 627, 623, 544, 596, 636, 619, 639, 631, 543, 539, 535, 572, 640, 609, 573, 646, 590, 482, 470, 495, 594, 657, 636, 563, 536, 489, 481, 494, 441, 534, 608, 555, 503, 466, 509, 485, 472, 408, 427, 498, 545, 428, 428, 581, 521, 502, 472, 484, 449, 450, 547, 504, 543, 587, 519, 532, 519, 578, 603, 498, 581, 556, 473, 547, 526, 562, 560, 483, 477, 407, 487, 552, 533, 562, 521, 424, 434, 536, 502, 438, 579, 562, 436, 485, 483, 554, 550, 523, 544, 460, 432, 528, 506, 542, 558, 560, 512, 444, 539, 516, 603, 625, 534, 497, 570, 580, 522, 559, 533, 487, 559, 558, 512, 557, 609, 580, 564, 481, 475, 542, 580, 504, 476, 538, 553, 495, 450, 477, 542, 506, 438, 520, 562, 634, 552, 471, 531, 526, 578, 517, 558, 654, 566, 495, 527, 575, 562, 500, 515, 632, 595, 473, 586, 645, 551, 487, 437, 546, 525, 527, 584, 548, 585, 548, 533, 572, 493, 580, 551, 562, 643, 1567, 3410, 3050, 1055, 1303, 1810, 2309, 1361, 6117, 13381, 11826, 3573, 3975, 6029, 8694, 4397, 9305, 20122, 17687, 5452, 5531, 8831, 12980, 6478, 6511, 14088, 12372, 3760, 3867, 5802, 8817, 4517, 2098, 4340, 3782, 1151, 1379, 1857, 2494, 1315, 672, 1389, 1397, 756, 610, 933, 1247, 934, 781, 1685, 1566, 761, 561, 822, 1337, 1004, 625, 900, 826, 596, 503, 552, 823, 612, 628, 891, 793, 549, 520, 651, 716, 505, 643, 854, 717, 501, 634, 740, 649, 490, 751, 1019, 849, 543, 633, 680, 660, 534, 804, 1033, 866, 568, 579, 664, 781, 632, 667, 969, 771, 519, 531, 561, 707, 595, 773, 1070, 869, 639, 727, 563, 664, 628, 885, 1206, 962, 504, 749, 735, 689, 586, 840, 1005, 818, 645, 660, 681, 729, 683, 860, 1056, 798, 601, 716, 668, 680, 538, 666, 777, 770, 699, 583, 710, 725, 536, 1278, 2249, 2040, 946, 913, 1281, 1227, 783, 3425, 6386, 5275, 1337, 2014, 2238, 2912, 1150, 6064, 11336, 9163, 2104, 3213, 3476, 5547, 2066, 5622, 10411, 8221, 1778, 2915, 3263, 5305, 2033, 2474, 4171, 3143, 844, 1203, 1533, 2081, 868, 944, 2315, 2583, 1353, 796, 1126, 1393, 1193, 1088, 1916, 1931, 1079, 1014, 1052, 962, 875, 808, 1039, 972, 765, 741, 686, 685, 647, 595, 737, 692, 703, 725, 652, 606, 609, 589, 579, 634, 653, 619, 579, 589, 597, 637, 553, 463, 543, 616, 593, 541, 576, 663, 649, 574, 607, 679, 702, 654, 674, 669, 625, 719, 767, 766, 726, 736, 716, 619, 608, 704, 774, 713, 675, 604, 694, 856, 1104, 943, 796, 948, 837, 685, 691, 986, 1331, 1113, 747, 987, 998, 637, 661, 652, 725, 696, 603, 706, 810, 644, 575, 791, 892, 736, 578, 619, 749, 778, 606, 710, 844, 838, 721, 662, 539, 721, 633, 548, 624, 645, 624, 617, 534, 545, 582, 503, 671, 650, 564, 603, 666, 661, 519, 700, 913, 808, 669, 899, 943, 830, 611, 751, 1012, 825, 697, 989, 1028, 733, 579, 637, 740, 747, 592, 654, 726, 576, 517, 667, 652, 631, 565, 595, 662, 636, 588, 593, 722, 853, 723, 629, 855, 779, 611, 486, 616, 772, 593, 470, 656, 591, 449, 544, 526, 706, 636, 513, 628, 627, 677, 608, 526, 581, 620, 549, 544, 555, 623, 643, 651, 604, 585, 590, 572, 550, 510, 738, 784, 674, 692, 738, 708, 645, 593, 655, 697, 608, 612, 677, 715, 695, 608, 569, 618, 562, 497, 532, 594, 620, 573, 641, 672, 548, 541, 623, 556, 597, 586, 571, 630, 602, 514, 593, 545, 575, 605, 618, 709, 712, 609, 607, 577, 761, 726, 563, 676, 729, 656, 617, 621, 766, 700, 682, 670, 655, 674, 619, 703, 771, 699, 683, 610, 845, 826, 703, 629, 740, 827, 563, 724, 708, 639, 646, 737, 768, 670, 583, 637, 686, 668, 592, 786, 789, 586, 609, 753, 747, 613, 594, 705, 721, 606, 721, 789, 757, 660, 760, 747, 672, 557, 648, 792, 761, 624, 628, 724, 822, 634, 666, 693, 710, 662, 613, 711, 734, 649, 689, 739, 771, 724, 671, 701, 716, 630, 748, 749, 761, 681, 688, 733, 559, 587, 747, 668, 665, 684, 738, 616, 510, 616, 673, 588, 585, 646, 640, 543, 515, 572, 730, 744, 599, 530, 520, 582, 638, 594, 720, 827, 701, 573, 611, 809, 887, 733, 737, 766, 667, 526, 676, 941, 914, 720, 678, 705, 657, 603, 644, 688, 685, 628, 708, 766, 683, 667, 640, 654, 648, 669, 566, 587, 635, 676, 560, 621, 723, 688, 667, 537, 618, 624, 565, 639, 651, 709, 665, 543, 561, 654, 629, 642, 555, 600, 663, 635, 585, 601, 620, 633, 599, 628, 692, 607, 571, 542, 569, 632, 623, 622, 634, 547, 490, 550, 597, 699, 686, 648, 758, 747, 639, 535, 652, 827, 814, 720, 780, 749, 726, 611, 577, 695, 635, 693, 623, 623, 656, 591, 576, 623, 626, 624, 697, 686, 729, 597, 616, 584, 636, 677, 697, 722, 831, 633, 586, 652, 806, 832, 881, 845, 963, 702, 717, 626, 986, 1181, 816, 825, 946, 719, 775, 676, 859, 1057, 699, 843, 865, 756, 714, 788, 992, 949, 676, 724, 688, 762, 694, 846, 879, 702, 614, 659, 653, 769, 657, 696, 868, 765, 667, 686, 682, 664, 658, 700, 752, 657, 703, 671, 644, 605, 677, 818, 779, 729, 764, 772, 662, 651, 818, 974, 1011, 880, 748, 653, 716, 794, 677, 769, 944, 883, 573, 604, 713, 707, 559, 557, 692, 691, 680, 652, 713, 703, 655, 677, 844, 854, 571, 585, 532, 459, 570, 646, 661, 626, 522, 549, 594, 522, 486, 589, 532, 481, 466, 556, 647, 535, 466, 572, 549, 504, 592, 659, 606, 480, 552, 687, 629, 551, 459, 561, 527, 415, 543, 642, 620, 506, 508, 544, 590, 560, 552, 592, 645, 609, 578, 450, 491, 529, 461, 499, 445, 571, 401, 386, 473, 420, 417, 392, 400, 460, 338, 431, 445, 378, 370, 406, 474, 412, 444, 519, 566, 513, 440, 490, 562, 525, 432, 432, 453, 397, 438, 573, 584, 510, 495, 393, 400, 429, 444, 459, 407, 438]"
-0.432212769985199,0.1497257947921753,-0.07551896572113037,0.17322862148284912,-0.3389149606227875,0.7486965656280518,0.32284456491470337,-0.15373915433883667,-0.46234130859375,16.0,-0.12670248746871948,0.44646263122558594,21.25,-0.11840552091598511,-0.4883766174316406,27.5,-0.09766310453414917,-0.44689178466796875,26.5,-0.03286093473434448,-0.3998279571533203,29.75,"[490, 560, 664, 627, 614, 629, 667, 556, 557, 543, 671, 605, 624, 646, 556, 569, 538, 539, 592, 533, 551, 637, 563, 550, 507, 525, 481, 443, 513, 529, 496, 497, 494, 527, 471, 489, 509, 542, 518, 497, 547, 553, 516, 443, 458, 554, 643, 604, 493, 548, 629, 557, 479, 574, 588, 529, 464, 509, 564, 564, 519, 495, 509, 504, 507, 433, 432, 594, 569, 508, 517, 557, 575, 548, 578, 674, 591, 524, 594, 622, 538, 516, 529, 555, 499, 516, 536, 553, 539, 560, 532, 592, 561, 503, 500, 517, 530, 551, 481, 523, 573, 536, 472, 483, 528, 558, 533, 487, 565, 628, 596, 528, 422, 448, 482, 474, 557, 527, 514, 534, 545, 474, 502, 548, 530, 510, 563, 598, 538, 497, 564, 597, 547, 531, 558, 619, 535, 544, 509, 606, 595, 545, 579, 588, 527, 583, 561, 473, 561, 544, 597, 618, 509, 555, 555, 548, 531, 581, 638, 621, 507, 546, 592, 508, 557, 491, 487, 585, 1746, 3235, 2757, 1089, 1206, 1395, 1800, 1012, 5360, 10881, 9608, 3400, 3306, 4178, 6030, 2938, 7566, 16325, 14729, 5287, 4418, 6580, 9897, 4981, 5970, 12420, 10833, 3836, 2879, 5692, 8326, 4217, 3820, 6054, 4288, 1168, 1447, 2464, 3488, 1439, 2204, 2331, 1402, 919, 947, 1078, 1204, 1228, 1350, 1584, 1237, 918, 773, 1188, 1428, 1194, 781, 1108, 938, 643, 552, 845, 983, 772, 901, 1432, 1375, 823, 572, 966, 1302, 1031, 1405, 3106, 3025, 1474, 698, 1795, 2786, 1979, 1750, 4114, 4069, 1906, 971, 2025, 3326, 2398, 1344, 3077, 3192, 1583, 1029, 1387, 2343, 1931, 1056, 2046, 2112, 1095, 819, 955, 1440, 1292, 775, 1293, 1278, 808, 528, 693, 992, 798, 668, 834, 693, 592, 584, 611, 710, 567, 524, 620, 584, 518, 534, 528, 643, 594, 533, 657, 667, 538, 567, 611, 594, 567, 445, 620, 658, 614, 556, 602, 581, 510, 683, 899, 849, 632, 757, 812, 695, 667, 854, 1299, 1147, 649, 635, 731, 800, 653, 3990, 7843, 6534, 1615, 2376, 2683, 4020, 1632, 8312, 16336, 13549, 3289, 4665, 5133, 8314, 3346, 7347, 14492, 12016, 3098, 3798, 4475, 7570, 3313, 3212, 6048, 4910, 1359, 1542, 1991, 3214, 1500, 961, 1444, 1223, 681, 684, 786, 939, 668, 670, 835, 704, 583, 629, 616, 585, 543, 697, 759, 700, 555, 609, 620, 537, 579, 671, 904, 861, 626, 652, 647, 712, 565, 691, 916, 770, 597, 573, 646, 730, 520, 613, 698, 692, 627, 542, 557, 596, 496, 562, 545, 530, 590, 523, 524, 584, 550, 654, 639, 633, 591, 572, 645, 617, 582, 647, 697, 789, 671, 629, 718, 641, 686, 1153, 1619, 1542, 804, 837, 1217, 936, 749, 1400, 1994, 1903, 917, 1085, 1456, 895, 856, 903, 937, 847, 665, 712, 798, 643, 691, 800, 865, 612, 643, 764, 579, 610, 648, 776, 765, 613, 603, 598, 576, 609, 631, 669, 719, 683, 591, 547, 677, 641, 600, 606, 790, 731, 583, 600, 688, 682, 584, 617, 769, 751, 569, 576, 710, 819, 672, 754, 806, 560, 479, 618, 651, 666, 620, 878, 946, 750, 550, 687, 703, 725, 706, 971, 1145, 933, 681, 631, 766, 815, 681, 1054, 1220, 929, 709, 766, 777, 785, 662, 929, 1161, 893, 665, 788, 842, 746, 655, 763, 923, 741, 585, 669, 630, 581, 565, 527, 688, 665, 540, 595, 543, 490, 436, 672, 718, 670, 614, 687, 621, 605, 616, 752, 721, 621, 576, 645, 683, 571, 577, 681, 628, 526, 559, 621, 607, 523, 581, 787, 694, 648, 657, 636, 649, 579, 572, 728, 649, 508, 639, 621, 549, 574, 583, 624, 579, 594, 628, 568, 552, 532, 550, 600, 653, 644, 552, 601, 601, 539, 597, 714, 839, 792, 668, 620, 730, 651, 604, 928, 1007, 923, 642, 698, 947, 916, 715, 1052, 1065, 962, 678, 621, 938, 844, 825, 876, 838, 787, 689, 649, 764, 807, 889, 740, 637, 619, 697, 658, 644, 706, 769, 601, 622, 622, 627, 723, 704, 695, 663, 640, 618, 630, 641, 670, 585, 551, 672, 638, 532, 629, 583, 572, 611, 551, 668, 707, 655, 662, 633, 587, 545, 632, 725, 718, 750, 731, 656, 561, 678, 712, 745, 675, 781, 785, 672, 603, 677, 698, 735, 792, 1012, 879, 647, 758, 723, 704, 644, 695, 905, 778, 618, 754, 734, 620, 566, 1059, 974, 775, 627, 824, 899, 871, 974, 1765, 1351, 978, 679, 981, 1230, 1530, 1774, 1390, 1075, 865, 726, 947, 1091, 1122, 1358, 747, 631, 552, 621, 700, 692, 636, 753, 571, 514, 569, 546, 515, 685, 640, 583, 555, 567, 701, 645, 519, 700, 642, 578, 715, 598, 772, 776, 601, 689, 606, 576, 1016, 757, 675, 786, 761, 836, 739, 890, 1001, 741, 701, 628, 770, 892, 836, 895, 674, 624, 604, 519, 518, 649, 609, 549, 546, 544, 517, 554, 491, 571, 555, 488, 664, 570, 450, 527, 546, 569, 633, 661, 718, 692, 607, 516, 571, 704, 764, 820, 712, 584, 615, 620, 585, 633, 744, 764, 732, 701, 667, 637, 554, 578, 624, 672, 667, 807, 898, 652, 523, 695, 950, 894, 746, 894, 1171, 784, 625, 982, 1486, 1414, 888, 1160, 1578, 1086, 711, 1201, 2067, 1937, 762, 949, 1191, 912, 757, 1073, 1628, 1502, 561, 592, 662, 683, 701, 806, 845, 656, 531, 814, 1005, 817, 631, 755, 984, 904, 520, 721, 962, 920, 654, 813, 1007, 808, 841, 726, 778, 841, 675, 891, 1015, 957, 1167, 949, 786, 926, 810, 1022, 1247, 1268, 1319, 1005, 941, 1175, 841, 1109, 1448, 1428, 1156, 867, 1020, 1234, 800, 1017, 1353, 1314, 1016, 769, 818, 945, 732, 912, 973, 959, 736, 657, 614, 649, 549, 655, 670, 597, 553, 622, 556, 492, 457, 586, 602, 509, 539, 497, 542, 470, 438, 560, 559, 613, 660, 675, 689, 490, 491, 627, 525, 547, 499, 583, 624, 546, 529, 530, 495, 417, 445, 531, 585, 547, 504, 466, 507, 511, 529, 489, 462, 530, 520, 471, 604, 669, 498, 480, 435, 410, 408, 405, 437, 481, 391, 422, 420, 359, 345, 415, 409, 394, 406, 476, 450, 372, 424, 434, 452, 428, 424, 452, 459, 378, 432, 435, 480, 518, 369, 476, 503, 392, 433, 461, 414, 409]"
-0.3282676339149475,0.1516168862581253,0.15884160995483398,0.4334726929664612,-0.24349847435951233,0.9661908149719238,0.6236355304718018,-0.13322961330413818,-0.48737525939941406,17.25,-0.029517531394958496,-0.2780914306640625,19.0,-0.004483580589294434,-0.2304553985595703,23.75,0.02512800693511963,-0.10428428649902344,21.75,0.16331541538238525,0.10900497436523438,16.5,"[522, 590, 600, 612, 648, 609, 603, 593, 527, 577, 607, 537, 601, 640, 627, 620, 476, 477, 502, 527, 582, 571, 543, 543, 581, 462, 463, 496, 511, 493, 515, 617, 412, 495, 562, 534, 569, 614, 528, 418, 540, 475, 488, 534, 558, 533, 471, 459, 585, 519, 387, 443, 547, 531, 465, 461, 616, 585, 486, 550, 621, 545, 462, 547, 556, 569, 452, 539, 525, 492, 439, 523, 566, 528, 519, 552, 537, 543, 528, 529, 534, 569, 604, 647, 527, 461, 531, 514, 507, 534, 556, 604, 522, 522, 528, 462, 451, 443, 464, 490, 422, 473, 553, 517, 506, 529, 517, 573, 573, 521, 612, 564, 460, 500, 556, 601, 538, 490, 569, 514, 521, 605, 640, 618, 631, 566, 507, 486, 556, 587, 543, 595, 574, 529, 503, 537, 518, 565, 626, 563, 547, 580, 550, 584, 455, 584, 597, 395, 428, 517, 510, 438, 503, 515, 528, 493, 527, 492, 501, 542, 738, 1196, 1143, 720, 585, 840, 1016, 784, 2232, 4770, 4441, 1910, 1105, 2603, 4016, 2776, 3907, 8440, 7685, 3006, 1628, 4435, 6866, 4565, 3558, 6575, 5636, 2086, 1502, 3486, 5330, 3613, 2244, 3889, 3733, 1643, 1131, 2252, 3613, 2628, 848, 2431, 2993, 1723, 619, 1493, 2560, 2215, 1123, 2548, 2658, 1409, 672, 1529, 2412, 1893, 805, 1571, 1557, 916, 571, 1102, 1612, 1225, 639, 862, 868, 656, 625, 722, 736, 619, 1810, 3151, 3005, 1523, 986, 1837, 2565, 1985, 4265, 8121, 7279, 3210, 1935, 4391, 6366, 4239, 4443, 8387, 7216, 2853, 1946, 4509, 6621, 4246, 2214, 3419, 2743, 1286, 1068, 1954, 2693, 1937, 992, 1122, 840, 710, 644, 736, 772, 736, 808, 939, 704, 577, 667, 664, 585, 565, 768, 921, 756, 548, 579, 587, 604, 593, 716, 931, 934, 627, 586, 629, 652, 617, 719, 1034, 961, 565, 578, 586, 641, 587, 659, 1417, 1456, 674, 752, 1035, 901, 702, 2558, 5512, 5080, 1496, 2362, 3315, 2501, 1136, 5293, 10619, 9234, 2376, 4036, 5149, 4670, 1838, 6640, 11566, 8909, 1712, 3784, 4880, 6091, 1811, 7745, 12944, 9663, 1811, 4316, 5902, 7294, 2276, 3407, 5579, 4147, 1137, 1909, 2737, 3282, 1284, 2513, 3826, 2830, 754, 1661, 1510, 1599, 823, 2520, 3721, 2620, 680, 1646, 1432, 1518, 790, 1130, 1361, 1113, 698, 696, 656, 748, 738, 632, 1006, 1012, 733, 619, 700, 786, 699, 774, 1052, 839, 642, 710, 718, 758, 670, 777, 972, 847, 630, 602, 659, 654, 691, 793, 1021, 1016, 697, 663, 780, 630, 638, 1064, 1287, 1213, 857, 907, 1066, 781, 766, 1614, 1697, 1463, 1171, 1312, 1621, 1103, 908, 2380, 3441, 3149, 1651, 2040, 2427, 1369, 1280, 4353, 7101, 6459, 2794, 3273, 3738, 1708, 1957, 4238, 6944, 6481, 2993, 3241, 3654, 1535, 2210, 1875, 2899, 2804, 1525, 1524, 1636, 837, 1119, 750, 1188, 1075, 668, 710, 713, 776, 643, 870, 1045, 881, 730, 828, 872, 820, 720, 884, 1024, 901, 662, 754, 898, 846, 676, 727, 743, 650, 633, 663, 718, 661, 657, 763, 817, 680, 705, 721, 710, 648, 592, 677, 725, 672, 574, 566, 595, 586, 549, 777, 758, 541, 630, 713, 674, 636, 609, 744, 750, 576, 582, 691, 828, 762, 528, 658, 755, 717, 648, 704, 819, 791, 576, 560, 769, 845, 699, 552, 817, 813, 616, 634, 810, 810, 624, 565, 654, 655, 632, 570, 672, 729, 619, 527, 621, 566, 626, 622, 769, 850, 687, 617, 734, 685, 644, 759, 805, 809, 611, 765, 733, 555, 661, 729, 855, 747, 575, 700, 639, 594, 674, 696, 827, 747, 575, 617, 574, 578, 602, 702, 805, 690, 665, 649, 594, 642, 585, 671, 761, 641, 636, 625, 567, 627, 681, 647, 782, 818, 677, 576, 578, 642, 680, 785, 842, 723, 702, 566, 658, 665, 627, 675, 780, 746, 621, 524, 628, 710, 635, 703, 788, 851, 774, 823, 885, 709, 675, 847, 948, 824, 751, 897, 953, 779, 694, 805, 960, 807, 645, 729, 836, 784, 673, 751, 793, 726, 695, 767, 770, 663, 685, 798, 804, 726, 711, 671, 704, 717, 660, 813, 889, 794, 618, 581, 699, 754, 707, 800, 841, 681, 502, 588, 647, 649, 625, 772, 714, 680, 598, 678, 685, 617, 675, 791, 649, 521, 532, 500, 623, 671, 707, 791, 816, 641, 544, 635, 667, 691, 702, 1019, 1074, 902, 656, 766, 841, 903, 906, 1326, 1204, 928, 869, 928, 1104, 1213, 1290, 1166, 966, 815, 788, 769, 936, 1094, 1241, 690, 661, 791, 725, 596, 564, 581, 712, 605, 565, 665, 667, 602, 544, 574, 673, 601, 653, 623, 516, 591, 639, 750, 686, 790, 733, 678, 605, 603, 731, 861, 845, 733, 743, 778, 599, 449, 751, 964, 896, 664, 660, 664, 620, 616, 749, 902, 863, 706, 671, 759, 685, 573, 705, 829, 819, 661, 540, 579, 686, 602, 591, 600, 680, 665, 595, 685, 657, 687, 710, 702, 791, 714, 599, 584, 572, 658, 754, 634, 738, 713, 680, 772, 755, 721, 756, 716, 779, 644, 772, 885, 823, 742, 720, 795, 725, 766, 930, 865, 641, 728, 826, 1084, 1043, 946, 1160, 1357, 711, 691, 986, 1895, 1917, 1077, 1123, 1523, 1018, 718, 938, 1911, 2109, 1081, 799, 1313, 1234, 840, 932, 1553, 1760, 1202, 858, 1325, 1501, 870, 1008, 1803, 1863, 1308, 907, 1328, 1430, 877, 1137, 1994, 2032, 1058, 794, 1095, 971, 825, 853, 1370, 1528, 1013, 602, 716, 790, 805, 705, 1174, 1434, 1269, 883, 1192, 1311, 920, 1025, 1850, 1989, 1270, 1038, 1366, 1286, 901, 1057, 1803, 1862, 929, 822, 1079, 1104, 829, 840, 1260, 1296, 742, 683, 942, 939, 721, 712, 1058, 1112, 803, 636, 928, 882, 608, 701, 1155, 1212, 670, 651, 652, 568, 622, 781, 936, 862, 585, 542, 639, 602, 490, 513, 673, 674, 456, 553, 607, 531, 513, 641, 678, 514, 503, 632, 716, 629, 457, 656, 919, 836, 465, 592, 607, 556, 500, 687, 906, 775, 447, 505, 520, 508, 501, 554, 627, 568, 541, 471, 513, 546, 560, 512, 478, 539, 485, 484, 504, 529, 590, 547, 424, 494, 402, 422, 380, 392, 440, 408, 415, 436, 462, 478, 415, 402, 400, 418, 461, 449, 500, 471, 439, 512, 462, 370, 476, 502, 419, 473, 542, 470, 383, 443, 468, 413]"
-0.3361041843891144,0.18364861607551575,0.21251501142978668,0.3708622455596924,-0.0876864492893219,0.8414034843444824,0.49527281522750854,-0.22790420055389404,0.5438804626464844,26.25,-0.013041377067565918,0.048923492431640625,19.25,0.013852238655090332,0.15006065368652344,28.0,0.01800072193145752,0.20241737365722656,30.0,1.362824559211731,0.32286643981933594,16.5,"[585, 622, 729, 758, 763, 757, 736, 623, 510, 639, 744, 729, 752, 822, 817, 636, 526, 557, 628, 653, 567, 670, 685, 600, 585, 611, 567, 565, 554, 452, 551, 591, 513, 557, 586, 496, 490, 523, 526, 486, 468, 521, 553, 458, 495, 624, 523, 478, 457, 387, 479, 523, 559, 564, 520, 503, 553, 444, 533, 585, 592, 650, 633, 643, 484, 498, 530, 533, 573, 584, 546, 495, 433, 527, 558, 532, 561, 606, 596, 482, 536, 566, 602, 595, 555, 579, 656, 592, 555, 606, 528, 583, 538, 528, 552, 458, 502, 542, 540, 555, 477, 476, 579, 522, 486, 486, 545, 567, 493, 561, 599, 519, 528, 514, 496, 540, 577, 619, 557, 544, 495, 563, 589, 557, 627, 601, 549, 545, 499, 539, 597, 517, 505, 466, 487, 547, 608, 682, 642, 485, 493, 491, 597, 613, 545, 562, 558, 476, 503, 472, 603, 593, 861, 961, 941, 724, 644, 809, 906, 834, 2848, 3717, 4835, 3247, 1536, 2499, 4579, 4827, 6452, 10590, 13374, 8045, 2963, 7354, 14253, 13729, 6694, 13153, 15937, 8777, 2988, 9248, 18002, 16560, 4407, 8204, 9845, 5138, 2162, 5829, 11722, 10956, 2815, 4325, 4910, 2589, 1710, 3216, 6056, 6014, 1886, 4403, 4472, 2220, 1136, 3168, 4701, 4066, 1023, 2548, 2997, 1699, 692, 1903, 3274, 2904, 915, 1841, 2074, 1203, 566, 1366, 2295, 2027, 2976, 6715, 6343, 2795, 947, 4094, 6466, 4531, 5124, 10816, 9418, 3519, 1506, 6240, 9330, 5661, 3866, 7324, 5909, 1867, 1159, 3911, 5619, 2988, 1492, 2303, 1895, 947, 703, 1216, 1722, 1295, 761, 790, 738, 597, 677, 798, 911, 819, 596, 609, 632, 580, 551, 630, 740, 638, 557, 636, 660, 586, 536, 596, 684, 581, 594, 732, 788, 658, 549, 726, 748, 540, 643, 749, 784, 725, 610, 615, 670, 629, 1103, 2521, 2410, 992, 1143, 1439, 1331, 989, 7230, 15456, 13835, 3633, 5950, 7672, 6314, 2869, 16387, 32764, 28076, 6453, 12890, 15442, 13305, 5168, 18791, 35745, 29451, 6557, 12933, 14439, 15853, 5957, 14103, 25740, 20332, 4418, 7674, 8872, 12961, 4658, 7826, 12523, 9047, 1775, 4081, 5035, 6282, 1801, 2573, 3242, 2146, 998, 1566, 1590, 1442, 1023, 1237, 1661, 1341, 886, 840, 962, 1046, 922, 1261, 1870, 1638, 830, 722, 961, 1236, 847, 1684, 2600, 2100, 962, 943, 1205, 1595, 1042, 1479, 2428, 2095, 1114, 1011, 1264, 1672, 1203, 930, 1236, 1146, 749, 650, 752, 958, 927, 790, 809, 724, 691, 625, 584, 607, 701, 708, 705, 671, 665, 634, 660, 655, 597, 781, 890, 926, 751, 781, 969, 868, 616, 1422, 1960, 1698, 978, 1219, 1425, 1154, 706, 1574, 2357, 1984, 1032, 1290, 1572, 1391, 794, 1652, 1924, 1737, 1126, 1697, 2148, 1394, 1048, 3113, 2246, 2778, 2120, 2775, 3830, 1960, 1850, 3656, 2728, 3825, 2681, 2750, 4583, 2581, 1967, 2148, 1890, 2964, 1857, 1674, 3053, 1931, 1344, 908, 1072, 1464, 981, 876, 1548, 1280, 908, 894, 991, 902, 769, 712, 961, 938, 720, 759, 1036, 983, 764, 619, 771, 835, 676, 586, 976, 925, 664, 593, 644, 813, 660, 689, 841, 771, 622, 673, 710, 700, 749, 861, 851, 807, 787, 775, 743, 744, 900, 797, 864, 838, 700, 691, 753, 781, 821, 777, 777, 658, 678, 680, 642, 687, 686, 741, 787, 801, 706, 626, 644, 642, 609, 727, 814, 847, 618, 582, 651, 669, 776, 687, 786, 811, 577, 543, 637, 761, 839, 682, 654, 625, 579, 697, 735, 564, 641, 544, 597, 619, 584, 612, 700, 590, 506, 640, 702, 752, 779, 755, 738, 708, 605, 667, 697, 650, 737, 677, 682, 699, 643, 677, 667, 678, 706, 625, 640, 688, 756, 801, 764, 711, 599, 652, 729, 686, 698, 723, 852, 776, 692, 700, 659, 761, 702, 744, 1037, 843, 694, 692, 768, 1064, 843, 836, 1078, 904, 830, 731, 759, 984, 763, 776, 1044, 952, 757, 811, 890, 880, 813, 685, 854, 877, 579, 676, 806, 844, 830, 664, 638, 703, 688, 681, 676, 647, 748, 794, 727, 718, 803, 836, 706, 592, 728, 757, 763, 701, 681, 672, 674, 572, 685, 696, 766, 778, 666, 545, 628, 742, 715, 621, 859, 817, 588, 565, 696, 759, 623, 592, 716, 670, 580, 652, 730, 660, 567, 628, 647, 770, 694, 676, 830, 735, 694, 740, 725, 724, 668, 725, 795, 855, 871, 968, 913, 773, 802, 784, 799, 986, 1104, 1108, 906, 845, 910, 766, 711, 914, 1197, 908, 774, 766, 732, 650, 629, 743, 926, 778, 769, 792, 641, 541, 639, 794, 871, 763, 645, 736, 711, 567, 571, 716, 824, 743, 545, 741, 823, 590, 615, 867, 855, 729, 608, 825, 824, 614, 713, 802, 780, 792, 543, 777, 871, 676, 671, 816, 832, 830, 665, 671, 710, 657, 766, 862, 836, 769, 671, 699, 704, 678, 679, 784, 928, 776, 740, 675, 682, 695, 730, 639, 732, 650, 696, 620, 592, 591, 654, 696, 637, 797, 674, 711, 647, 663, 641, 763, 892, 712, 574, 618, 580, 619, 601, 753, 815, 757, 678, 721, 674, 725, 706, 836, 906, 705, 799, 882, 675, 674, 798, 1196, 1237, 1151, 1216, 1460, 773, 777, 1076, 2296, 2451, 1821, 1595, 1901, 1223, 1042, 1454, 3027, 3431, 1334, 1129, 1404, 1132, 844, 1169, 2034, 2280, 772, 752, 991, 932, 701, 741, 1152, 1106, 1605, 976, 1256, 1649, 1236, 844, 1245, 1619, 2285, 1342, 1366, 2089, 1660, 981, 1271, 2123, 2179, 1238, 1354, 1977, 1499, 955, 1250, 2061, 1927, 1102, 1261, 1730, 1270, 869, 1280, 1866, 1196, 849, 1273, 1408, 1006, 835, 1398, 1520, 694, 886, 1223, 1043, 723, 1089, 1374, 1023, 804, 856, 1076, 841, 505, 901, 1101, 1006, 646, 624, 756, 692, 548, 667, 824, 745, 810, 558, 591, 647, 618, 533, 534, 740, 726, 581, 561, 593, 646, 571, 576, 699, 660, 729, 702, 567, 611, 678, 713, 697, 666, 628, 620, 607, 674, 629, 681, 723, 539, 537, 534, 576, 562, 533, 662, 680, 564, 526, 505, 517, 544, 611, 723, 717, 571, 484, 499, 593, 564, 621, 629, 636, 491, 503, 585, 590, 551, 570, 540, 522, 476, 474, 524, 489, 458, 504, 460, 491, 444, 464, 463, 408, 387, 490, 530, 500, 437, 467, 520, 468, 413, 490, 590, 554, 484, 539, 480, 456, 479, 493, 532, 489]"
-0.3609928488731384,-0.009166643023490906,0.07616743445396423,0.29109641909599304,-0.25788336992263794,0.3814454674720764,0.37283480167388916,-0.07496106624603271,0.12073516845703125,30.0,-0.014164328575134277,0.22630691528320312,-31.25,0.04319918155670166,0.2613544464111328,29.0,0.07524263858795166,0.24547576904296875,24.5,0.7093883752822876,0.7882118225097656,15.0,"[477, 549, 600, 517, 448, 519, 602, 547, 520, 499, 638, 641, 560, 595, 651, 645, 576, 533, 561, 602, 604, 603, 599, 595, 506, 405, 469, 536, 536, 523, 575, 595, 498, 422, 417, 471, 564, 594, 527, 550, 557, 445, 415, 488, 588, 536, 487, 575, 526, 452, 451, 489, 549, 498, 435, 522, 431, 576, 662, 560, 530, 588, 491, 449, 554, 588, 543, 528, 651, 560, 455, 517, 548, 523, 477, 528, 551, 559, 486, 524, 553, 637, 673, 595, 493, 584, 603, 465, 458, 535, 583, 588, 532, 494, 571, 495, 468, 585, 560, 553, 580, 557, 540, 483, 476, 507, 528, 530, 583, 547, 522, 554, 547, 603, 616, 620, 617, 636, 661, 636, 546, 469, 520, 618, 591, 540, 570, 590, 491, 558, 524, 528, 470, 542, 644, 538, 470, 548, 532, 508, 429, 484, 582, 480, 691, 685, 707, 634, 514, 492, 654, 708, 2705, 1289, 2732, 2605, 1519, 769, 2250, 3655, 9253, 6285, 13144, 10504, 4808, 3531, 13120, 16728, 12643, 14036, 24828, 17351, 6589, 9099, 26447, 29557, 6753, 16171, 23259, 13883, 4050, 11108, 25589, 24842, 2089, 13126, 14981, 7285, 1194, 9484, 16950, 13349, 3975, 9833, 11018, 5603, 1832, 7506, 13323, 11035, 2611, 5906, 6689, 3553, 1503, 4546, 8363, 7191, 1679, 3165, 3295, 1773, 946, 2693, 4566, 4118, 1371, 6663, 7683, 3662, 620, 5072, 9686, 8242, 1490, 8048, 8516, 3843, 917, 6005, 10425, 7995, 1394, 4227, 4130, 1836, 840, 3233, 4865, 3274, 1152, 1492, 1471, 913, 771, 1144, 1262, 997, 972, 794, 849, 754, 799, 845, 815, 875, 757, 747, 691, 588, 673, 703, 705, 718, 594, 694, 541, 487, 593, 713, 734, 601, 629, 785, 740, 541, 515, 554, 675, 599, 596, 751, 656, 536, 592, 541, 567, 538, 2463, 4424, 3552, 1146, 1538, 2054, 2612, 1147, 8478, 14993, 11641, 2962, 4452, 6818, 9242, 3908, 13177, 20765, 14879, 3717, 6509, 10446, 13009, 5593, 9932, 13006, 9195, 3200, 4937, 7117, 7448, 4228, 7169, 10542, 7543, 3059, 4350, 5297, 4495, 3402, 6587, 9216, 6541, 2554, 4259, 4344, 4006, 2702, 3616, 4653, 3043, 1326, 2592, 2622, 1997, 1510, 1732, 2605, 1978, 817, 1347, 1541, 1326, 655, 1419, 2257, 1844, 915, 1011, 1171, 1277, 855, 1305, 1711, 1259, 667, 970, 1048, 1069, 879, 919, 1173, 1052, 667, 769, 840, 806, 698, 675, 752, 902, 835, 709, 743, 720, 703, 737, 851, 818, 769, 748, 621, 686, 702, 858, 933, 829, 708, 749, 609, 737, 744, 663, 684, 651, 706, 688, 673, 637, 609, 730, 790, 842, 751, 660, 798, 721, 688, 1145, 1159, 942, 882, 969, 1178, 1111, 888, 1415, 1565, 1203, 806, 1065, 1470, 1378, 1071, 2004, 2072, 1380, 1056, 1095, 1472, 1454, 1273, 2285, 2248, 1200, 1256, 1302, 1188, 1255, 1649, 3248, 3607, 2714, 1823, 2051, 2719, 2404, 2033, 3111, 4329, 4035, 2259, 2357, 3685, 2616, 1492, 1742, 2732, 2708, 1378, 1531, 2486, 1741, 802, 1012, 1619, 1710, 1010, 1001, 1710, 1405, 683, 738, 1032, 1077, 853, 638, 990, 1007, 734, 625, 773, 897, 694, 559, 710, 692, 636, 648, 765, 848, 645, 590, 708, 658, 545, 756, 819, 784, 799, 737, 656, 757, 707, 639, 655, 595, 638, 639, 595, 693, 660, 685, 764, 741, 596, 598, 635, 670, 670, 727, 699, 657, 626, 700, 613, 638, 781, 782, 837, 906, 832, 769, 677, 824, 929, 667, 824, 880, 842, 727, 798, 925, 880, 557, 722, 879, 801, 694, 865, 853, 685, 619, 654, 772, 729, 626, 711, 675, 638, 694, 703, 764, 752, 694, 729, 734, 772, 1227, 1031, 1064, 1057, 856, 753, 923, 1226, 1371, 1116, 1209, 1158, 908, 814, 1122, 1379, 992, 939, 926, 870, 964, 1074, 1084, 1015, 927, 853, 967, 962, 952, 1069, 999, 847, 854, 680, 735, 718, 704, 738, 798, 833, 875, 777, 672, 722, 681, 756, 773, 842, 854, 872, 768, 715, 774, 839, 783, 813, 1026, 958, 777, 655, 845, 906, 786, 820, 780, 814, 753, 687, 797, 815, 742, 689, 705, 674, 650, 708, 793, 857, 748, 692, 695, 570, 721, 803, 737, 761, 713, 768, 629, 655, 846, 743, 598, 645, 809, 839, 643, 641, 785, 740, 516, 535, 797, 789, 757, 671, 691, 675, 595, 659, 763, 824, 812, 541, 658, 680, 685, 672, 623, 895, 984, 751, 774, 742, 801, 783, 812, 1001, 939, 738, 740, 719, 696, 616, 896, 1124, 1023, 783, 680, 708, 761, 766, 953, 1129, 1071, 908, 732, 717, 850, 971, 1028, 1093, 1037, 814, 504, 604, 781, 825, 780, 952, 730, 709, 642, 647, 682, 707, 795, 784, 811, 767, 818, 757, 743, 751, 812, 891, 916, 673, 810, 927, 806, 725, 828, 978, 924, 755, 831, 866, 746, 649, 739, 990, 750, 609, 809, 848, 675, 727, 903, 945, 668, 611, 765, 785, 618, 730, 938, 959, 674, 606, 596, 666, 539, 689, 844, 772, 633, 669, 658, 688, 614, 624, 783, 642, 706, 689, 748, 764, 615, 544, 704, 708, 827, 840, 824, 761, 655, 571, 747, 874, 863, 820, 679, 632, 760, 783, 661, 741, 997, 916, 1045, 957, 795, 1242, 1731, 1600, 1293, 969, 1403, 1384, 935, 1132, 2232, 2364, 1398, 952, 1256, 1386, 1036, 954, 1625, 1914, 1442, 1127, 1055, 1221, 1161, 1078, 1018, 1283, 1011, 1186, 1052, 852, 875, 946, 981, 971, 1150, 851, 1277, 1042, 854, 785, 1575, 1828, 1702, 1042, 1185, 1224, 1313, 1124, 1813, 2287, 1036, 857, 841, 939, 997, 1043, 1366, 1359, 741, 705, 717, 842, 717, 762, 1036, 948, 718, 526, 620, 829, 764, 510, 727, 882, 742, 596, 624, 835, 888, 660, 577, 740, 758, 733, 762, 674, 806, 811, 679, 756, 725, 703, 790, 682, 606, 732, 652, 726, 827, 636, 614, 680, 644, 636, 536, 748, 625, 569, 688, 663, 558, 568, 685, 686, 569, 730, 789, 601, 477, 633, 720, 602, 532, 615, 634, 567, 575, 627, 573, 539, 582, 574, 557, 547, 518, 505, 520, 593, 737, 651, 563, 569, 586, 597, 638, 722, 670, 598, 469, 561, 556, 553, 566, 565, 736, 580, 525, 538, 593, 592, 577, 739, 537, 401, 488, 543, 497, 425, 507, 637, 523, 470, 423, 454, 550, 478, 466, 510, 531, 452, 445, 469, 466, 436, 391, 507, 562, 477, 478, 490, 462, 477, 454, 507]"
-0.3198016881942749,0.0006896257400512695,-0.2665364742279053,0.38520491123199463,0.2559298872947693,-1.103150725364685,0.13511452078819275,-0.3142356872558594,0.5328655242919922,19.0,-0.30364990234375,0.8769035339355469,30.75,-0.23641586303710938,0.4291534423828125,16.0,-0.12941360473632812,0.5248546600341797,30.0,-0.127410888671875,0.405120849609375,21.0,"[541, 638, 627, 603, 686, 603, 627, 634, 556, 618, 554, 542, 679, 693, 533, 558, 420, 551, 534, 432, 563, 570, 485, 459, 494, 484, 523, 501, 502, 447, 444, 464, 561, 435, 498, 534, 445, 484, 511, 520, 574, 437, 561, 640, 557, 491, 518, 494, 517, 444, 573, 597, 512, 478, 485, 525, 569, 502, 577, 551, 468, 537, 545, 598, 538, 554, 487, 483, 507, 458, 491, 535, 571, 536, 609, 586, 535, 542, 621, 619, 491, 511, 582, 595, 552, 577, 570, 558, 594, 564, 558, 532, 566, 579, 530, 529, 466, 454, 525, 524, 507, 528, 483, 518, 520, 533, 644, 552, 424, 546, 576, 557, 575, 520, 547, 548, 488, 553, 436, 546, 536, 486, 517, 577, 619, 551, 524, 544, 573, 495, 463, 525, 527, 568, 535, 546, 656, 543, 438, 487, 548, 560, 518, 635, 609, 551, 577, 548, 536, 487, 541, 635, 577, 579, 611, 565, 567, 524, 530, 618, 514, 564, 580, 581, 659, 645, 585, 573, 614, 625, 622, 551, 684, 710, 692, 618, 624, 708, 653, 585, 707, 652, 609, 629, 604, 665, 693, 645, 664, 627, 614, 615, 520, 606, 560, 544, 542, 473, 561, 549, 530, 448, 530, 580, 538, 528, 488, 450, 556, 460, 561, 531, 504, 520, 492, 575, 598, 587, 579, 628, 651, 572, 574, 630, 535, 571, 519, 549, 598, 553, 515, 534, 543, 554, 553, 629, 527, 530, 659, 598, 651, 815, 630, 457, 445, 623, 762, 595, 554, 729, 735, 527, 544, 625, 830, 665, 500, 634, 619, 561, 634, 634, 651, 569, 478, 446, 540, 643, 531, 539, 582, 565, 540, 595, 590, 635, 563, 616, 683, 613, 584, 636, 568, 582, 591, 566, 560, 508, 590, 607, 561, 618, 654, 549, 520, 565, 499, 569, 542, 561, 596, 558, 568, 549, 543, 569, 559, 584, 592, 539, 560, 570, 501, 538, 552, 586, 535, 565, 602, 549, 550, 615, 603, 543, 592, 691, 682, 597, 622, 710, 729, 638, 563, 600, 654, 616, 547, 639, 716, 627, 532, 561, 692, 615, 734, 594, 745, 750, 645, 588, 719, 816, 873, 565, 769, 834, 704, 585, 929, 1157, 1496, 1214, 1850, 1565, 1094, 1304, 2703, 2879, 2142, 2289, 3670, 2772, 1552, 2261, 5057, 5104, 1364, 1846, 3005, 2519, 1222, 1823, 3851, 3720, 1448, 1208, 1220, 1108, 961, 1008, 1602, 1671, 3379, 3438, 4661, 2936, 1446, 3679, 7552, 7411, 5693, 8112, 11201, 6241, 2793, 9163, 19762, 18505, 4914, 9056, 11850, 6154, 2798, 9536, 20416, 18670, 1986, 4046, 5189, 3442, 1468, 4035, 8563, 7726, 947, 1354, 1617, 1266, 715, 1164, 1749, 1481, 924, 792, 836, 848, 806, 960, 1244, 1269, 803, 734, 714, 740, 737, 739, 914, 993, 725, 759, 707, 574, 604, 616, 613, 703, 761, 892, 842, 637, 660, 636, 644, 677, 644, 664, 586, 617, 639, 593, 599, 703, 533, 590, 544, 616, 606, 542, 629, 578, 569, 559, 533, 603, 606, 542, 528, 473, 480, 566, 606, 633, 651, 588, 554, 550, 480, 589, 611, 476, 537, 582, 542, 487, 535, 562, 545, 480, 590, 706, 618, 508, 609, 619, 569, 525, 644, 708, 597, 535, 565, 584, 595, 606, 641, 681, 647, 663, 760, 1060, 999, 723, 648, 733, 807, 764, 1184, 1720, 1535, 989, 833, 1041, 1027, 826, 994, 1521, 1585, 1091, 933, 1207, 1074, 648, 808, 916, 1198, 975, 769, 1159, 947, 633, 859, 756, 962, 918, 849, 925, 739, 777, 673, 819, 1182, 1055, 638, 488, 706, 886, 855, 1194, 1656, 1568, 1043, 690, 1048, 1227, 897, 1101, 1218, 1265, 1143, 923, 940, 987, 724, 739, 613, 673, 794, 850, 729, 636, 604, 657, 638, 640, 610, 667, 608, 506, 553, 592, 590, 595, 551, 568, 613, 536, 547, 592, 643, 619, 575, 534, 503, 440, 615, 695, 594, 558, 589, 554, 509, 486, 696, 605, 616, 691, 706, 640, 650, 699, 692, 601, 605, 654, 660, 621, 579, 664, 728, 694, 650, 618, 687, 697, 567, 689, 565, 592, 614, 525, 542, 585, 679, 647, 568, 646, 717, 712, 656, 653, 671, 661, 599, 703, 660, 676, 709, 683, 559, 519, 594, 581, 574, 606, 604, 615, 567, 501, 669, 676, 614, 636, 591, 615, 650, 585, 709, 674, 572, 613, 545, 518, 672, 643, 758, 682, 540, 595, 628, 549, 554, 653, 650, 549, 498, 578, 626, 554, 492, 628, 715, 676, 594, 556, 549, 563, 556, 656, 617, 637, 602, 590, 654, 609, 506, 570, 497, 395, 492, 597, 607, 553, 498, 521, 520, 476, 559, 611, 579, 579, 516, 579, 582, 584, 572, 646, 643, 568, 636, 596, 583, 681, 677, 595, 578, 612, 633, 588, 472, 577, 560, 485, 523, 488, 466, 460, 564, 564, 463, 427, 508, 599, 515, 495, 583, 647, 533, 487, 609, 667, 617, 569, 484, 505, 569, 621, 607, 523, 538, 540, 579, 599, 554, 573, 589, 564, 597, 616, 584, 565, 583, 540, 508, 609, 619, 571, 555, 502, 635, 603, 498, 544, 649, 656, 570, 480, 572, 626, 605, 568, 554, 614, 517, 469, 567, 599, 541, 526, 527, 614, 578, 620, 653, 627, 576, 602, 585, 584, 557, 592, 582, 548, 492, 545, 557, 531, 536, 562, 553, 551, 531, 566, 532, 528, 619, 568, 500, 491, 493, 582, 563, 507, 593, 572, 551, 550, 627, 639, 497, 532, 608, 584, 582, 633, 650, 569, 600, 687, 671, 607, 648, 683, 681, 644, 727, 746, 511, 611, 637, 586, 556, 614, 705, 612, 622, 651, 613, 558, 532, 572, 629, 638, 588, 609, 574, 602, 553, 536, 620, 604, 489, 543, 670, 599, 561, 576, 598, 613, 477, 492, 598, 477, 523, 515, 492, 530, 532, 545, 522, 530, 540, 488, 497, 557, 533, 550, 550, 542, 514, 518, 538, 522, 489, 522, 469, 508, 547, 516, 549, 492, 485, 503, 463, 415, 547, 543, 436, 478, 496, 476, 399, 410, 510, 542, 530, 479, 429, 516, 427, 395, 487, 490, 468, 390, 403, 465, 444, 402, 462, 461, 431, 383, 350, 345, 377, 409, 383, 433, 424, 402, 413, 438, 466, 431, 407, 428, 456, 428, 417, 400, 405, 377, 374, 397, 405, 398, 399, 404, 388, 376, 445, 415, 434, 464]"
-0.28060564398765564,0.0,0.0,0.0,0.0,0.0,0.0,-0.8960418701171875,0.9568691253662109,15.25,-0.5395584106445312,0.7711887359619141,18.25,-0.4447154998779297,0.6860733032226562,22.25,-0.2726249694824219,0.9276866912841797,17.0,-0.1631908416748047,0.8025169372558594,24.75,"[543, 539, 548, 554, 464, 555, 550, 537, 565, 416, 481, 632, 649, 508, 571, 630, 574, 488, 485, 680, 684, 563, 516, 526, 511, 501, 462, 523, 552, 518, 509, 528, 436, 419, 486, 553, 504, 525, 571, 560, 452, 489, 506, 532, 524, 576, 548, 497, 468, 426, 443, 565, 601, 553, 557, 507, 474, 507, 502, 491, 561, 578, 496, 468, 493, 408, 476, 501, 489, 511, 496, 476, 401, 366, 447, 504, 467, 456, 438, 428, 483, 469, 463, 516, 516, 526, 556, 527, 670, 625, 588, 547, 535, 545, 552, 633, 672, 637, 573, 580, 572, 526, 525, 600, 568, 551, 502, 508, 616, 585, 474, 460, 566, 534, 550, 598, 524, 592, 574, 495, 551, 521, 550, 620, 569, 596, 631, 550, 527, 547, 487, 517, 562, 530, 471, 514, 527, 543, 501, 511, 522, 443, 528, 536, 597, 619, 476, 543, 589, 494, 566, 578, 574, 589, 457, 426, 542, 558, 543, 519, 501, 578, 541, 473, 456, 518, 548, 467, 567, 608, 579, 590, 591, 511, 568, 557, 577, 612, 485, 508, 595, 564, 567, 606, 568, 584, 505, 510, 544, 501, 567, 565, 605, 664, 648, 610, 600, 618, 583, 566, 657, 747, 708, 632, 656, 606, 562, 566, 561, 528, 549, 553, 547, 572, 507, 538, 418, 489, 477, 454, 540, 592, 573, 501, 460, 524, 495, 471, 553, 525, 558, 538, 523, 544, 549, 463, 477, 513, 552, 606, 585, 537, 569, 585, 581, 529, 480, 589, 552, 507, 585, 570, 589, 637, 519, 535, 607, 534, 526, 625, 608, 558, 525, 574, 565, 516, 546, 523, 589, 604, 498, 537, 570, 505, 510, 451, 449, 557, 520, 500, 571, 466, 514, 547, 554, 527, 516, 572, 594, 531, 526, 666, 624, 530, 473, 562, 618, 622, 516, 497, 495, 535, 521, 554, 525, 520, 457, 528, 596, 626, 537, 514, 604, 564, 555, 651, 673, 678, 651, 583, 597, 629, 628, 550, 577, 655, 558, 601, 624, 591, 667, 632, 612, 749, 669, 660, 1021, 694, 826, 1057, 1049, 761, 1178, 1452, 1851, 808, 1397, 1916, 1746, 774, 2487, 3100, 2096, 1249, 2232, 2149, 1665, 1278, 4095, 4528, 3539, 2175, 4241, 3367, 2398, 2153, 6570, 7417, 3468, 2476, 4868, 3690, 2291, 2261, 6619, 7422, 1974, 1686, 2773, 2283, 1391, 1591, 3733, 3994, 1943, 3234, 2801, 1600, 1215, 2488, 3134, 2142, 1921, 7959, 7921, 4446, 1947, 6739, 10853, 7589, 1365, 8148, 8602, 5075, 1547, 7145, 12159, 9023, 2427, 3529, 3897, 2579, 1183, 2976, 4803, 4145, 2338, 1255, 2126, 2026, 1328, 1115, 2897, 3691, 1025, 991, 1231, 1087, 776, 1047, 1718, 1691, 633, 800, 803, 679, 510, 683, 886, 862, 577, 671, 755, 650, 534, 632, 752, 784, 556, 598, 745, 657, 518, 531, 667, 706, 640, 635, 705, 700, 603, 552, 657, 681, 600, 503, 498, 511, 494, 538, 634, 667, 473, 484, 596, 560, 478, 480, 646, 662, 627, 695, 738, 609, 542, 682, 739, 701, 688, 832, 871, 686, 614, 774, 808, 659, 588, 697, 701, 628, 657, 669, 682, 663, 661, 564, 518, 619, 682, 575, 578, 693, 565, 614, 620, 602, 686, 675, 619, 614, 660, 751, 861, 778, 757, 733, 696, 715, 912, 1096, 1171, 939, 727, 672, 687, 786, 947, 986, 961, 813, 644, 762, 704, 693, 692, 708, 620, 540, 550, 685, 666, 604, 860, 998, 799, 657, 688, 778, 737, 645, 650, 786, 728, 594, 623, 659, 710, 628, 1115, 1219, 1194, 1140, 971, 840, 766, 989, 1745, 1517, 1355, 1608, 1450, 1371, 765, 1335, 1369, 1067, 1230, 1574, 1290, 1118, 674, 1105, 681, 647, 852, 830, 769, 836, 653, 623, 625, 634, 625, 722, 719, 685, 611, 632, 636, 700, 690, 665, 683, 659, 615, 678, 651, 738, 733, 596, 669, 690, 637, 686, 660, 696, 610, 566, 673, 652, 513, 567, 581, 583, 602, 503, 554, 647, 610, 582, 487, 471, 652, 606, 472, 681, 727, 630, 741, 671, 670, 653, 584, 795, 837, 708, 773, 642, 646, 653, 546, 625, 665, 756, 700, 536, 532, 613, 567, 458, 563, 727, 600, 611, 576, 511, 590, 618, 599, 602, 627, 630, 590, 594, 660, 713, 598, 619, 488, 533, 656, 649, 684, 712, 629, 514, 626, 595, 572, 626, 567, 551, 596, 605, 615, 650, 569, 519, 584, 611, 600, 600, 542, 525, 504, 495, 539, 605, 581, 525, 594, 577, 597, 564, 593, 661, 548, 495, 558, 577, 636, 669, 564, 546, 661, 609, 474, 473, 509, 670, 577, 494, 610, 578, 470, 575, 615, 594, 528, 531, 555, 483, 527, 566, 652, 616, 475, 507, 538, 568, 582, 500, 565, 540, 492, 538, 545, 644, 503, 554, 521, 511, 477, 437, 479, 438, 455, 618, 634, 513, 512, 528, 548, 515, 546, 584, 622, 571, 515, 534, 477, 497, 629, 544, 652, 727, 578, 552, 568, 606, 625, 559, 615, 653, 617, 569, 562, 666, 543, 538, 604, 507, 525, 579, 507, 517, 568, 629, 619, 508, 569, 662, 595, 533, 584, 589, 650, 608, 607, 602, 574, 637, 535, 650, 677, 514, 536, 590, 656, 631, 576, 574, 591, 621, 705, 652, 699, 666, 516, 586, 541, 502, 641, 693, 659, 549, 625, 659, 688, 573, 568, 637, 659, 679, 636, 681, 646, 658, 592, 594, 729, 707, 732, 757, 694, 660, 607, 589, 607, 660, 590, 618, 632, 573, 569, 514, 597, 641, 590, 630, 578, 552, 548, 522, 589, 540, 504, 543, 590, 557, 498, 564, 633, 568, 497, 512, 653, 601, 510, 480, 595, 608, 483, 571, 600, 499, 462, 546, 654, 565, 538, 533, 552, 521, 535, 587, 628, 606, 614, 564, 556, 556, 600, 610, 558, 540, 622, 529, 586, 654, 621, 544, 520, 610, 573, 446, 433, 562, 569, 508, 474, 541, 445, 477, 468, 531, 531, 494, 571, 552, 478, 494, 535, 453, 414, 487, 534, 485, 531, 510, 509, 491, 452, 475, 488, 514, 508, 463, 379, 495, 472, 424, 471, 483, 355, 478, 477, 482, 432, 428, 442, 381, 351, 347, 402, 363, 371, 364, 407, 409, 383, 395, 475, 437, 401, 431, 424, 418, 438, 442, 436, 400, 373, 462, 489, 419, 492, 521, 440, 392, 402, 370, 420, 471]"
-0.3149222135543823,0.035901449620723724,-0.004957587458193302,-0.070235475897789,0.0546317957341671,-0.020370054990053177,-0.07313685119152069,-1.0187883377075195,1.1981964111328125,23.75,-0.8311052322387695,1.0562896728515625,-30.75,-0.7255334854125977,0.9997844696044922,-30.75,-0.15075397491455078,0.6241321563720703,-32.0,-0.09110164642333984,0.5603313446044922,25.75,"[499, 516, 524, 565, 648, 564, 523, 519, 435, 556, 660, 719, 710, 591, 605, 525, 407, 500, 543, 617, 588, 600, 649, 482, 423, 451, 504, 505, 494, 502, 549, 482, 495, 490, 488, 553, 457, 433, 446, 457, 573, 509, 531, 582, 515, 488, 463, 519, 540, 464, 467, 495, 519, 503, 473, 575, 593, 542, 432, 513, 541, 500, 494, 545, 532, 555, 461, 517, 499, 507, 539, 518, 536, 475, 543, 632, 552, 461, 507, 576, 567, 491, 492, 595, 590, 527, 466, 524, 501, 502, 543, 557, 550, 546, 535, 531, 508, 479, 500, 638, 629, 510, 561, 527, 492, 511, 546, 588, 543, 544, 635, 609, 541, 528, 567, 563, 542, 565, 617, 599, 567, 551, 512, 510, 461, 512, 509, 491, 502, 514, 495, 531, 560, 551, 511, 423, 576, 671, 539, 638, 713, 586, 515, 452, 500, 586, 596, 574, 602, 586, 590, 529, 624, 561, 526, 604, 662, 678, 539, 559, 598, 503, 475, 517, 528, 584, 520, 500, 569, 577, 616, 522, 492, 615, 566, 490, 543, 561, 605, 568, 517, 527, 524, 550, 513, 460, 609, 628, 608, 578, 571, 615, 484, 498, 531, 539, 493, 522, 533, 524, 518, 514, 524, 549, 487, 520, 536, 496, 617, 639, 524, 542, 466, 536, 575, 518, 585, 646, 590, 629, 530, 630, 649, 566, 423, 506, 569, 557, 596, 619, 631, 534, 450, 518, 573, 577, 562, 541, 593, 567, 507, 544, 557, 608, 589, 581, 639, 597, 588, 695, 606, 498, 581, 652, 638, 526, 561, 572, 515, 478, 558, 583, 545, 512, 576, 516, 500, 519, 534, 507, 446, 489, 462, 498, 443, 434, 464, 528, 501, 391, 593, 528, 565, 606, 472, 528, 585, 608, 537, 563, 560, 619, 596, 507, 552, 602, 501, 568, 548, 539, 621, 646, 597, 509, 493, 611, 645, 559, 543, 542, 587, 538, 511, 544, 607, 630, 530, 589, 651, 527, 475, 453, 603, 679, 556, 471, 558, 543, 762, 619, 789, 915, 816, 664, 1026, 1038, 1566, 814, 1670, 2035, 1554, 960, 2774, 3046, 1919, 942, 1448, 2064, 1860, 833, 1937, 2544, 3152, 2995, 4228, 3347, 2343, 3363, 8590, 8579, 11059, 6591, 11994, 10184, 8021, 7556, 22470, 24389, 13319, 7141, 13584, 11577, 9361, 8171, 24436, 27316, 7762, 4761, 7262, 7095, 5473, 5030, 12153, 13673, 2752, 10282, 11636, 5994, 2213, 8843, 14626, 11499, 4632, 16373, 20171, 9393, 1390, 14090, 27735, 24403, 3807, 10376, 13570, 6674, 1003, 8802, 18323, 16907, 1908, 2584, 3294, 2018, 1095, 2047, 3278, 3382, 1409, 1494, 1664, 1190, 991, 1027, 1049, 1423, 738, 1281, 1366, 897, 694, 950, 1230, 1023, 673, 890, 941, 717, 563, 691, 752, 694, 744, 976, 907, 710, 654, 789, 729, 561, 913, 1405, 1311, 722, 658, 804, 854, 714, 794, 1144, 1111, 700, 581, 709, 827, 711, 665, 636, 646, 718, 716, 587, 561, 643, 603, 544, 573, 642, 714, 602, 532, 588, 595, 704, 676, 583, 641, 628, 597, 589, 622, 720, 800, 760, 671, 719, 793, 763, 670, 817, 903, 798, 643, 651, 779, 748, 717, 898, 845, 629, 654, 622, 513, 584, 824, 875, 747, 582, 540, 727, 635, 546, 1210, 1559, 1226, 720, 704, 907, 1002, 810, 2066, 3643, 3122, 1286, 1001, 1494, 2202, 1401, 2681, 4955, 4222, 1533, 1330, 1854, 2687, 1593, 1791, 3209, 2848, 1259, 1086, 1476, 1814, 1049, 1101, 926, 906, 1191, 1186, 996, 826, 966, 1287, 1477, 1504, 1487, 1430, 1274, 662, 980, 1094, 1230, 1039, 913, 953, 1041, 958, 844, 1015, 860, 907, 1021, 876, 917, 853, 824, 1126, 837, 669, 725, 827, 1033, 733, 736, 941, 783, 571, 690, 981, 963, 590, 764, 640, 783, 757, 640, 769, 801, 673, 685, 545, 723, 803, 700, 671, 647, 684, 617, 694, 696, 653, 676, 684, 640, 601, 611, 709, 567, 509, 702, 775, 626, 566, 698, 722, 642, 643, 817, 811, 720, 664, 671, 631, 678, 811, 753, 647, 614, 686, 636, 620, 635, 691, 708, 565, 748, 808, 661, 589, 665, 686, 633, 599, 686, 848, 714, 644, 737, 611, 586, 680, 664, 803, 664, 627, 652, 455, 521, 647, 557, 537, 556, 648, 655, 554, 677, 717, 609, 541, 639, 584, 651, 624, 612, 649, 653, 655, 577, 562, 519, 524, 560, 523, 537, 555, 559, 652, 570, 611, 583, 635, 616, 506, 648, 574, 689, 699, 598, 624, 678, 655, 629, 587, 631, 579, 528, 616, 722, 730, 635, 539, 651, 667, 580, 602, 743, 636, 534, 665, 682, 620, 571, 551, 619, 547, 563, 604, 569, 608, 653, 555, 395, 410, 491, 566, 561, 575, 648, 564, 450, 504, 527, 610, 586, 561, 665, 530, 512, 628, 565, 523, 521, 571, 535, 460, 481, 538, 552, 595, 602, 625, 514, 491, 561, 596, 575, 524, 576, 625, 592, 524, 501, 609, 605, 632, 576, 569, 600, 561, 504, 425, 538, 657, 546, 497, 535, 614, 604, 450, 553, 559, 548, 519, 631, 668, 570, 568, 601, 566, 546, 554, 629, 587, 508, 593, 611, 473, 544, 586, 597, 556, 576, 660, 558, 509, 571, 618, 705, 568, 536, 621, 565, 588, 706, 620, 586, 564, 545, 509, 449, 655, 730, 751, 659, 536, 623, 635, 592, 496, 533, 717, 745, 536, 544, 701, 658, 701, 673, 746, 724, 583, 647, 692, 720, 688, 768, 892, 733, 523, 649, 761, 782, 623, 941, 1203, 808, 541, 699, 1025, 1044, 614, 715, 840, 675, 593, 590, 712, 745, 634, 589, 582, 554, 505, 550, 575, 602, 637, 582, 563, 602, 526, 576, 604, 642, 548, 670, 550, 493, 601, 703, 689, 482, 508, 664, 611, 506, 520, 642, 811, 636, 515, 588, 605, 604, 468, 615, 709, 535, 560, 600, 540, 619, 590, 606, 643, 555, 560, 457, 510, 668, 657, 562, 578, 648, 602, 480, 506, 617, 594, 538, 508, 597, 522, 516, 489, 565, 556, 506, 507, 501, 477, 528, 492, 507, 485, 510, 525, 465, 402, 458, 482, 456, 444, 477, 541, 425, 415, 489, 469, 521, 542, 450, 523, 514, 384, 414, 433, 496, 468, 403, 439, 436, 415, 400, 370, 446, 440, 399, 516, 476, 433, 452, 454, 396, 483, 432, 448, 464, 463, 417, 420, 424, 534, 433, 373, 491]"
-0.3950210213661194,0.044643327593803406,-0.0198044553399086,-0.22824864089488983,0.0899801105260849,-0.06882072985172272,-0.23409759998321533,-0.674355149269104,0.9691715240478516,20.75,-0.5107046365737915,0.7281303405761719,-28.25,-0.47379744052886963,0.7248401641845703,-31.5,-0.39111387729644775,0.4700660705566406,30.25,-0.22374403476715088,0.9009361267089844,20.25,"[603, 594, 627, 694, 794, 696, 627, 591, 558, 580, 724, 736, 711, 710, 686, 650, 653, 690, 645, 596, 556, 716, 700, 582, 626, 703, 532, 598, 612, 573, 591, 495, 485, 497, 467, 534, 575, 514, 506, 465, 531, 589, 501, 512, 552, 542, 490, 444, 548, 517, 468, 510, 512, 464, 483, 502, 558, 607, 508, 492, 524, 485, 542, 510, 498, 544, 539, 526, 494, 471, 549, 517, 466, 580, 582, 497, 532, 582, 561, 460, 468, 499, 491, 535, 488, 432, 512, 512, 439, 435, 563, 569, 492, 462, 588, 588, 527, 464, 528, 537, 536, 530, 489, 503, 573, 481, 530, 561, 539, 553, 546, 522, 604, 562, 515, 467, 540, 674, 620, 494, 498, 511, 611, 517, 569, 652, 590, 543, 597, 599, 585, 533, 541, 622, 516, 474, 599, 630, 599, 600, 580, 604, 594, 564, 545, 632, 596, 541, 574, 583, 620, 585, 573, 532, 543, 669, 585, 504, 613, 620, 524, 509, 562, 582, 541, 505, 602, 603, 581, 604, 575, 544, 546, 623, 572, 552, 577, 632, 567, 526, 563, 615, 570, 511, 502, 557, 497, 489, 486, 477, 478, 449, 545, 515, 469, 582, 604, 513, 456, 476, 606, 452, 478, 557, 534, 475, 386, 540, 509, 475, 507, 481, 481, 478, 491, 523, 575, 561, 636, 626, 506, 486, 570, 573, 587, 603, 605, 567, 520, 535, 599, 652, 700, 701, 628, 592, 631, 628, 593, 649, 683, 568, 552, 564, 544, 516, 552, 631, 592, 585, 640, 625, 556, 535, 616, 614, 558, 525, 594, 555, 538, 601, 575, 568, 615, 544, 604, 583, 545, 437, 522, 669, 722, 606, 637, 557, 609, 597, 605, 711, 619, 523, 547, 476, 529, 532, 550, 576, 593, 539, 523, 467, 497, 482, 427, 563, 547, 549, 617, 576, 475, 512, 538, 537, 521, 476, 520, 705, 598, 402, 522, 546, 566, 636, 625, 655, 615, 592, 626, 529, 675, 605, 612, 749, 787, 544, 679, 794, 1324, 648, 1028, 1398, 1348, 637, 1497, 1956, 2265, 976, 1511, 2179, 2096, 1072, 2405, 3114, 3076, 2637, 3491, 3643, 2544, 3227, 5884, 5854, 11066, 6295, 12555, 12288, 8172, 7901, 23053, 24614, 18512, 7469, 18526, 18837, 13725, 9228, 33042, 37573, 13623, 3920, 12788, 13445, 9813, 4834, 20907, 25263, 6619, 3355, 2994, 4744, 4282, 2417, 2947, 6209, 3536, 11032, 9854, 3704, 2676, 8713, 12519, 8580, 3133, 12840, 14064, 6858, 1899, 9630, 16421, 12996, 3005, 9056, 10994, 6088, 1266, 6664, 12263, 10497, 1963, 5868, 7115, 3750, 939, 4302, 8342, 7318, 717, 3455, 3864, 1911, 636, 2433, 4465, 3626, 728, 2129, 2169, 997, 595, 1322, 2149, 1600, 803, 1359, 1280, 740, 555, 933, 1361, 1076, 850, 1326, 1289, 730, 660, 950, 1419, 1153, 986, 1744, 1557, 834, 845, 1043, 1558, 1240, 837, 1168, 1109, 869, 724, 805, 1034, 963, 740, 845, 826, 628, 661, 724, 793, 633, 757, 810, 865, 689, 655, 707, 773, 862, 734, 692, 756, 619, 611, 621, 697, 795, 743, 769, 672, 571, 591, 611, 591, 697, 701, 930, 830, 663, 653, 722, 649, 501, 732, 717, 681, 636, 632, 669, 596, 630, 695, 661, 682, 637, 618, 624, 529, 575, 793, 1315, 1523, 1010, 602, 742, 1016, 923, 1558, 2998, 2650, 1154, 917, 1300, 1809, 1039, 1906, 3563, 3175, 1396, 1276, 1888, 2221, 1097, 1330, 2632, 2949, 1728, 999, 1785, 1798, 1155, 1311, 1833, 2042, 1410, 730, 1287, 1250, 1014, 1701, 1741, 1303, 949, 1127, 1849, 1564, 943, 2061, 2182, 1512, 1241, 1617, 1951, 1428, 1076, 1742, 1614, 1386, 1374, 1528, 1505, 850, 1153, 1010, 1058, 1152, 1073, 1073, 1027, 710, 866, 646, 754, 908, 801, 761, 868, 812, 785, 675, 620, 744, 755, 649, 573, 753, 894, 650, 594, 753, 752, 609, 580, 602, 688, 606, 570, 710, 729, 632, 640, 576, 619, 635, 674, 748, 809, 653, 588, 695, 651, 673, 675, 689, 801, 719, 642, 788, 750, 762, 763, 665, 713, 677, 664, 700, 690, 689, 685, 674, 665, 747, 748, 604, 662, 778, 751, 714, 622, 598, 700, 633, 712, 594, 608, 639, 640, 580, 516, 593, 631, 596, 720, 633, 586, 597, 523, 636, 649, 710, 712, 649, 619, 613, 559, 655, 688, 593, 641, 731, 700, 633, 730, 709, 617, 692, 639, 662, 682, 607, 696, 783, 741, 544, 557, 517, 579, 635, 606, 642, 614, 536, 499, 607, 668, 731, 675, 656, 623, 589, 623, 641, 645, 698, 680, 665, 700, 619, 583, 577, 624, 630, 636, 700, 739, 518, 525, 546, 575, 528, 569, 738, 665, 513, 532, 589, 536, 589, 531, 677, 720, 494, 469, 452, 495, 559, 520, 567, 605, 605, 602, 587, 557, 556, 580, 641, 611, 545, 594, 622, 537, 552, 547, 533, 497, 652, 564, 524, 584, 591, 556, 538, 643, 610, 583, 573, 554, 607, 627, 595, 656, 624, 614, 564, 611, 676, 657, 654, 655, 674, 671, 560, 504, 692, 718, 572, 547, 690, 617, 580, 583, 660, 600, 527, 622, 667, 591, 528, 609, 649, 740, 671, 591, 620, 593, 546, 631, 659, 666, 654, 628, 619, 612, 561, 660, 600, 554, 595, 625, 630, 660, 648, 663, 598, 520, 559, 612, 609, 639, 613, 665, 599, 517, 570, 596, 582, 668, 621, 622, 674, 619, 684, 628, 527, 563, 636, 540, 515, 657, 704, 583, 629, 681, 704, 598, 539, 689, 850, 791, 737, 816, 1151, 859, 534, 678, 910, 1069, 641, 719, 1104, 900, 580, 662, 755, 899, 547, 567, 660, 624, 598, 662, 618, 595, 612, 637, 638, 640, 623, 744, 724, 617, 599, 693, 652, 546, 467, 594, 836, 741, 551, 821, 868, 668, 526, 729, 1109, 974, 443, 789, 817, 600, 482, 628, 1007, 844, 506, 651, 639, 567, 541, 535, 653, 612, 564, 540, 477, 467, 522, 584, 571, 552, 587, 558, 566, 586, 528, 560, 544, 538, 481, 517, 541, 533, 512, 530, 523, 446, 438, 425, 507, 497, 424, 457, 517, 459, 348, 469, 618, 491, 344, 509, 607, 483, 408, 450, 512, 421, 428, 474, 525, 508, 401, 435, 427, 425, 415, 396, 402, 404, 421, 409, 479, 432, 378, 453, 468, 499, 444, 369, 401, 417, 410, 378, 398, 445, 456, 403, 371, 487, 500, 384, 404, 472]"
-0.4749334156513214,0.054308630526065826,0.07046861201524734,-0.40250152349472046,0.0437898114323616,0.11149413883686066,-0.4409147799015045,-1.4946340322494507,1.2185096740722656,17.5,-0.7041333913803101,0.9650230407714844,18.5,-0.6623624563217163,0.9282588958740234,26.25,-0.24794328212738037,0.7634639739990234,19.5,-0.23235070705413818,0.7740497589111328,18.5,"[589, 649, 703, 636, 489, 631, 702, 654, 509, 655, 729, 708, 574, 580, 689, 622, 564, 693, 646, 505, 528, 611, 583, 523, 597, 582, 582, 527, 530, 584, 568, 490, 488, 477, 496, 527, 528, 549, 504, 443, 432, 411, 488, 497, 509, 505, 484, 453, 526, 546, 556, 482, 565, 581, 632, 575, 606, 579, 559, 502, 596, 569, 612, 581, 571, 547, 558, 508, 525, 473, 481, 557, 562, 551, 562, 574, 546, 513, 510, 502, 544, 586, 577, 619, 597, 535, 516, 503, 483, 488, 503, 579, 597, 474, 382, 454, 496, 528, 481, 447, 563, 560, 432, 474, 515, 556, 533, 472, 559, 574, 523, 518, 500, 537, 563, 434, 489, 513, 543, 504, 554, 511, 542, 573, 531, 620, 561, 528, 521, 504, 466, 479, 531, 529, 486, 449, 557, 539, 509, 527, 594, 487, 434, 501, 534, 453, 469, 576, 565, 528, 534, 569, 544, 593, 627, 592, 561, 674, 688, 584, 522, 562, 599, 511, 484, 583, 543, 475, 394, 509, 599, 434, 419, 559, 552, 465, 405, 485, 532, 413, 485, 534, 496, 496, 499, 441, 436, 457, 489, 578, 520, 474, 497, 466, 478, 458, 494, 632, 578, 544, 565, 535, 547, 544, 585, 622, 614, 564, 493, 479, 493, 560, 518, 498, 541, 543, 559, 499, 498, 531, 567, 505, 464, 577, 601, 522, 472, 529, 487, 531, 559, 602, 689, 576, 548, 507, 520, 545, 577, 647, 601, 538, 538, 518, 583, 588, 612, 654, 517, 520, 500, 516, 542, 552, 566, 529, 492, 454, 515, 523, 552, 639, 555, 505, 562, 612, 650, 533, 656, 726, 673, 557, 575, 581, 554, 592, 669, 664, 639, 580, 567, 583, 554, 559, 603, 624, 628, 571, 509, 530, 534, 483, 531, 637, 650, 572, 524, 540, 556, 520, 510, 647, 675, 603, 651, 650, 729, 659, 565, 682, 796, 694, 988, 725, 903, 982, 813, 896, 1351, 1373, 2596, 840, 1972, 2726, 2250, 988, 3514, 4349, 3083, 889, 2445, 3357, 2674, 750, 3530, 4736, 1516, 957, 1533, 1695, 1359, 969, 2109, 2365, 1971, 1583, 2337, 2339, 1547, 1946, 4766, 4779, 6150, 4737, 7389, 6003, 4398, 5276, 13384, 13901, 8582, 6244, 10331, 8067, 5995, 6365, 16897, 18243, 5226, 6224, 8672, 6309, 3702, 5633, 12707, 12531, 4378, 11407, 11097, 5809, 2898, 9454, 15692, 11773, 5645, 14453, 13236, 6781, 3472, 11083, 18076, 13788, 4649, 8928, 9444, 5751, 2695, 6443, 12013, 10471, 2815, 4969, 6733, 4221, 1657, 3686, 8275, 7994, 1226, 5155, 6443, 3620, 892, 3380, 6930, 6152, 1431, 5161, 5854, 3151, 927, 3308, 5780, 4587, 1747, 5244, 5602, 2696, 1042, 3116, 5235, 4056, 1296, 3993, 4211, 1990, 884, 2513, 4220, 3246, 1044, 1922, 2168, 1474, 776, 1803, 2827, 2388, 886, 1358, 1623, 1133, 675, 1246, 2008, 1872, 791, 933, 1095, 909, 658, 823, 1235, 1262, 913, 1003, 942, 737, 630, 788, 1007, 977, 724, 744, 838, 740, 589, 724, 820, 796, 588, 714, 772, 599, 574, 597, 725, 712, 640, 905, 860, 579, 603, 748, 868, 746, 727, 948, 802, 685, 743, 963, 1048, 792, 704, 732, 827, 808, 660, 845, 874, 748, 799, 700, 755, 788, 701, 771, 798, 765, 987, 999, 825, 706, 757, 948, 956, 830, 1362, 2599, 2522, 1130, 1043, 1640, 1449, 866, 1949, 3957, 3862, 1811, 1554, 1994, 1744, 1237, 2326, 2909, 2903, 2311, 1519, 1209, 1680, 1455, 3055, 3461, 3576, 3190, 1648, 2811, 3295, 2116, 2439, 2939, 3330, 2879, 1375, 2324, 2740, 1760, 1509, 2055, 2471, 2321, 1393, 1434, 1723, 1176, 1064, 1363, 1899, 1839, 1127, 1160, 1263, 996, 777, 832, 1154, 1039, 802, 938, 936, 836, 651, 813, 789, 643, 684, 810, 757, 589, 692, 851, 933, 737, 722, 794, 757, 718, 730, 893, 829, 735, 684, 842, 809, 678, 830, 876, 763, 686, 630, 830, 753, 663, 771, 884, 847, 771, 668, 775, 747, 631, 751, 782, 888, 850, 672, 747, 673, 630, 674, 704, 887, 886, 621, 663, 635, 605, 654, 708, 755, 792, 754, 674, 699, 677, 656, 660, 662, 723, 713, 635, 634, 652, 598, 638, 718, 662, 618, 595, 639, 685, 604, 535, 657, 601, 593, 664, 674, 683, 700, 653, 774, 749, 622, 707, 748, 731, 655, 703, 759, 743, 724, 693, 803, 727, 561, 680, 643, 610, 644, 750, 813, 660, 619, 577, 630, 681, 606, 647, 738, 720, 653, 575, 730, 716, 579, 573, 699, 777, 605, 562, 626, 634, 585, 645, 688, 692, 644, 621, 760, 770, 666, 628, 653, 737, 513, 622, 726, 677, 604, 567, 567, 492, 529, 618, 658, 636, 678, 653, 589, 549, 515, 603, 617, 575, 598, 621, 577, 539, 559, 573, 603, 584, 534, 585, 572, 548, 540, 484, 584, 612, 500, 520, 599, 592, 504, 527, 555, 584, 558, 511, 517, 583, 599, 611, 599, 674, 604, 502, 643, 655, 573, 581, 574, 660, 613, 577, 594, 596, 606, 630, 656, 678, 623, 614, 658, 667, 650, 634, 622, 624, 628, 689, 745, 712, 621, 548, 537, 550, 552, 578, 648, 693, 722, 617, 551, 571, 686, 581, 696, 822, 573, 618, 513, 549, 648, 566, 626, 612, 633, 592, 598, 650, 731, 656, 559, 554, 683, 775, 735, 583, 752, 846, 629, 609, 906, 843, 720, 673, 746, 736, 595, 732, 922, 759, 761, 804, 700, 793, 699, 864, 667, 770, 769, 630, 771, 810, 835, 886, 661, 910, 961, 692, 725, 890, 901, 804, 774, 1151, 1329, 800, 645, 952, 1206, 1179, 882, 994, 1085, 831, 711, 767, 1069, 1210, 1034, 1097, 896, 806, 769, 890, 1013, 968, 1017, 1617, 1665, 1137, 742, 1345, 1843, 1450, 746, 1359, 1501, 1120, 694, 1440, 1990, 1462, 669, 846, 959, 804, 569, 867, 1090, 856, 637, 735, 689, 702, 633, 609, 679, 635, 585, 496, 665, 696, 640, 520, 583, 645, 450, 553, 651, 504, 517, 541, 611, 585, 481, 590, 633, 519, 449, 495, 540, 490, 554, 664, 594, 544, 515, 528, 533, 498, 523, 530, 486, 434, 454, 453, 439, 518, 435, 433, 516, 559, 470, 425, 504, 487, 477, 443, 472, 558, 468, 350, 467, 527, 485, 518, 444, 439, 499, 419, 418, 463, 459, 457, 448, 395, 466, 405, 394, 483, 433, 484, 482, 423, 457, 417, 440, 389]"
-0.5189244151115417,0.069713294506073,0.1453026980161667,-0.45849817991256714,0.031553640961647034,0.2242329865694046,-0.4674430787563324,-1.21688973903656,1.0494232177734375,21.75,-1.040793776512146,0.9640216827392578,22.0,-0.9562505483627319,2.321004867553711,17.25,-0.5688680410385132,0.7216930389404297,18.75,0.005482316017150879,1.9327640533447266,17.25,"[498, 585, 613, 521, 515, 522, 612, 584, 554, 568, 559, 550, 540, 539, 615, 608, 484, 525, 552, 500, 435, 576, 622, 543, 459, 488, 461, 449, 471, 518, 458, 461, 480, 461, 492, 471, 465, 480, 435, 487, 552, 434, 528, 482, 500, 567, 544, 615, 604, 515, 509, 532, 455, 544, 517, 562, 448, 463, 505, 499, 499, 487, 532, 540, 454, 539, 520, 527, 496, 539, 530, 463, 476, 514, 477, 549, 574, 570, 589, 536, 490, 498, 444, 563, 540, 459, 509, 501, 489, 522, 505, 502, 533, 498, 494, 473, 417, 488, 508, 489, 441, 396, 444, 471, 636, 590, 541, 606, 644, 531, 485, 596, 655, 608, 531, 583, 652, 580, 477, 618, 673, 603, 533, 595, 660, 557, 523, 603, 657, 622, 581, 602, 571, 518, 528, 605, 654, 532, 521, 582, 584, 630, 536, 619, 557, 512, 546, 563, 526, 612, 614, 613, 431, 528, 615, 552, 531, 559, 577, 528, 436, 477, 498, 482, 502, 543, 596, 501, 475, 491, 537, 582, 584, 581, 559, 494, 556, 555, 532, 488, 574, 700, 619, 518, 527, 644, 587, 422, 565, 657, 622, 511, 623, 738, 648, 535, 507, 649, 644, 513, 573, 686, 639, 599, 604, 577, 631, 560, 471, 574, 569, 508, 558, 550, 568, 517, 605, 674, 575, 512, 704, 696, 570, 510, 552, 597, 624, 647, 606, 550, 570, 597, 635, 514, 564, 684, 548, 508, 556, 610, 543, 590, 532, 490, 508, 539, 510, 497, 519, 550, 555, 507, 563, 584, 559, 543, 574, 503, 384, 429, 479, 479, 465, 494, 501, 484, 463, 486, 538, 508, 460, 497, 551, 492, 517, 560, 567, 530, 452, 536, 556, 517, 511, 527, 569, 586, 608, 613, 572, 495, 475, 523, 474, 511, 547, 540, 565, 620, 662, 678, 565, 609, 813, 744, 1113, 1028, 1393, 1447, 1012, 1207, 2476, 2403, 2911, 1691, 3028, 3524, 2506, 2016, 6076, 6452, 3317, 1530, 3102, 3799, 2906, 1765, 6148, 6841, 1900, 953, 1789, 2196, 1716, 1089, 3484, 3858, 1174, 1210, 1540, 1544, 1072, 1371, 2665, 2460, 4208, 3329, 4961, 4008, 2983, 3740, 8950, 9237, 9360, 5807, 10106, 7726, 6392, 6354, 18443, 20133, 10151, 4755, 9523, 7927, 7116, 5320, 17811, 20425, 4958, 1732, 3683, 4095, 3846, 2196, 7655, 9166, 999, 2244, 2546, 2362, 1563, 1803, 3150, 2398, 2082, 3086, 3939, 3088, 1132, 2486, 4571, 4282, 2246, 1715, 2727, 2250, 1140, 1673, 3283, 3659, 3744, 2128, 5122, 4015, 1818, 1485, 5547, 7032, 4754, 4617, 8568, 5959, 2250, 2870, 9187, 10662, 4248, 5563, 7098, 4704, 2116, 3760, 7667, 8045, 3864, 8080, 10457, 6424, 1945, 5133, 10210, 9637, 2054, 5216, 6185, 3532, 1206, 3018, 5462, 4765, 1170, 2512, 2832, 1628, 804, 1530, 2352, 1998, 907, 1695, 1855, 1084, 690, 1101, 1581, 1399, 683, 1160, 1174, 740, 684, 799, 1053, 908, 649, 800, 951, 757, 597, 706, 1037, 1101, 649, 868, 1109, 758, 571, 783, 1299, 1306, 643, 911, 1067, 805, 607, 834, 1312, 1181, 702, 905, 946, 682, 601, 872, 1083, 952, 741, 1002, 994, 639, 617, 1026, 1176, 945, 1115, 1674, 1406, 785, 748, 1136, 1379, 856, 1486, 2174, 1621, 789, 856, 1200, 1319, 732, 1195, 1793, 1464, 761, 897, 1183, 1202, 790, 972, 1497, 1238, 774, 811, 1390, 1521, 823, 1175, 1584, 1572, 1227, 1057, 1340, 1484, 1087, 2032, 2564, 3323, 2914, 2124, 1521, 1541, 2297, 4336, 3699, 4765, 5032, 3688, 3173, 1840, 3857, 5093, 3677, 4153, 4928, 4012, 3877, 2414, 3913, 2853, 2075, 2315, 2858, 2249, 2164, 1911, 2328, 1135, 975, 1193, 1245, 954, 1120, 989, 1015, 901, 821, 890, 703, 766, 1032, 844, 730, 741, 821, 878, 734, 641, 829, 879, 740, 742, 722, 837, 742, 599, 884, 968, 949, 747, 671, 714, 709, 598, 647, 805, 846, 715, 709, 680, 690, 565, 656, 820, 805, 700, 738, 755, 801, 722, 601, 779, 809, 676, 677, 703, 714, 645, 678, 739, 708, 681, 649, 623, 558, 592, 678, 626, 655, 726, 711, 687, 587, 623, 699, 722, 726, 570, 615, 692, 585, 612, 666, 686, 661, 512, 596, 668, 681, 626, 617, 620, 577, 659, 630, 608, 609, 613, 636, 635, 598, 814, 727, 598, 659, 749, 701, 603, 726, 885, 909, 800, 707, 855, 860, 839, 912, 765, 782, 801, 727, 781, 943, 952, 897, 792, 688, 744, 686, 697, 821, 800, 775, 664, 595, 625, 684, 612, 688, 727, 664, 700, 600, 621, 618, 635, 610, 708, 782, 738, 561, 649, 802, 807, 615, 638, 823, 636, 592, 521, 697, 737, 553, 578, 587, 606, 690, 621, 678, 723, 699, 714, 621, 603, 689, 625, 604, 753, 753, 767, 656, 615, 616, 607, 641, 680, 652, 721, 734, 627, 621, 722, 727, 637, 579, 664, 634, 816, 708, 801, 934, 933, 695, 841, 927, 687, 676, 822, 812, 810, 703, 791, 861, 550, 613, 702, 630, 621, 638, 631, 619, 555, 604, 600, 645, 561, 612, 647, 578, 690, 661, 595, 651, 686, 733, 748, 741, 815, 771, 738, 713, 818, 874, 875, 941, 904, 884, 962, 921, 849, 949, 1292, 1223, 936, 793, 951, 1048, 1019, 718, 1428, 1562, 993, 637, 892, 913, 975, 570, 1235, 1576, 854, 1036, 991, 760, 826, 862, 1133, 1162, 1179, 2239, 2375, 1234, 847, 1643, 2487, 1973, 1415, 2629, 2644, 1300, 1021, 1945, 2763, 2147, 1350, 1825, 1675, 1156, 1184, 1508, 1691, 1487, 988, 827, 878, 983, 842, 682, 856, 1017, 731, 935, 1075, 872, 646, 770, 1029, 951, 982, 1064, 1275, 1029, 843, 1007, 1310, 1329, 904, 1077, 1294, 1110, 843, 899, 1354, 1384, 1071, 1048, 1031, 957, 747, 719, 1183, 1197, 855, 996, 817, 767, 705, 735, 978, 815, 761, 860, 722, 642, 673, 727, 737, 682, 654, 574, 690, 721, 615, 622, 682, 676, 667, 708, 722, 697, 668, 689, 688, 628, 587, 757, 681, 500, 522, 677, 678, 477, 589, 693, 651, 522, 458, 579, 636, 510, 542, 535, 509, 518, 490, 442, 507, 481, 501, 520, 495, 446, 502, 499, 500, 449, 538, 466, 484, 507, 522, 515, 465, 548, 454, 520, 543, 481, 446, 551, 552, 445, 436, 525, 485, 407, 526, 589, 570, 461, 376, 425, 448, 412, 457, 461, 481, 421, 408, 488, 486, 450, 405, 434, 439, 413]"
-0.740354597568512,-0.00017924606800079346,0.1935565322637558,-0.9143829345703125,-0.15201838314533234,0.38249671459198,-0.9661790132522583,-0.7203233242034912,0.69122314453125,24.75,-0.6413590908050537,0.5960941314697266,22.5,-0.5985867977142334,0.8271217346191406,16.75,-0.5859982967376709,0.5105495452880859,20.25,-0.3785741329193115,0.5156993865966797,20.0,"[613, 572, 578, 547, 520, 548, 579, 571, 512, 511, 566, 616, 568, 540, 560, 500, 503, 513, 552, 510, 526, 477, 516, 561, 454, 480, 494, 531, 590, 543, 510, 542, 478, 407, 443, 521, 535, 494, 421, 514, 463, 536, 525, 453, 481, 485, 456, 496, 606, 607, 513, 505, 491, 563, 522, 514, 527, 574, 521, 476, 493, 606, 567, 486, 463, 480, 473, 479, 382, 386, 470, 510, 614, 529, 541, 607, 535, 509, 545, 609, 522, 472, 503, 469, 423, 484, 503, 525, 531, 471, 555, 551, 526, 506, 569, 642, 526, 481, 560, 534, 451, 491, 554, 565, 597, 598, 512, 523, 597, 599, 549, 474, 551, 629, 605, 603, 589, 493, 529, 565, 608, 590, 593, 613, 565, 531, 595, 618, 673, 581, 519, 624, 589, 573, 520, 571, 556, 450, 578, 534, 488, 522, 513, 611, 547, 496, 454, 403, 476, 554, 545, 532, 486, 571, 587, 512, 535, 629, 608, 505, 502, 480, 594, 603, 536, 540, 561, 536, 605, 520, 564, 570, 433, 514, 573, 643, 568, 524, 532, 489, 421, 515, 596, 586, 519, 502, 607, 559, 495, 552, 626, 618, 585, 733, 698, 604, 568, 603, 604, 501, 575, 679, 725, 608, 569, 628, 634, 530, 595, 682, 680, 634, 652, 619, 599, 585, 610, 704, 627, 546, 564, 577, 524, 525, 525, 528, 503, 473, 495, 514, 533, 521, 533, 535, 571, 584, 558, 603, 584, 566, 663, 676, 706, 580, 558, 692, 719, 696, 633, 720, 667, 550, 494, 670, 739, 615, 513, 577, 593, 546, 503, 621, 610, 484, 593, 515, 526, 585, 633, 586, 505, 525, 655, 567, 477, 605, 651, 590, 494, 519, 596, 517, 531, 560, 538, 512, 507, 606, 495, 519, 585, 582, 495, 516, 542, 541, 585, 540, 535, 548, 622, 623, 597, 556, 1206, 1023, 1430, 1369, 1001, 1102, 2092, 2227, 4053, 2270, 4293, 3856, 2911, 2486, 6457, 7425, 5410, 2741, 5627, 5268, 3902, 2861, 8360, 9837, 3275, 1626, 3515, 3675, 2612, 1745, 5026, 5922, 1055, 961, 1218, 1427, 1129, 937, 1475, 1594, 2210, 2700, 3399, 2167, 1328, 2237, 4777, 4754, 6625, 7203, 11284, 6951, 3157, 6261, 15459, 16119, 7784, 7821, 13484, 8435, 3750, 6503, 17910, 19339, 4105, 3837, 7003, 5190, 2501, 3122, 8770, 9542, 2031, 9385, 10652, 5700, 1416, 6000, 10601, 8124, 4356, 20645, 21562, 9237, 2830, 12721, 21836, 15905, 5250, 19185, 19186, 7727, 3026, 11044, 18298, 12527, 2995, 8598, 8071, 2931, 1717, 4698, 7572, 4900, 1671, 3543, 3194, 1481, 1000, 1997, 3102, 2095, 3504, 6391, 7957, 4683, 1710, 3499, 7375, 6974, 5921, 11666, 16434, 10048, 2520, 6869, 15957, 15776, 6499, 14721, 20752, 12723, 2938, 9407, 21268, 20815, 4482, 15077, 19131, 10553, 2529, 9381, 19850, 17977, 2123, 10350, 12110, 5993, 1468, 6077, 12099, 10184, 1324, 4884, 5644, 3003, 1001, 2978, 5383, 4520, 833, 1707, 2029, 1315, 819, 1312, 2016, 1762, 792, 1084, 1223, 974, 792, 854, 1267, 1201, 785, 1070, 1186, 951, 800, 782, 1081, 1055, 1017, 1426, 1463, 994, 898, 880, 985, 1051, 1359, 1857, 1804, 1140, 1096, 1124, 1200, 1214, 1603, 2157, 1844, 1147, 1290, 1346, 1210, 1103, 1316, 1598, 1250, 863, 1118, 1060, 1011, 983, 1452, 2056, 1905, 1077, 1115, 1287, 1180, 1131, 2010, 2717, 2666, 1660, 1796, 2101, 1531, 1674, 2664, 2654, 2215, 2058, 2326, 2165, 1692, 2082, 2505, 2688, 2679, 2942, 2337, 2032, 1888, 1960, 2205, 2409, 3127, 2816, 1941, 1888, 1920, 1838, 1465, 1648, 1695, 1472, 1006, 1250, 1221, 1241, 1004, 1204, 1084, 911, 729, 819, 875, 799, 743, 1057, 979, 785, 655, 809, 857, 709, 832, 1073, 992, 681, 636, 886, 899, 696, 779, 871, 767, 656, 743, 974, 845, 746, 834, 812, 858, 704, 716, 928, 840, 784, 770, 789, 955, 862, 715, 677, 735, 880, 917, 1022, 1099, 1113, 828, 813, 1146, 1103, 1286, 1157, 1295, 1489, 1025, 1074, 1343, 1271, 1155, 915, 951, 1138, 921, 978, 1009, 954, 745, 762, 768, 724, 670, 769, 755, 741, 736, 745, 784, 663, 588, 640, 649, 703, 853, 830, 785, 658, 640, 724, 739, 710, 845, 688, 659, 691, 769, 763, 693, 803, 788, 706, 585, 595, 783, 780, 786, 771, 702, 877, 879, 724, 717, 723, 768, 754, 740, 740, 806, 696, 753, 741, 691, 823, 1103, 991, 884, 889, 891, 854, 864, 1003, 1530, 1257, 1037, 1285, 1239, 1066, 1319, 1539, 1538, 1099, 898, 1342, 1410, 985, 1328, 1700, 986, 814, 825, 1025, 1124, 820, 926, 1102, 646, 719, 632, 620, 753, 763, 675, 626, 802, 736, 685, 781, 834, 833, 813, 745, 811, 792, 715, 799, 853, 811, 765, 719, 622, 771, 690, 681, 765, 780, 782, 631, 527, 543, 557, 593, 669, 805, 767, 553, 549, 534, 569, 662, 580, 635, 673, 642, 700, 640, 641, 722, 743, 625, 685, 739, 787, 629, 637, 742, 770, 650, 688, 831, 752, 580, 660, 711, 668, 515, 636, 849, 741, 645, 560, 647, 660, 609, 599, 739, 849, 697, 731, 817, 832, 647, 801, 974, 1043, 856, 1200, 1141, 961, 954, 1763, 1939, 1509, 1011, 1733, 1771, 1367, 1051, 2815, 3129, 1113, 718, 1132, 1220, 1087, 911, 1912, 2107, 1263, 845, 1480, 1389, 1151, 1008, 2197, 2406, 1251, 1519, 1985, 1469, 1282, 1189, 2344, 2466, 1297, 2597, 2603, 1398, 880, 1676, 2658, 2080, 1117, 2223, 2141, 1152, 739, 1591, 2206, 1547, 1106, 1262, 1237, 906, 782, 1161, 1488, 1327, 1110, 931, 1036, 949, 892, 1029, 1718, 1648, 1101, 1023, 1109, 1059, 919, 998, 1739, 1638, 913, 997, 1125, 1043, 851, 935, 1343, 1202, 924, 1075, 1175, 861, 890, 1015, 1250, 1138, 931, 1171, 1225, 908, 783, 968, 1313, 1198, 844, 1122, 1040, 852, 686, 958, 1324, 1165, 664, 965, 957, 767, 594, 822, 1094, 971, 642, 823, 851, 654, 580, 749, 914, 876, 624, 806, 832, 586, 573, 616, 824, 802, 677, 765, 729, 638, 589, 552, 841, 859, 569, 569, 584, 604, 516, 518, 665, 656, 624, 539, 611, 577, 578, 692, 666, 631, 602, 509, 574, 591, 542, 602, 711, 716, 532, 551, 635, 647, 552, 494, 560, 575, 573, 539, 500, 536, 523, 487, 522, 562, 491, 531, 522, 443, 463, 583, 560, 523, 514, 499, 452, 507, 515, 472, 527, 566, 477, 470, 504, 531, 462, 539, 559, 496]"
-0.7406970858573914,-0.15987394750118256,0.1949307918548584,-0.8576425313949585,-0.3777746558189392,0.4028957486152649,-0.8523297905921936,-1.4981588125228882,1.3179302215576172,18.75,-0.6254037618637085,0.3742218017578125,15.0,-0.5900701284408569,0.5686283111572266,16.75,-0.5890687704086304,0.7216930389404297,15.5,-0.41197144985198975,0.0,20.75,"[563, 541, 650, 667, 603, 668, 647, 537, 589, 520, 579, 678, 608, 629, 704, 583, 637, 469, 456, 581, 595, 601, 595, 630, 512, 487, 548, 557, 500, 516, 490, 538, 559, 530, 563, 510, 489, 504, 461, 524, 643, 571, 504, 545, 588, 518, 467, 545, 588, 482, 456, 509, 605, 559, 487, 548, 581, 568, 567, 557, 559, 509, 521, 605, 568, 566, 618, 541, 539, 600, 576, 575, 586, 581, 539, 561, 624, 673, 549, 491, 596, 572, 487, 531, 580, 586, 524, 467, 667, 584, 581, 543, 563, 539, 514, 635, 550, 516, 513, 487, 469, 473, 488, 531, 537, 565, 584, 566, 530, 508, 573, 586, 539, 515, 469, 526, 586, 474, 460, 531, 491, 486, 521, 598, 629, 576, 479, 476, 583, 484, 501, 546, 560, 544, 505, 536, 590, 514, 485, 567, 552, 563, 547, 621, 569, 607, 536, 485, 598, 609, 539, 561, 519, 557, 571, 568, 560, 470, 454, 492, 525, 657, 573, 547, 538, 573, 608, 488, 546, 612, 530, 482, 540, 589, 597, 516, 527, 600, 618, 559, 454, 625, 693, 578, 631, 576, 615, 609, 605, 592, 629, 700, 611, 526, 503, 475, 532, 543, 518, 641, 615, 497, 446, 484, 559, 574, 597, 634, 595, 544, 476, 521, 554, 571, 514, 566, 491, 498, 622, 617, 539, 493, 526, 552, 531, 609, 635, 572, 498, 576, 631, 533, 561, 509, 559, 566, 534, 507, 603, 597, 657, 677, 594, 621, 593, 630, 650, 582, 722, 753, 667, 531, 592, 694, 680, 631, 537, 566, 554, 539, 623, 633, 605, 527, 516, 537, 538, 540, 542, 545, 582, 569, 623, 578, 486, 545, 536, 515, 573, 625, 515, 575, 506, 487, 540, 546, 595, 529, 433, 466, 569, 508, 423, 487, 576, 514, 550, 575, 564, 575, 533, 590, 540, 501, 717, 697, 462, 494, 561, 639, 492, 540, 1409, 752, 803, 866, 771, 664, 946, 1505, 2379, 687, 1867, 1783, 1227, 588, 2212, 3264, 2189, 1305, 2719, 2316, 1289, 1188, 3277, 3952, 1777, 1694, 2627, 2019, 1161, 1443, 3230, 3348, 1079, 1219, 1606, 1212, 807, 1151, 2040, 2049, 781, 909, 867, 683, 600, 835, 1217, 1130, 1737, 843, 1032, 1306, 993, 857, 1461, 2090, 3769, 1200, 3074, 3331, 1822, 1069, 3351, 5015, 5081, 2502, 5241, 4768, 2461, 1653, 4975, 7015, 6086, 6496, 6288, 4503, 2842, 3459, 6209, 7203, 9210, 10660, 7853, 4450, 4572, 6424, 8331, 7271, 8261, 8694, 6783, 3457, 4221, 6296, 6732, 5342, 4408, 5011, 4629, 2736, 2296, 3386, 2972, 2704, 1598, 1719, 1924, 1457, 873, 1272, 1219, 1306, 883, 844, 889, 796, 639, 804, 857, 861, 951, 1477, 1687, 1143, 851, 980, 1151, 1150, 2243, 4502, 5059, 3109, 1444, 2195, 3918, 3841, 3778, 8897, 9813, 5241, 1914, 4385, 7799, 6482, 3103, 9159, 10233, 5301, 1363, 4916, 8557, 6801, 1550, 4553, 4755, 2199, 973, 2834, 4515, 3341, 2304, 4394, 4327, 2475, 1518, 2527, 3793, 2865, 2337, 4538, 4772, 2887, 1561, 2688, 4178, 3374, 1748, 3366, 3217, 1641, 1290, 1984, 2945, 2204, 1386, 2597, 2176, 971, 1049, 1728, 2281, 1525, 1213, 1978, 1708, 911, 898, 1420, 1663, 1143, 1285, 1575, 1546, 1282, 929, 975, 1321, 1204, 2368, 2986, 3159, 2565, 1547, 2017, 2268, 1923, 3451, 4371, 4421, 3217, 1868, 2951, 3049, 2365, 2486, 3406, 3422, 2338, 1466, 2301, 2385, 1766, 1601, 2678, 2578, 1447, 1320, 1497, 1605, 1113, 1324, 2803, 2793, 1449, 1123, 1324, 1447, 1196, 1112, 2154, 2096, 1120, 951, 1063, 1143, 958, 869, 1243, 1152, 788, 782, 864, 947, 711, 839, 993, 867, 803, 723, 748, 865, 678, 696, 949, 892, 774, 571, 780, 979, 720, 916, 1438, 1311, 840, 668, 1023, 1272, 980, 901, 1477, 1380, 898, 689, 969, 1264, 947, 670, 971, 851, 594, 538, 686, 798, 638, 734, 854, 845, 745, 664, 636, 629, 597, 785, 833, 824, 752, 803, 801, 741, 685, 776, 897, 798, 625, 818, 877, 752, 684, 885, 916, 785, 841, 900, 927, 793, 706, 1111, 1028, 900, 983, 807, 906, 881, 841, 863, 988, 931, 800, 734, 798, 784, 682, 724, 871, 753, 673, 769, 787, 705, 645, 742, 566, 666, 713, 685, 624, 636, 799, 655, 565, 652, 692, 688, 702, 710, 678, 795, 754, 631, 719, 632, 696, 699, 688, 781, 785, 697, 752, 763, 671, 660, 740, 656, 693, 595, 683, 784, 663, 668, 692, 700, 694, 583, 614, 672, 668, 662, 676, 822, 822, 586, 800, 828, 660, 700, 748, 1200, 943, 799, 1000, 913, 803, 916, 1065, 1259, 981, 755, 1090, 935, 892, 942, 989, 935, 813, 731, 879, 814, 769, 690, 770, 654, 672, 713, 705, 677, 676, 627, 617, 692, 707, 732, 653, 631, 705, 793, 749, 821, 812, 676, 719, 756, 747, 861, 919, 939, 793, 762, 845, 930, 828, 848, 1053, 759, 665, 766, 844, 861, 721, 748, 909, 519, 712, 822, 696, 658, 757, 790, 697, 551, 664, 742, 642, 538, 655, 699, 656, 744, 678, 760, 810, 748, 640, 747, 820, 765, 770, 674, 675, 708, 738, 632, 583, 1001, 941, 797, 848, 866, 981, 1024, 968, 1164, 1110, 836, 853, 965, 1086, 1181, 1100, 1160, 1151, 1014, 933, 853, 891, 1154, 1284, 1347, 1250, 1549, 1182, 1027, 1000, 1715, 2003, 1202, 1004, 1385, 1161, 893, 1090, 1972, 2075, 1075, 965, 1011, 1151, 951, 1079, 1737, 1645, 1127, 1034, 1076, 1067, 847, 1113, 1378, 1269, 1140, 947, 1143, 899, 783, 840, 1150, 1217, 970, 952, 1108, 937, 797, 836, 1243, 1323, 1091, 1204, 1151, 1127, 809, 926, 1342, 1274, 1081, 819, 1007, 1082, 710, 708, 975, 1233, 786, 832, 1029, 793, 621, 717, 1093, 1203, 778, 1055, 1163, 964, 683, 888, 1262, 1158, 1092, 1196, 1157, 923, 866, 953, 1308, 1294, 1099, 1330, 1289, 941, 882, 1073, 1279, 1221, 903, 1239, 1205, 861, 714, 1063, 1260, 1060, 883, 1132, 998, 714, 740, 1114, 1194, 844, 924, 880, 874, 677, 738, 1027, 1262, 1101, 989, 837, 827, 705, 806, 944, 1076, 1131, 720, 614, 591, 586, 639, 778, 819, 848, 513, 545, 574, 539, 445, 607, 766, 645, 507, 565, 611, 515, 486, 525, 683, 646, 630, 596, 597, 616, 524, 534, 600, 500, 570, 547, 560, 535, 522, 514, 539, 569, 519, 520, 500, 475, 443, 470, 553, 568]"
-0.8888055086135864,-0.3333165645599365,-0.05465662479400635,-1.0681401491165161,-0.5301055908203125,0.026407629251480103,-0.9755685329437256,-0.4879854917526245,-1.112508773803711,21.75,-0.3566645383834839,-0.9309768676757812,21.25,-0.2721213102340698,-1.3521194458007812,15.5,-0.24136531352996826,-0.6946563720703125,16.0,-0.19816386699676514,-0.1986980438232422,16.0,"[683, 615, 523, 518, 551, 518, 521, 616, 595, 517, 540, 666, 619, 541, 598, 672, 595, 576, 608, 632, 569, 550, 590, 562, 578, 616, 562, 513, 484, 523, 494, 489, 600, 656, 509, 448, 460, 583, 585, 471, 523, 588, 519, 469, 486, 560, 550, 470, 466, 503, 509, 490, 497, 461, 515, 472, 550, 503, 455, 509, 564, 608, 534, 507, 511, 520, 477, 513, 509, 518, 454, 421, 433, 480, 547, 506, 393, 402, 471, 437, 472, 463, 481, 540, 515, 435, 416, 523, 575, 459, 623, 618, 575, 525, 543, 662, 463, 508, 530, 543, 554, 530, 486, 537, 625, 576, 513, 566, 603, 476, 510, 616, 584, 520, 490, 470, 493, 514, 486, 537, 590, 533, 510, 506, 490, 501, 520, 601, 530, 502, 513, 628, 505, 449, 534, 513, 430, 512, 508, 431, 522, 530, 529, 506, 460, 505, 531, 495, 499, 574, 611, 579, 532, 479, 554, 530, 503, 567, 524, 548, 438, 465, 500, 422, 376, 481, 435, 398, 543, 530, 542, 574, 490, 461, 509, 520, 595, 545, 470, 590, 633, 632, 599, 484, 533, 578, 561, 550, 512, 589, 681, 552, 581, 585, 506, 486, 531, 558, 544, 542, 531, 595, 539, 581, 621, 495, 590, 672, 560, 548, 517, 551, 625, 612, 563, 551, 677, 540, 523, 601, 610, 554, 647, 660, 507, 488, 527, 543, 480, 518, 583, 545, 587, 539, 543, 586, 487, 557, 575, 566, 565, 602, 607, 633, 601, 578, 547, 485, 659, 675, 671, 641, 655, 673, 631, 585, 591, 592, 616, 576, 577, 646, 575, 546, 562, 499, 530, 542, 519, 549, 500, 489, 591, 526, 525, 490, 535, 584, 527, 568, 551, 569, 605, 591, 511, 478, 617, 628, 532, 545, 532, 529, 497, 507, 541, 538, 565, 506, 552, 536, 478, 466, 495, 640, 572, 527, 651, 621, 539, 441, 610, 681, 567, 512, 595, 569, 572, 547, 568, 651, 523, 590, 618, 557, 476, 560, 647, 572, 805, 846, 1129, 1008, 620, 563, 978, 1127, 1297, 1886, 2816, 2051, 875, 1101, 2453, 2767, 1460, 2614, 3668, 2462, 975, 1712, 3692, 3723, 1072, 1896, 2541, 1701, 851, 1563, 2848, 2688, 790, 990, 1362, 1115, 710, 943, 1591, 1538, 748, 702, 804, 762, 650, 708, 850, 896, 1463, 943, 1360, 1332, 905, 753, 1329, 1805, 3979, 3214, 4249, 3427, 1783, 2216, 4837, 5918, 6581, 7606, 7770, 4448, 2737, 4615, 8213, 8050, 7398, 14159, 13521, 5607, 3605, 6939, 9740, 7151, 6052, 15306, 15253, 6266, 3623, 6182, 8479, 6318, 2833, 7409, 7527, 3146, 1989, 3012, 3632, 2976, 1054, 1979, 2023, 1146, 850, 1043, 1196, 1043, 804, 1073, 1041, 785, 734, 835, 902, 806, 1129, 1856, 1811, 979, 956, 1053, 1228, 1019, 1248, 2261, 2101, 1071, 1018, 1163, 1383, 1100, 1206, 2199, 2254, 1327, 1000, 1319, 1435, 1216, 2598, 4782, 4702, 2573, 2144, 2994, 3236, 2313, 4073, 8570, 7993, 3706, 2789, 4688, 6217, 3868, 3807, 8728, 8267, 3504, 2265, 4145, 6263, 3910, 2565, 5119, 4771, 2197, 1428, 2569, 3578, 2335, 2269, 3077, 2739, 1649, 1330, 2295, 2108, 1320, 2148, 3236, 3141, 1725, 1409, 2193, 1908, 1280, 3132, 5707, 5208, 2249, 1727, 2279, 2586, 1742, 4764, 9071, 8197, 3189, 2425, 2694, 3678, 2357, 3165, 5954, 5222, 1972, 1461, 1766, 2522, 1464, 1461, 2643, 2469, 1121, 1135, 1448, 1460, 944, 1279, 2407, 2291, 1106, 1149, 1367, 1306, 1095, 1076, 1694, 1540, 913, 911, 1067, 1110, 966, 1368, 2198, 1986, 934, 960, 1200, 1404, 961, 1422, 2410, 2261, 1081, 881, 1308, 1679, 1064, 1211, 1989, 1808, 940, 806, 1157, 1397, 901, 941, 1425, 1282, 809, 706, 912, 1009, 749, 868, 1113, 1011, 681, 709, 786, 804, 689, 790, 1045, 911, 661, 692, 746, 658, 523, 751, 893, 785, 677, 741, 758, 700, 646, 811, 1042, 941, 658, 761, 801, 724, 587, 843, 1243, 1068, 535, 772, 964, 774, 533, 768, 1163, 984, 482, 733, 861, 745, 658, 649, 857, 817, 612, 731, 744, 651, 656, 676, 761, 738, 663, 761, 788, 578, 561, 642, 706, 708, 624, 684, 657, 603, 732, 701, 688, 675, 650, 633, 672, 717, 741, 739, 788, 682, 647, 646, 684, 679, 638, 706, 745, 726, 775, 757, 699, 773, 729, 898, 826, 677, 663, 705, 715, 738, 876, 767, 629, 684, 665, 592, 659, 636, 706, 638, 568, 682, 601, 588, 625, 597, 661, 663, 654, 586, 595, 647, 607, 546, 551, 670, 692, 619, 566, 590, 591, 565, 587, 606, 597, 648, 720, 606, 597, 631, 562, 680, 570, 587, 733, 668, 499, 538, 601, 654, 691, 649, 642, 729, 581, 575, 619, 679, 765, 692, 615, 731, 748, 713, 693, 747, 838, 658, 636, 768, 816, 788, 742, 736, 668, 599, 608, 594, 577, 620, 732, 894, 629, 550, 626, 657, 594, 631, 870, 836, 581, 674, 671, 700, 665, 746, 936, 764, 607, 667, 625, 652, 618, 596, 776, 610, 700, 685, 595, 608, 731, 649, 575, 615, 733, 750, 683, 645, 733, 690, 634, 606, 662, 638, 586, 662, 613, 602, 652, 692, 692, 692, 672, 671, 574, 690, 803, 755, 698, 768, 786, 672, 699, 994, 994, 935, 901, 1008, 799, 843, 805, 1422, 1490, 1005, 981, 1210, 812, 726, 978, 1672, 1807, 1022, 1008, 1078, 973, 792, 923, 1339, 1460, 1016, 1058, 1256, 1122, 766, 869, 1329, 1398, 1066, 774, 957, 1052, 853, 857, 1205, 1399, 919, 671, 892, 908, 715, 732, 1085, 1178, 848, 761, 846, 812, 670, 684, 957, 1070, 997, 879, 894, 729, 670, 837, 1258, 1371, 934, 1272, 1477, 1021, 580, 1232, 1906, 1609, 1096, 1809, 1967, 1300, 730, 1892, 2497, 1685, 1087, 1407, 1501, 1109, 880, 1603, 1790, 1275, 850, 806, 1030, 1037, 756, 1007, 1081, 1014, 1065, 967, 1190, 1176, 813, 1025, 1149, 1044, 958, 1047, 954, 934, 594, 1009, 1174, 797, 869, 903, 889, 745, 606, 990, 1013, 772, 660, 676, 809, 689, 543, 748, 795, 719, 645, 713, 807, 680, 577, 692, 767, 697, 595, 601, 578, 589, 524, 731, 834, 684, 548, 562, 586, 560, 625, 674, 655, 573, 568, 510, 470, 542, 563, 534, 525, 547, 505, 452, 588, 574, 399, 451, 555, 531, 482, 505, 465, 439, 388, 497, 570, 480, 492, 489, 471, 414, 419, 507, 511, 439]"
-0.7891802787780762,-0.17823782563209534,-0.28139394521713257,-0.45106732845306396,-0.024421870708465576,-0.4032757878303528,0.07672238349914551,-0.17247557640075684,-0.6035327911376953,18.5,0.04109978675842285,0.1494884490966797,19.5,0.06298661231994629,0.10085105895996094,17.5,0.06928086280822754,-0.40726661682128906,21.0,0.13694405555725098,-0.17523765563964844,21.5,"[615, 641, 644, 534, 569, 539, 641, 643, 570, 562, 556, 605, 662, 637, 632, 566, 474, 530, 590, 566, 582, 663, 587, 451, 492, 477, 508, 490, 529, 522, 525, 519, 465, 502, 457, 468, 508, 462, 535, 536, 452, 436, 517, 495, 475, 488, 623, 619, 481, 545, 516, 438, 418, 488, 577, 593, 530, 560, 513, 422, 559, 543, 443, 559, 515, 487, 417, 420, 509, 498, 413, 495, 499, 474, 543, 507, 524, 506, 550, 592, 523, 539, 635, 600, 576, 553, 551, 611, 527, 531, 617, 549, 587, 518, 606, 637, 625, 564, 499, 563, 558, 499, 548, 656, 611, 599, 570, 527, 570, 530, 519, 564, 523, 505, 502, 500, 577, 511, 480, 529, 536, 560, 582, 551, 583, 558, 570, 558, 496, 583, 605, 537, 532, 456, 458, 489, 520, 652, 651, 500, 468, 500, 585, 567, 524, 518, 529, 574, 653, 678, 620, 572, 513, 530, 587, 629, 628, 614, 639, 578, 471, 485, 516, 450, 483, 574, 611, 556, 556, 602, 511, 502, 519, 571, 637, 590, 585, 563, 509, 527, 547, 489, 508, 569, 577, 510, 512, 518, 592, 593, 548, 561, 486, 556, 522, 494, 513, 558, 592, 556, 589, 599, 607, 544, 521, 545, 562, 595, 581, 558, 592, 571, 565, 514, 559, 617, 614, 508, 571, 672, 687, 591, 568, 669, 554, 512, 549, 631, 575, 530, 413, 535, 558, 457, 544, 563, 567, 497, 457, 517, 543, 532, 585, 631, 568, 520, 566, 620, 541, 571, 559, 619, 599, 456, 589, 637, 529, 551, 494, 561, 560, 460, 538, 496, 544, 527, 573, 625, 521, 502, 507, 526, 517, 543, 528, 496, 531, 578, 505, 425, 581, 629, 549, 519, 551, 616, 614, 500, 566, 552, 526, 518, 605, 633, 578, 590, 532, 475, 533, 605, 618, 475, 525, 600, 561, 618, 595, 628, 582, 537, 589, 516, 537, 583, 515, 546, 566, 568, 518, 521, 539, 643, 578, 520, 611, 688, 638, 568, 695, 1078, 1108, 714, 644, 851, 995, 889, 1489, 3530, 3679, 1788, 863, 1988, 3122, 2446, 1896, 5681, 5876, 2746, 1040, 3156, 5279, 3879, 1075, 4229, 4495, 2199, 751, 2532, 4129, 3038, 719, 2188, 2473, 1435, 689, 1698, 2693, 2132, 699, 1324, 1339, 923, 690, 1198, 1580, 1306, 624, 993, 1048, 769, 652, 956, 1182, 938, 1119, 1908, 1673, 857, 1013, 1231, 1453, 1045, 4248, 9981, 9487, 3351, 3359, 4547, 6073, 3866, 8270, 22447, 21978, 8218, 5869, 9527, 13037, 8231, 7456, 21058, 21076, 8397, 4867, 8862, 12407, 8050, 3052, 8801, 9127, 4094, 2157, 3978, 5676, 3904, 1750, 3347, 3135, 1346, 1443, 1827, 1941, 1387, 2511, 4314, 3364, 748, 2224, 2133, 1872, 976, 1949, 3021, 2309, 765, 1652, 1525, 1389, 821, 975, 1665, 1508, 772, 951, 1121, 1078, 795, 1146, 1919, 1782, 910, 1015, 1215, 1143, 810, 1085, 2022, 1964, 1006, 916, 1139, 1290, 969, 938, 1458, 1458, 995, 799, 828, 1066, 1008, 902, 1499, 1484, 1004, 813, 840, 997, 971, 938, 2229, 2255, 1132, 703, 860, 1475, 1152, 952, 2279, 2201, 1023, 624, 883, 1520, 1120, 941, 1608, 1434, 873, 667, 723, 1009, 815, 1468, 2360, 2007, 902, 875, 917, 1055, 775, 2022, 3103, 2558, 1070, 1156, 1283, 1364, 1006, 1537, 2029, 1596, 792, 939, 1210, 1223, 1031, 1130, 1232, 958, 685, 829, 1067, 964, 889, 1291, 1820, 1415, 667, 1091, 1104, 932, 624, 1367, 2178, 1756, 710, 1167, 1094, 957, 608, 1034, 1555, 1422, 810, 852, 821, 1090, 1023, 852, 1218, 1238, 916, 714, 783, 1128, 1059, 804, 1133, 1026, 702, 667, 705, 921, 744, 693, 906, 842, 591, 673, 739, 692, 559, 547, 789, 845, 561, 507, 658, 725, 646, 688, 852, 834, 684, 605, 625, 728, 635, 849, 1192, 1110, 658, 718, 886, 734, 617, 843, 1200, 1091, 665, 757, 873, 699, 543, 669, 1053, 957, 644, 791, 788, 743, 679, 638, 859, 923, 735, 758, 776, 750, 728, 778, 671, 668, 701, 803, 792, 701, 768, 774, 793, 680, 666, 751, 807, 742, 643, 676, 724, 666, 683, 703, 717, 662, 623, 623, 622, 600, 669, 727, 670, 581, 619, 641, 659, 623, 644, 676, 692, 617, 587, 702, 680, 706, 740, 754, 817, 630, 639, 706, 693, 702, 703, 683, 682, 595, 605, 838, 776, 680, 736, 670, 711, 743, 704, 1095, 980, 634, 659, 798, 953, 753, 748, 969, 962, 595, 594, 655, 735, 726, 685, 581, 755, 751, 640, 606, 579, 671, 601, 577, 657, 669, 550, 636, 715, 564, 566, 731, 731, 659, 662, 716, 796, 726, 657, 634, 750, 667, 624, 685, 768, 759, 589, 671, 755, 705, 568, 542, 696, 771, 685, 718, 719, 668, 633, 668, 809, 920, 880, 780, 708, 591, 652, 668, 820, 905, 884, 553, 611, 655, 584, 598, 745, 691, 577, 670, 673, 665, 585, 692, 759, 635, 630, 834, 704, 683, 659, 699, 715, 630, 742, 736, 697, 564, 529, 666, 754, 641, 645, 513, 503, 598, 588, 603, 678, 643, 572, 529, 452, 643, 685, 581, 621, 594, 569, 637, 574, 672, 699, 607, 733, 730, 664, 730, 699, 821, 704, 594, 794, 1056, 1039, 1110, 1256, 1535, 1114, 858, 1177, 1884, 1968, 1304, 1834, 2078, 1192, 826, 1528, 2527, 2402, 1111, 1799, 1778, 1097, 767, 1591, 2159, 1775, 1074, 1806, 1633, 997, 837, 1733, 2070, 1316, 992, 1508, 1391, 1011, 944, 1599, 1799, 1178, 1043, 1190, 929, 825, 883, 1221, 1207, 897, 782, 923, 702, 556, 705, 819, 788, 694, 699, 883, 884, 706, 638, 788, 1163, 990, 1083, 1627, 1503, 954, 648, 1256, 1813, 1382, 1139, 1633, 1460, 784, 644, 1054, 1408, 1112, 826, 1017, 1017, 796, 671, 793, 887, 789, 730, 931, 961, 789, 661, 999, 1003, 722, 661, 846, 857, 678, 676, 1016, 1012, 648, 732, 807, 770, 681, 588, 906, 952, 672, 651, 756, 762, 676, 539, 843, 894, 601, 554, 706, 785, 640, 536, 809, 816, 576, 580, 736, 623, 497, 561, 780, 778, 556, 725, 702, 586, 682, 644, 765, 743, 668, 556, 558, 626, 577, 503, 613, 681, 602, 462, 504, 547, 493, 451, 505, 589, 565, 499, 461, 447, 442, 507, 560, 608, 607, 459, 479, 462, 404, 469, 564, 516, 457, 430, 478, 443, 422, 436, 432, 425, 376]"
-0.9207243919372559,-0.045411065220832825,-0.7264076471328735,-0.5483194589614868,0.25725823640823364,-1.0177085399627686,0.08045296370983124,-0.09801197052001953,-0.9627342224121094,18.0,-0.019476890563964844,-0.8986473083496094,16.5,0.03917407989501953,-0.7999420166015625,16.5,0.38707447052001953,0.0560760498046875,17.5,0.39851856231689453,-0.2254486083984375,17.75,"[499, 555, 601, 609, 605, 604, 600, 550, 632, 648, 602, 660, 725, 744, 776, 684, 517, 593, 562, 535, 551, 626, 643, 485, 500, 533, 512, 496, 425, 510, 571, 432, 497, 541, 482, 454, 482, 591, 526, 441, 549, 522, 455, 406, 465, 607, 510, 439, 560, 449, 583, 569, 478, 600, 570, 621, 486, 544, 583, 521, 494, 508, 560, 559, 419, 471, 460, 449, 468, 436, 488, 464, 479, 486, 411, 469, 530, 552, 489, 513, 479, 507, 473, 529, 521, 468, 494, 533, 547, 605, 600, 559, 640, 614, 596, 584, 585, 602, 541, 555, 632, 583, 582, 533, 589, 545, 534, 576, 553, 559, 533, 580, 474, 482, 531, 473, 570, 675, 540, 478, 513, 543, 641, 533, 481, 597, 563, 523, 497, 571, 536, 438, 425, 551, 538, 473, 514, 569, 642, 547, 498, 633, 633, 552, 568, 591, 710, 661, 614, 664, 661, 687, 584, 554, 603, 556, 576, 548, 623, 624, 543, 530, 525, 498, 462, 448, 537, 563, 513, 504, 499, 511, 445, 490, 572, 552, 562, 508, 463, 545, 525, 552, 544, 489, 629, 515, 496, 544, 533, 502, 478, 545, 584, 545, 565, 514, 429, 418, 502, 556, 616, 636, 545, 488, 477, 542, 536, 553, 597, 642, 529, 474, 595, 575, 548, 528, 493, 574, 503, 438, 507, 489, 537, 506, 542, 551, 529, 443, 483, 475, 480, 496, 542, 585, 537, 501, 506, 574, 637, 543, 419, 538, 601, 576, 474, 576, 627, 454, 521, 603, 617, 564, 462, 638, 652, 487, 464, 555, 557, 475, 468, 565, 554, 497, 435, 554, 603, 514, 461, 577, 559, 411, 468, 533, 464, 421, 557, 617, 542, 477, 540, 615, 555, 505, 528, 514, 419, 393, 613, 607, 464, 499, 513, 421, 371, 477, 607, 591, 519, 546, 562, 484, 468, 532, 534, 590, 535, 527, 552, 481, 475, 551, 575, 592, 646, 574, 618, 633, 576, 578, 506, 705, 809, 643, 540, 610, 680, 587, 625, 883, 974, 762, 598, 747, 944, 839, 621, 1377, 1512, 964, 548, 946, 1377, 1213, 792, 1494, 1571, 1075, 740, 1052, 1489, 1306, 738, 1100, 1089, 763, 603, 855, 1129, 997, 625, 600, 587, 660, 621, 686, 670, 597, 605, 728, 778, 639, 573, 565, 620, 679, 1050, 1949, 2130, 1241, 660, 1386, 2262, 1907, 1876, 5560, 5861, 2837, 1103, 3643, 6027, 4634, 2345, 7561, 7614, 3211, 1531, 4330, 6879, 4902, 2178, 6087, 6037, 2415, 1551, 2785, 4041, 2749, 1039, 2554, 2776, 1500, 751, 1180, 1732, 1461, 2167, 2605, 1641, 857, 1348, 945, 1151, 901, 2948, 4156, 2753, 897, 1691, 1465, 1816, 1061, 2116, 2970, 2070, 765, 1245, 1082, 1363, 909, 2080, 3420, 2756, 1038, 1291, 1426, 1651, 966, 2281, 4027, 3337, 1095, 1457, 1521, 1780, 1006, 1603, 3208, 2836, 1199, 1186, 1450, 1854, 1172, 2487, 4914, 4523, 1976, 1472, 2062, 3240, 2257, 2866, 4818, 4127, 1845, 1573, 1988, 2890, 2188, 2426, 3389, 2468, 1052, 1451, 1517, 1654, 1209, 1942, 2984, 2299, 876, 1127, 1378, 1613, 860, 1675, 2267, 1678, 898, 996, 1543, 1603, 779, 1422, 2216, 2213, 1198, 1051, 1311, 1098, 1037, 2597, 4711, 4393, 1894, 1612, 1857, 2070, 1762, 3101, 5416, 4959, 2090, 1798, 2028, 2607, 2122, 1485, 2579, 2408, 1155, 899, 1097, 1598, 1358, 623, 818, 839, 748, 541, 523, 632, 633, 617, 704, 792, 704, 537, 469, 585, 645, 732, 644, 601, 673, 590, 564, 571, 617, 611, 608, 627, 614, 605, 573, 541, 605, 731, 821, 689, 502, 614, 650, 574, 568, 712, 810, 694, 499, 535, 646, 649, 559, 653, 728, 737, 572, 549, 710, 696, 672, 562, 723, 760, 643, 555, 655, 753, 666, 623, 663, 783, 719, 622, 712, 703, 665, 615, 756, 869, 763, 579, 591, 668, 691, 626, 857, 801, 572, 587, 667, 697, 569, 667, 1109, 1059, 709, 770, 864, 824, 659, 780, 1277, 1206, 711, 866, 947, 847, 687, 743, 927, 878, 621, 678, 726, 720, 686, 622, 702, 708, 614, 626, 677, 592, 583, 577, 612, 733, 659, 606, 698, 645, 552, 546, 635, 728, 689, 572, 654, 702, 559, 609, 619, 648, 654, 637, 634, 650, 644, 698, 716, 696, 642, 607, 744, 717, 659, 807, 736, 701, 666, 720, 798, 678, 662, 696, 729, 562, 588, 643, 692, 649, 512, 645, 678, 692, 643, 641, 619, 618, 649, 696, 759, 857, 724, 557, 596, 567, 728, 704, 746, 763, 660, 542, 591, 622, 653, 636, 684, 750, 574, 481, 600, 704, 661, 658, 714, 700, 466, 560, 610, 717, 661, 687, 776, 788, 632, 593, 652, 758, 722, 694, 584, 768, 754, 632, 557, 858, 973, 799, 660, 664, 722, 655, 613, 740, 909, 734, 659, 524, 573, 638, 611, 575, 664, 642, 767, 634, 496, 592, 742, 679, 603, 658, 785, 755, 566, 543, 739, 778, 635, 566, 657, 675, 576, 536, 622, 655, 543, 626, 609, 583, 547, 497, 485, 602, 666, 655, 614, 686, 738, 584, 611, 644, 648, 731, 703, 794, 717, 665, 665, 745, 743, 719, 794, 740, 726, 717, 655, 648, 703, 688, 617, 601, 607, 623, 554, 628, 750, 645, 724, 889, 700, 639, 719, 1125, 1083, 680, 844, 895, 889, 689, 696, 977, 966, 689, 1122, 1119, 811, 701, 917, 1299, 1073, 789, 1294, 1227, 719, 776, 1264, 1588, 1176, 849, 1149, 1072, 726, 789, 1238, 1320, 804, 878, 1080, 956, 695, 681, 951, 1017, 669, 764, 879, 844, 710, 584, 791, 987, 837, 603, 1072, 1114, 786, 656, 929, 1329, 1054, 764, 1277, 1205, 777, 722, 1015, 1334, 944, 737, 1188, 1045, 686, 700, 1001, 1266, 868, 694, 906, 785, 591, 664, 861, 984, 789, 587, 761, 766, 602, 673, 731, 796, 740, 488, 784, 858, 626, 516, 671, 837, 752, 553, 766, 928, 652, 540, 740, 812, 769, 563, 626, 736, 613, 599, 834, 805, 649, 566, 564, 561, 491, 524, 558, 531, 546, 533, 610, 561, 525, 555, 572, 531, 512, 436, 487, 583, 516, 478, 573, 599, 459, 536, 563, 590, 502, 538, 627, 570, 451, 440, 444, 418, 464, 460, 475, 461, 378, 465, 480, 519, 599, 517, 519, 593, 540, 478, 460, 444, 469, 410, 400, 417, 487, 442, 423, 401, 409, 431, 395, 418, 477]"
-0.9575168490409851,-0.05877310782670975,-0.6321278214454651,-0.478998064994812,0.07693840563297272,-0.5821320414543152,0.005395263433456421,0.04833543300628662,-0.8361339569091797,16.25,0.061210036277770996,-0.8430004119873047,26.5,0.18609368801116943,-0.6232738494873047,21.0,0.41383111476898193,0.167083740234375,16.25,0.45703256130218506,0.05664825439453125,20.75,"[514, 637, 658, 568, 583, 567, 660, 635, 504, 620, 763, 635, 505, 610, 619, 581, 537, 528, 557, 609, 511, 569, 574, 533, 476, 496, 480, 498, 535, 522, 522, 515, 454, 494, 501, 508, 477, 472, 459, 429, 439, 501, 482, 511, 476, 452, 539, 454, 472, 454, 505, 565, 489, 515, 580, 498, 567, 414, 520, 597, 477, 453, 454, 524, 461, 498, 539, 504, 501, 525, 548, 502, 398, 466, 566, 578, 474, 467, 574, 564, 436, 543, 611, 570, 538, 557, 579, 517, 487, 549, 552, 572, 610, 635, 576, 504, 505, 523, 528, 503, 476, 492, 487, 495, 569, 580, 577, 574, 593, 555, 546, 589, 478, 489, 561, 507, 454, 515, 521, 545, 618, 539, 568, 593, 560, 598, 614, 668, 527, 571, 559, 535, 479, 529, 630, 624, 574, 497, 558, 567, 559, 597, 626, 659, 604, 488, 471, 465, 528, 580, 476, 601, 613, 543, 492, 515, 548, 461, 421, 520, 444, 494, 559, 547, 569, 579, 555, 509, 566, 524, 590, 594, 598, 606, 609, 624, 570, 546, 549, 517, 557, 551, 557, 526, 620, 618, 599, 524, 555, 605, 643, 600, 495, 518, 535, 499, 449, 501, 615, 588, 470, 600, 613, 585, 509, 532, 553, 516, 504, 523, 602, 532, 536, 545, 522, 614, 523, 620, 659, 515, 583, 607, 592, 561, 506, 531, 669, 720, 672, 672, 671, 612, 618, 580, 712, 740, 678, 608, 589, 609, 587, 632, 681, 631, 505, 533, 621, 600, 528, 531, 578, 544, 533, 578, 567, 535, 477, 537, 651, 497, 548, 677, 561, 497, 551, 536, 576, 494, 491, 596, 578, 583, 688, 625, 644, 588, 537, 574, 548, 665, 693, 563, 578, 601, 557, 584, 467, 591, 665, 588, 463, 571, 613, 576, 529, 577, 592, 566, 535, 665, 659, 522, 552, 638, 559, 531, 545, 617, 619, 580, 538, 543, 630, 661, 738, 624, 620, 648, 693, 727, 652, 1280, 1373, 906, 666, 865, 1129, 945, 715, 1586, 1745, 1074, 662, 1053, 1551, 1260, 682, 1059, 1212, 821, 633, 938, 1173, 1041, 764, 1056, 1123, 872, 751, 862, 911, 881, 857, 896, 813, 635, 711, 773, 649, 661, 737, 792, 769, 600, 710, 782, 891, 825, 694, 1023, 970, 627, 652, 822, 1092, 884, 1522, 5625, 5796, 2383, 1008, 3014, 5375, 4104, 4544, 19430, 20136, 8357, 2310, 9306, 17519, 13240, 5391, 23494, 24177, 9965, 2725, 10992, 20826, 15518, 2668, 10992, 10974, 4340, 1367, 5582, 10311, 7454, 1116, 3064, 2923, 1326, 807, 1617, 2887, 2132, 981, 1556, 1276, 772, 797, 993, 1142, 817, 1023, 1195, 972, 723, 806, 949, 881, 748, 1092, 1485, 1250, 705, 873, 889, 959, 807, 935, 1602, 1462, 734, 831, 804, 1107, 902, 1068, 1697, 1616, 895, 882, 1003, 1036, 825, 1015, 1612, 1549, 881, 972, 1059, 1043, 724, 1009, 1298, 1186, 831, 923, 815, 832, 743, 1024, 1284, 1186, 797, 1001, 1330, 1342, 1026, 1034, 1087, 1446, 1230, 801, 888, 1063, 1232, 1265, 1506, 1936, 1523, 814, 1002, 841, 1300, 689, 1362, 1996, 1322, 572, 1103, 974, 1035, 1655, 3355, 3162, 1249, 1155, 1622, 1457, 877, 2343, 4233, 3726, 1329, 1414, 1718, 1375, 920, 1851, 3283, 3001, 1155, 1198, 1457, 1193, 831, 1033, 1915, 1764, 773, 789, 1038, 926, 628, 789, 1213, 1020, 579, 727, 803, 789, 620, 828, 1055, 942, 623, 787, 917, 704, 637, 869, 935, 834, 589, 811, 890, 744, 746, 727, 985, 913, 628, 580, 728, 678, 611, 670, 950, 876, 578, 531, 636, 718, 591, 588, 791, 701, 519, 594, 604, 703, 619, 573, 665, 651, 606, 535, 619, 738, 636, 597, 611, 613, 667, 583, 627, 716, 674, 630, 731, 750, 610, 582, 629, 761, 715, 693, 834, 749, 711, 675, 617, 672, 589, 762, 973, 759, 782, 820, 709, 722, 609, 716, 874, 828, 767, 760, 753, 759, 660, 722, 827, 746, 658, 721, 725, 671, 683, 657, 703, 662, 575, 689, 753, 588, 557, 710, 763, 730, 643, 748, 774, 600, 628, 603, 591, 702, 662, 673, 708, 654, 695, 564, 693, 681, 578, 513, 636, 659, 604, 627, 646, 693, 625, 557, 577, 603, 690, 779, 664, 731, 787, 627, 690, 647, 741, 1034, 947, 883, 885, 720, 913, 910, 876, 964, 947, 794, 770, 705, 906, 868, 667, 865, 856, 675, 664, 675, 771, 707, 577, 618, 760, 754, 643, 687, 621, 563, 619, 711, 710, 580, 530, 649, 623, 591, 628, 697, 679, 728, 676, 554, 682, 691, 650, 716, 590, 686, 659, 557, 658, 590, 604, 729, 659, 754, 681, 603, 645, 609, 654, 761, 741, 693, 555, 624, 672, 708, 775, 780, 706, 623, 603, 716, 824, 968, 954, 713, 681, 642, 554, 697, 841, 896, 860, 794, 736, 716, 571, 638, 758, 761, 727, 850, 781, 743, 627, 729, 871, 913, 860, 699, 649, 665, 654, 586, 655, 809, 785, 676, 588, 531, 601, 554, 622, 644, 605, 675, 682, 547, 551, 665, 612, 494, 550, 676, 653, 707, 638, 567, 632, 557, 602, 687, 733, 713, 592, 543, 634, 631, 660, 616, 722, 651, 521, 554, 666, 747, 652, 627, 1046, 1155, 652, 658, 816, 1160, 1009, 698, 1325, 1289, 655, 981, 1073, 1260, 1092, 878, 1393, 1387, 812, 971, 1350, 1621, 1264, 934, 1475, 1205, 610, 829, 1539, 1894, 1262, 1060, 1574, 1321, 853, 965, 1638, 2082, 1509, 1001, 1385, 1233, 878, 851, 1463, 1779, 1394, 819, 816, 749, 706, 670, 834, 915, 783, 835, 1004, 768, 615, 526, 648, 827, 686, 1023, 1448, 1113, 769, 707, 822, 1220, 868, 1017, 1408, 1272, 1000, 785, 1111, 1536, 1182, 906, 1085, 1479, 1197, 796, 1213, 1399, 1233, 914, 1010, 1212, 919, 717, 987, 1103, 1097, 715, 759, 712, 596, 657, 748, 820, 742, 515, 569, 582, 582, 538, 585, 671, 656, 578, 607, 620, 584, 577, 609, 657, 694, 502, 568, 599, 571, 555, 599, 642, 571, 480, 602, 647, 593, 531, 558, 580, 502, 626, 665, 735, 574, 570, 574, 599, 608, 513, 574, 590, 483, 450, 474, 488, 505, 438, 494, 441, 437, 445, 484, 503, 442, 465, 521, 526, 516, 499, 481, 544, 428, 477, 540, 469, 481, 416, 508, 526, 387, 418, 447, 439, 467, 411, 455, 447, 434]"
-0.9815987944602966,-0.1189267635345459,-0.4834679961204529,-0.5154054760932922,-0.11496049165725708,-0.2409183382987976,-0.155848428606987,-0.3139737844467163,-1.2213706970214844,19.75,-0.2269986867904663,-0.8693218231201172,15.5,0.057673096656799316,-0.8046627044677734,25.0,0.11875593662261963,-0.6852149963378906,24.75,0.16496145725250244,-0.5670547485351562,17.75,"[592, 532, 614, 720, 680, 721, 617, 536, 579, 587, 681, 724, 647, 711, 682, 599, 546, 601, 675, 616, 561, 601, 527, 490, 511, 551, 630, 613, 555, 541, 586, 558, 537, 559, 640, 558, 513, 605, 594, 562, 562, 491, 535, 539, 539, 582, 579, 616, 470, 441, 502, 529, 474, 509, 544, 560, 541, 539, 476, 523, 548, 539, 482, 523, 495, 438, 404, 441, 439, 506, 470, 478, 605, 506, 498, 513, 511, 540, 517, 573, 551, 461, 571, 598, 543, 521, 465, 550, 479, 465, 488, 511, 511, 439, 454, 446, 512, 503, 494, 524, 562, 521, 450, 467, 491, 518, 542, 492, 527, 526, 543, 509, 553, 527, 569, 553, 503, 497, 504, 547, 629, 511, 557, 652, 542, 471, 516, 566, 590, 496, 563, 586, 538, 502, 474, 608, 577, 517, 479, 568, 587, 529, 488, 595, 633, 560, 531, 588, 624, 527, 621, 666, 629, 572, 504, 468, 535, 506, 440, 505, 593, 574, 512, 501, 503, 533, 538, 527, 552, 547, 485, 474, 506, 607, 562, 537, 601, 480, 475, 532, 557, 557, 478, 556, 609, 564, 513, 547, 570, 528, 485, 599, 525, 631, 550, 543, 514, 492, 532, 487, 509, 496, 537, 581, 558, 570, 530, 454, 537, 526, 616, 652, 579, 585, 531, 571, 572, 559, 562, 548, 553, 509, 507, 561, 533, 566, 529, 471, 498, 513, 475, 490, 564, 608, 593, 565, 556, 608, 616, 562, 595, 581, 553, 515, 490, 557, 567, 527, 497, 505, 559, 562, 564, 557, 555, 573, 566, 453, 508, 523, 549, 547, 530, 606, 557, 484, 529, 595, 503, 499, 528, 581, 577, 585, 597, 623, 515, 489, 501, 525, 574, 558, 527, 573, 565, 435, 477, 554, 547, 537, 562, 608, 593, 443, 422, 512, 662, 583, 571, 710, 716, 539, 512, 642, 612, 607, 633, 627, 563, 596, 682, 690, 649, 606, 611, 587, 544, 638, 743, 732, 685, 836, 817, 665, 540, 626, 767, 735, 1024, 2267, 2354, 1261, 729, 1231, 1955, 1527, 1130, 3177, 3278, 1566, 875, 1760, 2872, 2120, 740, 1601, 1532, 942, 746, 1062, 1542, 1185, 707, 632, 615, 648, 632, 523, 590, 782, 739, 947, 947, 692, 565, 642, 915, 928, 624, 1210, 1244, 736, 546, 855, 1200, 994, 936, 1508, 1549, 976, 775, 1052, 1220, 971, 4011, 9922, 9167, 3239, 2286, 4152, 6802, 3953, 8698, 22176, 20623, 6997, 5115, 8116, 14334, 8391, 9270, 23454, 22023, 7442, 5780, 7450, 13313, 7796, 4954, 13724, 13760, 5310, 3362, 5111, 6646, 4425, 2475, 6035, 6158, 2746, 1633, 2130, 2618, 2147, 2533, 4264, 3418, 1068, 1688, 1503, 1938, 1188, 1261, 1602, 1246, 681, 908, 891, 913, 876, 1000, 1413, 1260, 698, 885, 967, 1055, 850, 1111, 1550, 1249, 692, 858, 949, 912, 656, 1074, 1377, 1185, 717, 938, 1030, 962, 809, 1829, 3025, 2284, 663, 1909, 1791, 968, 741, 3458, 5982, 4533, 719, 3046, 2760, 1965, 867, 2272, 3607, 2539, 722, 1841, 1517, 1476, 832, 1059, 1524, 1552, 1039, 921, 1424, 1157, 634, 1438, 2678, 2498, 1144, 1333, 1507, 965, 767, 1360, 2691, 2532, 1077, 1134, 1149, 1015, 875, 1185, 2780, 2715, 1116, 938, 1154, 1186, 886, 637, 1391, 1626, 904, 735, 919, 748, 772, 949, 1329, 1126, 718, 882, 894, 671, 499, 1121, 1725, 1349, 553, 946, 927, 776, 535, 964, 1409, 1132, 546, 832, 821, 786, 607, 816, 1183, 1021, 661, 704, 657, 757, 482, 778, 1244, 1120, 698, 718, 748, 766, 563, 559, 843, 830, 601, 666, 674, 695, 586, 599, 701, 674, 584, 584, 560, 544, 575, 674, 754, 700, 595, 657, 641, 563, 498, 599, 845, 784, 542, 579, 658, 565, 526, 747, 992, 878, 640, 672, 739, 652, 569, 876, 1277, 1116, 766, 841, 908, 825, 681, 759, 1148, 987, 681, 867, 908, 883, 728, 725, 898, 849, 721, 704, 735, 782, 737, 669, 694, 728, 699, 639, 607, 635, 690, 632, 691, 674, 634, 627, 651, 641, 701, 676, 633, 635, 587, 576, 620, 623, 681, 593, 582, 552, 484, 541, 551, 538, 594, 526, 537, 569, 529, 531, 535, 546, 614, 540, 565, 472, 603, 565, 503, 578, 522, 602, 704, 608, 570, 580, 565, 599, 593, 651, 685, 721, 693, 492, 583, 645, 680, 532, 597, 655, 633, 591, 661, 610, 564, 542, 560, 600, 580, 620, 635, 578, 571, 580, 516, 551, 584, 531, 535, 593, 601, 648, 547, 618, 697, 587, 534, 648, 701, 532, 552, 587, 581, 556, 580, 696, 617, 520, 581, 547, 523, 481, 589, 614, 490, 567, 585, 572, 559, 508, 561, 645, 543, 573, 597, 620, 596, 532, 580, 638, 545, 571, 662, 590, 572, 532, 566, 680, 611, 754, 847, 713, 555, 580, 749, 754, 616, 690, 877, 834, 649, 688, 758, 707, 565, 774, 964, 894, 611, 696, 738, 639, 514, 614, 763, 750, 591, 578, 577, 653, 564, 665, 722, 654, 543, 567, 566, 583, 610, 797, 812, 644, 561, 580, 547, 476, 575, 616, 575, 587, 632, 596, 513, 515, 618, 500, 587, 608, 503, 550, 582, 531, 535, 517, 530, 500, 511, 559, 560, 523, 513, 655, 591, 521, 529, 576, 703, 674, 589, 741, 701, 701, 633, 641, 730, 658, 624, 741, 707, 887, 813, 639, 738, 705, 662, 759, 726, 1004, 862, 592, 812, 758, 672, 671, 949, 1176, 889, 662, 837, 961, 813, 636, 1181, 1251, 839, 783, 1172, 1343, 943, 596, 866, 849, 683, 662, 1002, 1199, 941, 566, 652, 683, 696, 622, 749, 853, 666, 662, 945, 942, 743, 551, 723, 959, 792, 786, 1276, 1151, 800, 596, 860, 1193, 851, 818, 1207, 1157, 896, 642, 879, 1130, 778, 588, 772, 789, 633, 491, 614, 630, 543, 625, 636, 712, 618, 486, 608, 573, 572, 584, 592, 645, 597, 481, 529, 590, 625, 638, 779, 706, 549, 475, 631, 608, 504, 619, 569, 560, 551, 486, 506, 498, 501, 468, 505, 542, 505, 513, 480, 442, 494, 494, 485, 575, 531, 505, 491, 414, 498, 548, 594, 665, 569, 588, 682, 570, 511, 440, 440, 486, 449, 406, 534, 485, 378, 440, 454, 417, 394, 413, 522, 524, 391, 428, 508, 462, 346, 445, 528, 469, 405, 382, 348, 418, 392, 404, 398, 440, 465]"
-1.0076234340667725,-0.06866300106048584,-0.35111674666404724,-0.4944111108779907,-0.057029373943805695,-0.01950378715991974,-0.141011580824852,-1.0659716129302979,-1.9905567169189453,15.0,-0.09751534461975098,-1.1120796203613281,23.0,-0.0709078311920166,-1.0319709777832031,21.5,-0.06890511512756348,-1.0422706604003906,24.0,0.11620306968688965,-0.9465694427490234,17.75,"[557, 618, 606, 595, 649, 591, 609, 626, 483, 541, 651, 620, 577, 539, 603, 553, 506, 569, 684, 672, 580, 574, 584, 474, 476, 491, 543, 614, 585, 500, 433, 442, 433, 413, 508, 557, 490, 455, 526, 547, 481, 499, 489, 433, 534, 518, 533, 547, 520, 498, 462, 439, 517, 547, 443, 521, 527, 507, 514, 488, 486, 477, 525, 481, 380, 442, 475, 421, 413, 480, 512, 425, 431, 509, 506, 395, 403, 504, 527, 425, 538, 610, 513, 478, 478, 512, 480, 453, 580, 516, 460, 466, 448, 460, 425, 557, 468, 459, 497, 481, 414, 451, 520, 479, 470, 554, 465, 509, 557, 528, 571, 497, 467, 503, 542, 535, 532, 496, 550, 573, 537, 570, 552, 608, 589, 535, 590, 584, 479, 515, 503, 573, 576, 481, 486, 508, 617, 542, 489, 531, 544, 560, 548, 515, 597, 518, 496, 599, 640, 580, 542, 560, 539, 515, 647, 676, 632, 637, 557, 645, 670, 691, 643, 644, 695, 632, 505, 616, 645, 692, 549, 539, 639, 665, 661, 567, 576, 654, 605, 559, 505, 653, 721, 583, 555, 463, 550, 614, 466, 474, 573, 557, 567, 538, 583, 575, 441, 518, 623, 557, 530, 663, 626, 560, 531, 618, 685, 522, 561, 633, 691, 588, 552, 612, 701, 656, 564, 624, 644, 553, 535, 600, 671, 689, 622, 576, 531, 457, 547, 624, 596, 624, 539, 481, 475, 502, 552, 606, 564, 569, 516, 540, 470, 457, 577, 530, 508, 492, 568, 566, 621, 596, 680, 668, 543, 528, 516, 509, 538, 535, 626, 649, 552, 551, 484, 512, 536, 584, 604, 557, 631, 583, 519, 537, 573, 599, 522, 555, 608, 536, 509, 564, 608, 569, 542, 593, 613, 553, 443, 587, 532, 523, 510, 527, 535, 453, 572, 629, 589, 541, 530, 509, 537, 534, 593, 644, 655, 633, 596, 571, 582, 568, 608, 621, 528, 526, 558, 577, 572, 531, 549, 542, 585, 597, 500, 539, 603, 499, 564, 774, 963, 776, 608, 634, 832, 839, 678, 1117, 1398, 942, 647, 763, 1194, 1164, 677, 1053, 1175, 824, 591, 826, 1254, 1140, 743, 1009, 865, 606, 701, 781, 1009, 906, 716, 854, 707, 587, 748, 701, 817, 828, 604, 774, 774, 586, 700, 735, 880, 860, 826, 984, 960, 815, 740, 721, 909, 946, 1857, 3810, 3937, 2047, 881, 2145, 3621, 2936, 3252, 9537, 9910, 4554, 1104, 4723, 8568, 6593, 4035, 13312, 13731, 5719, 2306, 4616, 9499, 7130, 3465, 11627, 12386, 5222, 2781, 4540, 6114, 4834, 1962, 6468, 7229, 3332, 1743, 3273, 2840, 2456, 877, 2003, 2428, 1417, 876, 1326, 1149, 1123, 987, 1131, 771, 666, 678, 656, 670, 590, 1048, 1868, 1631, 717, 851, 1018, 887, 503, 831, 1321, 1156, 606, 691, 774, 701, 545, 979, 1200, 779, 545, 838, 785, 696, 543, 1055, 1447, 970, 643, 1089, 959, 814, 535, 989, 1201, 877, 574, 879, 792, 716, 636, 582, 752, 698, 542, 573, 611, 584, 540, 968, 1522, 1613, 896, 848, 1081, 859, 734, 1333, 2215, 2193, 1185, 855, 1168, 960, 835, 2100, 4080, 3791, 1600, 1495, 1571, 1579, 1158, 2358, 4871, 4585, 1818, 1845, 2235, 1904, 1240, 1256, 2802, 2790, 1192, 1290, 1615, 1186, 930, 841, 1548, 1608, 883, 811, 936, 765, 729, 698, 1122, 1135, 657, 595, 749, 674, 598, 691, 1005, 901, 572, 564, 717, 631, 528, 937, 1346, 1187, 726, 837, 851, 830, 696, 823, 1221, 1135, 733, 792, 864, 866, 707, 625, 800, 781, 643, 685, 748, 612, 582, 633, 670, 743, 647, 544, 642, 550, 557, 609, 627, 647, 581, 531, 608, 612, 594, 651, 647, 643, 612, 655, 640, 626, 628, 562, 652, 622, 548, 587, 585, 623, 590, 728, 914, 843, 549, 691, 813, 819, 671, 774, 1040, 1046, 633, 760, 850, 826, 773, 697, 894, 849, 635, 650, 636, 732, 731, 681, 833, 818, 668, 634, 601, 672, 673, 628, 659, 704, 684, 671, 593, 599, 619, 569, 541, 618, 659, 607, 621, 586, 566, 626, 620, 592, 604, 673, 660, 610, 590, 590, 578, 670, 583, 589, 680, 719, 693, 568, 606, 603, 500, 477, 569, 574, 559, 597, 583, 537, 504, 533, 579, 556, 538, 603, 680, 667, 610, 565, 532, 498, 577, 628, 645, 621, 668, 711, 641, 536, 575, 503, 583, 627, 645, 676, 641, 513, 529, 583, 593, 605, 544, 601, 575, 420, 509, 723, 689, 631, 591, 588, 707, 638, 626, 722, 665, 559, 582, 701, 797, 687, 624, 626, 589, 553, 576, 714, 704, 566, 603, 543, 533, 612, 584, 553, 630, 659, 597, 622, 586, 580, 568, 585, 667, 601, 621, 685, 606, 541, 569, 697, 728, 602, 658, 659, 601, 506, 542, 663, 654, 592, 694, 626, 596, 543, 610, 600, 629, 671, 635, 516, 535, 558, 589, 544, 571, 710, 620, 738, 672, 693, 687, 675, 721, 669, 712, 637, 572, 614, 644, 649, 723, 682, 626, 534, 582, 575, 563, 531, 634, 595, 512, 571, 611, 615, 526, 448, 582, 636, 589, 573, 634, 621, 511, 469, 563, 661, 619, 680, 644, 598, 627, 480, 567, 732, 699, 714, 628, 659, 652, 515, 683, 889, 914, 626, 755, 750, 617, 561, 797, 1031, 909, 680, 767, 710, 599, 643, 784, 822, 661, 660, 674, 607, 631, 651, 705, 705, 617, 581, 746, 591, 569, 616, 807, 822, 639, 652, 860, 746, 615, 739, 968, 994, 782, 628, 739, 778, 701, 744, 873, 912, 769, 710, 661, 686, 645, 648, 722, 728, 762, 827, 829, 792, 674, 598, 734, 764, 800, 791, 764, 758, 746, 632, 854, 832, 727, 697, 647, 687, 705, 598, 782, 710, 665, 603, 571, 580, 581, 536, 580, 582, 595, 554, 556, 565, 584, 536, 491, 514, 522, 554, 439, 459, 605, 493, 417, 463, 484, 513, 495, 494, 535, 530, 570, 483, 527, 443, 538, 549, 469, 463, 525, 569, 527, 498, 515, 562, 531, 528, 453, 529, 598, 463, 502, 533, 509, 477, 462, 489, 510, 487, 497, 473, 450, 512, 566, 437, 416, 429, 404, 327, 381, 420, 382, 397, 407, 390, 403, 332, 393, 416, 377, 407, 379, 423, 459, 390, 386, 443, 380, 415, 421, 435, 404, 419, 366, 367, 423, 383, 453]"
-0.23746539652347565,0.2788580358028412,-0.08607478439807892,-0.4087218940258026,0.8595637083053589,-0.6135154962539673,-0.5933005809783936,-1.733060359954834,1.407623291015625,16.0,-1.2677149772644043,1.244974136352539,22.75,-0.9395556449890137,1.0897636413574219,29.25,-0.7183985710144043,0.9405612945556641,-29.5,-0.6862120628356934,0.8724689483642578,-31.0,"[684, 691, 638, 625, 647, 627, 639, 691, 557, 615, 600, 566, 629, 611, 664, 664, 516, 513, 603, 563, 550, 568, 584, 614, 512, 592, 565, 529, 528, 594, 593, 536, 498, 526, 453, 472, 506, 518, 560, 483, 570, 488, 457, 455, 530, 537, 484, 519, 564, 505, 542, 522, 569, 547, 540, 585, 530, 547, 489, 522, 548, 504, 503, 510, 573, 523, 385, 524, 516, 488, 465, 511, 634, 586, 498, 571, 546, 434, 465, 550, 551, 549, 574, 536, 468, 500, 592, 628, 502, 623, 531, 492, 511, 502, 557, 514, 456, 514, 554, 513, 532, 513, 496, 513, 542, 523, 554, 556, 553, 477, 452, 535, 533, 530, 569, 508, 499, 541, 560, 596, 486, 484, 555, 575, 488, 570, 554, 530, 501, 501, 467, 506, 543, 568, 535, 445, 526, 578, 494, 503, 540, 464, 450, 433, 618, 575, 441, 537, 579, 525, 562, 566, 582, 640, 545, 527, 597, 559, 583, 571, 468, 628, 634, 511, 541, 571, 568, 471, 500, 643, 630, 477, 497, 632, 620, 500, 504, 514, 509, 464, 529, 571, 525, 437, 544, 494, 481, 586, 526, 485, 490, 532, 519, 466, 424, 530, 577, 430, 505, 582, 570, 522, 520, 559, 556, 459, 564, 628, 653, 635, 552, 534, 566, 561, 486, 559, 550, 615, 604, 598, 563, 550, 536, 529, 519, 565, 575, 570, 573, 586, 572, 513, 555, 460, 565, 641, 506, 547, 642, 668, 620, 545, 637, 692, 606, 572, 605, 636, 538, 492, 631, 709, 588, 565, 677, 674, 520, 593, 544, 557, 551, 455, 554, 544, 578, 649, 575, 487, 564, 522, 524, 531, 585, 618, 576, 499, 657, 665, 604, 609, 543, 542, 452, 474, 574, 531, 554, 539, 555, 571, 444, 439, 530, 514, 426, 487, 553, 530, 491, 551, 563, 596, 543, 487, 579, 507, 475, 554, 616, 545, 549, 583, 573, 594, 555, 623, 582, 516, 557, 542, 630, 598, 516, 508, 523, 512, 499, 565, 576, 579, 598, 535, 466, 551, 606, 570, 533, 563, 603, 615, 555, 584, 613, 543, 603, 647, 532, 490, 540, 588, 561, 489, 547, 524, 440, 532, 616, 575, 496, 528, 546, 535, 521, 502, 502, 494, 525, 606, 551, 517, 581, 635, 640, 528, 537, 568, 976, 775, 1105, 1209, 935, 868, 1686, 1697, 3587, 1512, 3322, 4218, 3108, 1915, 6681, 7414, 7253, 3274, 7128, 8018, 5927, 3950, 13939, 15489, 12026, 6953, 13461, 11570, 8642, 7233, 22378, 25010, 13690, 9497, 17896, 13432, 8528, 9226, 26231, 29017, 9304, 7264, 13560, 10139, 5285, 6841, 18219, 19898, 2645, 3806, 5115, 3699, 1815, 3337, 6257, 5758, 1774, 2166, 3241, 2029, 1124, 2071, 4778, 4795, 3375, 1765, 4096, 3454, 1656, 1249, 4338, 5681, 2585, 2392, 3710, 2903, 1332, 1286, 3190, 4042, 1729, 1168, 863, 829, 955, 915, 1141, 1645, 1419, 667, 1255, 1128, 881, 695, 1636, 2150, 581, 575, 690, 670, 502, 546, 885, 861, 610, 596, 700, 643, 508, 553, 677, 714, 721, 700, 712, 656, 623, 563, 606, 697, 710, 681, 535, 565, 525, 522, 548, 572, 664, 677, 507, 515, 588, 592, 551, 578, 536, 532, 585, 559, 542, 564, 539, 484, 624, 575, 609, 632, 518, 578, 635, 595, 843, 654, 626, 828, 740, 692, 713, 815, 693, 576, 620, 733, 579, 597, 657, 687, 592, 623, 768, 663, 440, 622, 632, 660, 749, 880, 988, 909, 640, 710, 881, 828, 1470, 1544, 1549, 1479, 1004, 989, 950, 1005, 1517, 1580, 1662, 1465, 1219, 1323, 911, 1074, 844, 747, 936, 808, 832, 877, 606, 775, 1062, 1111, 1005, 855, 970, 1080, 1079, 975, 1575, 1587, 1415, 1278, 1531, 1643, 1446, 1362, 1719, 1855, 1671, 1560, 1968, 1993, 1566, 1545, 1808, 1585, 1316, 1486, 2016, 1893, 1408, 1601, 1327, 1101, 823, 1094, 1495, 1329, 907, 1107, 834, 750, 903, 1078, 1072, 882, 643, 728, 651, 724, 902, 955, 736, 571, 644, 673, 538, 640, 736, 705, 606, 592, 745, 686, 598, 670, 648, 556, 646, 735, 824, 791, 767, 684, 674, 735, 705, 732, 799, 782, 723, 719, 808, 904, 752, 692, 814, 805, 773, 653, 660, 732, 645, 552, 573, 748, 705, 733, 646, 573, 514, 537, 620, 654, 687, 736, 714, 533, 561, 658, 729, 637, 693, 676, 662, 622, 680, 727, 729, 681, 629, 742, 596, 592, 591, 579, 593, 546, 602, 591, 547, 605, 512, 549, 699, 668, 517, 604, 651, 633, 574, 531, 690, 657, 559, 643, 669, 569, 532, 599, 654, 564, 541, 655, 613, 545, 548, 654, 618, 477, 476, 528, 591, 623, 543, 539, 607, 555, 523, 595, 556, 532, 508, 481, 574, 545, 660, 660, 625, 587, 504, 528, 531, 551, 590, 649, 595, 540, 529, 578, 500, 414, 497, 576, 579, 648, 552, 554, 518, 453, 612, 709, 591, 588, 621, 601, 629, 574, 637, 619, 553, 545, 555, 594, 684, 646, 615, 564, 588, 592, 504, 515, 580, 632, 593, 653, 653, 658, 634, 643, 719, 722, 520, 552, 591, 523, 513, 533, 651, 609, 574, 597, 663, 572, 516, 542, 639, 650, 653, 630, 575, 530, 515, 514, 674, 717, 679, 684, 619, 592, 655, 612, 681, 725, 613, 625, 618, 570, 632, 600, 638, 658, 563, 625, 617, 602, 649, 635, 633, 600, 554, 606, 685, 654, 647, 602, 575, 650, 564, 565, 570, 591, 584, 561, 556, 568, 583, 517, 563, 553, 541, 603, 657, 633, 520, 550, 525, 547, 597, 591, 574, 587, 593, 725, 644, 497, 511, 667, 771, 674, 850, 1172, 1394, 991, 621, 1026, 1486, 1349, 834, 1490, 2106, 1434, 684, 1057, 1920, 1901, 647, 1044, 1439, 1064, 569, 897, 1358, 1298, 590, 565, 651, 621, 549, 509, 647, 701, 664, 683, 730, 663, 566, 669, 797, 772, 660, 686, 697, 623, 613, 653, 591, 538, 578, 632, 673, 675, 568, 566, 540, 493, 504, 489, 541, 554, 458, 469, 483, 478, 517, 446, 418, 516, 436, 429, 472, 485, 458, 418, 438, 498, 448, 384, 451, 473, 519, 450, 456, 453, 435, 392, 419, 465, 413, 439, 376, 369, 372, 325, 385, 402, 476, 524, 441, 379, 430, 383, 381, 438, 471, 469, 455, 410, 432, 417, 410, 447, 444, 442, 471, 454, 381, 460, 473, 451]"
-0.4137081503868103,0.2531639337539673,-0.27726566791534424,-0.6986284255981445,0.7751747965812683,-0.7724356651306152,-0.8041368126869202,-0.5399447679519653,1.0904788970947266,21.5,-0.3677111864089966,-0.11601448059082031,19.0,-0.33523857593536377,0.7226943969726562,21.25,-0.2578479051589966,0.05936622619628906,21.5,-0.2369624376296997,0.24847984313964844,15.25,"[516, 560, 562, 588, 628, 587, 561, 562, 535, 593, 602, 577, 618, 615, 614, 553, 513, 519, 579, 548, 502, 518, 583, 599, 520, 557, 540, 530, 510, 450, 539, 531, 529, 433, 473, 551, 541, 451, 514, 584, 614, 571, 532, 584, 626, 576, 540, 574, 649, 570, 483, 565, 658, 620, 597, 620, 607, 580, 525, 606, 648, 600, 523, 548, 645, 553, 462, 486, 577, 554, 498, 556, 590, 569, 534, 588, 602, 555, 538, 539, 609, 570, 525, 599, 562, 534, 569, 550, 545, 549, 533, 550, 553, 451, 484, 534, 551, 576, 614, 529, 575, 533, 477, 548, 557, 641, 668, 648, 541, 650, 671, 501, 551, 600, 589, 702, 585, 510, 638, 505, 560, 513, 544, 560, 501, 517, 616, 597, 543, 506, 502, 530, 513, 449, 515, 552, 641, 675, 647, 593, 514, 556, 610, 562, 645, 585, 580, 645, 695, 663, 572, 617, 627, 589, 538, 659, 744, 721, 664, 607, 528, 548, 471, 600, 596, 551, 591, 552, 514, 553, 574, 543, 566, 503, 508, 517, 521, 560, 602, 619, 521, 464, 570, 534, 573, 597, 564, 587, 532, 529, 585, 548, 514, 491, 404, 457, 496, 469, 502, 498, 422, 466, 592, 605, 541, 520, 484, 497, 539, 570, 585, 602, 559, 575, 588, 592, 588, 532, 554, 637, 608, 595, 570, 571, 517, 537, 567, 576, 497, 455, 501, 541, 555, 587, 584, 522, 513, 575, 547, 504, 524, 572, 549, 546, 520, 589, 606, 515, 472, 483, 495, 511, 516, 434, 486, 497, 564, 557, 485, 482, 475, 523, 545, 501, 573, 560, 561, 527, 553, 548, 569, 580, 581, 560, 539, 552, 521, 493, 586, 629, 559, 538, 510, 539, 571, 554, 565, 597, 644, 569, 574, 559, 547, 599, 553, 651, 634, 554, 677, 580, 484, 597, 513, 619, 540, 546, 632, 567, 490, 597, 582, 628, 546, 531, 649, 665, 575, 538, 507, 625, 622, 563, 525, 608, 561, 546, 652, 615, 645, 618, 442, 582, 565, 561, 621, 565, 561, 578, 606, 679, 589, 530, 607, 613, 592, 626, 675, 596, 543, 547, 627, 646, 534, 619, 600, 532, 572, 538, 557, 582, 617, 506, 583, 605, 572, 625, 661, 670, 785, 768, 789, 805, 709, 823, 995, 938, 1625, 1361, 1728, 2103, 1630, 1690, 3343, 3307, 2231, 1548, 1796, 2965, 2496, 1967, 4659, 4767, 2770, 2133, 2447, 1833, 1832, 1940, 4933, 5400, 3038, 2618, 4615, 3742, 1800, 1386, 4530, 5575, 4257, 3773, 7093, 7122, 4225, 3533, 7323, 7813, 4105, 4894, 8075, 7331, 3736, 5574, 11540, 10935, 2465, 4855, 6035, 4225, 1722, 4931, 9342, 8134, 1947, 3802, 3406, 1218, 984, 2503, 3654, 2493, 1899, 3303, 2826, 1673, 1196, 2331, 3302, 2134, 1513, 2228, 2553, 2048, 1025, 1976, 3078, 2596, 908, 2156, 2685, 1851, 819, 1696, 2913, 2484, 580, 1527, 1596, 975, 578, 1182, 1757, 1296, 658, 872, 800, 623, 581, 603, 730, 683, 651, 627, 579, 494, 573, 580, 484, 569, 643, 593, 635, 654, 603, 573, 556, 625, 622, 620, 629, 650, 681, 652, 610, 664, 673, 587, 620, 617, 623, 703, 684, 743, 644, 525, 632, 630, 593, 635, 603, 567, 922, 632, 838, 972, 799, 770, 785, 944, 1064, 742, 942, 934, 913, 1011, 917, 1126, 827, 1201, 1244, 856, 807, 880, 986, 953, 1440, 2246, 1805, 726, 928, 1205, 1361, 852, 2691, 5370, 5154, 2514, 1358, 1738, 2913, 2112, 3899, 9029, 9167, 4575, 1935, 2885, 5135, 3765, 3607, 7885, 7739, 3703, 1626, 2688, 4601, 3183, 2032, 3522, 3178, 1480, 1020, 1895, 2156, 1338, 1181, 1268, 1127, 1282, 1642, 1555, 1136, 1126, 1209, 949, 1264, 1586, 1479, 1174, 932, 1224, 931, 1060, 968, 944, 977, 1002, 1204, 1142, 1922, 1983, 1654, 1512, 1939, 1766, 1564, 1795, 1639, 1646, 1584, 1717, 1920, 1456, 1228, 1583, 965, 996, 829, 989, 1087, 821, 839, 992, 615, 808, 889, 761, 753, 708, 757, 697, 704, 799, 901, 840, 842, 797, 709, 678, 710, 737, 715, 826, 807, 742, 731, 728, 894, 763, 793, 1096, 981, 637, 675, 833, 872, 748, 871, 1203, 1032, 631, 780, 875, 703, 698, 744, 914, 853, 668, 723, 798, 641, 642, 754, 672, 634, 735, 733, 722, 580, 632, 794, 671, 532, 565, 680, 714, 521, 691, 736, 590, 668, 642, 733, 716, 570, 747, 761, 574, 619, 734, 671, 602, 734, 754, 733, 648, 631, 811, 774, 661, 646, 620, 651, 653, 661, 716, 655, 591, 681, 580, 571, 581, 712, 692, 636, 681, 667, 651, 559, 604, 620, 600, 647, 644, 608, 617, 562, 562, 531, 523, 650, 635, 562, 539, 654, 652, 568, 569, 640, 625, 620, 642, 664, 602, 641, 621, 681, 706, 596, 620, 566, 477, 585, 555, 513, 563, 511, 490, 600, 594, 559, 516, 530, 587, 556, 641, 721, 644, 602, 603, 634, 620, 687, 692, 707, 646, 614, 681, 794, 816, 559, 522, 582, 588, 601, 553, 648, 671, 529, 561, 575, 668, 691, 578, 562, 574, 652, 705, 691, 694, 667, 580, 625, 663, 704, 744, 591, 674, 638, 496, 633, 699, 581, 596, 599, 691, 577, 532, 634, 603, 655, 626, 578, 580, 623, 618, 572, 624, 654, 619, 681, 691, 640, 537, 552, 624, 562, 496, 652, 671, 602, 553, 662, 749, 458, 532, 593, 611, 577, 588, 658, 554, 542, 591, 613, 640, 615, 641, 692, 584, 528, 595, 674, 533, 520, 596, 635, 582, 529, 562, 539, 494, 491, 562, 507, 520, 844, 555, 885, 777, 586, 587, 768, 1036, 1368, 1078, 2214, 1720, 722, 818, 1738, 2352, 1180, 1623, 2655, 1817, 812, 1044, 2294, 2658, 571, 1204, 1666, 1139, 664, 999, 1626, 1541, 518, 561, 636, 634, 605, 609, 639, 644, 555, 525, 629, 579, 483, 553, 596, 669, 601, 500, 604, 661, 676, 602, 556, 656, 627, 542, 643, 631, 571, 606, 531, 575, 496, 517, 591, 584, 466, 486, 555, 519, 492, 501, 518, 618, 530, 451, 522, 511, 520, 481, 441, 507, 580, 516, 578, 608, 450, 531, 548, 475, 497, 446, 548, 552, 401, 412, 481, 457, 419, 505, 623, 575, 418, 497, 491, 444, 396, 457, 501, 480, 382, 472, 501, 402, 394, 416, 432, 407, 468, 466, 433, 432, 453, 408, 463, 456]"
-0.2863028049468994,0.6249589323997498,-0.09036928415298462,-0.4277947247028351,1.038107991218567,-0.4817112684249878,-0.4837382137775421,-0.8775177001953125,1.0693073272705078,18.0,-0.7132949829101562,0.9116649627685547,31.25,-0.7067146301269531,0.8295536041259766,17.0,-0.6753864288330078,0.8465766906738281,25.75,-0.3766956329345703,0.7153987884521484,21.5,"[645, 658, 668, 638, 626, 639, 665, 655, 511, 650, 693, 576, 633, 670, 629, 581, 430, 510, 516, 541, 557, 570, 595, 478, 457, 425, 436, 584, 579, 444, 540, 533, 450, 461, 569, 585, 522, 492, 555, 543, 475, 526, 619, 551, 488, 507, 585, 545, 503, 521, 512, 521, 525, 512, 567, 558, 570, 586, 445, 546, 559, 504, 529, 538, 445, 463, 500, 534, 506, 463, 504, 531, 529, 519, 501, 537, 507, 535, 573, 552, 533, 605, 550, 529, 524, 504, 555, 512, 626, 532, 537, 598, 630, 555, 551, 657, 562, 510, 585, 612, 591, 574, 549, 566, 532, 552, 574, 541, 565, 565, 594, 608, 530, 518, 521, 471, 534, 612, 560, 512, 488, 586, 552, 531, 588, 560, 547, 551, 472, 585, 565, 560, 616, 476, 572, 613, 571, 629, 615, 563, 594, 598, 629, 592, 537, 625, 621, 520, 541, 548, 597, 569, 596, 619, 560, 578, 617, 607, 565, 565, 656, 627, 435, 503, 547, 507, 527, 539, 624, 640, 488, 591, 652, 638, 581, 494, 478, 562, 575, 516, 561, 561, 490, 426, 483, 559, 480, 525, 608, 604, 593, 538, 541, 571, 495, 501, 563, 598, 624, 545, 512, 568, 626, 522, 599, 632, 598, 588, 414, 586, 626, 576, 571, 608, 587, 485, 569, 570, 537, 538, 596, 563, 527, 507, 557, 543, 452, 494, 561, 491, 483, 501, 554, 626, 495, 567, 661, 531, 560, 588, 550, 602, 501, 441, 586, 571, 483, 526, 466, 530, 555, 497, 488, 553, 503, 497, 450, 494, 483, 452, 477, 507, 545, 492, 510, 543, 624, 584, 548, 467, 565, 515, 548, 537, 568, 603, 496, 495, 552, 540, 526, 589, 570, 575, 581, 573, 596, 585, 538, 606, 555, 579, 578, 524, 570, 476, 578, 571, 539, 591, 573, 503, 533, 583, 582, 604, 629, 604, 576, 587, 550, 576, 558, 577, 505, 602, 637, 558, 537, 536, 585, 500, 539, 666, 553, 523, 594, 573, 565, 455, 503, 600, 602, 529, 543, 578, 566, 510, 625, 620, 604, 588, 602, 621, 646, 575, 604, 611, 529, 601, 618, 664, 538, 600, 669, 665, 565, 584, 718, 653, 615, 753, 732, 783, 698, 910, 1050, 879, 1185, 1147, 1500, 1598, 1145, 1393, 2613, 2441, 1958, 1366, 1739, 1931, 1659, 1658, 3874, 3992, 4359, 3517, 5704, 4925, 3197, 4010, 10887, 11130, 8902, 6663, 11482, 11120, 6956, 7981, 21555, 22061, 10244, 5996, 11009, 12024, 8295, 6931, 19163, 20817, 5090, 6890, 8883, 7268, 4480, 6144, 9176, 8096, 2393, 5972, 7007, 3790, 1617, 5910, 10913, 9218, 1632, 1841, 2540, 2384, 1099, 2132, 3683, 3371, 2732, 2539, 5083, 3922, 1360, 1110, 3899, 5245, 3113, 3937, 7270, 5120, 1259, 1940, 6191, 7461, 2523, 3105, 5751, 4099, 1206, 1513, 4962, 5996, 1143, 1878, 2992, 2055, 814, 1182, 2862, 3069, 552, 840, 932, 705, 572, 660, 795, 763, 515, 756, 944, 703, 530, 553, 860, 894, 616, 633, 668, 608, 541, 522, 595, 660, 672, 600, 733, 674, 577, 557, 535, 706, 649, 597, 617, 650, 709, 601, 583, 700, 537, 541, 741, 762, 627, 557, 565, 571, 603, 659, 721, 753, 726, 694, 608, 566, 720, 790, 681, 742, 781, 798, 821, 661, 731, 827, 754, 574, 611, 762, 692, 543, 778, 839, 1010, 902, 655, 673, 603, 738, 999, 2334, 2444, 1349, 976, 1074, 1189, 916, 3264, 8828, 9114, 4052, 2015, 2810, 3772, 2798, 4056, 11484, 12048, 5420, 2588, 4089, 5107, 3807, 1841, 5398, 6032, 2990, 1649, 2744, 2504, 2080, 1731, 2620, 2076, 877, 1326, 1798, 1776, 1064, 1637, 2099, 1701, 1037, 1396, 1676, 1383, 1178, 1937, 2000, 1645, 1459, 1755, 1903, 1468, 1634, 1899, 1872, 1470, 1463, 1619, 1457, 1165, 1604, 1263, 1418, 1345, 1221, 1104, 909, 912, 1178, 962, 990, 1183, 1116, 1001, 841, 966, 1113, 768, 800, 1057, 903, 855, 971, 989, 1040, 784, 791, 880, 751, 734, 910, 833, 907, 937, 577, 736, 837, 787, 619, 668, 962, 1201, 800, 781, 1174, 1178, 798, 821, 1279, 1044, 726, 922, 1393, 1325, 757, 927, 1228, 733, 724, 995, 1020, 843, 779, 805, 877, 734, 803, 850, 761, 641, 694, 777, 731, 813, 726, 777, 893, 743, 616, 676, 789, 745, 618, 765, 878, 655, 670, 711, 775, 702, 634, 849, 791, 677, 692, 750, 806, 530, 566, 826, 749, 575, 572, 671, 710, 451, 584, 666, 673, 620, 650, 655, 548, 631, 692, 569, 656, 772, 632, 557, 590, 667, 727, 713, 680, 704, 654, 649, 712, 585, 659, 648, 665, 687, 707, 757, 684, 575, 551, 541, 626, 706, 635, 582, 599, 654, 603, 637, 564, 626, 681, 672, 693, 608, 601, 693, 637, 689, 683, 615, 731, 544, 555, 645, 584, 478, 491, 534, 590, 622, 660, 678, 654, 605, 626, 594, 611, 675, 650, 753, 747, 597, 711, 760, 713, 677, 637, 747, 771, 611, 621, 767, 716, 551, 586, 568, 582, 494, 518, 668, 627, 586, 628, 630, 592, 651, 612, 651, 635, 631, 675, 585, 663, 696, 615, 639, 599, 653, 660, 532, 706, 817, 682, 551, 569, 501, 512, 667, 647, 614, 592, 598, 592, 540, 603, 680, 601, 545, 650, 679, 598, 564, 611, 587, 529, 529, 659, 629, 570, 543, 539, 567, 602, 656, 652, 649, 513, 612, 633, 606, 629, 624, 658, 619, 589, 749, 775, 754, 680, 737, 801, 680, 693, 559, 686, 720, 617, 645, 679, 717, 637, 841, 662, 658, 810, 668, 718, 733, 823, 1668, 739, 1537, 1516, 812, 794, 1266, 2034, 1673, 1663, 2490, 1716, 996, 1297, 2627, 3009, 895, 1659, 1889, 1152, 740, 1302, 2409, 2170, 694, 1005, 980, 827, 591, 866, 1186, 1005, 545, 595, 657, 625, 527, 647, 650, 581, 552, 581, 610, 522, 484, 572, 629, 649, 561, 545, 614, 565, 554, 531, 632, 764, 612, 541, 674, 561, 482, 576, 581, 707, 613, 562, 607, 515, 452, 476, 506, 598, 536, 531, 552, 445, 527, 473, 434, 524, 521, 501, 442, 467, 507, 524, 447, 461, 475, 457, 448, 484, 440, 450, 494, 491, 421, 395, 415, 435, 394, 419, 462, 436, 448, 487, 473, 407, 399, 481, 449, 404, 406, 454, 412, 423, 428, 416, 483, 441, 452, 449, 407, 403, 454, 465, 510, 477]"
-0.11990928649902344,0.7487967610359192,-0.018106095492839813,-0.09368807077407837,1.0154597759246826,-0.3001798987388611,-0.12358519434928894,-1.0653996467590332,1.0770320892333984,22.25,-0.6911778450012207,0.7654666900634766,25.25,-0.5561375617980957,0.5560398101806641,27.25,-0.44870615005493164,0.5856513977050781,16.75,-0.3977799415588379,0.4597663879394531,21.5,"[628, 647, 666, 614, 459, 612, 667, 644, 502, 521, 542, 610, 564, 630, 640, 524, 553, 545, 544, 520, 538, 569, 516, 492, 590, 578, 487, 518, 477, 521, 466, 432, 454, 498, 502, 532, 512, 526, 549, 470, 507, 599, 553, 559, 542, 536, 547, 495, 445, 548, 575, 573, 463, 564, 623, 454, 584, 588, 594, 547, 478, 556, 545, 504, 539, 542, 527, 488, 492, 541, 564, 566, 594, 619, 546, 482, 455, 573, 640, 627, 665, 574, 466, 543, 528, 546, 523, 573, 636, 543, 443, 650, 544, 488, 509, 563, 578, 531, 551, 564, 495, 556, 615, 629, 516, 536, 585, 505, 391, 521, 571, 499, 541, 517, 555, 518, 448, 522, 544, 485, 522, 550, 515, 489, 503, 578, 603, 478, 528, 489, 461, 483, 474, 535, 523, 507, 573, 550, 516, 566, 622, 567, 536, 503, 504, 519, 588, 560, 451, 487, 565, 553, 500, 459, 530, 574, 512, 515, 527, 526, 558, 557, 558, 628, 616, 641, 609, 509, 546, 593, 556, 578, 621, 676, 673, 555, 518, 545, 529, 488, 531, 633, 610, 515, 553, 567, 511, 495, 570, 578, 577, 613, 576, 529, 510, 466, 547, 515, 514, 616, 564, 575, 501, 460, 547, 567, 549, 576, 515, 579, 681, 659, 448, 475, 581, 579, 529, 490, 592, 581, 532, 572, 628, 622, 453, 525, 493, 504, 551, 568, 532, 508, 481, 464, 481, 521, 476, 487, 540, 500, 649, 646, 652, 592, 502, 504, 595, 630, 556, 556, 683, 663, 525, 534, 597, 610, 478, 489, 573, 561, 483, 519, 521, 498, 549, 546, 603, 539, 492, 527, 559, 538, 480, 440, 494, 561, 490, 551, 543, 503, 558, 534, 534, 533, 556, 563, 535, 585, 445, 513, 490, 450, 524, 553, 557, 527, 507, 550, 577, 535, 573, 607, 585, 523, 593, 646, 570, 533, 618, 637, 511, 505, 528, 536, 474, 514, 530, 615, 621, 487, 617, 569, 523, 524, 581, 712, 622, 521, 617, 620, 557, 514, 576, 663, 641, 549, 619, 654, 628, 630, 527, 561, 553, 505, 551, 647, 694, 660, 481, 614, 728, 570, 561, 722, 714, 705, 565, 753, 867, 636, 1475, 1049, 1734, 1731, 1207, 1299, 2820, 2916, 3085, 1847, 3267, 3381, 2544, 2321, 6375, 6770, 4322, 3154, 4872, 4280, 3131, 3894, 9362, 9650, 5609, 4192, 6588, 5560, 3868, 4777, 11577, 12122, 5396, 4862, 7369, 5536, 3707, 5061, 11868, 12184, 4003, 5204, 7250, 4979, 2999, 5270, 10866, 10219, 3128, 3559, 5627, 4523, 2268, 3551, 7552, 7459, 2416, 4356, 7243, 4994, 1380, 2414, 6510, 7120, 2639, 6861, 8825, 5074, 1049, 2735, 6538, 6861, 4438, 7224, 10211, 6939, 2168, 3656, 8722, 9293, 3303, 4768, 6714, 4614, 1564, 3254, 6822, 6939, 1856, 2616, 3162, 2046, 959, 1786, 3212, 3147, 1034, 1543, 1581, 955, 730, 1070, 1352, 1156, 745, 979, 961, 736, 657, 747, 856, 744, 627, 665, 601, 613, 588, 616, 655, 665, 578, 751, 721, 691, 600, 730, 767, 585, 600, 653, 599, 559, 581, 641, 612, 521, 614, 573, 531, 563, 577, 590, 592, 644, 723, 736, 704, 779, 778, 760, 652, 680, 995, 764, 591, 675, 780, 737, 604, 915, 1012, 866, 823, 691, 822, 808, 732, 979, 865, 937, 934, 761, 759, 760, 824, 922, 794, 1125, 1041, 797, 776, 878, 1054, 885, 1725, 3360, 3285, 1768, 937, 1589, 2070, 1241, 2423, 4578, 4292, 2386, 1599, 2334, 2905, 1753, 1516, 2435, 2697, 2111, 1472, 2087, 1984, 1169, 1333, 1714, 2370, 1648, 1475, 2113, 1201, 1410, 1578, 2143, 2531, 2222, 1821, 1523, 1027, 1820, 1176, 1525, 1443, 1019, 882, 1073, 1232, 1181, 1174, 944, 977, 1116, 1132, 1208, 1126, 1140, 987, 976, 1068, 1173, 1162, 1111, 876, 928, 775, 729, 794, 841, 917, 907, 745, 771, 739, 707, 823, 799, 760, 752, 811, 874, 795, 927, 751, 581, 646, 810, 893, 755, 919, 1009, 838, 810, 765, 856, 917, 653, 834, 806, 788, 785, 660, 720, 718, 660, 758, 674, 744, 669, 580, 683, 704, 802, 735, 707, 653, 647, 689, 728, 712, 654, 712, 622, 583, 651, 745, 650, 633, 659, 627, 613, 700, 705, 732, 626, 709, 788, 730, 690, 684, 682, 644, 603, 659, 765, 762, 700, 590, 679, 711, 590, 647, 693, 749, 721, 663, 724, 680, 654, 677, 657, 649, 726, 662, 599, 673, 683, 567, 532, 597, 597, 605, 661, 625, 698, 652, 591, 483, 575, 620, 650, 565, 637, 676, 550, 501, 529, 562, 593, 586, 548, 645, 597, 603, 609, 601, 554, 605, 610, 596, 587, 591, 645, 607, 533, 604, 636, 514, 475, 511, 591, 576, 588, 591, 628, 605, 514, 618, 517, 502, 642, 701, 574, 503, 588, 666, 551, 541, 613, 659, 596, 545, 628, 641, 575, 572, 603, 630, 583, 522, 582, 562, 580, 540, 603, 620, 563, 572, 576, 542, 596, 591, 560, 518, 605, 684, 612, 647, 593, 542, 594, 605, 702, 672, 569, 615, 586, 596, 649, 624, 749, 673, 604, 644, 622, 650, 715, 674, 743, 724, 614, 663, 715, 721, 637, 566, 627, 788, 716, 761, 703, 620, 565, 579, 597, 667, 717, 656, 655, 628, 603, 594, 585, 500, 540, 529, 605, 543, 508, 566, 623, 554, 499, 568, 639, 630, 600, 597, 639, 633, 632, 547, 501, 533, 597, 598, 567, 584, 580, 596, 491, 494, 656, 586, 476, 631, 694, 673, 612, 621, 641, 493, 532, 609, 709, 961, 866, 899, 854, 615, 886, 938, 956, 1146, 1305, 1615, 1188, 707, 1205, 1800, 1771, 762, 1555, 1931, 1316, 796, 1245, 2096, 1894, 664, 912, 1173, 1039, 703, 850, 1311, 1203, 738, 520, 648, 777, 704, 647, 612, 762, 638, 604, 643, 652, 645, 588, 517, 668, 612, 530, 673, 691, 662, 562, 635, 708, 658, 580, 644, 701, 602, 637, 583, 621, 568, 521, 542, 559, 568, 647, 568, 466, 519, 516, 527, 457, 488, 653, 558, 466, 547, 627, 630, 500, 492, 554, 492, 499, 582, 577, 554, 480, 504, 591, 604, 600, 531, 516, 486, 513, 490, 532, 616, 570, 453, 433, 407, 456, 444, 432, 498, 529, 456, 470, 464, 507, 438, 426, 469, 427, 475, 453, 433, 534, 502, 400, 380, 392, 444, 433, 503, 501, 452, 431, 469, 488]"
-0.16302523016929626,0.8493413329124451,-0.06291621923446655,-0.1750800460577011,0.9982730150222778,-0.2866672873497009,-0.19485819339752197,-1.748353362083435,1.2217998504638672,17.25,-0.9924710988998413,0.9302616119384766,24.25,-0.7768930196762085,0.8462905883789062,29.25,-0.7658780813217163,0.860595703125,-28.0,-0.6362737417221069,0.9667396545410156,17.25,"[627, 628, 529, 611, 714, 612, 531, 625, 614, 546, 561, 667, 690, 565, 585, 705, 584, 574, 557, 495, 565, 559, 507, 602, 610, 533, 507, 548, 540, 508, 459, 504, 605, 473, 562, 609, 514, 527, 518, 537, 492, 495, 528, 542, 512, 506, 573, 543, 451, 511, 517, 503, 579, 576, 532, 565, 558, 600, 594, 558, 574, 527, 559, 548, 525, 526, 561, 592, 553, 470, 503, 578, 499, 511, 535, 598, 557, 538, 577, 575, 485, 525, 526, 500, 527, 517, 587, 598, 562, 544, 568, 583, 553, 524, 581, 568, 550, 534, 552, 522, 508, 495, 520, 513, 537, 566, 572, 494, 536, 529, 531, 544, 498, 516, 545, 510, 548, 580, 602, 601, 608, 606, 565, 558, 543, 554, 567, 553, 583, 480, 562, 568, 450, 424, 516, 614, 567, 589, 698, 651, 541, 522, 591, 619, 611, 637, 618, 588, 541, 530, 551, 626, 595, 572, 526, 572, 525, 573, 593, 598, 521, 531, 564, 535, 478, 540, 580, 566, 540, 554, 579, 614, 521, 519, 605, 607, 602, 548, 607, 604, 514, 561, 549, 584, 683, 540, 579, 599, 554, 585, 550, 638, 593, 586, 594, 512, 467, 577, 528, 445, 577, 525, 488, 564, 560, 494, 512, 539, 537, 539, 491, 544, 505, 553, 528, 572, 544, 598, 638, 550, 501, 600, 609, 532, 496, 516, 609, 581, 468, 555, 605, 556, 478, 384, 511, 511, 470, 611, 603, 550, 537, 582, 586, 504, 483, 586, 647, 610, 605, 599, 602, 573, 569, 566, 581, 564, 514, 541, 480, 509, 528, 497, 496, 505, 592, 570, 486, 521, 580, 553, 495, 508, 560, 628, 588, 559, 581, 584, 494, 475, 536, 644, 574, 610, 525, 561, 678, 585, 555, 526, 543, 561, 514, 601, 663, 567, 510, 573, 572, 545, 556, 588, 598, 496, 530, 499, 541, 571, 608, 552, 556, 578, 553, 585, 534, 624, 655, 614, 618, 576, 561, 556, 533, 615, 593, 597, 615, 622, 602, 623, 548, 470, 594, 582, 568, 551, 651, 676, 603, 581, 614, 632, 673, 646, 1913, 1047, 2103, 2365, 1684, 1162, 3524, 3885, 4533, 2185, 4277, 5118, 3810, 2455, 7601, 8630, 7282, 5661, 8525, 8153, 5729, 6618, 15446, 15756, 14893, 11601, 18742, 15337, 10627, 13312, 34211, 35202, 19521, 13918, 24568, 18857, 13403, 15354, 43985, 46531, 12908, 13254, 20357, 12922, 8274, 13607, 35810, 36251, 5372, 11570, 14156, 7053, 3027, 10958, 23211, 21244, 2693, 5934, 6666, 3276, 1698, 5452, 10364, 8996, 2405, 3316, 4107, 2615, 1698, 2945, 5766, 5470, 4126, 6361, 7945, 4924, 2103, 3981, 8221, 8149, 4808, 7766, 10240, 6581, 2285, 5291, 10691, 10397, 2813, 5475, 7343, 4783, 1734, 4558, 8500, 7687, 1032, 3072, 3673, 2234, 829, 2845, 4579, 3639, 617, 1592, 1738, 1030, 587, 1357, 1956, 1487, 549, 902, 1047, 775, 566, 811, 1167, 1002, 541, 804, 927, 673, 503, 780, 948, 805, 656, 773, 829, 744, 691, 729, 705, 682, 744, 729, 686, 675, 751, 775, 579, 650, 614, 541, 647, 632, 606, 606, 656, 657, 612, 658, 561, 589, 593, 637, 770, 731, 768, 838, 842, 712, 664, 647, 614, 689, 883, 973, 984, 795, 699, 755, 660, 811, 789, 1024, 985, 681, 624, 777, 806, 732, 745, 1001, 963, 704, 641, 770, 851, 607, 1318, 1963, 1758, 923, 847, 1078, 1218, 790, 2718, 4028, 3152, 1561, 1218, 2381, 2699, 1184, 3739, 4656, 3997, 3031, 1544, 3631, 3865, 2023, 3132, 4080, 4455, 3690, 1785, 3386, 3723, 2590, 2497, 3067, 2840, 2607, 2006, 2377, 2671, 2313, 2129, 2269, 2098, 1458, 1588, 1836, 1863, 1746, 1348, 2200, 1975, 1250, 943, 1153, 1571, 1285, 1257, 2175, 1914, 852, 883, 1121, 1454, 1049, 918, 1434, 1278, 784, 907, 1057, 1138, 895, 719, 909, 899, 667, 713, 785, 821, 726, 742, 745, 772, 745, 687, 704, 653, 640, 756, 737, 814, 836, 766, 713, 654, 699, 793, 799, 819, 819, 739, 728, 726, 759, 704, 740, 788, 865, 822, 774, 698, 753, 738, 731, 847, 870, 879, 832, 789, 719, 738, 715, 835, 856, 777, 836, 833, 838, 782, 797, 878, 850, 766, 841, 819, 858, 765, 805, 809, 721, 624, 744, 743, 746, 757, 805, 696, 687, 615, 633, 684, 754, 754, 694, 692, 681, 630, 578, 662, 747, 786, 685, 805, 796, 758, 730, 707, 836, 749, 868, 850, 789, 806, 719, 592, 636, 851, 805, 771, 786, 782, 636, 598, 716, 769, 673, 733, 811, 647, 516, 632, 782, 681, 537, 574, 676, 675, 615, 638, 774, 588, 582, 569, 549, 608, 479, 539, 675, 662, 682, 709, 656, 579, 546, 623, 641, 686, 627, 600, 539, 522, 611, 589, 675, 584, 580, 625, 634, 515, 608, 682, 559, 626, 559, 523, 600, 603, 576, 535, 574, 679, 666, 551, 556, 651, 639, 562, 601, 541, 578, 598, 594, 594, 564, 497, 536, 635, 561, 579, 586, 538, 619, 688, 669, 641, 641, 583, 468, 490, 539, 569, 560, 668, 761, 607, 524, 612, 656, 662, 602, 664, 763, 659, 580, 599, 689, 729, 634, 616, 713, 644, 679, 649, 662, 660, 595, 577, 566, 578, 656, 550, 540, 679, 669, 665, 592, 586, 693, 717, 592, 638, 703, 608, 578, 639, 770, 681, 598, 720, 719, 565, 615, 718, 703, 697, 627, 644, 718, 519, 574, 693, 685, 579, 650, 725, 686, 569, 581, 676, 772, 587, 586, 747, 698, 773, 554, 901, 985, 733, 648, 947, 1077, 887, 696, 1193, 1043, 701, 717, 1213, 1389, 755, 867, 1240, 981, 629, 778, 1287, 1295, 663, 780, 979, 804, 607, 713, 1086, 1073, 589, 680, 826, 779, 648, 689, 905, 852, 644, 699, 764, 698, 712, 784, 850, 867, 575, 657, 777, 740, 564, 645, 811, 766, 581, 671, 740, 655, 575, 581, 783, 760, 562, 551, 699, 602, 479, 531, 624, 670, 528, 558, 664, 619, 529, 476, 531, 596, 560, 472, 542, 601, 494, 539, 547, 581, 609, 585, 541, 576, 601, 616, 570, 584, 645, 597, 534, 507, 584, 644, 558, 574, 515, 509, 463, 416, 411, 501, 526, 451, 419, 449, 452, 455, 397, 301, 396, 447, 451, 514, 442, 401, 479, 452, 401, 409, 419, 400, 421, 401, 434, 467, 494, 457, 486, 428, 429, 427, 419, 380, 403, 462]"
-0.48192229866981506,0.7211690545082092,-0.30982041358947754,-0.8386961221694946,0.7215965986251831,-0.46989428997039795,-0.8747148513793945,-0.7257757186889648,0.7852077484130859,24.0,-0.37100887298583984,0.4729270935058594,22.75,-0.3516969680786133,0.5331516265869141,21.25,-0.2514181137084961,0.5940914154052734,23.0,-0.20964717864990234,0.5985260009765625,24.75,"[500, 524, 558, 658, 694, 652, 559, 523, 504, 541, 705, 719, 737, 727, 609, 545, 487, 529, 590, 563, 530, 567, 509, 494, 469, 506, 541, 446, 512, 591, 563, 500, 432, 454, 493, 483, 422, 481, 540, 494, 526, 526, 523, 490, 471, 522, 521, 507, 504, 525, 537, 484, 517, 595, 534, 448, 514, 469, 452, 441, 477, 527, 539, 524, 560, 448, 464, 489, 449, 417, 506, 574, 696, 520, 518, 575, 537, 436, 499, 702, 628, 586, 571, 609, 597, 500, 544, 658, 572, 572, 619, 636, 586, 537, 551, 503, 484, 509, 596, 566, 519, 486, 570, 581, 507, 468, 545, 642, 610, 503, 482, 561, 611, 563, 535, 588, 661, 596, 571, 584, 633, 622, 577, 651, 769, 641, 487, 524, 549, 589, 596, 629, 619, 487, 490, 494, 562, 596, 518, 526, 493, 536, 583, 471, 520, 553, 515, 518, 482, 539, 584, 493, 650, 597, 531, 551, 498, 562, 588, 570, 561, 630, 572, 609, 556, 539, 618, 507, 512, 528, 672, 626, 459, 534, 626, 550, 613, 540, 609, 614, 558, 596, 538, 573, 531, 533, 669, 627, 562, 592, 595, 580, 470, 483, 552, 557, 523, 554, 594, 550, 421, 503, 580, 533, 495, 533, 547, 534, 544, 571, 602, 501, 466, 500, 483, 590, 489, 628, 650, 500, 513, 512, 582, 586, 521, 638, 579, 452, 488, 542, 592, 556, 581, 707, 568, 463, 555, 581, 562, 558, 445, 556, 589, 505, 438, 519, 579, 473, 475, 503, 638, 621, 478, 522, 614, 543, 522, 535, 500, 472, 469, 509, 524, 501, 584, 608, 525, 535, 575, 603, 612, 638, 490, 605, 568, 455, 567, 658, 587, 547, 577, 675, 535, 453, 578, 592, 561, 521, 538, 508, 393, 404, 539, 471, 559, 567, 629, 577, 500, 553, 622, 570, 560, 627, 578, 621, 562, 481, 527, 531, 522, 548, 542, 538, 548, 538, 586, 483, 550, 653, 662, 634, 597, 542, 564, 625, 614, 664, 1467, 1480, 1889, 2132, 1350, 1820, 3461, 3315, 3716, 2514, 4284, 5076, 3259, 3229, 8501, 8668, 4307, 2226, 4317, 5553, 3874, 2733, 8337, 9039, 2853, 2426, 3596, 3329, 2339, 2196, 4474, 4741, 3812, 4636, 5446, 4037, 2570, 4189, 7829, 7147, 3250, 6670, 7502, 4574, 2462, 5869, 10763, 9349, 2675, 6262, 7030, 3642, 1941, 5580, 10312, 8808, 1635, 3360, 3764, 2105, 1216, 3176, 5896, 5066, 1805, 2150, 2709, 1906, 1163, 2035, 4034, 3911, 3159, 4445, 5889, 3968, 1762, 3158, 6564, 6674, 4182, 9565, 12626, 7794, 2514, 6178, 12812, 12048, 3283, 11173, 14585, 8718, 2226, 7487, 14847, 13176, 1150, 6866, 8668, 4992, 1125, 4785, 8813, 7442, 740, 3138, 3957, 2332, 659, 2182, 3935, 3393, 666, 1825, 2029, 1328, 651, 1421, 2309, 1855, 543, 1078, 1223, 889, 532, 880, 1355, 1153, 632, 827, 998, 690, 485, 779, 1058, 1010, 740, 731, 783, 623, 620, 721, 826, 816, 640, 598, 636, 594, 527, 616, 726, 742, 575, 628, 712, 595, 536, 667, 776, 745, 553, 781, 759, 721, 581, 601, 850, 713, 701, 966, 813, 746, 706, 735, 874, 740, 944, 1093, 845, 653, 905, 971, 859, 727, 1015, 1110, 794, 665, 849, 1018, 948, 711, 881, 820, 796, 765, 731, 828, 856, 787, 788, 1159, 1272, 1002, 720, 1059, 1133, 806, 1398, 3016, 3822, 2516, 1022, 2288, 2292, 1604, 2007, 3665, 5351, 3925, 1293, 3056, 3065, 2295, 2789, 4234, 4868, 3322, 1543, 2205, 2579, 1890, 2742, 4413, 3796, 2133, 1783, 1920, 2314, 1445, 1974, 2441, 1904, 1367, 1561, 1669, 1496, 1074, 1144, 1329, 1381, 1154, 1148, 1286, 1117, 1066, 1124, 991, 969, 1013, 1283, 1095, 960, 1206, 965, 952, 815, 754, 1035, 1004, 760, 888, 925, 883, 898, 889, 875, 887, 791, 849, 1114, 1087, 975, 1086, 910, 931, 829, 870, 1142, 1108, 1023, 1009, 931, 1018, 1054, 831, 1014, 1132, 892, 829, 849, 1050, 1201, 940, 894, 1035, 897, 915, 783, 993, 1088, 806, 740, 792, 775, 823, 714, 813, 841, 729, 839, 727, 690, 651, 725, 766, 627, 772, 780, 739, 698, 645, 669, 721, 708, 793, 705, 681, 672, 710, 747, 663, 677, 680, 606, 592, 638, 641, 635, 646, 752, 715, 645, 688, 704, 583, 535, 619, 766, 684, 719, 648, 553, 604, 588, 525, 562, 669, 659, 590, 629, 645, 604, 579, 758, 758, 651, 684, 665, 754, 724, 636, 654, 679, 663, 690, 647, 722, 717, 603, 610, 626, 675, 607, 663, 717, 673, 666, 677, 655, 780, 599, 641, 729, 720, 595, 681, 827, 656, 608, 576, 562, 615, 590, 690, 737, 594, 622, 646, 613, 583, 587, 677, 655, 608, 569, 616, 653, 548, 610, 619, 624, 591, 598, 627, 623, 610, 641, 578, 618, 587, 525, 641, 711, 619, 578, 656, 624, 610, 572, 555, 589, 642, 647, 650, 638, 471, 625, 668, 567, 534, 656, 745, 696, 632, 626, 672, 670, 671, 540, 705, 747, 616, 515, 641, 697, 597, 495, 516, 647, 604, 538, 595, 567, 575, 471, 464, 589, 608, 661, 637, 527, 499, 607, 673, 696, 589, 753, 748, 601, 603, 662, 742, 670, 688, 690, 758, 652, 597, 650, 622, 617, 749, 652, 809, 837, 621, 652, 693, 729, 590, 621, 792, 791, 601, 780, 825, 742, 591, 702, 909, 833, 577, 632, 763, 678, 769, 759, 902, 894, 699, 665, 782, 837, 1042, 794, 1262, 1208, 769, 780, 910, 1231, 1115, 1336, 1737, 1253, 783, 1069, 1680, 1795, 1002, 1713, 1965, 1187, 892, 1261, 2086, 2057, 687, 1167, 1345, 935, 694, 1046, 1398, 1354, 554, 756, 742, 626, 671, 855, 865, 780, 590, 583, 581, 661, 706, 667, 630, 640, 631, 746, 678, 624, 750, 731, 901, 768, 598, 778, 764, 721, 669, 794, 1011, 834, 683, 678, 679, 767, 628, 805, 941, 783, 725, 636, 648, 726, 619, 703, 672, 652, 550, 519, 507, 482, 483, 573, 491, 486, 489, 512, 479, 551, 539, 520, 448, 399, 543, 537, 540, 597, 612, 577, 560, 540, 429, 494, 515, 493, 494, 523, 542, 453, 460, 501, 508, 443, 432, 448, 450, 427, 379, 429, 449, 407, 398, 423, 505, 480, 447, 525, 534, 466, 446, 464, 529, 520, 433, 477, 496, 472, 405, 474, 519, 431, 397, 426, 461, 470, 381, 402, 512, 518]"
-0.5263898372650146,0.7264310121536255,-0.3930606544017792,-0.8273431658744812,0.6449577808380127,-0.5070644021034241,-0.7675720453262329,-1.574833631515503,1.146841049194336,25.0,-0.9514167308807373,1.1199474334716797,16.0,-0.913079023361206,0.9238243103027344,27.75,-0.700218915939331,0.9261131286621094,26.0,-0.5794837474822998,2.113008499145508,19.25,"[640, 585, 547, 570, 543, 571, 543, 585, 568, 561, 630, 658, 598, 592, 621, 684, 534, 578, 615, 571, 530, 565, 635, 610, 489, 536, 560, 600, 538, 541, 579, 548, 507, 474, 520, 538, 473, 504, 539, 501, 523, 562, 502, 454, 532, 554, 523, 514, 490, 478, 482, 469, 445, 444, 513, 522, 546, 574, 580, 592, 539, 511, 594, 564, 541, 613, 618, 610, 536, 535, 496, 492, 501, 551, 447, 476, 532, 563, 534, 443, 486, 500, 518, 523, 501, 526, 496, 455, 537, 545, 561, 550, 584, 578, 488, 513, 523, 518, 473, 488, 573, 518, 510, 487, 453, 568, 542, 563, 561, 616, 663, 527, 433, 568, 566, 590, 539, 540, 600, 498, 418, 517, 547, 545, 478, 441, 511, 496, 544, 615, 526, 500, 550, 553, 602, 589, 606, 559, 512, 503, 578, 582, 553, 591, 567, 572, 480, 428, 524, 526, 516, 504, 613, 561, 486, 495, 517, 512, 488, 535, 562, 579, 588, 543, 509, 577, 563, 484, 577, 623, 588, 600, 551, 575, 524, 495, 593, 507, 576, 612, 556, 553, 586, 589, 613, 603, 572, 544, 529, 605, 582, 567, 510, 570, 524, 510, 540, 657, 582, 493, 529, 597, 546, 533, 650, 692, 612, 487, 589, 638, 523, 591, 675, 690, 692, 586, 633, 633, 538, 581, 581, 503, 574, 624, 585, 500, 468, 594, 547, 525, 478, 545, 539, 440, 465, 616, 591, 529, 515, 511, 616, 598, 500, 482, 531, 567, 531, 557, 625, 676, 581, 504, 459, 593, 626, 517, 480, 471, 511, 532, 488, 473, 536, 522, 506, 579, 537, 423, 524, 574, 539, 513, 493, 564, 546, 491, 540, 648, 571, 466, 457, 496, 559, 551, 447, 566, 552, 416, 512, 498, 519, 494, 460, 550, 558, 509, 543, 626, 632, 526, 503, 681, 733, 603, 985, 1219, 1683, 1582, 917, 1378, 2901, 2666, 3657, 3166, 5181, 5302, 3003, 3842, 9628, 9480, 5516, 4583, 7510, 7706, 4535, 5200, 13380, 13367, 3826, 5392, 6451, 5268, 2882, 4452, 9269, 8121, 5244, 9048, 9574, 5388, 2899, 6376, 11642, 9815, 5585, 9087, 10588, 6207, 3314, 6403, 12972, 11932, 5442, 7139, 9344, 5713, 3408, 6336, 12751, 12092, 7594, 6664, 10117, 7172, 4892, 6469, 14339, 14899, 4390, 3422, 5602, 4516, 3000, 3510, 7540, 8114, 1535, 1251, 1888, 1647, 1136, 1298, 2244, 2420, 1900, 1319, 1905, 1729, 1095, 930, 1924, 2594, 3482, 5150, 7326, 4814, 1883, 2944, 7057, 7562, 3117, 8746, 12145, 7482, 1879, 5418, 11403, 10954, 2597, 12497, 14731, 7944, 1592, 7519, 13474, 10938, 3603, 9133, 9092, 4315, 1700, 5608, 9004, 6650, 2707, 4753, 4047, 1867, 1333, 2725, 4057, 3097, 1696, 3090, 3154, 1727, 899, 1646, 2708, 2339, 1044, 2145, 2282, 1340, 782, 1210, 1793, 1606, 773, 1202, 1346, 930, 678, 734, 1062, 1086, 817, 967, 917, 744, 726, 764, 922, 786, 991, 1093, 947, 660, 835, 984, 928, 765, 1072, 1281, 958, 636, 811, 963, 882, 663, 967, 1115, 906, 721, 795, 830, 789, 705, 804, 900, 950, 901, 764, 639, 643, 644, 713, 835, 981, 972, 786, 786, 775, 621, 727, 852, 945, 790, 568, 711, 754, 723, 794, 1106, 1025, 708, 676, 897, 873, 801, 1000, 1637, 1627, 990, 786, 890, 848, 840, 2759, 3916, 4467, 3121, 2182, 3088, 2851, 2324, 6466, 7061, 7804, 6281, 4210, 6921, 6303, 4481, 7035, 6406, 7593, 6441, 4007, 7315, 6658, 4590, 3710, 3323, 4586, 3997, 2020, 4164, 3810, 2691, 1779, 2246, 2822, 2091, 1167, 2373, 1792, 1328, 1426, 1542, 1613, 1263, 1118, 1406, 1128, 1107, 1337, 1083, 1074, 1107, 1064, 1172, 1102, 1138, 1323, 1506, 1237, 1053, 1213, 1400, 1080, 979, 1134, 1427, 1318, 1124, 1168, 1056, 787, 923, 1096, 1195, 1136, 863, 805, 784, 624, 784, 999, 1068, 985, 763, 802, 912, 820, 872, 815, 962, 992, 726, 741, 928, 862, 837, 680, 860, 839, 649, 742, 845, 744, 689, 680, 637, 737, 790, 648, 715, 732, 742, 670, 616, 669, 753, 644, 604, 658, 659, 747, 736, 741, 687, 610, 744, 713, 662, 796, 756, 812, 741, 682, 797, 799, 736, 759, 677, 843, 761, 686, 699, 719, 760, 659, 620, 806, 720, 673, 689, 674, 742, 699, 677, 690, 697, 743, 695, 698, 788, 667, 644, 658, 716, 727, 616, 628, 644, 586, 635, 649, 653, 671, 673, 683, 680, 629, 524, 505, 569, 605, 568, 675, 760, 635, 547, 638, 621, 554, 545, 667, 727, 562, 690, 667, 547, 517, 567, 733, 679, 628, 722, 771, 687, 630, 536, 645, 715, 526, 593, 622, 615, 598, 575, 537, 581, 565, 674, 645, 587, 558, 603, 652, 567, 586, 693, 599, 565, 572, 586, 615, 594, 616, 598, 635, 628, 599, 608, 652, 632, 681, 589, 621, 623, 641, 551, 565, 660, 662, 582, 653, 677, 679, 651, 645, 670, 723, 637, 680, 634, 691, 675, 695, 783, 606, 660, 674, 605, 588, 648, 678, 641, 620, 641, 560, 562, 611, 688, 715, 684, 723, 660, 544, 589, 598, 622, 737, 674, 710, 735, 727, 688, 613, 641, 745, 723, 650, 751, 706, 595, 456, 623, 727, 665, 650, 682, 621, 516, 617, 725, 730, 677, 663, 575, 611, 704, 763, 706, 855, 882, 809, 682, 613, 682, 681, 701, 863, 910, 1265, 926, 873, 872, 730, 819, 780, 1107, 1592, 1210, 1269, 1113, 907, 988, 1087, 1557, 1037, 1302, 1462, 1054, 866, 1150, 1581, 1603, 763, 1210, 1347, 854, 662, 1061, 1534, 1327, 634, 997, 1078, 700, 540, 898, 1146, 890, 677, 856, 955, 731, 553, 791, 949, 949, 920, 1230, 1204, 845, 735, 1073, 1267, 1124, 800, 1002, 980, 759, 657, 818, 985, 914, 683, 604, 709, 645, 564, 638, 795, 785, 539, 615, 598, 585, 558, 619, 717, 639, 596, 783, 758, 611, 622, 688, 757, 662, 482, 661, 614, 495, 518, 632, 703, 554, 504, 590, 512, 542, 556, 504, 566, 549, 446, 606, 559, 576, 563, 539, 545, 492, 451, 555, 589, 619, 547, 552, 600, 492, 524, 541, 476, 485, 468, 527, 578, 513, 587, 600, 557, 516, 471, 541, 587, 545, 593, 623, 601, 545, 501, 510, 562, 504, 525, 543, 537, 487, 462, 480, 589, 523, 500, 498, 471, 473, 459, 446, 465, 487, 459, 572, 573, 520, 473, 478, 569, 548]"
-0.6015798449516296,0.6309614181518555,-0.529495894908905,-0.8690847158432007,0.4758721590042114,-0.6185365319252014,-0.721183180809021,-1.5051995515823364,1.1070728302001953,26.5,-1.2861882448196411,1.0697364807128906,30.0,-0.6078397035598755,1.8465042114257812,16.5,-0.5812321901321411,0.9012222290039062,15.0,-0.48796284198760986,0.7043838500976562,20.5,"[615, 588, 701, 701, 553, 701, 704, 588, 599, 638, 638, 733, 645, 630, 654, 517, 488, 547, 614, 618, 602, 577, 570, 505, 466, 476, 486, 494, 446, 442, 511, 507, 502, 535, 569, 434, 437, 538, 533, 490, 549, 581, 620, 508, 466, 501, 548, 526, 539, 533, 469, 456, 551, 594, 618, 558, 494, 535, 514, 516, 537, 523, 550, 506, 463, 509, 460, 533, 502, 450, 471, 453, 564, 467, 506, 619, 582, 491, 460, 518, 516, 531, 523, 522, 517, 527, 566, 593, 541, 445, 508, 588, 625, 482, 535, 627, 544, 465, 505, 542, 576, 549, 466, 534, 499, 498, 569, 537, 530, 550, 577, 613, 564, 508, 549, 535, 510, 548, 552, 609, 531, 488, 490, 544, 519, 532, 585, 588, 469, 481, 503, 568, 549, 509, 567, 565, 484, 514, 604, 506, 525, 577, 638, 580, 569, 549, 577, 470, 535, 515, 515, 575, 586, 520, 500, 596, 640, 567, 494, 546, 461, 556, 519, 496, 627, 613, 588, 545, 479, 529, 558, 642, 594, 546, 655, 587, 585, 578, 554, 573, 573, 569, 549, 541, 449, 520, 520, 537, 619, 538, 536, 515, 496, 565, 553, 580, 577, 529, 556, 540, 617, 658, 536, 609, 616, 609, 574, 553, 559, 541, 489, 610, 553, 524, 510, 502, 581, 574, 530, 574, 503, 421, 551, 547, 571, 550, 520, 510, 499, 531, 426, 479, 585, 584, 507, 534, 601, 572, 434, 486, 525, 551, 534, 537, 566, 653, 592, 494, 456, 555, 626, 534, 510, 638, 630, 493, 540, 593, 520, 429, 449, 568, 611, 573, 571, 652, 618, 478, 543, 531, 561, 597, 574, 733, 716, 681, 563, 644, 900, 867, 648, 1261, 1356, 1139, 639, 1412, 2197, 1706, 2526, 4858, 6054, 4883, 2022, 5691, 11332, 9800, 4225, 7166, 9200, 6860, 3628, 7952, 17192, 15565, 2719, 6412, 6681, 3935, 2945, 5632, 12213, 10848, 3753, 8823, 8059, 3486, 2056, 7501, 12902, 9591, 6384, 12958, 14373, 7546, 3911, 12564, 22158, 17835, 6588, 13252, 15392, 8604, 4620, 13133, 22688, 18636, 3599, 7059, 7898, 4643, 2777, 7029, 10797, 8435, 1761, 2655, 2279, 1450, 1336, 2709, 3262, 2075, 934, 1153, 845, 800, 858, 1150, 1160, 759, 893, 719, 864, 851, 699, 752, 866, 990, 1204, 1016, 1428, 1205, 914, 957, 1357, 1670, 2122, 3482, 4067, 2518, 1333, 2120, 3836, 3778, 3623, 7453, 7266, 3489, 1756, 4108, 6967, 5552, 4327, 6761, 6003, 2996, 1880, 4699, 7105, 5585, 3143, 4766, 5463, 3296, 1819, 4207, 6225, 5199, 1824, 2730, 3288, 2092, 1276, 2415, 3685, 3150, 1488, 3280, 3284, 1573, 1004, 1970, 2884, 2012, 1136, 2554, 2706, 1520, 888, 1467, 2131, 1865, 886, 1096, 1357, 1056, 743, 805, 1015, 1196, 846, 1108, 1194, 881, 751, 744, 884, 814, 847, 1125, 1021, 704, 748, 758, 770, 618, 810, 1273, 1258, 841, 712, 884, 848, 700, 863, 1136, 1205, 965, 739, 1096, 1110, 791, 1327, 1409, 1280, 1025, 846, 1441, 1371, 902, 1339, 1328, 939, 767, 788, 1232, 1048, 757, 1084, 1120, 812, 740, 760, 949, 916, 696, 912, 1103, 941, 705, 736, 862, 784, 673, 1571, 2250, 1849, 809, 1185, 1240, 1191, 790, 3206, 4899, 3774, 1256, 2126, 1925, 2248, 1164, 4796, 6610, 5691, 2678, 3111, 2792, 3283, 2560, 5628, 7031, 7568, 5317, 3884, 3846, 3719, 4207, 4546, 5706, 6699, 4946, 3585, 3336, 2557, 3574, 2820, 3222, 3452, 2829, 2250, 2055, 1752, 2062, 2413, 2568, 2281, 2047, 1746, 1719, 1627, 1623, 1591, 1757, 1507, 1249, 1212, 1248, 1240, 1071, 1186, 1346, 1118, 653, 1089, 1265, 840, 811, 961, 1190, 1022, 796, 993, 1044, 893, 844, 764, 942, 978, 918, 664, 698, 906, 895, 926, 1180, 1215, 990, 983, 928, 1130, 1052, 1104, 1265, 1251, 1027, 1186, 1177, 1270, 1173, 943, 1077, 1008, 1020, 1122, 922, 961, 1120, 746, 761, 820, 784, 763, 748, 834, 862, 686, 748, 885, 827, 684, 696, 933, 884, 760, 845, 951, 813, 630, 834, 980, 872, 834, 870, 924, 831, 731, 857, 870, 835, 841, 883, 891, 808, 741, 840, 836, 848, 862, 879, 844, 714, 743, 862, 769, 769, 756, 649, 611, 584, 618, 634, 599, 693, 630, 557, 560, 517, 473, 504, 515, 604, 617, 646, 667, 642, 570, 568, 616, 681, 673, 592, 638, 703, 732, 671, 725, 736, 501, 572, 690, 723, 685, 654, 575, 532, 623, 648, 695, 605, 593, 694, 732, 686, 591, 699, 754, 598, 543, 636, 679, 595, 486, 659, 860, 697, 563, 655, 606, 575, 561, 743, 775, 649, 592, 603, 589, 568, 637, 808, 747, 673, 642, 619, 660, 623, 702, 764, 715, 654, 672, 688, 666, 691, 699, 736, 775, 764, 736, 634, 759, 816, 579, 661, 702, 629, 661, 655, 802, 781, 551, 659, 604, 580, 633, 686, 725, 692, 672, 575, 569, 653, 649, 547, 644, 722, 722, 636, 588, 589, 683, 632, 646, 744, 688, 688, 619, 570, 683, 615, 587, 701, 607, 648, 607, 508, 507, 557, 604, 592, 661, 630, 624, 589, 496, 648, 716, 691, 627, 605, 727, 724, 578, 669, 831, 795, 703, 670, 739, 801, 690, 637, 790, 840, 599, 613, 615, 697, 578, 556, 684, 740, 923, 751, 906, 1020, 804, 743, 1020, 1268, 1038, 1035, 1498, 1320, 795, 975, 1382, 1568, 824, 1591, 1887, 1237, 712, 1109, 1689, 1546, 929, 1444, 1828, 1296, 681, 976, 1572, 1620, 937, 971, 1194, 939, 776, 838, 1160, 1226, 905, 1285, 1213, 806, 755, 1037, 1208, 997, 859, 1397, 1206, 715, 735, 1054, 1243, 829, 835, 1190, 1137, 696, 740, 1065, 1253, 912, 729, 945, 1016, 741, 701, 915, 1036, 926, 724, 822, 837, 682, 730, 769, 765, 813, 776, 782, 815, 683, 708, 638, 793, 916, 693, 637, 711, 630, 607, 682, 712, 762, 804, 651, 643, 570, 649, 739, 616, 730, 691, 690, 553, 500, 503, 630, 641, 609, 759, 690, 557, 593, 592, 531, 654, 710, 610, 731, 763, 635, 569, 595, 842, 748, 521, 705, 685, 581, 484, 621, 934, 801, 441, 701, 655, 514, 525, 638, 877, 704, 530, 663, 710, 622, 484, 643, 865, 737, 575, 647, 755, 608, 504, 680, 801, 636, 498, 643, 725, 569, 535, 707, 715, 471, 495, 526, 466, 463, 571, 529, 444, 448, 499, 473, 437, 426, 502, 509, 437, 425]"
-0.6920942068099976,0.6785486340522766,-0.5913495421409607,-0.9412030577659607,0.0,0.0,0.0,-0.9815231561660767,0.8126735687255859,30.75,-0.9337440729141235,0.7917881011962891,18.5,-0.852491021156311,0.7319927215576172,27.75,-0.619174599647522,0.6254196166992188,18.25,-0.5968586206436157,0.6727695465087891,18.5,"[453, 587, 596, 554, 611, 557, 596, 587, 552, 682, 628, 603, 715, 633, 599, 621, 575, 617, 578, 496, 591, 546, 508, 598, 604, 550, 487, 510, 541, 571, 536, 491, 495, 496, 505, 534, 539, 564, 534, 508, 548, 580, 501, 546, 580, 521, 505, 494, 519, 584, 541, 491, 560, 500, 522, 526, 451, 493, 545, 529, 484, 488, 563, 544, 460, 541, 608, 567, 561, 592, 543, 490, 510, 528, 581, 564, 563, 538, 554, 570, 498, 588, 571, 490, 510, 527, 531, 469, 525, 546, 546, 575, 512, 614, 611, 551, 516, 520, 517, 517, 507, 525, 478, 543, 544, 462, 466, 482, 620, 630, 515, 573, 547, 586, 561, 511, 574, 607, 542, 564, 460, 480, 455, 493, 553, 513, 558, 532, 532, 593, 592, 561, 623, 615, 564, 482, 533, 529, 542, 566, 618, 567, 535, 515, 537, 493, 537, 532, 562, 589, 584, 555, 621, 518, 444, 525, 577, 549, 493, 486, 605, 564, 500, 596, 556, 484, 525, 531, 568, 515, 473, 558, 633, 536, 433, 549, 572, 570, 601, 663, 549, 545, 649, 673, 616, 593, 558, 665, 666, 530, 589, 684, 495, 559, 585, 573, 587, 607, 510, 484, 615, 604, 573, 587, 636, 667, 495, 496, 472, 503, 520, 564, 571, 482, 494, 492, 450, 482, 524, 499, 554, 551, 579, 556, 569, 570, 557, 591, 601, 573, 598, 589, 616, 694, 639, 721, 682, 844, 864, 795, 1282, 2101, 2476, 2243, 1204, 2613, 4454, 3741, 3165, 5364, 6955, 5922, 2630, 6385, 12825, 11226, 5433, 7425, 10500, 8707, 4143, 8526, 18212, 16803, 4003, 5103, 7404, 6357, 3053, 5691, 12142, 11395, 2189, 3599, 3761, 2566, 1363, 3139, 4899, 3980, 4105, 5537, 6514, 3823, 1913, 5520, 9586, 8495, 5027, 12351, 15791, 8501, 2905, 11580, 21889, 19274, 4682, 12538, 15521, 9125, 3580, 11983, 21675, 18223, 3090, 5792, 7504, 5355, 2690, 5725, 11250, 9891, 1475, 2082, 2411, 1974, 1206, 2212, 4123, 3464, 1047, 947, 1205, 1028, 813, 1032, 1737, 1887, 934, 1086, 1355, 1047, 810, 1029, 1840, 1845, 807, 1122, 1358, 1010, 707, 1046, 1605, 1525, 584, 1061, 1241, 865, 535, 938, 1339, 1151, 1686, 3381, 3316, 1629, 858, 2050, 3206, 2489, 5184, 10733, 9703, 3906, 2168, 5878, 8915, 6158, 6951, 13093, 11017, 4218, 2781, 7033, 10210, 6544, 4408, 7544, 7743, 4072, 1624, 3984, 6994, 6070, 1685, 4056, 5545, 3327, 1014, 2760, 5216, 4833, 1212, 1578, 2012, 1473, 853, 1464, 2422, 2323, 1285, 2001, 1875, 1082, 1072, 1556, 1646, 1287, 1182, 1868, 1799, 1063, 908, 1453, 1592, 1283, 1005, 1571, 1555, 1021, 808, 1251, 1503, 1147, 963, 1478, 1427, 993, 819, 1080, 1355, 1091, 1027, 1790, 1586, 934, 715, 1255, 1629, 1244, 1174, 1894, 1640, 860, 764, 1275, 1648, 1158, 1711, 2430, 1689, 887, 1392, 1561, 1489, 875, 3026, 4060, 2421, 1045, 2413, 1966, 1384, 826, 3472, 4529, 2612, 1216, 2767, 2101, 1484, 1024, 3195, 4177, 2649, 1143, 2457, 2195, 1546, 1124, 2570, 3538, 2471, 1124, 1988, 1935, 1399, 969, 1731, 2116, 1982, 1333, 1459, 1550, 1146, 1017, 2347, 2256, 2802, 2466, 1958, 1854, 1445, 1849, 3647, 3337, 3613, 3402, 2687, 2528, 1815, 2760, 3986, 3798, 3428, 3476, 2930, 2838, 1886, 2929, 2774, 2994, 3576, 3446, 2273, 3025, 2531, 2294, 2300, 2401, 3494, 2931, 1691, 2880, 2486, 1877, 1407, 1636, 1938, 1510, 1047, 1676, 1434, 1160, 1146, 1593, 1723, 1214, 781, 1261, 1348, 977, 1476, 2472, 2337, 1182, 1041, 1550, 1459, 1050, 1419, 1860, 1738, 1059, 984, 1380, 1248, 1026, 1017, 1314, 1341, 910, 903, 1160, 1210, 1006, 1035, 1517, 1591, 1239, 940, 1220, 1513, 1203, 1499, 1769, 1998, 1922, 1489, 1417, 1847, 1668, 1622, 1669, 1884, 2079, 1751, 1327, 1576, 1700, 1255, 1488, 1529, 1521, 1267, 1162, 1383, 1337, 867, 1186, 1170, 830, 721, 1024, 1258, 943, 767, 1060, 1105, 929, 763, 819, 985, 910, 710, 881, 1009, 747, 663, 765, 816, 848, 781, 640, 747, 790, 720, 764, 771, 780, 639, 742, 770, 744, 638, 826, 812, 637, 872, 986, 923, 794, 692, 728, 817, 700, 686, 892, 938, 705, 659, 675, 647, 696, 594, 687, 777, 697, 674, 713, 789, 749, 598, 614, 720, 693, 670, 702, 752, 707, 688, 710, 608, 614, 665, 637, 691, 724, 649, 706, 682, 601, 617, 689, 764, 735, 586, 641, 689, 608, 582, 719, 724, 623, 680, 758, 652, 606, 617, 596, 639, 599, 696, 744, 673, 596, 680, 696, 741, 708, 604, 698, 688, 652, 641, 660, 775, 679, 606, 593, 609, 608, 661, 588, 608, 675, 610, 698, 715, 671, 690, 714, 705, 716, 679, 700, 795, 735, 614, 672, 712, 753, 673, 768, 772, 663, 636, 749, 771, 743, 717, 683, 883, 770, 639, 716, 814, 893, 753, 606, 749, 716, 699, 733, 880, 930, 732, 624, 600, 675, 638, 609, 782, 865, 736, 643, 702, 690, 582, 596, 743, 776, 752, 662, 688, 725, 657, 706, 744, 752, 688, 526, 542, 648, 692, 691, 660, 687, 625, 577, 637, 625, 632, 719, 743, 717, 653, 649, 648, 667, 570, 608, 761, 712, 1028, 968, 903, 831, 719, 868, 1147, 1094, 1243, 1968, 1933, 1146, 803, 1364, 2126, 1762, 1163, 2717, 2794, 1530, 980, 1734, 2859, 2277, 766, 2080, 2304, 1416, 851, 1356, 2228, 1834, 702, 986, 990, 801, 713, 871, 1049, 797, 861, 795, 741, 661, 712, 630, 810, 898, 975, 1156, 979, 741, 848, 713, 1015, 1027, 930, 1062, 921, 860, 837, 837, 1169, 1043, 865, 976, 891, 697, 651, 847, 1105, 857, 704, 790, 714, 701, 687, 756, 880, 746, 710, 766, 657, 634, 622, 622, 704, 693, 819, 908, 668, 627, 678, 685, 709, 615, 885, 980, 743, 706, 757, 796, 970, 751, 685, 817, 793, 681, 620, 736, 897, 736, 606, 763, 734, 680, 601, 664, 793, 648, 560, 625, 713, 635, 591, 656, 721, 651, 623, 533, 595, 691, 554, 518, 648, 683, 534, 591, 572, 539, 468, 478, 624, 609, 558, 698, 778, 616, 502, 542, 649, 635, 525, 580, 659, 566, 528, 458, 478, 553, 389, 519, 554, 443, 412, 455, 429, 446, 442, 534, 623, 468, 404, 407, 483, 521, 466, 446, 452, 455, 454, 452, 459, 507, 576, 449, 477, 533, 441, 424, 464, 579, 519, 544, 619, 518, 424, 483, 518, 548]"
-0.7862145304679871,0.6785486340522766,-0.5913495421409607,-0.9412030577659607,0.0,0.0,0.0,-0.773901104927063,0.4676342010498047,-29.75,-0.757879376411438,0.4872322082519531,18.0,-0.7384244203567505,0.4337310791015625,30.75,-0.6837788820266724,0.3154277801513672,31.0,-0.44001972675323486,0.3451824188232422,22.25,"[615, 683, 691, 573, 538, 580, 689, 686, 625, 635, 658, 561, 590, 641, 677, 675, 459, 532, 590, 511, 559, 563, 582, 525, 560, 554, 531, 505, 514, 510, 515, 571, 486, 458, 507, 449, 459, 443, 484, 522, 584, 506, 523, 502, 508, 509, 537, 614, 590, 615, 568, 521, 466, 492, 502, 515, 582, 562, 478, 540, 580, 500, 494, 534, 498, 493, 480, 599, 581, 513, 548, 531, 534, 528, 552, 612, 613, 539, 617, 582, 610, 602, 601, 485, 636, 650, 579, 548, 601, 530, 490, 581, 567, 585, 614, 552, 607, 571, 549, 496, 487, 478, 548, 618, 574, 579, 559, 514, 514, 516, 508, 544, 564, 482, 546, 568, 504, 559, 581, 557, 526, 546, 524, 556, 650, 680, 601, 521, 543, 578, 489, 599, 655, 584, 541, 530, 547, 572, 602, 558, 617, 589, 494, 525, 641, 599, 572, 512, 526, 593, 558, 528, 601, 616, 590, 506, 578, 686, 649, 539, 497, 542, 556, 447, 470, 571, 501, 446, 551, 600, 584, 534, 578, 678, 574, 550, 540, 545, 525, 575, 591, 519, 577, 588, 522, 584, 569, 565, 612, 553, 621, 603, 562, 574, 617, 643, 529, 470, 555, 600, 1711, 2403, 2586, 1845, 1211, 2690, 4439, 3785, 6541, 8812, 11537, 7243, 4298, 9278, 19648, 18401, 10502, 12112, 17636, 11051, 6781, 12569, 29225, 28636, 7520, 7346, 11412, 7791, 4806, 7792, 19061, 19185, 2909, 2612, 4009, 3225, 1789, 2708, 6667, 6754, 2002, 2552, 2718, 1643, 940, 2244, 3803, 3457, 2746, 3806, 3790, 1805, 1347, 3580, 5787, 4936, 6020, 12961, 14461, 7166, 3509, 13747, 23761, 19703, 9157, 24273, 28346, 15063, 5933, 24970, 43264, 35455, 6711, 20036, 24368, 13621, 4843, 19907, 34906, 28900, 2498, 7980, 9586, 5605, 1842, 7658, 13463, 10986, 1756, 2226, 2599, 1683, 1026, 1929, 3113, 2826, 1427, 1405, 2139, 1290, 740, 947, 1955, 2423, 884, 1123, 1440, 928, 710, 940, 1568, 1630, 735, 780, 826, 746, 554, 811, 1156, 1111, 643, 753, 796, 553, 571, 791, 828, 694, 848, 1126, 1177, 938, 808, 1032, 1267, 979, 1704, 2279, 1980, 1260, 1168, 1233, 1638, 1805, 5382, 9745, 7884, 2287, 2482, 3619, 5669, 3111, 7988, 14665, 11891, 3438, 3415, 5696, 8740, 4671, 5454, 10053, 8223, 2784, 2267, 4083, 6082, 3294, 1688, 3632, 3087, 1451, 1018, 2050, 2985, 1715, 1817, 3606, 3108, 1464, 1180, 2507, 3380, 2068, 1780, 3142, 2647, 1281, 1088, 2270, 2841, 1775, 1007, 1464, 1329, 892, 757, 1241, 1484, 1177, 946, 1452, 1302, 802, 745, 892, 1138, 906, 1076, 1811, 1670, 846, 909, 1204, 1368, 1007, 2186, 3670, 3168, 1222, 2172, 2449, 1668, 993, 3422, 5457, 4211, 1633, 3431, 3252, 1836, 1255, 2715, 4067, 3015, 1352, 2600, 2465, 1422, 974, 1197, 1779, 1470, 946, 1369, 1381, 946, 666, 954, 1272, 1153, 766, 882, 1087, 949, 695, 1623, 1914, 1564, 1079, 1543, 1688, 1130, 1077, 2474, 2562, 2532, 2201, 2458, 2243, 1306, 2062, 3316, 2949, 3593, 3315, 2507, 1965, 2029, 2797, 3290, 3195, 4056, 3838, 1973, 1953, 2800, 3007, 1982, 1906, 2756, 2553, 1234, 1683, 2017, 1978, 1588, 1606, 1726, 1802, 1380, 1284, 1416, 1566, 1235, 1539, 1563, 1114, 1248, 1147, 1048, 1189, 1331, 2611, 2993, 1567, 1501, 2152, 1384, 1186, 1403, 2308, 2683, 1449, 1219, 1987, 1344, 1023, 996, 1291, 1492, 1133, 749, 1112, 1125, 887, 710, 1014, 1038, 934, 726, 894, 1042, 716, 853, 1109, 1046, 881, 710, 876, 1061, 848, 1294, 2408, 2234, 1202, 911, 1472, 1828, 1189, 1804, 3500, 3152, 1376, 1165, 1820, 2202, 1355, 1500, 2587, 2419, 1221, 1067, 1452, 1649, 1105, 917, 1367, 1342, 823, 725, 929, 1119, 1006, 872, 1001, 1064, 844, 711, 876, 962, 868, 968, 1075, 1054, 787, 732, 880, 925, 897, 932, 1101, 1181, 868, 779, 888, 1070, 1042, 749, 1015, 1180, 863, 695, 811, 1034, 974, 891, 1305, 1321, 815, 741, 932, 1116, 993, 836, 1245, 1258, 798, 707, 960, 963, 814, 799, 951, 963, 831, 808, 875, 763, 693, 805, 757, 733, 755, 731, 629, 601, 750, 752, 703, 690, 743, 779, 655, 731, 687, 825, 777, 661, 686, 654, 655, 701, 701, 794, 899, 829, 730, 716, 758, 797, 727, 770, 854, 850, 755, 768, 793, 830, 753, 668, 689, 775, 796, 755, 721, 756, 745, 1121, 887, 1029, 1153, 986, 860, 1065, 1242, 2487, 1607, 1796, 2571, 2256, 1372, 2060, 2697, 2987, 1822, 1927, 2992, 2742, 1569, 2150, 3166, 2041, 1340, 1375, 2034, 1912, 1307, 1167, 1924, 1209, 1067, 880, 1151, 1063, 1016, 943, 976, 1052, 871, 1031, 1130, 916, 933, 1106, 1143, 1201, 884, 1015, 1071, 1073, 1003, 1062, 1319, 1160, 863, 1105, 1210, 1159, 894, 1138, 1418, 1159, 817, 1148, 1197, 965, 809, 1165, 1346, 1046, 756, 962, 1130, 808, 695, 937, 1180, 946, 760, 937, 988, 643, 646, 873, 1007, 923, 670, 866, 927, 757, 625, 864, 1050, 960, 565, 748, 913, 823, 628, 805, 1046, 910, 673, 610, 839, 837, 649, 753, 960, 717, 657, 745, 771, 676, 654, 823, 812, 784, 1079, 1074, 812, 730, 904, 1116, 936, 1164, 1712, 2190, 1660, 901, 1312, 2476, 2372, 2383, 1849, 3222, 3098, 1880, 1780, 4859, 5098, 2583, 1279, 2707, 3211, 2153, 1454, 4576, 5056, 1412, 904, 1386, 1603, 1280, 939, 2225, 2465, 1066, 1186, 1153, 959, 920, 1016, 1213, 1244, 1320, 1297, 1130, 949, 967, 1061, 1315, 1340, 1481, 1063, 980, 1243, 1269, 982, 1680, 2055, 1609, 1146, 1044, 1405, 1591, 1371, 1454, 1855, 1725, 1226, 978, 1281, 1725, 1302, 1060, 1705, 1109, 931, 756, 1018, 1162, 918, 924, 1119, 1164, 945, 676, 832, 958, 1005, 827, 939, 859, 681, 689, 779, 756, 828, 925, 955, 682, 739, 797, 700, 727, 712, 848, 877, 673, 802, 834, 772, 757, 767, 872, 826, 688, 725, 616, 576, 674, 748, 701, 673, 642, 736, 822, 623, 598, 831, 826, 685, 626, 651, 787, 680, 619, 859, 892, 732, 644, 740, 763, 663, 704, 824, 977, 848, 708, 666, 694, 601, 645, 695, 845, 868, 592, 572, 578, 519, 607, 678, 726, 665, 510, 533, 626, 541, 578, 645, 594, 570, 467, 584, 676, 574, 514, 585, 632, 567, 435, 468, 622, 575, 466, 496, 637, 622, 529, 456, 481, 525, 446, 453, 599, 646, 531, 526, 537, 462, 429, 437, 537, 553, 574, 580, 539, 470, 561, 561, 551, 632]"
-0.826855480670929,-0.06385713815689087,-1.1214628219604492,-0.8274267911911011,-0.7419997453689575,-0.5528576970100403,0.12245681881904602,-1.0752984285354614,0.8793354034423828,23.5,-1.0752984285354614,0.8953571319580078,19.75,-1.0752984285354614,0.9245395660400391,20.5,-0.6035157442092896,0.6684780120849609,18.75,1.0664633512496948,0.2822399139404297,15.0,"[565, 564, 640, 636, 568, 634, 641, 559, 560, 613, 665, 653, 593, 563, 608, 612, 497, 629, 674, 554, 508, 579, 615, 526, 540, 603, 554, 439, 555, 629, 594, 560, 467, 539, 490, 498, 538, 455, 519, 476, 552, 555, 545, 520, 488, 467, 522, 563, 517, 544, 546, 547, 501, 474, 526, 513, 521, 543, 572, 555, 480, 528, 604, 501, 481, 596, 620, 560, 535, 617, 574, 489, 527, 608, 628, 548, 493, 621, 608, 525, 449, 457, 545, 548, 510, 541, 560, 496, 554, 510, 510, 569, 581, 469, 506, 545, 490, 512, 521, 457, 447, 471, 523, 514, 550, 533, 509, 507, 514, 526, 568, 538, 670, 604, 570, 522, 539, 568, 562, 611, 625, 499, 550, 626, 636, 530, 510, 609, 529, 514, 556, 608, 552, 426, 488, 598, 614, 570, 576, 660, 607, 485, 539, 636, 496, 578, 568, 551, 490, 533, 559, 502, 492, 578, 554, 467, 498, 571, 492, 420, 511, 519, 517, 501, 481, 588, 573, 508, 628, 647, 648, 622, 518, 630, 693, 633, 672, 716, 696, 672, 562, 631, 717, 693, 589, 800, 892, 774, 647, 949, 1197, 1007, 681, 1631, 1361, 970, 746, 1929, 2713, 1813, 1001, 2139, 2095, 1500, 892, 2330, 3408, 2360, 1532, 2565, 2530, 2147, 1221, 3080, 4785, 3600, 3580, 5562, 4452, 2595, 2919, 3527, 5799, 4632, 6680, 9292, 5858, 2027, 5133, 3707, 3734, 2779, 5712, 8045, 5032, 1222, 4362, 3300, 2506, 1284, 3089, 4155, 3559, 1721, 2161, 1878, 2997, 2417, 3391, 4136, 4793, 3202, 2122, 2592, 4951, 5402, 6494, 5100, 5693, 4140, 2685, 3222, 7170, 9183, 7909, 6136, 5475, 3607, 2630, 3216, 7103, 9229, 4980, 5703, 4746, 2186, 1528, 2695, 5334, 5777, 2286, 3916, 3672, 1618, 816, 1777, 3492, 3272, 1212, 2204, 2054, 1036, 644, 1095, 1669, 1466, 765, 1018, 857, 581, 555, 733, 804, 670, 699, 804, 689, 534, 503, 727, 751, 667, 701, 738, 799, 721, 584, 718, 685, 666, 2367, 3829, 2979, 916, 1310, 1568, 1738, 759, 9201, 15954, 12412, 3144, 4659, 5368, 8016, 3206, 14237, 24680, 19452, 5790, 7000, 8710, 13448, 6792, 10740, 18103, 14594, 5227, 5180, 7153, 10893, 6814, 5081, 8318, 7004, 2829, 2825, 3730, 5231, 3518, 2745, 4449, 3598, 1465, 1573, 1973, 2575, 1619, 1586, 2263, 1618, 798, 876, 1311, 1652, 1031, 1491, 2209, 1747, 914, 859, 1492, 1789, 1203, 1157, 2083, 1908, 1019, 816, 1467, 1872, 1290, 1039, 1539, 1577, 946, 793, 1277, 1502, 1192, 869, 1257, 1193, 723, 819, 972, 1061, 938, 893, 1241, 1042, 560, 758, 900, 855, 733, 779, 916, 826, 646, 705, 677, 607, 697, 863, 859, 818, 843, 857, 781, 748, 777, 1562, 1345, 1205, 1697, 1364, 1198, 1406, 1409, 2263, 1700, 1991, 2395, 1955, 2008, 1902, 1914, 1731, 1324, 1687, 1735, 1713, 1760, 1435, 1374, 1695, 1790, 1794, 1383, 1503, 1844, 1282, 1199, 2052, 1902, 1855, 1634, 1556, 1927, 1553, 1478, 1873, 1757, 1504, 1477, 1483, 1689, 1449, 1495, 2492, 2749, 2421, 1834, 2265, 2967, 2288, 1431, 3292, 3975, 3850, 2401, 3229, 4510, 3348, 1654, 2679, 3499, 3374, 1804, 2551, 3374, 2380, 1498, 1630, 2167, 1921, 1164, 1511, 1621, 1357, 1198, 1009, 1390, 1294, 842, 779, 1042, 1238, 1055, 1171, 1668, 1427, 754, 776, 1083, 1319, 1012, 1124, 1681, 1495, 797, 746, 988, 1221, 921, 1024, 1281, 1195, 768, 739, 855, 984, 767, 804, 877, 786, 685, 738, 746, 712, 694, 999, 928, 776, 718, 864, 773, 746, 911, 984, 1032, 769, 686, 847, 732, 727, 832, 744, 894, 866, 603, 671, 738, 793, 713, 727, 883, 766, 564, 737, 778, 769, 745, 799, 789, 728, 688, 771, 803, 827, 795, 728, 783, 829, 743, 664, 737, 779, 765, 780, 986, 1056, 857, 699, 804, 829, 841, 956, 896, 902, 895, 828, 805, 853, 940, 1047, 731, 891, 1029, 845, 813, 939, 1098, 864, 811, 856, 1029, 938, 911, 1035, 964, 882, 994, 917, 853, 991, 934, 988, 908, 972, 1187, 1101, 959, 1022, 826, 760, 924, 1165, 1172, 1054, 1017, 1164, 953, 874, 1026, 1063, 860, 810, 800, 917, 847, 862, 1049, 931, 846, 916, 791, 757, 758, 947, 1030, 951, 881, 1053, 958, 731, 726, 946, 1090, 827, 864, 1051, 911, 721, 887, 910, 934, 740, 779, 863, 774, 714, 830, 742, 777, 852, 736, 827, 871, 731, 758, 829, 908, 901, 664, 841, 883, 841, 687, 873, 1045, 894, 778, 755, 1013, 1018, 808, 894, 1076, 1099, 916, 825, 1028, 1064, 1021, 1028, 1102, 1159, 835, 790, 915, 975, 814, 1020, 1217, 1147, 816, 907, 1053, 895, 758, 1027, 1196, 1093, 876, 1017, 1067, 787, 823, 1204, 1349, 876, 744, 851, 915, 742, 757, 1084, 1129, 729, 690, 908, 934, 781, 803, 955, 946, 1021, 722, 735, 868, 857, 783, 876, 1076, 1090, 857, 890, 972, 747, 790, 1098, 1202, 1226, 1383, 1503, 1257, 870, 1097, 1458, 1291, 1418, 2620, 2569, 1407, 1043, 1606, 2322, 1650, 1308, 2468, 2359, 1304, 995, 1508, 2182, 1502, 989, 1137, 1173, 899, 747, 844, 1174, 1114, 1080, 1093, 1221, 974, 935, 941, 1086, 1035, 1785, 1559, 2206, 1677, 1272, 1291, 2287, 2501, 2148, 1625, 3107, 2766, 1609, 1278, 3343, 3898, 1534, 1414, 1923, 2002, 1664, 1037, 2078, 2459, 2012, 1440, 1702, 1561, 1511, 1261, 1721, 2388, 1761, 1205, 2122, 1982, 1409, 1332, 2021, 2520, 1595, 1296, 2199, 1828, 1055, 1288, 2573, 2778, 1331, 1057, 1335, 1162, 873, 1112, 1831, 1899, 1212, 860, 1165, 1419, 1116, 1033, 1545, 1731, 1295, 1124, 1439, 1689, 1322, 1089, 1723, 1767, 961, 1004, 1281, 1397, 1129, 950, 1502, 1656, 1579, 1097, 1178, 1181, 1222, 916, 1232, 1804, 1484, 850, 901, 1040, 1054, 791, 1146, 1733, 870, 768, 903, 800, 668, 577, 1037, 1189, 879, 806, 714, 698, 641, 563, 726, 874, 797, 698, 693, 645, 684, 593, 707, 860, 723, 674, 656, 706, 594, 598, 800, 817, 700, 688, 638, 655, 563, 660, 785, 753, 657, 629, 641, 662, 607, 556, 749, 781, 560, 622, 606, 520, 550, 571, 702, 686, 488, 526, 526, 509, 557, 520, 504, 569, 532, 572, 565, 572, 577, 530, 532, 579, 531, 525, 484, 498, 479, 446, 494, 537, 449, 515, 519, 463, 511, 536, 495, 462, 523, 412, 497, 494, 446, 449, 514, 608, 473, 465, 503, 510, 438, 516, 564, 523]"
-0.9089859127998352,-0.13805711269378662,-1.1767486333847046,-0.8151811361312866,-0.7419997453689575,-0.5528576970100403,0.12245681881904602,-0.30664414167404175,-0.2112865447998047,16.75,-0.2408406138420105,-0.08039474487304688,21.5,-0.2195259928703308,-0.13704299926757812,19.5,-0.1771828532218933,-0.08554458618164062,17.25,-0.0485798716545105,0.1368999481201172,15.5,"[598, 632, 558, 589, 652, 594, 561, 632, 512, 534, 625, 664, 657, 685, 654, 584, 495, 616, 613, 578, 605, 627, 631, 536, 524, 590, 557, 523, 552, 497, 541, 480, 508, 628, 606, 531, 552, 613, 499, 442, 553, 588, 528, 498, 516, 572, 600, 482, 467, 557, 544, 482, 492, 484, 583, 527, 508, 578, 528, 527, 520, 529, 515, 485, 498, 448, 470, 487, 442, 491, 539, 560, 555, 456, 518, 653, 591, 511, 557, 602, 631, 516, 510, 581, 533, 520, 513, 591, 624, 589, 564, 546, 519, 576, 535, 534, 579, 490, 453, 568, 622, 568, 573, 590, 577, 452, 486, 623, 649, 603, 535, 562, 603, 548, 604, 630, 558, 568, 567, 563, 544, 620, 500, 431, 560, 585, 573, 511, 578, 616, 486, 516, 558, 520, 536, 521, 578, 637, 592, 624, 621, 554, 601, 588, 596, 596, 583, 667, 682, 565, 547, 541, 567, 607, 558, 599, 598, 637, 620, 498, 551, 582, 499, 536, 593, 503, 470, 471, 791, 845, 818, 741, 711, 668, 993, 949, 1316, 2605, 2908, 1752, 941, 2102, 3807, 3279, 1993, 5120, 5133, 2664, 1041, 4017, 6540, 4618, 2215, 4335, 3766, 2175, 1121, 3666, 5380, 3461, 1732, 3196, 2716, 1420, 1018, 2876, 4000, 2585, 1351, 2734, 2443, 1117, 790, 2278, 3134, 2058, 952, 2010, 2143, 1263, 775, 1678, 2546, 2040, 2128, 4373, 4648, 2620, 1475, 2352, 3665, 2969, 5931, 15232, 15610, 7347, 3158, 8684, 14112, 10272, 6362, 16849, 16676, 7135, 3236, 9687, 15152, 10487, 3629, 8440, 7720, 2810, 2053, 4664, 6313, 3879, 2310, 4285, 3674, 1235, 1415, 2113, 2569, 1683, 4658, 8599, 7166, 2432, 1933, 4701, 6468, 3684, 6582, 12759, 10519, 3464, 2280, 6902, 9791, 5265, 4861, 9463, 7920, 2680, 1906, 4790, 6906, 3716, 2408, 4578, 3869, 1477, 1071, 2171, 3190, 1908, 1102, 1708, 1413, 708, 739, 1140, 1224, 769, 701, 1292, 1290, 745, 635, 846, 1009, 817, 2843, 5418, 4510, 1309, 1601, 1963, 2828, 1325, 13587, 23566, 17853, 3148, 7046, 8103, 11891, 3382, 22594, 37783, 27669, 3984, 11278, 13343, 19075, 4887, 15206, 23977, 16606, 1598, 7024, 8263, 11558, 2092, 3874, 6011, 4371, 1283, 1811, 2258, 2982, 1341, 1431, 3269, 3054, 1167, 990, 1385, 2021, 1246, 1329, 2487, 2090, 776, 840, 1087, 1496, 932, 991, 1597, 1348, 639, 700, 1095, 1220, 756, 788, 901, 837, 682, 708, 935, 843, 667, 852, 914, 813, 674, 770, 795, 738, 744, 841, 976, 931, 670, 852, 841, 758, 840, 740, 1232, 1223, 689, 839, 865, 899, 880, 1032, 1279, 1123, 706, 868, 877, 900, 853, 1691, 1950, 1751, 1126, 1154, 1457, 1022, 1132, 2759, 3098, 2570, 1664, 1654, 2139, 1366, 1362, 2977, 3652, 3434, 2430, 2257, 2549, 1829, 1646, 4400, 3593, 4115, 3478, 2742, 4418, 3021, 2515, 6397, 4896, 3877, 4212, 3543, 5459, 3425, 3157, 5004, 4040, 2739, 3340, 3142, 3711, 2401, 2300, 2269, 2313, 1923, 1849, 1716, 1898, 1661, 1079, 1367, 1553, 1231, 1032, 1097, 1090, 979, 920, 1137, 1523, 1176, 657, 834, 860, 854, 761, 1103, 1431, 1159, 729, 890, 1017, 1002, 814, 793, 1011, 1174, 790, 824, 1076, 973, 839, 956, 1744, 1742, 842, 878, 1165, 1231, 876, 1232, 1870, 1624, 832, 904, 1209, 1380, 1057, 980, 1132, 1020, 742, 740, 819, 886, 849, 718, 681, 685, 761, 743, 609, 726, 733, 549, 693, 613, 592, 605, 618, 563, 504, 631, 708, 631, 573, 654, 681, 640, 587, 700, 725, 642, 517, 531, 602, 655, 622, 756, 763, 716, 689, 633, 699, 790, 776, 881, 1059, 881, 747, 733, 753, 766, 716, 726, 800, 783, 713, 661, 684, 746, 737, 762, 767, 670, 663, 661, 648, 634, 648, 753, 853, 751, 649, 659, 654, 561, 601, 714, 908, 875, 774, 717, 758, 765, 680, 825, 1069, 944, 739, 820, 763, 875, 735, 1039, 1173, 985, 874, 895, 952, 981, 806, 1053, 1165, 1067, 1045, 931, 1041, 929, 802, 1070, 1354, 1105, 1043, 1052, 1141, 1204, 841, 1148, 1218, 1110, 1026, 1112, 1243, 1231, 1187, 667, 849, 993, 863, 706, 854, 930, 879, 788, 867, 875, 704, 587, 767, 834, 777, 740, 903, 882, 716, 609, 773, 751, 753, 720, 846, 937, 754, 678, 856, 822, 801, 564, 737, 751, 638, 669, 791, 799, 671, 660, 790, 666, 546, 678, 696, 650, 611, 700, 772, 812, 618, 611, 701, 698, 683, 629, 736, 809, 672, 663, 711, 673, 713, 641, 725, 801, 759, 721, 656, 725, 726, 1741, 1252, 828, 1121, 1129, 971, 1397, 1826, 3276, 2077, 1385, 1863, 1642, 1951, 2968, 3651, 2636, 1776, 1414, 1679, 1521, 1942, 2709, 3049, 1369, 992, 1132, 1065, 956, 1120, 1669, 1845, 1060, 889, 829, 754, 812, 932, 1333, 1395, 894, 739, 703, 818, 764, 833, 926, 1033, 783, 876, 883, 828, 694, 877, 998, 897, 780, 798, 803, 705, 613, 794, 985, 886, 776, 677, 760, 793, 701, 808, 947, 844, 753, 762, 1008, 852, 613, 702, 895, 892, 821, 914, 1086, 985, 756, 788, 916, 849, 808, 884, 890, 862, 691, 808, 862, 694, 722, 750, 729, 694, 648, 734, 737, 723, 724, 739, 767, 659, 696, 811, 845, 820, 1051, 844, 846, 712, 661, 784, 967, 1126, 1082, 874, 874, 700, 642, 763, 1090, 1353, 1114, 1165, 1009, 730, 791, 1329, 2130, 1880, 1235, 1465, 1364, 1081, 851, 1785, 3185, 2731, 1147, 1385, 1449, 940, 745, 1569, 2868, 2531, 971, 1056, 1110, 997, 889, 1308, 2128, 1934, 657, 879, 1122, 1228, 775, 1198, 1924, 1589, 591, 606, 1144, 1318, 692, 1114, 1674, 1263, 2178, 842, 1541, 2104, 1187, 1276, 1979, 2470, 3023, 1037, 2047, 2456, 1339, 1387, 2719, 3719, 1943, 922, 1803, 1520, 936, 1078, 2500, 3128, 1367, 838, 1266, 1035, 874, 901, 1888, 2314, 1043, 701, 846, 887, 839, 846, 1427, 1543, 854, 884, 824, 789, 779, 854, 1057, 1000, 755, 815, 893, 838, 680, 764, 825, 674, 849, 789, 1183, 994, 593, 719, 805, 1062, 943, 599, 1048, 897, 652, 628, 797, 1228, 644, 495, 673, 654, 623, 543, 650, 825, 483, 475, 557, 616, 618, 523, 597, 646, 534, 565, 598, 620, 518, 492, 505, 531, 529, 556, 577, 537, 501, 370, 465, 511, 513, 482, 531, 530, 421, 461, 469, 463, 447, 507, 553, 505, 414, 463, 577, 552, 430, 396, 379, 398, 364, 403, 477, 473]"
-1.0695730447769165,-0.2864570617675781,-1.2873202562332153,-0.7906898260116577,-0.7419997453689575,-0.5528576970100403,0.12245681881904602,-0.7139809727668762,-1.6326427459716797,19.5,-0.7139809727668762,-0.6650447845458984,20.5,-0.7139809727668762,-0.5764961242675781,20.75,-0.5190022587776184,-0.4471778869628906,21.0,-0.44175463914871216,-0.6417274475097656,17.75,"[560, 619, 654, 688, 759, 683, 657, 621, 479, 610, 617, 657, 760, 726, 727, 611, 497, 608, 731, 600, 648, 686, 609, 555, 536, 518, 535, 506, 492, 497, 481, 564, 489, 452, 528, 525, 496, 397, 465, 579, 514, 534, 595, 551, 573, 487, 470, 582, 538, 535, 575, 594, 536, 550, 559, 584, 457, 429, 550, 593, 539, 483, 541, 576, 421, 526, 517, 485, 507, 498, 513, 486, 435, 550, 631, 556, 551, 543, 627, 600, 525, 560, 622, 590, 525, 586, 635, 594, 600, 613, 574, 597, 575, 551, 489, 535, 585, 571, 533, 543, 547, 440, 523, 599, 520, 476, 455, 445, 457, 399, 540, 540, 543, 458, 437, 490, 492, 468, 503, 536, 495, 463, 485, 588, 553, 497, 503, 471, 477, 441, 461, 520, 554, 522, 484, 465, 504, 427, 523, 570, 480, 466, 527, 612, 496, 449, 508, 592, 524, 568, 529, 480, 457, 548, 596, 523, 502, 534, 524, 456, 1319, 1784, 1140, 586, 906, 1431, 1357, 573, 4277, 5721, 3460, 1115, 2535, 4337, 4046, 1041, 4612, 5513, 3500, 1861, 2938, 4456, 3825, 1940, 1055, 3209, 3829, 1930, 1586, 2036, 2588, 2592, 2284, 5130, 4482, 1375, 1595, 2243, 3416, 1903, 1637, 3093, 2472, 749, 1170, 1468, 1924, 941, 784, 1495, 1691, 1015, 696, 1056, 1261, 965, 1547, 4161, 4107, 1817, 1061, 2059, 3292, 2213, 1519, 4668, 4599, 1984, 912, 2445, 4116, 2821, 937, 2287, 2209, 1075, 593, 1502, 2213, 1465, 661, 698, 828, 644, 599, 783, 824, 762, 532, 903, 1101, 836, 579, 889, 1282, 1060, 486, 763, 845, 669, 577, 826, 999, 820, 786, 1007, 814, 892, 1495, 1406, 805, 767, 842, 1163, 886, 998, 1889, 1811, 920, 639, 805, 959, 743, 723, 1164, 1236, 742, 506, 580, 705, 603, 469, 525, 679, 654, 433, 629, 614, 621, 569, 577, 661, 640, 553, 666, 689, 675, 600, 622, 590, 459, 556, 978, 1186, 1075, 688, 808, 890, 837, 611, 1729, 2640, 2193, 862, 1548, 1656, 1416, 843, 2279, 3629, 3086, 1049, 1891, 2119, 1699, 1110, 1703, 3110, 3056, 1290, 1533, 2065, 1691, 1067, 2411, 3857, 3925, 2149, 2019, 2593, 1799, 1637, 2636, 4468, 4436, 2396, 2491, 2763, 1547, 1808, 1452, 2463, 2510, 1468, 1703, 1871, 1042, 1063, 794, 902, 818, 707, 1009, 1100, 839, 658, 831, 901, 646, 503, 702, 801, 712, 617, 649, 636, 577, 571, 568, 620, 669, 587, 662, 744, 630, 567, 671, 626, 578, 623, 683, 875, 838, 525, 737, 902, 757, 643, 937, 1242, 1209, 777, 1068, 1377, 1064, 757, 962, 1472, 1202, 821, 1315, 1391, 1058, 741, 4798, 6893, 5511, 1951, 4721, 5688, 2940, 1512, 8466, 11221, 8879, 3796, 6846, 8543, 4600, 2438, 6152, 7853, 6023, 2972, 4553, 5433, 3064, 1855, 2223, 3025, 2328, 1064, 1759, 1926, 1197, 928, 996, 1489, 1334, 738, 750, 878, 951, 674, 1117, 1529, 1332, 760, 844, 939, 1070, 740, 1005, 1308, 1249, 812, 793, 886, 937, 773, 900, 1161, 1042, 739, 661, 818, 805, 657, 804, 1022, 966, 687, 629, 735, 764, 640, 662, 775, 709, 547, 525, 686, 687, 603, 599, 800, 763, 535, 568, 630, 584, 554, 594, 786, 794, 542, 614, 708, 559, 548, 617, 634, 697, 670, 667, 619, 536, 613, 601, 717, 737, 613, 628, 689, 670, 644, 655, 809, 748, 625, 731, 701, 687, 713, 647, 690, 630, 549, 582, 634, 572, 584, 580, 727, 817, 675, 586, 706, 721, 596, 560, 691, 816, 690, 617, 601, 631, 594, 612, 836, 825, 667, 647, 586, 509, 538, 604, 739, 697, 609, 624, 567, 608, 631, 647, 685, 601, 602, 710, 539, 538, 672, 536, 512, 461, 547, 687, 588, 502, 508, 628, 615, 611, 632, 595, 537, 679, 731, 585, 703, 683, 666, 650, 650, 735, 737, 588, 777, 727, 617, 746, 801, 766, 624, 538, 722, 724, 617, 660, 645, 668, 581, 695, 691, 687, 553, 573, 653, 614, 653, 691, 669, 608, 567, 602, 603, 627, 619, 706, 786, 592, 602, 647, 628, 651, 654, 637, 731, 627, 546, 614, 597, 675, 641, 703, 734, 625, 612, 586, 565, 613, 588, 701, 735, 701, 659, 561, 600, 614, 630, 780, 764, 731, 619, 643, 643, 658, 755, 692, 658, 618, 559, 669, 660, 588, 695, 608, 667, 673, 621, 625, 502, 546, 644, 704, 669, 653, 663, 683, 610, 593, 617, 705, 726, 643, 638, 651, 632, 669, 685, 603, 646, 654, 544, 577, 613, 639, 603, 667, 703, 678, 547, 690, 699, 675, 638, 629, 748, 795, 619, 680, 789, 672, 515, 582, 741, 786, 631, 608, 655, 626, 575, 638, 725, 767, 632, 572, 600, 634, 663, 634, 624, 619, 680, 666, 578, 534, 648, 613, 591, 552, 641, 648, 557, 487, 557, 676, 672, 517, 557, 570, 537, 533, 625, 632, 648, 588, 600, 655, 601, 613, 698, 730, 668, 588, 705, 830, 695, 642, 727, 627, 569, 490, 577, 684, 586, 547, 610, 620, 633, 616, 576, 620, 676, 613, 630, 661, 694, 652, 588, 555, 615, 612, 586, 689, 729, 665, 632, 649, 652, 684, 684, 786, 953, 1017, 719, 630, 916, 1232, 1116, 986, 1186, 1683, 1172, 802, 1245, 2057, 2007, 891, 1155, 1648, 1279, 820, 1151, 1923, 1864, 645, 962, 1307, 1024, 653, 750, 1212, 1192, 593, 838, 1053, 840, 561, 666, 1080, 1052, 566, 772, 862, 633, 485, 667, 922, 822, 600, 640, 692, 661, 608, 545, 585, 601, 774, 771, 656, 666, 649, 816, 871, 711, 917, 907, 768, 719, 775, 903, 905, 794, 830, 853, 947, 728, 687, 747, 801, 814, 618, 681, 904, 714, 600, 681, 815, 954, 545, 616, 726, 671, 602, 720, 864, 789, 588, 593, 586, 675, 638, 739, 828, 671, 557, 626, 642, 574, 579, 678, 795, 705, 532, 595, 526, 485, 536, 548, 697, 606, 479, 544, 564, 558, 458, 430, 555, 511, 549, 507, 494, 521, 530, 458, 473, 555, 672, 579, 567, 569, 605, 554, 482, 604, 435, 497, 507, 465, 446, 547, 651, 554, 481, 485, 486, 473, 502, 485, 488, 472, 496, 454, 495, 519, 466, 455, 532, 559, 459, 496, 562, 533, 390, 457, 541, 523, 501, 511, 461, 460, 472, 507, 474, 491, 472, 448, 456, 458, 468, 519, 469, 460]"
-1.225261926651001,-0.43485701084136963,-1.397891879081726,-0.7661985158920288,-0.7419997453689575,-0.5528576970100403,0.12245681881904602,-0.34460872411727905,-0.5331516265869141,22.0,-0.2158626914024353,-0.4786491394042969,19.25,-0.18067210912704468,-0.4948139190673828,19.0,0.0393405556678772,-0.6422996520996094,24.5,0.15292316675186157,-0.666046142578125,16.25,"[600, 588, 607, 601, 553, 604, 609, 597, 559, 620, 662, 671, 623, 652, 625, 585, 508, 517, 522, 518, 566, 620, 542, 513, 598, 622, 534, 480, 494, 520, 518, 546, 588, 551, 473, 500, 584, 585, 535, 539, 511, 524, 579, 489, 489, 561, 646, 581, 488, 444, 538, 529, 495, 523, 539, 544, 528, 523, 502, 474, 536, 540, 465, 526, 564, 587, 457, 472, 438, 505, 486, 478, 517, 565, 523, 501, 422, 513, 561, 496, 516, 511, 568, 576, 496, 585, 579, 508, 609, 562, 507, 544, 622, 539, 501, 577, 611, 580, 539, 509, 590, 546, 504, 542, 587, 531, 533, 644, 628, 503, 586, 644, 500, 540, 544, 581, 566, 545, 571, 556, 595, 549, 512, 648, 611, 530, 608, 620, 568, 497, 552, 643, 536, 440, 513, 546, 537, 507, 565, 658, 493, 449, 625, 555, 506, 517, 584, 549, 546, 506, 504, 522, 954, 1436, 1159, 677, 625, 773, 891, 624, 2808, 5024, 3931, 1080, 1394, 2037, 2868, 1209, 3650, 6901, 5477, 1394, 1777, 2950, 4302, 1828, 2361, 4803, 3911, 1052, 1182, 2207, 3270, 1519, 1172, 2223, 1848, 766, 684, 1202, 1604, 906, 662, 970, 904, 597, 605, 644, 702, 590, 517, 555, 565, 581, 523, 543, 590, 550, 1531, 4064, 4101, 1682, 1307, 2008, 2075, 1429, 5405, 15901, 16668, 7011, 4360, 7275, 7080, 5189, 6281, 22248, 24911, 11610, 5139, 10063, 9443, 8224, 2373, 12887, 15868, 8489, 1971, 5679, 5992, 6145, 952, 3583, 4796, 2988, 825, 1740, 2680, 2560, 926, 1265, 1190, 840, 703, 822, 1032, 925, 1005, 1086, 845, 872, 1150, 974, 687, 812, 1671, 2199, 1504, 1191, 2306, 2100, 1054, 1176, 2019, 2644, 1773, 1218, 2652, 2466, 1211, 1268, 1399, 1694, 1172, 833, 1605, 1540, 892, 947, 694, 777, 622, 690, 748, 719, 650, 608, 671, 673, 592, 597, 601, 593, 590, 575, 700, 700, 588, 541, 628, 752, 709, 649, 694, 775, 751, 572, 647, 696, 615, 623, 684, 737, 764, 692, 601, 577, 638, 653, 753, 694, 632, 671, 580, 673, 665, 648, 795, 813, 826, 685, 720, 728, 693, 642, 1144, 1132, 1015, 703, 909, 1046, 880, 751, 1246, 1207, 1010, 807, 977, 1176, 971, 779, 1137, 1248, 905, 656, 779, 895, 737, 712, 812, 811, 763, 732, 653, 658, 571, 595, 700, 776, 741, 704, 638, 739, 727, 643, 565, 667, 715, 629, 611, 658, 581, 545, 717, 662, 685, 683, 644, 609, 654, 694, 615, 640, 635, 691, 684, 610, 677, 734, 633, 718, 622, 674, 682, 636, 614, 599, 997, 1280, 1085, 1054, 1131, 899, 657, 590, 1177, 1375, 1029, 1087, 1337, 1040, 684, 643, 944, 1067, 779, 788, 925, 746, 565, 602, 903, 1135, 822, 576, 786, 878, 707, 479, 968, 1190, 950, 665, 895, 925, 773, 605, 647, 744, 763, 811, 679, 622, 744, 699, 658, 714, 634, 711, 689, 638, 647, 616, 722, 780, 728, 635, 703, 713, 735, 705, 667, 681, 567, 549, 646, 655, 626, 646, 747, 709, 633, 615, 801, 757, 649, 776, 714, 739, 661, 694, 663, 642, 690, 695, 708, 695, 627, 582, 559, 606, 634, 618, 693, 740, 594, 490, 619, 583, 558, 562, 637, 696, 660, 547, 626, 649, 534, 558, 603, 669, 697, 643, 652, 645, 547, 590, 659, 713, 708, 661, 695, 641, 576, 587, 534, 615, 642, 614, 536, 542, 594, 522, 531, 601, 620, 567, 563, 653, 668, 542, 596, 735, 628, 610, 638, 597, 677, 587, 872, 883, 643, 641, 768, 675, 612, 604, 798, 818, 679, 655, 701, 593, 599, 550, 645, 673, 689, 643, 658, 603, 675, 617, 649, 717, 630, 554, 566, 593, 590, 572, 670, 769, 698, 606, 625, 691, 678, 652, 587, 683, 659, 672, 715, 730, 669, 677, 730, 668, 582, 662, 755, 758, 663, 643, 635, 634, 595, 611, 605, 754, 589, 565, 651, 700, 678, 604, 575, 764, 845, 656, 642, 724, 702, 625, 611, 746, 802, 642, 703, 768, 831, 742, 700, 860, 839, 679, 594, 692, 753, 675, 580, 702, 720, 621, 646, 663, 685, 577, 658, 741, 706, 654, 528, 705, 724, 526, 591, 684, 751, 684, 538, 815, 819, 669, 568, 722, 869, 700, 544, 725, 762, 728, 563, 751, 762, 552, 658, 658, 595, 618, 571, 489, 532, 603, 592, 577, 547, 548, 528, 476, 487, 537, 644, 728, 719, 569, 529, 631, 634, 640, 650, 752, 576, 559, 593, 682, 696, 499, 659, 766, 711, 651, 585, 673, 729, 549, 683, 705, 631, 566, 571, 741, 784, 680, 675, 707, 638, 517, 702, 781, 779, 798, 763, 769, 606, 586, 822, 903, 923, 916, 821, 765, 595, 583, 815, 824, 769, 802, 677, 746, 647, 619, 651, 642, 620, 643, 626, 674, 576, 531, 584, 614, 517, 486, 678, 595, 503, 570, 608, 614, 530, 511, 551, 577, 575, 584, 531, 543, 528, 492, 600, 731, 672, 544, 545, 541, 557, 604, 556, 699, 695, 648, 607, 591, 599, 562, 458, 626, 659, 498, 465, 548, 576, 578, 564, 692, 729, 525, 512, 533, 554, 590, 628, 741, 734, 477, 490, 621, 549, 515, 668, 799, 825, 609, 611, 648, 587, 662, 625, 645, 621, 652, 623, 628, 619, 602, 642, 589, 586, 656, 720, 583, 609, 664, 617, 665, 533, 570, 676, 531, 501, 506, 557, 660, 616, 597, 582, 588, 659, 582, 702, 667, 705, 623, 638, 718, 725, 715, 840, 716, 728, 727, 700, 587, 733, 883, 786, 587, 539, 665, 645, 533, 548, 775, 768, 585, 517, 658, 726, 625, 473, 692, 609, 551, 633, 652, 620, 510, 495, 586, 590, 654, 569, 509, 532, 522, 542, 501, 502, 619, 553, 525, 517, 555, 633, 515, 485, 550, 526, 516, 490, 479, 598, 535, 615, 612, 548, 536, 553, 525, 481, 497, 532, 575, 514, 489, 535, 464, 481, 523, 538, 539, 480, 480, 489, 405, 440, 514, 543, 476, 508, 505, 522, 485, 584, 631, 560, 576, 596, 573, 515, 537, 516, 526, 492, 502, 491, 517, 434, 502, 542, 471, 426, 455, 420, 441, 419, 441, 439, 392, 397, 464, 464, 426, 409, 432, 465, 401, 408, 417, 403, 363, 377, 428, 403, 371, 405, 397, 392, 397, 382, 435, 414, 379]"
-1.5243940353393555,-0.5832569599151611,-1.5084635019302368,-0.7417072057723999,0.0,0.0,0.0,0.14686845242977142,-1.1661529541015625,20.25,0.14686845242977142,-1.0182380676269531,19.0,0.5401160567998886,-0.4089832305908203,27.75,0.564434751868248,-0.3836631774902344,25.0,0.7097747176885605,0.04849433898925781,21.5,"[483, 523, 507, 606, 650, 607, 509, 524, 530, 525, 584, 640, 701, 637, 595, 601, 622, 616, 558, 562, 651, 653, 590, 572, 482, 519, 525, 574, 530, 567, 588, 496, 474, 489, 483, 498, 480, 504, 469, 512, 542, 502, 556, 537, 520, 536, 532, 559, 523, 541, 492, 498, 465, 478, 602, 578, 572, 624, 559, 510, 545, 492, 484, 534, 471, 525, 593, 496, 466, 496, 513, 521, 542, 511, 553, 535, 529, 630, 493, 515, 427, 460, 519, 551, 523, 553, 530, 471, 508, 594, 560, 541, 480, 506, 574, 509, 553, 567, 546, 487, 517, 516, 499, 530, 585, 554, 606, 587, 509, 620, 592, 582, 587, 526, 485, 508, 544, 563, 523, 520, 547, 498, 555, 506, 512, 520, 506, 550, 501, 564, 655, 543, 446, 575, 552, 514, 540, 599, 652, 604, 585, 633, 593, 539, 515, 489, 605, 629, 551, 591, 597, 519, 1145, 2266, 2027, 926, 879, 1238, 1587, 993, 4042, 9464, 8596, 3065, 2086, 4438, 6956, 4142, 5635, 12889, 11638, 4119, 2582, 5996, 9611, 5905, 3073, 6494, 5710, 2013, 1427, 3002, 4904, 3250, 711, 1068, 1144, 703, 605, 734, 1149, 1219, 525, 655, 681, 511, 529, 578, 684, 732, 650, 568, 585, 587, 586, 530, 576, 643, 648, 562, 539, 640, 606, 480, 551, 599, 577, 1011, 1018, 639, 581, 696, 809, 663, 685, 1276, 1636, 1002, 722, 950, 1363, 1405, 1000, 1438, 2000, 1197, 593, 972, 1846, 2080, 745, 1290, 1694, 1049, 627, 700, 1402, 1609, 522, 1012, 1233, 816, 613, 799, 908, 838, 636, 1491, 1659, 899, 637, 902, 943, 857, 1071, 2018, 1739, 816, 821, 1392, 1647, 872, 3718, 5347, 3574, 1319, 2622, 3201, 3101, 1352, 6428, 9007, 5687, 2056, 5007, 4552, 3668, 1778, 7076, 10028, 6480, 3225, 7476, 6229, 2928, 1973, 6710, 9774, 6451, 3954, 8631, 7405, 2694, 1882, 4070, 5948, 3864, 2342, 5229, 4408, 1476, 1202, 1836, 2558, 1857, 1222, 1961, 1548, 911, 929, 953, 1089, 965, 988, 1095, 808, 668, 734, 609, 804, 765, 712, 640, 535, 568, 583, 987, 1481, 1242, 722, 770, 704, 818, 701, 1466, 2110, 1587, 750, 1062, 955, 1057, 818, 1306, 1430, 1029, 765, 880, 778, 892, 915, 951, 986, 749, 576, 750, 640, 615, 708, 795, 1091, 1021, 600, 745, 793, 784, 794, 682, 973, 1032, 669, 729, 811, 704, 822, 724, 1039, 1104, 801, 767, 774, 691, 704, 759, 846, 859, 742, 760, 761, 668, 601, 1264, 1306, 845, 855, 1198, 1457, 1071, 664, 1643, 1966, 1331, 797, 1617, 2086, 1510, 748, 1381, 1624, 1071, 876, 1407, 1758, 1424, 818, 1252, 1199, 858, 1033, 1145, 1128, 882, 800, 2000, 1490, 1589, 1507, 1273, 2144, 1479, 925, 1631, 1357, 1546, 1366, 976, 1691, 1134, 896, 848, 1136, 1213, 856, 660, 733, 630, 777, 816, 1261, 1285, 700, 640, 690, 727, 619, 752, 896, 816, 628, 592, 653, 653, 696, 621, 713, 809, 611, 581, 577, 686, 787, 800, 1264, 1202, 713, 765, 708, 808, 839, 1338, 1892, 1543, 702, 998, 1098, 977, 882, 1398, 1820, 1389, 702, 721, 1099, 974, 644, 1273, 1604, 1190, 695, 762, 909, 932, 631, 1137, 1510, 1190, 611, 806, 888, 882, 569, 753, 1126, 1043, 693, 765, 777, 766, 584, 619, 935, 865, 611, 636, 681, 654, 543, 628, 822, 675, 564, 598, 671, 669, 496, 588, 686, 681, 672, 596, 549, 582, 530, 657, 747, 721, 730, 673, 572, 597, 617, 518, 633, 651, 624, 660, 624, 531, 493, 609, 622, 560, 560, 589, 602, 600, 574, 640, 627, 544, 539, 656, 723, 637, 601, 597, 720, 618, 548, 664, 706, 678, 661, 602, 713, 678, 582, 673, 659, 618, 619, 562, 731, 668, 606, 673, 742, 708, 565, 543, 670, 706, 552, 620, 673, 615, 613, 680, 665, 741, 689, 660, 623, 665, 740, 565, 629, 668, 735, 640, 543, 631, 632, 609, 547, 576, 728, 705, 651, 680, 692, 689, 603, 602, 631, 620, 691, 659, 666, 739, 664, 560, 677, 762, 744, 770, 795, 638, 636, 545, 691, 716, 598, 728, 743, 570, 558, 572, 611, 535, 472, 504, 598, 688, 647, 614, 622, 641, 622, 580, 558, 661, 656, 618, 615, 660, 653, 588, 585, 571, 632, 642, 632, 670, 605, 619, 549, 573, 594, 645, 610, 582, 601, 603, 565, 603, 566, 586, 617, 594, 568, 585, 594, 769, 703, 682, 710, 697, 789, 783, 740, 840, 740, 686, 590, 526, 804, 952, 914, 623, 651, 670, 590, 539, 670, 805, 704, 646, 685, 614, 600, 592, 648, 617, 518, 571, 582, 630, 679, 605, 541, 450, 486, 529, 617, 571, 624, 685, 611, 597, 580, 583, 626, 598, 620, 607, 556, 495, 512, 614, 652, 708, 721, 630, 552, 546, 589, 674, 683, 656, 614, 628, 639, 553, 643, 649, 644, 591, 535, 554, 597, 665, 706, 616, 582, 596, 648, 610, 603, 710, 726, 585, 650, 550, 589, 577, 596, 646, 598, 500, 643, 596, 548, 549, 632, 726, 596, 596, 705, 639, 523, 571, 733, 719, 595, 578, 618, 630, 664, 780, 703, 707, 684, 598, 826, 738, 578, 666, 659, 865, 800, 648, 855, 819, 705, 737, 819, 1146, 1069, 662, 711, 686, 648, 794, 787, 910, 867, 708, 673, 649, 634, 715, 642, 636, 754, 622, 601, 659, 597, 562, 587, 683, 703, 567, 677, 694, 612, 514, 605, 733, 677, 603, 637, 640, 554, 554, 682, 754, 679, 698, 686, 757, 744, 609, 596, 767, 814, 576, 705, 772, 703, 583, 594, 680, 636, 662, 802, 745, 580, 700, 733, 644, 586, 542, 611, 565, 545, 653, 628, 505, 535, 543, 542, 679, 612, 600, 638, 572, 634, 559, 598, 717, 645, 556, 550, 602, 602, 601, 562, 753, 741, 628, 566, 645, 718, 566, 524, 659, 647, 589, 670, 684, 685, 486, 628, 623, 586, 519, 635, 642, 511, 477, 588, 599, 532, 429, 525, 539, 420, 504, 671, 667, 482, 418, 560, 576, 515, 523, 671, 591, 463, 528, 549, 541, 417, 455, 484, 499, 464, 479, 513, 440, 453, 425, 455, 454, 392, 361, 414, 413, 398, 458, 490, 462, 480, 438, 455, 508, 486, 470, 428, 483, 478, 434, 431, 495, 534, 469, 423, 424, 470, 403, 383, 426, 492]"
-1.5985647439956665,-0.5832569599151611,-1.5084635019302368,-0.7417072057723999,0.0,0.0,0.0,0.7240072190761566,-0.3579139709472656,19.25,0.784947007894516,-0.3387451171875,21.5,0.9531751573085785,0.0,21.0,0.9551778733730316,0.0,22.25,0.9754911363124847,0.0,18.0,"[553, 635, 665, 603, 696, 605, 664, 635, 533, 605, 591, 551, 617, 547, 577, 626, 564, 486, 484, 528, 547, 529, 546, 562, 531, 540, 480, 496, 507, 501, 492, 459, 540, 550, 516, 486, 504, 438, 449, 494, 554, 520, 486, 516, 543, 526, 458, 498, 526, 489, 498, 565, 500, 559, 522, 465, 525, 544, 558, 600, 567, 521, 530, 536, 503, 493, 536, 537, 537, 514, 478, 468, 576, 545, 611, 574, 605, 533, 494, 615, 571, 576, 551, 551, 510, 454, 500, 561, 476, 566, 565, 428, 449, 468, 561, 519, 535, 558, 532, 510, 528, 448, 505, 540, 605, 687, 608, 542, 516, 600, 571, 518, 588, 599, 557, 575, 582, 621, 586, 532, 502, 443, 451, 591, 589, 543, 461, 503, 510, 412, 451, 543, 441, 398, 452, 491, 597, 486, 473, 652, 609, 434, 526, 578, 575, 485, 559, 610, 632, 565, 459, 538, 1047, 1570, 1336, 743, 619, 915, 1164, 908, 2403, 5133, 4525, 1737, 1018, 2945, 4545, 2998, 1973, 6471, 6425, 2783, 972, 3920, 6621, 4732, 1159, 4632, 5448, 2868, 817, 3103, 5788, 4874, 1062, 3150, 3609, 1894, 701, 2320, 4044, 3354, 620, 1204, 1209, 724, 562, 905, 1417, 1168, 592, 778, 776, 608, 504, 533, 571, 611, 614, 729, 698, 533, 551, 618, 601, 513, 733, 983, 835, 587, 721, 733, 787, 625, 745, 952, 953, 699, 606, 780, 957, 911, 828, 891, 1090, 817, 614, 1069, 1284, 1141, 970, 1254, 1278, 966, 730, 1164, 1512, 1262, 843, 1387, 1367, 853, 641, 919, 1403, 1168, 587, 1276, 1401, 788, 499, 588, 1032, 981, 1953, 2195, 1361, 932, 1307, 1285, 1130, 898, 5272, 6833, 3892, 1178, 3393, 2876, 2642, 1149, 5242, 6905, 4211, 1288, 3207, 2768, 2714, 1512, 2907, 3585, 2317, 1384, 2166, 1944, 1504, 1339, 3949, 5794, 4239, 2364, 4578, 4274, 1925, 1388, 4436, 6946, 5206, 2699, 5456, 4892, 1929, 1410, 2771, 4258, 3205, 1842, 3357, 2866, 1267, 1100, 1196, 1513, 1173, 975, 1504, 1318, 810, 766, 706, 727, 624, 602, 717, 670, 591, 661, 528, 627, 633, 537, 558, 685, 605, 546, 679, 866, 858, 661, 639, 883, 814, 632, 804, 1369, 1260, 683, 734, 886, 1000, 807, 870, 1288, 1073, 694, 621, 707, 969, 728, 802, 1354, 1310, 717, 667, 771, 899, 703, 988, 1322, 1102, 601, 763, 846, 816, 636, 686, 787, 755, 565, 607, 731, 672, 616, 540, 681, 765, 659, 602, 773, 681, 578, 805, 834, 844, 791, 705, 781, 739, 723, 809, 822, 724, 697, 801, 787, 605, 625, 839, 754, 566, 604, 896, 975, 614, 597, 1199, 1633, 1635, 921, 1288, 1790, 1104, 729, 2092, 3280, 3024, 1358, 1976, 2681, 1556, 844, 2130, 3249, 2792, 1270, 1840, 2202, 1390, 739, 1410, 2356, 2065, 869, 1050, 1200, 903, 737, 959, 1664, 1682, 925, 706, 771, 705, 762, 767, 1330, 1327, 822, 636, 689, 795, 733, 706, 1053, 968, 612, 642, 767, 764, 606, 799, 1370, 1220, 583, 690, 1000, 980, 608, 1408, 2194, 1881, 879, 926, 1379, 1360, 753, 1651, 2451, 1979, 859, 946, 1323, 1347, 692, 1517, 2256, 1749, 625, 869, 1105, 1150, 653, 1035, 1627, 1331, 557, 699, 811, 896, 582, 691, 868, 868, 621, 669, 736, 604, 565, 566, 647, 732, 553, 596, 687, 625, 599, 551, 586, 635, 523, 508, 587, 598, 546, 544, 588, 576, 436, 502, 550, 589, 542, 566, 680, 644, 493, 583, 642, 584, 481, 659, 771, 677, 543, 629, 645, 592, 536, 687, 720, 600, 532, 546, 729, 660, 518, 701, 561, 586, 640, 570, 587, 599, 651, 619, 652, 655, 606, 564, 623, 646, 554, 632, 567, 540, 622, 647, 615, 677, 678, 487, 480, 556, 565, 543, 625, 670, 561, 447, 445, 594, 611, 580, 646, 571, 510, 553, 536, 574, 656, 610, 581, 638, 551, 485, 535, 609, 559, 463, 567, 662, 614, 568, 624, 683, 701, 563, 646, 741, 657, 584, 584, 585, 609, 523, 555, 696, 619, 644, 631, 664, 627, 551, 490, 650, 670, 600, 577, 698, 695, 650, 635, 617, 614, 497, 571, 607, 627, 613, 647, 638, 559, 502, 563, 632, 599, 650, 675, 631, 605, 577, 723, 704, 559, 663, 688, 618, 620, 611, 635, 618, 632, 669, 637, 601, 594, 630, 595, 634, 690, 629, 650, 629, 619, 542, 658, 714, 584, 668, 667, 592, 594, 526, 601, 696, 604, 570, 561, 565, 630, 591, 712, 677, 631, 599, 618, 649, 669, 539, 625, 699, 648, 528, 636, 654, 645, 477, 585, 619, 527, 551, 624, 619, 548, 635, 715, 675, 658, 584, 525, 570, 604, 576, 538, 629, 686, 580, 503, 496, 528, 515, 495, 535, 581, 493, 483, 493, 483, 532, 566, 624, 566, 504, 508, 523, 501, 525, 479, 548, 539, 456, 512, 547, 577, 552, 572, 507, 435, 530, 591, 548, 491, 599, 603, 585, 552, 612, 614, 539, 498, 535, 548, 580, 559, 529, 558, 608, 556, 546, 637, 663, 491, 618, 638, 578, 579, 550, 602, 685, 599, 565, 583, 560, 586, 596, 625, 617, 609, 618, 635, 532, 501, 683, 664, 635, 596, 580, 620, 617, 638, 670, 629, 668, 658, 579, 537, 633, 743, 673, 724, 665, 567, 571, 669, 677, 644, 630, 684, 750, 618, 531, 735, 744, 652, 640, 645, 707, 586, 576, 783, 761, 691, 694, 663, 692, 576, 632, 793, 734, 676, 624, 591, 578, 494, 616, 661, 592, 641, 556, 632, 650, 603, 554, 563, 561, 604, 573, 710, 709, 578, 556, 578, 569, 528, 594, 544, 596, 619, 578, 553, 631, 617, 716, 650, 620, 606, 475, 444, 552, 616, 678, 752, 653, 534, 506, 471, 496, 593, 498, 636, 614, 482, 476, 393, 491, 453, 547, 627, 553, 506, 581, 498, 595, 609, 527, 565, 533, 506, 516, 546, 650, 686, 509, 504, 480, 506, 479, 462, 544, 560, 418, 498, 590, 588, 491, 489, 475, 433, 434, 459, 553, 518, 446, 533, 537, 477, 430, 503, 517, 457, 388, 417, 432, 449, 425, 555, 634, 528, 410, 416, 485, 496, 445, 443, 459, 402, 388, 399, 423, 475, 442, 421, 462, 515, 455, 483, 474, 404, 323, 342, 373, 381, 369, 427, 491, 415, 425, 426, 355, 421, 470, 448, 520, 506]"
-0.4307889938354492,-0.1886616349220276,-0.04387867450714111,-0.18754735589027405,1.5994701385498047,0.5559148192405701,0.634680986404419,-0.4686765968799591,-1.1444091796875,17.5,-0.05311301350593567,-0.386810302734375,15.0,-0.04324248433113098,-0.39310455322265625,20.75,-0.009768515825271606,-0.3745079040527344,19.5,0.7416791617870331,0.6012439727783203,15.0,"[732, 669, 622, 721, 794, 723, 625, 670, 616, 622, 598, 770, 803, 748, 598, 568, 456, 516, 594, 617, 614, 689, 614, 520, 510, 561, 585, 524, 592, 542, 549, 537, 484, 505, 504, 436, 464, 472, 505, 531, 532, 537, 560, 478, 472, 487, 450, 499, 541, 450, 531, 585, 492, 497, 501, 492, 500, 519, 565, 513, 452, 499, 505, 491, 428, 495, 564, 520, 456, 505, 565, 533, 498, 510, 572, 546, 565, 558, 580, 579, 504, 467, 585, 540, 544, 566, 589, 624, 527, 495, 593, 608, 566, 511, 564, 671, 531, 513, 558, 584, 599, 501, 495, 539, 454, 522, 530, 508, 463, 555, 582, 496, 511, 550, 609, 577, 528, 512, 563, 558, 519, 574, 543, 472, 579, 597, 559, 528, 476, 579, 554, 498, 485, 447, 509, 528, 615, 529, 542, 659, 638, 495, 460, 617, 591, 489, 593, 621, 602, 550, 602, 715, 697, 755, 725, 620, 589, 631, 671, 659, 1510, 2920, 2650, 1206, 1017, 1689, 2167, 1385, 2563, 5699, 5151, 2034, 1303, 3369, 4730, 2709, 2094, 5004, 4580, 1882, 960, 3044, 4451, 2649, 1252, 2695, 2474, 1154, 825, 1405, 2203, 1494, 920, 1554, 1251, 642, 692, 816, 1064, 648, 715, 964, 684, 481, 620, 651, 638, 481, 619, 709, 568, 487, 555, 481, 539, 526, 535, 594, 544, 506, 526, 495, 512, 506, 607, 949, 854, 509, 440, 577, 647, 449, 752, 1124, 1054, 614, 570, 794, 818, 592, 574, 771, 682, 536, 626, 741, 687, 485, 570, 641, 562, 608, 599, 604, 691, 535, 711, 804, 656, 593, 654, 593, 612, 595, 679, 996, 979, 576, 643, 780, 688, 562, 1093, 1774, 1449, 512, 717, 915, 974, 488, 2238, 3577, 2666, 740, 1110, 1800, 1976, 730, 1976, 2821, 2039, 995, 2084, 2800, 2194, 992, 2581, 3390, 2354, 1393, 3264, 3210, 1593, 1198, 2445, 4067, 3529, 1716, 2874, 3250, 1826, 1152, 4170, 7533, 6706, 2618, 4192, 5353, 3459, 1568, 4148, 7661, 6892, 2789, 4308, 5389, 3549, 1632, 1958, 3490, 3381, 1699, 2059, 2534, 1670, 1092, 1300, 2196, 1876, 900, 1088, 1553, 1628, 889, 1869, 3045, 2352, 762, 1404, 1719, 1879, 957, 1473, 2481, 2025, 856, 1121, 1317, 1460, 846, 1009, 1625, 1430, 825, 782, 875, 964, 681, 917, 1210, 959, 602, 756, 847, 857, 557, 955, 1139, 975, 692, 877, 898, 829, 684, 628, 761, 837, 604, 593, 660, 693, 620, 524, 713, 717, 517, 493, 578, 658, 582, 689, 835, 855, 673, 581, 668, 701, 605, 705, 806, 834, 767, 791, 834, 754, 613, 952, 1051, 883, 788, 930, 1292, 1139, 730, 992, 1124, 1082, 776, 764, 1323, 1192, 775, 922, 993, 798, 780, 712, 748, 709, 665, 1075, 1191, 1075, 859, 754, 693, 604, 712, 976, 1174, 1093, 833, 744, 715, 758, 821, 730, 1101, 1047, 634, 579, 710, 807, 738, 788, 914, 807, 655, 631, 666, 752, 714, 816, 713, 639, 644, 662, 625, 625, 682, 742, 762, 600, 544, 552, 615, 619, 601, 723, 671, 620, 630, 582, 609, 630, 653, 722, 704, 593, 674, 725, 715, 677, 671, 774, 701, 654, 736, 859, 755, 665, 725, 643, 525, 644, 728, 640, 555, 576, 667, 632, 613, 673, 630, 533, 567, 604, 630, 596, 607, 643, 608, 506, 524, 575, 591, 608, 596, 672, 590, 534, 589, 543, 603, 614, 663, 590, 571, 578, 625, 545, 469, 692, 582, 517, 561, 614, 697, 548, 547, 701, 593, 586, 605, 585, 647, 626, 634, 571, 617, 624, 583, 554, 606, 580, 514, 661, 681, 705, 638, 644, 685, 560, 532, 711, 732, 719, 595, 616, 740, 654, 681, 640, 708, 626, 572, 554, 618, 675, 637, 693, 657, 589, 603, 554, 547, 649, 714, 584, 766, 803, 614, 570, 567, 654, 673, 466, 605, 689, 664, 646, 610, 580, 487, 627, 615, 559, 675, 663, 639, 570, 506, 709, 662, 665, 733, 717, 696, 617, 644, 672, 699, 661, 633, 700, 669, 694, 623, 601, 573, 546, 576, 632, 659, 658, 701, 543, 579, 563, 593, 602, 552, 680, 659, 546, 557, 656, 678, 568, 527, 677, 662, 673, 653, 730, 720, 608, 653, 709, 724, 602, 570, 644, 648, 557, 627, 698, 636, 546, 581, 668, 639, 539, 620, 661, 591, 676, 642, 640, 612, 657, 722, 654, 636, 587, 593, 541, 545, 568, 549, 553, 514, 778, 661, 570, 548, 629, 668, 784, 834, 844, 733, 652, 580, 643, 732, 906, 982, 736, 719, 600, 586, 610, 621, 735, 738, 740, 609, 528, 570, 558, 581, 624, 656, 618, 581, 507, 530, 500, 523, 573, 540, 542, 565, 474, 579, 572, 482, 518, 521, 522, 567, 575, 521, 584, 618, 557, 475, 481, 552, 574, 520, 597, 608, 532, 499, 532, 501, 659, 605, 543, 600, 540, 543, 525, 486, 547, 613, 591, 591, 680, 636, 586, 614, 542, 555, 616, 653, 604, 522, 616, 660, 567, 556, 579, 641, 595, 516, 556, 620, 520, 562, 568, 573, 529, 476, 579, 610, 516, 531, 483, 515, 548, 554, 521, 650, 598, 565, 545, 533, 568, 491, 586, 547, 630, 641, 554, 499, 590, 640, 682, 608, 552, 579, 563, 619, 642, 676, 633, 675, 648, 553, 569, 633, 640, 653, 540, 560, 656, 595, 570, 607, 662, 664, 548, 574, 656, 752, 740, 628, 715, 646, 587, 611, 702, 671, 648, 681, 718, 665, 604, 587, 683, 748, 682, 703, 727, 636, 824, 699, 672, 797, 795, 719, 853, 948, 813, 666, 699, 755, 771, 800, 929, 1019, 737, 697, 910, 774, 669, 730, 963, 1054, 691, 710, 850, 747, 645, 603, 830, 909, 541, 614, 624, 624, 553, 459, 570, 613, 538, 544, 544, 608, 587, 496, 567, 579, 529, 514, 560, 603, 582, 459, 585, 652, 588, 586, 572, 537, 533, 579, 527, 506, 504, 546, 549, 505, 521, 533, 490, 498, 390, 473, 515, 410, 404, 424, 440, 437, 426, 437, 441, 341, 359, 449, 464, 435, 418, 489, 453, 442, 465, 501, 476, 407, 402, 362, 430, 449, 431, 438, 443, 416, 370, 353, 416, 422, 355, 382, 391, 416, 396, 394, 460, 425, 402, 448, 456, 437, 437, 467, 450, 414, 424, 448, 466, 462, 361, 437, 429, 420, 373, 388, 412, 424]"
-0.7316350340843201,0.0,0.0,0.0,0.0,0.0,0.0,-0.7700484991073608,1.1577129364013672,27.25,-0.630001425743103,0.9518623352050781,20.0,-0.458340048789978,0.9334087371826172,29.5,-0.4066985845565796,0.945281982421875,26.0,-0.37794530391693115,0.9608745574951172,22.5,"[491, 636, 692, 631, 622, 629, 692, 639, 538, 671, 735, 738, 650, 727, 769, 644, 557, 577, 621, 614, 601, 587, 578, 577, 563, 586, 548, 495, 560, 514, 543, 539, 577, 555, 520, 507, 486, 490, 452, 475, 537, 564, 483, 468, 501, 505, 475, 485, 499, 495, 596, 513, 491, 558, 566, 570, 506, 478, 538, 520, 522, 509, 623, 629, 512, 483, 485, 496, 501, 538, 551, 546, 550, 528, 517, 543, 509, 511, 594, 624, 556, 523, 592, 584, 530, 576, 632, 630, 576, 624, 614, 505, 485, 574, 545, 502, 541, 563, 469, 424, 466, 499, 548, 496, 541, 600, 572, 463, 448, 536, 600, 561, 553, 535, 521, 536, 453, 480, 560, 533, 490, 562, 610, 490, 427, 598, 616, 531, 562, 541, 583, 546, 533, 596, 603, 613, 570, 600, 564, 542, 562, 506, 547, 633, 449, 540, 574, 512, 494, 477, 625, 579, 443, 523, 500, 485, 502, 546, 558, 486, 429, 423, 406, 398, 448, 547, 523, 478, 491, 508, 505, 496, 536, 604, 562, 535, 554, 554, 563, 588, 594, 633, 578, 569, 616, 554, 518, 612, 628, 617, 565, 569, 636, 550, 566, 622, 579, 630, 531, 585, 559, 559, 553, 576, 601, 640, 517, 524, 549, 554, 575, 547, 607, 632, 631, 610, 432, 507, 508, 545, 573, 525, 590, 560, 553, 525, 498, 509, 505, 477, 543, 587, 680, 640, 610, 560, 503, 552, 557, 577, 663, 680, 601, 565, 487, 523, 585, 527, 622, 665, 564, 530, 520, 484, 521, 521, 578, 573, 491, 527, 549, 553, 469, 415, 558, 467, 501, 550, 530, 562, 451, 455, 585, 535, 557, 584, 556, 545, 528, 546, 547, 523, 544, 556, 542, 517, 485, 526, 542, 474, 417, 503, 529, 505, 491, 549, 466, 517, 504, 543, 537, 480, 472, 552, 600, 560, 556, 551, 546, 550, 580, 631, 561, 557, 679, 570, 579, 654, 646, 649, 528, 611, 640, 622, 627, 622, 608, 578, 485, 587, 603, 628, 620, 634, 677, 605, 556, 657, 614, 569, 674, 675, 610, 532, 566, 607, 622, 528, 613, 689, 686, 592, 552, 560, 533, 539, 585, 591, 557, 564, 562, 576, 483, 572, 655, 495, 451, 485, 560, 572, 572, 597, 597, 524, 611, 665, 617, 587, 525, 597, 532, 634, 689, 611, 608, 629, 547, 549, 559, 634, 615, 552, 591, 546, 491, 474, 463, 571, 587, 621, 615, 563, 537, 490, 490, 559, 647, 683, 620, 624, 625, 657, 633, 617, 648, 638, 808, 481, 645, 742, 696, 584, 736, 912, 1447, 554, 1199, 1656, 1355, 559, 1817, 2281, 2716, 1710, 3263, 3824, 2514, 2206, 5535, 5765, 5585, 4018, 7209, 7619, 4677, 5027, 13505, 13761, 8306, 6866, 11296, 9860, 6447, 7692, 21088, 21476, 9487, 9408, 13784, 8833, 6295, 9889, 25682, 25832, 7965, 9756, 13424, 7091, 4828, 10043, 23845, 23220, 4327, 6779, 8878, 4662, 2694, 6887, 14930, 13921, 2865, 3830, 4677, 2819, 1735, 4187, 8722, 8091, 2087, 2000, 2676, 1655, 1223, 2263, 5181, 5141, 1076, 864, 1096, 867, 671, 1117, 2133, 2121, 655, 779, 1113, 916, 509, 657, 864, 943, 759, 996, 1447, 1002, 581, 772, 1413, 1522, 718, 881, 891, 720, 640, 635, 1004, 992, 676, 763, 746, 713, 627, 672, 632, 569, 586, 609, 755, 653, 564, 691, 563, 572, 603, 579, 636, 565, 590, 626, 647, 661, 604, 601, 689, 750, 736, 611, 592, 690, 738, 663, 566, 691, 886, 721, 594, 719, 914, 761, 579, 688, 926, 787, 569, 822, 683, 677, 694, 658, 662, 630, 617, 699, 542, 608, 697, 628, 623, 584, 633, 623, 711, 972, 1317, 1026, 762, 798, 1046, 1095, 1252, 2397, 2222, 1152, 904, 1395, 1805, 1196, 1937, 2707, 2414, 1731, 1329, 1663, 1771, 1171, 1241, 2032, 2943, 2486, 1505, 1526, 1963, 1961, 1019, 1265, 2028, 1760, 1014, 1087, 1238, 1500, 779, 1034, 1578, 1375, 958, 867, 923, 970, 1121, 1336, 1586, 1614, 1204, 1146, 1220, 962, 1017, 1042, 1075, 1201, 874, 908, 974, 721, 760, 722, 955, 913, 657, 765, 860, 842, 611, 711, 774, 626, 517, 719, 848, 760, 555, 666, 635, 601, 520, 617, 752, 663, 669, 745, 668, 664, 642, 590, 729, 724, 714, 733, 616, 551, 668, 674, 765, 733, 752, 843, 742, 593, 612, 627, 639, 655, 680, 749, 859, 734, 590, 637, 593, 647, 682, 647, 759, 771, 553, 602, 692, 755, 729, 692, 703, 688, 530, 504, 600, 698, 608, 595, 681, 631, 516, 599, 683, 656, 503, 535, 525, 541, 560, 610, 623, 516, 584, 585, 562, 601, 574, 602, 694, 687, 593, 629, 684, 627, 563, 612, 716, 673, 629, 643, 649, 622, 579, 581, 676, 726, 501, 551, 623, 556, 476, 569, 614, 558, 501, 600, 644, 585, 456, 525, 676, 586, 551, 572, 676, 654, 514, 556, 641, 653, 645, 545, 547, 639, 641, 545, 597, 664, 619, 618, 631, 557, 536, 541, 599, 581, 572, 567, 561, 512, 494, 563, 605, 591, 544, 580, 631, 501, 490, 554, 582, 621, 616, 573, 669, 574, 549, 573, 686, 720, 721, 579, 496, 616, 667, 553, 621, 809, 667, 644, 626, 534, 614, 597, 668, 762, 618, 673, 605, 526, 524, 559, 661, 684, 596, 642, 582, 587, 549, 517, 631, 580, 552, 546, 509, 517, 528, 563, 613, 557, 592, 597, 560, 532, 487, 511, 523, 558, 550, 521, 588, 567, 551, 508, 602, 656, 546, 514, 567, 549, 543, 575, 667, 694, 538, 537, 558, 470, 481, 522, 548, 611, 468, 584, 499, 451, 485, 496, 495, 427, 550, 595, 603, 491, 542, 542, 613, 556, 640, 548, 570, 626, 661, 663, 589, 612, 636, 565, 589, 608, 587, 607, 582, 667, 660, 521, 653, 653, 534, 471, 529, 699, 574, 557, 702, 692, 547, 514, 630, 739, 467, 817, 884, 530, 500, 631, 878, 783, 475, 602, 535, 436, 455, 497, 569, 485, 517, 514, 429, 443, 454, 505, 468, 451, 521, 505, 482, 480, 506, 537, 492, 528, 463, 451, 511, 482, 443, 453, 396, 476, 416, 407, 473, 445, 425, 430, 408, 402, 466, 458, 502, 516, 533, 493, 394, 422, 406, 337, 419, 398, 391, 458, 413, 438, 371, 412, 413, 396, 380, 380, 441, 391]"
-0.5244041681289673,-0.05036909878253937,-0.07003121078014374,0.21549324691295624,0.011710360646247864,-0.08768108487129211,0.1319434642791748,-0.9264700412750244,1.2209415435791016,-30.5,-0.815176248550415,0.8686065673828125,19.5,-0.7266275882720947,1.0897636413574219,-30.5,-0.6373636722564697,1.0148048400878906,24.75,0.358844518661499,1.3981819152832031,15.75,"[564, 579, 529, 554, 604, 557, 526, 581, 544, 547, 512, 584, 654, 640, 534, 596, 546, 478, 502, 688, 656, 550, 419, 488, 497, 577, 556, 522, 511, 504, 398, 396, 448, 549, 545, 525, 604, 519, 492, 480, 499, 571, 478, 460, 563, 592, 579, 535, 532, 531, 478, 376, 428, 552, 596, 556, 494, 543, 515, 521, 493, 508, 538, 504, 538, 559, 535, 557, 478, 505, 573, 534, 511, 572, 540, 533, 465, 521, 536, 458, 565, 605, 521, 478, 529, 520, 464, 474, 560, 597, 497, 449, 518, 555, 541, 472, 570, 552, 518, 572, 508, 447, 512, 531, 520, 549, 516, 560, 539, 470, 596, 566, 442, 463, 500, 623, 565, 577, 586, 495, 459, 476, 542, 495, 572, 592, 515, 525, 534, 563, 557, 512, 551, 634, 581, 539, 611, 614, 626, 612, 584, 604, 619, 577, 501, 537, 476, 468, 595, 579, 530, 484, 591, 612, 568, 484, 612, 594, 500, 571, 621, 499, 460, 526, 552, 528, 504, 624, 593, 502, 578, 592, 535, 495, 572, 626, 542, 514, 468, 461, 469, 449, 467, 497, 490, 593, 584, 410, 461, 657, 598, 396, 480, 460, 543, 500, 558, 602, 593, 520, 578, 505, 534, 580, 542, 566, 550, 637, 497, 460, 478, 521, 568, 537, 536, 548, 519, 580, 588, 574, 576, 542, 553, 506, 557, 602, 537, 598, 542, 449, 476, 474, 551, 620, 591, 570, 530, 474, 561, 559, 573, 510, 446, 516, 569, 573, 546, 645, 607, 455, 515, 541, 596, 558, 591, 686, 509, 555, 621, 550, 479, 608, 538, 501, 542, 665, 653, 461, 473, 638, 660, 549, 404, 565, 562, 438, 381, 495, 515, 459, 604, 578, 616, 543, 466, 497, 549, 619, 537, 512, 484, 490, 520, 538, 545, 587, 508, 498, 600, 603, 523, 537, 629, 602, 554, 550, 556, 571, 571, 553, 548, 586, 509, 494, 500, 545, 526, 581, 489, 534, 495, 485, 541, 559, 532, 560, 581, 569, 603, 542, 624, 599, 484, 589, 590, 523, 701, 539, 554, 631, 557, 498, 539, 629, 583, 614, 625, 584, 524, 507, 573, 569, 559, 626, 613, 645, 602, 589, 700, 636, 567, 532, 572, 650, 670, 606, 669, 669, 655, 615, 651, 747, 644, 547, 688, 705, 699, 748, 660, 704, 612, 551, 716, 682, 654, 585, 534, 606, 638, 646, 647, 661, 590, 566, 605, 585, 649, 661, 544, 564, 622, 550, 601, 602, 590, 608, 610, 645, 656, 611, 668, 647, 585, 585, 631, 650, 1700, 997, 1553, 2289, 1904, 1076, 2672, 3038, 3890, 832, 2452, 4517, 4158, 882, 4331, 6011, 5370, 4245, 6888, 6544, 4608, 5212, 10962, 11137, 13580, 7958, 15414, 15257, 10338, 9954, 28373, 30206, 15417, 6794, 15688, 17502, 12212, 8673, 27967, 31224, 7721, 3927, 8817, 10668, 6897, 3754, 12084, 13795, 1611, 2529, 3518, 3513, 2241, 1708, 3965, 3711, 1369, 2552, 3343, 2198, 1113, 2053, 4697, 4481, 983, 2174, 2497, 1753, 884, 2296, 4405, 3743, 1004, 1848, 2489, 1803, 903, 1868, 3335, 2952, 777, 1274, 1680, 1353, 752, 1311, 2022, 1734, 693, 848, 973, 923, 682, 762, 972, 845, 772, 576, 720, 725, 652, 557, 639, 868, 680, 681, 644, 637, 704, 670, 540, 708, 602, 674, 672, 594, 660, 662, 509, 564, 636, 619, 556, 524, 593, 631, 587, 645, 684, 633, 612, 669, 705, 649, 632, 663, 691, 688, 583, 585, 695, 740, 628, 671, 651, 660, 678, 630, 623, 751, 708, 651, 662, 708, 696, 653, 622, 706, 759, 676, 561, 799, 873, 648, 594, 625, 722, 695, 656, 726, 876, 760, 576, 628, 753, 800, 1391, 2043, 1536, 967, 894, 1483, 1712, 960, 3109, 3905, 2481, 2163, 1447, 3524, 3631, 1388, 3342, 3405, 3614, 3404, 1608, 3962, 3848, 1936, 1503, 1915, 3238, 3094, 1349, 1630, 2030, 1613, 1051, 1393, 1895, 1887, 1217, 1118, 1265, 984, 971, 792, 812, 825, 715, 850, 821, 904, 1279, 1593, 1654, 1598, 1293, 894, 1092, 1379, 920, 1016, 1524, 1524, 998, 588, 876, 1094, 778, 703, 841, 871, 769, 785, 817, 820, 662, 641, 571, 588, 641, 676, 668, 690, 658, 716, 652, 496, 521, 618, 628, 634, 571, 683, 714, 555, 483, 617, 724, 612, 571, 707, 700, 579, 536, 739, 745, 520, 703, 744, 779, 612, 529, 580, 672, 736, 796, 685, 644, 609, 553, 537, 692, 823, 814, 721, 600, 685, 674, 620, 732, 804, 695, 788, 699, 641, 655, 647, 728, 696, 602, 693, 636, 550, 522, 483, 589, 550, 543, 573, 608, 538, 536, 505, 540, 575, 553, 575, 552, 541, 651, 639, 631, 640, 602, 616, 521, 540, 538, 555, 632, 561, 608, 576, 544, 547, 530, 563, 583, 610, 495, 501, 457, 469, 536, 562, 515, 490, 554, 549, 514, 552, 523, 602, 546, 475, 592, 534, 559, 572, 520, 576, 638, 574, 569, 529, 542, 596, 597, 563, 547, 581, 621, 675, 575, 610, 720, 685, 651, 646, 650, 565, 549, 572, 725, 644, 562, 625, 564, 548, 601, 596, 638, 665, 695, 663, 665, 615, 653, 796, 770, 697, 747, 718, 656, 718, 676, 774, 753, 615, 714, 716, 587, 588, 578, 668, 694, 596, 566, 618, 643, 571, 516, 566, 585, 544, 518, 612, 601, 587, 584, 682, 628, 578, 651, 658, 536, 614, 658, 618, 560, 509, 617, 579, 588, 620, 655, 610, 573, 527, 593, 563, 569, 592, 646, 592, 587, 525, 583, 641, 592, 534, 549, 641, 569, 481, 526, 575, 585, 558, 551, 614, 525, 428, 529, 585, 557, 535, 540, 604, 569, 523, 573, 612, 601, 562, 625, 696, 635, 603, 658, 656, 576, 564, 625, 656, 631, 607, 649, 652, 672, 632, 724, 703, 579, 549, 666, 760, 836, 635, 849, 830, 646, 505, 856, 1146, 835, 574, 859, 837, 619, 564, 1005, 1222, 647, 640, 687, 685, 533, 493, 718, 806, 461, 584, 619, 582, 486, 458, 636, 581, 496, 551, 646, 661, 551, 512, 745, 688, 458, 536, 579, 616, 571, 558, 740, 664, 460, 533, 492, 449, 481, 450, 551, 494, 390, 357, 467, 490, 424, 389, 392, 441, 414, 394, 403, 441, 488, 458, 352, 381, 451, 409, 460, 468, 426, 488, 432, 442, 399, 469, 530, 509, 438, 489, 497, 395]"
-0.500418484210968,0.009506799280643463,-0.07662725448608398,0.2353738695383072,0.081114262342453,-0.11735692620277405,0.14345918595790863,-1.8208087682724,1.2917518615722656,19.5,-1.1663497686386108,1.2183666229248047,17.25,-1.1443198919296265,1.3704299926757812,16.75,-1.0553420782089233,1.4575481414794922,22.25,-0.7679523229598999,1.0867595672607422,30.5,"[556, 656, 679, 680, 682, 685, 682, 650, 617, 674, 706, 693, 664, 704, 756, 716, 525, 596, 581, 581, 561, 661, 696, 583, 483, 579, 530, 557, 543, 489, 487, 416, 539, 606, 563, 613, 579, 575, 550, 448, 474, 513, 553, 645, 657, 521, 550, 531, 520, 510, 520, 584, 572, 569, 511, 529, 494, 491, 524, 511, 490, 563, 554, 551, 455, 487, 509, 478, 455, 521, 495, 465, 503, 462, 503, 527, 586, 601, 531, 564, 473, 529, 481, 483, 594, 593, 553, 547, 503, 556, 553, 509, 568, 562, 504, 495, 494, 520, 591, 572, 497, 454, 484, 467, 556, 510, 561, 653, 586, 577, 595, 553, 555, 485, 460, 559, 568, 569, 501, 538, 544, 522, 502, 502, 421, 498, 535, 525, 596, 582, 556, 458, 487, 488, 536, 591, 580, 497, 547, 543, 642, 577, 523, 693, 638, 544, 501, 504, 534, 551, 532, 658, 561, 567, 591, 633, 584, 528, 516, 596, 595, 546, 555, 641, 643, 598, 611, 554, 565, 543, 561, 526, 515, 555, 555, 524, 522, 528, 549, 570, 555, 506, 525, 545, 557, 516, 553, 540, 588, 638, 603, 543, 481, 476, 504, 615, 632, 559, 585, 506, 493, 469, 547, 582, 631, 567, 494, 504, 587, 499, 547, 573, 509, 502, 626, 638, 554, 479, 451, 513, 516, 494, 524, 539, 576, 549, 464, 562, 611, 545, 532, 545, 583, 616, 620, 613, 530, 536, 505, 467, 552, 599, 635, 587, 502, 599, 655, 531, 593, 612, 582, 539, 531, 505, 534, 616, 561, 552, 611, 577, 505, 472, 459, 619, 638, 607, 567, 595, 586, 593, 530, 599, 543, 539, 616, 624, 558, 531, 582, 577, 553, 524, 611, 590, 530, 577, 563, 572, 533, 509, 534, 593, 475, 594, 565, 506, 595, 618, 551, 558, 644, 633, 543, 504, 680, 556, 420, 483, 612, 616, 525, 595, 613, 599, 500, 477, 665, 597, 536, 529, 525, 553, 496, 517, 570, 539, 554, 621, 548, 587, 522, 398, 469, 550, 493, 524, 631, 576, 492, 486, 534, 622, 565, 561, 714, 574, 541, 537, 569, 606, 640, 677, 584, 528, 581, 607, 518, 533, 584, 606, 650, 569, 581, 685, 624, 511, 589, 660, 638, 547, 612, 701, 593, 553, 615, 701, 540, 602, 643, 639, 598, 620, 712, 655, 528, 629, 572, 508, 555, 630, 677, 564, 582, 649, 598, 620, 622, 572, 625, 586, 556, 610, 526, 554, 526, 491, 617, 557, 626, 656, 828, 1027, 790, 682, 1153, 1093, 2444, 775, 1951, 3204, 2606, 999, 3777, 4528, 4028, 999, 2502, 4559, 4226, 1148, 4000, 5845, 2075, 3512, 4189, 2261, 1027, 4379, 8015, 6929, 9709, 5595, 11540, 10786, 6958, 6371, 19124, 20867, 8298, 5388, 10668, 9988, 6174, 4522, 12757, 14981, 2235, 3393, 4227, 3667, 1887, 3647, 6093, 4955, 1988, 2167, 2514, 1673, 1346, 2770, 6231, 5926, 3509, 2376, 4014, 2222, 2097, 2233, 7056, 7867, 2909, 1604, 2611, 1902, 1642, 1260, 4058, 5038, 1575, 939, 1130, 1147, 1068, 640, 1428, 1996, 691, 684, 759, 664, 624, 720, 1047, 1077, 635, 936, 773, 631, 674, 884, 1211, 1001, 676, 687, 755, 680, 620, 705, 937, 856, 621, 576, 610, 633, 453, 522, 623, 577, 583, 592, 616, 612, 494, 494, 523, 549, 610, 634, 627, 613, 578, 592, 494, 534, 622, 574, 671, 662, 545, 483, 575, 616, 849, 559, 612, 772, 798, 609, 609, 873, 862, 622, 737, 917, 893, 603, 723, 1029, 778, 814, 804, 773, 765, 637, 716, 830, 630, 828, 873, 691, 657, 710, 906, 869, 669, 926, 1011, 762, 666, 706, 965, 949, 693, 1390, 1982, 1426, 726, 622, 1032, 1212, 752, 2473, 3771, 2816, 954, 988, 1718, 1901, 739, 2712, 4251, 3038, 738, 1488, 1860, 2135, 1109, 2352, 3109, 2308, 1415, 1193, 1340, 1703, 1163, 1934, 2058, 1641, 1249, 1181, 1394, 1288, 634, 660, 701, 865, 959, 781, 696, 693, 1196, 1312, 1099, 1111, 1281, 889, 854, 1089, 1107, 1206, 1026, 961, 1020, 929, 837, 1037, 808, 782, 660, 690, 737, 780, 663, 621, 745, 721, 692, 699, 690, 711, 706, 671, 685, 721, 738, 686, 653, 712, 682, 651, 646, 687, 773, 738, 631, 696, 762, 651, 758, 862, 825, 767, 626, 730, 809, 779, 738, 654, 726, 658, 561, 581, 676, 792, 684, 578, 640, 571, 525, 560, 637, 669, 575, 625, 699, 625, 593, 617, 697, 682, 608, 608, 632, 664, 657, 654, 747, 758, 625, 715, 639, 534, 540, 640, 637, 612, 618, 612, 534, 552, 549, 497, 495, 516, 534, 614, 588, 566, 538, 473, 495, 480, 582, 567, 518, 589, 541, 476, 514, 493, 606, 599, 542, 579, 568, 546, 552, 535, 553, 527, 538, 581, 552, 572, 577, 567, 583, 582, 545, 482, 568, 577, 528, 531, 561, 582, 544, 522, 626, 645, 508, 492, 609, 596, 612, 603, 615, 578, 538, 565, 527, 606, 573, 536, 515, 532, 533, 476, 489, 676, 623, 531, 537, 570, 582, 513, 554, 639, 649, 539, 540, 470, 551, 526, 659, 631, 720, 614, 605, 583, 632, 724, 703, 597, 680, 591, 570, 607, 594, 663, 636, 651, 606, 592, 699, 648, 550, 594, 577, 579, 562, 623, 695, 614, 553, 611, 612, 683, 694, 670, 670, 648, 650, 653, 551, 629, 685, 581, 636, 660, 581, 562, 555, 606, 627, 543, 603, 704, 622, 536, 523, 581, 564, 494, 608, 753, 637, 450, 611, 658, 665, 579, 613, 649, 624, 622, 595, 583, 602, 621, 599, 517, 509, 615, 552, 559, 555, 602, 561, 516, 564, 542, 415, 495, 518, 564, 578, 547, 563, 494, 570, 582, 562, 542, 599, 566, 596, 642, 670, 555, 519, 477, 580, 573, 714, 820, 662, 550, 518, 562, 585, 556, 658, 717, 501, 648, 781, 714, 587, 575, 702, 644, 460, 791, 886, 665, 517, 598, 832, 685, 482, 567, 558, 460, 455, 520, 589, 542, 450, 514, 493, 445, 469, 528, 522, 476, 443, 576, 576, 470, 492, 534, 504, 459, 444, 568, 553, 386, 471, 499, 448, 447, 441, 408, 408, 374, 435, 468, 404, 411, 361, 415, 459, 439, 466, 482, 453, 391, 356, 363, 396, 358, 365, 398, 383, 392, 326, 414, 406, 369, 356, 378, 370, 355]"
-0.4239092469215393,0.11413800716400146,-0.07806044816970825,0.3025761842727661,0.20703434944152832,-0.1689819097518921,0.18033066391944885,-1.7767736911773682,1.2774467468261719,16.0,-1.1610815525054932,1.4346599578857422,23.5,-0.760967493057251,1.0697364807128906,30.75,-0.43738579750061035,0.8382797241210938,25.75,-0.37673211097717285,0.9271144866943359,22.5,"[562, 602, 610, 646, 654, 650, 608, 601, 579, 596, 536, 591, 713, 693, 639, 555, 567, 565, 533, 492, 556, 614, 631, 593, 521, 565, 523, 430, 451, 532, 565, 541, 489, 563, 523, 491, 431, 467, 484, 488, 503, 454, 526, 522, 504, 466, 499, 543, 492, 493, 527, 468, 499, 514, 572, 602, 515, 520, 458, 445, 515, 460, 568, 558, 574, 520, 449, 482, 527, 428, 470, 530, 563, 560, 526, 444, 570, 555, 524, 583, 579, 640, 633, 495, 542, 532, 503, 559, 551, 547, 631, 601, 567, 522, 555, 618, 580, 541, 557, 589, 636, 498, 530, 613, 592, 564, 548, 549, 564, 568, 612, 617, 461, 521, 572, 527, 528, 618, 545, 506, 561, 597, 548, 463, 565, 685, 584, 469, 539, 582, 546, 510, 563, 625, 589, 470, 500, 535, 590, 554, 594, 633, 596, 537, 381, 447, 435, 402, 517, 508, 488, 492, 563, 520, 486, 506, 583, 616, 542, 552, 558, 567, 560, 507, 525, 573, 591, 619, 501, 546, 588, 577, 536, 570, 568, 598, 540, 574, 574, 592, 534, 476, 584, 652, 459, 521, 542, 643, 602, 513, 579, 571, 568, 592, 529, 651, 649, 557, 593, 640, 539, 533, 513, 599, 693, 574, 539, 571, 518, 470, 524, 656, 665, 550, 472, 504, 426, 417, 576, 617, 458, 450, 552, 518, 410, 469, 602, 529, 511, 551, 564, 512, 456, 588, 645, 519, 552, 624, 575, 484, 506, 593, 690, 598, 475, 484, 532, 516, 544, 595, 640, 599, 591, 584, 539, 584, 552, 601, 581, 593, 529, 566, 609, 487, 594, 634, 574, 609, 594, 618, 569, 502, 578, 643, 579, 485, 573, 645, 578, 478, 563, 573, 541, 544, 546, 525, 556, 547, 512, 575, 599, 610, 609, 533, 521, 541, 466, 463, 511, 570, 506, 418, 519, 528, 570, 617, 525, 512, 516, 522, 553, 563, 588, 615, 575, 505, 521, 588, 598, 558, 587, 528, 461, 502, 559, 493, 524, 600, 613, 507, 527, 548, 569, 563, 537, 608, 475, 529, 639, 617, 516, 545, 563, 510, 499, 542, 654, 529, 486, 585, 551, 585, 645, 558, 574, 556, 578, 599, 543, 627, 589, 531, 653, 683, 596, 587, 621, 612, 619, 657, 705, 608, 565, 577, 464, 537, 698, 620, 625, 587, 585, 593, 544, 661, 630, 560, 646, 590, 604, 618, 584, 656, 541, 540, 670, 599, 565, 632, 539, 598, 726, 583, 719, 742, 686, 641, 756, 869, 1437, 859, 1138, 1647, 1494, 867, 2007, 2344, 2580, 922, 1532, 2715, 2604, 1068, 2737, 3708, 2222, 3167, 3629, 2853, 1590, 3940, 8191, 7359, 8262, 6292, 10603, 9727, 6181, 7641, 20463, 20839, 8193, 5763, 10441, 9624, 6133, 6888, 19442, 20156, 3482, 5659, 7053, 5920, 2726, 6862, 14545, 12970, 4111, 7088, 7950, 5472, 2886, 7542, 14349, 12376, 3809, 5638, 5272, 3816, 2819, 5026, 8226, 6752, 3952, 2615, 2235, 3176, 2617, 2218, 3975, 4677, 2865, 1322, 2270, 2653, 1802, 1722, 4524, 5049, 1217, 1170, 1536, 1300, 758, 1390, 2737, 2606, 475, 688, 729, 658, 511, 730, 1027, 859, 641, 556, 579, 620, 591, 579, 620, 635, 586, 616, 651, 604, 523, 573, 564, 572, 670, 653, 642, 733, 688, 654, 647, 570, 531, 656, 697, 650, 584, 630, 666, 575, 629, 681, 640, 584, 560, 500, 561, 567, 746, 715, 650, 606, 752, 623, 609, 732, 637, 686, 851, 761, 617, 565, 627, 704, 784, 700, 747, 758, 624, 597, 711, 811, 913, 1111, 895, 727, 731, 1123, 1179, 821, 1119, 1862, 1478, 872, 861, 1649, 2042, 1140, 1003, 1778, 1330, 1045, 1069, 1531, 1997, 1178, 2058, 2748, 1726, 1500, 957, 1688, 2119, 1132, 3413, 4511, 2779, 2569, 1108, 3486, 3882, 1871, 2973, 3712, 2803, 2491, 1796, 3430, 3489, 1746, 2019, 2470, 1856, 1657, 2017, 2487, 2153, 1020, 1654, 1963, 1329, 1052, 1515, 1815, 1411, 721, 1420, 1502, 1545, 1600, 1374, 1151, 985, 1074, 1127, 903, 1566, 1630, 1129, 714, 791, 1329, 874, 621, 1032, 979, 681, 729, 714, 999, 937, 734, 708, 703, 787, 712, 617, 928, 754, 806, 758, 670, 824, 784, 684, 766, 672, 625, 703, 818, 754, 712, 812, 793, 603, 692, 712, 651, 562, 689, 841, 752, 636, 669, 739, 608, 583, 645, 801, 786, 610, 664, 713, 633, 594, 704, 775, 712, 657, 734, 746, 717, 762, 766, 715, 626, 723, 628, 637, 746, 757, 633, 636, 626, 715, 641, 588, 694, 604, 607, 664, 665, 593, 609, 653, 635, 437, 562, 569, 579, 607, 565, 649, 618, 527, 601, 567, 586, 621, 509, 600, 735, 675, 554, 623, 693, 544, 574, 559, 689, 595, 536, 643, 623, 505, 542, 613, 611, 506, 467, 620, 612, 634, 593, 620, 553, 467, 425, 507, 650, 656, 576, 607, 586, 515, 496, 482, 602, 506, 502, 577, 533, 526, 463, 486, 543, 672, 619, 671, 676, 584, 507, 563, 705, 604, 557, 564, 602, 583, 522, 467, 534, 588, 556, 597, 582, 571, 550, 515, 530, 556, 515, 523, 578, 563, 489, 512, 522, 602, 588, 528, 573, 542, 526, 606, 652, 638, 596, 520, 482, 490, 545, 503, 576, 578, 532, 544, 569, 517, 510, 527, 576, 516, 489, 625, 648, 504, 581, 679, 682, 687, 525, 565, 603, 604, 640, 710, 806, 560, 572, 607, 594, 503, 539, 660, 680, 617, 730, 600, 549, 633, 586, 601, 610, 643, 709, 625, 631, 766, 665, 625, 661, 571, 618, 580, 597, 712, 717, 537, 565, 468, 519, 571, 545, 561, 616, 658, 603, 486, 547, 626, 631, 610, 615, 744, 684, 595, 658, 636, 603, 617, 660, 687, 639, 689, 699, 707, 570, 591, 592, 733, 764, 848, 866, 1196, 943, 651, 742, 1043, 1191, 762, 1191, 1550, 1029, 615, 991, 1703, 1617, 661, 1201, 1306, 826, 605, 1104, 1659, 1333, 606, 826, 816, 620, 556, 772, 961, 775, 513, 634, 583, 554, 510, 617, 739, 601, 503, 509, 508, 545, 522, 578, 684, 500, 606, 479, 552, 657, 510, 472, 583, 599, 535, 453, 474, 513, 439, 496, 470, 500, 460, 499, 491, 529, 458, 468, 469, 439, 468, 457, 481, 506, 463, 467, 479, 457, 455, 400, 487, 511, 389, 428, 414, 421, 419, 465, 489, 427, 390, 446, 441, 438]"
-0.3619672954082489,0.19662106037139893,-0.11016541719436646,0.3525102138519287,0.2827218472957611,-0.21432754397392273,0.20064696669578552,-0.9704172611236572,0.9490013122558594,15.75,-0.629812479019165,0.7973670959472656,20.0,-0.6117880344390869,0.7249832153320312,18.5,-0.47274231910705566,0.7548809051513672,20.0,-0.39907097816467285,0.7686138153076172,23.25,"[540, 600, 576, 567, 575, 567, 582, 596, 579, 635, 518, 600, 610, 675, 684, 546, 467, 400, 588, 559, 530, 577, 613, 589, 535, 461, 514, 528, 540, 533, 542, 578, 587, 492, 431, 473, 497, 486, 510, 561, 591, 525, 501, 559, 605, 537, 552, 607, 622, 560, 553, 594, 590, 540, 557, 643, 501, 448, 485, 520, 518, 537, 549, 596, 523, 442, 486, 487, 433, 501, 493, 525, 554, 555, 571, 555, 480, 540, 571, 579, 555, 499, 493, 522, 524, 566, 446, 534, 539, 632, 621, 517, 535, 548, 510, 520, 545, 596, 602, 485, 545, 562, 552, 560, 559, 534, 550, 522, 484, 548, 519, 563, 576, 564, 571, 566, 616, 651, 585, 554, 645, 581, 524, 529, 481, 513, 513, 571, 671, 637, 546, 566, 586, 572, 541, 548, 660, 643, 566, 592, 634, 637, 545, 572, 558, 576, 604, 542, 537, 603, 613, 532, 585, 626, 613, 545, 552, 576, 613, 584, 473, 543, 567, 563, 498, 435, 513, 565, 592, 578, 585, 587, 545, 457, 495, 572, 620, 560, 541, 582, 603, 517, 480, 567, 537, 545, 564, 565, 522, 513, 502, 508, 586, 494, 481, 523, 445, 465, 565, 588, 538, 494, 556, 587, 522, 563, 586, 574, 642, 572, 578, 590, 507, 522, 584, 593, 640, 519, 542, 556, 624, 560, 479, 619, 552, 528, 553, 589, 561, 519, 516, 541, 600, 610, 594, 465, 534, 613, 535, 511, 591, 520, 578, 496, 591, 587, 545, 547, 524, 599, 655, 563, 566, 578, 617, 599, 553, 565, 600, 573, 580, 527, 491, 575, 530, 552, 665, 648, 559, 575, 629, 586, 511, 530, 562, 571, 553, 506, 529, 524, 527, 605, 599, 602, 539, 600, 601, 549, 595, 544, 569, 537, 563, 656, 492, 514, 447, 510, 574, 575, 510, 577, 575, 506, 391, 550, 581, 479, 504, 580, 558, 452, 498, 541, 631, 647, 559, 610, 613, 546, 591, 608, 605, 609, 583, 582, 543, 521, 553, 647, 700, 518, 458, 564, 632, 575, 527, 578, 551, 563, 632, 571, 570, 557, 567, 577, 543, 501, 535, 476, 531, 568, 517, 506, 532, 528, 551, 509, 489, 502, 577, 481, 552, 562, 604, 612, 512, 539, 617, 600, 592, 600, 672, 712, 662, 625, 557, 613, 646, 562, 561, 572, 557, 563, 579, 591, 620, 567, 565, 594, 543, 594, 720, 611, 646, 691, 715, 637, 666, 879, 1696, 665, 1149, 1882, 1675, 796, 2029, 2597, 2163, 784, 1256, 2463, 2169, 972, 2669, 3362, 2349, 1443, 2391, 2672, 1971, 1762, 4328, 4613, 2858, 1641, 2811, 3046, 2285, 2184, 5267, 5609, 1915, 2212, 2812, 2456, 1484, 2453, 5692, 5441, 2859, 4964, 5632, 3286, 1945, 5414, 10881, 9654, 3251, 6155, 7321, 4218, 2109, 6724, 13240, 11685, 3090, 5836, 7284, 4008, 2197, 5765, 11598, 10471, 3230, 5738, 7853, 4718, 2577, 4909, 10428, 9885, 2569, 4728, 7027, 4765, 2296, 3762, 8662, 8400, 1909, 3370, 5087, 3345, 1470, 2683, 6433, 6294, 1202, 2307, 3180, 1832, 930, 1917, 4284, 4085, 711, 1576, 1947, 1152, 639, 1195, 2410, 2232, 583, 811, 809, 667, 589, 633, 846, 706, 668, 559, 632, 742, 666, 555, 649, 667, 588, 559, 694, 663, 632, 666, 785, 726, 566, 474, 525, 546, 567, 586, 637, 684, 618, 560, 643, 619, 513, 593, 647, 702, 669, 607, 738, 753, 555, 568, 593, 731, 724, 638, 644, 649, 629, 658, 703, 772, 796, 745, 681, 625, 711, 799, 813, 690, 832, 873, 659, 628, 706, 829, 892, 680, 1114, 1198, 781, 645, 831, 1069, 1026, 747, 2159, 3569, 2792, 1391, 1313, 1884, 2188, 1471, 4732, 7437, 5407, 1914, 2087, 4014, 4382, 1549, 5382, 7403, 4863, 1725, 1861, 4591, 4805, 1319, 2924, 3500, 2580, 2049, 1494, 2888, 3028, 1347, 1774, 1833, 1615, 1255, 1401, 2131, 1822, 1117, 2255, 2130, 1717, 1367, 1603, 2082, 1724, 1482, 2208, 2238, 1968, 1652, 1670, 1760, 1661, 1941, 1259, 1202, 1168, 1204, 971, 1091, 1163, 1266, 722, 702, 864, 966, 697, 722, 855, 878, 694, 800, 956, 875, 663, 713, 845, 796, 820, 897, 886, 789, 729, 721, 641, 705, 787, 764, 638, 680, 677, 735, 702, 729, 592, 649, 699, 676, 578, 691, 778, 739, 584, 608, 708, 655, 660, 742, 750, 668, 693, 729, 792, 738, 721, 788, 810, 778, 738, 754, 801, 697, 626, 640, 745, 770, 879, 972, 889, 770, 771, 634, 732, 815, 793, 777, 657, 676, 716, 622, 590, 703, 637, 692, 672, 627, 602, 661, 612, 604, 539, 599, 609, 603, 650, 671, 580, 555, 579, 579, 618, 609, 629, 644, 566, 574, 537, 475, 660, 687, 488, 515, 519, 557, 525, 457, 630, 652, 554, 607, 533, 514, 492, 502, 546, 491, 517, 581, 542, 552, 448, 582, 587, 521, 596, 596, 589, 499, 560, 624, 577, 604, 591, 589, 573, 510, 486, 572, 569, 576, 631, 627, 527, 502, 541, 597, 574, 499, 516, 558, 592, 545, 627, 655, 577, 623, 657, 663, 585, 504, 518, 526, 553, 591, 642, 566, 524, 537, 615, 601, 602, 727, 732, 610, 776, 703, 686, 526, 601, 733, 620, 604, 680, 716, 594, 535, 658, 767, 674, 647, 753, 794, 664, 684, 588, 648, 677, 691, 791, 681, 622, 742, 682, 623, 594, 656, 739, 687, 593, 699, 649, 636, 602, 676, 708, 563, 578, 700, 672, 662, 635, 614, 672, 667, 560, 648, 694, 636, 547, 566, 668, 658, 575, 694, 587, 566, 514, 576, 566, 530, 594, 715, 727, 627, 516, 584, 592, 551, 608, 719, 780, 656, 522, 579, 640, 636, 653, 673, 701, 637, 696, 667, 676, 699, 818, 668, 793, 851, 824, 703, 653, 790, 1027, 742, 1526, 1508, 845, 511, 859, 1331, 803, 952, 1650, 1337, 620, 646, 1272, 1462, 583, 761, 1172, 949, 555, 690, 945, 960, 519, 523, 709, 627, 492, 573, 649, 640, 456, 537, 523, 382, 411, 556, 550, 447, 531, 578, 600, 525, 572, 620, 595, 471, 562, 554, 598, 587, 607, 667, 545, 526, 433, 423, 581, 560, 517, 500, 470, 509, 439, 410, 438, 432, 437, 378, 361, 412, 523, 407, 379, 447, 398, 379, 397, 476, 475, 456, 483, 443, 400, 352, 348, 428, 428, 438, 440, 468, 479, 428, 378, 424]"
-0.4024629294872284,0.28693675994873047,-0.18616384267807007,0.26100730895996094,0.3796941041946411,-0.30692771077156067,0.11926691234111786,-1.0249149799346924,1.1479854583740234,19.5,-0.8385193347930908,1.0538578033447266,22.75,-0.7772934436798096,1.0746002197265625,19.0,-0.6454002857208252,0.8349895477294922,29.0,-0.5785953998565674,0.8116722106933594,16.75,"[610, 577, 620, 693, 690, 692, 623, 576, 573, 658, 640, 698, 721, 733, 695, 591, 479, 566, 581, 591, 568, 611, 606, 543, 605, 596, 496, 446, 535, 576, 506, 501, 506, 566, 520, 504, 456, 458, 483, 456, 403, 500, 518, 555, 467, 468, 520, 472, 564, 581, 475, 553, 632, 574, 528, 500, 554, 586, 444, 521, 655, 616, 514, 506, 574, 559, 497, 500, 565, 582, 516, 534, 577, 545, 540, 457, 542, 596, 510, 516, 529, 532, 540, 469, 526, 572, 526, 516, 595, 587, 564, 552, 611, 613, 577, 565, 485, 581, 592, 488, 545, 620, 494, 484, 590, 508, 498, 464, 489, 496, 482, 621, 546, 477, 481, 529, 533, 527, 545, 552, 619, 581, 617, 613, 583, 603, 660, 725, 609, 560, 537, 514, 509, 578, 598, 607, 599, 548, 503, 450, 508, 550, 531, 566, 583, 460, 396, 474, 450, 403, 402, 542, 648, 567, 517, 575, 554, 525, 505, 600, 494, 562, 512, 514, 502, 504, 509, 522, 534, 531, 587, 564, 524, 561, 597, 550, 610, 547, 517, 610, 611, 541, 540, 536, 523, 555, 525, 529, 595, 585, 507, 501, 540, 513, 577, 553, 545, 523, 514, 598, 612, 528, 594, 556, 549, 585, 573, 650, 555, 568, 581, 530, 524, 580, 539, 509, 590, 591, 521, 519, 655, 605, 532, 536, 529, 547, 500, 502, 599, 541, 541, 556, 557, 618, 564, 511, 518, 571, 581, 535, 529, 640, 552, 464, 536, 645, 590, 534, 557, 589, 579, 496, 638, 614, 547, 542, 490, 535, 507, 481, 619, 614, 598, 587, 625, 533, 527, 538, 592, 615, 610, 676, 516, 546, 584, 539, 526, 573, 574, 570, 549, 558, 575, 636, 560, 499, 536, 508, 435, 458, 593, 595, 558, 574, 587, 564, 449, 481, 585, 586, 594, 549, 496, 567, 592, 573, 562, 585, 585, 487, 526, 600, 616, 594, 597, 548, 467, 568, 634, 664, 483, 561, 556, 522, 439, 575, 624, 553, 555, 543, 565, 552, 579, 627, 592, 536, 559, 528, 695, 702, 549, 612, 553, 566, 550, 576, 732, 742, 566, 573, 534, 559, 634, 569, 623, 668, 706, 635, 540, 591, 643, 690, 683, 650, 652, 621, 677, 695, 612, 721, 812, 749, 631, 600, 768, 755, 613, 708, 694, 686, 629, 670, 735, 648, 902, 1171, 1298, 1265, 787, 1184, 2131, 1869, 2243, 1630, 2615, 3072, 1960, 2110, 5427, 5458, 2837, 2460, 3727, 4042, 2413, 3143, 7958, 7770, 7171, 5162, 8666, 8942, 5696, 6572, 17219, 17466, 11746, 6634, 12642, 13017, 9306, 8286, 24225, 25954, 7905, 4445, 8313, 8205, 6135, 5171, 15399, 16865, 2437, 2318, 3429, 2370, 1667, 2171, 5320, 5581, 957, 987, 1304, 968, 684, 921, 1807, 1877, 759, 843, 845, 701, 707, 749, 1066, 1032, 1848, 1290, 2402, 1723, 1007, 1044, 2956, 3535, 3196, 1758, 4258, 3237, 1408, 1445, 4909, 6095, 2609, 1438, 3398, 2924, 1428, 1089, 3608, 4587, 1569, 1144, 1775, 1621, 1078, 930, 2233, 2656, 995, 1133, 1571, 1114, 736, 945, 2046, 2132, 739, 974, 1140, 771, 579, 807, 1374, 1340, 644, 857, 861, 619, 629, 703, 917, 823, 641, 755, 681, 614, 633, 683, 841, 750, 619, 648, 654, 638, 551, 535, 726, 717, 599, 680, 741, 738, 650, 560, 588, 595, 719, 720, 602, 609, 605, 727, 748, 602, 789, 828, 688, 692, 614, 814, 784, 589, 829, 931, 800, 679, 632, 907, 876, 639, 824, 927, 814, 624, 663, 837, 857, 712, 730, 1084, 1016, 797, 721, 750, 888, 743, 1533, 3221, 3206, 1902, 1125, 1468, 2009, 1487, 3434, 6468, 6047, 3165, 1821, 2723, 3809, 2282, 3641, 6454, 6357, 3672, 2136, 2685, 3942, 2324, 2535, 4837, 5251, 3722, 1893, 2438, 3766, 2576, 1819, 3429, 3751, 2981, 1383, 2351, 3188, 2210, 1511, 2256, 2754, 2233, 1087, 1488, 2037, 1610, 1624, 1522, 1780, 2016, 1478, 1112, 1333, 1354, 1262, 1172, 1120, 1447, 1222, 1061, 1256, 1085, 856, 931, 817, 722, 693, 857, 949, 854, 785, 786, 707, 618, 564, 674, 718, 672, 938, 953, 900, 832, 675, 823, 800, 756, 816, 932, 878, 798, 755, 873, 757, 637, 743, 775, 708, 737, 786, 698, 587, 561, 645, 766, 695, 606, 666, 703, 733, 684, 655, 682, 636, 638, 646, 611, 758, 719, 716, 669, 601, 633, 714, 599, 635, 738, 619, 645, 638, 684, 694, 648, 670, 660, 585, 650, 640, 628, 718, 676, 649, 658, 560, 634, 722, 695, 720, 616, 665, 714, 604, 697, 676, 620, 715, 685, 624, 636, 628, 635, 610, 614, 586, 510, 527, 593, 660, 629, 658, 541, 646, 639, 601, 620, 615, 549, 503, 531, 671, 633, 533, 571, 500, 588, 534, 487, 591, 582, 587, 522, 545, 603, 611, 575, 501, 538, 632, 620, 635, 658, 646, 478, 561, 569, 632, 699, 558, 680, 681, 448, 540, 697, 661, 517, 636, 665, 695, 625, 610, 618, 616, 565, 651, 609, 582, 594, 601, 559, 704, 737, 644, 661, 577, 541, 640, 684, 744, 686, 591, 555, 658, 692, 645, 733, 712, 629, 748, 550, 773, 829, 727, 593, 717, 889, 796, 596, 750, 884, 706, 570, 800, 963, 709, 607, 685, 765, 682, 622, 690, 756, 585, 684, 707, 560, 533, 717, 736, 597, 724, 590, 508, 547, 566, 581, 543, 620, 597, 640, 636, 552, 519, 655, 676, 632, 559, 573, 672, 647, 565, 699, 891, 784, 470, 592, 814, 727, 563, 713, 872, 740, 551, 543, 769, 754, 581, 636, 679, 675, 542, 578, 706, 699, 540, 583, 609, 571, 582, 664, 773, 754, 654, 640, 661, 566, 836, 738, 839, 915, 739, 768, 757, 825, 968, 766, 855, 790, 762, 858, 908, 1013, 713, 827, 975, 822, 648, 745, 963, 1001, 567, 737, 874, 782, 678, 686, 800, 810, 695, 585, 744, 771, 587, 550, 614, 745, 597, 587, 852, 824, 524, 539, 821, 842, 518, 598, 738, 659, 518, 622, 754, 682, 564, 568, 562, 491, 556, 626, 565, 515, 520, 515, 514, 469, 511, 539, 573, 590, 514, 543, 444, 490, 507, 473, 552, 564, 448, 422, 489, 451, 422, 455, 467, 492, 486, 477, 502, 364, 425, 514, 540, 594, 409, 470, 508, 367, 453, 492, 487, 516, 513, 497, 487, 431, 454, 473, 453, 518]"
-0.375765860080719,0.0,0.0,0.0,0.0,0.0,0.0,-1.8198693990707397,2.0446300506591797,16.0,-1.0947431325912476,1.1085033416748047,19.5,-1.0559762716293335,1.0990619659423828,17.0,-0.7923330068588257,0.9099483489990234,16.5,-0.6727422475814819,0.9305477142333984,22.0,"[496, 541, 615, 620, 580, 619, 614, 543, 508, 516, 580, 610, 518, 532, 668, 637, 571, 542, 575, 561, 530, 569, 559, 559, 549, 568, 469, 449, 542, 573, 503, 454, 556, 544, 502, 439, 454, 444, 515, 517, 522, 664, 624, 513, 505, 480, 622, 571, 487, 551, 476, 527, 593, 593, 579, 519, 476, 481, 495, 506, 587, 604, 484, 449, 524, 510, 615, 603, 533, 555, 586, 574, 573, 593, 633, 556, 498, 577, 595, 585, 607, 515, 504, 553, 481, 494, 463, 521, 524, 501, 505, 588, 569, 448, 463, 549, 474, 503, 568, 535, 489, 481, 531, 534, 570, 665, 627, 557, 587, 573, 644, 642, 513, 576, 641, 542, 499, 582, 617, 588, 532, 574, 593, 560, 551, 566, 591, 532, 552, 568, 494, 501, 506, 525, 535, 521, 571, 584, 550, 505, 519, 512, 520, 564, 542, 526, 521, 490, 533, 500, 580, 589, 610, 584, 570, 543, 584, 562, 530, 565, 555, 473, 508, 476, 509, 498, 474, 575, 548, 515, 521, 537, 503, 467, 513, 598, 597, 521, 504, 562, 570, 593, 570, 551, 552, 498, 509, 535, 487, 521, 488, 475, 512, 529, 485, 505, 552, 460, 423, 488, 552, 569, 478, 555, 554, 466, 525, 539, 606, 589, 536, 550, 502, 502, 559, 534, 576, 542, 467, 528, 521, 529, 562, 534, 507, 503, 491, 547, 445, 498, 513, 463, 495, 460, 505, 542, 459, 438, 406, 476, 407, 462, 557, 534, 476, 477, 463, 432, 448, 502, 594, 588, 514, 503, 579, 486, 503, 474, 501, 486, 508, 524, 552, 566, 531, 505, 540, 494, 435, 465, 545, 599, 510, 542, 561, 559, 541, 471, 437, 548, 533, 479, 458, 558, 578, 537, 483, 552, 478, 495, 502, 471, 459, 555, 541, 478, 547, 601, 564, 551, 526, 568, 560, 529, 499, 508, 527, 558, 526, 606, 550, 467, 567, 578, 584, 542, 504, 624, 642, 555, 503, 496, 603, 529, 509, 555, 574, 550, 590, 580, 669, 631, 577, 571, 541, 606, 524, 533, 580, 590, 568, 609, 656, 598, 510, 513, 506, 514, 617, 629, 512, 489, 551, 547, 565, 565, 593, 639, 676, 567, 734, 671, 587, 654, 691, 637, 637, 720, 914, 838, 1027, 1211, 852, 891, 1499, 1608, 1813, 1266, 2107, 2353, 1586, 1561, 3791, 3867, 2341, 1420, 2563, 2805, 2015, 1596, 4687, 4990, 1749, 1136, 1863, 1980, 1446, 1421, 3537, 3679, 2292, 2431, 3363, 3808, 2049, 3412, 7624, 6998, 2811, 2021, 3100, 4000, 2628, 2978, 7068, 6811, 3063, 2850, 4488, 3803, 2125, 2476, 5593, 6041, 3442, 2911, 4454, 3697, 2388, 2705, 6676, 7156, 2016, 1375, 1564, 1662, 1614, 1540, 3095, 3470, 1380, 1252, 1655, 1461, 1182, 1098, 2086, 2357, 1850, 2109, 2967, 2228, 1162, 1696, 3622, 3750, 2761, 2480, 3950, 3131, 1579, 2019, 4639, 5183, 2783, 3730, 5602, 3680, 1351, 2975, 6798, 6810, 1944, 3453, 4100, 2387, 1032, 2757, 5046, 4367, 1575, 2853, 3191, 1872, 1007, 2056, 3431, 3060, 1320, 2367, 2885, 1787, 885, 1689, 3041, 2827, 967, 1234, 1594, 1205, 762, 888, 1551, 1561, 648, 872, 1097, 935, 707, 566, 895, 923, 594, 778, 917, 817, 661, 644, 877, 851, 802, 713, 833, 733, 705, 706, 754, 861, 939, 800, 835, 803, 844, 815, 724, 869, 921, 973, 900, 799, 819, 868, 936, 900, 604, 1196, 1226, 826, 747, 1016, 1402, 1097, 881, 1248, 1141, 893, 905, 1188, 1412, 1156, 733, 926, 986, 792, 762, 873, 959, 955, 877, 1015, 967, 686, 734, 938, 824, 656, 2025, 3022, 2654, 1383, 1245, 1830, 2035, 1225, 3504, 5513, 4929, 2731, 2056, 2705, 3368, 2136, 3234, 5537, 5247, 3085, 2428, 2483, 3410, 2497, 1897, 3343, 3523, 2278, 1810, 2118, 2469, 1879, 1322, 2483, 2846, 1869, 1319, 1793, 1977, 1489, 1172, 2143, 2273, 1433, 1187, 1295, 1422, 1134, 1093, 1739, 1597, 912, 909, 1032, 1096, 812, 1132, 1425, 1332, 855, 826, 981, 922, 795, 1012, 1095, 1004, 831, 849, 870, 809, 764, 707, 779, 936, 927, 764, 814, 771, 666, 660, 691, 804, 961, 853, 778, 901, 845, 745, 813, 796, 725, 708, 856, 795, 715, 531, 768, 864, 827, 578, 698, 881, 806, 632, 794, 987, 959, 807, 777, 1009, 1001, 792, 708, 858, 907, 900, 836, 901, 959, 679, 762, 738, 719, 718, 777, 676, 635, 663, 705, 715, 604, 615, 776, 690, 635, 707, 691, 645, 598, 663, 725, 653, 660, 573, 652, 621, 637, 616, 702, 712, 555, 674, 683, 671, 695, 658, 671, 726, 687, 603, 554, 548, 598, 584, 556, 604, 614, 557, 604, 554, 515, 583, 649, 656, 547, 479, 525, 580, 583, 596, 625, 622, 604, 463, 578, 597, 581, 606, 532, 592, 535, 546, 590, 599, 595, 588, 593, 638, 543, 570, 649, 649, 592, 665, 630, 573, 530, 535, 625, 679, 593, 611, 594, 627, 597, 605, 663, 639, 624, 573, 618, 765, 732, 622, 621, 565, 581, 613, 583, 744, 764, 667, 621, 559, 653, 656, 568, 617, 716, 643, 619, 621, 634, 589, 597, 697, 772, 616, 669, 577, 502, 597, 578, 681, 720, 624, 620, 657, 607, 676, 660, 722, 781, 578, 628, 692, 688, 670, 674, 749, 707, 490, 721, 704, 567, 532, 619, 667, 663, 575, 698, 739, 587, 614, 632, 587, 595, 594, 637, 659, 616, 565, 638, 612, 611, 590, 652, 748, 603, 543, 558, 581, 642, 593, 598, 710, 682, 590, 502, 626, 724, 599, 709, 753, 651, 601, 605, 774, 814, 698, 807, 833, 726, 610, 768, 935, 844, 922, 819, 830, 940, 779, 853, 950, 1040, 682, 960, 1168, 1038, 752, 798, 996, 977, 697, 1017, 1190, 876, 559, 787, 1047, 981, 552, 780, 886, 726, 585, 704, 787, 712, 668, 812, 885, 832, 656, 705, 1032, 1023, 662, 1009, 1238, 864, 493, 756, 1236, 1164, 688, 833, 960, 784, 665, 773, 1104, 980, 650, 603, 766, 737, 564, 666, 811, 740, 475, 539, 742, 716, 545, 526, 577, 526, 445, 497, 550, 471, 425, 522, 522, 453, 431, 474, 402, 438, 450, 421, 419, 475, 471, 493, 457, 388, 468, 447, 382, 391, 443, 433, 332, 373, 460, 432, 414, 433, 404, 433, 383, 382, 397, 393, 418, 421, 474, 449, 425, 491, 479, 481, 473, 446]"
-0.5307286977767944,0.2889673709869385,-0.13403841853141785,-0.22184355556964874,0.3554534316062927,-0.22152647376060486,-0.14896529912948608,-1.7709039449691772,1.3926029205322266,19.0,-1.7709039449691772,1.3964653015136719,20.0,-1.1267446279525757,1.174163818359375,20.5,-1.1039994955062866,1.2232303619384766,28.0,-0.965812087059021,1.1564254760742188,24.5,"[595, 704, 661, 687, 744, 679, 661, 704, 559, 566, 604, 653, 789, 667, 572, 649, 502, 542, 517, 535, 620, 496, 454, 491, 532, 581, 584, 562, 509, 503, 573, 544, 439, 473, 481, 464, 461, 475, 484, 440, 518, 518, 513, 527, 443, 530, 557, 497, 615, 500, 450, 575, 587, 527, 525, 606, 667, 578, 497, 541, 609, 562, 476, 633, 639, 603, 496, 567, 641, 498, 523, 564, 537, 561, 511, 584, 565, 459, 543, 536, 495, 457, 472, 511, 556, 534, 482, 489, 518, 489, 515, 578, 521, 494, 535, 518, 498, 477, 481, 572, 627, 535, 514, 523, 594, 538, 479, 573, 601, 518, 509, 496, 597, 532, 494, 572, 594, 499, 503, 523, 529, 584, 601, 519, 580, 594, 516, 525, 553, 621, 630, 475, 478, 593, 548, 525, 540, 576, 608, 538, 520, 557, 551, 552, 497, 520, 548, 500, 527, 521, 566, 540, 520, 467, 516, 607, 619, 537, 565, 579, 552, 535, 473, 536, 514, 477, 510, 515, 581, 583, 567, 640, 629, 473, 532, 572, 455, 526, 558, 553, 533, 492, 510, 464, 559, 569, 531, 581, 582, 572, 519, 545, 581, 616, 557, 540, 540, 517, 518, 560, 524, 606, 575, 532, 528, 556, 634, 574, 511, 468, 574, 611, 596, 573, 553, 597, 496, 550, 658, 642, 543, 492, 551, 593, 487, 554, 524, 479, 534, 580, 563, 485, 517, 550, 543, 543, 561, 589, 586, 590, 523, 518, 572, 615, 575, 477, 622, 651, 559, 597, 610, 590, 630, 542, 568, 619, 531, 502, 488, 511, 542, 523, 496, 511, 527, 464, 523, 471, 458, 465, 523, 594, 644, 519, 563, 620, 566, 556, 566, 646, 524, 593, 646, 572, 579, 616, 582, 512, 503, 555, 557, 576, 635, 553, 448, 403, 589, 573, 555, 651, 669, 624, 486, 527, 635, 566, 579, 611, 650, 599, 453, 565, 680, 650, 508, 534, 608, 622, 576, 587, 645, 579, 430, 483, 629, 648, 504, 518, 632, 535, 525, 614, 691, 649, 570, 527, 637, 523, 531, 691, 654, 685, 720, 705, 884, 900, 1033, 1274, 993, 1029, 1819, 1708, 2005, 1689, 2453, 2832, 1840, 1981, 4656, 4595, 2752, 2173, 3574, 3860, 2444, 2570, 6654, 6712, 1925, 2242, 3180, 2955, 1765, 2408, 5485, 5220, 2586, 3766, 4919, 3897, 2061, 4399, 8989, 8105, 5890, 6530, 9603, 7981, 4270, 7779, 17746, 16957, 4869, 3849, 6732, 6195, 3481, 4608, 11799, 11995, 2204, 2534, 3731, 2664, 1212, 1955, 4235, 4521, 2242, 2550, 3650, 2317, 1344, 2636, 5925, 5800, 907, 952, 970, 772, 737, 1087, 1661, 1538, 1017, 612, 699, 746, 696, 734, 1125, 1341, 1688, 2384, 3419, 2192, 884, 1704, 3877, 4009, 2544, 7565, 9616, 5456, 1270, 5090, 10446, 9515, 2695, 10080, 11927, 6273, 1360, 6847, 13241, 11351, 2000, 6867, 7476, 3547, 1095, 4701, 8599, 7016, 1077, 3336, 3575, 1792, 795, 2180, 3851, 3110, 1181, 2068, 2660, 1741, 852, 1336, 2553, 2442, 973, 2035, 2499, 1543, 691, 1236, 2276, 2073, 867, 1773, 1968, 1233, 680, 1177, 1909, 1723, 712, 1139, 1201, 899, 737, 945, 1248, 1135, 724, 815, 815, 728, 718, 722, 876, 855, 733, 774, 823, 774, 620, 733, 846, 888, 886, 1029, 1053, 856, 731, 938, 975, 966, 938, 1043, 1099, 833, 797, 1045, 990, 953, 916, 922, 1239, 962, 783, 1003, 973, 1211, 851, 941, 1161, 873, 736, 854, 789, 1031, 603, 1138, 1208, 755, 646, 774, 938, 838, 1108, 1607, 1873, 1242, 747, 1108, 1299, 1202, 2161, 3788, 3813, 2302, 1210, 2107, 2482, 1939, 4354, 7135, 6201, 3067, 2658, 3293, 3863, 2325, 4473, 6791, 5744, 2643, 2719, 3094, 3635, 1833, 2502, 3523, 3014, 1594, 1706, 2039, 2209, 1059, 1062, 1766, 1700, 1064, 964, 1330, 1517, 1020, 762, 1221, 1286, 845, 764, 1037, 1237, 990, 903, 1143, 1064, 707, 727, 860, 933, 831, 984, 1117, 929, 746, 834, 840, 813, 841, 792, 827, 739, 631, 622, 743, 804, 752, 744, 765, 731, 655, 731, 904, 811, 820, 895, 855, 856, 886, 810, 1006, 921, 898, 786, 743, 739, 713, 652, 848, 856, 684, 651, 479, 660, 692, 615, 687, 681, 729, 674, 564, 710, 862, 760, 653, 717, 671, 720, 695, 833, 788, 679, 661, 643, 665, 679, 696, 679, 554, 635, 659, 606, 626, 628, 636, 693, 629, 668, 639, 701, 706, 640, 676, 654, 587, 526, 630, 726, 652, 691, 718, 705, 570, 580, 688, 674, 693, 670, 699, 661, 572, 671, 680, 665, 685, 591, 635, 647, 640, 688, 651, 684, 626, 585, 572, 562, 587, 592, 511, 551, 571, 588, 578, 601, 665, 590, 462, 563, 647, 575, 577, 597, 579, 490, 469, 607, 651, 592, 591, 709, 786, 700, 724, 858, 781, 594, 662, 652, 751, 786, 767, 865, 837, 617, 635, 642, 622, 708, 750, 767, 694, 557, 552, 610, 598, 507, 565, 626, 614, 528, 546, 667, 601, 513, 602, 705, 662, 583, 615, 679, 605, 575, 637, 721, 681, 656, 628, 654, 666, 592, 548, 638, 683, 652, 719, 634, 641, 738, 696, 622, 583, 747, 769, 702, 703, 788, 792, 666, 643, 658, 586, 678, 690, 684, 709, 746, 660, 748, 708, 694, 756, 747, 723, 842, 842, 861, 784, 760, 764, 741, 692, 801, 871, 864, 717, 787, 877, 796, 681, 771, 923, 767, 673, 833, 844, 780, 697, 767, 867, 679, 671, 654, 671, 747, 675, 659, 728, 651, 635, 667, 691, 748, 647, 715, 826, 812, 644, 770, 856, 761, 713, 698, 888, 791, 756, 947, 873, 678, 699, 789, 931, 762, 1256, 1440, 959, 560, 887, 1383, 1251, 838, 1353, 1591, 971, 622, 876, 1604, 1529, 775, 1259, 1382, 799, 595, 940, 1587, 1447, 620, 1130, 1157, 620, 536, 956, 1462, 1197, 693, 1039, 1137, 737, 633, 1021, 1453, 1200, 690, 816, 738, 610, 590, 805, 1014, 806, 663, 697, 654, 619, 617, 683, 806, 760, 715, 695, 513, 572, 577, 566, 669, 688, 628, 705, 613, 540, 549, 540, 706, 681, 504, 573, 617, 579, 511, 571, 750, 658, 581, 572, 594, 561, 463, 558, 740, 694, 503, 542, 550, 447, 425, 532, 579, 508, 556, 670, 622, 428, 479, 583, 558, 494, 487, 495, 494, 468, 425, 466, 450, 472, 441, 469, 422, 428, 485, 504, 486, 436]"
-0.5287185907363892,0.4002600610256195,-0.28361523151397705,-0.14808006584644318,0.5121482610702515,-0.4351440370082855,-0.032656148076057434,-1.3085722923278809,1.1409759521484375,20.75,-0.8519530296325684,0.8457183837890625,17.75,-0.7501006126403809,0.7747650146484375,19.75,-0.7001757621765137,0.8341312408447266,27.5,-0.614631175994873,0.7761955261230469,27.25,"[484, 528, 598, 603, 525, 606, 596, 530, 528, 583, 675, 635, 610, 611, 660, 562, 513, 580, 631, 515, 569, 654, 643, 547, 504, 483, 520, 574, 548, 557, 659, 628, 510, 467, 479, 572, 496, 452, 531, 536, 540, 561, 462, 545, 540, 532, 511, 512, 593, 570, 548, 563, 558, 489, 473, 494, 558, 587, 542, 516, 482, 510, 490, 561, 438, 365, 545, 565, 469, 508, 534, 541, 490, 535, 618, 567, 530, 549, 539, 551, 550, 519, 611, 616, 610, 553, 489, 494, 586, 585, 571, 577, 575, 584, 522, 540, 499, 551, 472, 441, 499, 520, 499, 437, 592, 591, 499, 525, 608, 533, 489, 501, 692, 615, 489, 519, 651, 669, 541, 566, 517, 472, 538, 579, 531, 475, 521, 556, 519, 536, 560, 550, 481, 438, 476, 523, 594, 513, 592, 624, 557, 552, 523, 538, 510, 502, 586, 587, 495, 490, 522, 530, 620, 621, 627, 606, 581, 584, 562, 613, 540, 617, 689, 586, 543, 603, 640, 589, 615, 578, 548, 552, 537, 544, 594, 571, 681, 594, 569, 742, 676, 647, 682, 663, 619, 616, 583, 615, 692, 667, 612, 599, 495, 627, 598, 526, 572, 670, 595, 483, 547, 580, 545, 484, 520, 538, 494, 485, 434, 495, 563, 549, 504, 466, 487, 445, 524, 515, 562, 557, 496, 576, 608, 584, 535, 435, 509, 602, 503, 476, 570, 608, 520, 498, 584, 589, 511, 528, 560, 574, 493, 624, 607, 536, 509, 538, 607, 520, 516, 697, 689, 547, 450, 577, 728, 648, 528, 591, 675, 528, 391, 530, 603, 606, 603, 557, 564, 492, 472, 586, 591, 552, 655, 612, 585, 571, 554, 603, 518, 488, 578, 616, 504, 559, 584, 537, 570, 566, 588, 628, 550, 520, 518, 613, 643, 569, 691, 696, 578, 550, 533, 656, 637, 502, 500, 632, 580, 501, 446, 596, 597, 498, 602, 929, 1074, 1033, 660, 1104, 1710, 1476, 1467, 1903, 2487, 2299, 1253, 2355, 4543, 4110, 2160, 2768, 3670, 3155, 1746, 3220, 6583, 6061, 2040, 2755, 3582, 2783, 1517, 3018, 6009, 5537, 1293, 3112, 3446, 2498, 1292, 3416, 5698, 4532, 5000, 7765, 9292, 7042, 3814, 8972, 16810, 14633, 10386, 11265, 15213, 12147, 7603, 13328, 28986, 27639, 9264, 7128, 10566, 9632, 6833, 8852, 21415, 21706, 3083, 2252, 2930, 3411, 2405, 3043, 6325, 6205, 913, 1013, 1326, 1221, 984, 1372, 1836, 1524, 706, 688, 697, 726, 615, 607, 910, 890, 751, 674, 702, 738, 679, 648, 857, 949, 1512, 1897, 2239, 1503, 963, 1566, 2543, 2471, 4003, 8066, 8479, 4372, 1701, 5137, 8800, 7146, 5715, 14114, 15140, 7425, 2218, 8966, 15708, 12446, 4039, 12595, 13966, 6928, 1691, 8216, 14736, 11753, 1780, 6590, 7195, 3577, 926, 4392, 7614, 5936, 1079, 2041, 2102, 1430, 641, 1571, 2263, 1891, 952, 1128, 1127, 893, 738, 1113, 1240, 880, 930, 929, 1103, 931, 693, 904, 1117, 1284, 983, 991, 1465, 1201, 636, 832, 1311, 1397, 898, 1138, 1344, 1016, 652, 961, 1462, 1423, 686, 957, 1101, 859, 641, 879, 1120, 1005, 908, 1111, 996, 753, 689, 918, 975, 804, 859, 1168, 1044, 707, 754, 1058, 1078, 796, 944, 1382, 1129, 796, 1013, 1254, 1187, 810, 1461, 2041, 1574, 831, 1071, 1375, 1333, 790, 2131, 2807, 1953, 759, 1361, 1349, 1302, 785, 2285, 3114, 2209, 854, 1357, 1351, 1492, 769, 2484, 3338, 3003, 2009, 1567, 1463, 1935, 1598, 2794, 3213, 4108, 3492, 1829, 2259, 2935, 2485, 2417, 3061, 3836, 3269, 1710, 2780, 3042, 2361, 1613, 2496, 2440, 1627, 1110, 2132, 1929, 1347, 1203, 1831, 1923, 1243, 803, 1295, 1225, 1036, 1490, 1698, 1776, 1433, 1013, 1351, 1282, 1038, 2100, 2840, 2376, 1579, 1365, 1394, 1577, 1200, 2387, 3267, 2601, 1514, 1586, 1501, 1665, 1316, 1819, 2604, 2109, 1219, 1421, 1392, 1603, 1287, 1222, 1661, 1404, 1123, 1125, 1180, 1308, 1209, 969, 1146, 1102, 889, 863, 1043, 1200, 980, 800, 953, 985, 799, 592, 916, 1105, 788, 801, 917, 844, 708, 634, 855, 976, 846, 770, 866, 864, 723, 759, 820, 938, 803, 721, 946, 915, 665, 652, 778, 893, 778, 648, 816, 832, 705, 728, 674, 791, 718, 615, 716, 695, 623, 699, 754, 686, 544, 674, 724, 736, 749, 680, 732, 747, 643, 720, 846, 789, 717, 696, 744, 859, 787, 819, 755, 816, 831, 789, 740, 981, 945, 857, 676, 646, 857, 832, 688, 873, 922, 805, 698, 643, 784, 716, 711, 682, 698, 637, 606, 648, 683, 603, 594, 573, 614, 666, 565, 585, 660, 713, 606, 608, 750, 639, 619, 615, 656, 711, 727, 760, 784, 650, 723, 708, 661, 662, 701, 837, 791, 737, 791, 671, 634, 905, 782, 867, 872, 859, 720, 743, 604, 742, 801, 853, 946, 691, 622, 635, 664, 653, 652, 807, 813, 701, 517, 543, 785, 791, 630, 698, 842, 698, 643, 607, 797, 720, 598, 697, 730, 738, 686, 650, 647, 686, 808, 794, 720, 629, 682, 589, 545, 648, 747, 710, 638, 686, 643, 693, 618, 592, 682, 718, 724, 587, 519, 618, 598, 563, 656, 666, 715, 509, 478, 628, 609, 552, 659, 623, 597, 686, 563, 636, 705, 634, 650, 606, 654, 729, 589, 611, 651, 668, 684, 722, 803, 827, 732, 769, 722, 695, 719, 712, 847, 715, 660, 690, 730, 664, 717, 734, 771, 766, 756, 633, 556, 620, 651, 709, 730, 777, 726, 739, 681, 624, 728, 677, 733, 742, 787, 830, 750, 605, 649, 653, 715, 720, 799, 891, 817, 699, 674, 784, 757, 700, 674, 628, 661, 579, 715, 745, 666, 898, 831, 832, 778, 641, 753, 961, 978, 847, 875, 966, 937, 694, 794, 1179, 1154, 790, 948, 998, 874, 776, 950, 1323, 1197, 733, 858, 815, 775, 787, 969, 1089, 1064, 748, 993, 869, 715, 727, 979, 993, 749, 673, 879, 905, 673, 657, 847, 848, 694, 632, 684, 807, 818, 646, 583, 731, 730, 500, 587, 725, 719, 583, 550, 634, 581, 550, 702, 620, 573, 537, 600, 801, 661, 677, 725, 636, 534, 484, 578, 858, 775, 636, 604, 661, 588, 514, 572, 735, 719, 496, 527, 633, 596, 471, 623, 797, 678, 494, 562, 548, 541, 481, 681, 808, 590, 451, 466, 444, 503, 407, 659, 789, 578, 396, 569, 541, 502, 472, 702, 829, 580]"
-0.5106167197227478,0.4930822253227234,-0.32541316747665405,-0.08720552921295166,0.5855385065078735,-0.4718315601348877,0.03799368441104889,-1.267331838607788,0.9927749633789062,23.5,-1.132291555404663,0.9142398834228516,27.0,-0.651925802230835,0.7023811340332031,17.5,-0.6251752376556396,0.6927967071533203,20.75,-0.5776822566986084,0.567626953125,20.5,"[496, 598, 618, 537, 570, 541, 619, 599, 493, 623, 584, 532, 569, 597, 688, 590, 546, 602, 559, 494, 560, 589, 605, 585, 544, 459, 438, 509, 537, 521, 489, 472, 427, 461, 466, 431, 412, 498, 497, 396, 479, 503, 634, 630, 485, 447, 550, 561, 498, 595, 589, 506, 499, 576, 642, 505, 541, 630, 604, 486, 545, 662, 542, 467, 576, 616, 609, 499, 546, 604, 574, 586, 595, 559, 540, 473, 544, 512, 593, 703, 547, 585, 555, 554, 630, 495, 458, 579, 548, 668, 649, 559, 532, 551, 572, 532, 525, 535, 566, 505, 457, 477, 553, 534, 621, 565, 636, 570, 474, 535, 574, 614, 500, 553, 719, 612, 539, 641, 677, 572, 537, 532, 621, 610, 547, 653, 607, 592, 557, 604, 596, 512, 511, 608, 602, 547, 617, 574, 549, 529, 527, 616, 597, 619, 657, 713, 603, 498, 555, 599, 590, 596, 606, 633, 631, 564, 586, 540, 613, 707, 538, 610, 628, 567, 569, 602, 588, 586, 478, 531, 606, 591, 563, 577, 588, 645, 635, 572, 543, 643, 671, 588, 521, 550, 535, 534, 567, 562, 500, 544, 525, 427, 492, 582, 597, 550, 439, 552, 560, 441, 561, 651, 747, 693, 479, 608, 666, 500, 588, 623, 643, 601, 524, 624, 582, 456, 562, 545, 539, 511, 574, 607, 541, 549, 578, 515, 511, 511, 514, 491, 473, 529, 568, 612, 586, 507, 537, 509, 540, 575, 486, 573, 563, 525, 520, 471, 583, 513, 549, 543, 572, 544, 573, 537, 565, 544, 507, 518, 549, 496, 468, 501, 504, 510, 652, 611, 596, 611, 508, 493, 580, 646, 642, 1043, 1111, 1168, 542, 1293, 1983, 1539, 2014, 3009, 3884, 4299, 1841, 4060, 8356, 7298, 3718, 4308, 5997, 6515, 3206, 5575, 12479, 11473, 2273, 3825, 4599, 4095, 1885, 4131, 7882, 6564, 1628, 3646, 3288, 1621, 1052, 3129, 4054, 2453, 2699, 4803, 4591, 3028, 1808, 5067, 7858, 5907, 5339, 11557, 12902, 7910, 3364, 13027, 24366, 20542, 7159, 14338, 16990, 10854, 4491, 16953, 34132, 29827, 4754, 8078, 9341, 7419, 3260, 10731, 21628, 18883, 1567, 3255, 3612, 3558, 1420, 4350, 7836, 6314, 860, 1232, 1557, 1530, 860, 1459, 2148, 1690, 1063, 765, 1248, 1005, 845, 839, 1445, 1675, 1089, 942, 1234, 915, 727, 920, 1813, 1955, 889, 757, 861, 816, 759, 807, 1204, 1339, 1389, 1751, 1751, 1207, 850, 1365, 2042, 2011, 3566, 8031, 9040, 5021, 1658, 5273, 9301, 7850, 5312, 14359, 17132, 9402, 2402, 9335, 17644, 15019, 4193, 12523, 15698, 8785, 2117, 8002, 16088, 14098, 1895, 7825, 9785, 5476, 1214, 5237, 10218, 8793, 1086, 4011, 4516, 2407, 851, 2886, 4833, 3847, 963, 2069, 2090, 1182, 823, 1395, 2155, 1710, 1026, 1869, 1824, 967, 891, 1194, 1650, 1319, 1045, 2031, 2059, 1203, 774, 1291, 1772, 1399, 1008, 1994, 2045, 1277, 638, 1337, 1846, 1374, 1246, 1794, 1562, 897, 723, 1085, 1418, 1069, 2075, 2860, 2130, 826, 1304, 1439, 1682, 844, 2526, 3583, 2560, 1016, 1662, 1798, 1992, 916, 2496, 3577, 2625, 1064, 1747, 2111, 2011, 1041, 3028, 4326, 3261, 1253, 2452, 2930, 2216, 1007, 2753, 3487, 2628, 1382, 2174, 2564, 1817, 1111, 1727, 2415, 2079, 1483, 1513, 1509, 1536, 1454, 4617, 5805, 6821, 5717, 3995, 2485, 3686, 4521, 6976, 8150, 9965, 8663, 5796, 2953, 4721, 6414, 5190, 5950, 6394, 5363, 3774, 2136, 2799, 3988, 3905, 5684, 5031, 2892, 1831, 2680, 2745, 2030, 4256, 6992, 6338, 3017, 2017, 3766, 4103, 2367, 3128, 4986, 4548, 2164, 1648, 3278, 3338, 1883, 1385, 1884, 1693, 1031, 859, 1352, 1425, 969, 1885, 2106, 1748, 1198, 1112, 1318, 1458, 1423, 2971, 3248, 2987, 2143, 1801, 2483, 2409, 2408, 2349, 3675, 3622, 2126, 1837, 2396, 2537, 2364, 1928, 3147, 3061, 1512, 1396, 1736, 2152, 1714, 1334, 2187, 1963, 992, 1063, 1253, 1727, 1257, 883, 1311, 1323, 851, 909, 985, 1347, 1205, 872, 1501, 1464, 815, 1014, 1056, 1192, 1088, 879, 1610, 1425, 705, 883, 951, 1117, 850, 909, 1342, 1153, 847, 845, 853, 1237, 1030, 833, 1065, 1092, 1022, 835, 799, 1245, 1050, 704, 962, 962, 834, 662, 689, 1044, 912, 725, 865, 800, 812, 769, 815, 799, 647, 718, 835, 797, 602, 814, 924, 725, 540, 682, 843, 740, 580, 565, 646, 776, 623, 623, 745, 767, 681, 697, 698, 556, 539, 722, 592, 664, 780, 767, 635, 468, 729, 771, 648, 628, 651, 716, 661, 660, 767, 716, 650, 734, 730, 633, 685, 737, 768, 581, 601, 762, 687, 505, 637, 678, 714, 649, 681, 762, 692, 685, 645, 709, 671, 699, 669, 580, 619, 641, 525, 594, 644, 711, 695, 552, 683, 776, 660, 609, 660, 558, 654, 681, 637, 667, 763, 771, 709, 653, 679, 621, 581, 612, 761, 777, 702, 572, 599, 704, 731, 704, 658, 673, 697, 623, 699, 633, 616, 770, 770, 725, 628, 641, 601, 474, 568, 613, 689, 716, 640, 703, 674, 627, 673, 778, 719, 777, 793, 668, 489, 595, 605, 603, 615, 645, 740, 629, 542, 613, 581, 523, 647, 687, 689, 640, 699, 817, 736, 560, 713, 886, 847, 755, 777, 970, 879, 690, 677, 1236, 1260, 881, 746, 904, 1010, 810, 675, 1463, 1514, 799, 878, 1048, 937, 737, 754, 1324, 1302, 737, 800, 869, 757, 637, 690, 928, 945, 892, 918, 1225, 1087, 819, 846, 1015, 1160, 1075, 1119, 1519, 1235, 886, 981, 1346, 1514, 927, 1039, 1503, 1156, 774, 862, 1530, 1589, 755, 1083, 1367, 1087, 644, 978, 1409, 1229, 626, 831, 1006, 790, 585, 786, 1126, 1023, 571, 604, 733, 736, 564, 500, 820, 847, 744, 877, 967, 743, 565, 791, 935, 875, 703, 781, 1029, 841, 611, 796, 1012, 1053, 642, 705, 863, 704, 660, 645, 805, 923, 577, 835, 881, 640, 660, 693, 826, 856, 666, 933, 936, 686, 615, 790, 783, 679, 713, 817, 782, 610, 588, 696, 651, 679, 629, 636, 575, 522, 546, 527, 603, 604, 525, 536, 565, 588, 482, 579, 628, 517, 484, 510, 545, 585, 550, 586, 565, 486, 579, 605, 576, 524, 508, 588, 512, 494, 529, 582, 567, 545, 501, 533, 515, 586, 435, 639, 610, 435, 464, 437, 493, 472, 529, 693, 608, 460, 636, 631, 681, 561, 548, 636, 604, 559, 527, 655, 733, 535, 447, 571, 617, 522, 386, 531, 610, 493]"
-0.5492836236953735,0.53494793176651,-0.3614759147167206,-0.1168089359998703,0.6165226101875305,-0.5055870413780212,0.030872933566570282,-1.0266835689544678,0.7650375366210938,21.25,-0.9349877834320068,0.6245613098144531,31.5,-0.9279782772064209,0.5912303924560547,-29.25,-0.9268338680267334,0.6517410278320312,18.75,-0.5699212551116943,0.4351615905761719,16.5,"[577, 634, 621, 652, 686, 653, 622, 629, 541, 451, 585, 661, 644, 554, 610, 645, 575, 510, 534, 608, 596, 569, 520, 534, 582, 447, 448, 507, 456, 468, 450, 543, 503, 484, 535, 561, 469, 502, 557, 554, 453, 565, 600, 510, 550, 587, 528, 498, 524, 527, 572, 510, 498, 467, 535, 590, 499, 497, 516, 553, 557, 534, 570, 507, 483, 479, 528, 539, 532, 583, 520, 446, 530, 557, 679, 683, 594, 547, 534, 544, 624, 638, 663, 648, 574, 512, 491, 578, 593, 612, 519, 545, 639, 554, 472, 507, 526, 515, 437, 525, 551, 515, 496, 455, 458, 492, 544, 603, 589, 500, 573, 591, 463, 568, 521, 460, 526, 584, 628, 573, 484, 575, 589, 449, 421, 577, 655, 528, 477, 476, 581, 542, 405, 505, 565, 530, 530, 533, 598, 628, 573, 544, 548, 541, 615, 545, 616, 595, 523, 570, 595, 635, 545, 502, 629, 606, 524, 546, 583, 560, 433, 486, 547, 568, 488, 507, 568, 531, 559, 582, 620, 691, 531, 547, 601, 506, 511, 489, 510, 555, 493, 494, 578, 589, 589, 620, 570, 500, 441, 520, 561, 585, 652, 586, 545, 510, 468, 470, 546, 616, 585, 647, 577, 500, 481, 558, 605, 576, 571, 618, 588, 496, 564, 619, 509, 507, 537, 571, 604, 565, 518, 519, 611, 563, 471, 433, 515, 486, 483, 510, 545, 578, 535, 542, 590, 559, 610, 604, 614, 639, 1385, 2473, 2634, 2125, 1155, 3008, 5069, 4146, 6426, 8894, 11686, 8016, 4322, 9950, 21062, 19490, 11009, 12291, 18242, 11615, 7088, 13053, 31279, 30762, 7587, 7762, 12299, 7790, 4788, 7924, 20380, 20580, 1906, 3080, 4215, 3041, 1441, 3156, 6643, 6110, 1974, 2455, 2180, 1454, 1119, 2768, 4384, 3437, 6113, 12053, 11143, 6078, 3458, 13814, 22308, 17247, 9574, 21233, 21195, 12193, 5896, 23889, 39724, 31179, 8694, 19112, 21090, 12334, 5991, 20170, 36274, 29978, 5800, 10039, 12396, 7849, 3998, 10686, 21278, 18954, 2086, 3369, 4285, 3040, 1566, 3737, 7602, 6874, 1093, 1464, 1556, 1208, 792, 1577, 2577, 2355, 912, 1048, 1138, 812, 681, 949, 1266, 1243, 621, 866, 993, 741, 651, 741, 955, 846, 559, 746, 767, 614, 577, 670, 800, 689, 586, 671, 756, 703, 727, 671, 740, 666, 910, 932, 1077, 957, 856, 861, 1031, 1136, 2180, 3635, 5133, 3234, 1199, 2471, 5212, 5283, 3834, 8878, 11377, 6654, 1908, 5413, 11402, 10871, 4200, 10767, 13305, 7585, 2082, 6241, 12680, 11626, 3794, 10062, 11451, 5991, 1786, 5689, 10734, 9061, 2881, 7341, 7554, 3487, 1387, 4206, 6918, 5191, 1727, 4162, 4241, 2148, 1033, 2521, 3788, 2737, 1255, 2124, 2256, 1342, 802, 1754, 2254, 1815, 1423, 2149, 1808, 866, 972, 1611, 1930, 1334, 1090, 1354, 1071, 648, 848, 1097, 1086, 841, 827, 964, 924, 720, 767, 829, 778, 730, 916, 1172, 1097, 789, 842, 981, 892, 735, 912, 1210, 1240, 826, 759, 935, 1118, 1001, 673, 1026, 1204, 894, 577, 897, 1048, 881, 1178, 1588, 1984, 1208, 1005, 1949, 1537, 971, 1657, 2192, 2374, 1366, 1697, 2415, 1710, 1248, 1346, 1580, 1701, 1426, 1531, 1517, 1182, 1216, 1575, 1904, 1943, 1740, 1335, 1334, 1404, 1285, 2352, 2825, 2668, 2067, 1704, 1892, 1745, 1615, 2604, 2775, 2660, 2331, 2012, 1948, 1526, 1891, 1775, 1947, 1809, 1623, 1378, 1459, 1210, 1509, 1367, 1566, 1324, 1083, 893, 1240, 1356, 1166, 1502, 1820, 1249, 962, 1012, 1394, 1397, 1039, 1299, 1599, 1158, 695, 944, 1217, 1172, 781, 1173, 1335, 1082, 749, 779, 1059, 1143, 952, 1208, 1418, 1198, 839, 839, 1149, 1178, 1006, 1260, 1542, 1282, 861, 947, 1269, 1239, 987, 927, 1213, 1112, 700, 826, 1076, 1036, 866, 852, 1102, 958, 749, 783, 880, 1002, 828, 637, 1035, 1003, 760, 723, 658, 914, 761, 719, 910, 866, 638, 667, 662, 703, 733, 732, 832, 863, 799, 798, 783, 834, 747, 803, 761, 791, 799, 767, 692, 891, 885, 768, 750, 759, 819, 818, 850, 915, 857, 796, 722, 708, 745, 781, 735, 862, 798, 829, 719, 707, 843, 853, 679, 648, 765, 728, 814, 812, 776, 677, 653, 773, 771, 687, 708, 715, 753, 617, 628, 751, 778, 577, 690, 807, 751, 600, 632, 724, 656, 671, 804, 715, 622, 668, 696, 612, 612, 871, 1010, 1076, 966, 997, 861, 808, 882, 1433, 1097, 1375, 1629, 1380, 1039, 1573, 1827, 1838, 1035, 1396, 1912, 1669, 947, 1922, 2383, 1113, 781, 935, 1167, 1068, 777, 1188, 1389, 735, 665, 626, 714, 673, 630, 728, 736, 678, 589, 643, 699, 709, 639, 655, 763, 715, 656, 854, 781, 681, 745, 805, 837, 1094, 807, 947, 1021, 826, 798, 910, 1120, 1274, 762, 897, 1240, 1102, 758, 996, 1385, 906, 602, 852, 1064, 883, 629, 928, 1104, 714, 636, 741, 760, 632, 660, 825, 851, 859, 673, 720, 862, 910, 702, 715, 828, 806, 649, 762, 853, 833, 716, 643, 719, 757, 621, 768, 804, 717, 627, 676, 760, 699, 606, 741, 697, 603, 605, 679, 778, 751, 744, 740, 729, 765, 773, 781, 687, 779, 863, 827, 928, 748, 1022, 1412, 1185, 1100, 914, 1387, 1568, 1026, 1185, 2456, 2421, 1136, 878, 1499, 1557, 929, 1024, 2180, 2272, 1109, 1137, 1601, 1394, 975, 942, 1674, 1855, 1230, 1377, 1634, 1424, 1147, 1211, 1531, 1766, 939, 977, 1269, 1119, 955, 1069, 1530, 1499, 731, 637, 1023, 1193, 893, 729, 1470, 1430, 1157, 874, 984, 1141, 1164, 786, 1240, 1485, 1640, 1406, 1301, 1256, 1393, 1287, 1455, 1891, 1047, 1623, 1749, 1229, 856, 1296, 1676, 1550, 676, 1216, 1318, 906, 661, 943, 1358, 1153, 795, 996, 1121, 864, 580, 845, 1250, 1072, 805, 871, 969, 933, 753, 844, 1098, 1046, 793, 778, 964, 933, 739, 726, 971, 1070, 757, 704, 869, 834, 618, 584, 834, 909, 682, 617, 637, 727, 593, 636, 708, 649, 584, 570, 674, 737, 624, 555, 646, 616, 537, 655, 758, 688, 562, 519, 670, 679, 547, 750, 711, 613, 495, 593, 753, 700, 503, 665, 622, 553, 521, 646, 841, 701, 505, 531, 556, 577, 551, 605, 616, 576, 556, 536, 485, 476, 520, 559, 493, 511, 472, 528, 532, 479, 469, 515, 491, 472, 482, 558, 583, 510, 464, 544, 506, 438, 477, 425, 400, 511, 583, 457, 497, 497, 506, 486, 498, 490, 534, 484, 446, 513]"
-0.5981590747833252,0.5287904739379883,-0.42379671335220337,-0.1739538609981537,0.5656832456588745,-0.5136892795562744,-0.013086289167404175,-0.8056378364562988,0.38738250732421875,17.25,-0.7704472541809082,0.32672882080078125,23.0,-0.5012249946594238,0.16007423400878906,21.75,-0.49707651138305664,0.2009868621826172,21.5,-0.05991220474243164,0.0,19.5,"[577, 596, 631, 532, 465, 532, 630, 597, 512, 521, 602, 676, 631, 611, 618, 600, 501, 484, 605, 615, 571, 493, 553, 507, 393, 489, 645, 597, 538, 500, 618, 551, 461, 538, 591, 557, 488, 467, 587, 536, 513, 447, 590, 603, 395, 408, 530, 546, 565, 507, 603, 564, 489, 508, 492, 615, 583, 492, 523, 575, 527, 473, 533, 583, 534, 440, 478, 579, 522, 429, 584, 615, 543, 546, 531, 537, 527, 526, 622, 565, 560, 586, 572, 528, 529, 547, 491, 519, 619, 560, 546, 499, 509, 584, 548, 592, 632, 508, 515, 429, 449, 465, 494, 620, 616, 490, 562, 649, 567, 492, 550, 697, 600, 556, 509, 532, 581, 555, 552, 607, 515, 509, 471, 526, 552, 579, 613, 527, 528, 498, 538, 529, 494, 564, 698, 618, 581, 626, 617, 549, 584, 594, 634, 601, 644, 710, 563, 477, 574, 671, 542, 482, 555, 669, 519, 433, 534, 598, 511, 466, 541, 538, 467, 542, 552, 483, 537, 535, 605, 591, 567, 579, 587, 601, 524, 493, 603, 588, 552, 530, 514, 538, 516, 560, 556, 523, 520, 516, 517, 524, 567, 552, 436, 455, 518, 483, 470, 514, 501, 439, 576, 550, 574, 509, 524, 627, 633, 570, 654, 728, 772, 658, 649, 749, 972, 954, 1392, 2447, 2766, 1512, 1036, 2198, 4163, 3691, 2182, 4230, 5219, 2844, 1413, 4055, 8014, 7194, 2251, 3542, 4520, 2789, 1470, 3598, 7229, 6667, 3680, 4298, 3982, 2583, 1906, 3548, 5899, 5252, 4539, 5410, 4079, 2053, 2245, 3191, 4658, 3519, 3347, 4076, 2815, 1389, 1673, 2258, 3246, 2667, 3798, 5369, 6056, 2888, 2085, 5581, 10412, 9366, 5917, 19286, 20095, 7612, 2627, 18989, 34517, 28143, 3435, 24067, 24655, 9282, 1677, 23357, 41884, 33094, 1672, 13366, 13400, 5358, 1232, 12654, 22310, 17215, 1566, 3572, 3426, 1909, 1051, 3480, 5662, 4295, 948, 882, 1110, 942, 764, 790, 884, 1102, 670, 782, 1010, 771, 611, 761, 965, 960, 595, 627, 635, 588, 591, 566, 681, 642, 851, 990, 1224, 980, 758, 734, 1218, 1342, 930, 1821, 2337, 1601, 854, 1147, 2337, 2279, 670, 1698, 1893, 1177, 771, 1120, 2015, 1734, 1194, 1964, 1747, 929, 975, 1114, 1482, 1195, 5699, 10051, 8615, 3145, 3236, 4152, 6344, 3883, 11653, 23027, 21060, 8101, 5992, 10578, 17410, 11304, 11609, 26866, 25777, 10622, 5408, 14217, 23723, 16759, 7590, 18250, 18838, 8956, 3157, 11150, 19863, 16000, 5412, 14831, 15506, 7343, 2207, 9048, 16406, 13174, 3716, 9228, 9001, 3956, 1522, 5671, 9542, 7102, 1698, 3287, 3167, 1495, 1064, 2063, 3194, 2406, 924, 1364, 1279, 774, 913, 1058, 1032, 919, 721, 826, 858, 666, 702, 796, 736, 816, 799, 1009, 996, 686, 602, 781, 966, 884, 889, 1313, 1460, 1027, 691, 1075, 1533, 1320, 1035, 1811, 1898, 1224, 738, 1357, 2124, 1761, 1649, 1938, 1647, 1212, 1197, 1599, 1722, 1257, 3133, 2848, 1893, 1860, 1852, 1947, 1391, 1917, 3531, 4026, 2811, 1846, 2090, 2166, 1508, 1704, 3887, 5224, 3817, 2123, 2703, 2610, 2084, 1501, 3877, 5083, 4030, 2515, 2875, 2627, 2515, 1922, 3157, 3971, 3346, 2443, 2267, 2156, 2157, 1776, 2966, 4124, 3799, 2412, 1823, 2627, 2750, 2007, 2758, 4018, 3807, 2071, 1606, 2842, 2944, 2052, 1854, 2500, 2752, 1854, 1132, 2135, 2247, 1908, 1320, 1310, 1607, 1307, 908, 1418, 1347, 1400, 942, 781, 876, 842, 734, 879, 975, 1052, 727, 947, 1000, 695, 628, 794, 923, 887, 784, 1155, 1120, 836, 750, 988, 1090, 867, 784, 1077, 1084, 841, 730, 936, 1184, 1025, 913, 1142, 1059, 784, 818, 945, 1022, 902, 964, 1061, 873, 672, 693, 909, 839, 765, 725, 910, 860, 689, 683, 669, 756, 787, 749, 877, 955, 871, 768, 666, 682, 769, 1070, 950, 1006, 1047, 927, 874, 886, 1059, 1144, 860, 979, 1105, 1030, 934, 996, 1194, 1040, 870, 934, 1108, 1014, 889, 1062, 1188, 881, 702, 807, 870, 805, 757, 899, 1000, 785, 825, 882, 775, 754, 625, 728, 906, 796, 940, 825, 645, 654, 517, 598, 787, 851, 867, 770, 683, 801, 677, 697, 816, 652, 734, 804, 703, 664, 720, 915, 887, 760, 852, 924, 856, 770, 834, 927, 928, 909, 935, 904, 856, 818, 842, 873, 944, 787, 828, 775, 752, 687, 725, 926, 922, 804, 774, 779, 708, 684, 658, 783, 892, 858, 716, 894, 986, 808, 681, 840, 967, 1040, 728, 1276, 1417, 970, 752, 1245, 1421, 1464, 851, 1440, 1692, 1223, 805, 1357, 1731, 1392, 956, 1420, 1543, 1007, 853, 1328, 1601, 904, 821, 1133, 1131, 769, 722, 979, 1101, 717, 783, 851, 819, 640, 757, 981, 927, 1130, 993, 979, 1196, 946, 1062, 1298, 1143, 1171, 1009, 939, 1180, 1016, 1032, 1277, 1130, 738, 846, 774, 926, 746, 689, 874, 766, 829, 772, 642, 791, 723, 576, 652, 756, 712, 698, 738, 752, 632, 566, 736, 791, 879, 703, 805, 891, 828, 728, 879, 1073, 887, 685, 642, 788, 762, 671, 749, 887, 687, 763, 704, 694, 657, 729, 713, 656, 790, 698, 827, 946, 752, 653, 724, 788, 732, 542, 870, 1045, 747, 470, 859, 934, 785, 787, 1091, 1065, 760, 676, 1046, 1018, 1190, 861, 1012, 1029, 938, 722, 1000, 1241, 1294, 1032, 755, 828, 989, 1000, 932, 1132, 897, 1215, 1208, 1012, 810, 1204, 1794, 1560, 991, 1082, 1182, 1158, 864, 1123, 1721, 1688, 1188, 1216, 1075, 822, 668, 985, 1338, 1231, 1365, 1471, 1285, 970, 1011, 1010, 1325, 1330, 1072, 1148, 1092, 937, 952, 950, 1130, 991, 1067, 979, 919, 820, 829, 861, 1181, 1216, 1225, 808, 902, 927, 945, 780, 1347, 1698, 1105, 768, 744, 874, 863, 708, 1217, 1393, 770, 703, 694, 688, 743, 665, 926, 1000, 681, 826, 822, 714, 612, 690, 782, 734, 791, 773, 847, 873, 820, 774, 796, 773, 848, 847, 889, 832, 701, 840, 804, 735, 787, 774, 734, 784, 737, 733, 764, 725, 598, 642, 638, 642, 604, 739, 758, 640, 557, 701, 605, 531, 516, 691, 718, 537, 595, 662, 660, 606, 547, 596, 660, 566, 612, 640, 579, 573, 591, 555, 513, 495, 543, 588, 573, 587, 579, 604, 602, 556, 508, 485, 477, 487, 500, 546, 519, 472, 444, 430, 556, 531, 410, 475, 558, 488, 413, 439, 642, 639, 444, 474, 585, 525, 522, 518, 601, 647, 462, 451, 541, 478]"
-0.6476203799247742,0.4874390959739685,-0.4910251498222351,-0.25388243794441223,0.48604103922843933,-0.5258420705795288,-0.08821318298578262,-1.0359501838684082,0.9987831115722656,22.25,-0.738976001739502,0.20928382873535156,26.5,-0.6973481178283691,0.15091896057128906,31.0,-0.695345401763916,0.24361610412597656,28.25,-0.01985788345336914,-0.16164779663085938,24.75,"[570, 630, 675, 655, 618, 656, 676, 632, 515, 672, 701, 566, 545, 685, 700, 573, 531, 553, 638, 550, 554, 590, 644, 620, 626, 588, 542, 528, 580, 540, 559, 590, 567, 491, 551, 535, 485, 462, 489, 588, 612, 490, 597, 576, 491, 468, 521, 604, 503, 609, 585, 538, 565, 503, 514, 512, 588, 513, 503, 509, 538, 531, 612, 623, 478, 464, 509, 569, 466, 473, 571, 578, 523, 530, 610, 575, 495, 498, 533, 541, 575, 464, 585, 633, 517, 525, 587, 629, 645, 470, 579, 606, 508, 496, 549, 698, 635, 503, 556, 611, 507, 487, 517, 664, 531, 564, 599, 533, 489, 521, 560, 539, 579, 568, 504, 590, 643, 531, 452, 574, 584, 489, 557, 648, 642, 547, 517, 587, 551, 555, 560, 639, 584, 565, 519, 479, 593, 653, 532, 602, 666, 577, 543, 509, 540, 522, 629, 647, 515, 484, 540, 575, 539, 546, 587, 577, 453, 461, 583, 612, 576, 498, 562, 594, 497, 456, 520, 568, 561, 512, 508, 604, 599, 523, 636, 636, 473, 505, 487, 644, 551, 519, 698, 583, 540, 514, 625, 647, 542, 556, 692, 638, 1284, 1508, 2452, 1901, 929, 1255, 2678, 2867, 2920, 7561, 10355, 6293, 1614, 5137, 11126, 10545, 3563, 13709, 17027, 9425, 1848, 9451, 19004, 16693, 2264, 10806, 11997, 5778, 1297, 7997, 14521, 11683, 1276, 4047, 3622, 1277, 805, 3233, 4962, 3286, 793, 1137, 1143, 828, 574, 830, 1212, 1134, 1224, 1955, 1776, 898, 939, 1198, 1517, 1161, 2368, 3797, 3052, 911, 1697, 2359, 2246, 1147, 3894, 6822, 5952, 1748, 2422, 4222, 5361, 3270, 4118, 9232, 9309, 3464, 2495, 5856, 9757, 7929, 2917, 9228, 9836, 4148, 1584, 7250, 13038, 10842, 2330, 6973, 6919, 2842, 1240, 5491, 8953, 6727, 1771, 3658, 3126, 1279, 1005, 2468, 3360, 2037, 996, 1975, 1954, 1151, 741, 1113, 1711, 1324, 790, 1171, 1216, 955, 652, 976, 1278, 1036, 689, 892, 815, 669, 603, 745, 961, 876, 604, 637, 558, 520, 516, 636, 741, 648, 1551, 2188, 1660, 741, 898, 957, 1195, 806, 8913, 15309, 12139, 3817, 4316, 6018, 8586, 4262, 19100, 33487, 26681, 8359, 8806, 13558, 19743, 10076, 16652, 27394, 20700, 5587, 7370, 10755, 14572, 6226, 6591, 4541, 6091, 4502, 3118, 5476, 9743, 10565, 10895, 22872, 23200, 11024, 3826, 16881, 28169, 22414, 12226, 25887, 24209, 10292, 3564, 16908, 27363, 20181, 6342, 13679, 12491, 4989, 1785, 8438, 13677, 9777, 1581, 3081, 2909, 1334, 816, 1887, 3087, 2432, 679, 1116, 1083, 635, 599, 945, 1071, 815, 874, 1186, 1120, 730, 785, 876, 1002, 898, 1568, 1976, 1537, 979, 1307, 1187, 1156, 1128, 2398, 2646, 1818, 1717, 2117, 1717, 1363, 1632, 2959, 2661, 2173, 2152, 2263, 2249, 1872, 2313, 3428, 2384, 2113, 2282, 1940, 2489, 1997, 2723, 2397, 1910, 1723, 1656, 1570, 1776, 1488, 1966, 1739, 2419, 1993, 1025, 1538, 1607, 1350, 1213, 2219, 2597, 2153, 1398, 1624, 1786, 1600, 1444, 1767, 2188, 2626, 1901, 1417, 1987, 1687, 1602, 1249, 1724, 1945, 1314, 1121, 1344, 1023, 988, 1233, 1237, 952, 736, 920, 969, 954, 877, 1162, 1575, 1462, 897, 859, 1082, 1228, 1099, 1376, 2081, 1758, 864, 858, 1142, 1461, 1159, 1271, 1636, 1717, 1188, 1005, 1341, 1316, 1152, 1988, 2338, 2419, 1717, 1412, 1990, 1551, 1363, 1642, 2112, 2253, 1488, 1412, 1945, 1462, 1153, 1259, 1555, 1385, 1073, 1056, 1486, 1273, 851, 914, 1015, 908, 795, 850, 903, 754, 678, 761, 865, 847, 722, 713, 733, 759, 658, 791, 910, 806, 760, 772, 772, 799, 699, 642, 723, 740, 694, 584, 597, 730, 707, 553, 656, 739, 576, 462, 542, 578, 607, 645, 712, 735, 629, 655, 662, 581, 573, 864, 817, 762, 724, 742, 639, 757, 869, 793, 760, 858, 722, 738, 710, 814, 913, 774, 799, 717, 696, 676, 715, 728, 733, 802, 777, 810, 817, 787, 694, 840, 910, 855, 693, 714, 896, 851, 662, 860, 957, 766, 737, 756, 776, 788, 771, 861, 861, 792, 816, 678, 575, 655, 795, 877, 858, 908, 911, 680, 622, 792, 918, 922, 837, 876, 957, 832, 753, 802, 810, 814, 814, 780, 824, 703, 839, 891, 844, 740, 686, 757, 727, 688, 771, 770, 697, 748, 766, 680, 702, 646, 723, 790, 623, 685, 705, 698, 872, 768, 679, 759, 813, 944, 825, 765, 915, 859, 667, 713, 791, 889, 933, 639, 732, 765, 649, 591, 636, 726, 740, 793, 772, 798, 751, 656, 648, 773, 826, 1145, 897, 918, 1161, 897, 828, 1102, 1116, 1365, 1032, 1019, 1268, 998, 1050, 1255, 1326, 906, 853, 948, 935, 696, 863, 1089, 961, 790, 723, 996, 1024, 748, 911, 1126, 892, 1072, 680, 813, 1099, 951, 863, 1059, 1024, 1012, 736, 763, 908, 832, 813, 895, 1021, 1028, 877, 822, 831, 784, 705, 949, 1140, 999, 860, 769, 790, 690, 707, 862, 1022, 1043, 987, 903, 911, 737, 640, 826, 1021, 1011, 930, 801, 805, 773, 785, 874, 998, 782, 718, 666, 651, 564, 649, 764, 848, 676, 726, 669, 660, 711, 614, 547, 633, 631, 679, 673, 602, 617, 548, 581, 684, 668, 812, 849, 754, 711, 748, 893, 858, 817, 1080, 1507, 1455, 962, 859, 1311, 1235, 854, 1105, 1690, 1517, 939, 906, 1494, 1493, 908, 1018, 1040, 859, 858, 857, 976, 996, 1018, 1418, 1514, 948, 817, 1057, 1313, 1073, 1167, 1361, 1422, 1014, 1014, 1121, 1102, 1046, 1602, 1290, 1178, 1342, 1171, 1152, 981, 1301, 2308, 1331, 1469, 1937, 1569, 1074, 1571, 2550, 2323, 1248, 1477, 1670, 1420, 1076, 1819, 2737, 1203, 921, 1058, 947, 863, 1043, 1380, 1410, 996, 688, 1246, 1480, 847, 965, 1470, 1314, 1251, 606, 1165, 1399, 949, 796, 1077, 1402, 1310, 724, 1005, 1157, 1255, 944, 915, 1467, 975, 700, 766, 1069, 1071, 638, 851, 1158, 759, 870, 950, 858, 665, 773, 1058, 960, 624, 763, 847, 749, 577, 720, 1041, 915, 582, 620, 638, 689, 617, 688, 853, 724, 676, 647, 650, 686, 622, 681, 766, 775, 607, 745, 782, 763, 624, 568, 826, 792, 524, 672, 699, 627, 532, 531, 739, 736, 544, 628, 667, 582, 524, 529, 654, 657, 542, 581, 601, 550, 451, 505, 595, 590, 540, 559, 550, 568, 498, 488, 576, 533, 580, 612, 558, 582, 577, 552, 518, 482, 558, 585, 576, 565, 468, 458, 546, 567]"
-0.6742227673530579,0.3670561909675598,-0.8206915855407715,-0.36927756667137146,0.22020533680915833,-0.7300126552581787,-0.23873478174209595,-0.8096781969070435,-0.5342960357666016,20.5,0.5364331007003784,0.8939266204833984,16.5,0.7541569471359253,0.25806427001953125,16.75,1.0419758558273315,1.7114639282226562,16.75,1.3785752058029175,1.0946273803710938,16.5,"[612, 641, 594, 583, 678, 582, 593, 639, 643, 691, 708, 667, 698, 649, 668, 657, 540, 650, 624, 554, 587, 594, 547, 504, 562, 608, 614, 564, 555, 531, 529, 529, 446, 572, 588, 540, 457, 497, 531, 465, 517, 643, 655, 495, 472, 608, 640, 509, 519, 548, 563, 514, 503, 561, 496, 498, 562, 546, 521, 537, 501, 500, 566, 555, 570, 577, 543, 529, 463, 455, 578, 603, 542, 572, 545, 534, 517, 518, 539, 540, 570, 596, 540, 470, 549, 517, 502, 557, 492, 518, 498, 444, 437, 459, 486, 465, 507, 596, 499, 407, 505, 525, 477, 455, 543, 580, 529, 494, 568, 557, 570, 502, 598, 500, 535, 605, 569, 545, 593, 649, 514, 591, 591, 565, 513, 599, 660, 508, 537, 547, 563, 528, 561, 548, 571, 544, 476, 563, 600, 525, 535, 473, 583, 550, 435, 531, 529, 511, 472, 499, 590, 516, 537, 554, 613, 592, 465, 497, 576, 605, 597, 522, 522, 578, 528, 461, 606, 660, 657, 537, 484, 522, 571, 505, 445, 600, 647, 686, 540, 501, 522, 563, 623, 578, 2909, 5911, 5537, 2510, 1206, 3167, 4990, 3567, 10845, 24501, 22527, 8842, 3873, 12748, 19970, 12977, 15845, 37498, 33937, 12219, 6003, 19100, 30038, 18606, 10506, 25290, 22678, 7714, 4174, 12450, 19799, 11965, 3475, 8193, 7299, 2444, 1564, 4038, 6331, 3822, 1001, 1707, 1373, 604, 647, 1122, 1397, 863, 509, 586, 623, 624, 544, 543, 707, 604, 704, 667, 841, 772, 715, 633, 882, 963, 1041, 1081, 1329, 879, 701, 1147, 1966, 2015, 1457, 1596, 1684, 942, 799, 1594, 2621, 2401, 1513, 2797, 2696, 1345, 920, 2058, 2720, 1929, 1733, 3374, 2953, 1159, 1138, 1881, 2394, 1435, 2556, 4458, 3612, 1272, 1525, 2088, 2546, 1465, 2664, 4477, 3862, 1636, 1494, 2375, 3055, 2081, 2047, 3837, 3622, 1639, 1291, 2319, 3111, 2215, 1355, 2203, 2086, 1131, 979, 1544, 1891, 1388, 976, 1257, 1108, 821, 680, 882, 1005, 896, 1649, 2395, 1731, 634, 940, 774, 951, 602, 3512, 5354, 4076, 1130, 1665, 1237, 1959, 1130, 3464, 6896, 6158, 2048, 2138, 2661, 3272, 2062, 2266, 5103, 5118, 2101, 2067, 3162, 3288, 2196, 3746, 5667, 4436, 1683, 1544, 3224, 4175, 2696, 4734, 7987, 6422, 2247, 1773, 4382, 5921, 3529, 3064, 5235, 4195, 1429, 1219, 2921, 3911, 2312, 1213, 1635, 1311, 710, 705, 1209, 1500, 1090, 922, 1136, 921, 641, 629, 705, 796, 724, 809, 1077, 912, 591, 690, 655, 736, 726, 919, 1266, 997, 608, 785, 879, 974, 737, 1177, 1497, 1086, 759, 914, 870, 930, 784, 1786, 2035, 1400, 1015, 1228, 1212, 906, 988, 1823, 1876, 1480, 1082, 1287, 1738, 1199, 943, 1990, 2602, 2444, 1549, 2160, 3237, 2471, 1367, 3744, 5288, 4683, 2416, 4018, 5451, 3632, 2215, 4231, 5126, 5106, 2928, 3819, 5415, 3408, 2608, 3333, 3786, 4151, 2461, 2559, 3995, 2464, 2117, 2464, 2895, 2574, 1412, 1697, 2201, 1525, 1216, 1610, 2086, 1652, 881, 1156, 1310, 909, 722, 949, 1155, 1033, 707, 800, 873, 721, 698, 830, 1044, 964, 659, 777, 738, 615, 687, 891, 1129, 924, 683, 910, 823, 594, 696, 837, 1111, 1006, 704, 821, 809, 773, 696, 842, 1197, 1097, 764, 848, 988, 912, 707, 836, 983, 956, 788, 777, 844, 764, 762, 779, 846, 843, 768, 725, 706, 705, 654, 603, 863, 784, 729, 752, 668, 740, 643, 610, 879, 848, 663, 731, 663, 755, 700, 556, 754, 786, 641, 612, 555, 616, 625, 636, 712, 708, 572, 629, 746, 716, 567, 616, 627, 547, 543, 597, 712, 700, 587, 695, 657, 665, 713, 729, 703, 600, 596, 707, 772, 801, 728, 650, 636, 619, 647, 649, 711, 751, 576, 577, 633, 645, 683, 641, 719, 709, 691, 640, 637, 689, 669, 672, 803, 810, 747, 750, 796, 717, 702, 712, 868, 841, 816, 765, 798, 760, 670, 1475, 1653, 1444, 1398, 1346, 1503, 1329, 1218, 2395, 2435, 2088, 1863, 1838, 2299, 1829, 1886, 1916, 1938, 1589, 1219, 1519, 1712, 1207, 1524, 1103, 1409, 1077, 789, 964, 1127, 1176, 934, 1043, 1192, 1112, 820, 798, 1067, 1029, 924, 1151, 1041, 962, 793, 860, 1062, 1066, 1018, 867, 999, 932, 811, 733, 846, 886, 817, 1371, 1276, 1047, 763, 906, 1106, 1168, 1304, 884, 1026, 1030, 751, 776, 881, 1225, 1196, 758, 966, 1144, 857, 643, 867, 1301, 1271, 717, 822, 922, 673, 605, 808, 1237, 1152, 694, 756, 906, 806, 644, 831, 1254, 1137, 1299, 1330, 1642, 1152, 988, 1146, 2117, 2161, 2194, 1857, 2109, 1626, 1451, 1481, 3106, 3524, 2157, 1802, 1835, 1720, 1441, 1350, 2609, 3187, 1157, 1212, 1235, 1004, 890, 1041, 1599, 1713, 928, 901, 841, 766, 700, 860, 1003, 1011, 1006, 885, 778, 755, 767, 938, 796, 851, 973, 873, 884, 900, 840, 790, 846, 951, 1239, 1164, 969, 790, 954, 889, 768, 1004, 1323, 1168, 989, 965, 953, 830, 990, 1179, 1432, 1203, 1153, 1013, 923, 806, 1312, 1655, 1064, 960, 1070, 964, 716, 853, 1197, 1324, 936, 839, 1097, 1051, 755, 760, 903, 1098, 1714, 1090, 941, 955, 1011, 818, 1189, 1729, 1283, 1146, 1132, 849, 918, 1202, 1532, 1527, 2021, 1791, 2881, 1530, 883, 1649, 4197, 4605, 3861, 2296, 4104, 2188, 1862, 2216, 7017, 8133, 3941, 2232, 3426, 2140, 2044, 2509, 6798, 7781, 3169, 2258, 2708, 1644, 1757, 2172, 5119, 5771, 1781, 1561, 1822, 1402, 1068, 1375, 2762, 2992, 764, 905, 1127, 955, 633, 804, 1154, 1198, 1189, 892, 1067, 1113, 792, 768, 1600, 1744, 1287, 1065, 1390, 1346, 990, 1095, 2075, 2093, 1538, 1438, 1435, 1403, 1091, 1442, 2158, 2141, 1850, 1015, 1690, 1997, 1224, 1235, 1964, 2254, 1977, 927, 1929, 2191, 990, 1281, 1724, 2224, 1564, 1089, 1408, 1459, 828, 1242, 1612, 1761, 873, 1038, 1159, 1088, 744, 1075, 1197, 1087, 658, 720, 831, 742, 639, 759, 815, 811, 752, 762, 817, 780, 731, 757, 826, 774, 607, 772, 903, 751, 643, 795, 1038, 930, 581, 666, 658, 637, 567, 677, 951, 867, 648, 598, 573, 678, 622, 654, 868, 803, 739, 793, 616, 572, 542, 664, 780, 631, 556, 719, 593, 515, 540, 605, 647, 522, 519, 581, 569, 496, 462, 492, 574, 538, 539, 585, 703, 671, 450, 466, 587, 601, 356, 606, 743, 613, 465, 596, 718, 573, 523, 641, 667, 587, 559, 599, 688, 566]"
-0.5096217393875122,0.22342810034751892,-1.1227531433105469,-0.05752962827682495,-0.039755821228027344,-0.8548797369003296,0.006971254944801331,-0.9369584321975708,-1.5044689178466797,19.25,-0.9369584321975708,-0.7773399353027344,21.0,-0.9369584321975708,-0.6590366363525391,23.25,-0.7199498414993286,-0.5294322967529297,26.5,0.40715014934539795,-0.25191307067871094,18.0,"[671, 609, 589, 621, 685, 616, 590, 607, 572, 560, 625, 674, 629, 624, 614, 621, 452, 534, 567, 581, 550, 505, 569, 491, 531, 467, 517, 544, 520, 471, 500, 558, 548, 523, 487, 522, 567, 560, 552, 541, 506, 564, 542, 548, 576, 608, 599, 540, 519, 503, 483, 494, 512, 489, 487, 513, 561, 466, 512, 515, 481, 453, 410, 494, 501, 509, 496, 520, 551, 493, 488, 528, 507, 529, 590, 551, 477, 523, 667, 657, 526, 483, 530, 563, 545, 506, 504, 582, 509, 470, 552, 627, 624, 548, 491, 566, 538, 491, 555, 608, 542, 485, 537, 587, 507, 440, 458, 540, 513, 547, 570, 539, 423, 521, 575, 459, 458, 539, 591, 542, 463, 545, 566, 482, 452, 483, 546, 522, 448, 413, 421, 457, 491, 523, 524, 485, 580, 528, 554, 607, 574, 566, 571, 572, 682, 680, 571, 528, 571, 608, 571, 631, 555, 532, 525, 552, 541, 519, 486, 592, 482, 508, 462, 511, 574, 517, 537, 516, 1198, 1644, 1249, 680, 823, 926, 1016, 612, 4357, 7047, 5389, 1685, 2188, 3054, 3833, 1651, 6758, 10735, 8106, 2533, 3219, 4683, 5967, 2720, 4069, 5839, 4390, 1811, 2199, 3083, 3434, 1848, 1638, 2183, 1658, 869, 1223, 1610, 1249, 790, 1183, 1952, 1576, 702, 1081, 1126, 1039, 772, 813, 939, 733, 695, 757, 677, 747, 706, 781, 726, 738, 729, 567, 624, 811, 806, 1124, 1586, 1572, 888, 788, 1129, 1697, 1514, 2246, 3660, 3061, 1196, 1396, 2195, 3218, 2432, 2289, 4005, 3524, 1294, 1477, 2297, 3300, 2315, 1264, 2266, 2082, 1048, 985, 1328, 1956, 1579, 704, 999, 1069, 724, 639, 713, 1010, 918, 664, 937, 761, 458, 453, 553, 717, 630, 672, 837, 757, 495, 508, 611, 723, 620, 568, 622, 675, 528, 464, 527, 628, 596, 499, 506, 492, 560, 546, 509, 578, 509, 635, 610, 553, 577, 592, 600, 555, 478, 1079, 1467, 1138, 626, 735, 778, 856, 665, 1757, 2500, 1891, 946, 993, 1042, 1481, 1098, 1587, 2262, 1910, 1082, 974, 1190, 1624, 1226, 1283, 1946, 1660, 837, 914, 1256, 1369, 881, 1199, 1635, 1240, 596, 873, 1008, 1010, 639, 992, 1232, 963, 668, 772, 868, 877, 611, 883, 1177, 964, 628, 676, 788, 889, 667, 989, 1473, 1232, 740, 714, 975, 1123, 782, 922, 1345, 1231, 845, 810, 1014, 1069, 804, 778, 874, 827, 671, 673, 735, 795, 703, 634, 688, 582, 561, 599, 709, 682, 573, 1044, 1095, 690, 812, 1004, 913, 760, 801, 1222, 1430, 986, 876, 1241, 1188, 882, 842, 953, 1191, 1041, 926, 1150, 1056, 864, 707, 3052, 4188, 2943, 1430, 3112, 2879, 1628, 1153, 5738, 8311, 5956, 2326, 6143, 5862, 2858, 2063, 4454, 7079, 5429, 1880, 5228, 5230, 2660, 1639, 1789, 3040, 2562, 858, 2156, 2411, 1404, 846, 827, 1249, 1179, 654, 825, 930, 725, 575, 705, 1040, 957, 625, 774, 755, 591, 587, 691, 866, 829, 689, 672, 688, 728, 715, 724, 906, 800, 691, 736, 717, 798, 700, 901, 1054, 920, 720, 785, 753, 772, 714, 903, 1174, 1061, 728, 836, 806, 731, 639, 837, 919, 791, 681, 678, 629, 612, 658, 786, 901, 909, 736, 706, 698, 644, 637, 715, 806, 825, 694, 685, 667, 674, 710, 505, 630, 651, 626, 662, 696, 701, 584, 671, 782, 814, 651, 620, 768, 690, 590, 681, 907, 1030, 750, 620, 843, 797, 534, 799, 929, 969, 825, 705, 693, 729, 744, 795, 709, 658, 674, 656, 659, 596, 755, 835, 821, 772, 749, 735, 684, 640, 762, 802, 815, 740, 728, 726, 764, 725, 742, 748, 721, 717, 661, 594, 725, 825, 810, 655, 579, 628, 595, 582, 560, 585, 706, 554, 630, 670, 603, 528, 585, 658, 579, 679, 646, 606, 587, 567, 618, 671, 695, 699, 617, 603, 646, 678, 718, 678, 686, 727, 715, 747, 755, 710, 834, 805, 685, 1214, 1083, 861, 879, 807, 1022, 845, 831, 1605, 1272, 813, 983, 740, 915, 852, 1088, 1227, 1062, 732, 783, 687, 723, 833, 1040, 1091, 931, 740, 713, 804, 841, 713, 879, 1151, 920, 683, 824, 873, 812, 719, 961, 663, 768, 756, 645, 609, 650, 707, 720, 670, 796, 894, 765, 622, 750, 779, 703, 834, 586, 637, 810, 688, 674, 696, 770, 662, 732, 690, 711, 667, 747, 777, 624, 603, 754, 711, 646, 637, 679, 748, 585, 698, 813, 721, 645, 683, 801, 756, 600, 909, 831, 829, 732, 667, 898, 692, 733, 1060, 774, 1016, 857, 789, 989, 687, 951, 1098, 702, 863, 808, 763, 739, 790, 1224, 1224, 877, 779, 809, 813, 980, 1243, 1332, 1379, 1032, 832, 781, 824, 1269, 1361, 1361, 1039, 779, 752, 667, 680, 1104, 1329, 1236, 779, 869, 846, 923, 779, 1385, 1574, 939, 1107, 1101, 1100, 1363, 883, 1744, 1856, 787, 1597, 1362, 1134, 1368, 949, 1789, 1750, 864, 1490, 1101, 860, 946, 826, 1276, 1032, 1000, 1419, 1064, 813, 718, 715, 865, 789, 1114, 1180, 1048, 887, 641, 680, 746, 779, 992, 724, 955, 991, 754, 686, 759, 818, 737, 1174, 944, 754, 833, 850, 927, 760, 994, 1298, 1175, 821, 702, 917, 1180, 909, 963, 807, 1049, 1254, 867, 733, 1202, 1065, 883, 1104, 894, 1158, 1107, 760, 1002, 998, 1179, 1073, 821, 827, 882, 745, 859, 735, 908, 966, 1056, 1053, 891, 749, 1171, 1171, 822, 767, 924, 882, 715, 724, 919, 826, 727, 802, 733, 710, 531, 644, 766, 829, 891, 785, 758, 802, 610, 643, 796, 1069, 1062, 636, 1015, 1033, 707, 610, 1207, 1510, 1076, 977, 1349, 1041, 736, 683, 1525, 1719, 983, 1142, 1078, 741, 583, 739, 1091, 1141, 957, 864, 747, 790, 751, 768, 652, 876, 1044, 607, 593, 877, 964, 740, 643, 786, 821, 816, 728, 675, 702, 646, 813, 700, 577, 853, 577, 691, 791, 647, 746, 777, 885, 600, 605, 756, 640, 506, 670, 812, 716, 573, 580, 530, 517, 569, 667, 564, 432, 646, 487, 548, 660, 609, 524, 425, 590, 527, 445, 492, 547, 525, 470, 525, 590, 414, 534, 617, 503, 407, 460, 543, 499, 408, 406, 512, 493, 343, 332, 390, 451, 417, 524, 531, 480, 411, 466, 440, 361, 436, 582, 555, 476, 465, 473, 548, 451, 467, 530, 548, 544, 543, 518, 614, 511]"
-0.6601467728614807,0.07534009218215942,-1.7493035793304443,-0.4038301110267639,-0.14895813167095184,-1.4521429538726807,-0.2898085117340088,-0.6022378206253052,-0.5847930908203125,-31.25,-0.6022378206253052,-0.5458831787109375,15.5,-0.6022378206253052,1.9004344940185547,15.5,-0.49537861347198486,-0.5627632141113281,-26.0,-0.15305721759796143,1.3186454772949219,16.0,"[453, 639, 665, 557, 589, 552, 665, 650, 551, 645, 614, 573, 634, 566, 628, 549, 588, 644, 541, 613, 597, 611, 571, 516, 483, 573, 557, 565, 568, 578, 521, 485, 561, 557, 548, 496, 574, 607, 480, 476, 520, 552, 556, 503, 540, 563, 517, 488, 557, 594, 518, 539, 482, 528, 575, 504, 576, 575, 562, 499, 432, 469, 489, 540, 501, 537, 562, 459, 439, 443, 476, 481, 533, 518, 518, 535, 512, 475, 542, 564, 565, 552, 529, 607, 592, 545, 556, 588, 601, 631, 496, 461, 610, 630, 558, 453, 544, 533, 506, 499, 559, 520, 488, 538, 517, 598, 576, 482, 543, 618, 520, 483, 488, 520, 584, 561, 486, 569, 567, 474, 623, 578, 485, 520, 599, 656, 582, 473, 655, 554, 478, 557, 617, 589, 565, 597, 650, 602, 565, 578, 526, 570, 597, 623, 520, 547, 489, 471, 585, 565, 561, 535, 446, 535, 515, 473, 569, 523, 552, 509, 2381, 3320, 2487, 1207, 1046, 1802, 2250, 1543, 14226, 24063, 19013, 6187, 5528, 10881, 15284, 7968, 25349, 45176, 36509, 11777, 10201, 18724, 27958, 14515, 17847, 32234, 26497, 8917, 7918, 11264, 18549, 10283, 5600, 9222, 7454, 2894, 2967, 2651, 4144, 2851, 1486, 2050, 1756, 971, 1048, 1145, 999, 838, 707, 988, 931, 612, 671, 640, 738, 636, 700, 875, 801, 639, 633, 589, 622, 564, 916, 1737, 1847, 967, 823, 1093, 1391, 1181, 1581, 4065, 3863, 1348, 1348, 2106, 2944, 1992, 2023, 4574, 4057, 1251, 1489, 2268, 3205, 1875, 1121, 1936, 1583, 674, 887, 1331, 1497, 899, 638, 847, 863, 584, 623, 753, 769, 668, 689, 1053, 1075, 618, 614, 716, 673, 665, 591, 695, 738, 566, 495, 576, 663, 605, 659, 644, 588, 535, 601, 648, 547, 576, 927, 923, 724, 793, 1020, 960, 649, 666, 4232, 5273, 3508, 3960, 5874, 4410, 1871, 1956, 10131, 13981, 9624, 8630, 12692, 9291, 4712, 4278, 10601, 16039, 11735, 8301, 11472, 8399, 6409, 4587, 5350, 9336, 7386, 3655, 4822, 4364, 4521, 2328, 1854, 3366, 2784, 1296, 1521, 1661, 1826, 1090, 1033, 1316, 1072, 794, 918, 827, 758, 777, 1032, 1127, 865, 757, 763, 829, 769, 679, 1714, 2277, 1619, 933, 1004, 1064, 1293, 904, 2243, 3379, 2533, 1095, 1149, 1595, 2092, 1275, 1967, 2980, 2233, 1020, 1078, 1336, 1872, 1176, 1332, 1894, 1400, 731, 903, 850, 1076, 752, 960, 1387, 1093, 624, 856, 925, 767, 591, 694, 901, 779, 656, 880, 903, 723, 613, 726, 973, 858, 656, 924, 867, 778, 666, 815, 1156, 987, 554, 818, 785, 760, 711, 2088, 2979, 2065, 779, 1945, 1768, 902, 867, 4144, 5590, 3670, 1726, 3789, 3209, 1482, 1491, 4418, 6061, 4082, 1592, 3761, 3288, 1477, 1456, 3647, 5284, 3671, 995, 2600, 2293, 1356, 974, 3119, 4518, 3111, 755, 1993, 1636, 1534, 766, 2144, 2804, 1796, 644, 1239, 1276, 1196, 776, 992, 1145, 831, 511, 676, 714, 836, 728, 682, 691, 579, 583, 604, 685, 730, 711, 727, 933, 770, 606, 755, 820, 809, 643, 724, 996, 784, 606, 746, 685, 803, 623, 673, 861, 807, 728, 826, 772, 742, 642, 791, 852, 730, 658, 786, 679, 593, 623, 767, 862, 719, 634, 761, 635, 608, 593, 658, 825, 695, 591, 577, 558, 677, 591, 708, 885, 697, 517, 642, 705, 676, 491, 698, 828, 658, 553, 617, 633, 586, 545, 588, 629, 574, 545, 567, 482, 408, 543, 663, 765, 742, 593, 586, 580, 550, 597, 649, 751, 780, 618, 683, 726, 556, 542, 619, 717, 677, 617, 703, 667, 573, 592, 643, 683, 579, 614, 713, 768, 666, 611, 670, 774, 596, 519, 689, 816, 627, 506, 636, 758, 762, 601, 654, 773, 725, 620, 733, 834, 784, 668, 632, 700, 616, 632, 701, 767, 769, 632, 555, 674, 697, 576, 733, 879, 809, 512, 679, 787, 776, 665, 716, 843, 762, 504, 631, 641, 661, 713, 1168, 1026, 1034, 1089, 798, 1019, 1040, 960, 1693, 1364, 1770, 1738, 1018, 1694, 1554, 1211, 2152, 1636, 1822, 1715, 1031, 2097, 1617, 1465, 1640, 1351, 1282, 1129, 856, 1546, 1255, 1033, 864, 781, 838, 782, 599, 810, 878, 866, 668, 737, 843, 850, 674, 921, 1097, 952, 689, 1340, 1606, 1279, 755, 1446, 1849, 1248, 709, 1276, 1481, 1101, 620, 1387, 1784, 1198, 605, 856, 894, 773, 620, 969, 1162, 872, 593, 884, 903, 645, 460, 854, 1052, 811, 756, 862, 942, 652, 568, 781, 919, 882, 683, 1491, 1687, 942, 624, 1131, 1750, 1485, 963, 1727, 1600, 799, 732, 1472, 1778, 1186, 1384, 1824, 1498, 830, 896, 1528, 1579, 1181, 1217, 1651, 1414, 846, 835, 1399, 1686, 1318, 914, 1242, 1048, 730, 691, 1028, 1414, 1198, 708, 796, 626, 550, 647, 859, 1072, 922, 612, 656, 681, 596, 651, 692, 789, 701, 777, 969, 965, 814, 606, 842, 996, 859, 997, 1155, 1160, 800, 656, 984, 978, 875, 933, 1119, 991, 735, 643, 974, 832, 601, 969, 1054, 1058, 714, 734, 1121, 998, 754, 725, 816, 855, 653, 545, 807, 866, 730, 867, 717, 598, 640, 734, 664, 665, 851, 1173, 794, 692, 806, 804, 818, 834, 1143, 1061, 797, 934, 812, 713, 814, 852, 1131, 850, 796, 1169, 924, 596, 773, 904, 1162, 935, 676, 970, 856, 745, 767, 753, 953, 788, 808, 882, 840, 753, 922, 797, 758, 731, 804, 973, 977, 706, 804, 766, 713, 703, 920, 1176, 942, 648, 891, 847, 758, 644, 803, 902, 736, 739, 758, 669, 804, 711, 753, 912, 766, 706, 708, 750, 872, 689, 674, 829, 784, 643, 751, 859, 801, 736, 679, 676, 677, 677, 802, 861, 808, 711, 734, 655, 676, 566, 717, 883, 750, 732, 718, 808, 850, 631, 788, 1139, 1063, 785, 600, 603, 541, 595, 816, 1027, 1060, 576, 625, 549, 495, 578, 842, 947, 710, 632, 787, 662, 546, 618, 659, 735, 576, 656, 661, 552, 498, 560, 424, 528, 636, 521, 473, 529, 479, 458, 420, 451, 525, 502, 480, 468, 470, 483, 468, 459, 441, 545, 578, 500, 429, 430, 510, 451, 332, 624, 698, 599, 476, 502, 641, 585, 397, 449, 512, 530, 440, 460, 560, 537, 446, 429, 475, 504, 463, 485, 562, 531, 474, 450, 513, 564, 495, 475, 568, 549, 478, 431, 476, 502, 472, 472, 461, 442, 495]"
-0.7322059869766235,0.3063100576400757,-1.9076451063156128,-0.5478134155273438,0.09712561964988708,-1.5097014904022217,-0.40079861879348755,-0.4041886329650879,-1.8314838409423828,15.5,-0.4041886329650879,0.7674694061279297,16.25,-0.15756845474243164,-0.5487442016601562,15.25,0.8194708824157715,0.4071235656738281,18.5,0.8795523643493652,0.20513534545898438,16.5,"[653, 668, 586, 509, 586, 512, 584, 664, 597, 642, 504, 474, 583, 562, 550, 580, 496, 478, 521, 451, 507, 609, 529, 473, 554, 562, 535, 450, 510, 575, 503, 518, 591, 547, 498, 506, 527, 503, 511, 526, 623, 533, 514, 587, 610, 534, 442, 561, 523, 509, 536, 552, 607, 581, 453, 492, 538, 554, 496, 441, 536, 587, 530, 514, 574, 512, 495, 576, 621, 608, 538, 582, 488, 440, 534, 549, 553, 551, 569, 546, 488, 517, 545, 545, 539, 521, 520, 567, 514, 563, 571, 531, 529, 486, 502, 589, 490, 560, 605, 468, 511, 547, 529, 572, 487, 578, 595, 534, 471, 495, 564, 511, 572, 624, 586, 537, 578, 638, 637, 579, 542, 630, 593, 568, 536, 609, 629, 522, 456, 565, 512, 492, 510, 552, 627, 494, 609, 560, 536, 567, 537, 567, 586, 585, 516, 494, 473, 531, 499, 510, 540, 580, 510, 447, 509, 558, 538, 441, 510, 541, 685, 758, 644, 593, 562, 621, 769, 708, 1797, 2207, 1494, 668, 903, 1116, 1104, 951, 3120, 3693, 2262, 863, 1333, 1328, 1412, 1272, 2299, 2933, 1824, 657, 1178, 1140, 1266, 812, 1897, 3209, 2467, 679, 1057, 1294, 1713, 764, 1076, 1802, 1419, 519, 576, 817, 1115, 694, 561, 630, 624, 539, 523, 508, 491, 483, 1070, 2142, 1905, 802, 724, 1037, 1309, 814, 2428, 5171, 4483, 1386, 1492, 2000, 3012, 1506, 2605, 5923, 5323, 1743, 1539, 2310, 3633, 1995, 964, 2909, 2779, 1066, 798, 1658, 2740, 1891, 1000, 1368, 1156, 722, 880, 1249, 1309, 969, 713, 745, 730, 579, 584, 678, 681, 625, 702, 1052, 979, 718, 768, 836, 856, 598, 2123, 2798, 1711, 1778, 3110, 2467, 1026, 991, 4044, 5161, 2722, 3430, 5927, 4541, 1507, 1637, 3682, 4396, 2106, 3068, 5035, 3605, 1035, 1568, 1739, 1980, 1039, 1514, 2218, 1635, 634, 996, 796, 898, 747, 878, 950, 826, 795, 725, 812, 1138, 996, 670, 739, 914, 1072, 782, 769, 1224, 1156, 665, 675, 818, 995, 703, 671, 705, 792, 657, 560, 664, 610, 626, 669, 742, 705, 543, 560, 688, 563, 479, 561, 744, 738, 615, 655, 747, 741, 568, 584, 633, 748, 691, 648, 728, 688, 656, 858, 1334, 1240, 739, 695, 808, 929, 826, 926, 1653, 1419, 646, 809, 994, 1098, 791, 1024, 1637, 1356, 716, 1032, 1215, 1103, 731, 1001, 1248, 1094, 762, 994, 1019, 843, 630, 830, 962, 856, 843, 969, 850, 621, 623, 1222, 1489, 998, 706, 1256, 1134, 601, 737, 1879, 2682, 2185, 806, 1870, 2161, 1345, 1010, 2538, 4113, 3398, 997, 2591, 3345, 2108, 784, 2822, 4725, 3779, 965, 3133, 3695, 2151, 617, 1568, 3030, 2687, 791, 2080, 2435, 1324, 708, 871, 1612, 1656, 781, 1385, 1578, 984, 670, 1063, 1778, 1538, 660, 1248, 1387, 798, 608, 1007, 1576, 1317, 569, 1010, 1138, 809, 623, 715, 934, 907, 609, 624, 769, 658, 587, 637, 726, 686, 567, 628, 630, 526, 552, 684, 732, 722, 688, 650, 722, 738, 621, 727, 741, 678, 697, 610, 698, 691, 611, 659, 765, 672, 653, 686, 763, 656, 502, 711, 877, 739, 574, 739, 729, 626, 662, 687, 832, 702, 562, 652, 639, 656, 681, 586, 655, 611, 624, 597, 542, 673, 675, 653, 631, 648, 653, 620, 588, 572, 615, 681, 673, 696, 702, 676, 626, 596, 585, 601, 704, 619, 561, 582, 601, 598, 546, 529, 621, 586, 585, 516, 588, 605, 470, 575, 656, 643, 645, 597, 613, 561, 502, 592, 664, 679, 574, 587, 579, 583, 561, 542, 529, 676, 655, 541, 466, 559, 610, 557, 624, 673, 610, 556, 556, 587, 584, 638, 677, 692, 539, 609, 658, 646, 650, 628, 655, 625, 507, 571, 627, 533, 566, 630, 699, 603, 615, 662, 657, 618, 548, 590, 719, 646, 657, 638, 718, 728, 553, 547, 668, 620, 600, 611, 628, 704, 502, 660, 713, 616, 529, 565, 662, 700, 588, 820, 760, 674, 636, 662, 749, 719, 673, 767, 762, 753, 706, 726, 798, 767, 707, 440, 653, 762, 692, 641, 702, 719, 617, 558, 681, 707, 687, 680, 711, 660, 546, 604, 663, 702, 653, 623, 624, 550, 587, 621, 641, 734, 661, 612, 711, 619, 679, 560, 613, 598, 589, 589, 592, 614, 581, 503, 473, 468, 498, 531, 491, 528, 542, 512, 477, 598, 595, 581, 589, 577, 566, 576, 602, 577, 554, 595, 651, 610, 583, 562, 590, 573, 497, 598, 622, 562, 532, 592, 604, 597, 519, 581, 572, 509, 589, 621, 655, 555, 607, 574, 475, 532, 563, 607, 697, 624, 542, 534, 621, 661, 509, 517, 689, 645, 482, 535, 660, 625, 524, 656, 684, 660, 605, 608, 583, 559, 574, 661, 674, 685, 596, 631, 674, 592, 584, 699, 662, 519, 620, 689, 710, 587, 510, 638, 659, 527, 575, 673, 745, 590, 546, 637, 710, 746, 606, 639, 674, 498, 537, 683, 576, 694, 565, 600, 639, 560, 709, 613, 571, 653, 602, 613, 647, 688, 729, 527, 562, 623, 540, 536, 489, 564, 636, 604, 642, 628, 594, 576, 557, 562, 612, 739, 746, 688, 575, 570, 557, 662, 748, 664, 762, 772, 586, 579, 639, 688, 705, 670, 712, 795, 685, 576, 771, 761, 701, 803, 618, 720, 592, 586, 741, 911, 977, 906, 649, 1025, 751, 502, 657, 1117, 1371, 746, 752, 1085, 835, 517, 638, 959, 1115, 610, 848, 1003, 731, 644, 748, 717, 686, 600, 668, 727, 701, 624, 630, 589, 544, 542, 590, 636, 674, 640, 605, 642, 590, 712, 694, 623, 774, 687, 631, 810, 720, 791, 775, 753, 663, 573, 768, 960, 899, 740, 790, 712, 555, 649, 786, 897, 813, 627, 647, 680, 553, 539, 670, 770, 713, 557, 596, 616, 575, 600, 652, 751, 686, 580, 535, 531, 562, 547, 533, 608, 617, 582, 563, 629, 524, 514, 602, 638, 637, 562, 547, 491, 448, 471, 529, 549, 535, 524, 455, 445, 466, 486, 415, 525, 602, 426, 357, 401, 422, 371, 389, 486, 508, 413, 421, 409, 481, 496, 422, 391, 404, 363, 403, 363, 412, 457, 366, 335, 373, 433, 369, 383, 442, 392, 375, 413, 418, 481, 458, 502, 532, 451, 448, 486, 483, 460, 409, 439, 497, 488, 469, 393, 471]"
-0.734992504119873,0.6550125479698181,-1.3364001512527466,-0.6143326163291931,0.20779496431350708,-0.562175452709198,-0.5595201849937439,-0.09696292877197266,-0.5249977111816406,24.25,-0.05390453338623047,-0.4637718200683594,16.5,0.2377767562866211,-0.2994060516357422,23.75,0.24206829071044922,-0.24847984313964844,23.5,0.3320474624633789,-0.10228157043457031,15.25,"[581, 590, 612, 737, 833, 739, 611, 589, 523, 545, 600, 669, 626, 629, 598, 556, 419, 472, 600, 591, 505, 530, 536, 503, 433, 565, 552, 493, 457, 450, 506, 486, 447, 464, 473, 451, 409, 379, 518, 512, 496, 525, 553, 530, 460, 524, 632, 565, 469, 500, 490, 467, 546, 516, 549, 474, 447, 507, 513, 504, 485, 494, 551, 483, 421, 464, 552, 504, 499, 573, 540, 523, 447, 445, 551, 579, 481, 477, 472, 479, 555, 534, 606, 508, 492, 529, 475, 554, 520, 521, 605, 563, 570, 574, 562, 544, 491, 478, 545, 521, 510, 484, 509, 509, 545, 576, 576, 532, 584, 591, 581, 630, 559, 592, 643, 603, 523, 532, 641, 583, 555, 535, 530, 508, 596, 596, 589, 617, 575, 512, 434, 546, 634, 512, 477, 564, 496, 497, 565, 564, 546, 587, 631, 530, 529, 574, 562, 530, 529, 617, 656, 526, 623, 569, 564, 576, 561, 704, 726, 655, 1946, 2579, 2654, 1608, 758, 1704, 2943, 2733, 4504, 7679, 7555, 3857, 1294, 4652, 7950, 6679, 5070, 8686, 8006, 3748, 1554, 5512, 8613, 6632, 2574, 3571, 2903, 1385, 1173, 2558, 3346, 2531, 1579, 2692, 2120, 731, 856, 1383, 1755, 868, 1103, 1847, 1427, 587, 709, 953, 1276, 863, 605, 728, 695, 532, 610, 688, 704, 726, 920, 1649, 1645, 895, 671, 1005, 1522, 1286, 1401, 3240, 3229, 1463, 808, 1502, 2726, 2130, 1363, 3312, 3244, 1442, 920, 1481, 2781, 2184, 867, 1902, 1957, 984, 719, 906, 1615, 1383, 608, 1080, 1081, 697, 649, 681, 952, 818, 506, 829, 810, 703, 688, 758, 920, 723, 1391, 2134, 1843, 1453, 1985, 1928, 1361, 881, 2812, 3897, 3046, 2619, 3665, 3147, 1541, 1290, 2245, 2968, 2343, 2050, 2814, 2408, 1094, 1184, 1017, 1364, 1119, 784, 1060, 1084, 764, 653, 1057, 1419, 1025, 594, 932, 967, 846, 630, 2226, 4212, 3447, 967, 1289, 1529, 2169, 1005, 2898, 5174, 4071, 983, 1552, 1780, 2498, 966, 1682, 2822, 2186, 714, 1014, 1080, 1399, 733, 894, 1085, 793, 609, 718, 735, 784, 612, 1093, 1373, 1038, 631, 669, 747, 886, 662, 1125, 1595, 1241, 702, 615, 872, 1061, 599, 756, 1059, 964, 623, 636, 639, 738, 634, 671, 862, 799, 568, 635, 763, 683, 604, 860, 1284, 1158, 676, 922, 1169, 986, 598, 1264, 1874, 1552, 820, 1200, 1342, 1014, 626, 895, 1215, 1146, 828, 751, 887, 786, 632, 668, 648, 707, 756, 656, 628, 662, 651, 813, 821, 657, 728, 781, 691, 631, 668, 795, 814, 659, 646, 829, 781, 681, 706, 1633, 2074, 1462, 821, 1472, 1404, 822, 821, 2318, 3071, 2093, 978, 1957, 1804, 846, 884, 1603, 2226, 1625, 758, 1512, 1455, 763, 673, 986, 1460, 1204, 576, 998, 1092, 735, 539, 742, 972, 866, 516, 666, 832, 713, 536, 748, 882, 740, 646, 656, 680, 684, 648, 650, 617, 589, 569, 563, 551, 621, 614, 634, 655, 590, 564, 552, 695, 749, 627, 673, 936, 872, 592, 597, 767, 801, 607, 700, 919, 735, 487, 629, 813, 723, 556, 740, 703, 579, 485, 640, 674, 539, 549, 697, 657, 582, 503, 601, 602, 552, 575, 762, 703, 638, 598, 703, 721, 601, 676, 722, 761, 739, 626, 720, 798, 693, 630, 577, 711, 653, 575, 649, 714, 642, 502, 526, 592, 591, 549, 561, 574, 559, 527, 572, 480, 473, 590, 536, 421, 505, 577, 662, 575, 516, 587, 619, 517, 542, 637, 630, 636, 613, 553, 646, 591, 518, 563, 663, 695, 737, 734, 636, 630, 619, 664, 516, 651, 655, 547, 482, 563, 628, 568, 546, 629, 522, 513, 530, 537, 559, 532, 636, 572, 562, 580, 579, 582, 550, 601, 698, 601, 721, 701, 573, 585, 581, 698, 704, 629, 690, 700, 649, 643, 624, 743, 679, 676, 770, 717, 664, 712, 790, 776, 683, 801, 758, 665, 599, 727, 753, 657, 806, 771, 729, 699, 700, 697, 659, 718, 803, 763, 605, 633, 668, 724, 671, 630, 708, 734, 620, 617, 594, 712, 608, 591, 651, 667, 622, 592, 614, 594, 665, 612, 632, 672, 626, 497, 508, 604, 702, 589, 729, 718, 592, 529, 621, 647, 661, 609, 685, 732, 605, 618, 645, 595, 671, 617, 669, 656, 618, 633, 542, 600, 652, 657, 598, 627, 626, 580, 550, 555, 583, 591, 537, 576, 668, 550, 605, 543, 548, 659, 640, 649, 630, 518, 639, 629, 584, 678, 726, 665, 646, 627, 675, 710, 759, 836, 927, 613, 582, 632, 687, 707, 773, 988, 1260, 733, 664, 630, 804, 951, 1032, 1313, 1023, 772, 676, 641, 692, 906, 945, 1004, 539, 689, 582, 601, 599, 553, 676, 594, 611, 786, 740, 636, 640, 611, 573, 527, 525, 625, 713, 625, 541, 674, 692, 526, 538, 588, 650, 618, 575, 672, 717, 625, 641, 655, 705, 597, 563, 646, 757, 753, 712, 831, 811, 593, 601, 740, 741, 710, 704, 849, 936, 669, 567, 722, 650, 694, 629, 886, 945, 630, 560, 686, 672, 587, 636, 769, 853, 787, 726, 757, 693, 565, 606, 636, 835, 828, 643, 616, 613, 609, 565, 626, 826, 722, 569, 576, 708, 693, 756, 745, 1075, 917, 637, 645, 1065, 1166, 860, 689, 1028, 994, 785, 599, 1097, 1336, 915, 643, 928, 972, 764, 613, 989, 1268, 767, 676, 980, 798, 579, 656, 1076, 1215, 554, 798, 798, 634, 593, 637, 905, 879, 700, 836, 744, 683, 743, 582, 735, 746, 704, 711, 695, 725, 784, 637, 595, 678, 658, 695, 831, 778, 761, 681, 772, 798, 887, 716, 840, 782, 675, 675, 924, 1126, 915, 697, 700, 666, 662, 738, 798, 987, 883, 609, 725, 659, 655, 707, 700, 1000, 730, 677, 702, 589, 557, 646, 778, 827, 633, 635, 613, 575, 596, 642, 662, 622, 631, 471, 488, 528, 474, 565, 656, 712, 525, 546, 526, 522, 494, 624, 815, 708, 487, 547, 498, 505, 430, 622, 744, 557, 629, 522, 514, 496, 446, 658, 578, 538, 639, 433, 394, 471, 535, 592, 574, 600, 556, 488, 521, 541, 487, 557, 536, 527, 432, 410, 487, 465, 368, 439, 470, 442, 423, 437, 425, 485, 475, 479, 499, 466, 351, 394, 393, 407, 457, 348, 380, 411, 433, 384, 357, 435, 414, 369, 414, 425]"
-0.7790902256965637,0.7731958627700806,-1.2998778820037842,-0.6665459275245667,0.290117084980011,-0.446654736995697,-0.5800776481628418,-0.25462716817855835,1.1876106262207031,20.5,0.2758064866065979,1.2157917022705078,17.75,0.3676453232765198,-0.14476776123046875,24.5,0.3719368577003479,-0.19483566284179688,28.75,0.40526777505874634,-0.098419189453125,25.5,"[489, 549, 618, 682, 620, 682, 616, 550, 499, 549, 619, 660, 685, 695, 665, 613, 556, 632, 652, 583, 561, 599, 554, 530, 592, 630, 548, 495, 577, 546, 524, 562, 508, 563, 558, 547, 482, 490, 497, 483, 565, 561, 535, 533, 497, 533, 507, 477, 511, 428, 524, 595, 534, 518, 498, 491, 425, 478, 558, 619, 504, 505, 546, 497, 450, 425, 426, 518, 468, 410, 475, 525, 513, 500, 444, 433, 429, 480, 487, 483, 587, 600, 483, 498, 636, 481, 494, 553, 583, 626, 596, 519, 584, 545, 576, 633, 527, 544, 555, 439, 495, 544, 523, 526, 531, 546, 602, 532, 510, 559, 574, 515, 514, 615, 590, 470, 497, 588, 647, 569, 532, 516, 542, 531, 472, 491, 590, 602, 535, 515, 470, 589, 576, 487, 461, 522, 568, 615, 586, 554, 587, 695, 682, 620, 526, 555, 609, 557, 587, 596, 634, 606, 997, 1658, 1833, 1017, 595, 1060, 1961, 1862, 2623, 7758, 8160, 3765, 961, 5115, 9065, 7170, 3778, 13532, 13769, 6088, 1350, 9049, 15003, 10800, 2175, 9605, 9891, 4556, 865, 6591, 10597, 7289, 953, 1898, 2632, 1919, 847, 1796, 3186, 2820, 1482, 2559, 1930, 730, 963, 1172, 1793, 1133, 636, 961, 919, 608, 580, 584, 765, 660, 543, 577, 599, 587, 493, 499, 584, 531, 689, 652, 714, 680, 656, 740, 857, 812, 615, 900, 1132, 943, 709, 942, 1271, 1140, 660, 876, 1116, 921, 695, 783, 1146, 1114, 570, 751, 790, 618, 611, 682, 746, 606, 606, 610, 708, 607, 622, 661, 650, 757, 555, 668, 773, 705, 655, 570, 766, 835, 649, 749, 827, 789, 668, 788, 855, 766, 2690, 4614, 4343, 3002, 3886, 3965, 2311, 1251, 7338, 11990, 9995, 6225, 9995, 9545, 4541, 2288, 7590, 11850, 9201, 6056, 10208, 9232, 4088, 2148, 3512, 4932, 3374, 2949, 4815, 4151, 2048, 1277, 4188, 8004, 6636, 1905, 2913, 3122, 3896, 1697, 5281, 10055, 8261, 1977, 3172, 3244, 4852, 2044, 3109, 5738, 4596, 1106, 1810, 1895, 2817, 1245, 1179, 1923, 1545, 615, 764, 987, 1142, 698, 1099, 1392, 1004, 678, 763, 934, 1003, 729, 1159, 1563, 1092, 625, 760, 856, 1040, 699, 959, 1161, 817, 586, 663, 736, 868, 700, 1237, 1643, 1268, 589, 846, 1063, 1162, 788, 1376, 1940, 1522, 546, 1053, 1252, 1014, 621, 1104, 1593, 1289, 643, 899, 1129, 971, 615, 930, 1168, 1054, 715, 789, 1008, 892, 598, 879, 1031, 1172, 875, 891, 1081, 834, 718, 736, 928, 932, 759, 778, 793, 604, 636, 644, 776, 705, 571, 638, 710, 648, 541, 868, 1003, 702, 677, 796, 674, 691, 595, 1364, 1488, 903, 729, 1054, 882, 619, 725, 1225, 1358, 944, 787, 966, 863, 720, 691, 755, 552, 675, 800, 697, 674, 646, 731, 602, 720, 775, 718, 785, 664, 599, 698, 695, 967, 1052, 743, 735, 708, 729, 731, 835, 1106, 1035, 548, 778, 791, 655, 721, 739, 802, 779, 550, 691, 793, 583, 597, 601, 717, 641, 473, 576, 716, 661, 488, 550, 652, 720, 517, 542, 637, 699, 673, 532, 632, 648, 552, 557, 646, 699, 570, 845, 948, 823, 681, 829, 878, 732, 588, 676, 1022, 944, 593, 850, 827, 638, 533, 607, 841, 845, 603, 652, 671, 603, 549, 616, 734, 620, 529, 497, 643, 693, 558, 746, 888, 671, 571, 572, 643, 643, 498, 608, 847, 714, 493, 553, 612, 720, 536, 482, 635, 584, 471, 430, 550, 771, 627, 611, 728, 684, 636, 607, 565, 710, 648, 534, 574, 646, 650, 483, 482, 600, 591, 529, 564, 607, 603, 504, 505, 631, 610, 574, 583, 621, 599, 617, 615, 714, 713, 577, 615, 586, 588, 606, 660, 716, 579, 783, 736, 649, 692, 691, 735, 717, 756, 872, 904, 816, 702, 863, 781, 685, 830, 842, 1034, 894, 795, 812, 734, 596, 686, 663, 778, 746, 787, 710, 590, 542, 518, 573, 635, 728, 693, 590, 610, 589, 539, 512, 603, 729, 638, 534, 570, 569, 538, 527, 581, 695, 648, 454, 594, 675, 590, 648, 692, 733, 643, 664, 709, 740, 625, 703, 675, 617, 633, 749, 680, 615, 659, 722, 687, 612, 619, 738, 691, 674, 776, 628, 608, 616, 617, 659, 606, 632, 634, 656, 677, 660, 670, 689, 614, 666, 642, 590, 583, 595, 670, 684, 595, 703, 710, 605, 524, 514, 656, 622, 577, 669, 737, 751, 646, 688, 692, 663, 609, 741, 845, 732, 670, 766, 690, 582, 593, 693, 813, 864, 678, 659, 584, 654, 680, 636, 812, 989, 775, 682, 568, 678, 711, 833, 1021, 1057, 763, 613, 627, 752, 813, 672, 920, 969, 786, 671, 610, 645, 851, 798, 880, 845, 797, 725, 698, 708, 717, 857, 875, 749, 713, 665, 655, 655, 630, 772, 822, 820, 838, 829, 694, 714, 819, 773, 776, 756, 858, 805, 637, 718, 874, 732, 665, 623, 694, 623, 581, 585, 659, 605, 519, 719, 629, 577, 653, 600, 753, 705, 619, 576, 615, 664, 685, 638, 836, 740, 519, 630, 705, 690, 604, 672, 783, 632, 517, 771, 711, 689, 642, 663, 749, 623, 703, 658, 574, 589, 649, 626, 603, 801, 868, 596, 703, 670, 569, 548, 714, 1069, 946, 904, 645, 913, 858, 578, 641, 1074, 1340, 1066, 846, 1470, 1044, 638, 877, 1800, 2035, 1033, 1002, 1691, 1366, 673, 1333, 2310, 2225, 702, 1025, 1223, 1056, 663, 1275, 1976, 1566, 708, 865, 833, 657, 639, 883, 1274, 1046, 827, 654, 739, 688, 586, 653, 993, 1063, 787, 569, 683, 826, 609, 616, 739, 792, 1026, 874, 816, 1036, 776, 725, 963, 974, 1391, 1081, 1084, 1261, 808, 1055, 1444, 1370, 893, 911, 895, 863, 666, 1035, 1151, 891, 510, 456, 514, 577, 565, 580, 682, 600, 723, 552, 612, 676, 602, 519, 722, 833, 720, 697, 692, 680, 653, 604, 704, 736, 523, 594, 610, 577, 540, 558, 598, 572, 435, 497, 578, 519, 413, 540, 632, 544, 502, 501, 580, 572, 446, 474, 626, 654, 405, 456, 478, 472, 414, 409, 476, 523, 446, 440, 429, 407, 373, 457, 445, 396, 451, 433, 386, 356, 338, 364, 399, 392, 430, 434, 332, 360, 489, 447, 364, 340, 422, 429, 420, 399, 405, 434, 408, 379, 459, 400, 388, 372, 373, 457, 354, 384]"
-0.7421143054962158,0.7296987771987915,-0.8316339254379272,-0.5651524662971497,0.15995177626609802,0.2613772749900818,-0.4935160279273987,0.10239452123641968,-0.43430328369140625,29.75,0.298517644405365,-0.14047622680664062,16.25,0.3318485617637634,-0.11959075927734375,28.0,0.34257739782333374,-0.12030601501464844,30.25,0.3604587912559509,-0.09770393371582031,24.75,"[614, 605, 658, 699, 650, 700, 655, 604, 534, 494, 549, 632, 646, 547, 640, 650, 637, 509, 517, 551, 513, 466, 479, 670, 622, 474, 471, 543, 538, 442, 459, 634, 564, 585, 533, 408, 478, 535, 463, 519, 524, 519, 488, 528, 534, 536, 504, 486, 527, 459, 459, 439, 489, 520, 518, 521, 549, 567, 563, 540, 496, 533, 594, 608, 517, 521, 542, 473, 507, 558, 475, 532, 533, 520, 531, 508, 588, 615, 533, 569, 535, 503, 547, 524, 461, 405, 502, 616, 591, 534, 603, 580, 495, 507, 614, 663, 487, 588, 638, 526, 483, 519, 563, 508, 605, 636, 564, 531, 563, 551, 562, 561, 561, 598, 534, 459, 527, 506, 470, 545, 514, 509, 597, 506, 462, 538, 577, 584, 528, 510, 519, 531, 494, 531, 509, 531, 537, 526, 519, 521, 576, 611, 597, 558, 637, 615, 542, 586, 529, 619, 635, 549, 1362, 2821, 3179, 1726, 621, 1983, 3492, 3016, 4873, 11998, 12384, 5906, 1775, 8021, 13340, 10384, 6887, 16716, 16412, 7403, 2373, 10872, 17495, 12791, 4067, 9452, 8910, 3829, 1476, 5987, 9397, 6569, 1166, 2765, 2603, 1239, 726, 1874, 2747, 1772, 589, 551, 625, 567, 523, 561, 622, 694, 668, 796, 732, 519, 502, 600, 616, 570, 551, 566, 578, 509, 585, 656, 609, 565, 802, 1220, 1254, 766, 543, 671, 907, 757, 920, 1837, 1872, 989, 618, 894, 1415, 1141, 650, 1412, 1457, 769, 585, 826, 1250, 963, 536, 734, 789, 629, 574, 646, 768, 707, 577, 569, 576, 580, 551, 521, 512, 568, 523, 552, 522, 546, 476, 447, 461, 503, 490, 574, 568, 590, 549, 421, 549, 536, 413, 574, 604, 552, 543, 506, 566, 517, 496, 516, 607, 589, 586, 589, 609, 609, 633, 887, 918, 661, 751, 794, 653, 636, 831, 1210, 1161, 821, 1032, 999, 683, 658, 845, 1082, 857, 648, 857, 836, 551, 586, 662, 769, 750, 593, 710, 683, 777, 796, 695, 678, 664, 499, 660, 705, 691, 722, 1109, 1499, 1143, 609, 644, 877, 955, 666, 1560, 2371, 1747, 659, 893, 1343, 1537, 742, 1281, 1814, 1350, 724, 942, 1330, 1301, 787, 800, 1044, 890, 598, 774, 1076, 924, 651, 756, 937, 818, 592, 672, 856, 832, 690, 788, 800, 718, 664, 790, 717, 681, 679, 786, 813, 687, 623, 730, 656, 609, 682, 776, 1024, 887, 617, 687, 703, 719, 598, 918, 1141, 1069, 911, 946, 868, 746, 714, 977, 1155, 899, 938, 1174, 982, 690, 782, 1023, 1179, 847, 770, 896, 815, 765, 787, 891, 1243, 1091, 744, 787, 791, 850, 721, 1331, 1931, 1521, 686, 1083, 1141, 881, 690, 1126, 1706, 1563, 764, 966, 1105, 790, 698, 695, 826, 885, 659, 774, 786, 635, 628, 759, 890, 694, 634, 605, 677, 739, 616, 764, 1101, 912, 663, 685, 618, 805, 692, 715, 825, 659, 636, 731, 635, 621, 614, 581, 642, 790, 699, 577, 570, 643, 672, 630, 676, 637, 650, 613, 601, 617, 602, 757, 674, 663, 674, 675, 778, 726, 590, 762, 781, 680, 734, 680, 670, 619, 591, 786, 996, 823, 717, 765, 831, 660, 620, 663, 967, 935, 813, 848, 844, 680, 623, 792, 1019, 836, 641, 692, 734, 651, 601, 811, 997, 794, 587, 714, 622, 691, 586, 631, 755, 614, 540, 638, 598, 628, 615, 691, 752, 658, 619, 678, 589, 595, 638, 704, 693, 594, 589, 642, 570, 583, 657, 684, 686, 613, 534, 617, 658, 540, 571, 655, 662, 751, 599, 533, 706, 651, 633, 605, 643, 670, 616, 603, 678, 664, 587, 743, 595, 551, 625, 730, 686, 573, 634, 741, 630, 587, 600, 661, 697, 708, 745, 673, 728, 701, 649, 576, 634, 824, 729, 600, 603, 659, 658, 577, 521, 650, 686, 746, 716, 630, 650, 623, 579, 549, 645, 768, 818, 717, 733, 658, 624, 681, 632, 605, 599, 602, 692, 647, 664, 547, 523, 541, 541, 528, 534, 556, 569, 571, 566, 536, 631, 609, 670, 690, 591, 647, 593, 621, 576, 618, 669, 669, 621, 579, 611, 570, 561, 574, 576, 525, 624, 635, 596, 700, 557, 488, 633, 553, 501, 583, 672, 641, 567, 610, 704, 641, 506, 560, 694, 529, 594, 611, 675, 750, 584, 570, 639, 525, 654, 651, 634, 669, 614, 652, 612, 532, 514, 573, 581, 599, 632, 621, 583, 598, 702, 767, 651, 478, 628, 720, 578, 759, 663, 753, 772, 537, 647, 782, 766, 651, 696, 774, 770, 582, 711, 931, 800, 665, 657, 771, 737, 620, 680, 838, 850, 861, 669, 721, 717, 727, 691, 693, 897, 689, 625, 609, 672, 661, 613, 647, 706, 627, 567, 651, 609, 579, 673, 551, 587, 604, 615, 653, 608, 580, 600, 485, 577, 737, 694, 614, 668, 681, 584, 521, 663, 584, 619, 580, 569, 551, 552, 583, 539, 618, 613, 457, 512, 562, 662, 665, 521, 637, 721, 491, 430, 490, 664, 734, 560, 700, 680, 524, 589, 599, 621, 628, 553, 731, 742, 657, 570, 562, 702, 658, 622, 746, 757, 626, 595, 672, 676, 665, 613, 797, 800, 933, 865, 719, 766, 1314, 1338, 876, 862, 1167, 856, 709, 873, 1904, 2004, 682, 972, 1077, 703, 622, 911, 1650, 1555, 604, 941, 1020, 829, 577, 844, 1235, 932, 825, 824, 1152, 910, 549, 638, 975, 1159, 904, 689, 1041, 975, 602, 670, 781, 1030, 855, 592, 640, 651, 650, 657, 673, 935, 1198, 639, 855, 953, 823, 666, 920, 1379, 917, 539, 831, 824, 689, 625, 787, 1079, 747, 641, 540, 508, 604, 779, 801, 738, 908, 765, 700, 631, 618, 825, 949, 937, 782, 573, 508, 559, 567, 613, 624, 776, 613, 508, 574, 639, 613, 490, 595, 700, 807, 694, 881, 872, 732, 621, 705, 858, 612, 603, 723, 726, 494, 463, 680, 700, 536, 531, 630, 640, 553, 544, 556, 544, 499, 675, 687, 562, 485, 552, 591, 484, 545, 589, 563, 434, 431, 516, 453, 440, 538, 494, 457, 469, 498, 505, 426, 487, 465, 459, 448, 453, 472, 508, 437, 455, 456, 449, 407, 448, 429, 422, 420, 349, 464, 420, 397, 390, 339, 385, 438, 472, 379, 451, 461, 396, 431, 454, 434, 439, 365, 401, 451, 449, 419, 426, 460, 466]"
-0.2636410892009735,-0.3677268326282501,-0.14221233129501343,-0.1204000934958458,-0.28764572739601135,-0.7321977615356445,-0.45643559098243713,-0.6397483348846436,0.991058349609375,15.25,-0.3622291088104248,0.5008220672607422,18.5,-0.24077868461608887,0.0,16.75,-0.18184161186218262,0.34575462341308594,16.75,-0.09143328666687012,-0.40340423583984375,16.25,"[574, 516, 484, 567, 573, 563, 480, 516, 576, 637, 611, 632, 585, 606, 625, 518, 470, 504, 482, 559, 556, 518, 539, 475, 554, 507, 467, 504, 490, 463, 437, 491, 572, 583, 544, 538, 502, 494, 414, 448, 537, 566, 639, 535, 526, 503, 475, 490, 535, 536, 574, 519, 527, 535, 489, 563, 590, 640, 702, 543, 537, 612, 623, 597, 524, 617, 599, 487, 481, 463, 466, 427, 515, 599, 608, 556, 576, 546, 501, 496, 466, 486, 575, 537, 478, 524, 583, 559, 547, 525, 511, 543, 529, 572, 533, 477, 575, 501, 485, 576, 555, 607, 573, 556, 603, 574, 590, 625, 591, 536, 569, 567, 595, 590, 554, 528, 611, 572, 544, 560, 442, 525, 560, 468, 444, 429, 608, 580, 429, 574, 531, 452, 457, 546, 559, 414, 514, 562, 476, 470, 538, 594, 488, 424, 524, 573, 540, 540, 522, 562, 546, 525, 496, 487, 545, 537, 491, 535, 625, 597, 533, 530, 472, 453, 459, 500, 514, 531, 730, 663, 518, 525, 665, 687, 500, 559, 652, 660, 477, 504, 545, 559, 509, 540, 608, 594, 475, 513, 568, 521, 504, 490, 456, 520, 542, 530, 508, 506, 523, 454, 557, 541, 560, 540, 503, 512, 494, 499, 580, 564, 488, 494, 509, 516, 567, 567, 595, 600, 529, 516, 493, 542, 583, 537, 576, 625, 606, 600, 581, 570, 630, 600, 627, 567, 557, 659, 655, 535, 548, 623, 517, 580, 578, 544, 467, 564, 581, 522, 489, 538, 516, 452, 476, 517, 517, 518, 529, 447, 518, 552, 452, 448, 437, 525, 532, 445, 604, 641, 563, 529, 483, 570, 518, 480, 524, 543, 572, 563, 479, 495, 534, 485, 563, 608, 512, 505, 533, 564, 614, 561, 554, 648, 581, 472, 449, 560, 543, 532, 612, 639, 558, 506, 571, 540, 616, 551, 544, 584, 604, 556, 558, 659, 552, 513, 536, 480, 571, 521, 593, 637, 539, 581, 620, 546, 542, 544, 577, 608, 510, 637, 618, 537, 531, 616, 610, 571, 527, 621, 637, 532, 524, 633, 686, 615, 532, 535, 652, 614, 529, 596, 679, 674, 520, 492, 581, 577, 530, 524, 654, 710, 868, 538, 748, 870, 830, 598, 855, 1147, 893, 892, 884, 878, 876, 860, 1350, 1377, 1192, 1688, 2451, 1710, 821, 1725, 3295, 3125, 2137, 2110, 3741, 2890, 1515, 2075, 4913, 5109, 1632, 2116, 3698, 2907, 1439, 1684, 4218, 4354, 1188, 2861, 4053, 2776, 1050, 2210, 4438, 4045, 714, 2300, 2996, 1939, 727, 1937, 3393, 2817, 620, 1237, 1639, 1243, 594, 1087, 1728, 1451, 672, 748, 867, 762, 550, 761, 824, 639, 732, 1353, 1636, 1061, 655, 985, 1461, 1344, 737, 1690, 1979, 1252, 659, 1125, 1772, 1540, 627, 1142, 1299, 810, 607, 831, 1204, 1076, 566, 616, 682, 602, 617, 591, 643, 636, 500, 543, 695, 578, 506, 575, 708, 682, 533, 538, 656, 596, 532, 597, 646, 606, 532, 537, 634, 572, 518, 555, 596, 563, 591, 560, 553, 546, 493, 518, 559, 567, 502, 530, 639, 592, 476, 536, 613, 575, 608, 504, 568, 575, 519, 521, 553, 602, 505, 523, 637, 524, 376, 492, 522, 539, 474, 438, 500, 492, 449, 552, 573, 559, 515, 509, 521, 467, 522, 606, 493, 474, 552, 569, 559, 499, 481, 537, 542, 572, 575, 711, 639, 573, 528, 479, 524, 487, 583, 726, 827, 695, 656, 587, 619, 534, 573, 706, 883, 818, 636, 594, 597, 620, 604, 710, 926, 813, 643, 610, 678, 623, 590, 637, 771, 787, 701, 695, 701, 652, 675, 639, 560, 682, 734, 747, 682, 592, 724, 613, 559, 630, 621, 802, 701, 539, 551, 601, 682, 554, 489, 748, 677, 495, 423, 550, 523, 506, 484, 510, 470, 436, 545, 582, 516, 616, 593, 492, 538, 589, 549, 679, 669, 607, 664, 629, 568, 534, 648, 676, 664, 617, 672, 649, 613, 612, 601, 605, 624, 609, 615, 606, 579, 543, 604, 671, 638, 615, 708, 670, 555, 562, 541, 632, 571, 586, 675, 615, 564, 538, 638, 579, 529, 610, 583, 488, 608, 658, 652, 618, 625, 621, 649, 588, 660, 632, 564, 659, 724, 575, 568, 656, 691, 590, 542, 628, 716, 643, 523, 642, 651, 546, 577, 566, 547, 556, 601, 630, 577, 510, 578, 494, 511, 528, 560, 599, 543, 621, 560, 524, 531, 534, 544, 589, 587, 629, 603, 467, 570, 589, 519, 548, 592, 670, 584, 498, 527, 611, 570, 484, 528, 567, 519, 509, 525, 555, 610, 640, 505, 423, 537, 582, 600, 591, 586, 621, 572, 445, 534, 471, 478, 524, 507, 498, 545, 540, 565, 536, 514, 596, 563, 503, 549, 562, 553, 595, 577, 560, 591, 570, 621, 566, 609, 542, 506, 615, 673, 648, 627, 592, 575, 550, 554, 516, 615, 655, 525, 520, 495, 535, 632, 513, 432, 547, 594, 571, 523, 551, 663, 553, 415, 554, 654, 605, 531, 581, 604, 567, 493, 623, 616, 560, 601, 552, 594, 608, 611, 538, 527, 535, 675, 588, 509, 589, 620, 541, 504, 600, 585, 475, 532, 663, 574, 462, 596, 634, 517, 540, 520, 651, 536, 482, 623, 522, 656, 585, 475, 522, 564, 600, 535, 574, 504, 496, 501, 549, 661, 656, 560, 585, 563, 560, 550, 560, 594, 525, 522, 617, 608, 707, 652, 645, 638, 530, 702, 771, 707, 729, 682, 702, 605, 611, 818, 803, 699, 718, 707, 724, 579, 602, 695, 653, 573, 563, 609, 675, 540, 454, 520, 591, 548, 541, 608, 631, 549, 480, 551, 603, 444, 583, 489, 468, 542, 507, 524, 479, 447, 529, 539, 604, 579, 486, 565, 580, 445, 502, 534, 550, 541, 476, 569, 548, 491, 528, 543, 496, 488, 513, 506, 474, 587, 539, 433, 463, 499, 446, 375, 438, 604, 573, 542, 487, 519, 565, 497, 524, 519, 493, 470, 501, 553, 489, 502, 513, 486, 492, 488, 417, 452, 435, 438, 503, 427, 429, 485, 465, 434, 467, 435, 403, 426, 482, 518, 499, 452, 392, 423, 472, 395, 473, 411, 372, 365, 372, 387, 372, 510, 533, 467, 389, 406, 503, 467, 392, 451, 482, 414, 429, 395, 422, 432, 404, 403, 381, 362, 374, 369, 403, 403, 405]"
-0.14632496237754822,-0.08479687571525574,-0.21752548217773438,0.06779228150844574,0.0889279842376709,-0.7898024320602417,-0.2290964126586914,-0.46309971809387207,0.8504390716552734,17.5,-0.4510834217071533,0.547027587890625,19.75,-0.39786839485168457,0.49767494201660156,19.75,-0.11777424812316895,0.11572837829589844,21.5,-0.09817624092102051,0.2909660339355469,18.25,"[598, 592, 471, 586, 746, 584, 474, 592, 570, 484, 493, 621, 652, 541, 507, 527, 512, 465, 486, 651, 626, 509, 514, 532, 459, 459, 514, 570, 490, 473, 498, 521, 422, 468, 505, 453, 464, 525, 473, 414, 467, 528, 546, 470, 448, 486, 525, 464, 503, 519, 530, 532, 518, 446, 455, 495, 505, 483, 504, 596, 570, 474, 454, 527, 577, 538, 485, 519, 564, 561, 500, 526, 460, 452, 438, 506, 596, 594, 439, 448, 429, 426, 485, 499, 460, 460, 483, 501, 456, 505, 558, 551, 513, 522, 608, 578, 533, 582, 573, 548, 511, 521, 547, 530, 541, 530, 525, 544, 544, 628, 629, 543, 485, 484, 472, 434, 497, 575, 508, 425, 527, 552, 502, 497, 515, 503, 419, 433, 481, 490, 533, 503, 445, 503, 533, 535, 414, 462, 560, 489, 424, 416, 494, 496, 561, 477, 470, 528, 503, 457, 538, 652, 595, 567, 490, 486, 518, 583, 573, 577, 518, 508, 552, 496, 451, 563, 557, 520, 525, 502, 493, 510, 563, 577, 581, 570, 510, 512, 507, 569, 554, 542, 536, 490, 484, 515, 594, 555, 472, 505, 563, 469, 456, 542, 551, 420, 435, 469, 506, 503, 507, 566, 541, 503, 495, 464, 487, 495, 565, 562, 601, 597, 553, 462, 539, 570, 523, 477, 484, 590, 564, 492, 531, 516, 426, 466, 568, 570, 541, 516, 514, 547, 511, 587, 586, 572, 552, 570, 556, 531, 464, 595, 542, 458, 523, 577, 562, 475, 418, 576, 600, 485, 491, 574, 615, 537, 378, 463, 440, 461, 443, 461, 511, 428, 534, 545, 410, 509, 536, 511, 506, 478, 626, 628, 521, 573, 654, 654, 561, 547, 487, 532, 533, 527, 573, 590, 541, 501, 378, 507, 560, 552, 600, 636, 603, 494, 467, 545, 542, 573, 588, 549, 598, 493, 511, 502, 469, 470, 463, 514, 535, 503, 555, 455, 477, 523, 512, 500, 504, 577, 523, 450, 513, 477, 478, 516, 464, 521, 568, 558, 528, 516, 568, 614, 600, 543, 583, 587, 613, 543, 542, 646, 693, 630, 664, 578, 461, 540, 534, 569, 582, 633, 726, 560, 558, 709, 694, 551, 555, 713, 1333, 758, 874, 1186, 1085, 802, 968, 1395, 1872, 1279, 1586, 1855, 1528, 1363, 2444, 2681, 2877, 1886, 3035, 2883, 2066, 1878, 4662, 5175, 2358, 1909, 3677, 3037, 1816, 1653, 4803, 5306, 1608, 3557, 4425, 2642, 1339, 1896, 4241, 4037, 2011, 5922, 6653, 3580, 1466, 2982, 5378, 4369, 1825, 4252, 5118, 3075, 1220, 2101, 4038, 3726, 1468, 1390, 1828, 1362, 894, 931, 1897, 2225, 857, 682, 883, 762, 711, 675, 1075, 1228, 464, 576, 689, 591, 569, 598, 706, 688, 530, 546, 686, 602, 553, 621, 644, 651, 511, 574, 722, 627, 519, 586, 661, 646, 532, 546, 604, 607, 518, 611, 658, 603, 540, 553, 622, 551, 485, 614, 615, 583, 528, 513, 656, 536, 527, 556, 544, 589, 510, 573, 597, 467, 530, 581, 565, 517, 537, 520, 557, 530, 576, 602, 634, 625, 566, 570, 562, 546, 627, 696, 704, 648, 558, 663, 655, 594, 632, 700, 667, 558, 523, 599, 625, 626, 514, 500, 652, 651, 662, 602, 533, 657, 643, 621, 672, 650, 696, 730, 574, 568, 611, 571, 601, 634, 723, 827, 716, 566, 564, 544, 613, 648, 744, 862, 785, 583, 616, 614, 647, 706, 634, 698, 649, 580, 629, 607, 545, 625, 718, 584, 668, 697, 666, 626, 594, 725, 832, 738, 700, 797, 815, 744, 573, 740, 750, 810, 676, 695, 754, 680, 552, 716, 826, 846, 705, 691, 698, 836, 765, 671, 850, 701, 739, 841, 789, 846, 637, 666, 656, 617, 824, 765, 619, 752, 650, 618, 615, 597, 769, 735, 548, 559, 624, 635, 583, 594, 705, 651, 571, 561, 637, 662, 506, 607, 615, 579, 569, 548, 654, 633, 668, 744, 631, 549, 636, 607, 664, 666, 586, 712, 546, 541, 643, 560, 634, 586, 623, 726, 615, 568, 587, 535, 522, 504, 633, 737, 709, 632, 581, 615, 722, 610, 504, 591, 619, 557, 560, 615, 741, 673, 568, 568, 472, 535, 537, 521, 567, 584, 711, 613, 506, 565, 686, 582, 518, 600, 627, 635, 484, 569, 681, 621, 635, 641, 533, 601, 614, 553, 570, 621, 599, 580, 481, 513, 523, 527, 552, 521, 545, 532, 566, 472, 454, 545, 603, 552, 580, 597, 551, 571, 529, 548, 484, 533, 599, 503, 645, 523, 501, 575, 652, 595, 497, 594, 491, 578, 534, 534, 556, 494, 594, 606, 565, 672, 666, 585, 573, 547, 639, 592, 558, 599, 520, 472, 512, 573, 569, 521, 535, 575, 546, 512, 511, 527, 523, 533, 481, 544, 600, 573, 541, 523, 522, 448, 601, 637, 552, 499, 554, 583, 519, 534, 653, 687, 637, 523, 471, 518, 612, 644, 591, 597, 544, 519, 492, 580, 620, 617, 509, 628, 581, 531, 541, 582, 685, 601, 639, 675, 629, 609, 603, 577, 604, 636, 600, 528, 569, 555, 553, 523, 618, 656, 427, 415, 505, 553, 586, 567, 582, 576, 487, 445, 510, 444, 552, 600, 528, 552, 492, 525, 544, 523, 532, 596, 636, 560, 549, 548, 529, 573, 594, 646, 666, 570, 624, 591, 531, 643, 720, 658, 582, 562, 530, 605, 638, 621, 569, 629, 618, 519, 605, 641, 627, 589, 621, 688, 726, 675, 589, 555, 567, 569, 584, 582, 647, 699, 530, 563, 626, 598, 530, 585, 616, 584, 561, 550, 583, 565, 525, 541, 576, 597, 574, 567, 635, 644, 596, 585, 590, 630, 608, 533, 643, 695, 570, 534, 547, 604, 529, 500, 503, 499, 458, 499, 489, 503, 577, 581, 496, 523, 563, 551, 531, 544, 602, 553, 603, 638, 592, 570, 608, 582, 562, 485, 537, 632, 603, 549, 615, 564, 457, 563, 580, 528, 445, 531, 562, 511, 491, 565, 541, 504, 539, 489, 470, 460, 490, 550, 537, 521, 513, 562, 533, 419, 481, 457, 452, 474, 449, 504, 507, 445, 478, 483, 441, 373, 422, 448, 454, 377, 397, 361, 458, 435, 355, 387, 403, 412, 488, 492, 500, 446, 419, 420, 425, 463, 518, 504, 405, 437, 421, 429, 452, 430, 508, 477, 378, 439, 470, 451, 442, 441]"
-0.2853745222091675,-0.047806449234485626,-0.3677881360054016,-0.20703630149364471,0.1467149555683136,-0.9032360315322876,-0.4605380892753601,-0.7045482397079468,0.881195068359375,15.0,-0.47323453426361084,0.7025241851806641,17.75,-0.25436627864837646,0.8106708526611328,22.75,-0.23019063472747803,0.7447242736816406,17.75,-0.2094482183456421,0.6988048553466797,20.5,"[636, 612, 587, 568, 637, 561, 585, 610, 577, 570, 490, 525, 585, 554, 543, 572, 566, 591, 504, 551, 581, 512, 540, 534, 579, 593, 507, 481, 533, 521, 507, 548, 459, 537, 585, 537, 458, 460, 443, 468, 450, 550, 578, 514, 429, 494, 545, 516, 508, 598, 582, 505, 476, 509, 527, 479, 551, 602, 546, 510, 457, 517, 500, 465, 475, 504, 499, 478, 473, 473, 515, 474, 473, 517, 499, 483, 528, 547, 479, 458, 528, 486, 448, 517, 596, 564, 458, 548, 536, 506, 441, 556, 644, 534, 578, 616, 564, 554, 534, 564, 650, 546, 528, 568, 517, 589, 515, 468, 557, 555, 492, 458, 608, 509, 444, 508, 531, 575, 527, 503, 543, 492, 548, 565, 536, 600, 618, 542, 485, 477, 481, 503, 477, 508, 520, 497, 515, 534, 530, 539, 495, 432, 506, 537, 528, 533, 516, 565, 523, 496, 550, 508, 476, 506, 523, 537, 594, 594, 509, 440, 514, 519, 505, 525, 658, 674, 516, 475, 627, 726, 645, 544, 662, 689, 643, 549, 543, 616, 575, 506, 593, 590, 557, 527, 541, 614, 552, 487, 541, 547, 531, 512, 490, 521, 510, 510, 503, 597, 604, 521, 537, 561, 529, 546, 492, 553, 651, 536, 450, 548, 570, 534, 512, 529, 560, 506, 469, 463, 598, 554, 549, 563, 525, 547, 442, 502, 578, 507, 507, 507, 557, 538, 486, 556, 614, 584, 647, 615, 607, 578, 550, 636, 594, 567, 658, 736, 662, 568, 521, 602, 613, 626, 572, 554, 595, 539, 549, 512, 492, 590, 591, 531, 537, 524, 578, 529, 474, 547, 531, 507, 482, 494, 612, 610, 599, 557, 504, 558, 547, 556, 600, 534, 553, 528, 546, 551, 522, 545, 576, 555, 552, 574, 551, 519, 553, 526, 527, 543, 535, 508, 560, 576, 540, 474, 611, 525, 460, 546, 566, 472, 493, 604, 533, 532, 596, 556, 568, 598, 634, 688, 606, 593, 627, 621, 595, 552, 643, 746, 561, 509, 496, 629, 532, 493, 601, 658, 523, 472, 494, 566, 674, 594, 501, 577, 695, 640, 604, 597, 703, 660, 688, 736, 901, 588, 784, 956, 860, 585, 910, 1152, 796, 890, 912, 919, 781, 807, 1129, 1099, 2028, 1563, 2463, 1917, 1441, 1554, 4241, 4562, 2942, 2001, 3769, 2699, 1870, 2070, 5919, 6494, 2163, 769, 1961, 1908, 1300, 937, 2873, 3545, 1327, 4792, 5089, 2389, 1232, 2723, 4895, 3850, 1467, 7380, 8315, 4012, 1018, 4566, 8262, 6572, 1398, 4729, 5494, 2820, 1236, 3237, 6178, 5279, 746, 1627, 1704, 999, 853, 1321, 2489, 2178, 653, 611, 601, 666, 607, 675, 786, 729, 653, 583, 620, 626, 572, 630, 705, 705, 658, 647, 675, 627, 635, 608, 736, 810, 635, 606, 617, 634, 679, 616, 649, 709, 612, 628, 617, 627, 580, 543, 555, 624, 608, 672, 649, 617, 557, 556, 705, 671, 480, 527, 527, 608, 607, 508, 539, 560, 506, 521, 578, 623, 622, 562, 556, 602, 560, 516, 543, 659, 710, 624, 570, 537, 527, 492, 503, 568, 627, 558, 486, 593, 511, 517, 620, 607, 505, 544, 558, 517, 536, 517, 505, 574, 571, 509, 509, 594, 681, 637, 540, 518, 610, 664, 486, 500, 636, 633, 580, 600, 635, 589, 436, 569, 714, 781, 711, 682, 669, 617, 673, 636, 773, 918, 843, 672, 568, 619, 671, 594, 759, 952, 751, 585, 563, 621, 624, 564, 760, 839, 814, 705, 630, 666, 550, 628, 1118, 998, 1005, 999, 872, 919, 609, 931, 1155, 946, 934, 972, 896, 836, 663, 905, 803, 612, 713, 837, 790, 645, 537, 716, 707, 663, 708, 853, 907, 761, 568, 691, 790, 674, 668, 784, 749, 677, 575, 706, 639, 601, 552, 657, 565, 533, 576, 599, 624, 585, 580, 562, 560, 547, 584, 644, 710, 658, 651, 646, 590, 540, 626, 682, 679, 707, 618, 649, 616, 651, 664, 579, 648, 627, 601, 617, 570, 688, 649, 502, 636, 620, 637, 688, 644, 654, 561, 551, 594, 605, 661, 661, 625, 653, 636, 615, 535, 602, 631, 533, 557, 618, 589, 567, 571, 641, 583, 477, 574, 551, 506, 545, 511, 586, 612, 564, 563, 528, 581, 516, 534, 592, 610, 615, 636, 621, 595, 623, 623, 545, 548, 593, 645, 574, 641, 745, 617, 566, 507, 603, 663, 583, 517, 611, 604, 517, 570, 592, 677, 625, 545, 565, 552, 574, 680, 545, 531, 568, 568, 617, 613, 643, 639, 633, 593, 514, 622, 669, 633, 616, 541, 617, 612, 527, 561, 600, 523, 544, 574, 585, 642, 613, 590, 577, 519, 467, 551, 553, 504, 518, 542, 549, 515, 491, 504, 567, 562, 465, 460, 459, 566, 550, 520, 554, 605, 558, 447, 522, 627, 538, 540, 565, 622, 601, 525, 600, 657, 583, 594, 612, 665, 662, 547, 599, 607, 611, 560, 626, 614, 592, 584, 568, 535, 609, 539, 579, 607, 492, 537, 572, 508, 607, 574, 602, 575, 567, 558, 518, 705, 608, 561, 616, 660, 608, 551, 631, 635, 635, 613, 594, 536, 575, 560, 537, 528, 574, 626, 659, 588, 550, 582, 491, 690, 671, 620, 659, 666, 611, 632, 646, 550, 543, 489, 591, 701, 623, 549, 537, 610, 636, 613, 549, 637, 729, 673, 575, 590, 704, 696, 574, 598, 590, 661, 656, 637, 705, 643, 552, 598, 600, 706, 671, 679, 594, 480, 554, 637, 584, 584, 670, 603, 571, 595, 569, 609, 637, 649, 666, 558, 520, 584, 525, 516, 565, 539, 645, 547, 435, 455, 550, 568, 492, 539, 611, 601, 496, 467, 613, 639, 556, 566, 625, 591, 550, 496, 557, 555, 577, 569, 594, 632, 569, 508, 471, 552, 573, 615, 680, 519, 518, 600, 500, 473, 523, 563, 606, 438, 490, 563, 494, 463, 512, 497, 473, 481, 475, 482, 475, 539, 562, 541, 548, 475, 428, 481, 463, 464, 500, 441, 478, 415, 459, 533, 505, 463, 418, 380, 457, 490, 465, 442, 471, 524, 530, 488, 454, 405, 471, 367, 403, 452, 494, 425, 360, 457, 448, 435, 423, 458, 435, 414, 428, 429, 472, 441, 379, 374, 438, 427, 428, 441, 462, 442, 382, 377, 414, 467, 430, 458, 498, 455, 458, 481, 486, 469, 440]"
-0.33088603615760803,-0.12128500640392303,-0.5255336165428162,-0.2726614773273468,0.0966881811618805,-1.0255815982818604,-0.4632986783981323,-1.4986605644226074,1.2253761291503906,16.75,-1.4986605644226074,1.3134956359863281,20.75,-0.600156307220459,0.8634567260742188,25.0,-0.5476565361022949,0.807952880859375,23.25,-0.42034101486206055,1.2823104858398438,17.75,"[608, 588, 584, 627, 654, 632, 583, 597, 507, 648, 633, 605, 690, 684, 623, 536, 516, 545, 537, 585, 616, 619, 539, 495, 503, 543, 492, 493, 424, 445, 481, 434, 461, 515, 533, 457, 435, 472, 454, 479, 541, 463, 445, 444, 510, 509, 448, 469, 562, 593, 487, 441, 588, 571, 440, 481, 647, 521, 518, 533, 515, 530, 490, 532, 544, 512, 507, 601, 526, 431, 397, 498, 581, 544, 532, 566, 562, 548, 533, 572, 596, 637, 602, 522, 548, 660, 572, 575, 645, 639, 588, 571, 553, 530, 557, 643, 508, 498, 497, 545, 594, 504, 486, 527, 462, 533, 558, 535, 557, 588, 518, 417, 504, 525, 530, 558, 524, 542, 483, 464, 609, 549, 489, 625, 645, 579, 554, 584, 637, 636, 532, 543, 640, 652, 500, 527, 608, 522, 540, 593, 677, 687, 536, 574, 587, 475, 508, 658, 697, 651, 590, 567, 552, 518, 515, 633, 669, 557, 571, 616, 495, 464, 569, 633, 545, 513, 620, 589, 471, 464, 536, 646, 579, 452, 507, 544, 471, 532, 583, 601, 522, 444, 459, 476, 532, 490, 547, 622, 629, 564, 549, 571, 584, 614, 514, 593, 677, 588, 557, 599, 647, 605, 537, 653, 667, 598, 575, 596, 606, 545, 511, 637, 578, 507, 536, 633, 600, 511, 487, 524, 488, 527, 595, 624, 502, 558, 497, 450, 516, 555, 546, 517, 664, 613, 538, 479, 537, 573, 507, 609, 649, 614, 540, 562, 508, 539, 507, 566, 615, 713, 583, 574, 600, 564, 568, 559, 552, 657, 616, 497, 586, 531, 545, 538, 544, 591, 607, 505, 547, 618, 557, 537, 543, 466, 536, 592, 515, 536, 477, 485, 606, 564, 464, 573, 618, 552, 482, 518, 536, 560, 510, 558, 611, 550, 558, 569, 448, 615, 685, 616, 641, 718, 659, 478, 575, 537, 575, 708, 630, 561, 572, 600, 535, 492, 597, 636, 614, 609, 616, 652, 575, 569, 569, 586, 634, 586, 630, 655, 533, 488, 547, 603, 569, 549, 645, 634, 507, 496, 563, 636, 536, 526, 706, 615, 583, 519, 620, 740, 633, 527, 641, 678, 995, 698, 729, 873, 939, 720, 921, 1200, 1794, 833, 1590, 1958, 1746, 787, 2137, 2802, 4136, 2154, 4581, 4030, 3199, 2312, 7222, 8287, 5222, 2247, 5289, 4071, 3321, 2679, 9070, 10511, 3643, 3155, 2547, 1233, 1666, 1942, 3660, 4428, 4175, 8419, 7410, 2748, 2092, 4512, 6352, 3779, 5478, 6357, 5761, 4870, 3018, 2539, 3064, 4264, 3263, 2703, 4961, 4500, 2037, 1105, 3360, 4658, 770, 1213, 1811, 1502, 770, 935, 1376, 1357, 617, 624, 901, 859, 645, 522, 643, 785, 510, 655, 669, 641, 616, 614, 713, 670, 645, 550, 610, 590, 567, 611, 673, 758, 631, 631, 779, 738, 556, 677, 835, 897, 603, 505, 654, 721, 569, 571, 656, 714, 625, 640, 656, 652, 612, 565, 550, 602, 609, 580, 596, 601, 693, 660, 499, 574, 624, 683, 642, 602, 567, 600, 574, 499, 657, 617, 658, 698, 639, 622, 648, 667, 664, 607, 534, 656, 709, 622, 689, 749, 674, 620, 553, 687, 698, 642, 737, 752, 676, 565, 585, 689, 656, 603, 601, 677, 601, 557, 604, 652, 607, 663, 661, 598, 538, 637, 682, 709, 692, 621, 578, 488, 607, 883, 822, 553, 611, 657, 739, 644, 844, 1782, 1839, 908, 634, 806, 1097, 921, 1005, 2056, 2114, 1066, 618, 866, 1127, 927, 761, 1530, 1586, 817, 700, 877, 801, 649, 766, 1076, 1105, 759, 754, 901, 724, 673, 602, 610, 628, 586, 622, 739, 679, 580, 677, 687, 776, 842, 758, 707, 635, 628, 750, 676, 728, 817, 787, 740, 654, 643, 785, 638, 824, 859, 683, 721, 610, 644, 691, 568, 817, 824, 583, 642, 550, 581, 584, 654, 676, 701, 637, 637, 650, 577, 621, 648, 644, 709, 686, 629, 688, 616, 728, 618, 550, 649, 624, 589, 626, 686, 643, 593, 558, 519, 615, 634, 568, 577, 565, 543, 682, 617, 571, 567, 616, 658, 610, 519, 630, 714, 656, 608, 723, 755, 595, 630, 609, 622, 649, 680, 726, 603, 578, 617, 569, 555, 673, 661, 547, 554, 663, 633, 670, 686, 611, 581, 661, 682, 668, 679, 739, 667, 606, 716, 721, 652, 563, 565, 580, 579, 528, 595, 639, 627, 492, 525, 548, 555, 493, 481, 577, 578, 495, 503, 512, 584, 593, 581, 579, 574, 458, 572, 610, 609, 572, 598, 565, 484, 536, 628, 622, 588, 544, 455, 448, 460, 551, 610, 631, 570, 521, 548, 456, 496, 533, 597, 648, 625, 611, 616, 466, 532, 526, 579, 621, 551, 536, 576, 473, 473, 504, 586, 648, 592, 482, 541, 570, 500, 548, 551, 579, 541, 511, 458, 546, 593, 651, 565, 546, 496, 573, 599, 616, 662, 605, 562, 530, 543, 594, 607, 555, 496, 536, 528, 554, 523, 496, 556, 535, 553, 521, 525, 431, 484, 494, 501, 539, 520, 549, 570, 516, 541, 583, 513, 505, 546, 532, 601, 576, 524, 484, 517, 525, 483, 565, 599, 636, 612, 531, 493, 582, 573, 542, 591, 577, 535, 474, 584, 608, 547, 553, 584, 562, 556, 528, 614, 599, 535, 551, 540, 555, 636, 632, 562, 588, 590, 540, 641, 696, 605, 532, 572, 622, 588, 466, 645, 702, 536, 455, 561, 578, 506, 627, 561, 638, 653, 559, 608, 581, 642, 552, 604, 572, 570, 599, 630, 599, 565, 586, 506, 512, 559, 528, 584, 629, 614, 532, 485, 470, 568, 500, 474, 568, 571, 544, 520, 500, 591, 516, 447, 509, 519, 586, 583, 560, 548, 493, 497, 516, 478, 663, 666, 606, 521, 562, 578, 557, 593, 532, 564, 556, 540, 510, 556, 588, 622, 592, 566, 507, 562, 592, 556, 541, 557, 562, 554, 465, 500, 494, 525, 425, 456, 490, 483, 463, 517, 553, 459, 369, 431, 454, 460, 516, 532, 500, 494, 462, 472, 543, 603, 506, 457, 413, 480, 504, 497, 398, 468, 501, 473, 455, 427, 520, 463, 367, 396, 462, 407, 413, 446, 474, 444, 397, 402, 377, 418, 394, 379, 509, 485, 453, 423, 392, 446, 446, 409, 418, 440, 438, 436, 402, 392, 380, 408, 382, 373, 438, 460, 470, 419, 402, 426, 400, 404]"
-0.4534839689731598,0.06572138518095016,-0.5234174728393555,-0.4819774627685547,0.3038943111896515,-0.9245859980583191,-0.6119592785835266,-0.8699641227722168,1.0744571685791016,25.0,-0.5995974540710449,0.9013652801513672,17.25,-0.09720182418823242,0.2876758575439453,26.75,-0.09147977828979492,0.286102294921875,26.0,-0.06859159469604492,0.2899646759033203,22.75,"[583, 682, 564, 605, 812, 607, 563, 681, 582, 540, 571, 701, 739, 561, 607, 691, 640, 611, 563, 555, 608, 596, 595, 603, 534, 416, 420, 466, 512, 487, 478, 569, 507, 461, 500, 516, 474, 500, 476, 519, 523, 465, 525, 504, 527, 552, 472, 547, 569, 509, 487, 540, 610, 566, 451, 539, 514, 638, 564, 537, 609, 604, 612, 538, 515, 558, 529, 463, 510, 570, 576, 523, 583, 550, 526, 494, 464, 553, 567, 537, 541, 477, 521, 528, 475, 480, 515, 521, 590, 480, 475, 560, 557, 464, 489, 538, 633, 496, 485, 611, 610, 498, 483, 571, 598, 584, 475, 579, 639, 471, 461, 601, 555, 567, 535, 521, 568, 556, 591, 613, 437, 509, 619, 568, 523, 545, 592, 580, 513, 525, 574, 511, 408, 483, 492, 505, 607, 618, 515, 513, 536, 531, 567, 543, 570, 541, 483, 493, 515, 552, 511, 522, 552, 580, 488, 544, 516, 562, 528, 455, 513, 522, 546, 532, 509, 535, 610, 581, 543, 572, 566, 621, 574, 557, 645, 632, 559, 518, 486, 545, 523, 518, 546, 609, 542, 554, 495, 595, 567, 533, 610, 543, 514, 577, 505, 575, 592, 524, 501, 484, 652, 703, 624, 569, 541, 529, 550, 566, 563, 660, 534, 516, 484, 485, 519, 502, 544, 611, 524, 475, 479, 562, 513, 490, 568, 601, 577, 495, 539, 611, 545, 566, 530, 584, 639, 600, 567, 642, 628, 542, 603, 597, 624, 643, 621, 667, 677, 599, 648, 611, 536, 613, 627, 625, 633, 624, 562, 525, 548, 522, 514, 565, 568, 553, 563, 625, 612, 502, 639, 726, 587, 556, 462, 590, 560, 451, 509, 601, 563, 524, 515, 549, 608, 510, 533, 500, 507, 578, 610, 590, 569, 626, 564, 548, 611, 631, 585, 538, 578, 700, 612, 495, 564, 595, 621, 607, 567, 548, 581, 532, 565, 578, 526, 601, 497, 511, 592, 500, 521, 485, 531, 539, 457, 486, 632, 601, 542, 492, 608, 591, 535, 615, 642, 628, 582, 595, 685, 613, 622, 732, 770, 660, 710, 792, 1399, 705, 1000, 1421, 1406, 745, 1402, 1918, 1388, 864, 1345, 1515, 1312, 1025, 1493, 1882, 1917, 1302, 2011, 2087, 1536, 1451, 3832, 4062, 5047, 2316, 4751, 4139, 3485, 2618, 8664, 9976, 6044, 2354, 5456, 4513, 3741, 2445, 9299, 11240, 4407, 2266, 2845, 1085, 2102, 2574, 6147, 7157, 4134, 9415, 13983, 8510, 1320, 7479, 15872, 15298, 4930, 11240, 17336, 11196, 2826, 8244, 18619, 18318, 2550, 6488, 9706, 6413, 2134, 4784, 10757, 10271, 1181, 2110, 2901, 2307, 1091, 1772, 3522, 3160, 932, 1260, 1522, 1133, 639, 845, 1183, 1177, 767, 1532, 1749, 1062, 616, 1092, 1756, 1542, 686, 1150, 1285, 786, 540, 876, 1341, 1198, 541, 716, 872, 618, 475, 657, 771, 748, 659, 850, 841, 623, 607, 692, 814, 710, 716, 1066, 951, 635, 583, 641, 827, 648, 785, 1220, 1090, 668, 607, 733, 874, 660, 700, 892, 914, 647, 470, 694, 813, 713, 647, 675, 682, 650, 557, 603, 710, 651, 512, 587, 710, 695, 586, 656, 745, 648, 633, 620, 711, 684, 566, 665, 703, 706, 629, 637, 671, 692, 612, 755, 788, 706, 633, 883, 877, 764, 709, 939, 1007, 765, 835, 1187, 1090, 707, 776, 1066, 1169, 891, 1431, 3018, 2992, 1431, 1126, 1707, 1867, 1295, 2705, 6243, 6083, 2631, 1827, 3103, 3345, 1993, 2487, 5307, 4965, 2139, 1616, 2791, 2860, 1571, 1231, 1964, 1745, 1000, 956, 1254, 1191, 806, 728, 901, 884, 740, 775, 784, 863, 737, 770, 1188, 1650, 1410, 908, 946, 1046, 1022, 1054, 1404, 2092, 1989, 1271, 1157, 991, 1274, 1151, 1030, 1813, 1965, 1236, 1166, 749, 1114, 827, 682, 1118, 1145, 827, 909, 685, 745, 536, 595, 728, 686, 693, 637, 546, 568, 541, 701, 744, 614, 623, 654, 694, 603, 609, 664, 717, 642, 651, 655, 755, 706, 665, 644, 701, 735, 673, 584, 732, 799, 633, 668, 736, 697, 589, 601, 673, 710, 655, 632, 718, 662, 540, 567, 736, 756, 611, 635, 709, 622, 602, 592, 609, 669, 631, 601, 579, 555, 619, 590, 607, 628, 595, 619, 634, 589, 650, 629, 631, 628, 545, 602, 614, 554, 589, 627, 620, 586, 616, 626, 598, 572, 483, 501, 529, 562, 590, 617, 587, 568, 559, 514, 520, 556, 540, 592, 535, 526, 528, 528, 556, 590, 552, 590, 595, 606, 585, 634, 630, 543, 689, 646, 662, 717, 661, 717, 675, 628, 630, 671, 657, 622, 611, 633, 580, 592, 703, 652, 669, 640, 644, 638, 598, 683, 622, 621, 658, 549, 614, 706, 580, 578, 554, 550, 607, 549, 606, 642, 600, 587, 643, 632, 651, 631, 680, 689, 706, 722, 601, 597, 492, 476, 596, 679, 628, 577, 558, 599, 503, 537, 629, 549, 468, 471, 515, 566, 598, 565, 529, 577, 497, 456, 481, 485, 525, 505, 544, 568, 563, 512, 521, 502, 515, 503, 516, 518, 570, 581, 578, 609, 561, 641, 634, 560, 605, 540, 471, 507, 523, 536, 527, 536, 570, 450, 514, 588, 572, 486, 538, 557, 566, 521, 567, 587, 525, 521, 578, 580, 554, 560, 483, 560, 651, 600, 589, 595, 604, 587, 683, 718, 735, 523, 491, 612, 620, 682, 601, 668, 709, 618, 568, 672, 646, 622, 541, 617, 720, 669, 643, 646, 682, 629, 624, 665, 705, 690, 597, 705, 813, 687, 604, 577, 702, 671, 520, 695, 719, 631, 472, 579, 665, 612, 521, 533, 598, 603, 528, 688, 725, 608, 495, 522, 669, 659, 573, 658, 621, 621, 611, 553, 611, 569, 591, 481, 576, 661, 669, 566, 577, 649, 528, 545, 624, 574, 559, 598, 545, 581, 528, 725, 723, 524, 507, 629, 771, 730, 517, 627, 756, 578, 470, 539, 785, 839, 487, 521, 590, 589, 515, 502, 653, 617, 513, 504, 546, 518, 473, 499, 525, 513, 501, 506, 481, 478, 481, 439, 452, 468, 555, 532, 546, 505, 471, 450, 531, 526, 519, 576, 498, 416, 481, 493, 511, 507, 481, 512, 497, 441, 406, 374, 454, 499, 435, 439, 371, 407, 403, 405, 433, 434, 549, 503, 437, 395, 410, 452, 462, 482, 376, 384, 383, 407, 392, 410, 403, 364, 308, 365, 389, 328, 345, 370, 351, 300]"
-0.5479961037635803,0.05975353345274925,-0.6301743388175964,-0.618598222732544,0.26939964294433594,-0.9482067227363586,-0.6820385456085205,-0.8165349960327148,1.0698795318603516,25.0,-0.8142461776733398,0.9514331817626953,19.5,-0.7026662826538086,0.9977817535400391,21.0,-0.5753507614135742,0.7646083831787109,19.0,-0.3684988021850586,0.7085323333740234,22.5,"[619, 548, 490, 557, 603, 552, 488, 548, 574, 544, 512, 601, 728, 593, 552, 578, 655, 588, 530, 583, 599, 574, 555, 616, 563, 456, 439, 515, 484, 472, 474, 566, 513, 479, 448, 494, 478, 510, 505, 460, 559, 527, 449, 495, 629, 660, 534, 495, 646, 536, 478, 632, 636, 552, 537, 586, 476, 452, 496, 528, 505, 543, 570, 529, 531, 466, 414, 453, 425, 411, 402, 477, 615, 516, 546, 532, 516, 516, 520, 571, 517, 526, 528, 584, 612, 496, 510, 597, 521, 535, 439, 537, 567, 441, 477, 515, 487, 529, 479, 468, 452, 459, 508, 461, 511, 552, 547, 523, 598, 616, 502, 412, 569, 594, 644, 567, 500, 500, 493, 520, 495, 568, 639, 562, 504, 557, 633, 558, 469, 473, 517, 484, 452, 551, 579, 537, 555, 547, 634, 591, 532, 572, 553, 559, 657, 620, 628, 603, 605, 628, 543, 562, 566, 540, 550, 545, 538, 613, 633, 577, 594, 554, 477, 525, 539, 604, 610, 523, 599, 612, 606, 590, 525, 539, 580, 554, 564, 601, 627, 620, 544, 476, 563, 593, 564, 572, 555, 571, 563, 483, 552, 546, 590, 625, 512, 553, 548, 513, 593, 545, 669, 687, 553, 644, 679, 627, 649, 620, 683, 647, 535, 637, 709, 659, 621, 661, 588, 624, 546, 557, 585, 636, 629, 521, 460, 565, 610, 610, 496, 493, 600, 592, 577, 656, 616, 587, 595, 556, 536, 504, 517, 579, 625, 591, 568, 627, 552, 472, 531, 529, 533, 546, 467, 524, 551, 524, 555, 518, 491, 530, 519, 544, 580, 535, 642, 607, 542, 569, 631, 593, 594, 612, 608, 618, 597, 552, 560, 544, 616, 571, 579, 605, 586, 481, 595, 624, 551, 564, 523, 562, 585, 495, 573, 612, 613, 511, 555, 599, 598, 530, 524, 682, 609, 500, 561, 598, 636, 611, 528, 566, 624, 569, 565, 526, 530, 546, 519, 500, 513, 593, 602, 573, 566, 495, 553, 463, 522, 587, 718, 668, 714, 651, 632, 577, 768, 842, 1407, 817, 1382, 1624, 1325, 941, 2225, 2508, 2931, 1002, 2472, 3270, 2610, 1290, 4352, 5163, 2930, 1031, 2582, 3303, 2575, 1241, 4181, 4985, 2987, 1958, 3691, 3333, 2453, 1898, 5712, 6289, 5225, 3014, 6665, 5398, 3902, 2484, 9203, 10674, 5193, 3764, 7279, 5703, 3288, 3286, 10037, 11165, 7071, 3480, 8453, 6344, 3570, 3331, 11914, 14173, 6653, 8736, 14675, 9752, 3119, 6829, 17417, 18300, 4340, 8192, 12248, 7582, 2058, 5856, 13872, 13951, 4195, 4644, 8291, 5569, 1976, 3126, 9241, 10350, 3461, 4293, 7346, 4875, 1710, 3122, 8293, 8980, 1986, 3294, 4903, 3227, 1234, 2394, 5407, 5501, 1136, 2189, 2801, 1797, 861, 1985, 3236, 2929, 948, 2144, 2394, 1465, 759, 1732, 2773, 2275, 972, 1568, 1839, 1261, 693, 1566, 2415, 1912, 889, 1175, 1452, 1073, 629, 1144, 1695, 1498, 719, 888, 1046, 882, 718, 815, 1095, 1079, 594, 755, 820, 671, 574, 646, 814, 777, 639, 769, 784, 549, 528, 657, 747, 715, 652, 814, 750, 575, 663, 658, 661, 592, 573, 686, 705, 690, 728, 734, 734, 657, 576, 955, 895, 670, 678, 864, 845, 678, 792, 1071, 1021, 686, 821, 989, 908, 696, 1038, 1176, 1140, 714, 877, 1138, 1037, 856, 1106, 1440, 1351, 796, 766, 1012, 1133, 958, 1501, 2200, 1839, 963, 987, 1365, 1632, 1087, 2345, 3142, 2273, 1113, 1144, 2066, 2300, 1248, 2716, 3097, 1906, 1713, 1388, 2037, 2247, 1410, 2493, 2202, 2179, 2745, 2541, 1963, 1560, 1949, 2774, 2869, 3026, 3379, 3456, 2727, 1684, 2721, 2374, 2236, 2708, 3102, 2966, 2205, 1579, 2382, 1462, 1403, 2390, 2711, 2036, 1060, 1227, 1764, 1053, 1056, 1793, 1889, 1170, 882, 909, 1151, 833, 930, 1196, 1104, 884, 887, 836, 853, 815, 742, 721, 652, 686, 810, 648, 626, 727, 831, 778, 683, 665, 723, 685, 614, 727, 708, 615, 656, 610, 748, 807, 755, 820, 813, 596, 653, 786, 904, 965, 823, 943, 849, 688, 790, 935, 948, 830, 834, 997, 772, 780, 843, 907, 946, 731, 923, 927, 707, 781, 797, 845, 845, 623, 855, 677, 597, 765, 705, 701, 709, 639, 737, 561, 626, 829, 729, 640, 710, 711, 662, 697, 648, 655, 654, 620, 622, 623, 624, 822, 773, 694, 738, 703, 616, 694, 776, 775, 676, 650, 797, 714, 587, 718, 810, 640, 652, 561, 654, 671, 697, 719, 635, 515, 660, 611, 603, 576, 690, 807, 590, 678, 669, 598, 672, 679, 676, 757, 703, 646, 615, 583, 563, 625, 620, 587, 590, 566, 626, 690, 603, 573, 624, 628, 623, 614, 536, 661, 724, 660, 625, 751, 799, 672, 578, 625, 620, 626, 670, 770, 736, 587, 601, 571, 637, 650, 623, 717, 659, 502, 549, 566, 574, 517, 533, 639, 631, 585, 533, 631, 663, 520, 512, 559, 567, 611, 490, 605, 625, 517, 457, 488, 597, 657, 641, 593, 555, 562, 597, 613, 576, 584, 692, 624, 586, 750, 686, 655, 609, 608, 621, 541, 671, 708, 659, 693, 561, 637, 676, 585, 680, 742, 686, 717, 666, 658, 713, 657, 639, 728, 617, 793, 876, 700, 599, 605, 656, 704, 582, 719, 828, 668, 635, 584, 615, 645, 627, 690, 734, 569, 619, 584, 595, 606, 587, 698, 644, 671, 826, 861, 790, 633, 709, 952, 861, 691, 1119, 1006, 671, 595, 996, 1285, 912, 788, 932, 756, 651, 678, 918, 924, 680, 760, 703, 707, 746, 703, 626, 688, 737, 637, 602, 710, 629, 486, 586, 745, 739, 582, 613, 721, 625, 560, 610, 754, 747, 570, 712, 963, 829, 615, 652, 818, 833, 534, 988, 1231, 900, 641, 705, 1123, 1103, 601, 1122, 1203, 757, 547, 820, 1238, 1048, 604, 898, 900, 588, 512, 786, 877, 643, 643, 714, 715, 570, 527, 631, 706, 639, 585, 548, 711, 706, 594, 579, 645, 692, 474, 499, 491, 520, 587, 552, 560, 575, 435, 464, 504, 485, 435, 504, 545, 521, 499, 575, 632, 563, 533, 569, 580, 529, 469, 569, 637, 587, 461, 464, 455, 511, 531, 462, 453, 476, 476, 392, 407, 527, 442, 365, 431, 461, 413, 335, 401, 505, 444, 295, 375, 470, 440, 374, 436, 524, 463, 448, 426, 458, 497, 471, 442, 438, 412, 418, 458, 433, 459, 538, 458, 384]"
-0.7328747510910034,0.04032525420188904,-0.5112144351005554,-0.9995299577713013,0.09106957912445068,-0.5830715298652649,-1.0689001083374023,-1.434730052947998,1.3062000274658203,18.0,-1.434730052947998,2.346324920654297,15.25,-0.6493792533874512,0.8787631988525391,24.5,-0.4865870475769043,0.6866455078125,23.25,0.10707521438598633,0.3715038299560547,28.0,"[623, 613, 687, 704, 587, 711, 688, 608, 580, 615, 623, 659, 556, 544, 648, 636, 516, 615, 679, 576, 484, 526, 601, 558, 452, 491, 524, 532, 510, 542, 535, 479, 479, 518, 498, 456, 447, 518, 476, 428, 427, 589, 572, 471, 501, 562, 570, 456, 568, 579, 518, 488, 498, 522, 560, 538, 485, 515, 596, 546, 478, 475, 566, 590, 523, 456, 559, 565, 548, 470, 530, 665, 573, 506, 542, 597, 609, 517, 514, 619, 580, 611, 646, 546, 529, 504, 542, 617, 580, 476, 579, 563, 500, 559, 560, 610, 514, 401, 461, 543, 457, 482, 481, 548, 489, 466, 445, 482, 500, 469, 543, 526, 527, 548, 570, 505, 458, 501, 623, 609, 504, 568, 582, 617, 617, 513, 574, 552, 555, 520, 494, 532, 584, 453, 554, 583, 566, 511, 493, 537, 558, 501, 585, 607, 555, 526, 523, 587, 577, 565, 544, 577, 566, 668, 583, 570, 585, 618, 632, 533, 500, 541, 481, 475, 597, 575, 539, 535, 542, 497, 551, 560, 588, 558, 550, 567, 510, 469, 535, 566, 494, 476, 505, 571, 576, 480, 506, 538, 554, 531, 540, 609, 589, 576, 522, 470, 569, 610, 541, 502, 470, 617, 670, 569, 458, 597, 587, 487, 480, 497, 552, 527, 478, 517, 571, 531, 546, 512, 557, 589, 552, 596, 624, 557, 648, 650, 602, 513, 556, 613, 545, 524, 566, 654, 599, 493, 565, 666, 644, 557, 492, 572, 593, 540, 595, 588, 589, 547, 434, 511, 612, 531, 509, 597, 613, 563, 520, 565, 598, 578, 547, 572, 586, 534, 486, 523, 524, 517, 492, 529, 566, 538, 531, 494, 536, 590, 530, 543, 583, 538, 521, 517, 536, 568, 587, 601, 601, 489, 500, 543, 534, 585, 613, 615, 551, 505, 524, 440, 528, 557, 577, 547, 566, 590, 561, 495, 493, 513, 605, 605, 573, 598, 592, 634, 576, 555, 537, 577, 685, 620, 694, 735, 878, 819, 643, 903, 1306, 1164, 1856, 1503, 2317, 2421, 1470, 2022, 4738, 4648, 3876, 2352, 4179, 4585, 3086, 3044, 8633, 9005, 3576, 2039, 3705, 4117, 2915, 2438, 7307, 7817, 1441, 1111, 1650, 1886, 1374, 1201, 2766, 2866, 1225, 1002, 1349, 1488, 1076, 1255, 2106, 2072, 2582, 2099, 2645, 2569, 1863, 2476, 5218, 5206, 2577, 3809, 5266, 2736, 1966, 3026, 8026, 8041, 2792, 6870, 7805, 3400, 1888, 4110, 9256, 8866, 2489, 7412, 7776, 3254, 1236, 4351, 8128, 6755, 1397, 3832, 3733, 1564, 763, 2239, 3914, 3047, 1840, 1195, 2182, 1781, 1113, 852, 2263, 2832, 4435, 6497, 10256, 7042, 2339, 4038, 10263, 10950, 7779, 18110, 24373, 14564, 3629, 11014, 24873, 24023, 6052, 19456, 23839, 12899, 2975, 12121, 25252, 22649, 2355, 9047, 9980, 4967, 1384, 5634, 10834, 8947, 1539, 3411, 3982, 2447, 963, 2199, 3826, 3301, 1008, 1881, 2124, 1305, 760, 1303, 2159, 1834, 873, 1029, 1151, 1017, 763, 841, 1120, 1139, 837, 1098, 1118, 836, 752, 938, 1111, 1090, 740, 848, 760, 640, 585, 796, 924, 874, 754, 831, 746, 628, 573, 749, 802, 683, 839, 877, 747, 588, 593, 720, 780, 726, 1170, 1244, 1004, 734, 782, 1031, 951, 795, 1279, 1641, 1392, 786, 982, 1443, 1146, 754, 1255, 1546, 1349, 880, 894, 1180, 1048, 843, 1386, 2342, 2137, 876, 1101, 1239, 1354, 887, 1533, 2767, 2589, 1125, 1379, 1362, 1628, 1056, 1536, 2559, 2422, 1309, 1206, 1190, 1595, 1274, 2268, 3083, 3260, 2614, 1418, 1975, 2691, 2053, 3141, 3835, 4444, 4041, 2270, 3183, 3675, 2724, 2669, 2842, 3449, 3266, 2134, 2617, 2820, 2172, 1231, 1338, 1605, 1573, 1294, 1261, 1260, 1157, 725, 872, 1218, 1093, 822, 801, 940, 864, 921, 1041, 1232, 918, 913, 1120, 807, 749, 942, 958, 863, 665, 915, 1065, 738, 675, 833, 817, 809, 679, 721, 927, 745, 599, 690, 779, 753, 691, 629, 716, 757, 633, 791, 808, 671, 700, 667, 781, 891, 746, 731, 853, 762, 729, 729, 816, 894, 718, 685, 735, 694, 693, 643, 711, 794, 745, 738, 629, 803, 796, 721, 748, 867, 913, 771, 676, 786, 798, 731, 782, 832, 865, 768, 662, 627, 658, 689, 716, 708, 665, 596, 686, 769, 652, 554, 569, 743, 752, 580, 667, 807, 736, 691, 654, 712, 758, 758, 663, 658, 679, 707, 669, 605, 714, 993, 771, 615, 720, 844, 829, 815, 942, 896, 707, 651, 832, 1005, 875, 843, 956, 666, 668, 637, 727, 814, 703, 719, 704, 644, 622, 658, 717, 668, 653, 685, 654, 691, 541, 589, 632, 696, 630, 600, 611, 684, 618, 642, 800, 720, 594, 761, 772, 792, 589, 675, 802, 755, 662, 835, 919, 934, 707, 772, 878, 901, 728, 984, 1124, 983, 771, 755, 884, 936, 759, 912, 1168, 696, 643, 664, 702, 806, 730, 726, 786, 648, 675, 574, 612, 729, 671, 661, 646, 721, 608, 519, 777, 861, 625, 551, 768, 647, 546, 532, 702, 749, 628, 533, 643, 643, 524, 567, 554, 643, 576, 517, 679, 767, 681, 606, 638, 683, 626, 580, 764, 750, 736, 676, 719, 639, 664, 802, 801, 919, 798, 1010, 952, 814, 760, 1534, 1607, 1483, 692, 1363, 1492, 1220, 637, 2136, 2614, 1586, 716, 1472, 1797, 1282, 711, 2340, 2791, 1063, 785, 1226, 1369, 994, 816, 1849, 1997, 858, 890, 1107, 1080, 731, 855, 1530, 1506, 858, 886, 1143, 1035, 666, 830, 1370, 1398, 601, 860, 1025, 808, 660, 844, 1107, 1018, 675, 675, 907, 725, 631, 806, 757, 737, 743, 599, 713, 849, 722, 751, 931, 847, 830, 877, 1003, 923, 841, 815, 1282, 1173, 835, 980, 1133, 991, 844, 936, 1267, 1155, 881, 1342, 1379, 954, 587, 1129, 1518, 1180, 1012, 1349, 1394, 1071, 659, 1053, 1431, 1278, 907, 824, 807, 900, 757, 731, 902, 909, 702, 624, 627, 722, 713, 632, 688, 715, 491, 613, 600, 661, 564, 551, 722, 599, 464, 573, 580, 601, 478, 508, 689, 576, 544, 681, 682, 633, 543, 436, 675, 626, 556, 737, 681, 534, 566, 404, 596, 601, 577, 677, 645, 576, 577, 517, 657, 538, 560, 532, 488, 490, 524, 523, 515, 511, 389, 435, 449, 445, 436, 417, 367, 361, 395, 362, 461, 486, 454, 417, 456, 500, 450, 414, 516, 494, 409, 507, 521, 482, 463, 453, 505, 514, 499, 464, 524, 556]"
-0.7812464237213135,-0.010477647185325623,-0.5078191161155701,-0.9997928738594055,0.01709400862455368,-0.5069069266319275,-0.970789909362793,-0.7011300325393677,0.8900642395019531,15.75,-0.19601643085479736,0.4311561584472656,24.5,-0.1805669069290161,0.42629241943359375,16.25,0.08965671062469482,0.056934356689453125,16.75,0.15574634075164795,0.3818035125732422,16.5,"[647, 682, 629, 616, 663, 611, 629, 683, 648, 696, 689, 756, 654, 580, 628, 649, 545, 518, 533, 715, 715, 576, 563, 591, 500, 507, 465, 548, 540, 444, 451, 494, 510, 529, 486, 492, 435, 502, 555, 498, 457, 456, 467, 526, 471, 541, 600, 496, 472, 528, 560, 514, 511, 597, 643, 556, 488, 519, 568, 519, 568, 668, 615, 549, 521, 448, 554, 622, 583, 553, 460, 486, 496, 510, 541, 568, 543, 506, 555, 519, 431, 447, 527, 540, 487, 458, 487, 561, 483, 531, 620, 581, 514, 534, 583, 587, 501, 468, 502, 548, 532, 601, 580, 533, 558, 522, 513, 477, 606, 646, 605, 529, 563, 574, 548, 549, 484, 563, 633, 585, 607, 581, 594, 589, 523, 582, 625, 619, 526, 535, 490, 438, 487, 577, 611, 570, 540, 520, 557, 516, 580, 561, 575, 611, 546, 542, 530, 510, 570, 618, 589, 540, 575, 572, 571, 499, 578, 618, 528, 525, 587, 495, 554, 619, 576, 536, 472, 527, 556, 466, 608, 631, 465, 441, 531, 616, 476, 511, 619, 576, 544, 489, 541, 576, 525, 491, 541, 539, 479, 501, 541, 559, 539, 477, 461, 537, 521, 439, 447, 508, 658, 646, 591, 604, 584, 532, 559, 576, 623, 593, 590, 625, 581, 555, 595, 618, 556, 489, 593, 621, 586, 501, 565, 618, 541, 513, 500, 488, 505, 468, 445, 551, 509, 550, 551, 475, 517, 491, 496, 554, 561, 576, 568, 584, 614, 601, 602, 606, 587, 596, 599, 578, 599, 572, 551, 541, 498, 612, 638, 571, 481, 557, 578, 528, 592, 606, 594, 611, 524, 523, 496, 537, 590, 588, 527, 534, 557, 499, 478, 525, 625, 585, 584, 555, 589, 612, 540, 595, 509, 540, 598, 599, 602, 673, 643, 542, 530, 624, 608, 558, 636, 619, 556, 504, 539, 568, 607, 578, 604, 564, 589, 614, 539, 588, 595, 635, 632, 614, 675, 589, 752, 781, 1055, 928, 662, 822, 1494, 1545, 835, 739, 1002, 977, 673, 792, 1561, 1571, 1247, 968, 1409, 1234, 1002, 870, 1750, 2046, 1723, 1128, 2004, 1609, 1217, 1029, 2885, 3352, 927, 784, 803, 748, 765, 644, 1064, 1275, 2681, 2531, 3050, 2147, 1729, 2367, 4387, 4427, 6447, 5411, 8095, 5971, 4200, 5066, 12776, 13554, 5706, 9386, 12677, 8114, 5633, 6688, 17579, 17481, 6722, 17017, 17342, 8573, 5662, 11286, 19463, 15112, 9094, 16883, 16294, 7795, 4677, 12896, 19857, 15359, 4527, 8476, 8619, 4271, 2183, 7379, 12325, 10122, 1339, 2467, 2642, 1399, 901, 2119, 4001, 3622, 1077, 1915, 1859, 899, 592, 1067, 1500, 1157, 2353, 3702, 3367, 1516, 1119, 1803, 2765, 2145, 2949, 4922, 6064, 3593, 1335, 2725, 5758, 5783, 2253, 6598, 8118, 4302, 1273, 3755, 8058, 7468, 3272, 5902, 6853, 4117, 1768, 3436, 6685, 6434, 3889, 5884, 7188, 4728, 2021, 3637, 7312, 7402, 2815, 5428, 6207, 3708, 1558, 3435, 6174, 5638, 1258, 2851, 3184, 1886, 780, 1799, 2873, 2482, 864, 1243, 1489, 1043, 573, 983, 1486, 1418, 1063, 1275, 1331, 902, 799, 1005, 1411, 1358, 1142, 1507, 1338, 769, 946, 986, 1129, 1010, 936, 1316, 1307, 753, 910, 978, 943, 811, 767, 992, 1084, 750, 684, 778, 763, 765, 710, 1277, 1317, 814, 879, 840, 903, 892, 1128, 2299, 2076, 904, 1148, 1081, 1074, 908, 1768, 2459, 2502, 1767, 1795, 1652, 1829, 1399, 3479, 4104, 4419, 4239, 3284, 2822, 3662, 2919, 4390, 5335, 5653, 5485, 3678, 3896, 5062, 3768, 2911, 3865, 3909, 3397, 2073, 3079, 3528, 2436, 1351, 1871, 2208, 1601, 1101, 1765, 1798, 1222, 1262, 1377, 1231, 1101, 992, 1196, 1221, 1106, 1074, 1143, 955, 812, 774, 889, 871, 929, 786, 920, 848, 678, 576, 787, 876, 818, 667, 861, 938, 786, 567, 657, 701, 682, 694, 762, 850, 763, 625, 699, 782, 713, 982, 966, 923, 859, 839, 914, 877, 749, 1106, 1169, 1108, 897, 863, 939, 1078, 1127, 797, 977, 1194, 1026, 633, 761, 1281, 1282, 700, 772, 837, 805, 620, 636, 1045, 1067, 646, 815, 802, 737, 680, 668, 812, 744, 695, 742, 827, 811, 726, 727, 771, 683, 748, 753, 791, 848, 737, 659, 805, 784, 721, 744, 771, 888, 801, 671, 825, 751, 803, 854, 831, 911, 821, 810, 805, 725, 695, 720, 702, 691, 678, 733, 697, 712, 673, 818, 789, 758, 716, 681, 823, 785, 809, 710, 691, 857, 857, 680, 907, 971, 958, 774, 752, 926, 968, 791, 940, 1098, 797, 735, 877, 879, 858, 787, 838, 849, 621, 635, 809, 843, 745, 686, 771, 688, 646, 634, 781, 854, 692, 687, 711, 565, 722, 710, 726, 699, 621, 628, 679, 619, 824, 713, 817, 823, 697, 713, 826, 819, 903, 791, 773, 786, 731, 725, 708, 817, 606, 648, 675, 602, 552, 515, 576, 620, 606, 665, 664, 552, 542, 636, 702, 652, 593, 552, 557, 507, 644, 676, 679, 775, 584, 611, 649, 592, 672, 616, 650, 658, 554, 581, 767, 784, 608, 529, 773, 774, 652, 636, 782, 897, 752, 533, 787, 790, 802, 795, 1015, 1034, 815, 825, 1325, 1299, 1137, 804, 1178, 1177, 1002, 845, 1765, 1927, 994, 697, 1060, 996, 814, 778, 1634, 1801, 1047, 892, 981, 985, 857, 801, 1536, 1632, 874, 911, 793, 793, 805, 806, 898, 817, 1109, 903, 836, 820, 893, 917, 1374, 1488, 1478, 994, 1210, 1211, 1128, 857, 1698, 2091, 1242, 914, 1155, 1128, 1074, 805, 1316, 1700, 1043, 835, 973, 875, 894, 903, 1323, 1482, 1242, 823, 1271, 1120, 997, 1000, 1655, 1969, 1154, 836, 1027, 1071, 1018, 878, 1489, 1752, 1068, 826, 1017, 1214, 1021, 894, 1527, 1610, 1082, 880, 1439, 1403, 972, 914, 1565, 1752, 764, 823, 1212, 1028, 692, 793, 1355, 1417, 724, 837, 949, 862, 672, 756, 998, 957, 794, 942, 1029, 956, 724, 912, 1113, 1001, 826, 784, 856, 848, 704, 796, 958, 891, 726, 683, 812, 792, 684, 748, 879, 844, 575, 615, 689, 726, 617, 629, 856, 798, 614, 613, 734, 820, 637, 572, 787, 805, 691, 578, 803, 824, 675, 548, 626, 742, 754, 692, 754, 731, 593, 545, 674, 741, 667, 586, 589, 592, 513, 524, 570, 626, 654, 572, 564, 571, 492, 562, 543, 581, 472, 455, 439, 463, 467, 435, 430, 442, 508, 439, 536, 543, 411, 464, 507, 573]"
-0.8782357573509216,-0.10675045847892761,-0.5136106014251709,-1.1571568250656128,-0.16439080238342285,-0.3829646110534668,-1.1048028469085693,-0.871163010597229,-1.467275619506836,15.25,-0.3850752115249634,0.4856586456298828,17.75,-0.2684885263442993,-1.0281085968017578,20.25,-0.22085249423980713,-0.9232521057128906,21.75,-0.12758314609527588,-0.8151054382324219,19.0,"[611, 731, 647, 565, 633, 564, 649, 732, 546, 582, 615, 552, 580, 641, 640, 657, 530, 551, 553, 519, 480, 600, 614, 496, 556, 570, 483, 518, 567, 474, 509, 553, 496, 534, 488, 435, 509, 445, 490, 531, 452, 511, 544, 573, 496, 432, 536, 533, 395, 470, 505, 481, 416, 445, 529, 486, 501, 541, 550, 470, 421, 517, 519, 507, 493, 514, 493, 474, 459, 490, 489, 463, 499, 597, 596, 584, 562, 515, 636, 590, 471, 524, 571, 598, 534, 515, 622, 593, 625, 540, 545, 663, 613, 500, 492, 580, 597, 517, 566, 631, 568, 526, 520, 517, 533, 472, 488, 539, 541, 541, 486, 521, 621, 682, 591, 619, 608, 570, 587, 565, 594, 716, 555, 566, 664, 558, 445, 436, 506, 561, 454, 490, 544, 479, 441, 404, 536, 552, 500, 492, 520, 423, 512, 518, 534, 563, 590, 490, 575, 584, 543, 524, 519, 507, 528, 461, 534, 582, 486, 463, 457, 477, 528, 488, 483, 500, 524, 549, 515, 551, 540, 542, 537, 502, 535, 559, 593, 575, 471, 502, 600, 577, 579, 603, 613, 599, 609, 554, 497, 614, 657, 584, 547, 645, 613, 531, 525, 594, 547, 462, 532, 612, 583, 553, 499, 599, 576, 544, 445, 544, 594, 528, 466, 510, 640, 562, 557, 534, 553, 588, 477, 538, 583, 484, 608, 555, 538, 607, 533, 450, 483, 510, 544, 514, 482, 525, 526, 548, 596, 599, 612, 556, 515, 625, 668, 560, 620, 691, 672, 547, 534, 705, 714, 545, 542, 603, 661, 547, 584, 601, 541, 571, 631, 655, 739, 601, 484, 572, 516, 562, 597, 638, 601, 556, 546, 594, 586, 582, 614, 603, 562, 636, 635, 613, 589, 597, 672, 611, 547, 518, 497, 507, 540, 537, 497, 521, 521, 496, 540, 542, 492, 538, 556, 543, 549, 559, 567, 622, 559, 587, 538, 497, 583, 585, 608, 611, 611, 593, 544, 520, 713, 600, 558, 697, 607, 630, 690, 712, 1845, 770, 1661, 1545, 1027, 750, 1841, 2619, 2522, 1368, 3141, 2404, 1338, 1149, 3723, 4636, 1460, 1112, 1923, 1479, 930, 993, 2512, 2840, 822, 798, 899, 928, 635, 624, 981, 969, 760, 668, 792, 750, 513, 589, 855, 947, 687, 626, 652, 607, 534, 605, 691, 752, 1643, 1325, 2170, 1705, 1014, 1312, 2551, 2811, 3532, 4438, 6831, 4516, 1729, 2918, 6913, 7432, 4829, 10406, 12654, 6812, 3101, 5228, 9935, 9772, 4812, 14303, 15572, 7059, 3796, 6944, 10231, 8479, 3402, 10603, 11483, 5294, 2840, 5512, 7669, 5745, 1587, 4197, 4562, 2366, 1282, 2464, 3542, 2767, 822, 1172, 1295, 962, 614, 816, 1149, 1079, 775, 839, 897, 799, 659, 654, 671, 668, 1040, 1566, 1733, 1147, 622, 1045, 1429, 1206, 1782, 3476, 3906, 2202, 945, 2022, 3282, 2891, 2767, 6215, 6996, 3875, 1407, 3224, 5843, 5196, 2754, 7573, 9219, 5227, 1514, 3560, 7621, 7210, 2671, 6133, 7579, 4438, 1614, 3336, 6501, 6511, 2126, 4158, 4577, 2547, 1442, 2710, 4224, 3783, 1317, 1951, 1921, 1202, 1012, 1620, 2011, 1660, 1039, 1766, 1797, 1092, 826, 1289, 1696, 1344, 905, 1391, 1431, 992, 723, 958, 1141, 1026, 917, 1295, 1337, 1072, 762, 965, 1122, 988, 1561, 1892, 1929, 1744, 1256, 1680, 1875, 1539, 2958, 4387, 5215, 3548, 1730, 3626, 3677, 2951, 4208, 6845, 8218, 5098, 2226, 5309, 4763, 3720, 3292, 5590, 6243, 3308, 1759, 3808, 3126, 2474, 1846, 3436, 3250, 1597, 1093, 1421, 1384, 1396, 1399, 2047, 1707, 971, 826, 968, 1131, 991, 902, 1199, 1213, 891, 857, 1000, 955, 860, 780, 1101, 1095, 732, 916, 923, 809, 768, 913, 1228, 1066, 723, 871, 896, 903, 786, 835, 1140, 1025, 749, 661, 822, 985, 816, 862, 1098, 955, 713, 720, 754, 875, 798, 658, 794, 784, 668, 644, 702, 757, 667, 664, 762, 832, 763, 656, 704, 808, 766, 669, 753, 811, 692, 578, 716, 737, 695, 786, 1044, 902, 648, 623, 737, 760, 631, 737, 1061, 935, 563, 637, 725, 735, 684, 713, 997, 810, 651, 687, 657, 713, 653, 745, 952, 908, 730, 688, 730, 812, 693, 743, 899, 743, 588, 692, 766, 740, 659, 591, 608, 722, 632, 569, 620, 629, 566, 713, 674, 756, 768, 706, 727, 716, 697, 827, 874, 740, 734, 732, 635, 679, 705, 806, 823, 654, 785, 843, 722, 688, 669, 654, 659, 575, 779, 749, 628, 721, 628, 599, 673, 640, 719, 726, 655, 736, 651, 643, 625, 641, 711, 702, 661, 682, 636, 976, 897, 726, 661, 711, 681, 686, 859, 1395, 1065, 615, 891, 967, 876, 626, 1069, 1251, 858, 608, 928, 1013, 860, 704, 1053, 847, 673, 724, 764, 757, 638, 613, 763, 680, 619, 756, 777, 632, 619, 612, 623, 663, 623, 682, 677, 552, 684, 695, 693, 818, 766, 814, 746, 690, 664, 663, 860, 949, 832, 836, 876, 781, 726, 718, 1038, 868, 712, 717, 735, 672, 594, 774, 920, 661, 679, 717, 660, 593, 539, 772, 801, 645, 763, 807, 651, 618, 629, 658, 662, 728, 689, 727, 752, 678, 683, 702, 686, 771, 831, 849, 805, 720, 782, 1043, 937, 1291, 1283, 1334, 1080, 1103, 1403, 1705, 1581, 1411, 1299, 1369, 1116, 1061, 1221, 1508, 1613, 1253, 1463, 1453, 1060, 922, 1237, 1639, 1601, 1243, 1696, 1885, 1316, 855, 1437, 2017, 1916, 1228, 1302, 1728, 1384, 788, 1235, 1828, 1807, 1244, 1366, 1437, 1223, 871, 1039, 1691, 1643, 913, 1260, 1364, 1095, 802, 953, 1553, 1552, 1006, 1181, 1424, 1188, 831, 976, 1540, 1618, 1201, 1324, 1432, 1099, 850, 758, 1310, 1431, 1139, 1401, 1295, 864, 843, 844, 1087, 1051, 880, 1228, 1241, 874, 730, 993, 1337, 1110, 835, 966, 1119, 817, 658, 910, 1264, 1243, 956, 844, 1092, 992, 566, 860, 1283, 1355, 911, 599, 867, 936, 745, 870, 1118, 1115, 722, 735, 704, 593, 608, 760, 865, 795, 835, 841, 894, 851, 617, 791, 1076, 1157, 723, 830, 953, 789, 609, 839, 1059, 1048, 649, 768, 839, 738, 609, 701, 911, 890, 607, 681, 678, 681, 603, 587, 744, 740, 572, 712, 770, 720, 584, 615, 760, 726, 480, 613, 697, 645, 557, 597, 716, 676, 659, 619, 678, 711, 611, 541, 655, 758, 504, 553, 624, 526, 478, 539, 582, 584, 505, 520, 544, 489, 445, 535, 546, 541]"
-0.9454729557037354,-0.09177374094724655,-0.3074691593647003,-0.5612818598747253,-0.05347763001918793,0.11583900451660156,-0.05429801344871521,0.09885382652282715,-0.47435760498046875,23.5,0.1417691707611084,-0.4707813262939453,26.75,0.14277052879333496,-0.5842208862304688,25.0,0.3599221706390381,0.05793571472167969,20.75,0.3996903896331787,0.23317337036132812,27.25,"[506, 623, 536, 493, 595, 494, 536, 620, 569, 545, 560, 599, 645, 643, 685, 656, 585, 547, 579, 562, 600, 614, 588, 567, 576, 525, 571, 545, 538, 496, 486, 512, 521, 549, 473, 546, 588, 512, 469, 501, 562, 538, 566, 605, 488, 480, 595, 526, 515, 541, 564, 473, 462, 515, 500, 475, 497, 490, 502, 497, 508, 578, 495, 467, 520, 531, 550, 488, 506, 636, 574, 442, 547, 540, 578, 569, 523, 565, 574, 594, 560, 485, 524, 551, 505, 575, 533, 501, 566, 558, 539, 538, 567, 619, 597, 600, 457, 410, 447, 475, 442, 468, 539, 519, 467, 464, 535, 523, 528, 568, 568, 546, 551, 681, 667, 540, 621, 696, 632, 539, 453, 595, 634, 622, 538, 593, 654, 543, 512, 531, 592, 626, 538, 596, 650, 568, 554, 571, 551, 501, 492, 625, 637, 585, 490, 537, 554, 441, 477, 593, 625, 488, 628, 539, 394, 513, 623, 575, 470, 542, 566, 517, 447, 486, 605, 549, 446, 535, 524, 618, 618, 602, 613, 557, 626, 599, 468, 577, 577, 556, 555, 620, 609, 482, 527, 573, 532, 479, 469, 613, 524, 497, 583, 595, 569, 476, 469, 511, 500, 517, 515, 517, 565, 611, 531, 540, 568, 539, 495, 404, 501, 629, 599, 530, 540, 518, 521, 594, 624, 615, 576, 562, 528, 468, 429, 515, 615, 569, 489, 524, 552, 538, 583, 636, 610, 481, 535, 569, 573, 595, 497, 564, 626, 541, 458, 552, 624, 563, 620, 590, 643, 646, 532, 561, 661, 598, 658, 629, 484, 557, 567, 495, 550, 582, 639, 667, 447, 570, 598, 533, 592, 559, 532, 579, 507, 578, 586, 545, 566, 549, 574, 661, 559, 565, 634, 568, 469, 485, 538, 521, 504, 535, 515, 543, 478, 510, 569, 572, 568, 496, 527, 627, 475, 482, 652, 611, 615, 567, 623, 647, 524, 549, 599, 485, 495, 584, 570, 595, 575, 575, 646, 533, 461, 583, 586, 659, 584, 559, 594, 622, 544, 538, 591, 666, 641, 572, 585, 634, 729, 610, 514, 601, 652, 615, 787, 1544, 1541, 806, 683, 887, 1156, 919, 1304, 3258, 3263, 1474, 883, 1607, 2409, 1667, 1234, 3179, 3286, 1582, 800, 1509, 2318, 1663, 869, 1654, 1665, 960, 717, 933, 1114, 901, 651, 1012, 1104, 884, 667, 702, 806, 878, 977, 1277, 1518, 968, 662, 771, 1373, 1476, 3324, 9579, 10418, 5189, 1388, 5195, 9600, 7805, 7491, 24018, 23692, 9746, 3104, 13232, 22284, 15170, 11779, 30289, 26967, 8544, 6158, 15902, 24531, 13764, 10240, 21187, 17263, 4328, 6172, 10248, 14577, 6523, 3843, 7515, 6084, 2270, 2349, 3164, 4868, 2538, 1175, 2807, 2766, 1453, 885, 1579, 2373, 1694, 908, 1277, 1467, 1108, 888, 1143, 1432, 1327, 762, 781, 988, 899, 640, 741, 889, 948, 1110, 1249, 827, 606, 882, 837, 719, 595, 1645, 2044, 1267, 837, 1339, 1138, 927, 777, 1843, 2228, 1491, 1143, 1597, 1374, 1111, 968, 1344, 1712, 1282, 1116, 1379, 1184, 1000, 810, 944, 962, 759, 760, 924, 937, 800, 731, 928, 1129, 988, 639, 625, 693, 774, 685, 795, 1125, 1026, 688, 549, 657, 816, 658, 756, 959, 849, 668, 531, 743, 843, 567, 687, 716, 673, 669, 617, 661, 730, 635, 687, 977, 1025, 682, 564, 700, 753, 686, 802, 1169, 1187, 804, 588, 660, 754, 725, 706, 934, 918, 704, 614, 709, 660, 689, 786, 850, 722, 545, 640, 728, 649, 563, 902, 1050, 923, 547, 709, 809, 737, 615, 1050, 1757, 1570, 697, 1012, 1115, 820, 629, 1123, 1964, 1832, 903, 1107, 1246, 876, 776, 781, 1109, 1063, 735, 802, 824, 732, 778, 652, 699, 900, 785, 594, 687, 741, 795, 712, 850, 949, 697, 579, 645, 612, 723, 712, 842, 818, 598, 578, 619, 577, 604, 697, 913, 883, 694, 728, 777, 761, 667, 700, 1187, 1204, 718, 816, 1044, 914, 673, 858, 1052, 987, 682, 854, 899, 823, 729, 759, 927, 884, 598, 621, 698, 725, 652, 639, 814, 874, 680, 719, 703, 830, 738, 721, 790, 820, 815, 748, 873, 729, 675, 737, 695, 667, 709, 683, 768, 723, 768, 708, 693, 642, 607, 708, 848, 824, 706, 625, 701, 776, 751, 728, 874, 824, 622, 706, 660, 611, 658, 724, 696, 641, 728, 690, 637, 513, 605, 676, 636, 551, 593, 700, 645, 573, 672, 661, 612, 650, 645, 718, 591, 745, 812, 632, 724, 777, 725, 776, 634, 832, 886, 673, 972, 971, 719, 754, 678, 733, 790, 645, 1005, 992, 629, 534, 600, 664, 619, 573, 769, 755, 570, 685, 806, 741, 626, 648, 691, 774, 662, 700, 566, 522, 614, 585, 643, 687, 645, 799, 747, 578, 503, 628, 654, 625, 611, 755, 668, 563, 441, 552, 641, 603, 653, 739, 667, 642, 492, 601, 735, 690, 770, 1205, 990, 722, 661, 712, 913, 1121, 1305, 1359, 1091, 861, 853, 797, 1214, 1646, 1584, 1060, 962, 845, 842, 710, 945, 1240, 1148, 1019, 718, 780, 899, 793, 793, 859, 990, 703, 690, 755, 739, 661, 658, 788, 835, 660, 716, 738, 709, 728, 574, 688, 740, 694, 641, 726, 703, 681, 766, 937, 874, 770, 700, 670, 669, 672, 1041, 1324, 1183, 958, 1219, 1320, 866, 734, 1424, 2130, 1907, 1102, 1666, 1534, 947, 780, 1526, 2345, 1975, 1033, 1400, 1486, 1037, 718, 1111, 1956, 1830, 1067, 1003, 1380, 966, 599, 1133, 1751, 1850, 1597, 1240, 1323, 851, 708, 1242, 1760, 1852, 1426, 1206, 1131, 748, 767, 1204, 1681, 1620, 965, 1102, 1108, 830, 718, 1030, 1264, 1130, 769, 1021, 1013, 718, 608, 777, 838, 789, 1143, 1139, 857, 851, 866, 922, 987, 1065, 1849, 1160, 949, 1342, 1122, 958, 1304, 1850, 1674, 874, 912, 1136, 877, 802, 1279, 1899, 919, 659, 673, 832, 678, 899, 1305, 1347, 1184, 783, 1074, 1502, 1003, 1083, 1447, 1371, 1470, 730, 1190, 1565, 1035, 803, 1188, 1562, 815, 602, 775, 892, 591, 567, 735, 835, 562, 700, 854, 775, 565, 830, 992, 700, 413, 603, 632, 553, 539, 598, 575, 501, 689, 758, 706, 716, 615, 670, 710, 568, 830, 677, 627, 655, 542, 660, 754, 663, 565, 539, 463, 429, 422, 516, 610, 587, 418, 417, 558, 541, 478, 453, 665, 679, 465, 487, 522, 498, 455, 578, 685, 585]"
-1.0246200561523438,-0.3021109998226166,-0.4181622862815857,-0.5833123922348022,-0.4166853427886963,0.017119914293289185,-0.1673728972673416,-0.44989442825317383,-1.2115001678466797,29.0,-0.28552865982055664,-1.144552230834961,31.5,-0.06022310256958008,-0.9801864624023438,21.75,0.03218793869018555,-0.7545948028564453,17.25,0.03905439376831055,-0.7504463195800781,17.5,"[530, 551, 592, 564, 531, 564, 593, 554, 578, 560, 531, 551, 551, 573, 627, 590, 535, 501, 498, 586, 586, 541, 561, 571, 555, 447, 463, 591, 580, 477, 448, 569, 540, 484, 452, 490, 564, 481, 441, 542, 544, 469, 523, 500, 445, 520, 474, 515, 575, 554, 635, 590, 549, 531, 528, 571, 642, 601, 589, 521, 515, 518, 528, 584, 578, 573, 500, 480, 491, 501, 487, 529, 556, 630, 566, 554, 582, 577, 527, 536, 537, 537, 465, 590, 530, 440, 537, 501, 545, 622, 554, 486, 536, 576, 555, 530, 626, 570, 603, 585, 547, 584, 593, 557, 641, 654, 613, 557, 588, 531, 529, 597, 574, 632, 624, 504, 472, 493, 576, 624, 532, 571, 613, 604, 509, 515, 591, 544, 531, 566, 552, 520, 493, 536, 600, 529, 651, 664, 619, 518, 603, 658, 590, 572, 636, 509, 564, 642, 615, 558, 603, 687, 578, 542, 531, 613, 625, 508, 531, 591, 558, 594, 568, 526, 495, 544, 541, 511, 535, 537, 529, 573, 518, 564, 654, 579, 429, 482, 568, 580, 512, 511, 565, 467, 432, 460, 576, 639, 585, 508, 472, 506, 593, 518, 554, 606, 569, 494, 480, 567, 558, 557, 549, 567, 568, 603, 590, 497, 565, 617, 573, 550, 566, 617, 549, 433, 642, 645, 517, 502, 589, 657, 553, 507, 506, 500, 517, 531, 539, 544, 474, 489, 561, 554, 532, 532, 616, 549, 469, 527, 547, 651, 598, 569, 628, 566, 551, 559, 565, 607, 510, 573, 587, 516, 564, 600, 452, 465, 442, 412, 472, 475, 459, 473, 470, 485, 483, 488, 518, 492, 540, 534, 552, 564, 509, 648, 599, 488, 568, 591, 592, 572, 518, 579, 582, 545, 506, 533, 571, 536, 520, 510, 473, 498, 516, 535, 684, 587, 587, 593, 626, 652, 688, 651, 605, 631, 563, 593, 595, 612, 606, 578, 540, 616, 635, 624, 585, 550, 613, 581, 710, 628, 579, 628, 559, 587, 615, 663, 660, 646, 620, 649, 583, 549, 578, 599, 630, 700, 662, 587, 600, 578, 633, 598, 745, 729, 647, 581, 628, 531, 552, 646, 669, 683, 651, 644, 649, 520, 651, 694, 773, 1965, 2018, 1020, 764, 1115, 1537, 1042, 1737, 4461, 4330, 1783, 1179, 2224, 3301, 2093, 1835, 4443, 4234, 1717, 1127, 2375, 3343, 2048, 1159, 2223, 2109, 982, 752, 1352, 1730, 1101, 751, 1228, 1203, 682, 695, 743, 909, 786, 2590, 3989, 3391, 1521, 1583, 2225, 2465, 1960, 10508, 19730, 16717, 4719, 6471, 10477, 10794, 6008, 18317, 34645, 28430, 6531, 11435, 16725, 18415, 7309, 14828, 26089, 20400, 4458, 8849, 11306, 13883, 4489, 6399, 11151, 9140, 2840, 4034, 5190, 5567, 2287, 1887, 3427, 2971, 1077, 1442, 1483, 1498, 966, 697, 782, 832, 640, 653, 620, 550, 701, 671, 840, 792, 530, 666, 829, 750, 622, 571, 777, 701, 525, 643, 871, 836, 563, 609, 682, 700, 660, 681, 722, 702, 589, 708, 936, 927, 668, 657, 682, 695, 600, 915, 1237, 1142, 840, 786, 821, 940, 840, 880, 1324, 1269, 839, 761, 893, 1112, 969, 647, 751, 795, 674, 627, 799, 751, 643, 660, 764, 770, 633, 643, 649, 646, 645, 770, 861, 775, 676, 730, 704, 792, 806, 733, 737, 649, 625, 688, 614, 643, 687, 858, 962, 871, 674, 636, 697, 764, 738, 805, 927, 873, 714, 704, 691, 661, 634, 1008, 1259, 990, 734, 880, 812, 774, 645, 1028, 1492, 1132, 646, 774, 732, 801, 563, 917, 1243, 1100, 744, 724, 674, 651, 700, 864, 830, 784, 684, 728, 671, 600, 717, 722, 676, 737, 675, 631, 735, 649, 642, 600, 787, 901, 630, 653, 766, 621, 564, 816, 1131, 1047, 641, 809, 897, 732, 488, 774, 1107, 946, 626, 784, 696, 731, 553, 666, 590, 667, 646, 583, 540, 581, 644, 762, 796, 690, 633, 663, 711, 721, 662, 741, 767, 627, 599, 711, 651, 641, 686, 618, 658, 593, 602, 684, 568, 586, 662, 620, 652, 642, 572, 672, 614, 585, 615, 655, 687, 640, 551, 666, 641, 557, 573, 647, 800, 732, 626, 734, 703, 552, 510, 688, 680, 636, 632, 611, 616, 600, 568, 745, 635, 559, 620, 590, 662, 632, 635, 628, 662, 643, 627, 566, 570, 576, 619, 641, 556, 555, 600, 559, 586, 650, 684, 619, 655, 689, 698, 667, 676, 703, 683, 769, 790, 845, 821, 720, 835, 727, 591, 812, 779, 735, 798, 666, 824, 851, 614, 691, 661, 635, 775, 739, 688, 750, 643, 903, 880, 746, 753, 729, 978, 901, 652, 986, 938, 901, 844, 725, 1003, 836, 687, 789, 910, 1013, 802, 704, 878, 719, 595, 847, 801, 900, 878, 590, 837, 848, 583, 863, 736, 683, 823, 489, 687, 838, 717, 860, 726, 663, 674, 602, 724, 683, 684, 911, 690, 702, 714, 781, 779, 648, 771, 1106, 896, 681, 643, 835, 868, 825, 1019, 1704, 1413, 1003, 715, 974, 1377, 1477, 1580, 2227, 1655, 1202, 826, 1274, 1862, 2180, 2306, 1715, 1273, 1028, 767, 1133, 1619, 1918, 1928, 859, 824, 695, 642, 897, 1119, 1260, 1035, 499, 444, 574, 596, 623, 821, 853, 651, 646, 556, 580, 609, 638, 702, 688, 530, 952, 924, 829, 753, 765, 879, 767, 698, 996, 1251, 1189, 822, 756, 1079, 987, 710, 1155, 1976, 1625, 699, 911, 1105, 1135, 693, 710, 2044, 2256, 1130, 808, 1278, 1860, 1571, 1319, 1946, 2986, 1874, 857, 1890, 3157, 3160, 1626, 1794, 2968, 1916, 755, 1903, 3200, 3305, 1059, 1605, 1946, 1016, 702, 1473, 2016, 1709, 1069, 1215, 989, 733, 821, 864, 910, 907, 992, 1039, 894, 680, 613, 577, 603, 725, 577, 824, 857, 606, 575, 556, 628, 565, 522, 704, 864, 763, 555, 598, 722, 682, 976, 962, 824, 738, 710, 842, 1000, 1040, 1484, 1133, 712, 832, 986, 932, 1071, 1394, 1565, 1227, 715, 961, 1037, 924, 1031, 1354, 1135, 955, 674, 792, 839, 852, 821, 864, 724, 562, 575, 578, 495, 605, 526, 620, 652, 681, 647, 577, 572, 584, 573, 605, 722, 786, 722, 618, 593, 586, 667, 668, 466, 576, 581, 456, 449, 451, 521, 467, 404, 520, 451, 352, 451, 509, 545, 440, 408, 461, 410, 395, 385, 448, 563, 519, 481, 493, 493, 441, 384, 445, 491, 471]"
-0.9674721956253052,-0.09237006306648254,-0.19201605021953583,-0.25390779972076416,0.04793211817741394,0.22913376986980438,0.3622174859046936,0.01645183563232422,-0.8980751037597656,20.5,0.018311500549316406,-0.6927967071533203,19.75,0.07467365264892578,-0.5899429321289062,17.25,0.10700321197509766,-0.8434295654296875,24.5,0.2693662643432617,-0.6679058074951172,23.5,"[624, 572, 595, 657, 696, 657, 592, 567, 593, 555, 638, 713, 689, 648, 645, 662, 532, 507, 569, 661, 602, 534, 499, 503, 581, 490, 552, 633, 572, 539, 530, 609, 449, 506, 488, 490, 447, 425, 465, 467, 570, 589, 561, 541, 512, 538, 505, 506, 569, 510, 439, 500, 535, 527, 524, 539, 507, 524, 466, 458, 557, 532, 473, 514, 485, 526, 477, 499, 540, 435, 474, 491, 470, 588, 596, 572, 544, 535, 510, 442, 532, 579, 533, 570, 544, 533, 619, 562, 501, 456, 511, 564, 633, 569, 536, 618, 449, 381, 485, 555, 534, 525, 615, 562, 549, 501, 479, 575, 600, 575, 547, 565, 596, 545, 542, 542, 566, 419, 496, 593, 541, 495, 418, 507, 546, 450, 467, 547, 569, 543, 495, 588, 541, 440, 542, 573, 484, 490, 512, 559, 560, 573, 645, 629, 485, 454, 522, 540, 530, 507, 566, 587, 532, 526, 554, 582, 581, 556, 643, 635, 550, 583, 576, 540, 509, 619, 654, 602, 575, 564, 604, 689, 623, 549, 551, 582, 419, 512, 624, 620, 530, 522, 518, 478, 495, 521, 590, 644, 640, 692, 597, 457, 488, 521, 586, 589, 620, 705, 676, 517, 559, 560, 617, 639, 621, 605, 581, 599, 447, 459, 506, 518, 528, 569, 534, 532, 506, 482, 446, 515, 498, 512, 510, 510, 623, 548, 379, 439, 552, 467, 414, 512, 540, 534, 509, 525, 545, 505, 498, 567, 537, 483, 560, 549, 530, 568, 542, 515, 498, 533, 472, 543, 589, 569, 486, 454, 541, 566, 510, 637, 639, 537, 545, 534, 576, 653, 574, 585, 674, 509, 476, 533, 582, 589, 549, 534, 504, 501, 478, 487, 592, 600, 513, 463, 485, 557, 482, 523, 633, 653, 527, 510, 557, 601, 473, 447, 740, 685, 602, 618, 656, 572, 442, 581, 583, 601, 603, 567, 531, 589, 528, 546, 612, 536, 510, 537, 553, 504, 523, 629, 634, 600, 529, 596, 590, 568, 531, 603, 681, 564, 511, 566, 652, 671, 542, 590, 661, 651, 567, 642, 648, 658, 586, 562, 601, 610, 654, 652, 631, 625, 661, 602, 740, 1021, 1033, 759, 792, 743, 858, 723, 1785, 3443, 3220, 1452, 1357, 1739, 2354, 1631, 2563, 5876, 5633, 2335, 1753, 2726, 4139, 2683, 2020, 4460, 4196, 1894, 1359, 2149, 3112, 1976, 985, 1848, 1739, 912, 715, 1089, 1406, 992, 716, 990, 929, 770, 591, 725, 981, 889, 2472, 4348, 3833, 1796, 1173, 2353, 3441, 2468, 8551, 17031, 15406, 6466, 2722, 8124, 13197, 9153, 11732, 27027, 25476, 10457, 3775, 11698, 20526, 14333, 8136, 22572, 22555, 9552, 3440, 9715, 16649, 11653, 3536, 11350, 12140, 5763, 1808, 6211, 9320, 6512, 1623, 4219, 4323, 2172, 1076, 2917, 4162, 2798, 705, 1217, 1191, 687, 612, 962, 1226, 965, 868, 1460, 1310, 724, 857, 885, 885, 736, 1605, 2585, 2158, 1146, 1569, 1520, 1086, 926, 1639, 2639, 2288, 1398, 1703, 1610, 1114, 1012, 1150, 1765, 1550, 1061, 1114, 1102, 861, 716, 918, 1425, 1144, 747, 862, 910, 828, 555, 591, 823, 724, 594, 651, 658, 731, 556, 790, 1131, 888, 639, 672, 752, 928, 752, 723, 1097, 1008, 698, 569, 817, 919, 724, 562, 647, 808, 656, 590, 713, 666, 564, 653, 791, 801, 664, 571, 642, 691, 620, 624, 693, 657, 569, 586, 667, 677, 539, 679, 700, 668, 643, 692, 644, 645, 616, 811, 905, 796, 634, 659, 715, 661, 637, 676, 680, 715, 629, 641, 686, 603, 649, 543, 635, 708, 585, 551, 572, 536, 576, 613, 625, 673, 620, 575, 605, 595, 621, 581, 646, 631, 623, 623, 687, 691, 587, 593, 627, 627, 633, 676, 577, 619, 615, 656, 696, 720, 660, 667, 663, 551, 584, 724, 861, 828, 711, 722, 735, 713, 664, 658, 959, 994, 704, 735, 843, 713, 630, 690, 788, 755, 675, 735, 690, 662, 683, 658, 646, 612, 636, 628, 622, 648, 679, 597, 618, 571, 575, 576, 643, 661, 621, 632, 721, 633, 525, 567, 712, 717, 544, 688, 747, 759, 611, 611, 690, 703, 608, 683, 720, 748, 717, 664, 638, 752, 752, 601, 605, 640, 749, 704, 606, 615, 642, 723, 573, 632, 728, 735, 673, 587, 712, 710, 616, 607, 557, 593, 595, 574, 672, 611, 574, 594, 561, 498, 624, 637, 633, 599, 625, 660, 589, 545, 719, 620, 465, 704, 777, 757, 664, 623, 766, 672, 586, 785, 838, 748, 640, 625, 822, 715, 542, 711, 767, 700, 594, 538, 728, 781, 606, 804, 821, 728, 597, 525, 777, 729, 676, 1006, 934, 825, 738, 713, 999, 836, 650, 1059, 866, 914, 967, 698, 996, 851, 772, 823, 771, 892, 859, 707, 961, 875, 597, 669, 652, 613, 568, 561, 724, 724, 598, 607, 591, 568, 603, 535, 558, 571, 587, 545, 608, 659, 664, 620, 701, 689, 603, 574, 590, 626, 701, 655, 638, 775, 716, 1293, 1077, 817, 699, 982, 1240, 1297, 1275, 1940, 1542, 1066, 806, 1318, 1664, 1739, 1893, 1146, 938, 827, 679, 888, 1060, 1111, 1150, 771, 688, 724, 648, 549, 662, 690, 749, 891, 683, 703, 623, 625, 720, 594, 752, 710, 940, 835, 670, 574, 969, 1060, 720, 711, 2137, 2137, 1081, 753, 2084, 3037, 2161, 1364, 3707, 3603, 1687, 1325, 3465, 5051, 3695, 1359, 2667, 2438, 1251, 1195, 2715, 3760, 2813, 956, 1235, 1153, 1171, 753, 1733, 2306, 1546, 1911, 1139, 1799, 2065, 1051, 1877, 2780, 2582, 2286, 1365, 2018, 2348, 1230, 2029, 2855, 2708, 2240, 1514, 2238, 2477, 1122, 2298, 2702, 2115, 1531, 1416, 1966, 2037, 866, 1921, 2287, 1372, 773, 1000, 1270, 1161, 658, 1256, 1432, 995, 568, 636, 784, 713, 641, 853, 872, 723, 695, 731, 728, 637, 716, 825, 753, 706, 852, 851, 761, 613, 713, 857, 865, 846, 796, 719, 755, 784, 822, 825, 979, 1032, 905, 725, 918, 1026, 723, 859, 1289, 1288, 869, 619, 718, 807, 615, 597, 788, 930, 815, 599, 656, 728, 571, 633, 833, 932, 685, 618, 506, 512, 466, 677, 740, 623, 622, 606, 506, 538, 461, 659, 620, 450, 468, 462, 454, 435, 413, 500, 541, 487, 487, 412, 475, 464, 394, 442, 525, 528, 495, 465, 465, 403, 402, 488, 456, 476, 437, 517, 507, 442, 495, 487, 463, 450]"
-0.9475380182266235,0.1102336198091507,-0.18923087418079376,-0.05814811587333679,0.41327667236328125,0.12379711121320724,0.6625971794128418,-0.0958179235458374,-0.7925033569335938,29.75,-0.07736432552337646,-0.7882118225097656,28.75,0.04809153079986572,-0.6247043609619141,21.25,0.5168701410293579,-0.17566680908203125,21.75,0.523593544960022,-0.2350330352783203,24.0,"[509, 610, 693, 623, 444, 621, 690, 610, 490, 522, 602, 602, 535, 589, 640, 547, 519, 601, 590, 538, 581, 618, 535, 510, 667, 628, 446, 509, 598, 600, 494, 536, 586, 456, 387, 486, 496, 510, 488, 589, 516, 472, 444, 498, 549, 441, 463, 524, 518, 437, 459, 566, 552, 415, 478, 553, 549, 514, 487, 484, 514, 531, 500, 534, 596, 490, 488, 587, 557, 497, 542, 532, 568, 524, 499, 574, 643, 572, 511, 575, 572, 564, 621, 606, 574, 521, 502, 610, 461, 460, 463, 498, 539, 585, 594, 540, 439, 472, 526, 546, 499, 584, 636, 486, 515, 504, 514, 581, 543, 527, 601, 555, 484, 547, 532, 486, 472, 582, 539, 469, 531, 658, 618, 480, 568, 662, 611, 552, 507, 556, 531, 525, 587, 540, 498, 531, 554, 532, 541, 573, 582, 540, 581, 604, 602, 679, 586, 568, 594, 628, 640, 581, 610, 630, 617, 558, 565, 493, 562, 634, 517, 554, 470, 449, 527, 579, 584, 546, 522, 596, 594, 542, 582, 662, 589, 437, 594, 585, 570, 527, 620, 667, 623, 548, 565, 614, 611, 571, 594, 631, 613, 584, 527, 521, 534, 502, 521, 545, 555, 600, 574, 540, 505, 571, 520, 512, 562, 589, 525, 531, 491, 592, 595, 509, 538, 558, 486, 516, 532, 556, 577, 532, 505, 492, 480, 570, 632, 622, 569, 491, 524, 520, 518, 523, 606, 574, 495, 493, 499, 533, 566, 602, 549, 511, 524, 573, 612, 547, 493, 508, 554, 519, 481, 552, 472, 486, 421, 479, 533, 551, 563, 481, 456, 502, 490, 573, 606, 574, 561, 586, 632, 543, 571, 504, 521, 601, 641, 617, 563, 591, 537, 537, 543, 631, 530, 499, 615, 575, 583, 656, 588, 507, 436, 497, 562, 535, 560, 569, 540, 563, 470, 405, 476, 553, 598, 542, 552, 566, 574, 523, 465, 532, 565, 540, 533, 516, 451, 520, 519, 489, 527, 537, 491, 529, 502, 479, 470, 476, 592, 558, 587, 606, 609, 550, 512, 618, 626, 555, 527, 579, 585, 554, 514, 541, 733, 1286, 1288, 804, 693, 779, 932, 761, 2548, 6393, 6110, 2432, 1861, 2884, 4485, 2927, 6516, 15182, 13885, 4752, 4096, 6304, 9874, 5686, 7860, 17140, 15132, 4712, 4562, 6720, 10370, 5329, 4150, 8868, 7726, 2405, 2283, 3354, 5314, 2698, 1101, 1938, 1650, 791, 819, 938, 1305, 877, 1997, 3489, 3350, 1650, 874, 1878, 3110, 2594, 5225, 12467, 12402, 5622, 1782, 6694, 11282, 8464, 5828, 16240, 16006, 6783, 1877, 8802, 14846, 10577, 3409, 9474, 8819, 3172, 1568, 5108, 8362, 5453, 1662, 3604, 3095, 1012, 978, 1792, 2619, 1383, 1129, 1960, 1910, 961, 716, 862, 1073, 860, 888, 1036, 960, 718, 632, 601, 679, 711, 779, 830, 673, 667, 710, 687, 703, 728, 999, 1453, 1138, 626, 978, 907, 792, 644, 1797, 2866, 2261, 657, 1510, 1548, 1093, 659, 1793, 2999, 2460, 707, 1434, 1624, 1199, 655, 1149, 1792, 1518, 674, 1025, 1177, 1121, 760, 806, 1250, 1203, 781, 815, 994, 1069, 769, 642, 841, 849, 716, 729, 737, 809, 727, 706, 857, 732, 629, 761, 706, 626, 635, 1045, 1463, 1188, 660, 768, 885, 793, 616, 1319, 2158, 1895, 1023, 979, 1027, 1161, 933, 1225, 1827, 1559, 864, 861, 891, 1076, 925, 912, 1178, 958, 560, 716, 868, 856, 745, 639, 716, 655, 542, 564, 565, 622, 611, 566, 821, 851, 635, 631, 678, 685, 617, 640, 927, 983, 686, 703, 779, 653, 678, 677, 688, 774, 613, 698, 756, 566, 657, 598, 696, 783, 662, 616, 650, 650, 636, 627, 729, 697, 674, 634, 670, 619, 550, 559, 660, 593, 531, 534, 627, 684, 543, 720, 764, 697, 693, 689, 695, 667, 597, 905, 1040, 827, 652, 857, 768, 673, 620, 898, 1054, 881, 580, 738, 760, 671, 635, 778, 1094, 919, 500, 711, 794, 748, 574, 788, 945, 810, 584, 692, 819, 797, 637, 637, 624, 616, 588, 589, 615, 636, 647, 666, 691, 650, 658, 660, 676, 673, 693, 628, 681, 558, 555, 700, 720, 650, 521, 645, 648, 536, 617, 620, 576, 620, 644, 620, 520, 567, 625, 626, 566, 634, 665, 666, 619, 592, 637, 653, 585, 658, 716, 656, 607, 629, 642, 612, 586, 591, 711, 657, 757, 738, 638, 636, 658, 686, 656, 600, 677, 642, 562, 498, 624, 648, 515, 721, 763, 662, 599, 514, 657, 665, 615, 749, 856, 758, 619, 630, 823, 738, 614, 964, 953, 949, 714, 670, 1101, 995, 730, 1303, 1033, 956, 831, 702, 1069, 928, 964, 1159, 876, 817, 923, 732, 758, 639, 1001, 1183, 980, 817, 941, 789, 978, 863, 860, 912, 789, 651, 582, 733, 894, 710, 771, 589, 524, 610, 605, 544, 576, 578, 653, 677, 609, 691, 617, 541, 691, 733, 735, 684, 733, 703, 570, 595, 663, 700, 683, 948, 844, 613, 565, 703, 664, 725, 836, 982, 669, 611, 750, 661, 713, 1107, 1250, 873, 657, 672, 703, 643, 735, 936, 1069, 722, 676, 598, 555, 645, 624, 635, 697, 476, 544, 621, 588, 571, 620, 593, 548, 537, 553, 604, 606, 591, 620, 606, 609, 661, 676, 714, 626, 632, 723, 808, 832, 745, 990, 1158, 891, 707, 951, 1498, 1404, 674, 1672, 2014, 1145, 672, 1243, 2185, 1934, 992, 1968, 2211, 1152, 748, 1282, 2067, 1807, 1442, 2034, 1889, 863, 1027, 1417, 2098, 1753, 1520, 1723, 1464, 849, 1027, 1677, 2258, 1908, 1172, 1231, 1275, 866, 835, 1525, 1895, 1526, 948, 1226, 1195, 763, 736, 1097, 1308, 1082, 1422, 1690, 1182, 637, 800, 802, 703, 847, 1514, 1540, 920, 642, 713, 608, 668, 831, 850, 716, 661, 609, 596, 646, 640, 795, 686, 786, 800, 713, 733, 602, 699, 799, 885, 1057, 1065, 995, 727, 792, 960, 845, 631, 805, 901, 745, 591, 816, 894, 739, 518, 497, 598, 546, 520, 639, 565, 486, 634, 504, 619, 752, 583, 461, 519, 602, 488, 658, 818, 740, 582, 729, 818, 588, 498, 703, 793, 682, 524, 902, 1003, 618, 474, 781, 787, 614, 456, 863, 1010, 668, 442, 523, 570, 510, 446, 553, 697, 564, 460, 435, 454, 409, 460, 443, 417, 458, 450, 471, 519, 518, 537, 505, 521, 556, 451, 381, 405, 482, 449, 365, 409, 535]"
-0.8372059464454651,0.10408688336610794,0.16773217916488647,0.26712167263031006,0.19853633642196655,0.630747377872467,0.7558703422546387,-1.111607551574707,1.5419483184814453,15.25,-0.4351186752319336,-1.0727405548095703,17.75,0.02822399139404297,-0.8793354034423828,18.0,0.1046133041381836,-0.7151126861572266,19.25,0.12821674346923828,-0.7085323333740234,20.75,"[536, 607, 621, 477, 447, 477, 621, 605, 574, 594, 577, 606, 575, 563, 681, 664, 600, 622, 521, 546, 589, 630, 618, 521, 468, 515, 499, 465, 508, 586, 501, 468, 484, 428, 420, 428, 490, 519, 497, 511, 544, 524, 498, 519, 456, 499, 502, 500, 588, 520, 513, 476, 487, 480, 479, 545, 625, 534, 525, 509, 552, 566, 648, 687, 530, 468, 487, 506, 511, 536, 546, 583, 510, 466, 520, 530, 603, 572, 558, 562, 495, 441, 576, 563, 496, 494, 554, 565, 531, 529, 563, 532, 476, 483, 474, 523, 504, 499, 579, 589, 512, 477, 501, 517, 556, 491, 552, 690, 625, 510, 577, 549, 425, 485, 608, 618, 506, 437, 539, 504, 543, 524, 500, 569, 537, 546, 574, 505, 521, 497, 481, 556, 579, 499, 508, 515, 510, 471, 509, 591, 548, 492, 603, 669, 487, 511, 564, 568, 555, 616, 644, 510, 590, 629, 646, 622, 553, 642, 685, 588, 626, 576, 583, 599, 536, 564, 537, 571, 618, 595, 590, 624, 563, 479, 442, 562, 599, 514, 541, 526, 535, 504, 471, 521, 603, 548, 575, 557, 555, 631, 514, 539, 497, 450, 457, 437, 561, 592, 491, 496, 626, 589, 475, 549, 586, 566, 563, 519, 520, 558, 526, 597, 574, 576, 526, 463, 500, 467, 512, 563, 531, 510, 575, 607, 476, 479, 471, 517, 492, 473, 505, 521, 476, 436, 528, 547, 493, 545, 543, 533, 493, 490, 548, 591, 523, 560, 574, 508, 580, 602, 565, 601, 538, 528, 509, 542, 561, 558, 514, 445, 490, 533, 504, 473, 569, 560, 517, 456, 450, 460, 520, 538, 584, 637, 529, 506, 492, 492, 558, 576, 526, 566, 562, 487, 513, 530, 565, 536, 489, 512, 484, 491, 541, 529, 539, 513, 618, 626, 530, 479, 555, 584, 558, 577, 622, 616, 547, 502, 464, 568, 600, 571, 482, 523, 497, 447, 434, 487, 557, 568, 539, 483, 495, 532, 606, 528, 534, 594, 666, 572, 582, 593, 670, 671, 619, 620, 634, 564, 557, 535, 590, 648, 572, 616, 959, 1937, 2045, 1063, 782, 1198, 1604, 1320, 1448, 3930, 4011, 1878, 1021, 1884, 3077, 2284, 1270, 3265, 3192, 1391, 807, 1541, 2458, 1721, 780, 1402, 1375, 745, 611, 819, 1047, 837, 626, 741, 801, 633, 597, 721, 730, 646, 644, 588, 638, 583, 582, 554, 476, 600, 1355, 2333, 2377, 1365, 724, 1375, 2176, 1806, 3576, 7937, 7915, 3797, 1637, 4148, 7055, 5422, 4856, 11499, 11067, 4803, 2167, 6094, 10011, 6997, 4071, 9673, 8802, 3229, 2023, 5037, 7934, 4960, 2372, 5185, 4497, 1401, 1367, 2293, 3404, 1825, 1282, 2568, 2479, 1173, 864, 1219, 1426, 1070, 746, 1150, 1240, 845, 723, 863, 949, 879, 651, 790, 849, 713, 702, 764, 821, 759, 573, 756, 858, 711, 656, 696, 722, 623, 604, 745, 772, 592, 580, 746, 662, 523, 573, 732, 805, 672, 635, 671, 819, 751, 704, 1164, 1137, 736, 689, 831, 989, 810, 777, 828, 732, 675, 678, 599, 725, 800, 1431, 1924, 1601, 948, 962, 829, 839, 891, 1179, 1486, 1300, 861, 838, 658, 715, 789, 652, 819, 749, 571, 644, 749, 754, 635, 660, 706, 682, 556, 635, 744, 733, 651, 731, 683, 670, 600, 606, 666, 759, 779, 591, 635, 669, 571, 564, 642, 587, 534, 466, 526, 590, 579, 614, 656, 537, 454, 597, 626, 660, 633, 645, 599, 525, 577, 700, 787, 776, 633, 681, 709, 651, 637, 768, 859, 850, 738, 797, 731, 664, 706, 598, 657, 814, 804, 645, 657, 618, 574, 685, 618, 597, 712, 695, 654, 572, 528, 642, 727, 603, 531, 590, 666, 655, 527, 569, 663, 605, 590, 636, 706, 628, 562, 623, 718, 657, 608, 623, 625, 657, 597, 630, 737, 794, 733, 688, 677, 707, 670, 510, 587, 684, 709, 574, 625, 654, 579, 641, 591, 586, 543, 591, 610, 588, 581, 760, 757, 704, 558, 609, 710, 645, 670, 554, 653, 654, 571, 598, 698, 705, 594, 515, 536, 615, 561, 590, 632, 662, 640, 610, 640, 604, 574, 661, 764, 702, 573, 606, 606, 558, 538, 613, 673, 644, 572, 596, 627, 594, 552, 500, 547, 669, 699, 650, 655, 582, 564, 522, 494, 641, 698, 693, 631, 619, 572, 585, 658, 572, 596, 742, 556, 569, 572, 581, 596, 519, 659, 694, 582, 599, 586, 590, 530, 547, 648, 641, 574, 589, 610, 642, 622, 614, 652, 505, 515, 533, 535, 599, 640, 657, 622, 555, 523, 514, 543, 599, 670, 542, 552, 564, 611, 624, 571, 639, 678, 611, 589, 529, 720, 747, 567, 539, 566, 583, 538, 579, 652, 604, 470, 513, 573, 543, 551, 551, 593, 611, 507, 413, 584, 666, 626, 518, 568, 554, 528, 526, 612, 606, 594, 526, 593, 483, 520, 628, 623, 537, 490, 634, 610, 549, 539, 619, 633, 487, 555, 573, 616, 658, 614, 489, 559, 560, 587, 591, 637, 605, 551, 467, 514, 562, 561, 693, 638, 599, 611, 539, 552, 539, 635, 596, 593, 619, 664, 614, 567, 587, 653, 659, 651, 640, 634, 528, 559, 585, 599, 659, 679, 672, 672, 591, 677, 774, 776, 684, 879, 1026, 732, 680, 959, 1480, 1374, 815, 1129, 1340, 877, 682, 1267, 1874, 1666, 550, 1116, 1137, 706, 653, 1185, 1758, 1368, 592, 912, 806, 654, 772, 890, 1035, 748, 721, 687, 897, 737, 669, 679, 786, 965, 628, 951, 1159, 778, 634, 805, 1082, 1034, 597, 1258, 1268, 775, 690, 872, 1154, 894, 858, 1496, 1440, 819, 591, 690, 1103, 845, 859, 1311, 1361, 859, 595, 751, 861, 760, 744, 769, 1010, 935, 670, 715, 841, 882, 898, 570, 630, 761, 680, 600, 569, 804, 669, 705, 557, 558, 583, 623, 646, 606, 587, 632, 579, 538, 510, 568, 749, 604, 613, 725, 602, 516, 473, 640, 697, 523, 663, 671, 566, 658, 563, 666, 755, 603, 585, 584, 534, 629, 595, 613, 753, 713, 542, 618, 626, 472, 577, 661, 599, 561, 574, 635, 535, 417, 568, 556, 529, 567, 502, 459, 413, 456, 501, 509, 530, 524, 445, 432, 454, 454, 431, 481, 520, 467, 416, 389, 460, 387, 361, 445, 420, 415, 384, 397, 400, 362, 362, 408, 432, 419]"
-0.1390807181596756,-0.1399071216583252,-0.5295652151107788,-0.43036019802093506,-0.11212407052516937,-0.36163631081581116,-0.5756546258926392,-0.07316792011260986,0.9615898132324219,20.25,0.07646358013153076,0.8090972900390625,31.5,0.07717883586883545,0.8030891418457031,28.5,0.19820010662078857,0.9866237640380859,18.75,0.4059103727340698,0.6700515747070312,21.75,"[617, 646, 648, 672, 720, 670, 652, 651, 521, 565, 654, 624, 584, 596, 609, 648, 471, 515, 636, 650, 545, 623, 718, 654, 423, 505, 620, 622, 483, 542, 687, 615, 467, 508, 510, 486, 522, 547, 473, 438, 556, 494, 517, 587, 614, 609, 485, 495, 568, 436, 530, 586, 576, 520, 471, 610, 492, 483, 494, 449, 511, 518, 508, 521, 478, 505, 546, 428, 435, 561, 577, 515, 516, 525, 568, 532, 514, 500, 567, 617, 525, 545, 496, 490, 514, 469, 464, 548, 575, 636, 531, 544, 591, 526, 506, 546, 524, 590, 492, 529, 529, 521, 522, 429, 555, 573, 567, 486, 564, 601, 477, 493, 542, 483, 597, 565, 511, 551, 518, 574, 559, 481, 532, 571, 522, 498, 568, 616, 597, 530, 528, 561, 599, 572, 484, 558, 606, 639, 612, 502, 477, 565, 571, 527, 636, 667, 597, 575, 515, 563, 607, 638, 573, 573, 614, 601, 595, 526, 595, 704, 513, 513, 598, 502, 493, 490, 468, 599, 587, 474, 497, 526, 578, 493, 461, 607, 513, 575, 580, 578, 573, 599, 543, 471, 554, 603, 601, 507, 519, 588, 554, 455, 581, 576, 497, 481, 519, 580, 507, 518, 577, 596, 556, 544, 565, 574, 529, 528, 637, 559, 513, 574, 585, 500, 469, 538, 549, 596, 534, 511, 546, 517, 539, 524, 557, 587, 565, 553, 553, 526, 597, 634, 608, 636, 664, 569, 584, 694, 719, 619, 628, 692, 637, 587, 614, 673, 716, 617, 553, 644, 671, 587, 559, 640, 619, 594, 606, 465, 529, 626, 566, 581, 524, 537, 619, 560, 639, 613, 538, 558, 587, 618, 612, 612, 589, 526, 593, 595, 613, 626, 486, 604, 642, 631, 589, 489, 545, 573, 543, 615, 573, 479, 514, 580, 566, 456, 561, 549, 611, 558, 573, 546, 551, 590, 608, 608, 603, 561, 590, 634, 562, 559, 687, 612, 543, 574, 679, 657, 530, 598, 607, 561, 600, 551, 646, 628, 548, 540, 569, 650, 681, 589, 578, 629, 554, 479, 526, 613, 642, 577, 526, 570, 575, 540, 486, 585, 619, 573, 529, 551, 629, 559, 604, 603, 551, 548, 582, 570, 612, 549, 688, 717, 613, 580, 509, 653, 654, 570, 745, 727, 669, 791, 774, 739, 944, 965, 1295, 776, 1166, 1485, 1338, 838, 1974, 2299, 2390, 1831, 3165, 2638, 1826, 1864, 5259, 5590, 6710, 5093, 8824, 6142, 4248, 5191, 13579, 14592, 9643, 6989, 12623, 8828, 5955, 7082, 19040, 20724, 6679, 5652, 10069, 7501, 4473, 5436, 14393, 15306, 2303, 4910, 6993, 4930, 2176, 4119, 8587, 7886, 924, 4988, 6227, 3421, 968, 3890, 7478, 6395, 1080, 3343, 4225, 2226, 896, 2483, 5188, 4706, 939, 1105, 1433, 913, 615, 998, 2154, 2159, 739, 710, 830, 803, 629, 765, 942, 959, 676, 953, 978, 746, 676, 843, 1078, 947, 644, 770, 791, 737, 680, 650, 712, 796, 602, 712, 697, 644, 632, 617, 653, 647, 613, 578, 477, 563, 642, 593, 588, 609, 591, 578, 522, 614, 596, 540, 679, 673, 596, 636, 592, 532, 547, 561, 604, 580, 640, 579, 616, 676, 627, 585, 585, 624, 732, 619, 529, 574, 702, 640, 552, 596, 721, 615, 486, 594, 660, 588, 548, 681, 571, 501, 563, 574, 506, 470, 548, 571, 733, 723, 570, 532, 637, 638, 528, 633, 715, 823, 755, 598, 599, 632, 609, 640, 1429, 2323, 1981, 928, 996, 1363, 1304, 660, 1783, 2912, 2628, 1248, 1159, 1955, 1899, 870, 1652, 2224, 2178, 1251, 989, 1674, 1459, 944, 1460, 1659, 1819, 1361, 1084, 1418, 1004, 1204, 1508, 1610, 1871, 1788, 1405, 1115, 1001, 1659, 1082, 1315, 1517, 1386, 1023, 765, 751, 1037, 674, 883, 1036, 880, 590, 536, 539, 555, 745, 728, 797, 822, 712, 561, 561, 659, 826, 703, 737, 845, 832, 866, 711, 700, 601, 620, 543, 691, 752, 681, 743, 693, 600, 684, 696, 594, 619, 643, 732, 643, 550, 611, 658, 633, 570, 626, 688, 591, 582, 566, 666, 729, 568, 576, 688, 613, 614, 625, 732, 788, 668, 637, 693, 711, 634, 653, 701, 655, 542, 569, 556, 608, 620, 665, 679, 674, 589, 566, 637, 629, 602, 550, 578, 628, 642, 564, 527, 551, 552, 502, 543, 595, 573, 512, 511, 573, 545, 574, 606, 722, 667, 466, 548, 582, 530, 539, 597, 681, 589, 436, 506, 584, 486, 573, 676, 613, 494, 540, 684, 601, 486, 520, 675, 649, 564, 579, 806, 730, 546, 534, 650, 588, 593, 600, 636, 687, 681, 609, 609, 634, 618, 613, 561, 589, 695, 642, 548, 585, 550, 622, 587, 605, 658, 582, 497, 591, 521, 534, 555, 617, 576, 602, 590, 536, 514, 576, 690, 615, 532, 597, 604, 543, 518, 600, 634, 584, 622, 695, 639, 539, 602, 671, 675, 640, 508, 556, 496, 487, 480, 501, 578, 554, 509, 485, 383, 460, 488, 497, 532, 505, 488, 485, 606, 611, 507, 544, 661, 634, 521, 560, 645, 648, 570, 693, 702, 602, 627, 618, 627, 639, 625, 603, 601, 610, 738, 679, 609, 684, 729, 714, 571, 583, 627, 642, 589, 603, 659, 620, 516, 508, 624, 705, 661, 563, 694, 618, 595, 622, 589, 636, 585, 602, 636, 565, 622, 654, 572, 638, 649, 676, 606, 528, 541, 541, 506, 588, 689, 667, 539, 635, 598, 511, 601, 540, 580, 664, 667, 625, 511, 523, 594, 584, 614, 678, 569, 552, 570, 600, 679, 539, 636, 693, 585, 579, 618, 697, 657, 621, 865, 818, 627, 598, 710, 842, 632, 729, 903, 772, 644, 682, 874, 910, 538, 616, 736, 679, 587, 686, 817, 741, 648, 663, 578, 592, 648, 607, 663, 616, 535, 538, 594, 584, 541, 559, 653, 600, 543, 603, 586, 493, 523, 468, 555, 569, 467, 564, 563, 452, 488, 523, 529, 476, 538, 560, 590, 590, 495, 507, 558, 522, 408, 442, 422, 515, 432, 359, 421, 440, 504, 472, 433, 482, 472, 385, 514, 582, 509, 507, 470, 475, 478, 558, 531, 477, 372, 482, 482, 447, 452, 563, 581, 451, 333, 371, 404, 376, 351, 360, 411, 368, 449, 463, 443, 353, 353, 389, 494, 507, 432, 423, 408, 381, 376, 410, 472, 460, 377, 464, 450, 419, 383, 451, 502, 434]"
-0.1377241015434265,0.028056159615516663,-0.2819993793964386,-0.36944687366485596,0.20218317210674286,-0.07125717401504517,-0.4340157210826874,-0.23468327522277832,1.1325359344482422,22.0,-0.1312572956085205,0.9232521057128906,31.25,-0.09835553169250488,0.9168148040771484,30.25,0.2601306438446045,0.6810665130615234,22.75,0.3388087749481201,0.7563114166259766,20.25,"[501, 668, 717, 630, 719, 627, 722, 674, 541, 690, 692, 687, 681, 629, 728, 673, 562, 588, 638, 672, 631, 594, 551, 522, 555, 564, 558, 539, 512, 566, 493, 505, 485, 478, 475, 478, 445, 513, 492, 458, 507, 489, 533, 498, 498, 562, 517, 504, 521, 479, 450, 502, 548, 500, 437, 525, 558, 507, 531, 519, 560, 538, 552, 586, 536, 499, 564, 534, 449, 506, 556, 557, 572, 515, 526, 589, 538, 621, 591, 527, 512, 496, 465, 584, 532, 441, 512, 533, 483, 427, 455, 610, 561, 543, 576, 536, 429, 412, 447, 456, 497, 504, 500, 478, 556, 508, 524, 517, 528, 503, 534, 666, 568, 469, 518, 639, 627, 570, 588, 604, 563, 565, 513, 525, 592, 575, 500, 473, 548, 543, 505, 547, 648, 613, 576, 575, 559, 641, 457, 465, 606, 568, 560, 513, 480, 571, 492, 430, 486, 541, 589, 507, 622, 598, 545, 470, 505, 564, 538, 529, 634, 590, 548, 473, 508, 581, 625, 659, 478, 582, 650, 437, 470, 611, 584, 535, 451, 480, 610, 579, 584, 519, 535, 582, 487, 589, 601, 615, 583, 574, 569, 494, 484, 591, 619, 574, 598, 576, 543, 492, 545, 589, 541, 542, 541, 668, 581, 506, 529, 506, 529, 510, 574, 553, 535, 564, 587, 487, 471, 549, 560, 543, 483, 517, 530, 543, 493, 528, 588, 579, 463, 540, 539, 517, 503, 461, 535, 520, 532, 584, 766, 666, 571, 544, 595, 585, 608, 678, 697, 727, 678, 609, 534, 609, 645, 616, 576, 545, 562, 547, 493, 492, 484, 538, 544, 555, 520, 552, 581, 563, 553, 571, 567, 589, 581, 625, 650, 607, 581, 612, 619, 580, 563, 617, 643, 605, 516, 538, 649, 520, 592, 643, 606, 549, 493, 603, 549, 576, 660, 592, 607, 592, 512, 573, 594, 583, 575, 576, 584, 589, 583, 644, 514, 500, 534, 583, 624, 643, 678, 603, 608, 523, 516, 556, 597, 568, 600, 659, 601, 567, 563, 550, 534, 532, 490, 554, 512, 589, 537, 540, 667, 572, 498, 535, 566, 603, 598, 568, 682, 498, 551, 640, 568, 605, 692, 638, 598, 588, 630, 631, 677, 603, 714, 725, 630, 745, 844, 868, 1142, 866, 1105, 1531, 1246, 1117, 2018, 2057, 1629, 1273, 1096, 1838, 1534, 1487, 2328, 2252, 3115, 3459, 3577, 1984, 1719, 3733, 6919, 6481, 8947, 7318, 11124, 6528, 5191, 7308, 18341, 19532, 11369, 7583, 13371, 8679, 6631, 7445, 20883, 23396, 9436, 4499, 9667, 6687, 5167, 4611, 14764, 17633, 6963, 4748, 8917, 6408, 3466, 5464, 13717, 14744, 5415, 6496, 10086, 7722, 2456, 7516, 15444, 14454, 3439, 4535, 8216, 6350, 1851, 4738, 9531, 9365, 1435, 5052, 6303, 3549, 1064, 4240, 7778, 6677, 1044, 3254, 3201, 1399, 835, 2505, 4086, 3072, 760, 1367, 1308, 736, 612, 969, 1333, 1055, 579, 908, 866, 569, 597, 788, 884, 735, 603, 790, 815, 674, 623, 707, 850, 737, 612, 571, 551, 558, 580, 578, 553, 548, 588, 557, 532, 599, 649, 579, 551, 668, 628, 602, 548, 599, 634, 611, 645, 590, 758, 634, 572, 645, 672, 670, 602, 616, 656, 550, 556, 682, 638, 638, 649, 583, 572, 721, 752, 737, 576, 670, 732, 555, 616, 935, 1119, 825, 632, 876, 999, 800, 702, 1262, 1371, 827, 625, 880, 1290, 1109, 1591, 3758, 3771, 1695, 759, 1130, 2225, 1752, 3550, 7811, 7635, 3492, 1575, 2081, 3892, 2810, 3836, 7363, 6676, 2762, 1716, 2089, 3531, 2338, 2494, 3824, 2904, 872, 1307, 1495, 1757, 1107, 2142, 2709, 2162, 1752, 1913, 1800, 1270, 1463, 2220, 2445, 2394, 2474, 2385, 1901, 1330, 1917, 1160, 1267, 1463, 1671, 1542, 1138, 888, 1213, 788, 754, 848, 1082, 1115, 929, 792, 837, 681, 634, 824, 890, 853, 792, 758, 753, 794, 787, 754, 777, 777, 731, 673, 753, 723, 694, 721, 693, 605, 605, 638, 706, 687, 641, 657, 648, 529, 659, 668, 693, 668, 631, 532, 583, 620, 715, 704, 615, 714, 687, 713, 821, 636, 685, 759, 688, 617, 646, 681, 805, 699, 587, 744, 748, 641, 679, 650, 663, 689, 617, 663, 615, 688, 730, 704, 676, 657, 628, 586, 657, 636, 608, 610, 568, 619, 630, 596, 675, 557, 524, 468, 605, 610, 623, 615, 515, 701, 688, 555, 630, 707, 594, 526, 553, 565, 582, 605, 602, 635, 594, 514, 600, 566, 628, 663, 578, 564, 632, 648, 617, 515, 679, 631, 550, 562, 585, 627, 561, 498, 506, 610, 644, 560, 584, 639, 607, 417, 560, 682, 646, 482, 550, 701, 623, 485, 608, 611, 597, 529, 632, 691, 556, 557, 569, 546, 587, 524, 554, 646, 587, 616, 553, 511, 619, 568, 552, 596, 604, 517, 592, 544, 464, 497, 565, 507, 513, 556, 574, 569, 491, 498, 604, 583, 501, 482, 582, 649, 562, 531, 664, 670, 597, 516, 587, 563, 594, 567, 625, 657, 549, 538, 531, 426, 449, 559, 584, 548, 496, 530, 616, 591, 512, 494, 603, 689, 555, 542, 633, 601, 505, 465, 583, 657, 514, 639, 684, 618, 562, 573, 524, 562, 589, 625, 628, 606, 661, 615, 588, 571, 568, 498, 607, 641, 587, 554, 634, 659, 545, 634, 644, 583, 518, 581, 658, 581, 589, 688, 659, 561, 627, 694, 635, 694, 733, 595, 642, 535, 524, 577, 559, 650, 659, 559, 664, 636, 616, 581, 542, 694, 652, 675, 786, 679, 556, 651, 683, 659, 623, 696, 684, 707, 571, 708, 636, 534, 697, 573, 603, 588, 612, 617, 637, 632, 519, 571, 580, 663, 681, 607, 607, 685, 677, 573, 589, 675, 783, 697, 558, 515, 624, 558, 622, 619, 634, 575, 518, 530, 553, 471, 510, 533, 509, 512, 513, 500, 520, 527, 567, 565, 495, 552, 537, 602, 602, 542, 674, 630, 527, 625, 627, 756, 682, 542, 694, 585, 514, 560, 627, 757, 607, 487, 637, 609, 451, 453, 552, 564, 490, 460, 544, 632, 529, 440, 492, 608, 595, 395, 464, 538, 536, 402, 369, 493, 468, 403, 410, 455, 566, 467, 352, 398, 410, 405, 426, 409, 394, 351, 410, 413, 370, 414, 421, 448, 424, 404, 424, 457, 371, 448, 491, 452, 391, 441, 454, 439, 416, 339, 389, 366, 355, 398, 343, 377, 382]"
-0.23747560381889343,0.0928729996085167,-0.22633367776870728,-0.5350717306137085,0.388142466545105,-0.10207019746303558,-0.561044454574585,-0.8234848976135254,1.2242317199707031,17.0,-0.5501141548156738,1.0783195495605469,24.5,-0.4455437660217285,1.0449886322021484,28.75,-0.33310556411743164,1.025247573852539,27.75,-0.29033327102661133,1.0384082794189453,17.5,"[683, 561, 559, 781, 882, 782, 563, 560, 547, 540, 544, 691, 723, 596, 584, 597, 511, 391, 457, 641, 594, 472, 504, 512, 525, 413, 506, 633, 570, 535, 563, 583, 493, 535, 542, 611, 625, 574, 533, 527, 492, 433, 533, 613, 600, 543, 529, 574, 416, 486, 588, 601, 521, 437, 541, 555, 365, 477, 618, 603, 514, 560, 616, 506, 457, 512, 560, 561, 492, 541, 559, 498, 559, 541, 550, 568, 542, 525, 562, 574, 578, 517, 434, 501, 526, 594, 557, 478, 506, 512, 473, 537, 569, 571, 628, 587, 444, 408, 465, 550, 560, 526, 536, 512, 470, 475, 540, 563, 511, 518, 601, 570, 558, 573, 516, 525, 545, 513, 521, 547, 652, 611, 528, 514, 474, 474, 495, 548, 533, 557, 608, 595, 438, 499, 574, 520, 575, 601, 603, 580, 558, 565, 545, 544, 580, 521, 529, 578, 583, 525, 548, 590, 516, 468, 488, 546, 530, 526, 488, 502, 480, 516, 512, 526, 569, 587, 558, 560, 560, 586, 602, 635, 584, 620, 626, 574, 584, 608, 672, 654, 628, 627, 553, 549, 506, 591, 678, 524, 543, 603, 565, 570, 538, 463, 655, 582, 568, 572, 551, 592, 520, 483, 527, 593, 627, 499, 424, 560, 473, 455, 537, 528, 515, 515, 501, 556, 584, 538, 524, 513, 588, 575, 548, 560, 508, 529, 502, 454, 497, 484, 496, 540, 607, 603, 595, 516, 632, 617, 560, 578, 598, 603, 577, 694, 727, 581, 616, 709, 536, 531, 542, 592, 584, 500, 474, 580, 489, 467, 432, 437, 486, 513, 475, 464, 537, 518, 483, 504, 470, 514, 562, 539, 558, 500, 532, 537, 522, 568, 626, 650, 404, 454, 588, 545, 471, 563, 609, 536, 438, 484, 548, 610, 561, 565, 572, 481, 426, 468, 486, 549, 555, 541, 504, 438, 508, 471, 541, 579, 517, 526, 502, 488, 653, 564, 499, 517, 584, 636, 516, 564, 527, 466, 523, 508, 511, 510, 459, 542, 586, 583, 543, 522, 546, 638, 603, 570, 648, 661, 607, 621, 668, 675, 591, 543, 558, 605, 525, 579, 659, 572, 557, 566, 585, 662, 737, 715, 645, 780, 894, 736, 1888, 1112, 1868, 2427, 1780, 1407, 3579, 3789, 4560, 1451, 3794, 5234, 4083, 1831, 7804, 9006, 7128, 3019, 6588, 7386, 5922, 3591, 12264, 14058, 12124, 8094, 13807, 11303, 8515, 9045, 24162, 25947, 16674, 11141, 19942, 15348, 11161, 11657, 32768, 35741, 11954, 7340, 13649, 10478, 7542, 7141, 21108, 23903, 4411, 4303, 5507, 3339, 2026, 3133, 7767, 8425, 4566, 6920, 4923, 2060, 2208, 3625, 4268, 2606, 4535, 5739, 5178, 3399, 2290, 2743, 4335, 4310, 1904, 2168, 2302, 1733, 1200, 1058, 1595, 1831, 1664, 3276, 3808, 2222, 1041, 1835, 3593, 3350, 1374, 2377, 2970, 1775, 929, 1456, 3152, 3120, 806, 1245, 1375, 868, 717, 893, 1602, 1559, 624, 852, 878, 601, 624, 688, 1049, 996, 650, 648, 664, 655, 611, 597, 771, 785, 467, 570, 591, 590, 622, 515, 605, 590, 537, 587, 619, 600, 597, 659, 615, 558, 616, 533, 593, 635, 638, 673, 607, 624, 580, 660, 622, 579, 674, 690, 663, 656, 612, 644, 572, 639, 774, 698, 571, 542, 630, 573, 596, 776, 833, 671, 688, 734, 644, 876, 773, 655, 625, 771, 826, 611, 461, 899, 1070, 805, 583, 782, 817, 672, 1837, 4425, 4320, 1873, 889, 1206, 2232, 1673, 3540, 7183, 6297, 2238, 1350, 1934, 3569, 2169, 3192, 5699, 4515, 1226, 1341, 2007, 3180, 1680, 2367, 3431, 2433, 1348, 1546, 2084, 2541, 1311, 2207, 3052, 2580, 2120, 2259, 2333, 2163, 1670, 2021, 2420, 1738, 1455, 1895, 2276, 1876, 1240, 1443, 1440, 1209, 1281, 1413, 1704, 1495, 924, 1131, 1153, 1205, 1424, 1446, 1330, 975, 829, 700, 743, 733, 749, 902, 842, 739, 695, 729, 954, 899, 787, 694, 720, 722, 678, 684, 877, 897, 761, 692, 683, 650, 548, 578, 617, 644, 691, 627, 652, 611, 481, 573, 656, 672, 665, 661, 580, 490, 521, 738, 671, 707, 682, 752, 692, 605, 681, 725, 750, 864, 818, 695, 667, 797, 757, 788, 790, 799, 725, 685, 714, 814, 899, 914, 697, 661, 606, 687, 723, 791, 979, 813, 637, 658, 616, 682, 745, 690, 760, 744, 714, 611, 657, 701, 639, 749, 766, 721, 769, 631, 644, 637, 635, 708, 706, 668, 658, 625, 612, 632, 691, 690, 645, 572, 705, 652, 509, 586, 662, 568, 496, 641, 621, 579, 499, 476, 527, 559, 571, 608, 625, 467, 523, 549, 577, 547, 464, 553, 513, 470, 594, 581, 498, 569, 595, 542, 552, 512, 582, 626, 497, 556, 620, 564, 644, 587, 632, 700, 599, 597, 639, 508, 470, 621, 680, 654, 584, 588, 632, 546, 472, 546, 496, 596, 634, 612, 647, 633, 577, 616, 615, 676, 669, 644, 680, 707, 580, 592, 590, 613, 571, 660, 808, 698, 538, 588, 584, 598, 527, 666, 840, 614, 558, 637, 626, 620, 582, 659, 654, 627, 637, 605, 642, 714, 632, 690, 695, 603, 668, 690, 708, 675, 584, 614, 625, 499, 544, 631, 669, 628, 536, 557, 569, 414, 528, 624, 576, 493, 510, 502, 468, 489, 491, 549, 559, 530, 490, 495, 499, 529, 483, 562, 607, 472, 581, 692, 605, 565, 568, 563, 558, 417, 600, 682, 580, 631, 815, 787, 647, 524, 600, 692, 583, 775, 1715, 1767, 1036, 753, 991, 1650, 1361, 714, 1648, 2022, 1229, 780, 1137, 1894, 1725, 885, 828, 1214, 1062, 740, 743, 1076, 1220, 939, 806, 856, 794, 627, 823, 926, 992, 782, 704, 717, 670, 658, 739, 781, 876, 600, 539, 628, 627, 548, 507, 568, 665, 667, 616, 650, 648, 602, 584, 648, 726, 580, 645, 642, 581, 585, 566, 667, 657, 484, 651, 611, 464, 536, 551, 706, 692, 473, 626, 749, 530, 464, 554, 834, 827, 576, 539, 607, 577, 476, 507, 721, 764, 498, 477, 527, 547, 495, 486, 558, 582, 458, 523, 561, 571, 497, 551, 684, 584, 492, 446, 493, 530, 468, 482, 491, 509, 498, 468, 453, 437, 499, 467, 442, 497, 476, 390, 427, 478, 454, 441, 402, 448, 439, 363, 399, 468, 441, 413, 374, 382, 432, 434, 401, 412, 436, 483, 510, 502, 479, 418, 441, 495, 444, 409, 403, 444]"
-0.24805843830108643,0.0739620178937912,-0.19791115820407867,-0.4808002710342407,0.33561456203460693,-0.07227110862731934,-0.4360131025314331,-0.6857973337173462,1.1847496032714844,26.5,-0.5277258157730103,1.1050701141357422,25.75,-0.49153387546539307,1.059865951538086,29.25,-0.10186254978179932,0.6880760192871094,19.25,0.21571099758148193,0.36149024963378906,24.0,"[711, 683, 666, 649, 701, 645, 669, 687, 581, 597, 608, 662, 664, 656, 616, 599, 510, 577, 572, 612, 597, 622, 646, 545, 522, 566, 557, 493, 475, 480, 473, 460, 581, 585, 503, 490, 485, 492, 537, 514, 556, 526, 618, 533, 495, 587, 515, 565, 615, 503, 613, 506, 468, 548, 481, 568, 475, 516, 593, 508, 422, 524, 530, 539, 561, 591, 554, 497, 524, 532, 469, 461, 618, 669, 628, 557, 569, 565, 563, 548, 533, 550, 615, 653, 581, 549, 611, 564, 487, 501, 564, 528, 499, 481, 562, 560, 575, 544, 525, 498, 478, 460, 529, 620, 596, 530, 560, 581, 513, 461, 529, 661, 575, 643, 535, 615, 604, 585, 606, 537, 573, 575, 590, 638, 584, 497, 606, 619, 588, 492, 512, 511, 476, 389, 407, 553, 630, 628, 530, 566, 585, 540, 552, 501, 586, 648, 564, 537, 552, 542, 518, 427, 602, 616, 463, 472, 627, 632, 515, 474, 545, 512, 485, 568, 617, 535, 453, 480, 529, 547, 579, 587, 511, 519, 535, 492, 545, 609, 610, 597, 523, 579, 534, 498, 527, 501, 547, 653, 543, 501, 594, 527, 505, 552, 573, 594, 509, 485, 561, 518, 514, 620, 560, 520, 468, 558, 653, 573, 491, 515, 464, 425, 480, 581, 527, 424, 607, 640, 438, 430, 534, 643, 610, 491, 623, 654, 600, 472, 531, 632, 539, 493, 614, 618, 599, 521, 604, 655, 548, 507, 637, 565, 602, 632, 595, 544, 557, 637, 611, 466, 570, 676, 613, 493, 523, 664, 579, 469, 582, 592, 487, 507, 529, 595, 506, 476, 621, 644, 532, 555, 660, 655, 490, 619, 596, 563, 548, 567, 671, 517, 512, 641, 525, 499, 487, 478, 488, 437, 539, 525, 431, 470, 481, 475, 559, 547, 614, 537, 461, 504, 467, 502, 524, 587, 623, 590, 544, 607, 599, 481, 563, 619, 646, 635, 627, 720, 684, 605, 605, 661, 649, 741, 618, 605, 625, 589, 567, 540, 585, 625, 627, 610, 589, 650, 587, 547, 555, 653, 698, 540, 496, 667, 659, 583, 630, 652, 688, 677, 609, 711, 837, 743, 1484, 779, 1347, 1790, 1345, 1127, 2482, 2642, 3404, 786, 2454, 3783, 3060, 1161, 4942, 5967, 2012, 1296, 1632, 2379, 2147, 1380, 2382, 2710, 5264, 2422, 4783, 3864, 3480, 2749, 9515, 10869, 9323, 4439, 8772, 6825, 5945, 4334, 14341, 17260, 9931, 5447, 10416, 7341, 5846, 5185, 15478, 18410, 8127, 5069, 7082, 5050, 4551, 4775, 10544, 12552, 7236, 7824, 7144, 4441, 3714, 6798, 10079, 9851, 7069, 6584, 7978, 5226, 3465, 6032, 11489, 12006, 5103, 5833, 9119, 5394, 2489, 5053, 12484, 12933, 2082, 4912, 6649, 3582, 1380, 3737, 8542, 8104, 1080, 2500, 3185, 1723, 876, 1968, 4047, 3754, 1068, 1708, 2122, 1265, 906, 1381, 2540, 2406, 678, 1042, 1279, 925, 639, 897, 1409, 1304, 621, 688, 847, 698, 654, 771, 898, 817, 547, 789, 855, 667, 633, 753, 808, 703, 677, 803, 715, 597, 577, 605, 765, 749, 844, 689, 574, 717, 661, 581, 593, 643, 732, 722, 848, 812, 584, 482, 539, 715, 497, 614, 694, 652, 619, 614, 518, 484, 628, 522, 526, 598, 611, 605, 617, 655, 793, 673, 573, 657, 773, 762, 638, 754, 700, 720, 606, 659, 679, 690, 709, 699, 944, 1503, 1422, 881, 779, 964, 1218, 1023, 1479, 3530, 3579, 1673, 974, 2071, 2464, 1504, 2420, 5530, 5228, 1924, 1758, 2886, 3247, 1871, 2745, 4658, 3560, 1075, 1725, 2247, 2987, 1703, 1341, 1614, 1573, 1573, 1193, 1415, 1799, 1248, 825, 1200, 1182, 855, 633, 832, 1028, 859, 1920, 2315, 1774, 1324, 1137, 1596, 1741, 1237, 2300, 2191, 1135, 1111, 1041, 1642, 1446, 1234, 1176, 835, 889, 1030, 964, 952, 693, 990, 726, 893, 843, 766, 937, 941, 882, 719, 936, 885, 813, 747, 885, 964, 911, 849, 652, 755, 759, 640, 743, 734, 806, 718, 620, 716, 673, 664, 665, 547, 643, 550, 711, 683, 651, 776, 705, 581, 555, 589, 799, 644, 637, 827, 794, 706, 732, 744, 704, 729, 725, 758, 716, 679, 720, 664, 698, 760, 811, 802, 763, 730, 724, 700, 606, 599, 664, 627, 690, 745, 731, 668, 658, 604, 592, 616, 656, 739, 687, 670, 591, 645, 629, 628, 573, 617, 674, 629, 652, 587, 660, 742, 602, 614, 711, 757, 657, 538, 589, 629, 596, 565, 558, 657, 643, 596, 685, 652, 565, 552, 594, 596, 647, 618, 564, 620, 660, 603, 569, 597, 609, 660, 619, 590, 556, 560, 619, 591, 527, 574, 614, 641, 601, 548, 610, 615, 659, 638, 661, 618, 594, 656, 686, 730, 587, 570, 689, 634, 610, 722, 604, 599, 647, 529, 597, 674, 682, 592, 590, 703, 582, 578, 613, 633, 619, 545, 620, 620, 533, 560, 664, 598, 569, 502, 611, 666, 522, 607, 611, 561, 530, 561, 686, 685, 612, 495, 579, 632, 616, 545, 613, 682, 680, 660, 600, 548, 608, 627, 535, 660, 592, 652, 557, 458, 592, 712, 651, 567, 651, 548, 617, 677, 667, 638, 620, 649, 589, 565, 634, 668, 639, 657, 651, 642, 533, 533, 509, 525, 550, 596, 616, 498, 529, 519, 551, 544, 550, 540, 575, 517, 511, 585, 632, 569, 538, 644, 647, 597, 654, 798, 769, 584, 604, 730, 778, 690, 626, 1185, 1197, 762, 605, 859, 1169, 928, 667, 1781, 2152, 1245, 528, 1165, 1841, 1579, 912, 1675, 2384, 1682, 607, 1153, 1996, 1947, 1030, 1999, 2609, 1648, 658, 1459, 2537, 2343, 739, 1852, 2208, 1247, 705, 1343, 2399, 2113, 609, 913, 967, 711, 679, 677, 1038, 978, 611, 556, 653, 576, 666, 654, 660, 630, 659, 600, 734, 664, 675, 752, 733, 732, 561, 734, 882, 746, 606, 596, 742, 787, 554, 784, 782, 631, 529, 667, 876, 782, 646, 660, 615, 634, 539, 676, 748, 670, 561, 529, 602, 611, 582, 592, 603, 622, 510, 443, 511, 520, 457, 421, 506, 578, 479, 426, 449, 452, 390, 434, 558, 541, 437, 508, 490, 407, 397, 481, 552, 479, 444, 500, 445, 428, 456, 485, 527, 473, 398, 459, 429, 420, 485, 508, 523, 394, 373, 377, 419, 437, 471, 507, 479, 401, 362, 415, 394, 367, 440, 441, 442, 417, 382, 441, 470, 445, 382, 400, 442, 448]"
-0.282953679561615,0.08529098331928253,-0.20428630709648132,-0.49159252643585205,0.2872583270072937,-0.05425965413451195,-0.40304088592529297,-0.9438005685806274,1.2967586517333984,27.0,-0.592323899269104,1.0193824768066406,15.5,-0.2730337381362915,1.0249614715576172,19.25,-0.10008490085601807,0.936126708984375,19.5,0.17972314357757568,1.8855571746826172,16.0,"[638, 589, 560, 647, 789, 645, 559, 593, 560, 582, 516, 635, 770, 690, 627, 598, 568, 494, 431, 541, 600, 617, 586, 492, 488, 524, 494, 515, 454, 473, 519, 437, 621, 543, 454, 470, 403, 441, 431, 527, 591, 547, 515, 459, 527, 561, 520, 556, 587, 504, 525, 447, 501, 525, 543, 622, 523, 572, 565, 524, 526, 588, 531, 478, 571, 586, 537, 478, 546, 648, 526, 488, 507, 618, 655, 495, 535, 686, 622, 546, 566, 523, 591, 584, 579, 592, 559, 638, 532, 469, 552, 509, 468, 523, 584, 603, 536, 542, 570, 551, 500, 535, 529, 479, 558, 641, 568, 552, 604, 608, 601, 501, 567, 650, 543, 517, 577, 605, 608, 491, 579, 658, 622, 586, 483, 614, 703, 542, 629, 624, 546, 484, 512, 482, 477, 547, 606, 508, 512, 675, 649, 528, 580, 708, 528, 498, 430, 531, 547, 538, 582, 577, 585, 635, 576, 525, 496, 569, 526, 518, 519, 551, 616, 595, 524, 570, 594, 636, 611, 541, 549, 598, 594, 568, 621, 629, 498, 480, 560, 611, 522, 560, 638, 552, 519, 483, 619, 680, 577, 516, 583, 585, 549, 509, 563, 623, 550, 597, 608, 556, 533, 542, 503, 532, 498, 607, 617, 564, 575, 619, 627, 561, 558, 643, 634, 642, 582, 551, 621, 637, 612, 590, 579, 580, 645, 610, 600, 664, 601, 611, 618, 581, 552, 582, 562, 618, 537, 549, 586, 543, 513, 571, 670, 621, 549, 654, 692, 589, 537, 590, 634, 603, 587, 678, 679, 594, 509, 539, 568, 524, 516, 535, 571, 610, 532, 540, 522, 552, 482, 480, 515, 569, 617, 532, 495, 612, 570, 571, 638, 615, 545, 552, 561, 597, 605, 547, 563, 515, 470, 430, 486, 525, 555, 547, 492, 495, 539, 505, 487, 636, 660, 529, 550, 580, 545, 609, 668, 614, 529, 474, 600, 662, 629, 623, 751, 631, 562, 549, 579, 678, 548, 577, 589, 608, 563, 495, 500, 564, 634, 629, 612, 623, 666, 651, 617, 629, 931, 811, 600, 612, 723, 755, 804, 841, 1238, 885, 1086, 1282, 989, 993, 1731, 1845, 2096, 827, 1417, 2261, 1875, 1077, 3069, 3544, 1523, 1598, 1977, 1975, 1598, 1774, 2635, 2359, 5568, 4514, 7533, 6190, 4148, 5039, 12777, 13105, 6994, 4977, 8738, 7918, 5470, 5611, 15580, 16300, 1996, 3265, 4028, 4316, 2327, 3545, 6958, 6282, 4871, 4635, 7215, 4854, 2963, 3946, 9450, 10211, 2973, 8197, 9771, 5695, 2245, 6651, 12765, 10698, 1822, 9661, 11246, 6401, 1759, 7161, 13335, 11200, 2506, 6966, 8791, 5209, 1577, 5263, 10158, 9289, 2025, 4280, 4972, 2816, 1070, 3027, 5207, 4492, 1381, 3199, 3490, 1814, 944, 1990, 3433, 2855, 814, 1715, 1719, 919, 757, 1291, 1932, 1556, 636, 809, 772, 645, 725, 818, 932, 867, 793, 910, 717, 543, 761, 845, 734, 793, 630, 925, 896, 780, 753, 775, 816, 754, 659, 610, 763, 804, 682, 697, 808, 731, 662, 742, 872, 813, 645, 690, 858, 710, 645, 679, 776, 755, 586, 628, 721, 640, 753, 605, 549, 703, 678, 682, 619, 613, 553, 646, 622, 660, 610, 584, 806, 745, 717, 828, 816, 708, 531, 624, 944, 896, 832, 1009, 954, 740, 592, 729, 972, 816, 764, 958, 952, 780, 672, 821, 882, 782, 1081, 1150, 1707, 1566, 727, 1184, 1379, 1203, 2616, 2643, 3190, 2576, 1188, 3258, 3005, 2024, 2934, 3544, 4126, 2483, 1430, 3528, 2995, 2195, 2275, 3564, 4099, 2709, 1833, 2268, 1585, 2354, 2043, 3125, 4360, 3793, 2466, 1485, 1602, 2943, 1515, 2129, 3812, 3778, 2247, 685, 1757, 2604, 1336, 1364, 2736, 2898, 1595, 1113, 1566, 1574, 1349, 1009, 2071, 2119, 1242, 1144, 1163, 1321, 826, 872, 1242, 1265, 932, 807, 649, 824, 646, 604, 746, 804, 602, 678, 720, 646, 627, 499, 757, 812, 730, 697, 662, 656, 671, 465, 608, 775, 647, 558, 583, 651, 851, 765, 620, 703, 689, 778, 695, 656, 1058, 847, 594, 644, 692, 847, 736, 827, 1230, 923, 635, 777, 836, 881, 806, 1052, 718, 765, 747, 635, 627, 780, 762, 709, 648, 670, 831, 809, 722, 706, 774, 683, 698, 584, 781, 909, 706, 656, 768, 729, 674, 644, 654, 807, 698, 613, 703, 622, 577, 697, 731, 624, 477, 529, 692, 620, 550, 664, 691, 604, 573, 613, 725, 657, 592, 610, 639, 675, 650, 556, 596, 576, 673, 650, 581, 666, 683, 547, 634, 648, 528, 565, 597, 603, 628, 598, 565, 541, 559, 587, 550, 562, 696, 636, 623, 648, 612, 559, 475, 599, 623, 518, 614, 715, 634, 595, 532, 590, 674, 567, 642, 744, 473, 588, 655, 570, 544, 602, 728, 673, 505, 591, 634, 623, 591, 604, 726, 631, 594, 547, 636, 698, 549, 585, 644, 619, 653, 698, 631, 568, 545, 657, 655, 556, 643, 588, 554, 519, 524, 641, 563, 579, 601, 522, 642, 637, 609, 594, 524, 591, 585, 584, 663, 704, 631, 597, 606, 675, 575, 692, 788, 676, 554, 627, 737, 722, 550, 739, 735, 643, 568, 647, 635, 567, 531, 614, 611, 554, 565, 606, 634, 524, 680, 696, 649, 626, 533, 578, 665, 630, 836, 869, 624, 645, 656, 655, 707, 627, 752, 705, 517, 620, 694, 684, 619, 594, 617, 620, 526, 596, 603, 571, 582, 576, 735, 836, 730, 646, 630, 682, 733, 675, 869, 1010, 794, 568, 574, 710, 800, 683, 964, 911, 647, 639, 648, 806, 695, 695, 765, 1058, 962, 605, 647, 830, 1027, 938, 718, 1075, 1105, 767, 735, 759, 1131, 1034, 628, 810, 895, 711, 676, 712, 874, 895, 645, 659, 730, 658, 668, 717, 706, 704, 734, 835, 765, 607, 668, 818, 809, 672, 742, 815, 965, 781, 567, 802, 983, 933, 805, 824, 920, 816, 654, 660, 872, 1005, 714, 688, 682, 599, 582, 668, 742, 825, 629, 649, 587, 514, 537, 554, 522, 613, 587, 492, 461, 437, 487, 532, 528, 577, 500, 518, 533, 496, 529, 517, 477, 574, 584, 546, 433, 440, 582, 512, 540, 622, 456, 493, 485, 478, 394, 433, 544, 557, 433, 396, 445, 467, 391, 366, 451, 527, 505, 486, 432, 514, 480, 394, 456, 492, 476, 531, 395, 450, 539, 461, 435, 396, 401, 429, 445, 358, 417, 502, 470, 381]"
-0.3231213390827179,0.05130027234554291,-0.20509690046310425,-0.5116360187530518,0.19665254652500153,-0.04072969779372215,-0.3874259293079376,-1.0228651762008667,1.1927604675292969,19.5,-0.6987112760543823,1.098489761352539,26.25,-0.4595297574996948,1.064157485961914,20.75,0.07033169269561768,0.771331787109375,17.0,0.2218228578567505,0.5051136016845703,20.75,"[538, 617, 616, 586, 560, 588, 619, 612, 615, 568, 489, 600, 672, 648, 631, 618, 634, 642, 527, 625, 664, 643, 544, 484, 540, 578, 496, 468, 493, 517, 521, 503, 487, 508, 439, 439, 479, 492, 468, 443, 431, 436, 485, 487, 512, 555, 548, 508, 469, 507, 550, 471, 461, 540, 517, 488, 544, 581, 555, 531, 654, 591, 581, 568, 537, 553, 536, 549, 538, 593, 601, 558, 643, 565, 529, 545, 470, 501, 504, 536, 564, 539, 481, 511, 515, 519, 517, 496, 451, 502, 476, 453, 508, 522, 562, 541, 451, 533, 575, 464, 415, 526, 503, 437, 605, 594, 550, 496, 486, 568, 486, 485, 614, 575, 532, 525, 540, 512, 519, 588, 564, 555, 667, 656, 539, 527, 537, 533, 491, 627, 573, 531, 477, 441, 468, 398, 534, 683, 680, 552, 466, 509, 654, 588, 504, 553, 653, 607, 566, 629, 649, 546, 500, 496, 534, 602, 608, 576, 504, 461, 490, 460, 550, 615, 631, 534, 543, 559, 482, 523, 545, 597, 563, 540, 561, 529, 512, 582, 584, 608, 573, 599, 658, 631, 629, 512, 484, 563, 625, 634, 527, 587, 528, 537, 484, 513, 522, 456, 501, 536, 516, 536, 553, 519, 565, 450, 509, 611, 591, 480, 381, 547, 644, 570, 510, 562, 556, 475, 477, 616, 629, 515, 529, 597, 484, 473, 506, 443, 445, 521, 539, 580, 615, 622, 567, 550, 569, 499, 595, 654, 727, 826, 683, 600, 661, 681, 744, 624, 760, 745, 603, 598, 640, 635, 651, 599, 581, 534, 496, 552, 548, 500, 520, 545, 606, 547, 511, 517, 524, 501, 523, 555, 613, 645, 598, 583, 522, 537, 510, 494, 537, 566, 603, 526, 483, 549, 535, 474, 486, 565, 573, 471, 456, 599, 563, 458, 587, 590, 571, 481, 525, 646, 553, 464, 509, 550, 501, 466, 544, 536, 488, 468, 449, 516, 523, 535, 604, 553, 550, 526, 524, 602, 543, 576, 675, 730, 626, 520, 799, 655, 726, 807, 731, 732, 907, 972, 2206, 1264, 2353, 3030, 2069, 1652, 4691, 4899, 4790, 2088, 4615, 6370, 4539, 2708, 9608, 10464, 3860, 1630, 4316, 5847, 3992, 1828, 6996, 7806, 3024, 2568, 5251, 4389, 1979, 2258, 5673, 6285, 2654, 2574, 5105, 4123, 1792, 2289, 5535, 6027, 2651, 4317, 5550, 4518, 2480, 4531, 7927, 6860, 4280, 8392, 10126, 6595, 3104, 9066, 17839, 15516, 4189, 12135, 13995, 7708, 2753, 12861, 24248, 20320, 4044, 8905, 10993, 7183, 2475, 9024, 17721, 15573, 3108, 5563, 8056, 5607, 1735, 4540, 9011, 8454, 1963, 2989, 4566, 3253, 1164, 1301, 3619, 4241, 1357, 3549, 4563, 2746, 972, 1944, 4058, 3845, 935, 2375, 2887, 1663, 738, 1754, 3005, 2666, 828, 1372, 1422, 873, 611, 1056, 1518, 1257, 683, 967, 1051, 727, 534, 929, 1154, 950, 653, 976, 1037, 814, 657, 792, 975, 864, 745, 943, 934, 756, 706, 786, 919, 847, 678, 790, 928, 837, 734, 755, 833, 871, 720, 883, 984, 731, 697, 744, 796, 832, 772, 1063, 952, 750, 1001, 915, 896, 925, 680, 965, 979, 651, 739, 713, 862, 926, 646, 1031, 1026, 684, 646, 827, 951, 842, 788, 995, 935, 729, 656, 938, 1034, 824, 786, 935, 975, 749, 571, 737, 888, 827, 1584, 3224, 3334, 1735, 868, 1264, 1644, 1269, 3806, 7361, 7289, 3365, 1798, 2599, 2802, 2285, 3799, 7260, 6783, 2679, 2021, 2284, 2783, 2322, 2813, 5647, 4940, 1957, 1643, 2682, 3876, 2277, 2691, 4032, 3563, 2202, 1936, 2317, 2863, 1589, 1933, 2262, 2023, 1857, 1947, 1945, 1766, 1250, 1456, 1502, 1227, 1404, 1618, 1586, 1366, 1082, 1244, 1091, 934, 1040, 1187, 1419, 1095, 830, 990, 847, 783, 837, 888, 1082, 964, 833, 675, 845, 891, 796, 711, 906, 890, 746, 739, 730, 915, 884, 726, 861, 888, 730, 670, 737, 1025, 934, 640, 671, 836, 838, 846, 794, 1187, 1130, 822, 769, 1103, 1186, 1204, 784, 1210, 1437, 1071, 773, 1148, 1396, 971, 617, 1118, 1357, 1037, 637, 1092, 1309, 654, 636, 934, 1031, 818, 563, 801, 864, 681, 777, 871, 821, 670, 624, 714, 712, 682, 711, 650, 669, 658, 563, 653, 655, 640, 671, 638, 677, 638, 622, 659, 597, 635, 642, 697, 661, 631, 703, 679, 653, 596, 657, 702, 619, 603, 647, 643, 609, 642, 651, 708, 653, 607, 576, 608, 713, 616, 628, 633, 591, 571, 583, 655, 612, 535, 621, 665, 660, 661, 668, 632, 535, 684, 676, 597, 678, 677, 642, 618, 586, 595, 608, 661, 746, 649, 539, 669, 674, 497, 469, 605, 654, 617, 572, 678, 737, 525, 530, 602, 681, 610, 576, 778, 775, 466, 488, 529, 617, 583, 605, 665, 592, 611, 552, 588, 630, 693, 634, 557, 618, 642, 583, 603, 600, 598, 605, 562, 633, 631, 577, 619, 612, 631, 622, 549, 678, 612, 555, 547, 593, 656, 534, 488, 597, 635, 608, 562, 630, 641, 573, 612, 648, 651, 581, 562, 716, 702, 550, 646, 696, 663, 527, 635, 644, 644, 655, 595, 648, 603, 475, 611, 653, 555, 568, 568, 629, 542, 534, 630, 670, 580, 574, 593, 633, 600, 598, 735, 689, 571, 554, 654, 719, 653, 579, 713, 706, 571, 535, 568, 631, 647, 607, 625, 655, 622, 578, 607, 593, 652, 786, 676, 618, 512, 613, 816, 668, 881, 969, 704, 654, 593, 750, 865, 695, 1081, 1286, 1349, 1083, 777, 859, 1332, 1363, 1105, 1727, 2515, 1667, 820, 960, 2344, 2540, 747, 2090, 2726, 1750, 749, 1354, 2652, 2433, 657, 1605, 1774, 1121, 763, 1309, 1906, 1523, 607, 904, 1017, 856, 753, 892, 1111, 1003, 645, 638, 756, 802, 738, 698, 877, 877, 668, 688, 863, 748, 613, 700, 990, 993, 741, 756, 807, 685, 540, 626, 811, 935, 710, 621, 661, 640, 593, 634, 668, 782, 623, 530, 609, 603, 562, 618, 582, 611, 556, 549, 530, 517, 544, 560, 608, 590, 453, 411, 521, 542, 411, 557, 569, 488, 464, 406, 461, 475, 441, 415, 506, 551, 470, 434, 460, 484, 488, 483, 517, 507, 426, 468, 463, 421, 424, 507, 503, 419, 410, 524, 508, 393, 417, 463, 442, 405, 447, 549, 537, 488, 495, 492, 548, 514, 442, 431, 474, 436, 443, 451, 481, 485, 385, 444, 464, 432, 401, 452, 455, 444]"
-0.3411020338535309,0.04178391396999359,-0.24333849549293518,-0.46627581119537354,0.15665408968925476,-0.08339987695217133,-0.29088664054870605,-0.5713543891906738,1.3930320739746094,19.25,-0.5187115669250488,1.0269641876220703,-28.75,-0.20943498611450195,0.8983612060546875,20.75,-0.16737794876098633,0.7657527923583984,-25.75,-0.16694879531860352,0.8115291595458984,-30.75,"[571, 623, 618, 532, 590, 534, 621, 623, 694, 671, 597, 556, 612, 658, 607, 643, 654, 597, 611, 599, 640, 584, 467, 570, 611, 490, 502, 638, 685, 555, 476, 554, 518, 500, 484, 528, 525, 498, 494, 500, 543, 512, 564, 584, 485, 497, 514, 481, 593, 481, 508, 523, 504, 509, 526, 578, 541, 564, 579, 578, 560, 552, 604, 528, 482, 526, 541, 538, 444, 499, 575, 517, 491, 457, 495, 610, 567, 542, 567, 549, 583, 552, 540, 553, 554, 551, 521, 541, 532, 562, 546, 520, 512, 612, 529, 460, 492, 492, 457, 455, 456, 543, 549, 474, 534, 508, 528, 627, 564, 636, 669, 525, 545, 538, 528, 574, 604, 633, 611, 561, 439, 540, 567, 494, 493, 618, 699, 541, 445, 539, 620, 536, 515, 614, 655, 526, 639, 527, 493, 583, 584, 502, 509, 578, 593, 554, 583, 646, 612, 568, 525, 560, 569, 564, 580, 597, 580, 540, 552, 562, 565, 477, 568, 665, 633, 590, 628, 669, 496, 525, 585, 574, 487, 496, 577, 520, 504, 579, 620, 565, 474, 480, 589, 528, 601, 591, 581, 510, 506, 608, 594, 516, 632, 624, 525, 500, 559, 648, 615, 545, 672, 691, 581, 599, 615, 659, 596, 553, 545, 542, 552, 583, 556, 508, 491, 542, 456, 448, 534, 565, 516, 495, 559, 533, 503, 450, 470, 529, 466, 490, 548, 525, 546, 516, 563, 555, 456, 454, 511, 558, 695, 594, 636, 623, 576, 680, 632, 687, 751, 692, 734, 647, 593, 665, 684, 724, 557, 555, 645, 630, 555, 579, 634, 640, 512, 525, 611, 632, 586, 557, 564, 550, 523, 505, 489, 515, 509, 521, 510, 490, 469, 552, 596, 527, 529, 581, 516, 432, 584, 600, 619, 547, 496, 520, 572, 565, 440, 604, 647, 528, 475, 582, 617, 541, 620, 634, 611, 546, 604, 712, 645, 542, 721, 593, 591, 670, 716, 692, 781, 773, 893, 557, 901, 937, 904, 594, 1042, 1234, 1304, 914, 1364, 1448, 1214, 1036, 2104, 2278, 2004, 2785, 3729, 2912, 1620, 3017, 6489, 5998, 10683, 10107, 16176, 11604, 7151, 10477, 25447, 25901, 21106, 14978, 28273, 21824, 13860, 14765, 42132, 46095, 18931, 10197, 22686, 18569, 12081, 9250, 32032, 37477, 10380, 3827, 8878, 8829, 6390, 3906, 10448, 14769, 5073, 13072, 13223, 7958, 3294, 12329, 18896, 13289, 3466, 14625, 16696, 9945, 2226, 13346, 22518, 17391, 2664, 13156, 16731, 9716, 1652, 10087, 18987, 16192, 2025, 9697, 12362, 6844, 1494, 6869, 14086, 12479, 1504, 4894, 6115, 3486, 1328, 3654, 7561, 6720, 1069, 2349, 2790, 1718, 957, 2094, 3247, 2840, 837, 2205, 2360, 1275, 801, 1664, 2294, 1649, 639, 1165, 1303, 977, 630, 877, 1251, 964, 617, 858, 981, 754, 594, 802, 1037, 886, 693, 805, 935, 704, 579, 710, 844, 877, 750, 860, 1008, 847, 650, 699, 830, 895, 913, 771, 1018, 922, 766, 791, 638, 880, 1295, 783, 993, 1243, 899, 976, 703, 1095, 1186, 825, 799, 1012, 864, 975, 761, 914, 761, 847, 811, 794, 820, 888, 897, 805, 747, 1060, 1009, 697, 723, 857, 973, 751, 881, 1292, 1092, 689, 655, 820, 992, 732, 951, 1529, 1373, 879, 679, 887, 1078, 767, 2097, 4149, 3837, 1746, 1168, 1484, 2031, 1285, 4793, 9113, 8170, 3234, 2579, 2972, 4188, 2369, 5772, 10562, 9599, 3949, 3614, 4389, 5410, 3453, 4724, 8464, 7840, 3577, 3795, 4940, 4940, 3771, 2725, 3977, 4102, 2198, 2331, 3159, 2790, 2443, 1581, 1869, 2129, 1742, 1050, 1623, 1721, 1518, 1196, 1308, 1693, 1697, 1210, 925, 1111, 1441, 1111, 1525, 1372, 1017, 1063, 1090, 1178, 1174, 878, 1222, 1011, 669, 779, 746, 846, 761, 905, 976, 876, 703, 616, 634, 708, 745, 812, 678, 778, 897, 760, 649, 748, 896, 793, 751, 824, 894, 867, 726, 773, 936, 764, 839, 879, 933, 848, 728, 887, 809, 678, 754, 738, 765, 702, 705, 854, 748, 663, 758, 838, 842, 665, 608, 775, 796, 748, 851, 1004, 899, 672, 677, 735, 775, 719, 838, 930, 741, 726, 787, 853, 814, 693, 758, 815, 610, 600, 704, 847, 844, 700, 772, 719, 592, 586, 677, 749, 730, 627, 697, 693, 582, 622, 629, 562, 592, 697, 750, 689, 679, 741, 627, 663, 654, 601, 631, 679, 729, 603, 553, 663, 644, 543, 632, 659, 655, 633, 684, 769, 717, 595, 555, 625, 600, 560, 596, 622, 624, 698, 523, 673, 687, 577, 510, 523, 755, 784, 623, 762, 784, 644, 542, 652, 836, 667, 723, 840, 768, 649, 640, 785, 728, 686, 622, 773, 797, 618, 583, 771, 784, 591, 694, 657, 509, 491, 615, 674, 588, 602, 515, 577, 508, 592, 620, 512, 592, 537, 567, 626, 574, 560, 597, 590, 565, 553, 488, 468, 569, 640, 517, 413, 592, 486, 526, 557, 582, 608, 551, 585, 559, 593, 651, 666, 618, 635, 634, 649, 635, 596, 687, 780, 710, 631, 713, 685, 629, 552, 589, 672, 652, 579, 630, 776, 663, 622, 640, 702, 695, 643, 616, 717, 760, 568, 620, 751, 726, 521, 558, 764, 692, 699, 635, 631, 655, 606, 557, 645, 753, 707, 702, 607, 606, 604, 597, 666, 709, 776, 754, 634, 613, 595, 537, 658, 740, 603, 693, 574, 521, 680, 650, 736, 690, 691, 682, 658, 697, 704, 614, 767, 772, 949, 909, 918, 945, 781, 783, 962, 997, 1001, 1192, 1268, 921, 695, 924, 1302, 1250, 858, 1151, 1058, 692, 718, 845, 919, 844, 739, 863, 980, 756, 634, 646, 855, 981, 793, 910, 1015, 890, 713, 692, 918, 995, 843, 930, 1056, 920, 699, 786, 1022, 1001, 920, 1061, 1178, 996, 753, 887, 1018, 969, 955, 908, 930, 963, 855, 859, 739, 717, 809, 723, 562, 715, 760, 783, 606, 649, 659, 692, 701, 718, 625, 619, 739, 743, 609, 594, 575, 577, 609, 613, 592, 650, 481, 505, 572, 501, 525, 572, 523, 538, 396, 491, 455, 428, 468, 500, 480, 456, 414, 443, 431, 440, 429, 454, 515, 488, 508, 514, 494, 429, 512, 530, 435, 453, 501, 498, 451, 517, 489, 418, 423, 470, 571, 557, 463, 456, 440, 443, 365, 408, 552, 541, 518, 476, 493, 433, 434, 455, 452, 498, 434, 424, 411, 434, 447, 388, 401, 450, 436, 381, 399, 415, 386, 358]"
-0.33982139825820923,0.2848270833492279,0.011691242456436157,-0.370640367269516,0.5006356239318848,0.221246138215065,-0.13443242013454437,-1.1897327899932861,1.2526988983154297,18.0,-1.1897327899932861,1.336526870727539,16.5,-0.3973724842071533,0.9215354919433594,24.5,-0.2431633472442627,0.7327079772949219,29.0,-0.05633854866027832,0.7234096527099609,18.5,"[701, 647, 603, 622, 646, 626, 601, 645, 543, 633, 581, 580, 629, 616, 614, 576, 513, 548, 528, 611, 598, 574, 598, 541, 563, 565, 510, 562, 613, 504, 458, 472, 509, 543, 571, 510, 561, 556, 475, 447, 452, 542, 570, 518, 462, 529, 562, 474, 484, 428, 502, 558, 515, 436, 536, 526, 438, 470, 516, 613, 571, 513, 580, 507, 571, 604, 560, 542, 555, 553, 515, 535, 623, 598, 613, 572, 517, 528, 537, 627, 585, 525, 508, 546, 564, 539, 605, 621, 565, 545, 477, 513, 528, 523, 552, 543, 507, 493, 472, 506, 537, 520, 454, 479, 529, 529, 469, 512, 487, 524, 542, 479, 539, 500, 522, 595, 581, 561, 536, 513, 485, 494, 466, 369, 446, 570, 590, 512, 529, 515, 518, 594, 577, 521, 591, 616, 586, 563, 515, 589, 609, 540, 584, 621, 551, 578, 493, 469, 525, 573, 575, 537, 589, 554, 498, 591, 552, 465, 502, 569, 471, 478, 466, 540, 600, 507, 476, 505, 636, 552, 614, 630, 540, 524, 576, 683, 650, 626, 619, 611, 574, 580, 569, 627, 549, 546, 535, 495, 595, 592, 505, 537, 580, 621, 554, 455, 505, 544, 405, 432, 604, 647, 596, 562, 513, 518, 526, 498, 555, 515, 500, 575, 534, 516, 564, 562, 531, 587, 494, 481, 545, 537, 517, 545, 548, 565, 576, 553, 532, 466, 471, 536, 522, 506, 607, 590, 486, 541, 607, 589, 640, 537, 560, 566, 495, 516, 633, 714, 650, 637, 629, 530, 446, 541, 679, 654, 532, 537, 490, 523, 507, 575, 508, 465, 534, 441, 465, 606, 572, 477, 458, 542, 618, 573, 609, 654, 555, 439, 496, 557, 605, 528, 553, 547, 555, 593, 598, 637, 544, 576, 606, 531, 521, 610, 728, 744, 706, 774, 948, 938, 638, 890, 1460, 1315, 1353, 1277, 2025, 2424, 1462, 1659, 3742, 3545, 1944, 1294, 2613, 3360, 2098, 1783, 4593, 4601, 1021, 1204, 1823, 2039, 1395, 1174, 2071, 1944, 3525, 4001, 5589, 4439, 2678, 4481, 9897, 9467, 8017, 7118, 11117, 8893, 5917, 8052, 19929, 20088, 6429, 5834, 9320, 8238, 5078, 6753, 16873, 16808, 3056, 4233, 6110, 5335, 2897, 4164, 8311, 7685, 2922, 6708, 6379, 2817, 2072, 5713, 9218, 7693, 3484, 8795, 9679, 4400, 1902, 7711, 13933, 11604, 3547, 5673, 7326, 4264, 2215, 4941, 9830, 9019, 4243, 4458, 7518, 6407, 2522, 3962, 8139, 8428, 6212, 9518, 13029, 8834, 2897, 4782, 10810, 11813, 4946, 9478, 10502, 5645, 2003, 4670, 9143, 8369, 2165, 5769, 5614, 2548, 1166, 3847, 6037, 4203, 1118, 2601, 2679, 1567, 823, 1912, 2828, 1906, 925, 2018, 2192, 1261, 720, 1375, 2142, 1716, 940, 1609, 1628, 1090, 799, 1223, 1605, 1357, 1015, 1279, 1242, 887, 737, 944, 1113, 1039, 883, 1057, 971, 755, 746, 886, 898, 772, 929, 899, 783, 731, 682, 860, 790, 795, 974, 873, 629, 784, 688, 802, 688, 765, 961, 958, 719, 780, 781, 918, 910, 781, 865, 1205, 1060, 729, 752, 1006, 1105, 880, 891, 1176, 1034, 787, 781, 1105, 1218, 890, 870, 1130, 1032, 707, 675, 926, 1057, 970, 862, 1327, 1251, 763, 751, 1021, 1111, 933, 935, 1629, 1596, 902, 899, 1168, 1170, 901, 1404, 2671, 2838, 1490, 1189, 1910, 1486, 1226, 2341, 3857, 4444, 2515, 1507, 2604, 2138, 1615, 2821, 4457, 4781, 2888, 1704, 2650, 2825, 1964, 2284, 3794, 3962, 2316, 1648, 2143, 2404, 1714, 1627, 2436, 2268, 1586, 1194, 1257, 1522, 1017, 1427, 1656, 1576, 1306, 973, 1323, 1220, 947, 1332, 1438, 1573, 1232, 957, 826, 1124, 1271, 1296, 1718, 1559, 910, 1061, 1062, 937, 1018, 1126, 1402, 1112, 804, 1084, 1018, 806, 821, 953, 1078, 758, 693, 919, 828, 776, 821, 920, 983, 803, 650, 741, 848, 810, 779, 736, 906, 859, 695, 654, 829, 858, 754, 652, 934, 985, 763, 658, 814, 933, 733, 703, 841, 795, 729, 587, 655, 718, 737, 669, 683, 767, 730, 596, 647, 755, 718, 734, 628, 658, 711, 717, 723, 686, 731, 783, 749, 767, 733, 595, 605, 750, 777, 747, 762, 775, 707, 588, 610, 687, 658, 738, 696, 660, 658, 676, 680, 699, 669, 737, 705, 678, 615, 693, 792, 743, 676, 714, 765, 723, 723, 726, 750, 714, 678, 681, 765, 760, 658, 653, 670, 663, 605, 760, 729, 720, 679, 714, 738, 610, 637, 644, 648, 717, 752, 782, 699, 522, 551, 636, 619, 775, 806, 744, 676, 581, 639, 622, 658, 656, 650, 731, 689, 672, 685, 622, 619, 573, 664, 628, 601, 641, 676, 601, 557, 606, 567, 594, 563, 633, 680, 651, 695, 644, 572, 626, 720, 600, 582, 616, 744, 660, 557, 623, 718, 700, 561, 587, 630, 590, 613, 632, 569, 575, 555, 581, 597, 605, 638, 611, 547, 560, 586, 658, 696, 712, 665, 701, 686, 635, 651, 696, 731, 675, 631, 682, 669, 704, 746, 537, 529, 616, 604, 532, 539, 700, 759, 605, 501, 593, 659, 569, 525, 547, 681, 644, 583, 630, 723, 619, 620, 626, 605, 679, 645, 641, 703, 606, 602, 721, 699, 675, 715, 629, 542, 585, 663, 782, 722, 559, 613, 630, 603, 627, 580, 709, 738, 659, 574, 646, 700, 690, 596, 724, 871, 659, 637, 646, 655, 642, 702, 678, 671, 810, 780, 719, 665, 696, 827, 760, 677, 837, 991, 1073, 874, 679, 920, 1130, 1070, 791, 1001, 1061, 882, 717, 906, 1165, 1129, 640, 806, 848, 706, 649, 733, 1018, 962, 1032, 1100, 1410, 1066, 598, 973, 1535, 1643, 1193, 1417, 1960, 1450, 512, 1246, 1952, 2081, 889, 1185, 1392, 1082, 611, 965, 1198, 1161, 625, 911, 1028, 789, 662, 734, 981, 896, 713, 807, 839, 657, 698, 763, 803, 800, 606, 568, 710, 705, 639, 614, 578, 681, 639, 528, 606, 631, 591, 522, 585, 713, 551, 593, 669, 620, 553, 521, 657, 691, 592, 653, 635, 571, 601, 525, 597, 652, 461, 602, 614, 460, 484, 487, 561, 531, 546, 587, 573, 569, 575, 554, 594, 619, 593, 642, 579, 567, 545, 620, 662, 559, 565, 593, 570, 552, 448, 535, 635, 547, 492, 517, 511, 512, 397, 421, 539, 456, 513, 485, 459, 523, 528, 465, 512, 502, 450, 407, 436, 363, 392, 474, 419, 430, 395, 385, 432, 453, 431, 397, 487, 465]"
-0.31418734788894653,0.4943024516105652,0.058867838233709335,-0.2177472710609436,0.7693585753440857,0.19453586637973785,0.08609768748283386,-0.856601357460022,1.0077953338623047,31.25,-0.7938019037246704,1.0010719299316406,23.75,-0.6807914972305298,0.9251117706298828,29.5,-0.5483261346817017,1.965951919555664,17.0,-0.23046648502349854,0.5134105682373047,18.75,"[502, 493, 646, 655, 539, 656, 645, 497, 436, 571, 623, 548, 537, 674, 653, 523, 494, 538, 544, 548, 561, 570, 564, 599, 569, 515, 511, 550, 546, 565, 471, 494, 522, 533, 478, 472, 517, 514, 518, 499, 585, 617, 504, 476, 544, 566, 502, 490, 538, 518, 476, 512, 488, 491, 512, 486, 521, 485, 438, 536, 474, 493, 578, 566, 491, 532, 460, 420, 409, 489, 540, 495, 511, 502, 503, 529, 559, 565, 548, 553, 482, 484, 548, 593, 615, 562, 585, 590, 593, 468, 584, 651, 540, 541, 649, 665, 594, 543, 572, 599, 579, 606, 604, 564, 520, 579, 509, 492, 565, 559, 554, 534, 513, 583, 607, 533, 546, 547, 524, 534, 494, 504, 522, 565, 603, 555, 545, 548, 519, 540, 529, 495, 545, 519, 593, 551, 472, 518, 632, 546, 515, 601, 610, 548, 559, 528, 599, 554, 530, 627, 636, 564, 585, 583, 588, 597, 579, 589, 531, 576, 584, 541, 651, 729, 632, 638, 610, 646, 573, 471, 606, 625, 570, 550, 557, 676, 595, 538, 556, 558, 522, 598, 572, 595, 544, 569, 503, 502, 533, 542, 588, 587, 572, 517, 547, 533, 511, 572, 538, 599, 540, 513, 609, 622, 569, 547, 536, 597, 658, 688, 670, 717, 728, 648, 580, 594, 622, 592, 587, 658, 605, 565, 623, 683, 531, 518, 522, 555, 523, 558, 594, 655, 526, 467, 565, 591, 530, 556, 583, 623, 564, 658, 643, 525, 492, 614, 626, 518, 577, 634, 664, 590, 541, 661, 764, 651, 604, 544, 594, 627, 530, 617, 684, 655, 603, 643, 749, 665, 536, 651, 960, 904, 1071, 803, 1062, 1157, 943, 974, 1529, 1673, 2324, 4197, 5246, 3960, 1881, 4711, 8905, 7666, 6097, 8779, 12224, 9691, 4601, 10158, 21809, 20036, 5523, 7372, 10555, 8722, 4266, 8554, 18636, 17316, 1810, 2627, 3476, 3087, 1554, 3115, 5876, 5195, 1906, 1504, 2379, 1918, 1405, 1564, 3240, 3488, 3884, 2459, 4046, 3434, 2855, 2839, 7365, 8002, 4596, 3871, 5848, 4842, 3926, 3892, 10787, 11202, 3815, 8582, 8276, 4625, 2697, 6486, 11579, 9189, 5540, 12361, 10680, 4699, 2043, 9530, 13030, 7322, 3885, 8574, 7385, 3312, 1590, 7310, 9955, 5798, 1940, 3705, 3372, 1927, 1045, 2770, 3665, 2473, 3436, 7034, 7439, 3815, 1694, 4013, 6879, 5512, 5164, 13224, 13925, 6653, 2063, 7326, 13301, 10601, 4438, 14738, 15536, 7206, 2194, 8043, 14721, 11294, 3312, 11413, 12072, 5658, 2002, 6364, 11007, 8207, 2225, 5779, 6539, 3495, 1291, 3754, 6483, 5313, 1708, 3516, 3798, 2021, 902, 2104, 3558, 3095, 1354, 2501, 2583, 1475, 848, 1617, 2568, 1969, 877, 1335, 1420, 1039, 657, 1081, 1568, 1280, 876, 821, 898, 888, 648, 820, 851, 892, 1150, 912, 903, 1027, 788, 803, 851, 1040, 1280, 906, 929, 1078, 776, 821, 766, 1050, 1066, 959, 784, 932, 753, 814, 880, 834, 888, 1027, 868, 744, 655, 829, 1046, 829, 1223, 1480, 1175, 749, 871, 1046, 1033, 795, 1547, 2174, 1635, 801, 1059, 1115, 1106, 746, 1359, 2072, 1727, 855, 995, 1187, 1284, 899, 1369, 2073, 1794, 906, 931, 1284, 1477, 898, 1515, 2107, 1702, 824, 1098, 1198, 1399, 1087, 2772, 3589, 3474, 2522, 1912, 1995, 2193, 1937, 4635, 5879, 7562, 5964, 2964, 3756, 3765, 3396, 4936, 5083, 8462, 7362, 3256, 4239, 3630, 4269, 3326, 2698, 5195, 4931, 2259, 3040, 2317, 3007, 2322, 2113, 2389, 2038, 1592, 1949, 1658, 1738, 1855, 2065, 1929, 1330, 1295, 1737, 1509, 1328, 1146, 1488, 1537, 1044, 1001, 1125, 1003, 940, 895, 1004, 1027, 947, 907, 829, 836, 928, 944, 1022, 1012, 965, 930, 992, 915, 831, 886, 867, 953, 937, 814, 1071, 1026, 817, 908, 997, 999, 1059, 884, 1103, 1248, 865, 905, 1186, 1083, 917, 902, 1058, 1262, 904, 875, 1014, 1017, 810, 774, 922, 994, 860, 763, 855, 806, 770, 732, 777, 901, 749, 692, 910, 842, 694, 724, 843, 975, 797, 646, 958, 967, 779, 722, 767, 934, 838, 727, 870, 815, 830, 835, 744, 855, 839, 780, 856, 819, 804, 788, 725, 881, 822, 670, 630, 693, 783, 757, 600, 853, 821, 712, 643, 641, 710, 754, 741, 814, 786, 649, 672, 639, 607, 661, 688, 623, 655, 573, 613, 692, 638, 568, 599, 712, 674, 690, 730, 671, 635, 530, 711, 783, 642, 728, 684, 659, 802, 686, 771, 891, 724, 635, 599, 640, 763, 716, 619, 715, 687, 561, 490, 603, 666, 632, 599, 707, 644, 635, 661, 791, 744, 601, 637, 742, 745, 619, 615, 688, 739, 662, 539, 675, 709, 553, 556, 520, 588, 595, 569, 609, 632, 583, 660, 657, 676, 638, 673, 756, 659, 604, 613, 746, 800, 744, 712, 811, 755, 616, 674, 751, 704, 676, 647, 657, 676, 586, 603, 646, 645, 685, 601, 603, 731, 626, 691, 631, 646, 728, 632, 705, 698, 602, 619, 591, 659, 618, 597, 672, 698, 630, 597, 647, 689, 676, 679, 676, 592, 637, 663, 638, 632, 621, 696, 683, 540, 542, 688, 685, 556, 487, 565, 689, 640, 557, 629, 718, 564, 525, 646, 749, 749, 688, 683, 767, 575, 572, 635, 828, 881, 649, 706, 714, 555, 632, 736, 769, 800, 753, 829, 777, 615, 626, 816, 925, 809, 884, 990, 1028, 776, 677, 855, 1212, 1136, 901, 1676, 1918, 1157, 823, 1063, 1878, 1827, 731, 1900, 2279, 1460, 738, 1218, 2257, 2046, 814, 1726, 1881, 1210, 745, 1136, 1985, 1762, 761, 1190, 1239, 944, 671, 951, 1397, 1114, 681, 922, 1007, 831, 544, 837, 1065, 842, 678, 899, 942, 767, 625, 845, 986, 917, 638, 633, 749, 761, 643, 727, 871, 845, 567, 577, 725, 719, 582, 636, 614, 615, 626, 738, 744, 637, 594, 668, 690, 586, 582, 609, 730, 603, 541, 614, 650, 662, 690, 625, 673, 582, 589, 609, 537, 644, 830, 899, 708, 672, 652, 683, 803, 677, 1012, 1306, 953, 537, 597, 645, 901, 724, 782, 1043, 819, 479, 553, 600, 792, 648, 556, 676, 629, 494, 487, 535, 566, 608, 448, 491, 459, 487, 460, 494, 575, 548, 528, 557, 547, 552, 474, 555, 664, 623, 476, 550, 589, 501, 391, 605, 688, 547, 402, 482, 537, 424, 421, 529, 512, 459, 410, 414, 420, 439, 446, 388, 422, 457, 409, 401, 422, 364, 373, 405, 530, 512]"
-0.4045161306858063,0.4974927306175232,-0.1661369800567627,-0.3644300401210785,0.6813832521438599,-0.15396429598331451,-0.08211508393287659,-1.1248427629470825,2.0652294158935547,20.5,-1.0584670305252075,0.9345531463623047,23.0,-0.9586173295974731,0.9043693542480469,30.25,-0.6789523363113403,0.7983684539794922,28.75,-0.39099037647247314,0.5936622619628906,19.0,"[519, 498, 523, 619, 683, 617, 525, 497, 535, 620, 750, 698, 634, 647, 686, 603, 514, 616, 628, 544, 535, 596, 644, 567, 522, 572, 494, 454, 496, 475, 508, 569, 406, 477, 502, 555, 578, 540, 496, 461, 414, 525, 571, 465, 478, 588, 552, 462, 490, 501, 554, 484, 496, 565, 499, 457, 552, 544, 588, 547, 539, 524, 525, 549, 525, 541, 572, 504, 545, 540, 479, 532, 552, 557, 605, 464, 502, 549, 537, 556, 532, 565, 564, 554, 491, 535, 598, 562, 525, 580, 572, 548, 586, 593, 555, 499, 554, 499, 491, 531, 611, 532, 531, 571, 570, 475, 469, 537, 509, 502, 562, 591, 564, 543, 480, 574, 614, 636, 588, 515, 593, 621, 531, 525, 532, 636, 697, 534, 602, 577, 515, 517, 525, 517, 594, 620, 591, 563, 557, 566, 528, 537, 543, 543, 578, 522, 554, 555, 533, 489, 529, 581, 577, 556, 509, 539, 624, 541, 533, 618, 570, 550, 557, 577, 515, 524, 475, 497, 587, 592, 529, 546, 537, 562, 563, 552, 605, 608, 521, 530, 551, 640, 601, 521, 684, 645, 514, 497, 626, 672, 542, 569, 628, 589, 512, 503, 661, 643, 557, 627, 644, 594, 548, 565, 598, 596, 535, 643, 566, 548, 503, 526, 527, 566, 522, 517, 591, 500, 573, 533, 452, 547, 538, 534, 569, 620, 528, 496, 450, 539, 545, 435, 657, 792, 701, 569, 515, 778, 909, 707, 1680, 3132, 3759, 3589, 1364, 4053, 7735, 6537, 4776, 6049, 8047, 8588, 4271, 7780, 17497, 16007, 4691, 4693, 6592, 7688, 4212, 6346, 14874, 13962, 1906, 1662, 2520, 3333, 2159, 2373, 4898, 4499, 1301, 1318, 1720, 1888, 1340, 1609, 3224, 3073, 2581, 3886, 4806, 3593, 1883, 4150, 7231, 6350, 4315, 5449, 8290, 8099, 3541, 7515, 13555, 11810, 5510, 3902, 6222, 8927, 5120, 7650, 14725, 13238, 3617, 3608, 4844, 5353, 3471, 4558, 8610, 7940, 2522, 5277, 6174, 3236, 1568, 5050, 9032, 7835, 1676, 6692, 6952, 2754, 1012, 6712, 12214, 9946, 947, 4114, 3976, 1716, 822, 3972, 6813, 5175, 5379, 9084, 7653, 3274, 2287, 4639, 6748, 4419, 17824, 32193, 26878, 10102, 6739, 16273, 23864, 14714, 22978, 42964, 35936, 12924, 8105, 22234, 32755, 19834, 12072, 24507, 20889, 7331, 3948, 12428, 19044, 11465, 3196, 10958, 11569, 5471, 1745, 5761, 10438, 7832, 3324, 11143, 11915, 5587, 1848, 6848, 11759, 9019, 2342, 6918, 6885, 2965, 1345, 4328, 6882, 4783, 1274, 3117, 3030, 1561, 838, 2175, 3168, 2185, 974, 1799, 1936, 1182, 741, 1243, 1861, 1601, 755, 1350, 1347, 787, 550, 896, 1175, 953, 801, 883, 848, 850, 680, 741, 809, 681, 844, 859, 901, 768, 680, 742, 768, 788, 859, 766, 849, 877, 698, 602, 712, 861, 944, 948, 1037, 1011, 782, 837, 849, 735, 1913, 2387, 1746, 810, 1488, 1546, 1335, 839, 3257, 4494, 3050, 1036, 2492, 2146, 1820, 1030, 2832, 4074, 2833, 996, 2236, 1942, 1508, 961, 1523, 2188, 1629, 788, 1291, 1191, 852, 783, 1041, 1437, 1084, 629, 963, 949, 744, 636, 1295, 1376, 1067, 990, 1094, 1009, 912, 911, 3012, 2848, 2924, 3220, 2629, 2310, 2261, 2430, 8578, 8388, 7346, 6728, 6089, 6806, 5684, 5513, 10599, 11179, 10286, 7334, 6806, 9138, 6500, 6235, 5490, 6029, 6290, 3959, 3731, 5469, 3222, 3323, 2127, 2117, 2035, 1410, 1593, 2266, 1521, 1230, 1600, 1969, 1953, 1236, 1095, 1220, 1018, 1192, 1402, 2060, 2168, 1328, 1033, 1224, 1162, 1252, 955, 1370, 1313, 872, 776, 1091, 1032, 950, 737, 1001, 863, 680, 681, 817, 936, 691, 867, 992, 859, 751, 766, 907, 993, 815, 973, 1065, 858, 823, 897, 961, 948, 863, 845, 1159, 1044, 826, 860, 960, 1111, 1034, 704, 1138, 1125, 842, 710, 748, 1164, 1061, 792, 976, 1092, 873, 757, 649, 1067, 1211, 641, 858, 916, 733, 683, 771, 885, 905, 632, 840, 963, 675, 718, 844, 883, 784, 605, 746, 826, 685, 639, 803, 878, 686, 800, 896, 797, 701, 786, 814, 904, 849, 681, 770, 721, 715, 673, 642, 794, 818, 648, 771, 770, 707, 615, 648, 799, 722, 887, 854, 688, 759, 827, 790, 683, 684, 777, 752, 586, 602, 684, 733, 596, 618, 606, 664, 617, 600, 713, 613, 551, 604, 693, 761, 758, 675, 641, 653, 624, 664, 713, 690, 813, 839, 707, 747, 770, 753, 764, 799, 746, 764, 715, 684, 719, 762, 617, 659, 679, 666, 547, 588, 769, 686, 670, 617, 614, 674, 607, 601, 651, 663, 677, 584, 508, 610, 633, 609, 643, 671, 662, 664, 651, 644, 628, 623, 653, 674, 560, 563, 616, 629, 672, 642, 708, 725, 758, 661, 634, 848, 907, 650, 739, 959, 598, 612, 704, 765, 647, 573, 746, 821, 645, 774, 778, 658, 639, 722, 816, 686, 691, 804, 766, 586, 582, 647, 797, 717, 748, 827, 819, 745, 682, 705, 854, 800, 578, 698, 740, 676, 681, 679, 761, 651, 548, 566, 662, 705, 619, 541, 730, 744, 567, 665, 651, 580, 499, 657, 795, 682, 647, 607, 692, 687, 642, 572, 620, 697, 599, 534, 774, 851, 686, 581, 885, 954, 1053, 675, 1090, 1254, 1002, 730, 1641, 1824, 1155, 734, 1360, 1439, 982, 769, 1873, 2133, 1154, 879, 1415, 1300, 904, 790, 1829, 2019, 963, 641, 1004, 1055, 867, 623, 1341, 1565, 889, 908, 866, 849, 786, 769, 1019, 1066, 725, 959, 1007, 835, 669, 845, 1151, 993, 780, 1072, 1107, 881, 679, 869, 1042, 765, 889, 934, 1047, 1069, 681, 806, 977, 980, 875, 856, 833, 857, 620, 870, 1058, 902, 684, 787, 752, 778, 704, 845, 976, 808, 683, 795, 753, 697, 711, 861, 1042, 866, 916, 984, 906, 690, 724, 847, 889, 892, 1303, 1498, 1157, 688, 840, 903, 1021, 887, 1329, 1564, 1187, 788, 915, 863, 1049, 865, 766, 918, 844, 637, 657, 650, 770, 721, 597, 610, 651, 516, 574, 665, 644, 655, 567, 574, 546, 556, 583, 578, 628, 515, 440, 538, 574, 547, 479, 534, 552, 436, 509, 521, 534, 650, 538, 520, 650, 563, 479, 505, 553, 538, 445, 533, 668, 586, 580, 646, 578, 466, 557, 638, 727, 668, 476, 565, 609, 465, 459, 537, 660, 571, 440, 512, 480, 422, 524, 545, 479, 477, 452, 434, 430, 432, 424, 404, 516, 573, 535, 467, 463, 483, 501, 418, 463, 561]"
-0.4632975161075592,0.497037410736084,-0.3354012370109558,-0.417622447013855,0.5961552262306213,-0.3764457106590271,-0.12371280789375305,-0.4908273220062256,0.5601882934570312,29.25,-0.48310256004333496,0.5341529846191406,-29.75,-0.4406163692474365,0.51727294921875,24.75,-0.3722379207611084,0.3810882568359375,-30.75,0.2159883975982666,0.5993843078613281,16.25,"[567, 600, 568, 610, 651, 615, 568, 600, 447, 561, 615, 668, 646, 590, 671, 581, 488, 499, 661, 673, 577, 593, 657, 574, 531, 510, 590, 527, 559, 546, 593, 647, 512, 525, 440, 450, 546, 548, 519, 472, 526, 566, 488, 548, 537, 530, 514, 432, 450, 538, 523, 466, 488, 587, 607, 506, 517, 547, 565, 594, 546, 550, 580, 538, 504, 574, 641, 583, 584, 545, 553, 602, 556, 546, 547, 557, 585, 517, 590, 637, 465, 564, 583, 630, 549, 463, 548, 567, 495, 581, 599, 586, 533, 567, 622, 562, 549, 576, 534, 553, 505, 530, 624, 573, 566, 628, 540, 468, 484, 560, 593, 532, 547, 598, 588, 550, 573, 593, 561, 529, 585, 641, 613, 532, 608, 599, 643, 600, 548, 615, 565, 531, 574, 534, 529, 507, 567, 603, 535, 531, 561, 655, 608, 506, 537, 549, 527, 571, 546, 555, 597, 445, 446, 528, 560, 568, 514, 487, 648, 603, 522, 499, 490, 518, 566, 529, 494, 481, 727, 676, 625, 580, 580, 659, 593, 633, 749, 712, 677, 699, 701, 586, 586, 662, 590, 658, 693, 665, 572, 586, 645, 578, 560, 596, 611, 611, 562, 580, 715, 671, 907, 1559, 1761, 1568, 866, 1883, 3225, 2657, 4948, 6452, 8338, 7294, 3889, 7923, 16806, 15378, 10731, 10539, 15452, 13218, 8183, 12419, 30129, 29504, 9521, 8438, 13370, 10702, 6911, 9565, 24937, 25144, 3690, 4011, 6132, 4666, 2623, 4300, 10667, 10513, 881, 1379, 1677, 1370, 772, 1598, 2725, 2209, 1040, 1467, 1459, 1203, 901, 1790, 2612, 2153, 2589, 5024, 5103, 3875, 2044, 6662, 11622, 9481, 4783, 8740, 9847, 7765, 3614, 11637, 21549, 18090, 4325, 7034, 8995, 7344, 3206, 8643, 17210, 15206, 2969, 3104, 4562, 3678, 1562, 3682, 6950, 6573, 3766, 3352, 4816, 2530, 1307, 3830, 7751, 7821, 2151, 7114, 8083, 3266, 1102, 6455, 12048, 10276, 1654, 5676, 5866, 2386, 1108, 4704, 8225, 6630, 1307, 2623, 2756, 1572, 828, 2013, 3414, 2878, 1713, 3807, 3997, 2217, 877, 2355, 4062, 3321, 4662, 9554, 9333, 4542, 1794, 5336, 8942, 6938, 7029, 17301, 16724, 7448, 2781, 10236, 16439, 11690, 6374, 17043, 15617, 6038, 2736, 11295, 16721, 10369, 4599, 10051, 7999, 2277, 1962, 6960, 9448, 4687, 3058, 4675, 3213, 1073, 1447, 3108, 3635, 1582, 2987, 4768, 3561, 1299, 1625, 2964, 3423, 1491, 3176, 4918, 3672, 1383, 1657, 2639, 3069, 1284, 2274, 3325, 2457, 963, 1061, 1856, 2098, 1012, 1259, 1791, 1518, 909, 745, 1237, 1466, 1012, 1105, 1582, 1450, 906, 890, 1147, 1357, 1027, 1012, 1524, 1448, 995, 847, 1180, 1343, 1033, 1365, 1836, 1476, 877, 889, 1097, 1324, 976, 1699, 2521, 1906, 846, 1292, 1381, 1521, 940, 2034, 3204, 2364, 853, 1866, 1640, 1546, 939, 2111, 2930, 2091, 1054, 1959, 2010, 1664, 938, 1431, 1982, 1717, 1054, 1428, 1721, 1521, 931, 1244, 1736, 1738, 1047, 1066, 1240, 1211, 955, 1873, 2304, 2386, 1851, 1280, 1204, 1457, 1561, 4246, 4868, 4992, 4467, 2861, 2766, 2909, 3181, 6552, 7507, 7385, 6715, 4648, 4131, 4332, 4733, 5762, 7312, 7045, 5549, 4855, 5196, 3863, 3999, 3215, 4632, 4330, 2384, 2750, 3450, 2105, 2009, 1861, 2269, 2290, 1682, 1408, 1382, 1244, 1450, 1650, 1934, 1657, 1194, 1083, 1226, 1126, 1134, 3795, 3835, 2666, 1799, 2285, 2881, 2227, 2340, 4820, 4647, 3224, 2236, 2844, 3716, 2828, 3182, 3086, 3078, 2705, 1931, 1891, 2549, 2049, 2322, 1523, 1869, 2108, 1578, 1097, 1360, 1657, 1578, 1101, 1488, 1679, 1221, 937, 1081, 1567, 1489, 957, 1398, 1451, 891, 828, 1073, 1364, 1197, 847, 1154, 1174, 811, 713, 1026, 1162, 959, 916, 1067, 1074, 817, 741, 802, 971, 930, 841, 734, 771, 801, 807, 692, 712, 802, 768, 728, 977, 1001, 741, 867, 968, 897, 908, 860, 1007, 1094, 780, 850, 1008, 898, 878, 833, 985, 1052, 732, 836, 1008, 888, 834, 805, 1105, 1012, 772, 935, 1209, 988, 777, 903, 978, 914, 725, 807, 1042, 809, 772, 898, 898, 785, 680, 814, 877, 744, 721, 814, 809, 703, 664, 803, 811, 763, 744, 725, 707, 731, 751, 845, 856, 804, 683, 690, 832, 747, 657, 799, 765, 718, 614, 732, 791, 599, 564, 765, 821, 702, 695, 784, 773, 577, 655, 768, 860, 791, 738, 823, 891, 724, 735, 845, 1002, 1059, 1051, 840, 916, 1086, 1097, 1035, 1351, 1377, 1546, 1083, 1272, 1663, 1552, 1043, 1709, 2000, 1392, 958, 1171, 1448, 1380, 950, 1275, 1631, 998, 940, 824, 930, 1042, 940, 824, 957, 1203, 1025, 888, 845, 996, 893, 844, 1204, 965, 872, 953, 929, 883, 820, 812, 995, 1105, 790, 856, 1010, 984, 847, 864, 1115, 1204, 930, 982, 1148, 1247, 953, 1121, 1491, 912, 723, 736, 823, 793, 731, 875, 1047, 598, 584, 620, 620, 591, 620, 691, 661, 662, 517, 739, 852, 664, 665, 887, 792, 780, 564, 735, 851, 668, 593, 770, 780, 629, 601, 668, 587, 585, 548, 592, 668, 682, 557, 599, 649, 691, 628, 707, 830, 656, 626, 669, 731, 672, 564, 781, 829, 698, 732, 757, 773, 685, 729, 875, 767, 1095, 765, 1112, 1169, 946, 697, 1555, 1812, 2088, 1017, 2205, 2360, 1761, 1114, 3466, 4024, 2479, 1132, 2551, 2925, 2188, 1340, 3778, 4430, 1741, 1136, 2140, 2274, 1583, 1121, 2333, 2746, 1230, 1342, 1844, 1675, 1148, 1015, 1902, 2058, 1449, 1596, 1722, 1600, 1281, 1069, 1898, 1848, 1615, 1614, 1515, 1397, 1533, 1070, 1921, 2110, 1158, 1297, 1260, 974, 1128, 1005, 1321, 1412, 909, 913, 960, 812, 820, 829, 878, 1003, 666, 557, 636, 687, 728, 629, 704, 849, 775, 689, 791, 774, 733, 617, 933, 1029, 1013, 700, 778, 822, 911, 712, 1059, 1316, 758, 706, 741, 850, 829, 536, 1032, 1137, 812, 731, 795, 992, 762, 639, 969, 979, 645, 660, 911, 899, 646, 637, 737, 685, 648, 664, 758, 746, 564, 626, 710, 651, 708, 865, 801, 773, 621, 718, 764, 525, 738, 722, 743, 786, 597, 681, 739, 632, 602, 543, 613, 643, 594, 524, 607, 645, 506, 516, 626, 603, 504, 602, 853, 770, 523, 543, 597, 660, 517, 515, 851, 767, 508, 519, 537, 586, 469, 459, 635, 541, 527, 542, 493, 529, 456, 533, 629, 554, 508, 517, 582, 569, 476, 565, 626, 582, 453, 513, 469, 491, 436, 494, 599, 456, 487, 484, 480, 391, 418, 506, 488, 483]"
-0.525431752204895,0.5084636807441711,-0.407065749168396,-0.48118728399276733,0.5209560990333557,-0.41467177867889404,-0.19050008058547974,-0.3510624170303345,0.33016204833984375,21.5,-0.34333765506744385,0.3360271453857422,25.5,-0.2823978662490845,-0.2938270568847656,21.5,-0.2459198236465454,0.0,25.0,-0.02218782901763916,-0.5969524383544922,21.5,"[411, 430, 453, 498, 556, 499, 451, 430, 573, 561, 502, 578, 678, 585, 531, 520, 537, 560, 498, 543, 574, 610, 523, 519, 561, 494, 450, 470, 510, 433, 356, 496, 457, 471, 468, 494, 472, 463, 470, 490, 528, 528, 502, 527, 560, 524, 529, 550, 463, 474, 504, 577, 538, 449, 456, 546, 509, 457, 491, 552, 502, 509, 538, 570, 525, 503, 561, 539, 446, 457, 570, 569, 595, 491, 476, 558, 545, 528, 496, 549, 451, 410, 470, 512, 474, 426, 466, 491, 548, 542, 451, 432, 521, 460, 379, 443, 494, 492, 468, 531, 539, 440, 465, 507, 520, 514, 444, 516, 512, 535, 524, 488, 602, 522, 443, 538, 596, 592, 535, 559, 567, 623, 585, 570, 642, 653, 599, 600, 563, 574, 570, 513, 545, 598, 537, 535, 540, 604, 547, 446, 571, 578, 516, 543, 518, 536, 510, 521, 574, 537, 462, 442, 580, 570, 494, 529, 565, 607, 609, 537, 552, 508, 482, 487, 466, 524, 498, 475, 652, 639, 628, 561, 530, 558, 587, 616, 922, 1191, 1189, 811, 668, 1262, 1786, 1472, 1535, 3397, 3468, 1678, 1059, 3580, 6008, 4781, 2088, 5599, 6005, 2849, 1432, 5792, 10104, 8141, 1739, 5300, 5686, 3019, 1317, 5526, 9451, 7608, 1375, 3653, 3733, 2371, 1160, 3841, 6389, 5185, 1178, 1987, 2294, 1585, 1015, 1952, 3251, 2922, 719, 874, 1088, 793, 549, 882, 1357, 1282, 576, 653, 648, 612, 552, 741, 767, 658, 1032, 1093, 1134, 908, 754, 1172, 1780, 1682, 1942, 3095, 3721, 2180, 1238, 3152, 5667, 5131, 1923, 4335, 5148, 2771, 1204, 4093, 7670, 6719, 1094, 2812, 3121, 1685, 874, 2637, 4540, 3799, 1324, 1573, 1080, 661, 790, 1165, 1415, 1211, 4386, 6214, 4081, 613, 2413, 2443, 2615, 788, 6753, 10002, 6750, 704, 4066, 4428, 4583, 827, 4616, 7051, 4754, 724, 2863, 3344, 3642, 819, 1871, 2550, 1700, 765, 1034, 1170, 1416, 805, 1317, 2072, 2131, 1299, 808, 1412, 2069, 1765, 2265, 3386, 3690, 2218, 981, 1918, 3667, 3565, 3502, 4304, 3758, 2147, 1386, 2508, 3777, 3750, 7100, 11966, 9892, 3561, 2856, 5336, 7258, 4051, 9027, 17584, 15221, 5350, 3933, 7770, 11711, 6662, 6695, 13388, 11302, 3505, 3267, 6105, 8909, 4663, 3146, 5256, 4139, 1726, 1815, 2827, 3308, 1833, 1889, 2392, 2125, 1338, 1283, 1590, 1743, 1672, 1266, 1941, 1689, 857, 937, 1200, 1550, 1229, 1178, 2248, 1982, 1002, 813, 1253, 1785, 1326, 1303, 2085, 1805, 1015, 884, 1142, 1463, 1061, 1026, 1491, 1333, 807, 835, 905, 1065, 957, 823, 1034, 1005, 804, 702, 772, 926, 872, 710, 770, 868, 771, 618, 654, 816, 792, 743, 1085, 1004, 700, 728, 839, 990, 793, 1103, 1388, 1209, 857, 1084, 1205, 1228, 969, 1519, 1850, 1792, 1303, 1327, 1529, 1526, 1332, 1980, 2235, 1918, 1495, 1433, 1427, 1489, 1488, 3084, 3098, 1832, 1991, 2046, 2069, 2123, 1826, 3311, 3238, 2308, 2641, 1937, 2912, 3044, 2205, 2189, 2368, 2769, 2350, 1439, 2418, 2355, 1847, 2546, 2663, 2932, 2252, 1625, 2425, 2100, 1933, 1956, 1867, 1997, 1694, 1395, 1839, 1533, 1559, 1273, 1168, 1193, 1005, 1054, 1277, 1010, 1009, 1037, 1060, 959, 807, 932, 1204, 1034, 709, 821, 1015, 945, 710, 770, 1103, 1039, 708, 839, 1074, 1056, 828, 656, 953, 1032, 848, 799, 1034, 1053, 776, 717, 911, 1136, 956, 841, 1041, 974, 703, 757, 900, 850, 780, 854, 1024, 867, 608, 631, 813, 919, 835, 858, 948, 825, 595, 631, 794, 897, 875, 729, 852, 810, 732, 672, 642, 705, 694, 710, 904, 780, 603, 628, 693, 735, 695, 654, 825, 789, 666, 696, 628, 752, 729, 870, 845, 830, 810, 858, 844, 899, 935, 773, 806, 917, 793, 824, 879, 941, 909, 888, 974, 894, 774, 879, 956, 1051, 1053, 848, 870, 799, 737, 884, 870, 1018, 1009, 921, 719, 754, 777, 815, 807, 931, 1039, 885, 734, 834, 786, 741, 784, 871, 996, 833, 751, 778, 762, 759, 698, 675, 900, 619, 654, 772, 655, 675, 681, 618, 760, 720, 840, 800, 705, 834, 771, 609, 643, 694, 849, 861, 699, 700, 724, 721, 691, 526, 741, 794, 670, 557, 576, 669, 594, 730, 943, 869, 775, 752, 643, 686, 620, 924, 1066, 895, 790, 898, 704, 663, 735, 932, 1063, 849, 882, 1082, 846, 672, 800, 989, 948, 839, 913, 1000, 883, 702, 788, 949, 878, 832, 843, 873, 826, 821, 882, 1651, 1032, 1318, 1877, 1226, 1261, 1542, 1411, 2037, 992, 1628, 2326, 1271, 1381, 1833, 1735, 1300, 787, 1003, 1340, 934, 947, 1260, 1316, 775, 767, 755, 740, 735, 662, 848, 880, 663, 731, 703, 666, 671, 633, 765, 754, 792, 851, 819, 718, 737, 961, 1069, 933, 985, 754, 685, 858, 838, 915, 1085, 1141, 1025, 668, 883, 1006, 823, 763, 945, 1170, 880, 731, 843, 879, 683, 652, 771, 915, 867, 685, 784, 806, 765, 761, 930, 1066, 1110, 661, 870, 995, 887, 832, 1069, 1299, 1152, 699, 826, 980, 970, 865, 924, 1140, 961, 674, 704, 785, 833, 811, 785, 999, 836, 623, 761, 805, 731, 720, 636, 851, 874, 863, 1118, 1144, 813, 725, 849, 903, 918, 962, 1328, 1170, 765, 787, 1165, 1295, 1032, 900, 1348, 1272, 751, 790, 1289, 1360, 867, 816, 1399, 1499, 850, 830, 1255, 1213, 1221, 1032, 1405, 1446, 1226, 1008, 2338, 2486, 1890, 1258, 1744, 1846, 1533, 1391, 3815, 4060, 2364, 1403, 1301, 2074, 1598, 1535, 3016, 3274, 2285, 1268, 1276, 1906, 1370, 1335, 1763, 2155, 2682, 1237, 1716, 2544, 1834, 1445, 1994, 2659, 2286, 1106, 1726, 2192, 1586, 1205, 1803, 2537, 934, 835, 927, 921, 703, 647, 958, 1047, 1040, 714, 882, 912, 868, 766, 825, 1148, 980, 616, 981, 979, 730, 677, 1087, 1323, 678, 648, 740, 737, 582, 541, 817, 899, 719, 606, 660, 720, 601, 539, 639, 727, 670, 655, 650, 563, 550, 682, 796, 718, 551, 676, 609, 564, 566, 644, 748, 633, 517, 573, 610, 687, 610, 558, 686, 612, 605, 509, 594, 698, 648, 517, 644, 694, 610, 537, 613, 607, 570, 488, 480, 624, 614, 533, 522, 583, 531, 489, 475, 556, 520, 435, 450, 548, 578, 474, 449, 475, 460, 412, 490, 509, 465, 453, 460, 487, 408, 397, 513, 513, 408, 463, 583, 519, 397, 425, 496, 483, 471, 473, 462, 443]"
-0.5740770101547241,0.5367358326911926,-0.5230602622032166,-0.4882841408252716,0.5057566165924072,-0.5336693525314331,-0.16036833822727203,-0.3088897466659546,0.0,16.5,-0.2642577886581421,-0.05164146423339844,22.0,-0.23536145687103271,-0.21572113037109375,18.5,-0.22506177425384521,-0.052642822265625,22.75,0.021129250526428223,-0.5227088928222656,19.75,"[539, 531, 588, 606, 577, 605, 590, 535, 550, 601, 568, 507, 626, 662, 540, 528, 564, 629, 601, 500, 566, 633, 501, 515, 475, 574, 594, 524, 520, 499, 459, 499, 463, 547, 537, 521, 485, 469, 526, 463, 454, 607, 525, 480, 467, 491, 606, 540, 414, 518, 540, 490, 521, 533, 551, 494, 439, 487, 467, 480, 526, 519, 507, 494, 486, 563, 499, 483, 535, 560, 573, 503, 472, 537, 509, 530, 513, 523, 525, 478, 613, 541, 490, 580, 612, 598, 506, 490, 612, 532, 508, 529, 578, 593, 513, 566, 585, 575, 563, 550, 518, 578, 535, 552, 644, 581, 579, 611, 590, 580, 561, 581, 601, 624, 501, 477, 527, 534, 496, 493, 573, 536, 483, 526, 608, 543, 468, 536, 573, 462, 462, 589, 633, 509, 579, 600, 561, 523, 489, 560, 580, 533, 572, 586, 714, 645, 485, 536, 670, 639, 555, 611, 684, 588, 546, 630, 597, 498, 494, 598, 811, 769, 850, 706, 687, 660, 991, 1077, 1415, 1997, 2552, 1632, 1005, 1773, 3501, 3445, 2064, 4381, 4698, 2553, 1092, 3609, 6611, 5646, 1995, 5503, 5143, 2427, 1057, 4568, 7231, 5171, 1368, 3215, 2959, 1546, 827, 2920, 4470, 3149, 1003, 1590, 1398, 826, 669, 1422, 2070, 1507, 820, 976, 804, 684, 659, 928, 1064, 820, 546, 665, 715, 594, 508, 724, 924, 817, 628, 627, 880, 755, 578, 589, 810, 856, 1076, 1280, 1629, 1239, 849, 885, 1549, 1691, 1041, 2109, 2594, 1576, 773, 1496, 2726, 2536, 779, 2074, 2421, 1399, 596, 1689, 2890, 2528, 762, 1973, 2209, 1234, 659, 1601, 2722, 2286, 703, 1490, 1501, 866, 665, 1215, 1855, 1524, 654, 1317, 1164, 674, 613, 1082, 1403, 1056, 1167, 1963, 1619, 753, 926, 1371, 1625, 1099, 3287, 5850, 4651, 1446, 2714, 3207, 3235, 1714, 4511, 7965, 6314, 1829, 3481, 3946, 4405, 2270, 3491, 4710, 3622, 1423, 2238, 2600, 2673, 1707, 3286, 5202, 4055, 1667, 1905, 2311, 2513, 1745, 7351, 13884, 11660, 3442, 4528, 5962, 7755, 3847, 11208, 21970, 18684, 5335, 6982, 9199, 12889, 6447, 9475, 18016, 15054, 4147, 5654, 7341, 10165, 4905, 4487, 7668, 6079, 1727, 2580, 3200, 4114, 2011, 2375, 4110, 3290, 1018, 1299, 1595, 2411, 1512, 1287, 2503, 2172, 941, 859, 1511, 2048, 1270, 1025, 1876, 1793, 962, 806, 1307, 1638, 1024, 1739, 3476, 3065, 1301, 1148, 1826, 2447, 1530, 1547, 2944, 2622, 1171, 991, 1547, 2069, 1407, 971, 1425, 1283, 735, 721, 890, 1080, 867, 1058, 1166, 935, 665, 729, 739, 726, 742, 1577, 1719, 1341, 872, 1000, 1173, 859, 942, 3045, 2676, 2166, 1796, 1801, 2415, 1523, 1845, 3594, 2867, 2842, 2412, 2182, 2956, 1814, 2373, 2516, 2102, 2209, 1779, 1718, 2441, 1402, 1846, 2824, 2884, 2976, 1902, 1654, 2737, 1957, 2057, 4692, 5008, 4999, 3049, 2775, 4426, 3164, 2953, 4772, 4874, 4778, 3184, 2958, 4521, 3034, 2854, 2422, 2627, 2542, 1717, 1698, 2447, 1609, 1362, 1334, 1745, 1448, 874, 1071, 1493, 1182, 749, 1266, 1426, 1044, 650, 866, 1137, 1083, 822, 1027, 1149, 972, 702, 787, 1089, 1047, 797, 927, 1193, 991, 575, 723, 1105, 1038, 707, 1117, 1364, 1019, 607, 733, 879, 858, 701, 1079, 1206, 902, 599, 625, 767, 763, 734, 854, 938, 891, 671, 702, 861, 873, 743, 761, 969, 965, 715, 759, 945, 858, 682, 783, 1060, 1090, 812, 622, 925, 932, 711, 680, 895, 909, 669, 667, 905, 816, 687, 761, 748, 808, 689, 599, 769, 725, 657, 774, 679, 692, 653, 529, 587, 524, 657, 815, 782, 754, 765, 696, 757, 809, 831, 714, 711, 819, 761, 687, 715, 764, 753, 685, 656, 771, 836, 687, 637, 771, 736, 701, 705, 794, 817, 689, 651, 758, 846, 832, 712, 646, 777, 772, 735, 758, 804, 798, 879, 772, 848, 828, 843, 825, 786, 950, 880, 744, 782, 738, 744, 970, 1083, 1002, 838, 619, 764, 891, 724, 736, 967, 1042, 1091, 942, 683, 677, 806, 977, 1015, 985, 1055, 839, 672, 674, 756, 877, 879, 1095, 1096, 817, 689, 821, 785, 757, 868, 850, 800, 781, 725, 743, 733, 886, 910, 731, 889, 920, 766, 663, 764, 910, 799, 761, 847, 713, 579, 635, 731, 678, 595, 697, 740, 689, 521, 544, 705, 727, 669, 656, 612, 667, 570, 538, 641, 745, 724, 663, 761, 656, 546, 537, 583, 688, 631, 721, 773, 735, 661, 602, 645, 694, 674, 791, 747, 705, 672, 679, 753, 773, 841, 929, 717, 647, 816, 719, 701, 746, 832, 1064, 766, 718, 907, 729, 723, 815, 1038, 994, 723, 686, 818, 711, 675, 742, 963, 832, 700, 866, 856, 700, 640, 816, 998, 909, 852, 940, 806, 804, 781, 743, 939, 818, 763, 840, 836, 767, 751, 703, 846, 764, 644, 702, 764, 664, 729, 732, 744, 637, 746, 832, 749, 571, 826, 919, 663, 632, 794, 820, 742, 683, 906, 916, 721, 677, 799, 755, 599, 699, 882, 888, 705, 657, 641, 722, 702, 662, 673, 699, 750, 671, 767, 686, 563, 522, 587, 774, 701, 851, 864, 662, 593, 525, 711, 810, 748, 903, 936, 1082, 875, 766, 880, 1328, 1384, 1135, 1136, 1379, 1095, 814, 888, 1700, 1896, 911, 1170, 1047, 847, 768, 1048, 1335, 1061, 1170, 1232, 1569, 1220, 853, 1244, 2263, 2272, 1191, 1016, 1346, 1020, 781, 1201, 2462, 2483, 860, 1154, 1220, 801, 653, 1218, 2139, 1967, 1217, 1421, 1126, 1325, 1079, 1306, 1939, 1637, 2536, 1572, 1539, 2570, 1546, 1464, 2172, 2098, 3159, 1507, 1955, 3179, 1721, 1572, 2390, 2468, 2239, 1266, 1479, 2321, 1245, 1374, 1953, 1663, 1171, 897, 972, 1251, 821, 872, 1028, 1000, 843, 880, 881, 905, 696, 744, 795, 718, 760, 854, 840, 834, 749, 669, 662, 552, 702, 698, 778, 813, 698, 631, 738, 763, 829, 765, 691, 682, 596, 630, 840, 888, 827, 924, 816, 724, 551, 748, 891, 769, 725, 670, 593, 557, 509, 686, 711, 605, 695, 655, 659, 652, 579, 663, 696, 643, 777, 662, 816, 837, 634, 564, 723, 817, 539, 558, 760, 776, 541, 491, 667, 677, 505, 528, 602, 571, 470, 466, 532, 572, 461, 492, 567, 503, 432, 477, 587, 576, 552, 499, 463, 508, 443, 468, 525, 544, 549, 520, 416, 494, 479, 504, 576, 497, 458, 495, 426, 409, 399, 490, 494, 433]"
-0.7323077321052551,0.13732218742370605,-1.0400011539459229,-0.86031174659729,-0.2666558623313904,-0.9775737524032593,-0.7122204899787903,-0.6417234539985657,-0.5398750305175781,18.5,-0.3888090252876282,-0.5783557891845703,15.5,-0.35476285219192505,-0.4935264587402344,21.75,-0.33030110597610474,-0.42214393615722656,22.75,2.1027128100395203,-0.4843711853027344,16.0,"[549, 551, 605, 638, 604, 638, 606, 551, 600, 622, 629, 671, 637, 673, 663, 588, 557, 583, 586, 651, 553, 528, 540, 529, 505, 585, 550, 517, 485, 494, 526, 518, 451, 541, 522, 449, 385, 479, 540, 465, 467, 497, 520, 537, 522, 495, 467, 500, 571, 516, 559, 535, 548, 548, 458, 530, 523, 505, 540, 497, 537, 548, 518, 541, 460, 443, 490, 521, 468, 489, 457, 434, 544, 471, 523, 546, 514, 501, 534, 532, 527, 507, 521, 485, 449, 547, 561, 514, 501, 521, 484, 505, 526, 530, 559, 516, 585, 528, 550, 586, 613, 548, 555, 623, 518, 568, 568, 442, 516, 629, 572, 473, 580, 604, 529, 509, 556, 589, 607, 553, 605, 548, 511, 599, 631, 586, 581, 566, 574, 589, 528, 544, 599, 564, 498, 502, 587, 637, 518, 488, 551, 564, 530, 489, 550, 617, 558, 525, 586, 579, 556, 513, 623, 553, 579, 649, 582, 501, 578, 633, 720, 947, 1160, 901, 651, 789, 1093, 1103, 1555, 3033, 3170, 1616, 807, 1870, 2942, 2339, 4244, 6814, 5400, 1788, 1875, 3202, 4250, 2168, 5962, 7980, 5127, 1123, 2783, 3687, 3986, 1302, 3801, 4942, 3297, 1199, 1908, 2656, 2942, 1708, 1487, 2412, 2098, 1195, 959, 1510, 1979, 1544, 937, 1859, 1870, 968, 734, 1126, 1709, 1378, 1392, 3101, 3204, 1586, 887, 1561, 2718, 2230, 2145, 5844, 6069, 2809, 1183, 2906, 5267, 4088, 1776, 6298, 6736, 3098, 1068, 3440, 6267, 4890, 1172, 4264, 4413, 1906, 813, 2782, 4818, 3728, 837, 2181, 2029, 1001, 631, 1873, 2895, 2112, 582, 772, 842, 734, 622, 989, 1159, 910, 508, 670, 830, 802, 629, 669, 756, 692, 537, 663, 660, 641, 568, 564, 672, 623, 607, 613, 515, 431, 503, 516, 564, 541, 496, 690, 650, 475, 542, 642, 556, 426, 1163, 1836, 1556, 687, 894, 1113, 1123, 623, 3588, 6329, 5105, 1319, 2226, 3086, 3455, 1171, 5918, 11907, 10420, 3136, 4211, 6717, 7216, 2940, 7232, 15447, 13874, 4449, 4712, 7452, 9289, 4404, 5255, 10623, 9272, 3060, 2946, 3875, 5647, 3063, 4565, 7759, 6092, 1617, 2556, 3134, 3901, 1535, 2873, 4321, 3122, 935, 1691, 2245, 2380, 951, 1546, 1977, 1424, 728, 990, 1355, 1356, 809, 1171, 1468, 1295, 747, 932, 1073, 921, 738, 1069, 1658, 1603, 857, 757, 1048, 1003, 885, 998, 1750, 1687, 831, 667, 861, 1165, 940, 753, 1061, 1002, 651, 535, 681, 779, 732, 609, 720, 758, 641, 683, 684, 660, 642, 674, 733, 750, 721, 661, 684, 676, 661, 1186, 1607, 1266, 718, 1090, 1146, 912, 727, 2137, 3046, 2208, 1026, 2142, 2185, 1336, 850, 2563, 3579, 2665, 1560, 2292, 2233, 1556, 1144, 3123, 4147, 3490, 2045, 2401, 3286, 2699, 1474, 3893, 4892, 5133, 2978, 2897, 4908, 3631, 1968, 3123, 4128, 4496, 2681, 2333, 3908, 2885, 1711, 2733, 3728, 3606, 2271, 2210, 2921, 2144, 1369, 2282, 2879, 2782, 1788, 1873, 2478, 1850, 898, 1315, 1780, 1789, 1097, 1225, 1727, 1288, 608, 1080, 1540, 1327, 681, 977, 1198, 933, 692, 1172, 1734, 1616, 814, 908, 1142, 1103, 942, 1199, 1924, 1781, 933, 784, 1133, 1268, 862, 1078, 1424, 1212, 862, 912, 1076, 1029, 778, 846, 832, 697, 754, 773, 726, 695, 740, 726, 737, 733, 649, 613, 646, 678, 780, 671, 777, 727, 578, 587, 615, 578, 569, 640, 860, 795, 553, 542, 659, 606, 511, 687, 828, 827, 600, 526, 662, 646, 614, 618, 803, 821, 619, 639, 678, 589, 604, 607, 798, 764, 555, 564, 587, 602, 550, 640, 645, 697, 638, 489, 562, 663, 577, 712, 770, 774, 738, 662, 675, 719, 731, 707, 874, 881, 665, 681, 764, 685, 765, 649, 768, 763, 497, 563, 712, 665, 661, 824, 786, 603, 566, 711, 697, 644, 690, 1057, 968, 677, 628, 703, 835, 750, 886, 883, 766, 716, 727, 723, 763, 849, 911, 873, 724, 765, 820, 823, 756, 918, 1068, 1057, 706, 787, 927, 980, 768, 824, 1126, 852, 821, 809, 903, 856, 794, 706, 768, 762, 938, 838, 685, 723, 830, 808, 724, 781, 874, 760, 681, 664, 785, 861, 764, 724, 754, 862, 791, 589, 656, 791, 780, 725, 796, 1088, 958, 610, 826, 908, 832, 807, 904, 918, 810, 666, 881, 842, 671, 729, 780, 686, 614, 697, 711, 584, 575, 729, 817, 731, 622, 634, 607, 675, 674, 654, 746, 692, 555, 606, 609, 676, 660, 1017, 854, 867, 969, 813, 717, 904, 1124, 2416, 1398, 1095, 1727, 1485, 1374, 2382, 2932, 2667, 1562, 1314, 1851, 1542, 1669, 2862, 3342, 1325, 928, 1102, 1285, 923, 1119, 1717, 1766, 920, 798, 786, 820, 694, 733, 883, 899, 800, 788, 670, 614, 596, 640, 705, 738, 1151, 1012, 768, 697, 768, 811, 672, 849, 1529, 1074, 834, 789, 823, 874, 850, 1322, 1444, 791, 943, 983, 860, 798, 829, 1509, 913, 626, 876, 784, 672, 664, 783, 1071, 589, 628, 881, 832, 631, 637, 677, 699, 873, 697, 981, 1044, 646, 726, 794, 931, 1073, 705, 971, 1054, 671, 757, 657, 977, 1011, 818, 848, 813, 695, 735, 692, 943, 1156, 893, 1291, 820, 741, 729, 1632, 1972, 2231, 1758, 3166, 1820, 987, 1392, 4240, 4904, 3005, 2301, 4217, 2532, 1224, 1786, 5330, 6276, 2037, 1362, 2342, 1749, 1031, 1062, 2510, 3305, 1096, 984, 895, 1168, 857, 1408, 1654, 1197, 1466, 990, 1193, 1073, 815, 1400, 2273, 2305, 2101, 991, 1559, 1369, 1174, 1198, 2215, 2956, 1923, 753, 1360, 1146, 1132, 670, 1958, 2838, 1941, 1034, 995, 1098, 1164, 952, 1544, 2301, 2037, 1183, 1023, 1153, 1204, 1082, 1214, 2071, 1502, 1001, 814, 1077, 969, 888, 865, 1346, 947, 805, 851, 982, 700, 867, 1138, 941, 909, 732, 815, 903, 737, 812, 922, 950, 842, 724, 812, 879, 745, 824, 1122, 1039, 993, 952, 846, 790, 717, 752, 964, 957, 909, 1005, 769, 598, 622, 746, 738, 649, 773, 638, 729, 602, 594, 725, 609, 760, 854, 569, 801, 739, 507, 610, 709, 974, 792, 626, 890, 782, 487, 651, 699, 869, 654, 544, 703, 667, 496, 612, 603, 686, 521, 527, 546, 550, 466, 563, 560, 513, 591, 618, 542, 509, 454, 602, 712, 539, 521, 520, 525, 511, 450, 439, 574, 540, 423, 472, 561, 475, 344, 498, 568, 450, 370, 470, 484, 457, 377, 410, 526, 398]"
-0.7779820561408997,0.11962760984897614,-1.1042873859405518,-0.8981798887252808,-0.33442485332489014,-0.8874661922454834,-0.7573539018630981,-0.5219977498054504,-1.0863304138183594,19.0,-0.5219977498054504,-0.6325721740722656,16.75,-0.5219977498054504,1.515054702758789,15.25,-0.2572100758552551,-0.5474567413330078,15.75,-0.1556437611579895,-0.432586669921875,16.5,"[525, 571, 627, 631, 602, 632, 625, 570, 515, 539, 559, 607, 510, 439, 545, 537, 485, 565, 559, 566, 577, 559, 551, 445, 612, 560, 456, 535, 577, 435, 371, 466, 471, 498, 505, 535, 527, 500, 478, 455, 521, 521, 513, 475, 505, 530, 639, 539, 486, 480, 396, 422, 508, 541, 515, 461, 494, 512, 489, 449, 571, 586, 567, 570, 519, 495, 464, 517, 524, 456, 459, 532, 530, 527, 564, 620, 566, 520, 543, 545, 540, 587, 582, 493, 493, 528, 540, 558, 547, 594, 595, 515, 490, 542, 481, 478, 452, 507, 477, 453, 541, 546, 519, 503, 544, 557, 532, 526, 642, 594, 535, 544, 531, 628, 641, 635, 689, 627, 618, 575, 487, 589, 620, 645, 562, 517, 628, 553, 512, 571, 570, 552, 545, 559, 577, 501, 500, 588, 563, 565, 627, 613, 536, 431, 496, 488, 538, 571, 569, 506, 500, 514, 668, 709, 692, 629, 578, 677, 653, 595, 1119, 2591, 2345, 1038, 676, 1520, 2215, 1342, 1092, 3670, 3919, 1974, 737, 2166, 3511, 2564, 1646, 1548, 2645, 2143, 954, 1353, 2181, 2671, 2722, 3741, 2831, 1401, 1246, 1929, 2756, 2091, 2026, 3598, 2838, 867, 973, 1897, 2624, 1412, 1177, 2087, 1666, 689, 830, 1342, 1644, 914, 530, 704, 801, 716, 621, 900, 1038, 829, 730, 1802, 2012, 1151, 624, 1168, 2120, 1811, 945, 2158, 2312, 1224, 640, 1448, 2572, 2148, 766, 1405, 1506, 937, 746, 1058, 1737, 1526, 667, 957, 976, 679, 661, 868, 1040, 935, 655, 813, 820, 609, 514, 784, 1171, 1030, 636, 777, 837, 634, 499, 679, 1030, 930, 514, 603, 642, 516, 505, 660, 707, 636, 451, 551, 563, 461, 488, 583, 636, 519, 458, 581, 616, 587, 563, 649, 682, 544, 440, 521, 549, 522, 551, 622, 609, 492, 770, 1324, 1208, 650, 718, 841, 1005, 708, 2500, 5052, 4360, 1353, 1528, 1807, 2647, 1306, 4394, 8843, 7643, 2306, 2734, 3070, 4550, 2291, 3856, 7169, 6102, 1997, 2429, 2532, 3503, 1941, 1513, 2319, 1964, 940, 1131, 1201, 1197, 960, 851, 1563, 1462, 694, 878, 1106, 1030, 619, 1524, 2629, 2227, 824, 1285, 1659, 1739, 934, 1377, 2206, 1748, 744, 1016, 1446, 1577, 928, 830, 1064, 893, 653, 645, 713, 880, 758, 494, 608, 657, 581, 543, 565, 574, 562, 620, 668, 676, 626, 576, 548, 619, 678, 621, 658, 736, 689, 635, 520, 536, 622, 653, 739, 829, 712, 625, 588, 682, 696, 636, 817, 825, 667, 636, 630, 671, 663, 822, 1285, 1184, 692, 938, 1051, 760, 620, 1545, 2672, 2214, 872, 1903, 2111, 1175, 556, 3415, 4594, 3390, 1698, 3145, 3505, 2154, 1105, 5289, 6749, 5124, 3087, 4852, 5484, 3299, 1762, 4285, 5988, 5076, 2937, 4443, 5139, 3131, 1634, 2308, 3411, 3075, 1934, 2347, 2718, 1815, 1226, 1158, 1793, 1807, 1176, 1109, 1308, 1143, 957, 1018, 1745, 1572, 834, 943, 1125, 1300, 822, 1015, 1605, 1339, 754, 862, 1027, 1164, 727, 893, 1130, 1136, 804, 815, 892, 919, 797, 966, 1283, 1286, 850, 856, 958, 846, 809, 867, 1121, 1037, 736, 873, 929, 738, 671, 727, 1028, 962, 605, 696, 802, 745, 621, 677, 917, 886, 630, 726, 816, 843, 696, 663, 982, 819, 520, 704, 737, 738, 642, 851, 909, 851, 748, 727, 690, 752, 797, 734, 867, 816, 737, 725, 776, 860, 849, 802, 1040, 976, 754, 683, 751, 989, 937, 777, 1000, 1085, 736, 683, 769, 992, 1006, 701, 747, 769, 649, 586, 697, 772, 778, 735, 666, 695, 606, 521, 552, 626, 734, 704, 658, 737, 672, 524, 639, 712, 691, 730, 862, 742, 617, 603, 736, 697, 575, 713, 777, 677, 542, 629, 755, 701, 631, 718, 771, 726, 611, 569, 682, 797, 750, 694, 661, 613, 622, 617, 589, 727, 763, 858, 797, 866, 805, 846, 733, 872, 946, 910, 869, 826, 866, 890, 789, 779, 827, 860, 758, 713, 806, 824, 750, 774, 816, 589, 720, 679, 627, 642, 654, 754, 682, 813, 740, 612, 707, 744, 808, 952, 952, 830, 836, 663, 759, 782, 852, 1076, 984, 937, 893, 692, 717, 801, 857, 916, 867, 807, 833, 693, 615, 663, 690, 674, 675, 696, 742, 622, 591, 696, 686, 578, 564, 634, 711, 693, 633, 616, 615, 674, 729, 651, 722, 714, 639, 551, 659, 726, 714, 635, 725, 731, 550, 521, 540, 589, 616, 679, 775, 798, 724, 573, 696, 812, 826, 1198, 740, 739, 723, 844, 736, 1127, 1514, 2232, 1068, 715, 952, 1236, 821, 1461, 2529, 2080, 1065, 865, 949, 926, 718, 1400, 2360, 1530, 693, 925, 997, 756, 623, 1258, 1869, 1198, 588, 786, 851, 814, 577, 990, 1471, 1011, 642, 750, 800, 765, 697, 893, 1153, 1127, 933, 864, 888, 798, 1006, 1324, 1237, 1121, 1014, 860, 880, 858, 1114, 1147, 963, 1035, 716, 745, 831, 735, 835, 684, 805, 976, 722, 876, 808, 587, 773, 735, 914, 681, 679, 717, 629, 595, 812, 832, 736, 1028, 783, 723, 832, 980, 942, 1035, 1228, 1347, 911, 742, 845, 1001, 795, 1133, 1509, 925, 1045, 903, 751, 759, 769, 886, 851, 1382, 1609, 2375, 1538, 834, 1336, 3179, 3307, 2303, 1932, 3480, 2260, 1132, 1511, 4451, 5081, 1516, 1273, 1943, 1197, 941, 904, 2347, 2838, 860, 925, 989, 1007, 852, 897, 1398, 1335, 1485, 1020, 1369, 1668, 1002, 994, 1504, 1570, 1438, 1145, 1067, 1411, 983, 971, 1379, 1289, 961, 817, 870, 995, 694, 902, 1236, 1007, 846, 741, 774, 813, 719, 999, 937, 722, 1300, 1172, 894, 1045, 976, 1032, 1232, 1258, 1857, 1549, 875, 1131, 1208, 1204, 1437, 1772, 1919, 1249, 1022, 1266, 1105, 918, 1279, 2027, 1304, 965, 974, 924, 719, 750, 813, 1274, 808, 624, 611, 610, 611, 741, 618, 743, 701, 634, 611, 633, 691, 637, 685, 752, 670, 582, 658, 610, 690, 715, 893, 867, 697, 534, 582, 570, 643, 621, 781, 896, 582, 423, 466, 547, 573, 465, 542, 715, 540, 451, 532, 535, 523, 490, 585, 681, 519, 582, 576, 454, 407, 488, 561, 539, 462, 581, 610, 502, 495, 542, 628, 552, 498, 587, 661, 509, 482, 531, 621, 570, 490, 581, 627, 515, 470, 560, 574, 526, 440, 599, 617, 500, 419, 528, 603, 507, 529, 662, 634, 467, 462, 562, 600, 532]"
-0.7931790947914124,0.09979676455259323,-1.237399697303772,-0.7552186250686646,-0.2864849865436554,-0.9574003219604492,-0.439489483833313,-0.3816166818141937,-0.6601810455322266,-31.25,-0.3816166818141937,-0.6069660186767578,17.75,-0.3816166818141937,-0.5577564239501953,26.75,-0.060037702322006226,-0.9781837463378906,17.0,0.017066866159439087,-0.9364128112792969,17.0,"[618, 663, 616, 627, 658, 630, 617, 659, 589, 504, 517, 592, 607, 577, 551, 644, 540, 600, 581, 509, 521, 520, 491, 476, 512, 565, 599, 588, 534, 506, 484, 488, 500, 541, 639, 529, 478, 552, 538, 548, 481, 542, 583, 521, 472, 522, 546, 555, 544, 600, 508, 516, 558, 501, 481, 483, 513, 460, 457, 569, 596, 516, 540, 609, 472, 511, 423, 482, 529, 448, 500, 457, 557, 517, 548, 635, 578, 466, 557, 619, 641, 607, 570, 612, 575, 503, 503, 549, 499, 590, 595, 533, 499, 527, 519, 510, 446, 550, 559, 561, 592, 545, 505, 473, 569, 562, 522, 564, 638, 534, 459, 538, 534, 514, 535, 569, 576, 541, 486, 517, 588, 522, 493, 504, 564, 633, 510, 514, 491, 466, 486, 442, 519, 502, 526, 555, 526, 606, 581, 510, 478, 438, 449, 512, 561, 660, 599, 533, 590, 519, 515, 562, 1413, 2128, 1698, 727, 821, 895, 1127, 826, 7200, 11934, 9027, 2090, 3171, 3930, 5750, 2095, 13601, 23321, 17793, 4011, 6224, 6993, 11260, 4173, 10059, 16772, 12639, 3021, 4836, 4231, 7402, 3048, 3212, 4363, 2778, 914, 2037, 2036, 1936, 687, 1232, 2041, 1588, 680, 758, 1050, 1350, 703, 893, 1291, 1033, 582, 740, 806, 789, 585, 586, 564, 611, 623, 586, 564, 667, 695, 512, 982, 1147, 751, 520, 776, 1076, 900, 652, 1862, 2017, 1103, 611, 1248, 1999, 1510, 747, 2363, 2426, 1158, 556, 1387, 2298, 1712, 796, 1647, 1583, 811, 542, 1066, 1538, 1102, 680, 721, 736, 603, 532, 788, 937, 814, 493, 571, 627, 567, 453, 637, 780, 666, 513, 421, 535, 571, 523, 483, 487, 546, 554, 590, 523, 484, 527, 519, 459, 506, 568, 676, 692, 547, 442, 456, 513, 568, 705, 785, 615, 484, 530, 627, 587, 533, 1359, 2656, 2392, 824, 1136, 1331, 1112, 745, 3599, 7194, 6265, 1766, 2595, 2876, 2971, 1500, 4006, 7418, 6285, 1894, 2632, 2795, 3021, 1477, 1938, 3099, 2574, 1114, 1226, 1098, 1294, 931, 798, 1077, 864, 596, 806, 861, 769, 574, 791, 990, 771, 565, 769, 955, 860, 636, 700, 1035, 912, 578, 683, 834, 763, 617, 981, 1276, 1125, 624, 752, 755, 711, 727, 1029, 1290, 1052, 652, 665, 752, 686, 728, 824, 991, 822, 635, 643, 702, 684, 585, 698, 953, 812, 602, 603, 722, 810, 621, 663, 877, 707, 513, 546, 688, 707, 565, 645, 855, 826, 557, 713, 774, 636, 549, 797, 959, 754, 468, 863, 917, 667, 559, 1005, 1146, 790, 703, 1027, 1015, 739, 640, 2015, 1963, 1166, 1467, 1666, 1350, 902, 1134, 3628, 3563, 2179, 2371, 2597, 2449, 1381, 1567, 3422, 3964, 3100, 2101, 2401, 2780, 1477, 1361, 2019, 3215, 2746, 1279, 1561, 1530, 943, 978, 2121, 4010, 3582, 1214, 1819, 2063, 1533, 907, 2282, 3969, 3418, 1199, 2034, 2506, 1914, 950, 1676, 2351, 1931, 863, 1444, 1920, 1562, 967, 1109, 1346, 1097, 705, 974, 1042, 984, 775, 793, 846, 666, 623, 720, 652, 643, 591, 689, 809, 689, 609, 703, 764, 625, 522, 656, 772, 666, 565, 644, 714, 702, 593, 632, 657, 560, 575, 599, 598, 562, 559, 673, 705, 652, 553, 612, 612, 537, 536, 731, 741, 630, 605, 751, 775, 626, 621, 665, 645, 639, 570, 683, 733, 650, 602, 664, 680, 777, 628, 520, 614, 658, 637, 555, 529, 729, 622, 466, 551, 568, 590, 609, 677, 667, 540, 550, 621, 628, 548, 541, 656, 705, 562, 520, 591, 567, 542, 650, 819, 799, 604, 535, 644, 651, 541, 751, 859, 734, 621, 505, 529, 635, 617, 725, 754, 640, 628, 652, 567, 601, 583, 666, 659, 605, 660, 697, 566, 579, 608, 688, 637, 641, 589, 603, 572, 545, 622, 610, 714, 684, 573, 661, 588, 577, 602, 779, 933, 840, 804, 955, 825, 604, 707, 872, 845, 696, 811, 900, 780, 777, 724, 1007, 829, 687, 831, 812, 877, 735, 740, 1125, 1005, 810, 800, 718, 1112, 884, 652, 930, 780, 771, 762, 588, 730, 710, 664, 626, 571, 764, 667, 522, 634, 698, 765, 638, 718, 897, 781, 629, 798, 967, 860, 675, 837, 890, 794, 708, 740, 1019, 937, 675, 1034, 1069, 807, 643, 876, 1138, 949, 599, 730, 831, 699, 606, 776, 851, 706, 622, 719, 668, 542, 525, 684, 782, 704, 523, 519, 616, 558, 504, 599, 667, 632, 556, 750, 800, 684, 564, 683, 724, 532, 705, 660, 754, 721, 560, 692, 718, 664, 1103, 958, 834, 678, 705, 1099, 863, 734, 1177, 1030, 769, 706, 742, 866, 634, 837, 1031, 831, 649, 691, 739, 695, 629, 892, 892, 622, 607, 832, 862, 683, 840, 1074, 714, 588, 616, 631, 715, 508, 783, 928, 506, 640, 669, 561, 529, 581, 646, 517, 866, 874, 787, 652, 669, 886, 718, 672, 974, 949, 854, 688, 626, 844, 663, 808, 931, 745, 636, 664, 633, 687, 658, 907, 788, 639, 618, 677, 572, 532, 741, 856, 862, 748, 724, 761, 644, 643, 712, 780, 906, 741, 697, 664, 775, 852, 785, 813, 921, 692, 754, 730, 737, 739, 643, 901, 901, 868, 945, 732, 609, 699, 942, 1043, 823, 1299, 1442, 798, 658, 968, 1581, 1515, 865, 1565, 1780, 953, 605, 1150, 2074, 1930, 718, 1471, 1753, 964, 616, 923, 1904, 1795, 701, 975, 1318, 956, 634, 785, 1312, 1384, 618, 723, 925, 782, 630, 652, 686, 794, 650, 648, 721, 676, 516, 641, 738, 691, 757, 703, 670, 615, 545, 649, 738, 744, 914, 852, 762, 672, 586, 715, 720, 819, 922, 712, 750, 664, 556, 658, 776, 990, 679, 747, 710, 551, 588, 672, 805, 821, 704, 669, 564, 607, 557, 656, 679, 646, 694, 564, 559, 585, 518, 598, 595, 607, 601, 553, 604, 540, 474, 504, 562, 588, 639, 522, 547, 568, 474, 584, 557, 609, 699, 513, 624, 641, 472, 557, 507, 589, 485, 544, 581, 545, 497, 479, 499, 529, 536, 508, 482, 532, 583, 483, 460, 576, 595, 633, 537, 550, 611, 624, 599, 552, 508, 570, 557, 520, 488, 570, 557, 501, 498, 487, 450, 458, 497, 534, 518, 483, 496, 512, 389, 436, 533, 474, 403, 442, 544, 527, 429, 454, 497, 437, 385, 476, 540, 499, 352, 397, 457, 491, 422, 470]"
-0.7584958076477051,0.14803919196128845,-1.3264435529708862,-0.49226677417755127,-0.13774460554122925,-0.9433764219284058,0.010976314544677734,-0.2000523954629898,-0.49724578857421875,-32.0,-0.1183701902627945,-0.4923820495605469,-30.75,-0.11021627485752106,-0.48623085021972656,26.75,2.5074766725301743,-0.18167495727539062,16.0,2.5183485597372055,-0.36520957946777344,18.75,"[469, 527, 501, 491, 596, 489, 503, 529, 535, 617, 566, 534, 703, 600, 482, 505, 499, 590, 586, 529, 556, 597, 592, 507, 522, 575, 569, 495, 486, 591, 588, 493, 498, 542, 487, 445, 462, 525, 452, 465, 524, 475, 472, 486, 516, 570, 522, 471, 545, 586, 455, 506, 594, 573, 498, 495, 538, 559, 512, 520, 630, 649, 543, 511, 585, 548, 480, 543, 577, 556, 515, 464, 673, 618, 521, 558, 619, 580, 470, 469, 532, 536, 506, 552, 509, 475, 523, 504, 512, 526, 539, 484, 525, 581, 606, 537, 481, 482, 567, 518, 486, 564, 574, 544, 518, 489, 578, 594, 521, 509, 558, 524, 501, 492, 588, 583, 495, 545, 554, 492, 614, 599, 590, 571, 548, 526, 525, 514, 622, 556, 492, 588, 598, 613, 550, 558, 503, 431, 506, 531, 498, 695, 764, 652, 1170, 1801, 1381, 608, 704, 1003, 1227, 695, 7118, 11711, 8772, 1971, 3371, 4040, 5801, 2214, 14993, 24380, 18073, 4120, 7069, 7704, 11662, 4424, 14031, 21391, 15070, 3447, 6336, 6562, 9545, 3748, 6604, 8710, 5394, 1436, 2814, 2971, 3593, 1742, 2067, 2554, 1770, 867, 1115, 1192, 1207, 1003, 1010, 1358, 1052, 692, 859, 873, 834, 642, 755, 832, 690, 600, 700, 642, 533, 626, 721, 1175, 1085, 636, 565, 706, 920, 693, 1564, 2931, 2581, 961, 1063, 1482, 1478, 916, 2146, 4291, 4069, 1507, 1539, 2423, 2455, 1736, 1561, 3260, 3251, 1393, 1198, 2024, 2104, 1475, 670, 913, 843, 579, 509, 663, 797, 655, 627, 964, 1018, 732, 637, 774, 726, 660, 603, 830, 869, 710, 656, 629, 633, 621, 718, 620, 528, 619, 601, 441, 482, 626, 591, 514, 544, 593, 478, 460, 558, 635, 543, 559, 669, 637, 569, 579, 652, 692, 618, 655, 716, 773, 773, 621, 635, 693, 1238, 1625, 1162, 670, 1053, 1397, 1208, 561, 4655, 6908, 4675, 767, 2501, 4241, 4262, 806, 6930, 10484, 7192, 988, 3411, 5685, 6106, 1139, 4131, 5804, 3681, 714, 1985, 2999, 3179, 767, 1402, 1645, 975, 640, 1017, 1038, 917, 683, 1272, 1888, 1330, 565, 1151, 1208, 1102, 629, 954, 1539, 1246, 619, 928, 1150, 1083, 688, 639, 858, 826, 570, 526, 682, 804, 587, 631, 723, 677, 557, 511, 609, 675, 646, 711, 828, 753, 584, 618, 597, 692, 613, 728, 793, 787, 637, 664, 714, 727, 641, 732, 805, 742, 677, 727, 755, 670, 702, 848, 819, 795, 798, 798, 778, 779, 769, 1064, 1252, 1002, 778, 908, 825, 764, 819, 920, 1249, 1054, 692, 792, 801, 679, 586, 1024, 1540, 1247, 657, 1055, 1125, 813, 593, 880, 1431, 1371, 777, 1185, 1391, 934, 615, 749, 1007, 1102, 818, 822, 1048, 986, 703, 1024, 1202, 983, 721, 831, 787, 885, 815, 922, 1146, 1298, 1153, 877, 865, 794, 969, 1094, 2632, 3065, 1819, 1322, 1829, 1378, 1286, 1354, 2331, 2678, 1664, 1478, 2252, 1622, 1136, 1056, 1183, 1162, 866, 908, 1354, 1062, 737, 882, 898, 777, 626, 622, 887, 798, 599, 737, 818, 763, 727, 792, 709, 668, 626, 685, 717, 782, 806, 696, 633, 661, 711, 677, 718, 879, 876, 691, 663, 679, 759, 499, 741, 879, 758, 578, 572, 605, 534, 666, 726, 720, 604, 621, 604, 524, 496, 819, 758, 707, 651, 568, 684, 763, 686, 735, 742, 661, 583, 599, 656, 781, 740, 735, 829, 774, 625, 641, 626, 668, 632, 809, 937, 886, 599, 620, 628, 735, 737, 821, 944, 817, 606, 637, 651, 750, 772, 676, 793, 717, 654, 689, 751, 782, 699, 533, 561, 606, 642, 657, 656, 668, 612, 617, 639, 663, 667, 635, 621, 691, 639, 673, 693, 686, 592, 681, 669, 660, 683, 675, 666, 670, 579, 597, 628, 640, 735, 742, 705, 741, 746, 716, 705, 670, 758, 1437, 1292, 1397, 1189, 1133, 1689, 1390, 847, 3603, 2623, 3362, 2670, 2013, 4112, 3113, 1576, 5619, 3728, 4384, 3755, 2785, 5668, 3853, 2469, 4687, 3070, 3051, 2924, 2569, 4384, 2527, 2421, 1928, 1706, 1400, 1293, 1414, 1736, 925, 1148, 756, 1080, 1083, 939, 801, 706, 753, 686, 675, 961, 1003, 737, 680, 791, 900, 741, 713, 852, 1067, 876, 576, 884, 1142, 1051, 840, 804, 888, 852, 680, 796, 1038, 1007, 764, 908, 986, 755, 626, 754, 774, 862, 734, 1100, 1299, 926, 679, 760, 938, 989, 833, 1766, 1930, 1203, 660, 908, 1478, 1345, 772, 2120, 2533, 1506, 642, 1101, 1779, 1611, 1021, 1512, 2230, 1547, 842, 1728, 1439, 1045, 1205, 1742, 1857, 1543, 1058, 2616, 2970, 1561, 959, 1222, 1089, 1078, 1012, 2159, 2437, 1331, 596, 891, 1116, 841, 665, 1032, 951, 674, 887, 1079, 965, 737, 660, 816, 856, 762, 1285, 1334, 951, 745, 800, 984, 971, 1012, 957, 986, 970, 727, 708, 932, 1263, 1195, 608, 771, 892, 765, 575, 1016, 1444, 1140, 658, 1008, 1010, 854, 577, 901, 1212, 820, 875, 869, 942, 884, 660, 783, 832, 840, 755, 737, 797, 673, 585, 624, 694, 782, 1014, 951, 886, 726, 619, 919, 800, 684, 1273, 1009, 852, 733, 703, 1028, 839, 1077, 923, 734, 633, 597, 567, 676, 804, 951, 1153, 920, 1529, 1225, 564, 982, 1557, 1751, 1523, 1367, 2617, 1935, 653, 1563, 2637, 2810, 1058, 777, 1160, 1122, 670, 892, 1228, 1397, 1944, 1871, 2638, 2109, 805, 1984, 2363, 2581, 1614, 1872, 2795, 1951, 689, 1514, 2459, 2736, 821, 1184, 1434, 885, 663, 1236, 1920, 1662, 874, 937, 997, 786, 661, 1148, 1503, 1252, 1384, 1092, 838, 886, 896, 1168, 1041, 1089, 2029, 1548, 820, 937, 1212, 1380, 865, 1349, 2372, 1573, 947, 1283, 1349, 1239, 1097, 2018, 1828, 1028, 788, 1084, 1028, 933, 1049, 1789, 874, 577, 737, 723, 620, 621, 778, 1049, 726, 525, 645, 608, 556, 556, 713, 855, 627, 638, 646, 582, 578, 700, 697, 672, 644, 545, 589, 693, 568, 634, 723, 594, 582, 519, 721, 734, 562, 688, 751, 632, 422, 573, 701, 578, 561, 686, 615, 467, 510, 740, 757, 565, 501, 599, 558, 472, 800, 1031, 918, 654, 631, 763, 701, 573, 704, 734, 678, 489, 503, 584, 618, 718, 492, 523, 497, 438, 450, 580, 627, 597, 528, 509, 492, 507, 478, 573, 550, 453, 432, 469, 398, 355, 352, 458, 499, 407, 457, 519, 481, 536, 474, 664, 730, 497]"
-0.7162219882011414,0.2668994069099426,-1.0253098011016846,-0.23788905143737793,0.11163792014122009,-0.33010268211364746,0.3840932250022888,-0.2071780562400818,-0.5328655242919922,24.75,-0.2071780562400818,-0.47936439514160156,31.25,-0.2071780562400818,-0.4775047302246094,29.0,-0.09617036581039429,-0.4451751708984375,18.5,2.2773342728614807,0.1311779022216797,16.25,"[733, 689, 688, 585, 594, 583, 684, 683, 575, 551, 650, 761, 728, 570, 636, 669, 539, 558, 644, 649, 630, 553, 470, 596, 497, 559, 537, 552, 550, 469, 490, 486, 479, 447, 449, 493, 448, 475, 448, 432, 497, 489, 489, 531, 530, 446, 482, 486, 469, 396, 442, 473, 460, 419, 491, 539, 579, 538, 642, 612, 496, 525, 537, 561, 591, 544, 595, 582, 475, 561, 568, 597, 553, 496, 531, 525, 435, 516, 539, 543, 513, 534, 508, 533, 528, 537, 552, 514, 568, 497, 405, 558, 578, 533, 565, 522, 527, 488, 435, 510, 509, 573, 527, 437, 546, 520, 516, 497, 498, 532, 475, 466, 526, 608, 572, 512, 619, 637, 551, 466, 503, 552, 576, 550, 564, 604, 601, 593, 468, 484, 559, 573, 501, 512, 534, 515, 597, 656, 626, 546, 549, 574, 555, 530, 2997, 4213, 2948, 1011, 1562, 1994, 2222, 1094, 10226, 15022, 10466, 2838, 4520, 6972, 8403, 3574, 13303, 19096, 12902, 3230, 5233, 9180, 10992, 4763, 6629, 9077, 5833, 1238, 2331, 4409, 5247, 2467, 1537, 2498, 2138, 925, 1037, 1382, 1415, 1010, 1307, 1870, 1569, 732, 1008, 1095, 1251, 818, 1029, 1257, 1096, 721, 755, 815, 1016, 792, 605, 632, 632, 567, 520, 552, 631, 627, 602, 947, 991, 623, 580, 749, 833, 713, 851, 2460, 2615, 1227, 916, 1361, 1609, 1241, 1050, 3640, 3945, 1856, 999, 1560, 2350, 1820, 881, 2698, 2919, 1462, 768, 1212, 1792, 1372, 725, 1014, 1066, 732, 600, 743, 844, 773, 637, 559, 610, 577, 652, 654, 601, 674, 585, 671, 577, 529, 579, 609, 634, 530, 600, 694, 646, 561, 583, 579, 611, 562, 777, 928, 801, 652, 838, 843, 688, 670, 978, 1232, 1035, 843, 989, 983, 691, 619, 1735, 2864, 2299, 772, 1205, 1375, 1368, 552, 11185, 17917, 13019, 1779, 5949, 6862, 8461, 1300, 23660, 37272, 26337, 2654, 12500, 14707, 18144, 2472, 21142, 32258, 21992, 1460, 11165, 12596, 15314, 1578, 8522, 12312, 7965, 701, 4704, 4581, 5264, 685, 2285, 3406, 2424, 854, 1586, 1468, 1366, 684, 1592, 2757, 2272, 832, 1131, 1312, 1724, 874, 1365, 2381, 2062, 849, 1000, 1305, 1422, 861, 1091, 1465, 1234, 791, 997, 979, 934, 770, 871, 929, 759, 737, 873, 839, 680, 733, 804, 927, 738, 665, 784, 818, 714, 633, 544, 672, 727, 667, 577, 611, 642, 570, 642, 763, 742, 572, 515, 580, 573, 541, 889, 971, 963, 701, 640, 699, 672, 790, 1403, 1676, 1283, 812, 1026, 1270, 992, 782, 1572, 1847, 1225, 744, 880, 1297, 1159, 717, 1774, 2322, 1515, 866, 1121, 1159, 1226, 704, 2214, 2799, 1903, 1272, 1570, 1284, 1219, 960, 2093, 2702, 2460, 1585, 1359, 1381, 1305, 1339, 1714, 2536, 2362, 1323, 1242, 1376, 1113, 1155, 973, 1634, 1499, 833, 873, 851, 831, 816, 1001, 1259, 949, 665, 787, 913, 953, 762, 1134, 1092, 792, 682, 830, 1086, 922, 891, 803, 759, 800, 735, 768, 889, 814, 746, 617, 668, 779, 668, 629, 646, 556, 612, 548, 627, 720, 645, 587, 695, 621, 525, 553, 598, 688, 658, 562, 694, 655, 588, 670, 723, 680, 667, 645, 614, 716, 763, 722, 699, 662, 619, 611, 687, 672, 745, 751, 763, 745, 675, 703, 790, 688, 679, 678, 764, 671, 511, 570, 675, 658, 655, 613, 651, 562, 466, 479, 550, 610, 621, 562, 630, 612, 525, 515, 660, 679, 574, 741, 799, 630, 616, 632, 642, 711, 718, 788, 837, 634, 635, 645, 585, 682, 658, 611, 779, 719, 548, 617, 630, 682, 622, 502, 623, 586, 502, 560, 593, 563, 499, 540, 609, 614, 524, 528, 582, 584, 526, 642, 619, 655, 618, 573, 677, 650, 653, 623, 621, 651, 677, 640, 656, 703, 689, 904, 880, 701, 697, 839, 1020, 762, 701, 1358, 1094, 1036, 958, 914, 1381, 917, 874, 2142, 1402, 1542, 1626, 1208, 1681, 1106, 1343, 2639, 1865, 2046, 1901, 1279, 2143, 1282, 1671, 2023, 1804, 1772, 1467, 1122, 1647, 974, 1269, 1271, 1459, 1290, 970, 859, 1052, 704, 758, 980, 1100, 1046, 826, 877, 1042, 843, 692, 587, 729, 843, 784, 756, 869, 804, 595, 745, 713, 777, 642, 632, 623, 759, 813, 858, 742, 764, 601, 609, 705, 775, 891, 864, 851, 707, 662, 647, 669, 672, 740, 675, 837, 830, 772, 672, 662, 731, 744, 706, 838, 941, 798, 611, 706, 770, 690, 1076, 977, 994, 868, 725, 978, 851, 894, 2930, 1667, 1167, 1184, 1278, 1505, 2550, 3283, 7466, 4860, 3035, 2348, 3088, 4936, 7433, 8254, 6941, 4493, 3018, 2165, 2799, 4587, 6769, 7587, 2600, 2091, 1594, 1060, 1363, 1767, 2404, 2629, 1301, 1236, 944, 704, 795, 1027, 719, 860, 1525, 1233, 1568, 1384, 821, 1564, 1287, 1043, 2489, 1748, 2433, 2002, 1248, 2136, 1364, 1673, 1947, 1604, 1881, 1788, 1107, 1948, 1480, 930, 1027, 904, 860, 1188, 726, 1410, 1882, 1301, 962, 767, 870, 1043, 787, 1135, 1654, 1441, 816, 912, 1089, 1017, 659, 991, 1137, 895, 975, 714, 1218, 1149, 739, 1141, 1130, 1053, 1478, 1148, 1443, 1221, 959, 1410, 1370, 1633, 1240, 1469, 1670, 1304, 943, 1284, 1662, 1584, 1331, 1758, 2286, 1861, 879, 1645, 2510, 2254, 1730, 2748, 2964, 2090, 729, 2494, 3598, 2722, 1954, 2069, 1843, 1367, 711, 1840, 2362, 2146, 1271, 938, 1030, 1004, 844, 972, 1608, 1728, 1521, 1601, 1354, 1021, 1099, 1521, 1943, 1796, 2539, 2379, 2607, 2089, 1442, 1705, 2560, 2991, 3311, 2628, 2887, 2518, 1571, 1728, 2778, 3665, 3199, 2011, 1775, 1725, 1451, 1411, 2245, 3328, 4202, 2362, 1870, 2380, 2093, 1956, 2770, 4272, 4760, 2328, 2522, 3455, 2417, 2248, 3291, 5001, 3697, 1654, 2373, 2776, 1765, 1919, 3053, 4297, 1566, 938, 1266, 1191, 1053, 1062, 1576, 2062, 704, 735, 637, 574, 656, 649, 677, 735, 813, 662, 612, 635, 648, 595, 766, 937, 680, 722, 1041, 835, 562, 658, 1015, 1022, 490, 950, 1290, 913, 498, 733, 1107, 998, 451, 778, 926, 693, 383, 665, 849, 705, 716, 845, 862, 663, 467, 741, 992, 869, 625, 733, 717, 607, 531, 722, 803, 679, 484, 566, 569, 504, 398, 516, 562, 520, 437, 376, 424, 413, 349, 423, 521, 520, 487, 441, 458, 483, 454, 503, 507, 482, 480, 469, 522, 499, 457, 599, 599, 535, 465, 522, 567, 436, 395, 490, 590, 547]"
-0.738090455532074,0.27806320786476135,-1.0583200454711914,-0.19947972893714905,0.11163792014122009,-0.33010268211364746,0.3840932250022888,0.29540088027715683,0.7387161254882812,18.25,0.5062582716345787,0.0,29.5,0.5165579542517662,0.07081031799316406,27.0,0.5417349562048912,0.09698867797851562,19.25,2.636862061917782,0.7259845733642578,17.25,"[521, 651, 651, 568, 596, 566, 652, 650, 565, 579, 541, 638, 615, 578, 681, 672, 467, 468, 429, 450, 463, 501, 505, 464, 538, 558, 462, 444, 513, 496, 527, 515, 406, 493, 465, 454, 492, 521, 510, 479, 490, 550, 488, 416, 498, 574, 530, 423, 462, 543, 567, 476, 497, 543, 510, 477, 591, 502, 486, 610, 580, 491, 555, 578, 507, 513, 521, 558, 569, 576, 561, 488, 627, 603, 538, 531, 604, 640, 539, 529, 692, 636, 590, 577, 574, 541, 537, 553, 696, 700, 679, 600, 591, 533, 531, 647, 605, 587, 593, 574, 513, 564, 581, 598, 595, 544, 555, 665, 644, 521, 562, 580, 513, 499, 561, 617, 541, 511, 612, 552, 475, 562, 625, 554, 475, 534, 589, 509, 501, 493, 501, 545, 474, 488, 553, 527, 576, 623, 673, 676, 618, 596, 615, 571, 2214, 4555, 4539, 2201, 1062, 2379, 4025, 3236, 5264, 13176, 13439, 6219, 2031, 6775, 12356, 9792, 5737, 17067, 17852, 8313, 2302, 8813, 16816, 13395, 3813, 12365, 12884, 5884, 1771, 6636, 12515, 9819, 1953, 5337, 5127, 2083, 1071, 3132, 5287, 3825, 961, 1455, 1193, 610, 563, 1028, 1341, 879, 545, 618, 586, 538, 451, 508, 685, 600, 499, 540, 560, 558, 610, 488, 521, 539, 754, 1630, 1444, 650, 698, 770, 1144, 701, 1893, 4550, 4192, 1449, 1316, 1983, 2859, 1583, 2323, 5359, 4962, 1775, 1433, 2143, 3114, 1675, 1321, 2828, 2633, 1040, 821, 1216, 1577, 913, 629, 1022, 1054, 635, 574, 766, 688, 603, 499, 799, 895, 648, 595, 631, 694, 707, 629, 758, 770, 606, 531, 547, 709, 725, 766, 1168, 1037, 617, 943, 1049, 815, 556, 1805, 3170, 2667, 988, 2143, 2336, 1236, 695, 1889, 3379, 2814, 971, 2243, 2427, 1256, 658, 1303, 1225, 1114, 988, 1640, 1967, 1214, 818, 5981, 7806, 4755, 1672, 4371, 6741, 5639, 1460, 7020, 9080, 5392, 2169, 4766, 7952, 6916, 1945, 2980, 3299, 2352, 1759, 2224, 3338, 2648, 1666, 2846, 4759, 3787, 1268, 1534, 1447, 2223, 1247, 2933, 5192, 4054, 1134, 1440, 1876, 2720, 1057, 1670, 3021, 2465, 845, 982, 1085, 1518, 740, 1081, 1893, 1623, 692, 906, 828, 853, 609, 1105, 1547, 1286, 730, 878, 923, 905, 709, 894, 1029, 973, 802, 783, 870, 882, 735, 738, 768, 789, 743, 687, 779, 814, 710, 685, 881, 858, 643, 641, 736, 851, 736, 666, 880, 941, 730, 654, 757, 921, 801, 793, 912, 960, 837, 725, 754, 845, 795, 1177, 1103, 1043, 1089, 1133, 961, 740, 936, 1379, 1377, 1160, 1035, 1303, 1293, 742, 865, 1466, 1764, 1344, 1005, 1187, 1368, 1079, 667, 1761, 2472, 1902, 1272, 1086, 1145, 1429, 826, 1906, 2793, 2165, 1192, 1066, 991, 1399, 859, 1847, 2407, 1748, 948, 861, 903, 1277, 878, 1491, 1642, 1278, 990, 738, 975, 1096, 954, 1168, 1287, 987, 862, 716, 776, 968, 814, 896, 1251, 1128, 767, 609, 650, 738, 660, 754, 972, 1000, 796, 681, 693, 720, 713, 706, 1012, 1122, 901, 701, 824, 914, 859, 767, 1144, 1067, 657, 673, 856, 894, 739, 957, 1235, 1004, 645, 820, 788, 784, 725, 908, 1203, 943, 656, 715, 844, 941, 729, 649, 980, 894, 546, 599, 855, 864, 598, 558, 1037, 1198, 724, 711, 871, 802, 720, 646, 1068, 1234, 783, 672, 870, 885, 764, 696, 893, 933, 749, 684, 690, 717, 721, 569, 761, 775, 679, 653, 667, 714, 640, 633, 694, 725, 758, 670, 646, 755, 696, 740, 718, 690, 710, 700, 683, 697, 765, 827, 674, 866, 820, 671, 660, 742, 915, 862, 825, 854, 737, 571, 684, 781, 836, 782, 891, 891, 661, 649, 832, 966, 804, 765, 823, 761, 682, 763, 843, 793, 664, 682, 672, 680, 647, 729, 714, 623, 681, 784, 641, 770, 697, 698, 720, 808, 833, 1031, 900, 949, 953, 893, 1005, 940, 958, 1298, 1148, 1060, 999, 1035, 1098, 768, 1028, 1249, 1094, 856, 725, 877, 979, 725, 894, 793, 859, 688, 534, 648, 745, 649, 507, 706, 730, 643, 749, 731, 631, 565, 478, 725, 743, 656, 722, 751, 724, 715, 707, 792, 767, 696, 763, 796, 730, 658, 751, 673, 736, 782, 659, 600, 704, 686, 696, 731, 779, 768, 604, 641, 650, 706, 762, 724, 662, 634, 639, 550, 571, 631, 707, 699, 661, 652, 674, 671, 575, 719, 860, 1370, 794, 716, 988, 1055, 757, 1359, 1871, 1696, 880, 744, 991, 1186, 779, 1574, 2233, 1941, 1290, 912, 1005, 1342, 1328, 2008, 2409, 2263, 1700, 1145, 921, 1214, 1736, 2266, 2444, 1638, 1403, 1061, 861, 996, 1310, 1640, 1703, 1004, 930, 909, 860, 791, 1018, 1340, 1178, 988, 821, 886, 876, 693, 854, 1166, 1120, 861, 747, 859, 911, 708, 701, 1089, 979, 760, 745, 744, 807, 765, 770, 914, 830, 773, 798, 688, 648, 745, 767, 771, 784, 799, 744, 666, 575, 702, 694, 700, 797, 643, 698, 822, 815, 679, 648, 718, 820, 762, 774, 701, 709, 680, 641, 749, 903, 702, 772, 809, 669, 634, 607, 762, 756, 698, 818, 833, 658, 639, 538, 699, 784, 1018, 1032, 1385, 851, 577, 858, 1750, 1901, 2524, 2028, 3494, 1820, 875, 1873, 5090, 5688, 3075, 2339, 4154, 2275, 1113, 2157, 6039, 6797, 1459, 1483, 2346, 1466, 727, 1278, 3012, 3261, 998, 1073, 1377, 1020, 755, 854, 1586, 1689, 1173, 782, 904, 916, 838, 745, 1044, 1405, 1498, 758, 1008, 954, 810, 883, 1314, 1834, 1211, 938, 992, 695, 759, 1119, 1528, 1559, 1434, 1280, 1291, 1348, 1087, 1416, 1890, 1792, 1078, 1068, 1208, 1170, 1123, 1298, 1482, 1344, 885, 728, 714, 716, 877, 869, 968, 1094, 933, 725, 881, 839, 718, 760, 896, 1082, 758, 698, 801, 807, 650, 767, 950, 912, 548, 684, 772, 685, 591, 810, 949, 765, 603, 588, 602, 545, 532, 623, 641, 671, 650, 556, 727, 726, 598, 652, 622, 720, 651, 594, 916, 870, 576, 657, 820, 836, 637, 656, 865, 642, 530, 662, 813, 877, 688, 652, 749, 574, 558, 541, 719, 829, 589, 489, 486, 566, 525, 499, 542, 598, 433, 415, 507, 468, 448, 449, 486, 481, 413, 485, 506, 455, 408, 376, 455, 507, 476, 421, 433, 456, 366, 381, 428, 476, 492, 490, 490, 491, 418, 397, 415, 481, 419, 500, 513, 444, 378, 400, 520, 480]"
-0.7561179399490356,0.2892270088195801,-1.0913302898406982,-0.16107040643692017,0.0,0.0,0.0,0.004485951270908117,1.3153553009033203,28.0,0.5422152145765722,0.16393661499023438,23.75,0.5503691299818456,0.2938270568847656,16.25,0.5545176132582128,0.044918060302734375,28.5,0.5629576309584081,0.04563331604003906,28.75,"[502, 586, 606, 627, 660, 630, 609, 584, 476, 568, 632, 607, 612, 626, 647, 567, 526, 577, 616, 638, 489, 586, 696, 573, 451, 529, 611, 495, 506, 628, 554, 408, 458, 531, 573, 512, 556, 608, 493, 485, 553, 599, 531, 544, 580, 559, 513, 504, 564, 651, 631, 674, 643, 639, 627, 524, 513, 545, 548, 582, 570, 552, 506, 458, 505, 491, 541, 517, 487, 544, 510, 551, 518, 476, 574, 635, 545, 495, 525, 537, 519, 508, 561, 572, 573, 595, 573, 518, 589, 526, 480, 494, 559, 598, 597, 554, 402, 471, 473, 434, 487, 516, 507, 430, 548, 520, 580, 574, 561, 558, 464, 505, 469, 444, 457, 449, 559, 528, 456, 498, 545, 500, 499, 513, 580, 559, 452, 515, 500, 537, 530, 442, 521, 585, 596, 551, 577, 698, 848, 685, 583, 619, 882, 846, 1959, 2658, 4317, 2765, 1096, 1972, 5090, 5355, 4072, 6995, 11011, 6962, 2040, 5425, 13212, 13289, 4263, 7346, 11353, 7015, 2131, 5786, 14045, 14051, 3336, 3314, 5168, 3141, 1521, 2920, 7370, 7789, 1894, 2518, 2760, 1377, 1030, 1805, 3653, 3411, 863, 1111, 1213, 799, 718, 974, 1588, 1395, 694, 871, 810, 675, 594, 704, 791, 761, 626, 693, 699, 667, 627, 704, 819, 717, 531, 680, 707, 623, 590, 646, 784, 646, 534, 738, 825, 603, 438, 598, 837, 720, 575, 689, 839, 727, 535, 692, 1159, 997, 645, 734, 829, 767, 556, 838, 1081, 882, 626, 753, 871, 695, 611, 757, 686, 574, 537, 608, 743, 676, 592, 602, 692, 657, 549, 604, 604, 588, 578, 498, 530, 527, 677, 945, 936, 791, 757, 751, 662, 563, 995, 1935, 2012, 1071, 1097, 1366, 1028, 744, 1590, 3433, 3390, 1447, 1601, 2008, 1541, 1069, 8079, 15426, 12729, 3184, 4414, 5916, 8172, 2940, 23103, 42187, 33373, 7205, 11549, 17420, 23819, 7638, 26550, 47859, 37239, 7749, 12453, 20637, 27835, 8853, 12691, 22283, 16874, 3359, 5158, 9828, 13199, 4165, 2243, 3573, 2694, 1035, 851, 1990, 2595, 1270, 1189, 1475, 1278, 841, 804, 890, 976, 896, 1076, 1861, 1743, 748, 824, 1360, 1575, 1132, 971, 1943, 1830, 855, 896, 1337, 1634, 1134, 967, 1561, 1333, 678, 703, 941, 1161, 806, 865, 1033, 893, 743, 772, 791, 820, 792, 798, 783, 869, 920, 712, 662, 835, 870, 825, 769, 873, 819, 718, 713, 769, 820, 766, 838, 895, 749, 631, 701, 782, 760, 813, 1024, 894, 657, 607, 680, 723, 681, 976, 1215, 1026, 665, 703, 831, 740, 677, 1474, 1514, 1145, 901, 936, 1143, 982, 980, 1667, 1712, 1270, 1089, 1027, 1221, 1201, 1217, 1797, 1833, 1352, 1042, 1479, 1563, 1133, 1243, 2341, 2278, 2637, 1717, 2026, 3505, 2423, 1244, 2111, 2980, 3918, 2086, 2038, 4303, 3341, 1126, 1409, 2502, 2928, 1451, 1445, 2871, 2472, 951, 1112, 1627, 1608, 891, 996, 1626, 1626, 1032, 962, 1076, 1066, 771, 898, 1244, 1109, 902, 836, 767, 857, 925, 835, 977, 800, 791, 715, 786, 848, 759, 737, 812, 911, 796, 775, 939, 827, 769, 718, 752, 824, 740, 798, 887, 775, 721, 725, 740, 756, 693, 748, 810, 777, 664, 689, 856, 848, 847, 719, 817, 828, 675, 757, 822, 731, 824, 741, 843, 884, 765, 656, 732, 728, 711, 692, 926, 908, 683, 783, 824, 804, 723, 740, 1061, 1041, 693, 703, 842, 888, 789, 584, 971, 1105, 720, 653, 881, 955, 824, 711, 1021, 1102, 885, 627, 819, 968, 821, 851, 1036, 1026, 846, 723, 716, 979, 960, 943, 1174, 1195, 909, 789, 896, 1145, 1071, 972, 1048, 1020, 763, 712, 881, 1015, 1010, 851, 892, 880, 638, 698, 719, 894, 946, 927, 992, 893, 720, 723, 760, 795, 771, 924, 878, 839, 756, 843, 820, 810, 898, 762, 762, 837, 865, 765, 703, 846, 918, 680, 743, 770, 683, 706, 803, 815, 724, 622, 687, 856, 710, 483, 703, 716, 673, 657, 744, 776, 662, 664, 798, 795, 713, 714, 696, 593, 521, 658, 753, 738, 725, 537, 551, 601, 531, 500, 652, 669, 627, 566, 573, 574, 592, 582, 572, 606, 575, 663, 719, 722, 641, 686, 630, 657, 656, 602, 674, 624, 654, 626, 546, 621, 567, 819, 691, 651, 692, 601, 577, 656, 790, 719, 662, 604, 751, 712, 577, 764, 814, 1467, 803, 1217, 1628, 1128, 1128, 1660, 1534, 2132, 983, 1699, 2253, 1458, 1552, 2176, 2127, 1171, 827, 1092, 1257, 943, 936, 1192, 1251, 774, 659, 725, 782, 850, 844, 725, 821, 853, 668, 823, 793, 875, 786, 836, 999, 1007, 683, 933, 1073, 1019, 785, 1115, 1282, 1178, 895, 1234, 1304, 1028, 1124, 1569, 1463, 1285, 795, 1034, 1202, 965, 1092, 1500, 1532, 1101, 774, 802, 1001, 851, 911, 1151, 1202, 816, 867, 820, 748, 758, 929, 1009, 841, 732, 874, 814, 735, 738, 869, 884, 706, 761, 828, 811, 677, 604, 760, 945, 813, 802, 836, 661, 669, 724, 657, 675, 756, 754, 606, 663, 654, 789, 550, 750, 954, 760, 665, 738, 790, 821, 667, 876, 1011, 909, 807, 898, 894, 772, 662, 857, 970, 968, 997, 990, 812, 757, 843, 976, 1105, 789, 1012, 1034, 747, 766, 1116, 1544, 1354, 690, 967, 1037, 897, 794, 1258, 1792, 1483, 850, 1062, 1025, 926, 766, 1260, 1523, 1037, 866, 1102, 1062, 956, 673, 1060, 1257, 848, 884, 838, 884, 955, 742, 875, 933, 865, 1020, 788, 1136, 1094, 867, 959, 1049, 1091, 1239, 1237, 1376, 1307, 1006, 1051, 1260, 1270, 1475, 1259, 1355, 1515, 1177, 952, 1140, 1424, 1205, 852, 1101, 1316, 1023, 810, 1358, 1593, 778, 725, 926, 946, 717, 751, 1087, 1109, 682, 754, 754, 779, 705, 686, 753, 636, 589, 782, 828, 700, 564, 757, 823, 641, 623, 713, 813, 667, 596, 768, 720, 636, 623, 582, 645, 509, 528, 629, 571, 630, 620, 586, 591, 546, 574, 588, 585, 648, 709, 652, 693, 722, 632, 596, 590, 676, 629, 533, 609, 673, 522, 508, 554, 608, 539, 620, 670, 624, 493, 598, 673, 564, 540, 596, 544, 508, 477, 537, 570, 580, 503, 548, 491, 469, 506, 505, 490, 514, 453, 537, 503, 438, 471, 416, 475, 496, 447, 433, 510, 459, 450, 474, 517, 524, 463, 535, 466, 432, 438, 565, 528, 473, 502, 564, 505, 477, 509, 530, 493, 459]"
-0.7722249627113342,0.2892270088195801,-1.0913302898406982,-0.16107040643692017,0.0,0.0,0.0,0.11361897736787796,1.3469696044921875,17.0,0.11361897736787796,1.3649940490722656,17.5,0.6327515915036201,0.2806663513183594,17.75,0.900972492992878,0.19240379333496094,15.75,2.067840702831745,0.19326210021972656,15.75,"[547, 622, 711, 564, 536, 562, 711, 622, 512, 536, 573, 574, 589, 604, 616, 601, 567, 604, 566, 534, 467, 542, 598, 531, 580, 558, 520, 564, 558, 555, 503, 532, 571, 638, 594, 456, 521, 596, 515, 484, 603, 624, 537, 467, 544, 581, 627, 600, 560, 528, 487, 523, 485, 516, 616, 557, 526, 534, 509, 513, 505, 530, 531, 496, 528, 470, 464, 528, 454, 471, 542, 533, 563, 525, 461, 524, 468, 426, 614, 605, 534, 438, 469, 651, 553, 498, 625, 594, 520, 564, 444, 565, 524, 527, 677, 483, 505, 579, 562, 484, 460, 527, 578, 520, 515, 575, 569, 509, 423, 518, 583, 524, 599, 621, 503, 557, 558, 566, 552, 568, 601, 499, 489, 530, 493, 467, 566, 647, 578, 530, 543, 530, 553, 528, 492, 536, 556, 493, 577, 626, 574, 500, 522, 587, 728, 666, 789, 717, 603, 735, 1065, 1087, 1217, 1374, 1935, 1544, 966, 1562, 3044, 2921, 1628, 2148, 2660, 2292, 1460, 2183, 4602, 4327, 2293, 1746, 2406, 2338, 1663, 2115, 4774, 4911, 2210, 1716, 2815, 1917, 1222, 2164, 5006, 5160, 1745, 1307, 1843, 1219, 919, 1801, 3834, 3869, 1343, 1213, 1391, 1257, 863, 1715, 3393, 3182, 809, 1189, 1352, 984, 724, 1263, 2558, 2346, 1122, 2238, 3033, 1751, 985, 1694, 3813, 3703, 3006, 7191, 9574, 4762, 1654, 6069, 13229, 12363, 4037, 10412, 12832, 5836, 2208, 9775, 19927, 17801, 2624, 6623, 7681, 3668, 1585, 6939, 13384, 11519, 1189, 1690, 1793, 1466, 861, 2294, 4104, 3471, 675, 636, 749, 738, 667, 764, 874, 854, 527, 541, 645, 509, 521, 645, 666, 678, 467, 515, 605, 613, 624, 628, 604, 552, 550, 628, 679, 599, 578, 538, 634, 613, 1116, 2221, 2304, 1119, 958, 1442, 1070, 722, 1783, 4140, 4249, 1740, 1713, 2757, 2044, 1173, 2753, 4991, 4770, 2097, 1894, 3541, 3217, 2046, 5566, 8918, 7395, 2716, 2350, 5154, 5261, 2626, 4283, 7105, 6210, 2543, 2206, 3640, 3932, 2749, 3790, 7091, 6052, 1990, 2185, 2374, 3588, 2239, 4107, 7542, 6241, 2016, 1958, 2868, 4455, 2364, 2571, 4294, 3631, 1492, 1298, 1945, 2688, 1704, 1559, 2910, 2731, 1208, 1070, 1629, 2061, 1424, 951, 1482, 1383, 877, 927, 1073, 1128, 957, 900, 1206, 1279, 953, 765, 993, 1155, 993, 809, 1105, 1256, 904, 656, 932, 1129, 1006, 736, 808, 929, 750, 685, 800, 893, 883, 650, 777, 930, 822, 707, 678, 763, 687, 693, 917, 1048, 942, 785, 750, 764, 692, 792, 916, 865, 767, 776, 716, 623, 594, 629, 769, 762, 678, 712, 799, 741, 608, 690, 889, 1067, 744, 706, 989, 1061, 876, 1284, 1794, 2071, 1517, 1146, 1383, 1452, 1512, 1970, 2572, 2413, 1744, 1556, 1849, 2061, 1567, 6028, 6250, 4360, 3853, 3889, 5830, 4482, 2849, 9584, 9670, 8123, 6524, 6002, 9465, 6512, 4579, 6966, 7720, 6970, 5145, 4407, 7089, 4629, 3156, 2772, 3474, 3148, 2206, 1917, 2855, 1971, 1199, 1247, 1586, 1366, 1131, 908, 1414, 1496, 851, 981, 1460, 1269, 842, 750, 882, 1185, 971, 1037, 1868, 1850, 1042, 816, 1124, 1573, 1228, 974, 1726, 1642, 877, 733, 1105, 1501, 1148, 856, 1120, 1030, 758, 747, 1001, 1045, 816, 706, 784, 765, 718, 784, 889, 912, 841, 749, 822, 751, 667, 741, 937, 1036, 888, 853, 918, 749, 682, 597, 820, 1044, 862, 851, 1140, 984, 753, 693, 846, 1045, 864, 727, 864, 823, 725, 709, 832, 965, 812, 677, 865, 978, 858, 729, 754, 810, 853, 627, 965, 1158, 908, 697, 692, 807, 840, 733, 1075, 1102, 805, 737, 718, 901, 859, 1284, 1596, 1464, 992, 1096, 1094, 1519, 1439, 1672, 1488, 1378, 1249, 1300, 1078, 1667, 1896, 1226, 1199, 1184, 1038, 983, 858, 1187, 1332, 1332, 1420, 1372, 1377, 1157, 1032, 1497, 1715, 1266, 1197, 1123, 1086, 1025, 918, 1470, 1596, 749, 918, 869, 683, 673, 791, 1040, 943, 917, 914, 833, 749, 733, 808, 779, 859, 766, 843, 939, 828, 762, 877, 1127, 988, 821, 755, 965, 929, 780, 772, 1041, 1104, 892, 764, 833, 919, 923, 740, 861, 1007, 873, 808, 760, 847, 762, 599, 638, 815, 732, 749, 763, 782, 722, 658, 704, 812, 555, 652, 734, 682, 646, 689, 671, 725, 757, 649, 759, 747, 747, 661, 654, 907, 1167, 777, 1159, 1337, 967, 836, 1270, 1458, 1657, 759, 1551, 2126, 1481, 843, 1867, 2289, 1540, 813, 1666, 2209, 1547, 799, 1582, 1916, 1231, 785, 1256, 1728, 1309, 762, 1217, 1375, 816, 832, 802, 826, 776, 677, 789, 827, 818, 675, 831, 782, 651, 607, 770, 954, 779, 569, 702, 709, 589, 510, 874, 987, 648, 681, 775, 694, 568, 633, 772, 795, 777, 794, 878, 862, 745, 754, 812, 763, 919, 749, 843, 894, 804, 825, 837, 961, 812, 780, 782, 812, 768, 799, 886, 864, 767, 678, 664, 709, 665, 612, 804, 953, 839, 669, 711, 743, 640, 631, 913, 981, 813, 810, 792, 646, 616, 665, 866, 913, 759, 864, 824, 608, 824, 780, 775, 824, 915, 877, 796, 655, 794, 817, 758, 908, 789, 854, 1094, 972, 683, 825, 1121, 1101, 1223, 893, 1960, 2044, 1087, 986, 2152, 2275, 1798, 984, 1998, 2308, 1454, 1050, 2358, 2720, 1767, 1209, 2059, 2093, 1340, 1231, 2952, 3096, 2330, 1107, 2048, 2356, 1814, 1080, 3815, 4365, 2890, 857, 1741, 2567, 2269, 801, 3517, 4592, 3097, 1018, 1607, 2700, 2538, 1154, 2986, 4281, 2217, 900, 1272, 2100, 1899, 1045, 2170, 3002, 1194, 868, 1111, 1411, 1158, 877, 1708, 1814, 977, 900, 976, 894, 971, 854, 1426, 1525, 656, 824, 880, 744, 701, 672, 1102, 1057, 744, 765, 940, 950, 746, 549, 976, 1023, 798, 622, 807, 883, 749, 670, 825, 995, 779, 653, 629, 697, 611, 643, 609, 729, 704, 640, 556, 600, 713, 721, 536, 591, 761, 748, 612, 754, 921, 731, 618, 739, 813, 675, 619, 687, 821, 761, 722, 801, 896, 749, 651, 624, 786, 805, 675, 854, 773, 607, 630, 639, 669, 581, 574, 802, 572, 524, 537, 564, 541, 498, 611, 659, 508, 590, 567, 514, 437, 464, 550, 495, 445, 476, 531, 497, 470, 566, 586, 519, 508, 539, 625, 616, 496, 517, 642, 605, 478, 590, 730, 660, 491, 529, 647, 660, 504, 518, 528, 560, 466, 453, 546, 519, 451, 462, 492, 431, 368, 452, 451, 480]"
-0.7883319854736328,0.2892270088195801,-1.0913302898406982,-0.16107040643692017,0.0,0.0,0.0,0.7408832609653473,0.318145751953125,24.75,0.7745002806186676,0.22687911987304688,-27.25,0.7863735258579254,0.2250194549560547,-29.25,1.0879253447055817,0.6641864776611328,17.0,1.6794418394565582,2.2623538970947266,15.25,"[626, 560, 535, 555, 557, 552, 536, 562, 626, 603, 558, 594, 575, 578, 562, 499, 567, 656, 496, 546, 585, 649, 612, 514, 514, 548, 568, 500, 460, 509, 516, 492, 479, 528, 574, 536, 461, 461, 488, 479, 498, 500, 530, 477, 442, 517, 406, 465, 516, 406, 612, 651, 527, 428, 511, 603, 560, 505, 525, 537, 488, 436, 568, 614, 438, 564, 659, 563, 432, 536, 633, 544, 513, 516, 551, 541, 482, 487, 564, 560, 566, 653, 578, 586, 517, 529, 543, 489, 514, 553, 517, 559, 520, 568, 543, 472, 515, 516, 575, 578, 602, 569, 509, 521, 524, 574, 496, 511, 633, 621, 566, 526, 423, 504, 458, 444, 593, 569, 486, 449, 541, 511, 475, 566, 588, 518, 506, 540, 590, 514, 559, 608, 604, 557, 517, 603, 651, 571, 497, 606, 583, 528, 575, 591, 733, 614, 571, 563, 574, 507, 634, 755, 935, 869, 987, 890, 743, 889, 1500, 1495, 3505, 3706, 5196, 3696, 2430, 4089, 9312, 9101, 11528, 9547, 15482, 11056, 7768, 10417, 27397, 28241, 16074, 9965, 18808, 13520, 10669, 10640, 32680, 35797, 9607, 5200, 10466, 8063, 6503, 5208, 17336, 19806, 3557, 3312, 5112, 4100, 2765, 2893, 6888, 7334, 1289, 1865, 2241, 1669, 1118, 1830, 3012, 2591, 888, 898, 994, 1031, 820, 1228, 1880, 1615, 2397, 2348, 3916, 3110, 1688, 2390, 5648, 5755, 4563, 6818, 10427, 7751, 3042, 7238, 15661, 14803, 3565, 7653, 10643, 7823, 2487, 8670, 16835, 14772, 1280, 3632, 4420, 3207, 1089, 4624, 7719, 6153, 684, 1326, 1657, 1249, 909, 1382, 1735, 1394, 713, 1386, 1867, 1300, 739, 920, 1445, 1471, 660, 994, 1217, 865, 624, 920, 1346, 1265, 518, 808, 911, 702, 535, 725, 1080, 937, 741, 1127, 1052, 770, 717, 842, 958, 654, 2086, 2793, 2160, 1014, 1070, 1589, 1996, 1582, 3562, 6173, 6207, 2884, 1882, 3872, 5215, 4360, 4235, 9770, 10718, 5400, 2161, 5643, 8278, 7039, 4901, 10471, 10416, 4963, 1688, 5772, 9231, 6348, 4412, 9301, 8895, 3700, 1836, 4843, 7756, 5171, 3283, 8423, 7864, 2871, 1834, 3558, 6214, 4021, 2862, 6245, 5567, 2060, 1591, 2737, 4450, 2809, 1767, 3231, 2836, 1188, 1145, 1567, 2233, 1470, 1105, 1931, 1870, 996, 821, 1053, 1405, 1191, 663, 1219, 1267, 782, 669, 883, 1144, 970, 859, 1191, 1283, 1005, 724, 891, 1145, 1009, 836, 1101, 1137, 858, 603, 739, 888, 924, 727, 817, 870, 674, 557, 704, 627, 658, 698, 817, 1013, 815, 643, 708, 792, 847, 731, 856, 1006, 861, 709, 617, 827, 977, 804, 1017, 1072, 846, 746, 973, 1002, 856, 1427, 2188, 1806, 949, 726, 1397, 1791, 1135, 2284, 3361, 2471, 1415, 1186, 2040, 2760, 1629, 2228, 3060, 2318, 1345, 1412, 2029, 2232, 1390, 2277, 2754, 2272, 1576, 1963, 1714, 1607, 1562, 5631, 5000, 3617, 3956, 3987, 3998, 3864, 4138, 10004, 9265, 7909, 7167, 5569, 7601, 6539, 6644, 8174, 8316, 7181, 5531, 3914, 6957, 5621, 4736, 3121, 3148, 3371, 2679, 1500, 3559, 2988, 1890, 1045, 1175, 1629, 1315, 730, 1321, 1219, 1027, 755, 1078, 1391, 1033, 693, 848, 1032, 1002, 704, 832, 1210, 1177, 885, 927, 1145, 966, 1001, 1284, 1302, 1037, 1000, 1189, 1384, 1226, 1478, 1616, 1433, 1016, 950, 1379, 1384, 1254, 1364, 1689, 1448, 956, 907, 1380, 1452, 1049, 936, 1334, 1154, 889, 703, 1029, 1207, 889, 786, 888, 923, 799, 719, 848, 888, 766, 732, 846, 899, 793, 659, 820, 832, 676, 704, 880, 856, 659, 706, 714, 776, 703, 748, 879, 904, 681, 670, 819, 886, 756, 719, 936, 1077, 912, 720, 814, 1059, 995, 850, 967, 1126, 1075, 757, 848, 1042, 995, 739, 824, 900, 897, 737, 747, 885, 820, 969, 739, 979, 1125, 972, 781, 882, 1032, 1058, 1056, 1161, 1128, 834, 794, 911, 903, 1008, 1219, 1094, 822, 662, 762, 809, 863, 876, 1019, 1035, 856, 810, 912, 903, 916, 757, 864, 873, 912, 801, 848, 903, 851, 806, 801, 812, 802, 662, 726, 786, 749, 696, 741, 977, 858, 658, 709, 1047, 1027, 840, 981, 1009, 863, 772, 839, 982, 971, 659, 697, 717, 653, 615, 628, 817, 807, 678, 669, 706, 647, 563, 619, 750, 802, 753, 875, 699, 608, 604, 765, 784, 695, 797, 881, 935, 872, 725, 1010, 1243, 1019, 1339, 1029, 1576, 2211, 1491, 1252, 2283, 2103, 2426, 1432, 2128, 3177, 2180, 1616, 3000, 3069, 1999, 950, 1746, 2334, 1547, 1217, 2022, 2286, 1105, 801, 1118, 1316, 988, 748, 923, 1133, 981, 688, 840, 959, 813, 760, 727, 883, 1052, 736, 776, 1079, 914, 978, 954, 939, 767, 742, 703, 803, 757, 764, 977, 886, 1131, 808, 1123, 1423, 1156, 707, 1409, 1606, 1284, 902, 1428, 1881, 1359, 895, 1971, 2094, 1116, 908, 1330, 1597, 1081, 817, 1775, 1830, 841, 853, 1010, 956, 677, 749, 1072, 1098, 703, 782, 1025, 908, 686, 800, 977, 922, 777, 631, 708, 749, 722, 814, 875, 803, 620, 620, 645, 650, 668, 689, 661, 661, 640, 985, 967, 629, 640, 800, 878, 699, 987, 1786, 1529, 688, 784, 1040, 1303, 786, 955, 1526, 1439, 898, 753, 949, 1385, 1067, 835, 1150, 1188, 1083, 755, 910, 1714, 1599, 1337, 1177, 1400, 1404, 1119, 926, 2090, 2315, 1642, 856, 1558, 1686, 1571, 809, 2012, 2673, 1488, 757, 1142, 1450, 1477, 834, 1398, 2045, 1993, 1101, 1445, 1653, 1703, 1181, 1861, 2600, 2629, 1364, 1793, 2381, 2400, 1441, 2969, 3859, 2881, 1563, 1837, 2506, 2617, 1734, 3210, 4098, 2023, 1317, 1318, 1846, 2006, 1503, 2017, 2570, 871, 883, 962, 1086, 1103, 991, 801, 828, 856, 781, 702, 818, 858, 709, 711, 861, 903, 935, 787, 821, 777, 784, 906, 853, 729, 762, 744, 805, 684, 664, 907, 861, 709, 705, 864, 836, 607, 642, 807, 837, 651, 710, 807, 784, 714, 694, 639, 647, 816, 1014, 882, 855, 881, 823, 684, 683, 738, 927, 788, 693, 782, 750, 711, 705, 586, 716, 663, 575, 618, 564, 699, 659, 471, 538, 523, 534, 571, 444, 582, 595, 559, 527, 537, 577, 592, 530, 634, 689, 530, 525, 487, 463, 548, 471, 487, 541, 585, 597, 475, 452, 520, 498, 555, 543, 434, 461, 456, 436, 469, 423, 475, 479, 511, 498, 448, 414, 500, 507, 475, 461, 464, 495, 461, 377, 407, 465, 423, 468, 555, 480, 463, 499, 516, 547, 502, 531]"
-0.8044390082359314,0.2892270088195801,-1.0913302898406982,-0.16107040643692017,0.0,0.0,0.0,0.7960860133171082,0.42171478271484375,31.0,0.8371416926383972,0.43888092041015625,16.75,0.9447161555290222,0.3315925598144531,23.5,0.9558741450309753,0.29125213623046875,21.75,1.3735834956169128,0.35719871520996094,21.25,"[500, 593, 645, 636, 721, 633, 647, 591, 522, 596, 625, 654, 684, 631, 660, 576, 562, 538, 541, 534, 612, 660, 634, 609, 558, 554, 503, 443, 492, 489, 527, 578, 511, 453, 539, 550, 445, 432, 487, 557, 545, 512, 577, 615, 591, 508, 498, 483, 538, 565, 528, 525, 561, 546, 527, 557, 517, 521, 494, 513, 585, 576, 588, 529, 599, 624, 491, 456, 606, 562, 545, 575, 549, 550, 483, 523, 543, 513, 599, 598, 497, 505, 585, 598, 472, 491, 652, 638, 484, 474, 617, 576, 491, 547, 630, 605, 523, 557, 645, 564, 467, 539, 560, 562, 522, 556, 653, 583, 553, 549, 564, 546, 541, 555, 603, 575, 525, 528, 529, 497, 532, 492, 515, 533, 526, 536, 467, 455, 372, 511, 605, 584, 575, 558, 556, 518, 538, 568, 702, 674, 575, 526, 614, 677, 552, 468, 642, 664, 590, 570, 573, 616, 561, 514, 540, 568, 556, 591, 590, 533, 608, 559, 645, 614, 581, 516, 690, 752, 977, 1543, 1803, 2035, 1057, 1954, 3879, 3337, 8746, 4005, 7646, 10267, 7858, 5235, 18334, 19815, 15049, 2825, 8339, 13707, 13494, 3043, 20802, 26511, 5648, 7229, 6622, 6023, 6009, 6471, 8383, 8172, 7651, 7381, 12093, 7162, 4066, 7121, 18549, 19306, 4978, 3373, 6600, 4400, 2990, 3383, 10350, 11379, 1734, 1086, 1856, 1878, 1559, 1000, 3307, 3701, 1337, 1360, 1552, 1055, 1159, 1308, 2960, 3015, 2355, 2014, 3065, 2079, 1418, 1995, 4959, 5203, 3358, 1999, 4323, 2947, 1320, 1829, 5643, 6711, 2388, 1322, 2708, 1979, 1371, 1033, 3463, 4352, 1019, 866, 1278, 1229, 971, 677, 1526, 1786, 770, 873, 1274, 1072, 729, 900, 1301, 1309, 1523, 2379, 2041, 977, 850, 1419, 2095, 1581, 5044, 9169, 7139, 2122, 1822, 5183, 7327, 4236, 7779, 14252, 11208, 3387, 2689, 8077, 11479, 6592, 6643, 10269, 7558, 2155, 2401, 5383, 6903, 3813, 5693, 12967, 11979, 4816, 2514, 5979, 9301, 5554, 4889, 13962, 14049, 6295, 2294, 7056, 11801, 8342, 2177, 5308, 5607, 2851, 1124, 3163, 5242, 4111, 4438, 9407, 8606, 3395, 1915, 5224, 7781, 5106, 4480, 8880, 7929, 3120, 1856, 4805, 7205, 4799, 2730, 4840, 4037, 1612, 1397, 2718, 3813, 2423, 1471, 2228, 1931, 1008, 948, 1345, 1638, 1247, 1071, 1464, 1587, 1039, 766, 1047, 1401, 1428, 838, 1251, 1577, 1051, 659, 997, 1490, 1370, 716, 1239, 1368, 894, 728, 955, 1181, 1018, 792, 1128, 1010, 698, 595, 769, 907, 672, 626, 714, 683, 637, 530, 582, 648, 556, 582, 718, 732, 712, 586, 678, 787, 641, 738, 966, 895, 686, 592, 809, 918, 746, 962, 1118, 939, 769, 852, 868, 924, 804, 891, 1145, 1063, 758, 836, 992, 1040, 801, 863, 1344, 1372, 911, 906, 1168, 1341, 1014, 1285, 1937, 1567, 784, 893, 1209, 1206, 885, 1859, 2541, 2191, 1112, 1119, 1510, 1753, 1592, 2938, 3933, 3666, 2438, 1624, 1676, 2471, 2217, 5929, 6722, 5546, 5004, 3524, 3313, 3645, 3720, 6113, 6274, 5780, 5505, 4238, 4077, 3588, 4179, 3885, 3685, 3265, 2953, 2522, 2318, 1825, 2769, 1851, 1732, 1603, 1350, 1096, 1296, 1113, 1394, 1022, 1081, 908, 715, 744, 1008, 1008, 923, 736, 896, 1008, 808, 701, 878, 1037, 990, 795, 950, 918, 781, 604, 800, 1073, 858, 895, 770, 779, 801, 620, 680, 992, 979, 841, 864, 816, 769, 635, 700, 747, 769, 883, 971, 845, 755, 694, 785, 840, 715, 845, 828, 882, 854, 773, 828, 1088, 1083, 930, 886, 1020, 859, 769, 861, 1164, 1243, 823, 825, 837, 687, 707, 788, 943, 1039, 800, 925, 822, 680, 656, 815, 963, 866, 711, 826, 851, 765, 612, 720, 918, 868, 876, 959, 862, 738, 697, 696, 1000, 1012, 826, 870, 821, 696, 653, 745, 916, 988, 727, 825, 836, 701, 597, 712, 798, 779, 722, 846, 843, 769, 637, 645, 746, 705, 664, 868, 850, 722, 586, 720, 833, 663, 762, 1040, 966, 730, 695, 854, 957, 756, 829, 1025, 974, 698, 599, 765, 945, 792, 825, 1190, 1069, 694, 603, 777, 957, 861, 925, 1175, 1041, 779, 817, 853, 899, 960, 748, 1057, 1069, 783, 718, 758, 1032, 917, 662, 888, 830, 711, 653, 742, 914, 855, 662, 657, 663, 663, 575, 660, 735, 731, 830, 736, 706, 782, 781, 742, 842, 978, 881, 872, 793, 728, 834, 769, 964, 1012, 1024, 820, 763, 880, 902, 693, 909, 1085, 857, 634, 678, 823, 818, 642, 744, 911, 672, 637, 644, 567, 569, 606, 658, 691, 684, 727, 719, 628, 596, 737, 794, 741, 685, 717, 753, 726, 670, 675, 739, 658, 485, 619, 764, 706, 546, 578, 727, 594, 559, 684, 750, 701, 596, 711, 795, 660, 725, 790, 736, 690, 750, 746, 788, 743, 764, 936, 846, 757, 755, 779, 837, 768, 738, 872, 899, 764, 701, 710, 849, 820, 724, 765, 819, 703, 575, 595, 708, 795, 629, 604, 669, 759, 621, 503, 679, 654, 592, 530, 592, 722, 672, 542, 600, 687, 653, 617, 693, 656, 716, 667, 603, 729, 643, 662, 657, 656, 756, 696, 603, 689, 611, 756, 769, 609, 662, 705, 727, 715, 682, 795, 872, 796, 686, 720, 905, 886, 871, 899, 909, 884, 695, 745, 1013, 1083, 753, 816, 817, 750, 647, 590, 793, 892, 527, 588, 760, 766, 654, 592, 728, 764, 587, 588, 729, 713, 617, 602, 670, 668, 686, 739, 678, 600, 677, 660, 622, 734, 660, 735, 642, 594, 707, 670, 808, 790, 767, 803, 814, 746, 691, 744, 997, 994, 773, 827, 776, 624, 637, 713, 779, 719, 783, 1099, 1075, 742, 633, 908, 1167, 927, 837, 1163, 1093, 731, 590, 897, 1194, 978, 564, 821, 869, 723, 563, 720, 908, 776, 553, 593, 710, 670, 605, 609, 702, 721, 652, 636, 561, 648, 632, 609, 671, 659, 638, 577, 518, 582, 593, 579, 598, 642, 558, 521, 553, 637, 575, 480, 602, 626, 569, 546, 580, 623, 552, 522, 521, 580, 615, 526, 502, 542, 517, 516, 532, 591, 615, 500, 504, 515, 479, 551, 591, 629, 581, 538, 586, 550, 485, 481, 541, 613, 470, 474, 467, 500, 501, 456, 524, 528, 407, 461, 452, 416, 411, 532, 567, 474, 476, 507, 467, 433, 486, 543, 532, 514, 426, 374, 407, 447, 385, 389, 391, 402, 405, 423, 485, 504, 418, 350, 480, 509]"
0.8278836011886597,-0.2057616412639618,-0.004678741097450256,-0.09885526448488235,-0.6674365401268005,-0.6728725433349609,-0.4504903256893158,-1.2825021743774414,1.3824462890625,16.25,-1.2825021743774414,1.61590576171875,20.5,-0.05841350555419922,0.7447242736816406,22.5,0.05030536651611328,0.9139537811279297,19.0,0.07548236846923828,0.8391380310058594,21.5,"[541, 615, 680, 614, 606, 615, 681, 611, 528, 464, 601, 657, 584, 533, 594, 647, 509, 546, 616, 523, 475, 508, 578, 630, 526, 516, 476, 473, 449, 468, 533, 594, 498, 484, 398, 409, 553, 516, 474, 512, 607, 556, 512, 574, 582, 562, 560, 623, 585, 561, 541, 532, 456, 494, 501, 542, 510, 539, 532, 534, 488, 484, 517, 480, 444, 398, 431, 496, 511, 443, 482, 489, 451, 500, 499, 517, 528, 446, 408, 438, 507, 644, 573, 504, 543, 511, 387, 475, 484, 573, 611, 557, 547, 541, 516, 525, 523, 545, 582, 544, 445, 592, 645, 558, 476, 557, 591, 516, 416, 558, 644, 592, 505, 501, 507, 543, 461, 487, 597, 566, 617, 602, 589, 587, 551, 595, 599, 566, 485, 524, 566, 466, 538, 582, 493, 504, 595, 596, 587, 486, 572, 629, 539, 520, 600, 510, 536, 590, 561, 491, 401, 574, 549, 581, 590, 507, 554, 511, 487, 578, 555, 579, 589, 604, 598, 631, 636, 574, 547, 537, 610, 615, 542, 530, 632, 579, 556, 588, 572, 604, 615, 562, 547, 519, 517, 582, 601, 597, 609, 602, 612, 594, 775, 1155, 1018, 713, 693, 807, 797, 634, 1152, 1652, 1208, 735, 929, 1227, 1167, 682, 904, 1162, 960, 702, 793, 969, 975, 761, 628, 667, 772, 776, 645, 617, 729, 767, 541, 484, 633, 633, 575, 512, 572, 632, 507, 485, 500, 519, 522, 518, 517, 469, 634, 726, 594, 494, 492, 594, 630, 506, 767, 893, 700, 535, 570, 707, 737, 659, 667, 687, 587, 499, 557, 626, 682, 637, 649, 525, 497, 482, 537, 498, 528, 638, 612, 542, 494, 494, 599, 513, 528, 678, 574, 564, 528, 535, 568, 543, 501, 541, 536, 519, 536, 592, 550, 548, 531, 483, 520, 499, 503, 519, 600, 628, 518, 466, 543, 502, 560, 586, 554, 486, 509, 527, 490, 525, 650, 647, 481, 507, 588, 562, 573, 594, 568, 686, 717, 556, 542, 572, 593, 647, 614, 584, 672, 564, 599, 643, 611, 638, 674, 627, 601, 546, 575, 692, 571, 603, 689, 655, 634, 589, 549, 620, 488, 490, 545, 607, 654, 547, 601, 607, 562, 585, 568, 599, 697, 631, 525, 591, 514, 553, 580, 693, 675, 547, 639, 634, 507, 521, 544, 603, 656, 664, 688, 584, 622, 631, 690, 658, 582, 766, 1051, 932, 1909, 1056, 1819, 2360, 1700, 1135, 3476, 3797, 3483, 938, 2720, 3957, 3061, 1088, 5327, 6359, 2438, 948, 2069, 2677, 2107, 882, 2436, 3428, 3157, 2190, 3869, 3925, 2459, 2528, 6823, 7091, 6056, 2666, 5859, 6064, 4491, 3169, 10511, 11940, 5420, 2303, 5305, 5075, 3654, 2828, 9119, 10514, 2986, 2232, 3693, 2473, 1908, 2489, 6772, 7188, 2186, 3336, 4633, 2307, 1381, 2888, 7084, 6990, 1646, 2549, 3469, 2057, 1327, 2082, 5313, 5228, 1118, 1357, 1936, 1492, 882, 1217, 2782, 2796, 866, 980, 1424, 1166, 746, 781, 1308, 1533, 641, 904, 1107, 766, 548, 650, 1150, 1156, 563, 624, 636, 668, 656, 578, 705, 725, 536, 598, 603, 577, 580, 580, 552, 536, 578, 794, 761, 569, 560, 680, 765, 639, 535, 693, 607, 530, 551, 571, 596, 539, 544, 598, 500, 521, 616, 571, 534, 499, 572, 505, 558, 563, 533, 536, 589, 639, 559, 531, 446, 496, 533, 531, 538, 530, 558, 646, 627, 559, 517, 607, 549, 510, 681, 685, 685, 707, 665, 579, 684, 725, 752, 778, 805, 707, 702, 684, 767, 841, 723, 716, 847, 752, 799, 810, 835, 947, 963, 1919, 1880, 1294, 905, 1268, 1726, 1173, 1735, 3056, 2737, 2158, 1132, 2039, 2913, 1692, 1794, 2896, 2502, 1508, 921, 2340, 2795, 1520, 1571, 2127, 1566, 789, 1357, 1859, 1671, 1063, 1354, 1399, 1274, 1486, 1520, 1294, 1100, 1024, 1005, 882, 1059, 1193, 907, 770, 785, 813, 672, 639, 737, 791, 659, 720, 733, 640, 570, 635, 701, 761, 770, 707, 585, 582, 632, 604, 603, 599, 665, 608, 544, 674, 720, 644, 564, 529, 528, 533, 610, 703, 623, 630, 630, 578, 489, 571, 652, 657, 522, 546, 628, 640, 586, 601, 643, 627, 540, 539, 529, 553, 574, 664, 670, 599, 545, 582, 608, 559, 607, 688, 641, 557, 662, 793, 811, 699, 668, 624, 619, 617, 618, 688, 763, 592, 598, 584, 599, 582, 569, 573, 527, 509, 553, 568, 552, 514, 583, 461, 536, 524, 551, 573, 507, 575, 502, 519, 633, 560, 556, 654, 592, 543, 538, 517, 592, 534, 591, 625, 574, 577, 657, 525, 490, 504, 535, 541, 505, 603, 649, 602, 511, 552, 569, 621, 586, 628, 539, 606, 561, 544, 554, 630, 609, 435, 537, 625, 637, 577, 576, 556, 582, 618, 461, 526, 666, 590, 576, 553, 552, 571, 522, 507, 624, 538, 499, 616, 595, 568, 491, 567, 526, 451, 499, 584, 581, 476, 534, 611, 579, 542, 619, 579, 546, 536, 551, 585, 611, 642, 661, 571, 541, 600, 631, 595, 503, 586, 710, 647, 565, 604, 643, 539, 577, 667, 680, 618, 581, 597, 577, 550, 623, 627, 614, 673, 645, 600, 645, 605, 542, 659, 651, 552, 579, 624, 626, 659, 637, 628, 650, 613, 514, 562, 598, 572, 624, 630, 666, 616, 517, 599, 618, 532, 604, 626, 610, 476, 497, 618, 548, 558, 540, 488, 560, 512, 441, 553, 566, 612, 642, 549, 522, 563, 507, 550, 537, 521, 605, 675, 563, 551, 635, 643, 556, 570, 547, 545, 524, 568, 619, 575, 613, 609, 581, 561, 562, 562, 553, 534, 750, 596, 689, 707, 625, 605, 560, 720, 840, 583, 680, 695, 729, 726, 654, 953, 741, 676, 889, 773, 631, 604, 828, 1064, 658, 533, 754, 774, 619, 567, 630, 767, 597, 527, 554, 529, 574, 609, 507, 502, 501, 489, 525, 512, 540, 496, 462, 530, 563, 550, 486, 457, 562, 543, 467, 513, 465, 485, 431, 411, 455, 483, 423, 402, 484, 438, 431, 483, 466, 438, 436, 441, 501, 511, 512, 487, 459, 452, 498, 470, 452, 434, 412, 493, 493, 464, 402, 449, 376, 395, 437, 364, 412, 418, 437, 400, 371, 447, 437, 394, 385, 478, 538, 409, 434, 462, 451, 357, 399, 480, 477, 424, 437, 454, 426, 485, 473, 470, 461, 419]"
0.7007852792739868,-0.2219778299331665,-0.03518611192703247,-0.427466481924057,-0.6399988532066345,-0.6634337902069092,-0.8223057389259338,-1.2998656034469604,1.378011703491211,20.75,-1.2998656034469604,1.5807151794433594,26.75,-0.46444690227508545,1.048421859741211,23.75,-0.2987936735153198,1.1727333068847656,16.5,0.7358952760696411,1.6701221466064453,15.25,"[669, 705, 725, 701, 693, 702, 726, 707, 617, 724, 732, 673, 683, 786, 823, 660, 494, 568, 604, 548, 574, 666, 655, 539, 494, 549, 550, 487, 492, 517, 513, 443, 528, 530, 484, 487, 517, 518, 465, 470, 555, 574, 477, 461, 506, 563, 540, 490, 596, 557, 503, 452, 494, 515, 502, 491, 543, 544, 518, 646, 584, 624, 572, 531, 460, 514, 488, 499, 448, 544, 563, 485, 529, 585, 465, 440, 456, 478, 539, 456, 499, 477, 496, 524, 425, 444, 614, 594, 506, 571, 547, 584, 566, 573, 585, 535, 517, 532, 517, 592, 558, 504, 595, 528, 555, 536, 549, 583, 565, 552, 542, 514, 619, 553, 574, 582, 574, 550, 572, 536, 610, 631, 565, 525, 558, 602, 576, 551, 581, 591, 538, 445, 510, 567, 549, 562, 649, 654, 585, 562, 583, 553, 516, 614, 557, 489, 491, 555, 646, 561, 465, 563, 662, 573, 493, 621, 572, 481, 529, 643, 572, 588, 612, 613, 556, 544, 556, 557, 612, 593, 673, 620, 517, 541, 523, 592, 648, 598, 569, 497, 560, 618, 586, 598, 577, 562, 580, 517, 480, 563, 522, 522, 612, 701, 668, 523, 519, 637, 634, 484, 699, 773, 628, 458, 561, 721, 643, 500, 629, 706, 707, 654, 601, 608, 659, 631, 555, 576, 538, 521, 622, 639, 578, 531, 587, 586, 460, 383, 565, 616, 502, 507, 721, 661, 505, 503, 610, 581, 493, 580, 902, 1059, 810, 589, 649, 819, 760, 649, 724, 990, 797, 475, 591, 827, 877, 551, 555, 627, 554, 434, 495, 578, 682, 574, 451, 578, 622, 502, 522, 563, 594, 553, 557, 541, 547, 556, 589, 567, 494, 572, 596, 570, 545, 561, 608, 575, 594, 660, 447, 563, 509, 519, 551, 552, 609, 596, 532, 608, 580, 641, 617, 604, 622, 575, 524, 489, 457, 525, 542, 598, 593, 465, 700, 562, 559, 535, 569, 618, 547, 637, 530, 537, 554, 546, 553, 583, 571, 570, 553, 637, 606, 602, 544, 636, 663, 560, 546, 569, 518, 531, 551, 584, 584, 564, 617, 587, 502, 541, 600, 488, 500, 615, 566, 592, 626, 643, 634, 536, 533, 604, 522, 615, 569, 604, 649, 605, 526, 532, 608, 479, 652, 698, 588, 586, 740, 754, 669, 598, 601, 682, 616, 589, 714, 770, 1222, 707, 1127, 1339, 1017, 810, 1772, 1943, 3393, 979, 2819, 3845, 2903, 1321, 5396, 6326, 4483, 1522, 4047, 4972, 3763, 1843, 7466, 8680, 5680, 3399, 7023, 7088, 4443, 4081, 12208, 13005, 7863, 5861, 11574, 11095, 6239, 6786, 18509, 19130, 5395, 6581, 10931, 10121, 4934, 7204, 16217, 15405, 4276, 4055, 5510, 5804, 3693, 4628, 9091, 8800, 3230, 2373, 3333, 1918, 2082, 2013, 5917, 6750, 2346, 4063, 6368, 4330, 1604, 2842, 7176, 7349, 2108, 3143, 5646, 4218, 1272, 1958, 4945, 5510, 2245, 3075, 5545, 4158, 1327, 2204, 5284, 5735, 1911, 3456, 5537, 3656, 991, 2220, 5522, 5791, 859, 2422, 3259, 1936, 563, 1459, 3144, 3005, 697, 1353, 1521, 976, 477, 862, 1469, 1257, 595, 750, 863, 773, 641, 672, 896, 859, 702, 941, 955, 792, 705, 754, 858, 745, 563, 919, 1037, 841, 645, 623, 806, 729, 535, 678, 863, 750, 630, 561, 687, 687, 619, 625, 802, 797, 559, 527, 664, 626, 621, 583, 916, 1044, 747, 651, 889, 715, 643, 567, 998, 1200, 840, 608, 962, 921, 677, 739, 785, 836, 764, 624, 852, 796, 610, 635, 777, 744, 642, 702, 887, 799, 698, 962, 1167, 903, 718, 860, 905, 868, 729, 1927, 2934, 2117, 710, 1613, 1550, 1327, 1064, 2284, 3468, 2550, 851, 2144, 2044, 1427, 1420, 1990, 1758, 976, 1613, 1971, 1510, 1103, 2432, 3119, 3097, 3017, 2942, 2267, 1804, 2086, 2418, 3094, 3779, 3989, 3174, 1976, 2190, 2121, 1815, 1697, 2983, 3521, 2491, 1047, 1251, 2097, 1493, 857, 1352, 1719, 1303, 963, 666, 1399, 845, 616, 775, 874, 730, 715, 626, 821, 655, 724, 804, 745, 682, 755, 690, 607, 575, 823, 976, 842, 711, 786, 887, 707, 819, 779, 843, 790, 637, 733, 745, 825, 835, 673, 587, 654, 703, 747, 623, 793, 671, 631, 716, 628, 578, 683, 685, 676, 548, 649, 790, 648, 536, 672, 701, 649, 611, 720, 745, 614, 625, 628, 615, 593, 563, 712, 696, 704, 711, 555, 662, 660, 546, 603, 572, 597, 647, 666, 718, 652, 732, 690, 521, 571, 648, 685, 716, 716, 694, 637, 532, 664, 685, 640, 628, 632, 603, 559, 649, 661, 669, 670, 576, 623, 534, 622, 745, 655, 663, 682, 596, 567, 586, 655, 637, 602, 579, 586, 589, 597, 606, 512, 603, 608, 627, 606, 641, 672, 463, 544, 673, 598, 547, 596, 654, 600, 548, 606, 622, 528, 569, 640, 579, 555, 557, 602, 535, 440, 516, 623, 587, 559, 575, 587, 542, 571, 585, 617, 692, 588, 622, 512, 546, 597, 528, 572, 664, 639, 601, 595, 563, 585, 565, 557, 582, 576, 599, 582, 583, 570, 575, 646, 616, 590, 591, 618, 610, 674, 644, 611, 664, 614, 733, 719, 659, 648, 795, 660, 628, 765, 656, 671, 612, 590, 666, 626, 565, 631, 575, 589, 620, 620, 628, 589, 570, 675, 499, 530, 609, 537, 605, 575, 519, 537, 554, 564, 598, 525, 587, 606, 575, 591, 522, 639, 582, 518, 659, 667, 575, 501, 590, 566, 566, 587, 611, 579, 636, 646, 557, 547, 688, 651, 596, 531, 675, 716, 530, 585, 612, 637, 616, 556, 622, 597, 544, 591, 556, 642, 630, 624, 600, 580, 695, 670, 710, 579, 548, 544, 624, 758, 635, 715, 718, 606, 519, 550, 583, 584, 572, 740, 869, 633, 565, 696, 820, 802, 513, 615, 664, 517, 577, 623, 727, 720, 575, 576, 590, 542, 666, 676, 575, 634, 491, 520, 580, 548, 490, 591, 607, 573, 522, 458, 516, 616, 535, 503, 580, 534, 476, 543, 507, 571, 560, 554, 578, 481, 469, 506, 527, 528, 495, 516, 539, 447, 403, 423, 403, 433, 482, 418, 507, 467, 461, 446, 428, 466, 497, 469, 469, 477, 428, 381, 335, 361, 474, 438, 347, 441, 449, 398, 364, 402, 438, 383, 408, 490, 487, 414, 336, 387, 371, 408, 426, 468, 446, 391, 368, 443, 454, 393, 394, 486]"
0.6532695889472961,-0.2501429319381714,-0.13876773416996002,-0.5096220374107361,-0.5900295972824097,-0.706020176410675,-0.8201643228530884,-0.3908728361129761,1.0738849639892578,26.75,-0.26756274700164795,0.9648799896240234,29.5,-0.18931376934051514,0.9409904479980469,19.5,-0.06342875957489014,0.7309913635253906,28.0,0.275030255317688,0.5075454711914062,23.25,"[617, 679, 564, 656, 806, 654, 564, 682, 649, 589, 536, 589, 689, 714, 637, 638, 483, 505, 530, 553, 506, 591, 558, 534, 567, 560, 555, 580, 594, 499, 484, 568, 536, 521, 514, 513, 539, 453, 512, 574, 428, 448, 556, 546, 405, 441, 461, 442, 521, 603, 556, 492, 534, 602, 539, 458, 555, 580, 582, 537, 597, 543, 532, 543, 488, 453, 447, 477, 465, 508, 568, 494, 536, 522, 450, 540, 538, 518, 553, 548, 524, 576, 640, 604, 543, 591, 650, 597, 575, 635, 622, 582, 598, 548, 533, 544, 514, 514, 557, 507, 430, 550, 611, 538, 564, 540, 537, 539, 504, 561, 560, 540, 668, 604, 506, 568, 644, 619, 563, 626, 603, 461, 485, 591, 652, 599, 573, 650, 519, 592, 569, 536, 612, 652, 550, 494, 589, 609, 688, 612, 625, 590, 605, 600, 546, 478, 544, 581, 551, 520, 479, 574, 537, 563, 584, 562, 599, 574, 511, 553, 591, 520, 541, 528, 498, 456, 506, 629, 544, 618, 538, 466, 508, 522, 560, 513, 533, 656, 649, 598, 599, 572, 554, 521, 613, 650, 610, 530, 626, 653, 569, 620, 614, 633, 596, 567, 648, 574, 544, 634, 802, 840, 655, 556, 696, 711, 639, 683, 653, 712, 667, 580, 591, 660, 618, 592, 535, 521, 521, 515, 503, 626, 620, 542, 576, 490, 433, 427, 479, 510, 508, 535, 681, 825, 662, 566, 659, 706, 686, 547, 760, 1018, 864, 603, 645, 791, 856, 591, 738, 897, 855, 661, 638, 726, 854, 684, 473, 516, 518, 555, 487, 560, 677, 586, 539, 571, 589, 584, 468, 479, 605, 561, 504, 462, 550, 579, 505, 488, 554, 598, 533, 494, 512, 579, 528, 507, 531, 600, 548, 522, 446, 527, 494, 448, 488, 510, 615, 605, 593, 605, 566, 615, 587, 565, 542, 667, 730, 564, 554, 625, 576, 583, 516, 657, 675, 598, 545, 686, 716, 580, 634, 718, 687, 617, 649, 725, 701, 640, 618, 651, 578, 524, 673, 689, 611, 581, 728, 602, 543, 576, 613, 562, 524, 630, 722, 716, 612, 645, 669, 595, 524, 559, 690, 624, 558, 640, 667, 564, 524, 545, 631, 600, 532, 650, 714, 597, 515, 607, 592, 624, 542, 641, 637, 599, 617, 625, 697, 569, 711, 751, 663, 651, 896, 924, 1015, 596, 930, 1122, 941, 698, 1318, 1511, 1310, 870, 1370, 1578, 1153, 969, 2129, 2284, 2411, 2012, 2925, 2500, 1867, 2339, 5449, 5518, 6591, 3591, 6477, 5165, 4509, 4078, 11655, 13102, 10130, 5627, 9904, 8199, 6889, 6186, 16916, 19301, 9966, 6488, 11387, 9749, 6942, 6610, 16651, 18754, 5751, 6518, 9477, 7254, 4232, 6054, 11696, 11613, 3188, 6959, 8777, 4783, 2041, 6662, 12927, 11497, 2576, 5211, 6808, 3628, 1495, 4763, 10029, 9263, 2078, 3617, 4589, 2625, 1292, 3334, 6965, 6468, 1589, 1535, 1152, 868, 967, 1302, 1919, 1973, 1223, 2275, 2534, 1524, 740, 1572, 2285, 1868, 899, 1607, 1837, 1169, 737, 1157, 1736, 1519, 674, 764, 883, 651, 609, 684, 788, 879, 652, 604, 633, 661, 554, 601, 629, 648, 756, 839, 836, 769, 646, 617, 614, 552, 601, 628, 668, 664, 587, 627, 672, 509, 647, 675, 624, 649, 582, 649, 729, 665, 810, 815, 875, 822, 653, 854, 940, 819, 886, 783, 919, 1007, 715, 894, 948, 756, 783, 862, 826, 820, 710, 855, 978, 661, 786, 923, 685, 682, 652, 805, 965, 743, 779, 1018, 831, 564, 713, 849, 875, 752, 983, 1927, 1928, 1008, 862, 1196, 1242, 868, 1363, 3473, 4121, 2471, 944, 1952, 1775, 1250, 1004, 3205, 4253, 2665, 963, 2520, 2121, 1280, 2015, 2926, 3164, 1935, 2123, 2855, 1755, 1653, 2438, 3195, 3502, 3301, 2951, 2191, 1589, 2863, 2134, 2287, 2638, 2703, 2483, 1580, 1518, 2498, 1424, 1197, 1115, 1465, 1628, 1128, 1024, 1496, 952, 806, 722, 1014, 1086, 823, 805, 954, 776, 826, 825, 970, 908, 611, 730, 762, 835, 847, 773, 881, 1016, 771, 739, 838, 1121, 907, 764, 893, 1067, 887, 661, 989, 880, 627, 727, 826, 791, 619, 706, 964, 632, 679, 675, 653, 594, 587, 693, 669, 608, 708, 700, 639, 629, 688, 661, 614, 656, 654, 725, 697, 666, 672, 666, 668, 708, 700, 680, 652, 716, 648, 603, 657, 703, 783, 673, 666, 750, 690, 793, 800, 799, 840, 624, 638, 706, 720, 764, 704, 764, 848, 736, 646, 677, 669, 712, 623, 525, 569, 631, 615, 600, 688, 685, 546, 661, 703, 698, 655, 676, 796, 721, 583, 726, 649, 624, 644, 723, 583, 623, 685, 640, 593, 696, 721, 628, 567, 758, 788, 609, 553, 614, 720, 612, 676, 801, 755, 623, 657, 662, 608, 505, 637, 740, 632, 554, 593, 601, 631, 592, 673, 666, 566, 607, 666, 611, 621, 542, 563, 623, 563, 644, 616, 644, 687, 532, 507, 663, 661, 643, 677, 632, 687, 625, 545, 677, 692, 580, 649, 691, 682, 614, 531, 628, 592, 610, 619, 719, 753, 653, 595, 659, 614, 601, 579, 589, 680, 655, 540, 499, 609, 563, 589, 539, 729, 765, 549, 518, 548, 545, 521, 551, 572, 652, 558, 544, 579, 566, 504, 550, 634, 698, 635, 586, 589, 603, 580, 595, 653, 622, 566, 602, 534, 560, 651, 648, 560, 564, 626, 649, 586, 666, 554, 535, 605, 639, 583, 567, 649, 685, 552, 511, 443, 544, 598, 563, 560, 689, 583, 481, 514, 547, 539, 510, 578, 632, 655, 628, 577, 532, 639, 670, 585, 977, 835, 796, 808, 646, 859, 872, 806, 1290, 1037, 1057, 993, 888, 912, 893, 1195, 996, 1057, 1239, 906, 823, 906, 1368, 1465, 631, 707, 846, 748, 591, 710, 957, 900, 524, 492, 596, 659, 490, 435, 553, 567, 593, 501, 547, 630, 601, 495, 546, 646, 578, 654, 618, 599, 613, 554, 651, 658, 503, 444, 526, 575, 515, 454, 599, 643, 381, 451, 455, 469, 482, 465, 504, 472, 484, 415, 437, 485, 450, 495, 565, 551, 411, 378, 380, 363, 379, 454, 460, 448, 437, 442, 380, 382, 491, 478, 410, 379, 398, 347, 336, 401, 424, 365, 393, 430, 346, 410, 429, 361, 370, 384, 474, 432, 440, 425, 375, 424, 479, 424, 394, 429, 397, 432, 419, 432, 404, 452, 429, 375]"
0.6543914675712585,-0.3258301615715027,-0.2419772446155548,-0.4535484313964844,-0.6079111695289612,-0.7434464693069458,-0.6425027251243591,-1.2462629079818726,1.535654067993164,18.75,-1.2462629079818726,1.5439510345458984,19.5,-0.8514417409896851,1.5624046325683594,19.0,-0.2504838705062866,0.9354114532470703,20.75,0.11358129978179932,0.7583141326904297,20.25,"[452, 590, 675, 630, 547, 626, 677, 588, 595, 595, 702, 683, 652, 617, 694, 712, 518, 515, 578, 629, 569, 609, 653, 605, 534, 550, 473, 569, 587, 527, 532, 529, 553, 586, 482, 518, 555, 465, 514, 547, 506, 639, 557, 500, 564, 515, 515, 499, 498, 548, 522, 445, 496, 542, 467, 372, 548, 563, 556, 593, 467, 580, 563, 519, 533, 574, 566, 615, 562, 497, 507, 505, 518, 511, 449, 497, 588, 540, 447, 465, 507, 571, 525, 469, 509, 511, 491, 502, 575, 568, 571, 539, 627, 635, 560, 559, 533, 514, 495, 560, 525, 500, 595, 613, 469, 551, 590, 568, 451, 527, 610, 557, 492, 540, 525, 556, 614, 582, 491, 463, 427, 520, 547, 505, 548, 516, 508, 505, 446, 595, 592, 507, 526, 539, 576, 518, 549, 549, 562, 574, 589, 553, 592, 607, 533, 443, 487, 568, 540, 502, 571, 554, 564, 502, 537, 547, 527, 584, 549, 560, 555, 587, 514, 463, 550, 639, 532, 500, 608, 642, 574, 657, 677, 642, 687, 604, 566, 522, 543, 684, 606, 570, 625, 528, 531, 567, 524, 542, 552, 594, 554, 506, 569, 702, 649, 530, 596, 591, 522, 502, 537, 697, 620, 465, 555, 578, 511, 487, 572, 614, 535, 523, 561, 502, 553, 535, 435, 456, 446, 432, 454, 476, 496, 468, 488, 580, 519, 429, 505, 565, 528, 441, 498, 575, 552, 525, 553, 491, 526, 515, 608, 657, 628, 565, 538, 536, 539, 531, 609, 638, 587, 618, 562, 482, 528, 510, 499, 577, 519, 509, 522, 504, 486, 405, 428, 478, 570, 577, 544, 487, 548, 541, 487, 478, 607, 573, 489, 435, 583, 642, 581, 550, 605, 652, 540, 501, 571, 600, 596, 550, 619, 638, 510, 527, 591, 608, 537, 533, 624, 564, 492, 614, 670, 654, 627, 525, 612, 589, 493, 588, 589, 617, 629, 590, 642, 655, 642, 659, 601, 600, 615, 662, 603, 561, 697, 635, 470, 561, 617, 600, 638, 616, 710, 688, 561, 612, 614, 562, 567, 636, 653, 591, 515, 612, 578, 587, 583, 589, 515, 533, 517, 566, 651, 685, 644, 538, 578, 566, 602, 668, 624, 656, 638, 669, 687, 647, 793, 786, 1085, 911, 1301, 1516, 1110, 1071, 2203, 2179, 2440, 1475, 2757, 3248, 2296, 1657, 5013, 5320, 2716, 1431, 2895, 3524, 2529, 1662, 5244, 5727, 1601, 1142, 2114, 2169, 1526, 1135, 2792, 3124, 3391, 2015, 3765, 3548, 2659, 2148, 6139, 6891, 5041, 2387, 5026, 4811, 3804, 2568, 8675, 9964, 4709, 3981, 6551, 4229, 2950, 3781, 10102, 10789, 4780, 7673, 10430, 6063, 2820, 7014, 14780, 14018, 3825, 7859, 10215, 5926, 2483, 7102, 14352, 13116, 2717, 4704, 7147, 4526, 1631, 3864, 8580, 8545, 2492, 5655, 8470, 5272, 1479, 3529, 8854, 8985, 2043, 4273, 6198, 3719, 1377, 3003, 7150, 7042, 1195, 1085, 1619, 1502, 951, 1254, 2098, 2090, 615, 1509, 1678, 1091, 670, 1075, 1668, 1360, 555, 1107, 1210, 886, 566, 903, 1275, 1044, 620, 653, 662, 585, 647, 715, 714, 601, 704, 679, 695, 732, 733, 620, 555, 677, 625, 757, 710, 687, 659, 601, 618, 602, 657, 828, 791, 537, 593, 753, 746, 616, 874, 921, 730, 648, 636, 810, 822, 668, 800, 864, 720, 679, 734, 815, 875, 882, 715, 925, 803, 670, 660, 887, 1085, 908, 720, 988, 904, 705, 714, 908, 930, 721, 694, 868, 940, 795, 707, 811, 865, 713, 780, 1326, 1548, 1118, 681, 790, 970, 979, 1598, 4211, 4697, 2639, 923, 1487, 2330, 1870, 1946, 5571, 6121, 3286, 1469, 2209, 2956, 2208, 1902, 3378, 3558, 2744, 2517, 2492, 2441, 1910, 2031, 2074, 2911, 3560, 3218, 2181, 2150, 2582, 1428, 1432, 2350, 2693, 2162, 1193, 1426, 2052, 1166, 1088, 1291, 1375, 1204, 1016, 1009, 1028, 1087, 969, 974, 1007, 970, 941, 848, 770, 812, 633, 647, 802, 783, 589, 570, 809, 1302, 1002, 617, 777, 1102, 1034, 685, 1081, 1278, 928, 624, 912, 1213, 1019, 707, 1086, 933, 721, 704, 913, 963, 845, 715, 778, 723, 671, 731, 704, 656, 770, 778, 656, 657, 527, 718, 749, 581, 700, 765, 650, 707, 710, 706, 717, 668, 655, 652, 654, 654, 656, 656, 681, 600, 714, 729, 687, 632, 667, 679, 621, 590, 612, 656, 668, 706, 736, 639, 640, 675, 672, 630, 653, 674, 656, 599, 648, 713, 672, 656, 630, 559, 569, 723, 681, 606, 724, 692, 611, 699, 672, 738, 690, 644, 689, 684, 610, 687, 773, 784, 688, 610, 746, 703, 625, 527, 744, 806, 628, 549, 627, 636, 500, 545, 650, 625, 599, 601, 573, 592, 564, 511, 568, 590, 642, 593, 551, 689, 691, 636, 696, 585, 596, 649, 649, 675, 635, 578, 621, 604, 594, 611, 621, 633, 573, 614, 604, 582, 599, 594, 610, 539, 590, 637, 620, 621, 566, 623, 626, 552, 553, 676, 600, 590, 612, 608, 532, 573, 625, 564, 490, 533, 570, 444, 512, 647, 706, 620, 636, 691, 653, 535, 567, 742, 799, 610, 623, 701, 726, 634, 631, 804, 789, 639, 612, 712, 746, 617, 557, 726, 740, 695, 646, 743, 740, 615, 594, 683, 751, 674, 540, 745, 775, 623, 586, 628, 758, 657, 585, 579, 703, 712, 640, 581, 635, 618, 553, 471, 667, 675, 614, 514, 577, 644, 595, 492, 619, 598, 574, 531, 563, 714, 528, 491, 573, 651, 627, 568, 594, 514, 477, 618, 595, 501, 538, 567, 589, 695, 574, 577, 630, 519, 732, 674, 549, 1069, 780, 801, 953, 583, 860, 810, 821, 1292, 1230, 1368, 1192, 682, 1065, 1238, 1326, 1020, 1238, 1449, 995, 692, 985, 1432, 1466, 688, 756, 917, 862, 696, 675, 925, 985, 541, 700, 750, 665, 628, 609, 706, 678, 571, 701, 738, 636, 584, 683, 714, 612, 506, 558, 597, 579, 571, 601, 643, 614, 516, 516, 524, 549, 539, 517, 456, 474, 506, 402, 413, 515, 524, 539, 402, 448, 536, 492, 476, 534, 470, 495, 466, 504, 445, 489, 472, 446, 398, 436, 477, 433, 474, 455, 478, 490, 463, 359, 432, 506, 405, 442, 476, 435, 410, 334, 440, 506, 427, 483, 475, 403, 430, 489, 513, 494, 389, 420, 398, 402, 421, 420, 412, 405, 453, 498, 481, 429, 409, 413, 441, 416]"
0.7153053283691406,-0.3264518082141876,-0.44970518350601196,-0.22955796122550964,-0.4800841212272644,-0.8679296374320984,-0.24805530905723572,-1.1564030647277832,1.4343738555908203,18.75,-0.706078052520752,1.1927604675292969,24.0,-0.6391301155090332,1.1771678924560547,24.75,-0.33915185928344727,1.0627269744873047,23.75,-0.17149591445922852,0.9694576263427734,29.0,"[531, 594, 679, 683, 705, 687, 680, 595, 498, 595, 621, 669, 602, 694, 785, 651, 492, 596, 635, 621, 550, 580, 701, 622, 577, 622, 593, 544, 466, 547, 580, 523, 595, 544, 490, 498, 499, 523, 453, 522, 565, 487, 478, 635, 561, 539, 523, 528, 579, 540, 550, 562, 485, 539, 494, 523, 570, 551, 564, 592, 520, 621, 641, 616, 562, 533, 547, 535, 479, 536, 614, 587, 579, 455, 485, 600, 513, 453, 520, 607, 506, 458, 487, 516, 575, 600, 530, 524, 532, 560, 570, 574, 592, 598, 573, 568, 457, 448, 532, 566, 439, 481, 489, 501, 530, 565, 565, 494, 460, 460, 497, 512, 554, 536, 595, 555, 553, 548, 502, 579, 569, 575, 543, 533, 582, 575, 564, 595, 487, 482, 427, 431, 446, 463, 448, 474, 522, 569, 503, 488, 465, 478, 520, 504, 555, 567, 578, 582, 590, 490, 485, 514, 548, 630, 683, 604, 538, 591, 630, 576, 644, 596, 604, 649, 583, 521, 555, 609, 560, 638, 588, 517, 553, 543, 564, 553, 558, 666, 653, 526, 563, 635, 645, 607, 597, 545, 543, 519, 563, 573, 562, 589, 565, 614, 583, 561, 610, 594, 627, 621, 452, 525, 569, 524, 511, 503, 538, 520, 421, 558, 592, 558, 464, 491, 643, 536, 502, 541, 612, 545, 481, 571, 597, 562, 499, 460, 522, 522, 501, 603, 604, 538, 478, 546, 673, 633, 618, 640, 627, 529, 417, 496, 566, 591, 675, 606, 514, 483, 471, 542, 473, 537, 569, 600, 610, 570, 553, 534, 518, 576, 595, 545, 579, 561, 545, 513, 542, 536, 544, 538, 564, 548, 655, 552, 591, 595, 566, 531, 525, 619, 647, 515, 529, 591, 564, 491, 522, 666, 619, 605, 588, 580, 557, 545, 530, 559, 652, 640, 557, 573, 541, 603, 580, 551, 490, 665, 567, 508, 607, 643, 596, 480, 532, 671, 652, 581, 693, 640, 568, 571, 624, 765, 705, 628, 767, 771, 569, 551, 612, 601, 656, 577, 647, 623, 511, 560, 644, 562, 513, 548, 600, 580, 495, 558, 576, 498, 679, 687, 587, 544, 651, 699, 610, 654, 797, 713, 542, 705, 890, 815, 1851, 1632, 2369, 2722, 1515, 2092, 4874, 4702, 4357, 2282, 4364, 5608, 3791, 3117, 9411, 9919, 4283, 1776, 3835, 5126, 3809, 2407, 8020, 8873, 3806, 2456, 4660, 4697, 3211, 2807, 8229, 8732, 7007, 5418, 9764, 8938, 5732, 6044, 16442, 17013, 7006, 5786, 10278, 9131, 5633, 6286, 17166, 17637, 2396, 4183, 5588, 4291, 2095, 4527, 9685, 8771, 2096, 3767, 4166, 2638, 1358, 4092, 7614, 6437, 3370, 2813, 4621, 3144, 1883, 2955, 7054, 7522, 3509, 1939, 3855, 2954, 1850, 1768, 5608, 6663, 2827, 2951, 3189, 1894, 1189, 1944, 3463, 3601, 2686, 4629, 4995, 2790, 1102, 2666, 4430, 3890, 2899, 3662, 4223, 2612, 1326, 2334, 3789, 3908, 2545, 2552, 3955, 2828, 1305, 1700, 3803, 4538, 1570, 1572, 2504, 1900, 950, 1197, 2583, 2945, 749, 1006, 1342, 943, 653, 784, 1307, 1361, 478, 787, 835, 612, 498, 640, 783, 707, 567, 712, 655, 626, 613, 648, 693, 584, 675, 714, 734, 705, 609, 686, 668, 672, 884, 914, 722, 732, 725, 782, 768, 760, 1000, 1024, 807, 655, 784, 867, 794, 910, 1059, 1027, 1016, 851, 812, 861, 916, 1099, 946, 971, 861, 720, 747, 836, 888, 903, 823, 880, 851, 748, 658, 570, 675, 653, 817, 775, 765, 744, 652, 627, 677, 773, 856, 1882, 3129, 2564, 957, 1596, 1625, 1397, 1218, 4629, 7040, 5166, 1321, 2905, 2880, 2302, 2416, 5321, 6768, 4542, 1472, 2060, 2799, 2532, 2325, 3545, 3531, 2525, 1746, 1652, 1802, 1899, 1562, 2174, 2463, 2745, 2191, 1429, 993, 1500, 1900, 1991, 2527, 2599, 1888, 1745, 1065, 1877, 1420, 1245, 1860, 1695, 1250, 1432, 1106, 1417, 899, 795, 1064, 1085, 883, 1031, 1040, 1036, 684, 806, 795, 709, 726, 766, 835, 779, 605, 669, 698, 682, 646, 563, 611, 630, 727, 832, 693, 552, 658, 790, 756, 634, 865, 839, 828, 911, 906, 833, 899, 893, 872, 776, 699, 730, 740, 763, 752, 853, 959, 884, 834, 700, 630, 736, 741, 862, 849, 572, 879, 898, 692, 678, 799, 1010, 847, 696, 811, 812, 666, 684, 840, 933, 716, 735, 886, 785, 618, 562, 769, 805, 830, 942, 844, 643, 728, 751, 617, 744, 839, 894, 826, 626, 730, 771, 599, 640, 727, 798, 750, 705, 771, 789, 623, 605, 622, 656, 576, 615, 700, 662, 612, 607, 629, 593, 613, 623, 712, 747, 630, 552, 601, 588, 610, 663, 587, 612, 565, 538, 597, 613, 724, 690, 622, 606, 559, 623, 505, 500, 672, 689, 579, 587, 554, 512, 594, 538, 691, 732, 610, 596, 662, 625, 598, 571, 645, 681, 667, 708, 595, 590, 642, 639, 682, 597, 619, 691, 653, 577, 599, 627, 562, 607, 633, 546, 495, 480, 474, 611, 566, 459, 541, 650, 571, 524, 511, 470, 523, 509, 539, 651, 660, 602, 545, 502, 634, 575, 507, 695, 750, 660, 588, 567, 756, 796, 660, 640, 756, 748, 582, 637, 713, 740, 621, 680, 742, 651, 691, 582, 665, 707, 666, 541, 677, 757, 726, 621, 651, 765, 624, 513, 712, 801, 686, 718, 675, 710, 723, 708, 674, 585, 751, 709, 640, 684, 705, 669, 625, 603, 745, 725, 610, 677, 720, 648, 577, 658, 759, 646, 583, 716, 694, 564, 685, 820, 642, 604, 656, 674, 608, 627, 614, 645, 1008, 903, 657, 769, 727, 764, 703, 853, 1459, 1099, 1304, 1091, 750, 1022, 1208, 1601, 1288, 1628, 2166, 1403, 812, 1195, 2260, 2444, 748, 1524, 1932, 1244, 667, 1075, 2077, 1958, 604, 1058, 1224, 760, 564, 871, 1459, 1278, 531, 604, 696, 608, 547, 619, 894, 828, 599, 562, 572, 579, 530, 597, 693, 642, 534, 591, 550, 519, 565, 686, 626, 455, 600, 562, 639, 618, 607, 644, 578, 561, 469, 491, 574, 569, 499, 536, 622, 629, 434, 423, 511, 559, 532, 484, 621, 621, 467, 430, 468, 529, 417, 483, 582, 558, 460, 556, 460, 489, 568, 513, 552, 496, 423, 455, 444, 490, 513, 460, 471, 406, 429, 498, 485, 467, 519, 537, 522, 421, 401, 494, 471, 428, 449, 416, 439, 442, 391, 415, 373, 433, 428, 437, 502, 412]"
0.8407758474349976,-0.35157716274261475,-0.7829702496528625,0.13882151246070862,-0.4473073184490204,-1.1864750385284424,0.2637306749820709,-0.7369593381881714,1.185464859008789,19.75,-0.6176546812057495,1.215219497680664,16.75,-0.3734663724899292,1.1876106262207031,15.75,-0.11783397197723389,0.9976387023925781,27.25,-0.08364474773406982,0.9950637817382812,27.5,"[504, 579, 644, 549, 508, 546, 640, 576, 431, 512, 573, 555, 595, 638, 630, 556, 541, 610, 577, 529, 661, 667, 511, 456, 547, 519, 473, 429, 512, 551, 523, 556, 508, 590, 491, 426, 519, 521, 475, 545, 529, 616, 588, 501, 577, 590, 594, 551, 556, 576, 520, 514, 546, 536, 553, 518, 564, 503, 516, 529, 529, 477, 457, 472, 593, 469, 467, 580, 558, 506, 547, 635, 518, 529, 510, 590, 606, 554, 518, 546, 572, 596, 560, 592, 578, 540, 561, 550, 471, 560, 550, 493, 550, 537, 525, 526, 420, 482, 559, 501, 515, 543, 482, 454, 561, 619, 615, 544, 556, 449, 549, 580, 623, 667, 550, 454, 516, 538, 482, 524, 570, 558, 542, 497, 546, 567, 502, 537, 558, 599, 518, 392, 566, 662, 528, 467, 534, 582, 550, 476, 493, 569, 531, 478, 513, 565, 586, 580, 520, 597, 593, 546, 588, 620, 607, 582, 595, 603, 569, 574, 622, 503, 481, 580, 633, 583, 486, 627, 729, 549, 552, 591, 616, 565, 504, 701, 605, 533, 579, 628, 638, 507, 480, 584, 470, 567, 564, 476, 501, 591, 637, 571, 500, 534, 517, 430, 480, 578, 618, 464, 551, 566, 599, 546, 500, 550, 551, 530, 597, 583, 624, 617, 537, 495, 522, 578, 608, 553, 602, 548, 511, 525, 515, 527, 506, 575, 626, 593, 521, 572, 543, 469, 501, 562, 698, 602, 540, 553, 517, 448, 494, 527, 549, 523, 478, 556, 557, 469, 515, 628, 571, 512, 523, 529, 672, 554, 471, 565, 506, 494, 520, 534, 538, 480, 501, 515, 556, 594, 569, 517, 575, 532, 575, 523, 579, 664, 652, 567, 612, 632, 549, 522, 543, 558, 547, 529, 552, 571, 547, 571, 495, 439, 530, 566, 479, 514, 621, 660, 552, 549, 517, 500, 533, 533, 531, 603, 624, 629, 615, 589, 650, 582, 656, 672, 634, 649, 635, 601, 602, 623, 668, 621, 661, 657, 611, 540, 563, 661, 564, 569, 559, 591, 589, 582, 559, 607, 657, 815, 760, 797, 626, 838, 1109, 989, 1475, 1558, 2164, 2219, 1402, 1847, 3985, 3753, 3036, 1970, 3408, 4042, 2743, 2463, 6648, 6869, 2933, 1612, 2617, 3444, 2624, 1830, 5159, 5618, 1683, 1536, 2152, 2101, 1393, 1740, 3473, 3372, 5867, 5672, 8980, 6720, 4164, 6195, 14937, 14971, 9879, 8021, 13970, 10685, 6916, 8456, 22737, 23786, 5770, 4847, 8674, 6620, 3928, 4920, 13394, 14046, 1327, 1797, 2235, 1706, 1111, 1713, 2986, 2639, 1976, 2056, 2728, 2103, 1414, 2233, 4696, 4614, 1479, 1822, 2635, 1747, 1011, 1853, 3819, 3836, 1409, 1719, 2629, 1781, 966, 1657, 3561, 3604, 1817, 1411, 2546, 2115, 1030, 1214, 2722, 3217, 2755, 3922, 5692, 3804, 1412, 2477, 5723, 6102, 2590, 4380, 6658, 4484, 1319, 3005, 6820, 6955, 1234, 2097, 3173, 2266, 799, 2002, 3650, 3453, 802, 1585, 1649, 982, 635, 1136, 1558, 1167, 783, 1460, 1443, 942, 634, 948, 1253, 982, 671, 979, 926, 788, 620, 642, 884, 775, 778, 770, 777, 740, 659, 704, 726, 741, 771, 732, 757, 808, 816, 808, 783, 723, 755, 672, 645, 709, 811, 713, 668, 748, 930, 766, 756, 740, 817, 680, 876, 980, 912, 813, 810, 844, 702, 719, 850, 875, 955, 773, 697, 768, 622, 676, 641, 804, 900, 766, 806, 772, 738, 755, 684, 908, 853, 1034, 957, 768, 708, 722, 800, 787, 1748, 4131, 4252, 2072, 929, 1438, 2187, 1667, 3605, 8135, 7953, 3368, 1720, 3040, 3931, 2649, 3625, 8023, 8153, 3938, 2625, 3374, 3916, 2993, 2708, 5446, 6344, 4293, 2467, 2817, 2991, 2899, 1442, 3219, 3855, 2700, 1587, 1551, 1817, 1637, 1330, 1775, 1564, 1176, 1261, 1226, 1312, 987, 880, 1228, 1244, 906, 909, 1023, 911, 667, 849, 1204, 1299, 952, 759, 887, 725, 777, 918, 894, 882, 805, 795, 671, 670, 889, 903, 820, 767, 826, 982, 793, 791, 960, 821, 954, 917, 789, 888, 720, 822, 937, 799, 868, 885, 763, 756, 674, 840, 881, 911, 1103, 1154, 823, 634, 860, 966, 879, 868, 981, 1028, 852, 654, 812, 1027, 952, 706, 704, 776, 712, 710, 899, 1030, 815, 649, 858, 818, 663, 674, 785, 865, 748, 694, 831, 894, 747, 715, 663, 674, 723, 660, 793, 846, 648, 661, 709, 716, 674, 710, 753, 684, 615, 592, 582, 655, 638, 849, 702, 677, 685, 623, 580, 616, 706, 872, 777, 769, 769, 708, 658, 687, 757, 765, 752, 729, 732, 644, 627, 625, 611, 706, 660, 649, 605, 524, 651, 710, 733, 655, 751, 729, 520, 533, 601, 572, 660, 662, 747, 700, 504, 562, 555, 606, 613, 682, 639, 662, 659, 612, 589, 565, 631, 619, 628, 621, 604, 612, 657, 700, 673, 571, 651, 659, 608, 490, 562, 659, 610, 641, 742, 700, 645, 536, 694, 722, 601, 611, 641, 557, 523, 515, 608, 633, 595, 675, 757, 647, 557, 596, 631, 657, 623, 670, 751, 621, 557, 616, 638, 682, 601, 592, 583, 549, 635, 725, 700, 662, 657, 553, 600, 685, 650, 639, 661, 719, 728, 563, 600, 633, 600, 571, 636, 705, 656, 618, 433, 597, 676, 623, 537, 653, 787, 741, 545, 707, 735, 687, 544, 742, 963, 651, 580, 692, 655, 557, 532, 653, 769, 691, 629, 647, 590, 529, 648, 632, 684, 739, 638, 688, 632, 536, 741, 665, 585, 728, 641, 705, 763, 632, 674, 632, 660, 575, 711, 778, 682, 619, 677, 711, 690, 816, 976, 1031, 813, 608, 822, 1056, 1003, 1151, 1474, 1889, 1388, 866, 1251, 1979, 1958, 1064, 1740, 2277, 1458, 782, 1420, 2300, 2176, 745, 1287, 1473, 979, 608, 1024, 1520, 1304, 693, 910, 883, 658, 504, 673, 907, 831, 694, 796, 773, 668, 724, 792, 782, 702, 712, 733, 669, 664, 724, 746, 647, 614, 700, 687, 694, 736, 719, 702, 721, 716, 645, 646, 675, 690, 689, 658, 684, 622, 588, 587, 581, 610, 640, 615, 694, 574, 554, 637, 569, 537, 501, 527, 618, 537, 467, 470, 467, 440, 399, 417, 470, 465, 465, 407, 414, 436, 406, 369, 369, 464, 413, 451, 417, 401, 380, 360, 438, 418, 472, 519, 469, 444, 462, 389, 439, 461, 447, 475, 450, 414, 452, 429, 460, 433, 376, 440, 468, 450, 399, 381, 408, 408]"
0.826506495475769,-0.4251246154308319,-0.8055923581123352,0.0829797312617302,-0.4873206615447998,-1.0615050792694092,0.15408597886562347,-0.5309227108955383,1.10321044921875,20.25,0.02411574125289917,0.7505893707275391,17.5,0.04643172025680542,0.7418632507324219,16.25,0.15228956937789917,0.3848075866699219,21.25,0.3980514407157898,1.0581493377685547,18.75,"[398, 597, 642, 526, 537, 531, 645, 598, 453, 552, 561, 663, 637, 558, 533, 510, 548, 581, 588, 623, 623, 621, 599, 576, 528, 524, 502, 520, 506, 460, 536, 550, 504, 539, 493, 443, 484, 499, 518, 484, 464, 539, 531, 423, 456, 517, 504, 503, 526, 448, 559, 534, 552, 588, 451, 507, 518, 511, 591, 550, 484, 554, 454, 448, 481, 467, 512, 478, 406, 492, 507, 463, 516, 515, 526, 488, 473, 524, 547, 535, 505, 541, 508, 463, 471, 510, 557, 508, 582, 547, 470, 496, 557, 555, 552, 559, 545, 611, 515, 486, 509, 528, 545, 492, 557, 515, 566, 622, 604, 572, 566, 609, 574, 520, 546, 596, 578, 604, 552, 627, 541, 535, 596, 555, 560, 556, 526, 533, 532, 561, 521, 510, 499, 499, 533, 504, 616, 560, 580, 618, 557, 530, 499, 529, 569, 546, 508, 540, 542, 496, 474, 521, 561, 515, 566, 632, 563, 494, 534, 565, 544, 430, 450, 540, 493, 365, 491, 643, 502, 485, 569, 569, 522, 533, 601, 604, 564, 520, 550, 566, 594, 587, 585, 589, 610, 600, 472, 477, 626, 610, 556, 533, 615, 559, 493, 575, 584, 563, 539, 541, 603, 692, 629, 524, 498, 618, 598, 531, 597, 626, 562, 440, 533, 598, 506, 497, 592, 675, 554, 503, 583, 619, 630, 521, 561, 552, 485, 491, 541, 598, 600, 550, 503, 503, 504, 535, 584, 623, 552, 541, 519, 504, 522, 571, 587, 678, 629, 479, 597, 508, 599, 621, 534, 589, 546, 573, 552, 476, 531, 533, 429, 505, 542, 537, 532, 516, 524, 562, 555, 470, 559, 506, 567, 564, 600, 620, 582, 585, 541, 537, 615, 632, 621, 556, 556, 614, 518, 583, 573, 567, 523, 474, 506, 549, 570, 629, 602, 544, 487, 508, 518, 487, 520, 550, 595, 582, 486, 548, 605, 586, 498, 506, 695, 678, 704, 626, 647, 696, 655, 719, 870, 1118, 1477, 1453, 845, 1142, 2078, 1841, 2204, 1966, 3311, 3533, 2078, 2225, 5683, 5627, 2604, 2117, 3942, 4276, 2564, 2450, 6209, 6254, 1291, 1379, 2635, 2593, 1447, 1364, 2533, 2563, 896, 1087, 1732, 1913, 1121, 1099, 2192, 1962, 2305, 1214, 2051, 2420, 1826, 1558, 4373, 4780, 5342, 2109, 4444, 4314, 3756, 2784, 9063, 10420, 6026, 1955, 4475, 4477, 3944, 2546, 8813, 10720, 3065, 2001, 1832, 2158, 2028, 2349, 4124, 4432, 1078, 2492, 2228, 1917, 987, 2964, 4781, 3570, 1101, 1484, 1613, 1567, 923, 1822, 2966, 2598, 1605, 1306, 2261, 1935, 1132, 1286, 2840, 3063, 1878, 2042, 3247, 2429, 1140, 1639, 3492, 3779, 2169, 3003, 4493, 3035, 1102, 2032, 4607, 4980, 2102, 4420, 5862, 3451, 1016, 2870, 6045, 5936, 1328, 3686, 4422, 2420, 802, 2507, 4493, 3971, 985, 2739, 2733, 1291, 756, 1860, 2822, 2077, 930, 1980, 1910, 1045, 736, 1365, 1753, 1165, 769, 1001, 1016, 702, 631, 900, 857, 681, 698, 785, 683, 528, 557, 751, 785, 639, 643, 806, 745, 601, 580, 664, 774, 702, 649, 668, 768, 847, 630, 609, 762, 708, 644, 736, 935, 913, 682, 725, 833, 791, 628, 693, 867, 889, 714, 756, 743, 748, 700, 781, 810, 789, 792, 756, 741, 670, 653, 701, 716, 693, 678, 725, 691, 690, 736, 794, 841, 755, 681, 653, 663, 697, 741, 917, 891, 828, 691, 694, 733, 683, 1117, 1482, 1246, 1033, 1012, 822, 1038, 846, 3538, 4809, 3439, 2009, 2251, 2371, 2808, 1878, 6657, 8373, 6069, 4338, 4459, 4689, 5187, 3664, 5573, 6534, 5752, 5143, 4662, 4150, 4525, 3733, 2358, 2796, 3181, 2943, 2347, 1909, 2037, 1950, 1075, 1592, 1643, 1247, 974, 942, 960, 902, 803, 1126, 1131, 897, 729, 984, 1035, 765, 1190, 1761, 1664, 1030, 951, 1257, 1240, 906, 1338, 1991, 1727, 946, 1092, 1413, 1215, 767, 1002, 1374, 1131, 786, 887, 1059, 929, 620, 757, 816, 970, 913, 741, 724, 796, 729, 703, 653, 857, 851, 787, 687, 723, 777, 793, 766, 660, 633, 698, 652, 671, 756, 840, 899, 729, 690, 739, 747, 808, 724, 754, 827, 749, 726, 646, 656, 683, 606, 629, 778, 866, 768, 575, 760, 834, 759, 609, 742, 823, 683, 609, 809, 915, 709, 749, 750, 772, 665, 656, 774, 903, 880, 755, 649, 669, 623, 577, 608, 733, 831, 674, 707, 672, 651, 672, 657, 689, 702, 696, 733, 735, 600, 604, 681, 693, 668, 626, 675, 706, 573, 603, 721, 623, 514, 646, 545, 556, 574, 574, 634, 599, 621, 712, 604, 568, 639, 655, 673, 639, 590, 686, 574, 663, 671, 674, 680, 610, 610, 677, 695, 735, 697, 610, 644, 671, 608, 673, 651, 604, 689, 690, 641, 640, 623, 595, 617, 589, 650, 689, 616, 621, 627, 641, 623, 480, 562, 651, 598, 474, 500, 699, 698, 504, 577, 685, 597, 565, 609, 616, 697, 597, 622, 671, 629, 651, 703, 624, 616, 640, 679, 535, 543, 603, 625, 513, 522, 555, 625, 542, 478, 536, 597, 546, 546, 589, 587, 512, 540, 637, 669, 678, 673, 674, 639, 547, 644, 690, 629, 568, 613, 628, 575, 471, 524, 591, 594, 522, 595, 722, 741, 594, 545, 683, 628, 625, 619, 756, 754, 661, 594, 723, 730, 617, 608, 742, 755, 703, 635, 681, 688, 657, 676, 666, 732, 763, 754, 749, 709, 721, 754, 647, 622, 724, 711, 666, 679, 762, 666, 636, 739, 782, 655, 625, 740, 831, 585, 749, 846, 699, 633, 842, 969, 862, 646, 963, 967, 690, 627, 922, 1041, 826, 828, 948, 834, 634, 780, 1105, 1075, 732, 1159, 1316, 949, 706, 1118, 1430, 1114, 753, 1519, 1846, 1307, 748, 1186, 1716, 1499, 737, 1774, 1969, 1230, 874, 1323, 1676, 1322, 667, 1262, 1242, 809, 712, 1054, 1203, 858, 703, 813, 799, 648, 680, 857, 850, 669, 597, 660, 670, 689, 658, 682, 771, 674, 563, 574, 626, 689, 638, 565, 631, 602, 508, 509, 557, 605, 522, 490, 531, 540, 561, 547, 592, 587, 537, 554, 604, 607, 540, 525, 559, 553, 463, 510, 543, 520, 596, 583, 515, 448, 402, 535, 572, 536, 590, 575, 449, 395, 409, 507, 504, 379, 509, 601, 548, 418, 382, 465, 488, 450, 483, 525, 574, 439, 464, 505, 489, 520, 413, 483, 490, 484, 436, 437, 503, 459]"
0.7799280285835266,-0.5202649831771851,-0.6634870171546936,-0.04637078940868378,-0.5218845009803772,-0.7119609117507935,-0.01866684854030609,-0.9689828157424927,1.1601448059082031,17.0,-0.6200810670852661,1.0402679443359375,26.25,-0.37760937213897705,0.9655952453613281,18.75,0.425622820854187,1.9068717956542969,18.0,0.5211809873580933,0.4825115203857422,17.75,"[650, 645, 629, 627, 756, 630, 630, 642, 529, 582, 622, 706, 721, 674, 631, 634, 559, 529, 659, 649, 556, 660, 639, 536, 548, 585, 608, 502, 525, 605, 568, 538, 440, 458, 506, 490, 511, 534, 533, 486, 602, 615, 571, 601, 650, 589, 518, 525, 550, 578, 551, 475, 497, 537, 454, 469, 497, 510, 545, 423, 536, 514, 468, 541, 496, 502, 481, 432, 454, 424, 394, 462, 507, 543, 600, 545, 567, 580, 487, 471, 437, 595, 584, 535, 493, 579, 626, 507, 474, 649, 570, 453, 517, 569, 591, 491, 492, 526, 558, 497, 449, 475, 551, 580, 469, 541, 491, 494, 525, 460, 465, 493, 616, 650, 514, 550, 634, 613, 565, 548, 591, 602, 555, 656, 655, 626, 592, 510, 528, 566, 588, 572, 536, 525, 567, 493, 644, 569, 576, 603, 576, 576, 623, 619, 483, 532, 522, 522, 497, 535, 521, 442, 545, 556, 617, 602, 528, 584, 512, 519, 481, 569, 611, 647, 574, 553, 603, 515, 605, 602, 604, 499, 577, 605, 569, 528, 545, 632, 634, 536, 610, 671, 523, 526, 592, 651, 635, 654, 631, 597, 600, 588, 501, 601, 583, 508, 521, 478, 501, 547, 543, 657, 596, 562, 533, 497, 560, 536, 542, 584, 550, 455, 481, 506, 511, 553, 492, 512, 638, 515, 530, 618, 572, 545, 476, 443, 543, 517, 474, 588, 574, 501, 588, 583, 505, 507, 535, 558, 558, 608, 611, 525, 555, 704, 657, 537, 547, 598, 500, 461, 442, 585, 552, 488, 545, 541, 438, 482, 598, 585, 466, 454, 571, 586, 563, 637, 680, 651, 579, 492, 574, 609, 608, 546, 522, 612, 644, 523, 551, 556, 538, 610, 667, 571, 511, 541, 561, 522, 909, 1811, 2211, 1929, 894, 1979, 3869, 3283, 3258, 4390, 6086, 5282, 2757, 4962, 11232, 10414, 3786, 4261, 6047, 6239, 3423, 5170, 11852, 11157, 1696, 1859, 2839, 3288, 1745, 2554, 4895, 4317, 986, 983, 1285, 1222, 924, 1024, 1399, 1470, 1187, 1044, 1422, 1502, 1136, 1034, 2062, 2091, 1604, 2223, 2817, 2123, 1246, 2095, 4097, 3788, 3016, 3843, 5165, 3646, 2069, 3692, 7360, 7011, 3929, 4858, 6570, 4570, 2651, 4438, 9456, 9140, 2681, 4740, 5649, 3630, 1834, 4480, 8661, 7500, 1279, 4678, 4790, 2677, 992, 4846, 8661, 6781, 790, 3003, 3129, 1770, 719, 3085, 5541, 4396, 688, 1209, 1494, 1002, 569, 1194, 2134, 1910, 1031, 999, 1312, 1077, 756, 929, 1338, 1447, 2254, 2815, 3815, 2519, 1203, 2100, 3873, 3962, 3432, 8287, 10457, 5895, 1741, 5168, 10274, 9236, 3920, 10955, 12837, 6778, 1996, 6969, 13046, 10851, 2867, 5973, 6536, 3824, 1480, 3996, 7153, 6221, 2018, 2691, 3001, 2208, 1109, 1690, 2698, 2761, 2234, 4140, 4369, 2577, 1338, 2584, 4227, 3414, 1690, 3887, 4197, 2336, 1057, 2676, 4297, 3330, 1120, 2560, 2781, 1682, 824, 1834, 2809, 2144, 944, 1099, 1107, 980, 763, 895, 1227, 1110, 766, 927, 774, 764, 818, 693, 814, 799, 671, 1044, 1089, 829, 761, 716, 867, 717, 722, 944, 906, 688, 718, 753, 900, 749, 686, 893, 817, 600, 665, 794, 897, 698, 640, 942, 942, 643, 508, 674, 772, 663, 820, 1190, 1113, 697, 644, 770, 874, 703, 937, 1377, 1195, 660, 686, 863, 1015, 722, 1286, 2009, 1937, 1249, 923, 1048, 1291, 1029, 2395, 3562, 4257, 3551, 1920, 1662, 2303, 2281, 4689, 5657, 6631, 6106, 3599, 3785, 4648, 3654, 6559, 6994, 6013, 6305, 4302, 5790, 6130, 4331, 4562, 4603, 3877, 3971, 3139, 4148, 4234, 3271, 1952, 2649, 2908, 2421, 1828, 2013, 1843, 1853, 1900, 3140, 2725, 1727, 1415, 1392, 1441, 1146, 2957, 4571, 3176, 1121, 1953, 2057, 2410, 1209, 2203, 3392, 2329, 800, 1825, 1974, 2072, 1126, 1021, 1566, 1424, 871, 1101, 1398, 1302, 827, 828, 1040, 1027, 797, 734, 1100, 1041, 756, 904, 909, 872, 813, 816, 899, 820, 847, 877, 862, 773, 708, 713, 753, 740, 785, 862, 1134, 1024, 698, 751, 918, 883, 717, 778, 1039, 989, 771, 703, 832, 945, 804, 730, 757, 907, 844, 707, 703, 824, 861, 647, 740, 939, 822, 610, 654, 754, 852, 580, 866, 949, 794, 670, 745, 739, 698, 683, 885, 856, 741, 759, 876, 836, 754, 791, 940, 851, 817, 782, 860, 832, 678, 624, 730, 837, 813, 691, 693, 717, 676, 694, 684, 665, 605, 570, 591, 658, 672, 729, 695, 687, 668, 678, 639, 653, 679, 701, 709, 679, 650, 712, 653, 656, 712, 628, 742, 689, 613, 670, 677, 642, 585, 583, 670, 627, 533, 554, 567, 632, 577, 515, 672, 704, 678, 559, 574, 620, 525, 521, 550, 724, 684, 593, 586, 644, 588, 594, 624, 612, 600, 601, 654, 655, 616, 705, 706, 571, 562, 588, 612, 682, 667, 699, 618, 499, 564, 554, 666, 677, 718, 650, 661, 605, 594, 634, 672, 700, 638, 623, 733, 659, 596, 627, 704, 800, 673, 692, 649, 670, 662, 699, 615, 667, 764, 650, 631, 602, 638, 660, 596, 552, 579, 549, 601, 606, 584, 567, 548, 546, 453, 599, 671, 737, 711, 713, 770, 821, 714, 733, 698, 913, 920, 689, 815, 1105, 1032, 687, 656, 813, 816, 603, 728, 1043, 965, 747, 584, 633, 793, 622, 589, 817, 850, 781, 673, 630, 734, 677, 682, 788, 801, 763, 654, 675, 733, 746, 760, 664, 714, 801, 669, 570, 700, 680, 707, 661, 731, 810, 732, 691, 687, 730, 723, 755, 833, 686, 632, 719, 800, 733, 691, 811, 854, 613, 760, 712, 735, 693, 692, 866, 779, 703, 822, 828, 722, 650, 745, 891, 850, 801, 1317, 1490, 964, 667, 1087, 1430, 1264, 855, 1317, 1279, 846, 694, 1113, 1501, 1209, 684, 931, 941, 740, 703, 983, 1090, 831, 624, 782, 872, 764, 674, 857, 933, 814, 595, 653, 600, 644, 578, 638, 894, 785, 687, 757, 603, 525, 515, 618, 771, 699, 616, 772, 761, 630, 605, 650, 708, 630, 907, 1122, 938, 638, 582, 714, 806, 536, 975, 1127, 844, 583, 591, 732, 833, 671, 699, 728, 656, 564, 472, 581, 701, 628, 568, 634, 643, 465, 425, 463, 649, 608, 422, 553, 553, 407, 383, 524, 586, 491, 460, 526, 547, 509, 460, 568, 605, 533, 377, 446, 494, 389, 377, 439, 536, 525, 477, 480, 545, 429, 411, 503, 502, 561]"
0.7630941867828369,-0.7003159523010254,-0.775923490524292,-0.09780024737119675,-0.7625926733016968,-0.8264725208282471,-0.13468609750270844,-0.32564443349838257,0.7777690887451172,-29.5,0.02697664499282837,1.6476631164550781,18.0,0.1342650055885315,1.5772819519042969,15.0,0.38202959299087524,2.5095462799072266,16.25,0.5365248322486877,2.3949623107910156,16.5,"[605, 533, 482, 597, 650, 598, 479, 537, 533, 511, 652, 696, 624, 640, 538, 569, 499, 614, 717, 611, 561, 633, 644, 605, 545, 540, 524, 536, 573, 465, 430, 563, 453, 483, 492, 486, 557, 501, 441, 471, 551, 495, 562, 602, 555, 512, 514, 561, 521, 482, 537, 608, 563, 475, 523, 540, 554, 487, 474, 544, 512, 509, 583, 615, 522, 499, 523, 564, 524, 561, 529, 548, 499, 490, 541, 520, 537, 584, 554, 582, 500, 538, 506, 492, 649, 581, 507, 499, 517, 555, 559, 603, 614, 519, 543, 532, 502, 625, 598, 536, 621, 631, 590, 513, 612, 661, 535, 543, 716, 604, 521, 477, 568, 607, 498, 529, 621, 584, 472, 452, 576, 587, 622, 640, 627, 582, 509, 558, 571, 530, 643, 686, 594, 545, 518, 555, 579, 596, 701, 677, 563, 621, 643, 637, 637, 611, 622, 555, 524, 619, 646, 647, 553, 607, 629, 599, 532, 621, 637, 553, 507, 557, 551, 487, 548, 626, 629, 553, 516, 643, 639, 474, 537, 685, 638, 550, 636, 565, 602, 609, 498, 590, 571, 605, 498, 542, 622, 578, 543, 650, 586, 492, 569, 516, 487, 393, 468, 579, 470, 461, 627, 616, 577, 460, 453, 582, 525, 529, 544, 569, 571, 566, 485, 578, 561, 538, 543, 485, 525, 500, 528, 520, 543, 582, 594, 559, 559, 568, 538, 521, 542, 592, 582, 592, 616, 692, 656, 540, 615, 729, 616, 561, 632, 644, 622, 567, 590, 676, 572, 716, 816, 853, 605, 850, 1107, 935, 2690, 4057, 5197, 4094, 1975, 4729, 9420, 8425, 8825, 10364, 15134, 11627, 6208, 11764, 26493, 25355, 10794, 10740, 17230, 13682, 7558, 12030, 29291, 28982, 5078, 4389, 7779, 7004, 3679, 5208, 13098, 13115, 824, 1550, 1683, 1967, 784, 2023, 3301, 2441, 943, 1233, 1199, 1293, 709, 1576, 2477, 2038, 992, 1640, 1694, 1313, 865, 1806, 2603, 2135, 2047, 3933, 4420, 3104, 1635, 4568, 8286, 6978, 3244, 4632, 5690, 4270, 2609, 5285, 11012, 10057, 3150, 3506, 4305, 3027, 2197, 3419, 7364, 7075, 3000, 4307, 3774, 2138, 1800, 3630, 5524, 4708, 3302, 4820, 4094, 1774, 1694, 4230, 5965, 4194, 1638, 3234, 3105, 1620, 1154, 2834, 4191, 3101, 717, 1274, 1503, 1099, 699, 1244, 1905, 1633, 684, 823, 944, 762, 636, 861, 1110, 1029, 715, 684, 665, 622, 635, 825, 957, 837, 2011, 2434, 2652, 1898, 1162, 1474, 2535, 2712, 3993, 5232, 5277, 3223, 1727, 3134, 5722, 5878, 3641, 3913, 4191, 2688, 1434, 3068, 5940, 5864, 2040, 1682, 2657, 2062, 1098, 2151, 3675, 3751, 1524, 1475, 1449, 1310, 989, 1342, 1808, 2032, 1372, 2251, 2102, 1247, 981, 1580, 1885, 1367, 1468, 2541, 2325, 1167, 1110, 1820, 2233, 1554, 1368, 1975, 1723, 845, 1092, 1428, 1711, 1227, 986, 1453, 1290, 677, 826, 1006, 1362, 1086, 783, 1252, 1282, 848, 752, 1070, 1394, 1201, 857, 1143, 1102, 702, 758, 999, 1056, 860, 1050, 1225, 944, 699, 882, 776, 706, 667, 1560, 1936, 1230, 787, 1230, 941, 774, 771, 1503, 1918, 1311, 796, 1176, 938, 846, 694, 2391, 2820, 2337, 1522, 2210, 2357, 1446, 1284, 4535, 5235, 4721, 3006, 3651, 3500, 1756, 2635, 4096, 4612, 4495, 3098, 2905, 2295, 1902, 2758, 2159, 2623, 2754, 2018, 1596, 1410, 1702, 1724, 1746, 2576, 2605, 1651, 1473, 2027, 1317, 1039, 4494, 7735, 7523, 3486, 3507, 5039, 3379, 2448, 6041, 10222, 9840, 4467, 4165, 6475, 5198, 3224, 4322, 6470, 6203, 3077, 2725, 4627, 4029, 2545, 1730, 2238, 2258, 1567, 1419, 2104, 1756, 1411, 1706, 2138, 1551, 1073, 1212, 1137, 1047, 870, 2229, 2829, 2036, 1310, 1412, 1432, 1531, 1037, 1509, 1737, 1524, 1251, 1070, 1416, 1435, 965, 1169, 1484, 1176, 818, 954, 1151, 1167, 797, 1075, 1381, 1230, 886, 968, 976, 903, 785, 1053, 1428, 1335, 925, 1002, 1072, 808, 717, 1062, 1649, 1487, 835, 1126, 1186, 938, 721, 848, 1205, 1022, 597, 888, 968, 853, 633, 730, 773, 801, 757, 726, 713, 668, 690, 651, 598, 727, 729, 602, 577, 593, 598, 648, 633, 801, 710, 610, 701, 631, 660, 674, 761, 709, 743, 672, 723, 670, 642, 613, 699, 675, 658, 725, 800, 691, 597, 707, 836, 753, 616, 729, 944, 733, 577, 726, 807, 846, 666, 728, 913, 874, 752, 886, 803, 924, 874, 769, 935, 1025, 997, 1905, 1278, 1544, 2109, 1970, 1169, 2221, 2724, 2644, 1489, 1901, 2783, 2670, 1352, 2832, 3696, 1718, 1138, 1365, 1807, 1664, 1010, 1724, 2181, 758, 592, 788, 978, 810, 562, 814, 954, 840, 713, 749, 884, 833, 740, 791, 880, 1001, 836, 849, 920, 768, 800, 819, 912, 1228, 862, 903, 1171, 970, 959, 923, 920, 854, 684, 767, 964, 833, 780, 794, 723, 545, 448, 627, 721, 641, 525, 581, 683, 680, 551, 642, 720, 683, 570, 615, 704, 675, 636, 758, 671, 702, 677, 710, 797, 771, 561, 715, 757, 751, 662, 651, 852, 735, 669, 735, 768, 738, 737, 680, 688, 752, 757, 677, 725, 707, 687, 615, 622, 649, 619, 599, 624, 645, 617, 523, 576, 960, 943, 1297, 1335, 869, 1030, 2111, 2055, 2461, 1286, 2563, 3034, 2206, 1381, 4755, 5261, 2622, 1054, 2417, 3291, 2429, 1276, 4578, 5174, 1565, 704, 1438, 2166, 1697, 671, 2253, 2640, 915, 809, 904, 1177, 1032, 652, 962, 1128, 829, 849, 890, 961, 1001, 837, 777, 896, 1381, 1147, 1273, 1343, 1358, 1009, 1319, 1775, 1575, 1273, 1376, 1481, 1387, 1025, 1698, 2199, 1357, 1083, 1124, 1202, 1182, 1037, 1613, 1821, 1060, 986, 883, 910, 973, 850, 1085, 1233, 998, 950, 896, 841, 679, 717, 787, 849, 969, 1045, 985, 751, 681, 818, 981, 932, 782, 775, 808, 749, 608, 649, 913, 801, 653, 682, 772, 679, 563, 653, 821, 773, 676, 639, 656, 599, 512, 585, 820, 809, 833, 847, 691, 505, 551, 733, 832, 706, 659, 841, 865, 635, 509, 703, 789, 628, 672, 831, 801, 591, 586, 701, 739, 652, 573, 570, 536, 466, 553, 627, 560, 523, 601, 662, 673, 584, 605, 644, 722, 649, 589, 729, 746, 619, 569, 703, 750, 622, 483, 657, 701, 550, 518, 674, 818, 635, 427, 563, 640, 582, 418, 661, 858, 602, 500, 636, 658, 602, 436, 710, 878, 535, 510, 553, 590, 555, 403, 494, 594, 518, 422, 481, 529, 486, 393, 407, 545, 575]"
0.7478761076927185,-0.7895998954772949,-0.8300985097885132,-0.08545370399951935,-0.7210342288017273,-0.7436599731445312,-0.05100578814744949,-0.3955586552619934,-1.0673046112060547,15.0,-0.27596789598464966,0.7033824920654297,25.75,-0.058100998401641846,0.48422813415527344,23.5,-0.04765826463699341,0.4523277282714844,28.5,0.60594242811203,0.44302940368652344,15.75,"[565, 540, 561, 629, 587, 623, 561, 545, 559, 522, 513, 532, 571, 528, 613, 639, 615, 567, 416, 517, 593, 618, 542, 532, 557, 593, 503, 461, 489, 523, 545, 513, 497, 578, 584, 492, 429, 487, 564, 554, 513, 509, 530, 490, 502, 529, 497, 545, 475, 483, 473, 509, 484, 457, 528, 539, 531, 499, 535, 577, 545, 510, 556, 554, 591, 494, 432, 546, 607, 581, 511, 562, 573, 552, 558, 562, 607, 551, 526, 594, 534, 561, 546, 545, 570, 545, 526, 555, 627, 639, 499, 535, 598, 561, 571, 563, 524, 592, 540, 486, 465, 536, 577, 506, 390, 544, 574, 501, 493, 573, 579, 457, 468, 531, 550, 499, 524, 610, 537, 449, 507, 538, 487, 489, 528, 584, 567, 560, 557, 535, 557, 498, 508, 573, 554, 568, 575, 521, 584, 620, 561, 541, 588, 642, 561, 464, 534, 678, 605, 446, 500, 557, 510, 485, 571, 595, 551, 514, 549, 566, 441, 449, 508, 571, 503, 370, 465, 514, 565, 560, 570, 545, 588, 596, 495, 497, 537, 634, 596, 551, 674, 633, 550, 483, 598, 593, 545, 520, 632, 552, 509, 589, 635, 634, 551, 508, 649, 580, 518, 596, 646, 655, 573, 548, 630, 591, 508, 531, 592, 670, 567, 569, 581, 599, 515, 503, 537, 625, 571, 602, 614, 563, 600, 531, 644, 923, 913, 747, 611, 1018, 1437, 1201, 2021, 3606, 4354, 2859, 1564, 3995, 7818, 6890, 3697, 5831, 7566, 4733, 2536, 6352, 13704, 12606, 3025, 3899, 5457, 3692, 2042, 4308, 9869, 9424, 1423, 1820, 2277, 2112, 1295, 2192, 4638, 4248, 1070, 1142, 1315, 1233, 951, 1131, 2419, 2322, 709, 799, 872, 716, 648, 715, 1024, 975, 624, 687, 757, 632, 631, 625, 630, 596, 1234, 1360, 1780, 1247, 788, 1506, 2625, 2479, 2503, 3861, 4919, 2925, 1298, 3707, 7150, 6581, 2491, 4806, 5825, 3273, 1417, 4251, 7929, 7045, 1683, 2583, 2826, 1739, 1021, 2092, 3664, 3370, 1032, 2608, 2994, 1557, 801, 1778, 3389, 2906, 3344, 9231, 8839, 3384, 1673, 5557, 8927, 6160, 5694, 13800, 12391, 4334, 2582, 8222, 12540, 7950, 4332, 9086, 7662, 2494, 1876, 5538, 7959, 4694, 1759, 3066, 2364, 868, 821, 1907, 2573, 1419, 725, 905, 811, 658, 573, 798, 894, 638, 822, 1854, 1989, 1234, 590, 1246, 2014, 1563, 1398, 6336, 7128, 3861, 952, 4044, 6792, 5048, 1576, 7627, 9051, 5215, 1224, 5546, 9138, 7012, 2261, 4361, 5758, 4025, 1352, 3504, 6003, 5686, 2232, 5640, 5948, 2974, 1219, 3510, 5833, 4496, 1794, 4570, 4586, 2135, 1215, 2823, 4322, 2968, 1514, 3176, 3150, 1591, 1026, 1813, 2725, 1933, 1226, 2015, 1719, 989, 840, 1409, 1898, 1355, 1129, 1425, 1112, 736, 709, 1189, 1310, 997, 1705, 1449, 1538, 1221, 972, 1106, 1453, 1797, 1654, 1908, 2273, 1539, 920, 1142, 2213, 2533, 1020, 1392, 1558, 1038, 801, 820, 1509, 1616, 988, 957, 897, 888, 750, 609, 736, 839, 1708, 1932, 1838, 1353, 1306, 1043, 1076, 1276, 2605, 3553, 3318, 1756, 1945, 2131, 1789, 1598, 2512, 3235, 2971, 1552, 1837, 2185, 1881, 1431, 1991, 1990, 1767, 1435, 1534, 1466, 1501, 1471, 2254, 2501, 2228, 1916, 1843, 1418, 1344, 1678, 1773, 2070, 2199, 1979, 1534, 1114, 1177, 1413, 1420, 1825, 1837, 1321, 957, 1067, 1131, 1086, 1690, 2045, 1891, 1409, 980, 1654, 1689, 1375, 1993, 2693, 2750, 1766, 1244, 2444, 2450, 1841, 1613, 2103, 2208, 1448, 1173, 1759, 1798, 1581, 1230, 1483, 1296, 952, 958, 1060, 1211, 1204, 1230, 1620, 1225, 694, 979, 901, 1012, 979, 1231, 1538, 1270, 832, 1053, 1205, 1189, 944, 1127, 1288, 1144, 836, 958, 1141, 1090, 1008, 1000, 1028, 1095, 872, 812, 845, 813, 967, 879, 1081, 1092, 816, 824, 703, 748, 877, 926, 1057, 1077, 860, 968, 792, 828, 950, 1406, 1016, 1081, 1164, 1197, 1004, 1057, 1420, 1744, 989, 1008, 1405, 1450, 1182, 1243, 1731, 1539, 1145, 1037, 1352, 1217, 1294, 1384, 1291, 1369, 1130, 1128, 1344, 1082, 1235, 1261, 1349, 1296, 1084, 930, 1143, 1021, 1062, 1054, 1101, 1150, 879, 827, 1025, 976, 991, 973, 1015, 854, 723, 855, 858, 722, 810, 889, 863, 700, 761, 999, 962, 707, 664, 810, 866, 678, 748, 889, 817, 686, 680, 943, 935, 686, 663, 765, 618, 547, 580, 621, 744, 709, 655, 655, 608, 574, 609, 651, 707, 793, 632, 649, 678, 669, 635, 684, 766, 863, 670, 799, 835, 770, 646, 853, 1001, 884, 735, 937, 1091, 960, 748, 1032, 1178, 1025, 838, 937, 1120, 1075, 715, 991, 1186, 1054, 806, 1017, 1282, 1083, 721, 1224, 1274, 853, 639, 848, 1130, 858, 679, 1172, 1205, 839, 618, 759, 922, 732, 636, 939, 1010, 959, 790, 873, 941, 793, 750, 823, 875, 1001, 759, 833, 987, 791, 784, 943, 1020, 773, 548, 825, 1021, 825, 717, 996, 996, 892, 658, 822, 1009, 830, 780, 1126, 1164, 1207, 715, 1149, 1325, 1049, 790, 1425, 1715, 1081, 829, 1046, 989, 860, 798, 1160, 1349, 629, 642, 773, 852, 734, 527, 771, 860, 896, 679, 781, 915, 848, 710, 857, 1014, 943, 713, 754, 838, 760, 791, 901, 1012, 1263, 1151, 1783, 1779, 1111, 1101, 2284, 2303, 2008, 1184, 2397, 2713, 1900, 1233, 3559, 3928, 2240, 940, 2272, 2724, 1960, 986, 3205, 3824, 1635, 941, 1475, 1754, 1325, 796, 1865, 2355, 1162, 849, 853, 864, 653, 694, 1036, 1207, 1197, 799, 1110, 1096, 700, 676, 1176, 1571, 1026, 1028, 1228, 1168, 876, 925, 1370, 1329, 1050, 910, 1034, 973, 876, 1006, 1023, 1101, 1181, 1202, 1286, 1086, 920, 1157, 1340, 1406, 1261, 1082, 1304, 1066, 882, 908, 1586, 1800, 1034, 820, 959, 944, 873, 782, 1181, 1329, 1003, 893, 731, 792, 844, 782, 862, 1087, 873, 937, 778, 650, 686, 875, 792, 745, 780, 711, 702, 624, 708, 839, 818, 846, 797, 643, 662, 716, 688, 630, 789, 889, 923, 695, 793, 793, 603, 602, 833, 940, 909, 824, 922, 779, 610, 772, 1009, 964, 699, 746, 868, 741, 599, 742, 931, 860, 611, 693, 656, 588, 590, 525, 622, 689, 555, 570, 590, 573, 500, 397, 573, 640, 533, 543, 557, 444, 537, 536, 519, 522, 557, 426, 526, 486, 477, 541, 524, 621, 541, 392, 510, 553, 514, 512, 416, 530, 525, 453, 443, 481, 494, 509, 522, 553, 430, 406, 502, 461, 349, 418, 514, 540]"
0.423723429441452,-0.6011564135551453,-0.1809598207473755,-0.751625120639801,-0.20279306173324585,0.3277803659439087,-0.6806619167327881,-0.14954829216003418,0.06480216979980469,19.5,-0.12780451774597168,-0.7859230041503906,26.5,-0.11879229545593262,0.032901763916015625,26.75,-0.10091090202331543,0.06651878356933594,27.0,-0.06872439384460449,0.0675201416015625,22.25,"[657, 601, 569, 595, 543, 590, 568, 602, 621, 519, 538, 535, 568, 633, 657, 612, 543, 533, 518, 506, 549, 581, 593, 528, 557, 472, 444, 536, 466, 471, 486, 531, 518, 587, 523, 440, 461, 512, 471, 425, 669, 622, 552, 589, 588, 576, 635, 599, 589, 553, 533, 517, 570, 592, 569, 534, 516, 556, 554, 506, 517, 554, 535, 518, 498, 463, 446, 494, 550, 505, 483, 500, 560, 517, 510, 597, 636, 555, 511, 513, 410, 451, 530, 581, 536, 432, 506, 524, 524, 475, 478, 469, 522, 487, 423, 521, 478, 426, 397, 443, 465, 403, 431, 500, 525, 546, 484, 440, 574, 599, 524, 539, 565, 546, 509, 473, 496, 505, 496, 586, 528, 544, 569, 480, 534, 563, 530, 572, 575, 599, 587, 571, 574, 590, 530, 528, 610, 632, 605, 574, 585, 579, 554, 568, 557, 615, 594, 563, 567, 578, 504, 510, 627, 607, 540, 543, 560, 537, 559, 529, 517, 516, 512, 515, 501, 487, 469, 513, 604, 564, 612, 645, 639, 575, 567, 617, 589, 575, 578, 638, 599, 567, 593, 575, 628, 562, 598, 616, 554, 562, 582, 598, 574, 561, 591, 563, 540, 624, 706, 662, 557, 507, 511, 559, 613, 575, 599, 647, 805, 713, 755, 659, 715, 712, 979, 1035, 1464, 2851, 3718, 2096, 888, 2559, 5049, 4606, 2048, 7481, 9115, 4740, 1072, 6328, 11924, 10129, 1673, 8588, 9822, 4899, 1109, 7162, 12835, 10376, 1230, 5574, 5767, 2686, 929, 4561, 7470, 5503, 1029, 2450, 2219, 1080, 901, 2069, 2756, 1696, 683, 870, 1015, 843, 734, 918, 1118, 948, 662, 839, 1014, 834, 669, 775, 961, 912, 899, 1304, 1728, 1224, 775, 1093, 1856, 1753, 1057, 1787, 2242, 1489, 822, 1401, 2436, 2337, 827, 1405, 1458, 989, 659, 1114, 1613, 1395, 600, 949, 868, 537, 535, 818, 978, 830, 653, 723, 808, 601, 588, 704, 777, 784, 755, 916, 1018, 800, 663, 771, 913, 999, 754, 805, 908, 822, 597, 626, 929, 999, 1348, 1967, 1516, 756, 779, 962, 1151, 758, 1911, 3182, 2465, 815, 1050, 1551, 1928, 940, 2157, 3697, 2896, 804, 1269, 1602, 1986, 839, 6487, 11090, 8488, 1711, 4065, 4076, 5355, 1570, 13311, 23300, 18009, 3780, 7754, 8379, 11888, 3912, 12971, 22589, 17530, 4419, 6823, 8738, 12301, 5016, 8426, 14618, 11559, 3715, 3789, 6551, 9036, 4571, 5952, 11113, 9226, 3201, 2858, 5325, 7453, 4038, 4103, 7964, 6744, 2331, 2276, 3737, 5259, 2880, 2579, 4382, 3684, 1468, 1330, 2244, 2959, 1904, 1739, 2423, 2026, 1118, 928, 1507, 1811, 1419, 1185, 1497, 1245, 830, 839, 1030, 1207, 942, 1012, 1262, 981, 698, 781, 1065, 1092, 754, 866, 1037, 888, 673, 724, 970, 871, 641, 1298, 1375, 1418, 1210, 963, 1366, 1358, 1078, 2137, 1975, 2334, 1921, 1351, 2437, 2108, 1718, 2031, 2170, 2281, 1701, 1420, 2381, 1947, 1586, 1890, 2350, 1697, 1098, 1561, 1438, 1110, 1062, 3266, 4058, 3190, 2018, 2617, 2447, 2016, 1822, 4138, 4884, 3950, 2842, 3173, 3114, 2493, 2315, 3064, 3995, 3307, 2238, 2657, 2716, 1977, 1674, 1967, 2948, 2445, 1202, 1720, 1952, 1516, 1020, 1217, 1855, 1564, 870, 1038, 1219, 1080, 865, 910, 1223, 1022, 653, 838, 908, 874, 687, 942, 1088, 843, 696, 818, 891, 874, 662, 1014, 1113, 900, 799, 698, 858, 864, 751, 952, 1121, 1065, 887, 717, 1062, 1011, 807, 1023, 1308, 1238, 1002, 1029, 1295, 1174, 889, 1128, 1414, 1321, 942, 985, 1067, 903, 865, 1039, 1241, 1127, 897, 865, 839, 866, 877, 1008, 1034, 841, 790, 776, 810, 795, 857, 868, 728, 822, 852, 739, 804, 807, 935, 725, 689, 732, 761, 636, 822, 955, 766, 727, 747, 661, 711, 641, 738, 836, 666, 705, 756, 652, 670, 650, 684, 833, 717, 723, 789, 713, 666, 590, 620, 715, 635, 773, 834, 790, 729, 708, 763, 699, 701, 741, 889, 888, 744, 739, 796, 768, 704, 835, 873, 996, 900, 816, 770, 723, 767, 906, 870, 896, 906, 829, 745, 730, 740, 879, 718, 758, 909, 808, 642, 891, 967, 1050, 850, 800, 812, 844, 851, 981, 1040, 850, 863, 865, 738, 700, 785, 800, 826, 935, 945, 999, 903, 763, 722, 971, 1028, 936, 950, 1096, 951, 804, 863, 1181, 1293, 874, 936, 1010, 831, 754, 907, 1010, 946, 662, 752, 788, 726, 627, 769, 778, 727, 710, 778, 912, 822, 666, 685, 916, 932, 757, 698, 925, 804, 749, 668, 922, 1049, 926, 772, 830, 711, 831, 739, 821, 1011, 991, 867, 960, 948, 925, 678, 870, 1067, 881, 731, 978, 1022, 748, 679, 919, 979, 768, 634, 860, 996, 742, 668, 937, 915, 699, 537, 914, 1110, 697, 560, 918, 942, 873, 597, 861, 937, 657, 643, 884, 1012, 842, 735, 755, 730, 654, 681, 834, 872, 826, 673, 604, 707, 745, 663, 704, 875, 854, 682, 692, 779, 713, 678, 692, 877, 811, 675, 754, 774, 682, 715, 746, 885, 747, 683, 688, 685, 563, 646, 779, 780, 699, 676, 695, 669, 586, 710, 719, 726, 795, 688, 793, 811, 691, 748, 809, 814, 993, 860, 1481, 1482, 920, 805, 1250, 1375, 1285, 1193, 2191, 1949, 1161, 1082, 2009, 2283, 1327, 1075, 1622, 1208, 873, 999, 1926, 2243, 2001, 1370, 1820, 1128, 883, 1103, 2452, 2914, 2355, 2317, 2105, 1459, 1267, 1598, 2893, 2876, 2196, 2454, 2067, 1377, 1191, 1635, 2316, 2171, 1587, 1799, 1837, 1392, 994, 1350, 2063, 1881, 1239, 1423, 1472, 1354, 961, 1180, 1670, 1433, 1275, 1298, 1346, 1217, 894, 1139, 1284, 1050, 1365, 1234, 1160, 1035, 833, 1128, 970, 1229, 1896, 1471, 1327, 1364, 1232, 1146, 1146, 1649, 2082, 1736, 1383, 1342, 1369, 1395, 1598, 1727, 1544, 1532, 1033, 1037, 1092, 1156, 1389, 1233, 1044, 940, 839, 880, 700, 739, 877, 962, 861, 831, 745, 902, 830, 605, 829, 1005, 847, 814, 754, 727, 766, 716, 884, 977, 590, 649, 631, 565, 549, 700, 820, 652, 568, 661, 685, 612, 615, 649, 705, 629, 634, 583, 598, 614, 552, 576, 684, 690, 562, 515, 535, 564, 510, 489, 550, 637, 519, 489, 551, 584, 514, 506, 557, 569, 460, 491, 475, 476, 432, 458, 515, 459, 463, 507, 600, 559, 429, 529, 612, 530, 470, 595, 605, 487, 455, 616, 662, 592, 451, 479, 432, 369, 414, 467, 506, 469]"
0.2614147663116455,-0.6510157585144043,-0.004591092467308044,-1.012249231338501,-0.22177478671073914,0.5385505557060242,-0.9113874435424805,-0.6603050231933594,1.1020660400390625,19.25,-0.48892974853515625,-0.5181312561035156,23.5,-0.4716205596923828,-0.5045413970947266,16.5,-0.4119682312011719,-0.4477500915527344,28.25,-0.37291526794433594,-0.38466453552246094,30.25,"[602, 559, 543, 627, 662, 622, 546, 565, 559, 552, 586, 599, 608, 604, 604, 597, 570, 603, 598, 543, 543, 545, 528, 551, 539, 550, 487, 450, 569, 569, 445, 446, 455, 484, 513, 446, 453, 546, 521, 447, 446, 503, 511, 461, 472, 547, 516, 467, 505, 521, 489, 514, 629, 555, 508, 488, 558, 562, 500, 598, 527, 585, 605, 539, 525, 560, 524, 478, 552, 587, 654, 601, 503, 594, 563, 504, 594, 642, 602, 603, 545, 602, 553, 454, 485, 551, 614, 579, 571, 575, 587, 619, 526, 463, 645, 653, 535, 552, 556, 499, 512, 488, 553, 606, 611, 674, 575, 531, 565, 572, 558, 552, 509, 627, 608, 518, 536, 631, 598, 510, 544, 623, 573, 617, 563, 588, 627, 492, 484, 518, 554, 585, 475, 502, 586, 519, 522, 533, 589, 607, 549, 581, 593, 579, 573, 696, 675, 616, 569, 536, 562, 549, 467, 574, 566, 596, 613, 558, 518, 496, 501, 487, 547, 579, 559, 533, 517, 571, 567, 459, 539, 625, 604, 584, 580, 600, 591, 590, 620, 676, 647, 574, 555, 644, 624, 617, 519, 573, 661, 569, 490, 566, 586, 497, 466, 536, 565, 488, 440, 588, 669, 559, 615, 636, 513, 516, 630, 670, 2208, 3807, 3424, 1658, 1023, 2354, 3230, 2236, 7523, 14428, 12699, 5319, 2513, 8527, 12257, 7820, 9252, 17955, 15496, 6057, 3037, 10305, 15157, 9551, 4809, 8401, 6973, 2781, 1705, 4348, 6569, 4472, 1585, 2148, 2005, 1324, 874, 1122, 1717, 1569, 861, 1202, 1387, 984, 570, 862, 1199, 1224, 988, 1955, 2182, 1311, 613, 1337, 2055, 1758, 1207, 2975, 3007, 1452, 691, 1725, 2804, 2124, 1197, 2310, 2125, 1069, 715, 1242, 1930, 1392, 926, 1378, 1376, 927, 636, 854, 1356, 1143, 748, 1164, 1239, 900, 617, 896, 1391, 1212, 719, 1104, 1160, 682, 553, 927, 1328, 1185, 676, 909, 906, 619, 498, 722, 947, 799, 625, 982, 928, 623, 517, 750, 900, 702, 1933, 3404, 2728, 808, 1312, 1354, 1601, 809, 6471, 11440, 8865, 1723, 3865, 4000, 5240, 1633, 10109, 18354, 14582, 3452, 5695, 6158, 9244, 3578, 9677, 19595, 16892, 5195, 5293, 6735, 10767, 5467, 7169, 14477, 12406, 3844, 3880, 4792, 8072, 4410, 2829, 5207, 4382, 1626, 1780, 2066, 2902, 1821, 4182, 7642, 6255, 1923, 2357, 3122, 4303, 2033, 3297, 5957, 4858, 1529, 1810, 2260, 3327, 1687, 1415, 2143, 1876, 916, 932, 962, 1221, 981, 962, 1202, 1461, 1112, 709, 922, 1069, 1183, 922, 1493, 1690, 1097, 739, 1043, 1223, 1118, 1626, 2698, 2551, 1450, 1696, 1775, 1546, 1206, 3389, 4758, 3490, 1959, 3512, 3274, 1841, 1309, 4367, 5648, 3646, 2331, 4307, 3737, 1735, 1533, 3516, 4496, 3094, 2085, 3515, 3077, 1417, 1500, 2840, 3626, 2980, 2139, 2780, 2766, 1700, 1715, 2498, 2980, 2732, 2246, 2079, 2485, 1886, 1975, 1850, 2363, 2611, 1661, 1438, 2170, 1634, 1559, 1943, 3176, 3107, 1529, 1719, 2313, 1631, 1314, 1460, 2483, 2397, 1195, 1409, 1677, 1125, 1043, 1476, 1924, 1617, 839, 1123, 1172, 982, 892, 1197, 1485, 1145, 752, 878, 923, 941, 801, 887, 1046, 940, 698, 888, 974, 757, 589, 893, 1093, 944, 746, 867, 819, 765, 661, 806, 918, 825, 693, 626, 567, 719, 756, 948, 1030, 852, 656, 616, 641, 721, 751, 822, 836, 754, 641, 731, 647, 672, 774, 774, 723, 702, 645, 675, 656, 715, 769, 674, 708, 726, 667, 677, 563, 692, 728, 644, 680, 637, 542, 663, 681, 629, 605, 728, 713, 586, 594, 707, 663, 582, 597, 778, 757, 648, 623, 619, 644, 652, 673, 637, 734, 729, 563, 465, 599, 613, 613, 661, 785, 819, 692, 524, 614, 704, 642, 627, 724, 829, 645, 636, 671, 637, 692, 675, 646, 692, 631, 594, 611, 707, 717, 682, 662, 802, 681, 625, 678, 803, 878, 745, 764, 851, 659, 571, 705, 761, 844, 724, 742, 797, 695, 669, 736, 851, 845, 699, 724, 727, 661, 721, 833, 793, 687, 717, 843, 828, 821, 839, 826, 693, 742, 838, 773, 752, 740, 689, 707, 772, 947, 816, 806, 789, 705, 651, 755, 838, 861, 775, 677, 730, 723, 644, 696, 584, 669, 705, 640, 671, 696, 572, 667, 640, 673, 665, 695, 668, 643, 618, 690, 724, 721, 853, 726, 648, 654, 646, 678, 671, 826, 925, 732, 703, 689, 626, 686, 719, 819, 915, 824, 599, 647, 538, 757, 706, 668, 742, 835, 645, 534, 616, 705, 692, 578, 733, 770, 681, 572, 589, 543, 640, 645, 1055, 824, 774, 807, 770, 727, 986, 1159, 1855, 1363, 973, 1270, 1093, 1184, 1774, 2060, 1780, 1420, 1167, 1454, 1233, 1257, 1934, 2122, 1342, 947, 1147, 1282, 1057, 1135, 1603, 1771, 1002, 791, 1026, 1020, 723, 953, 1460, 1547, 796, 661, 871, 864, 591, 725, 973, 1105, 870, 774, 833, 852, 706, 844, 936, 956, 901, 817, 743, 794, 760, 886, 833, 883, 766, 670, 695, 705, 678, 693, 676, 750, 659, 610, 733, 724, 579, 586, 736, 819, 761, 628, 723, 761, 714, 647, 757, 806, 688, 706, 800, 748, 592, 674, 844, 839, 623, 682, 849, 746, 536, 566, 836, 831, 800, 819, 783, 960, 627, 838, 1211, 1044, 1105, 1518, 1498, 1245, 816, 1483, 2398, 1969, 2031, 1660, 2370, 1640, 1049, 1432, 3272, 3606, 2914, 1369, 2287, 1735, 1327, 1256, 3537, 4499, 2531, 1117, 1793, 1798, 1174, 1016, 2578, 3542, 1986, 1037, 1418, 1580, 1097, 1098, 1893, 2389, 1762, 1346, 1317, 1462, 941, 1369, 2003, 1894, 1958, 1618, 1577, 1793, 1113, 1687, 2112, 1943, 2008, 1384, 1586, 1740, 1050, 1367, 1933, 2251, 1698, 1148, 1501, 1523, 1153, 1157, 1736, 2208, 1405, 1041, 1185, 1077, 1055, 996, 1273, 1537, 1087, 1095, 1051, 1029, 946, 927, 1151, 1180, 1001, 960, 1009, 940, 871, 818, 1105, 1164, 1008, 700, 855, 957, 759, 763, 855, 1075, 934, 731, 843, 976, 767, 827, 1044, 1056, 765, 648, 777, 824, 692, 713, 1002, 1036, 598, 635, 683, 546, 551, 677, 833, 789, 584, 582, 498, 471, 498, 589, 722, 663, 574, 586, 596, 522, 420, 582, 663, 600, 572, 513, 604, 611, 444, 553, 635, 628, 557, 486, 548, 595, 507, 511, 581, 588, 563, 525, 412, 466, 514, 530, 511, 461, 514, 517, 443, 383, 435, 543, 529, 474, 396, 375, 505, 500, 389, 580, 658, 512]"
0.1556328982114792,-0.6731932163238525,0.04926396533846855,-1.1033879518508911,0.0,0.0,0.0,-1.0057183504104614,-1.1844635009765625,17.75,-1.0057183504104614,-0.7442951202392578,-32.0,-1.0057183504104614,-0.7402896881103516,29.5,-1.0057183504104614,-0.6674766540527344,19.0,-1.0057183504104614,0.7505893707275391,26.5,"[534, 599, 612, 566, 574, 570, 613, 598, 509, 500, 609, 605, 533, 589, 629, 511, 402, 526, 564, 504, 457, 463, 490, 477, 415, 480, 558, 509, 490, 550, 546, 500, 455, 538, 539, 452, 571, 658, 517, 416, 528, 544, 558, 490, 547, 618, 570, 541, 583, 556, 598, 571, 509, 507, 575, 605, 600, 520, 551, 537, 475, 568, 552, 581, 511, 506, 556, 538, 512, 526, 537, 577, 564, 558, 495, 581, 594, 516, 479, 580, 537, 493, 471, 514, 542, 507, 471, 543, 548, 533, 506, 548, 583, 533, 520, 641, 550, 479, 431, 511, 547, 525, 599, 572, 518, 510, 470, 478, 538, 502, 564, 520, 464, 549, 534, 479, 529, 602, 596, 512, 517, 495, 514, 486, 561, 521, 495, 557, 597, 502, 450, 530, 605, 529, 499, 565, 637, 562, 506, 508, 605, 564, 531, 622, 554, 552, 543, 565, 662, 645, 495, 553, 548, 550, 613, 585, 634, 645, 578, 619, 529, 516, 512, 464, 533, 538, 530, 583, 549, 553, 549, 474, 473, 607, 618, 544, 546, 644, 600, 502, 584, 610, 670, 586, 665, 574, 555, 574, 529, 454, 589, 658, 667, 672, 598, 600, 563, 519, 550, 570, 3089, 4660, 3219, 940, 1517, 2081, 2575, 1046, 10114, 16098, 11496, 2108, 4566, 6002, 8282, 2699, 13308, 21461, 15327, 2149, 6072, 6744, 9981, 2607, 6909, 11636, 8592, 1554, 3125, 2582, 4627, 1479, 1411, 2515, 2401, 1109, 1425, 1751, 1400, 1097, 2066, 3369, 2492, 887, 1449, 2083, 2224, 941, 2051, 4361, 3932, 1528, 1252, 2390, 3276, 1895, 2488, 5382, 4802, 1794, 1256, 2750, 4024, 2297, 1392, 3174, 2989, 1258, 805, 1772, 2729, 1858, 762, 1570, 1608, 837, 553, 1211, 1872, 1484, 689, 1130, 1100, 709, 676, 954, 1324, 1116, 714, 915, 824, 657, 701, 845, 908, 832, 631, 678, 693, 619, 538, 478, 564, 647, 502, 581, 769, 720, 557, 470, 623, 658, 1398, 2427, 2070, 789, 1048, 1166, 1076, 634, 5914, 10338, 8019, 1361, 4027, 3690, 4108, 1256, 9530, 15993, 11988, 2016, 6110, 5147, 6429, 1967, 6688, 10461, 7532, 1631, 4149, 3293, 4055, 1647, 3000, 4252, 2950, 1037, 1870, 1795, 1926, 973, 2048, 2810, 2112, 888, 1371, 1461, 1578, 936, 1809, 2294, 1767, 848, 1091, 1253, 1352, 876, 1244, 1546, 1268, 718, 848, 959, 933, 727, 1121, 1454, 1240, 765, 822, 925, 995, 757, 1143, 1412, 1182, 775, 949, 1066, 1094, 857, 1048, 1330, 1164, 854, 926, 1071, 958, 828, 1006, 1788, 1783, 1014, 854, 1213, 1157, 901, 1703, 2703, 2260, 978, 1572, 1879, 1490, 1047, 2140, 3086, 2398, 1096, 1995, 2038, 1328, 1150, 2463, 3261, 2299, 1068, 1763, 1647, 1179, 1174, 4579, 5863, 4058, 1700, 3156, 3223, 1740, 1474, 6406, 8283, 5992, 2564, 4661, 5117, 2627, 2020, 4025, 5449, 4180, 1819, 3056, 3472, 2017, 1449, 1030, 1606, 1631, 905, 984, 1146, 1022, 845, 848, 937, 798, 764, 819, 714, 714, 750, 966, 1031, 829, 715, 823, 732, 603, 648, 749, 825, 741, 690, 768, 724, 649, 591, 643, 672, 623, 686, 763, 716, 525, 549, 574, 656, 794, 681, 711, 800, 673, 579, 650, 762, 895, 656, 643, 807, 717, 645, 546, 814, 848, 631, 700, 681, 553, 572, 676, 908, 888, 644, 748, 764, 704, 643, 634, 808, 760, 653, 661, 614, 646, 591, 693, 763, 686, 581, 541, 550, 615, 603, 696, 607, 607, 648, 599, 554, 525, 622, 748, 725, 686, 732, 673, 602, 598, 692, 726, 668, 738, 799, 722, 599, 638, 660, 709, 702, 706, 695, 645, 614, 551, 609, 761, 679, 732, 678, 619, 648, 588, 668, 774, 738, 697, 648, 713, 749, 763, 734, 891, 864, 838, 752, 757, 793, 830, 903, 925, 1247, 1093, 907, 938, 902, 817, 778, 993, 1188, 963, 992, 1007, 877, 764, 746, 759, 942, 844, 861, 991, 903, 741, 649, 850, 858, 683, 848, 1007, 881, 636, 688, 798, 808, 683, 713, 749, 849, 728, 700, 709, 693, 800, 738, 624, 745, 814, 693, 681, 786, 770, 648, 673, 689, 668, 683, 652, 802, 861, 644, 543, 600, 729, 656, 693, 901, 1061, 980, 714, 776, 926, 775, 656, 657, 861, 917, 691, 663, 880, 832, 743, 749, 698, 666, 725, 630, 677, 716, 749, 972, 861, 515, 570, 711, 821, 705, 622, 880, 866, 595, 543, 728, 805, 618, 640, 637, 638, 572, 448, 532, 603, 562, 607, 673, 708, 668, 546, 577, 612, 661, 571, 684, 624, 577, 638, 630, 563, 515, 743, 742, 640, 609, 629, 672, 691, 667, 732, 657, 779, 701, 567, 814, 1062, 1009, 1045, 1138, 1002, 778, 721, 1220, 1467, 1263, 1371, 1063, 768, 737, 883, 1091, 1289, 1449, 1147, 749, 617, 669, 754, 715, 851, 1263, 852, 794, 728, 557, 611, 841, 977, 938, 710, 783, 788, 628, 611, 777, 860, 797, 551, 679, 887, 819, 644, 808, 738, 646, 790, 926, 951, 840, 804, 834, 913, 942, 814, 898, 936, 685, 762, 733, 750, 896, 962, 867, 826, 725, 813, 751, 706, 953, 1316, 1065, 870, 821, 807, 779, 769, 1199, 1473, 1106, 655, 738, 812, 797, 683, 1168, 1464, 1788, 1684, 933, 781, 1329, 1850, 1680, 1667, 3258, 3737, 1596, 848, 2546, 4937, 4407, 1730, 3663, 3772, 1491, 1046, 3008, 5401, 4472, 1507, 2368, 2382, 1422, 977, 1805, 2865, 2471, 1349, 1683, 1884, 1347, 912, 1356, 2073, 2050, 1512, 1604, 1996, 1307, 886, 1516, 2550, 2607, 1247, 1267, 1742, 1255, 778, 1353, 2312, 2264, 1018, 1223, 1634, 1461, 862, 1305, 1916, 1623, 1002, 1093, 1459, 1272, 767, 1074, 1341, 1252, 1042, 976, 984, 962, 764, 750, 1019, 1284, 1048, 1134, 1252, 1152, 672, 1100, 1599, 1457, 1179, 1112, 961, 1056, 712, 932, 1210, 1000, 1825, 1490, 822, 977, 929, 914, 835, 1377, 1431, 1160, 928, 907, 848, 808, 1085, 1368, 907, 855, 685, 571, 595, 622, 702, 787, 904, 818, 703, 640, 715, 665, 633, 895, 760, 552, 717, 672, 639, 549, 771, 1004, 665, 656, 840, 720, 607, 522, 842, 985, 696, 569, 663, 585, 586, 535, 628, 807, 572, 495, 518, 479, 512, 561, 547, 581, 479, 409, 439, 461, 483, 501, 482, 471, 517, 509, 505, 498, 445, 511, 577, 559, 484, 590, 523, 435, 463, 515, 498, 468, 463, 531, 499, 485, 484, 574, 551, 453]"
-0.06504470109939575,-0.6731932163238525,0.04926396533846855,-1.1033879518508911,0.0,0.0,0.0,-1.0155712366104126,-0.8153915405273438,21.75,-1.0155712366104126,-0.7671833038330078,27.25,-1.0155712366104126,-0.7531642913818359,28.5,-1.0155712366104126,-0.6681919097900391,15.75,-1.0155712366104126,-0.6577491760253906,24.75,"[550, 650, 650, 628, 604, 634, 650, 641, 565, 634, 710, 626, 680, 658, 575, 573, 569, 593, 534, 555, 628, 576, 488, 509, 548, 500, 539, 500, 528, 513, 521, 547, 442, 387, 533, 590, 478, 376, 458, 482, 481, 471, 509, 534, 540, 506, 534, 526, 607, 494, 501, 599, 593, 555, 502, 550, 571, 506, 490, 635, 578, 533, 584, 546, 532, 534, 545, 605, 523, 518, 610, 558, 512, 469, 552, 627, 524, 486, 622, 589, 645, 577, 599, 693, 568, 582, 656, 615, 648, 611, 619, 692, 528, 623, 652, 551, 588, 571, 658, 668, 483, 597, 684, 597, 518, 579, 599, 621, 500, 453, 680, 631, 568, 649, 657, 618, 518, 617, 636, 532, 584, 601, 638, 591, 505, 562, 614, 579, 427, 437, 458, 512, 595, 519, 494, 488, 523, 505, 520, 613, 687, 616, 517, 529, 594, 581, 591, 642, 649, 625, 573, 586, 545, 608, 564, 586, 573, 564, 606, 548, 510, 513, 517, 541, 544, 580, 638, 548, 650, 688, 610, 482, 514, 585, 643, 604, 2439, 3495, 2409, 675, 1167, 1544, 1774, 656, 5848, 9647, 7159, 1243, 2857, 3349, 4624, 1197, 8453, 15213, 11885, 2361, 4425, 4436, 7249, 2368, 7275, 12767, 9844, 2001, 4137, 3445, 5689, 2068, 4280, 7039, 5193, 1053, 2520, 2071, 2856, 1133, 1765, 2611, 1867, 620, 1105, 946, 1255, 769, 1137, 1531, 1184, 618, 734, 994, 989, 661, 2165, 3077, 2259, 800, 1131, 1544, 1671, 973, 1519, 2028, 1751, 949, 682, 1191, 1637, 1430, 1205, 1939, 1807, 1026, 705, 1066, 1636, 1384, 857, 1224, 1244, 887, 594, 821, 1127, 1006, 826, 1063, 1015, 865, 635, 824, 1153, 996, 658, 706, 708, 592, 550, 715, 725, 685, 600, 647, 655, 541, 539, 670, 611, 526, 598, 596, 471, 473, 550, 559, 594, 495, 530, 605, 570, 465, 589, 613, 545, 529, 701, 857, 692, 555, 610, 724, 738, 619, 795, 1167, 1015, 658, 571, 841, 943, 576, 871, 1166, 961, 593, 555, 691, 801, 612, 821, 930, 761, 621, 628, 810, 838, 649, 659, 681, 612, 603, 570, 643, 735, 628, 827, 907, 740, 704, 775, 725, 808, 775, 1128, 1390, 1147, 912, 945, 837, 1042, 965, 1076, 1468, 1270, 1000, 987, 935, 1131, 1018, 940, 1230, 1074, 775, 1002, 1001, 959, 906, 696, 922, 853, 621, 809, 853, 790, 690, 537, 666, 631, 605, 627, 628, 737, 582, 664, 626, 596, 636, 642, 672, 681, 607, 949, 1112, 953, 909, 1109, 1041, 672, 674, 1821, 2392, 1793, 1793, 2387, 1892, 981, 976, 2555, 2969, 2133, 2194, 3018, 2381, 1360, 1433, 2508, 3128, 2546, 1919, 2601, 2610, 1823, 1589, 2457, 3607, 3115, 1787, 2282, 2408, 1678, 1362, 2047, 3386, 2926, 1608, 2193, 2203, 1439, 1206, 1391, 2464, 2283, 1342, 1762, 1839, 1312, 928, 1065, 1605, 1604, 1100, 1206, 1271, 1072, 825, 921, 932, 1075, 873, 827, 865, 729, 860, 911, 955, 869, 715, 838, 944, 786, 812, 858, 1067, 887, 602, 719, 894, 792, 570, 770, 933, 752, 662, 727, 735, 730, 507, 736, 861, 701, 655, 780, 759, 763, 619, 815, 1002, 865, 587, 724, 757, 662, 635, 809, 940, 756, 559, 637, 718, 588, 628, 664, 693, 670, 599, 718, 650, 562, 623, 574, 721, 722, 592, 641, 662, 726, 696, 702, 878, 914, 716, 713, 941, 899, 726, 677, 802, 851, 728, 637, 823, 838, 746, 1149, 1164, 796, 657, 916, 1017, 756, 802, 1728, 1482, 889, 880, 1063, 1381, 949, 1103, 1548, 1327, 1028, 890, 991, 1341, 945, 1062, 795, 785, 822, 676, 642, 841, 667, 616, 771, 693, 747, 784, 695, 636, 633, 715, 687, 680, 635, 661, 661, 629, 675, 708, 643, 751, 726, 719, 632, 687, 644, 587, 825, 766, 737, 744, 717, 699, 627, 634, 676, 816, 782, 710, 729, 720, 694, 633, 633, 829, 738, 612, 637, 657, 662, 585, 730, 697, 737, 720, 564, 583, 677, 695, 1471, 1321, 1716, 1559, 797, 1436, 1340, 1383, 1872, 1616, 2142, 1842, 1082, 2167, 1956, 1729, 1939, 1348, 1349, 1221, 1115, 1977, 1548, 1390, 1910, 1317, 1339, 1352, 859, 1403, 1189, 1520, 1109, 816, 942, 913, 651, 994, 917, 1011, 813, 726, 689, 685, 638, 792, 720, 680, 650, 771, 684, 654, 755, 705, 688, 635, 735, 734, 676, 695, 693, 752, 846, 775, 823, 1061, 985, 728, 627, 890, 1022, 802, 1147, 1567, 1369, 940, 796, 1264, 1587, 1191, 1823, 2931, 2427, 1106, 925, 1701, 2342, 1549, 1770, 2854, 2202, 863, 974, 1566, 2136, 1348, 1147, 1526, 1233, 761, 728, 1154, 1302, 904, 1236, 1582, 1288, 796, 894, 1500, 1553, 822, 1140, 1888, 1594, 906, 845, 1589, 1786, 920, 662, 1190, 1215, 805, 548, 914, 1232, 927, 551, 774, 745, 513, 532, 757, 948, 835, 670, 858, 782, 480, 595, 811, 838, 614, 796, 917, 882, 718, 693, 802, 834, 816, 1038, 916, 905, 906, 720, 662, 805, 993, 1250, 1040, 954, 1022, 668, 868, 973, 1106, 1485, 1196, 894, 1095, 804, 1096, 1041, 1096, 1381, 1078, 691, 890, 723, 792, 682, 1052, 1420, 1000, 652, 923, 787, 726, 686, 1128, 1334, 779, 877, 1073, 813, 945, 866, 1110, 1308, 947, 1577, 1314, 1005, 1330, 1201, 1445, 1004, 1276, 1853, 1276, 1044, 1735, 1526, 1544, 1093, 1541, 2079, 1548, 1099, 2076, 1861, 1592, 1265, 1593, 2300, 1692, 845, 1957, 1979, 1720, 1221, 1428, 1574, 1187, 654, 1293, 1451, 1176, 997, 1367, 1023, 677, 732, 1091, 1179, 674, 944, 1047, 782, 783, 751, 918, 949, 733, 913, 782, 769, 885, 744, 763, 571, 586, 847, 843, 982, 896, 797, 825, 684, 813, 725, 721, 882, 773, 677, 736, 683, 791, 721, 762, 809, 634, 788, 811, 636, 758, 747, 736, 783, 640, 753, 735, 652, 845, 831, 629, 761, 664, 603, 695, 693, 871, 689, 615, 553, 580, 550, 546, 602, 688, 534, 493, 531, 495, 487, 578, 599, 561, 424, 475, 508, 541, 473, 578, 651, 524, 549, 562, 538, 539, 578, 622, 651, 531, 595, 664, 565, 514, 549, 611, 602, 469, 577, 592, 567, 624, 474, 530, 573, 444, 537, 606, 511, 525, 449, 526, 519, 362, 433, 630, 639, 508, 490, 551, 543, 372, 601, 638, 592, 551, 494, 616, 600, 532, 570, 545, 540, 551, 504, 426, 527, 579]"
-0.2857223153114319,-0.6731932163238525,0.04926396533846855,-1.1033879518508911,0.0,0.0,0.0,-1.0254241228103638,-0.6663322448730469,30.5,-1.0254241228103638,-0.6321430206298828,-30.25,-1.0254241228103638,-0.5873680114746094,17.0,-1.0254241228103638,-0.55389404296875,30.0,-1.0254241228103638,0.7106781005859375,22.25,"[617, 561, 558, 668, 760, 670, 558, 561, 614, 696, 658, 595, 689, 786, 677, 502, 529, 579, 594, 529, 509, 631, 589, 528, 568, 491, 558, 536, 470, 507, 442, 521, 499, 481, 445, 479, 541, 536, 472, 475, 566, 600, 589, 553, 525, 523, 560, 563, 545, 610, 585, 508, 561, 609, 590, 540, 479, 474, 468, 428, 466, 532, 494, 503, 505, 473, 420, 426, 448, 501, 507, 448, 475, 507, 487, 478, 534, 554, 523, 412, 569, 477, 518, 491, 456, 485, 460, 570, 598, 535, 533, 514, 540, 574, 523, 531, 576, 515, 532, 494, 492, 515, 442, 541, 519, 490, 596, 580, 537, 503, 510, 572, 554, 557, 515, 547, 563, 508, 546, 589, 586, 566, 515, 608, 661, 597, 596, 581, 496, 504, 442, 486, 546, 558, 503, 496, 545, 562, 594, 555, 464, 508, 536, 564, 641, 631, 599, 602, 536, 551, 615, 637, 2510, 3583, 2516, 646, 1394, 1274, 1428, 635, 9419, 16197, 12272, 2010, 5158, 4449, 6933, 1752, 13778, 25462, 20151, 4131, 8084, 6911, 11169, 4251, 9212, 17698, 14601, 4004, 5922, 4848, 7515, 4112, 4004, 7096, 5880, 2054, 2982, 2479, 2612, 1932, 1139, 1930, 1771, 868, 1150, 1293, 824, 667, 724, 997, 979, 677, 749, 847, 661, 585, 882, 1308, 1242, 780, 824, 945, 971, 919, 1119, 2164, 1932, 1039, 1088, 1611, 1801, 1375, 1333, 2736, 2570, 1036, 1410, 2026, 1913, 1268, 1263, 2413, 2200, 820, 1390, 1670, 1090, 819, 744, 1093, 1123, 674, 747, 915, 790, 666, 655, 825, 758, 512, 570, 760, 760, 566, 568, 816, 883, 663, 556, 684, 763, 623, 831, 1079, 971, 709, 824, 799, 746, 615, 1571, 2183, 1578, 739, 1547, 1458, 942, 649, 1746, 2255, 1431, 939, 1801, 1556, 829, 769, 1169, 1415, 1009, 769, 1240, 1117, 694, 549, 987, 1197, 994, 753, 1003, 964, 706, 635, 1025, 1278, 1188, 878, 952, 910, 834, 808, 1079, 1241, 1179, 957, 965, 875, 769, 814, 862, 817, 858, 814, 893, 746, 597, 753, 878, 745, 784, 857, 780, 695, 617, 760, 1378, 1842, 1645, 1264, 1142, 1261, 1313, 973, 1939, 2943, 2516, 1474, 1364, 1558, 1827, 1251, 1474, 2272, 2030, 1159, 1011, 1023, 1240, 1058, 860, 1210, 1194, 844, 750, 754, 721, 687, 778, 1157, 1043, 684, 806, 805, 661, 492, 770, 1065, 944, 621, 769, 818, 706, 529, 635, 795, 777, 612, 704, 763, 703, 572, 689, 848, 922, 829, 700, 685, 634, 584, 659, 794, 619, 545, 644, 685, 523, 542, 909, 1018, 1010, 700, 775, 838, 717, 851, 967, 1248, 1190, 713, 894, 1061, 772, 845, 971, 1134, 923, 647, 914, 1027, 815, 701, 906, 1089, 877, 613, 821, 938, 743, 644, 778, 909, 834, 622, 663, 838, 782, 678, 644, 661, 612, 528, 579, 586, 544, 595, 609, 742, 789, 685, 688, 678, 556, 606, 651, 826, 867, 759, 671, 670, 628, 535, 871, 980, 948, 767, 673, 696, 693, 641, 697, 996, 970, 668, 672, 684, 662, 574, 860, 1029, 982, 785, 707, 710, 720, 666, 836, 997, 963, 761, 657, 743, 886, 714, 758, 853, 860, 703, 615, 619, 734, 719, 730, 722, 608, 560, 570, 592, 570, 675, 929, 799, 664, 642, 635, 718, 739, 761, 743, 744, 699, 634, 631, 729, 680, 581, 596, 721, 721, 681, 600, 695, 744, 604, 505, 600, 692, 710, 640, 651, 762, 646, 594, 675, 732, 730, 650, 743, 810, 679, 620, 649, 520, 533, 587, 647, 637, 573, 660, 734, 639, 559, 728, 702, 684, 620, 649, 766, 785, 625, 652, 644, 621, 632, 680, 667, 777, 732, 680, 672, 764, 751, 677, 634, 755, 748, 656, 662, 745, 795, 780, 695, 681, 802, 699, 693, 819, 823, 715, 815, 681, 635, 656, 746, 830, 691, 665, 837, 785, 630, 540, 741, 841, 694, 640, 767, 774, 697, 620, 716, 813, 680, 861, 856, 774, 883, 744, 705, 786, 832, 1145, 959, 894, 1032, 880, 995, 904, 979, 1228, 926, 1030, 1170, 986, 1217, 1141, 1117, 1029, 865, 1132, 1076, 779, 1101, 1266, 1281, 848, 746, 1046, 999, 709, 865, 1037, 1152, 884, 771, 886, 948, 849, 889, 786, 801, 841, 908, 854, 739, 732, 907, 832, 731, 807, 799, 840, 676, 676, 890, 850, 664, 621, 657, 728, 582, 532, 761, 730, 621, 573, 565, 589, 636, 638, 694, 614, 548, 768, 695, 638, 758, 757, 693, 637, 686, 881, 1000, 854, 735, 732, 865, 761, 576, 1041, 987, 888, 823, 808, 1078, 971, 703, 878, 897, 940, 812, 814, 1218, 1173, 745, 1392, 1461, 1334, 1109, 912, 1775, 1613, 818, 1697, 1421, 1395, 1136, 890, 1770, 1530, 1116, 1125, 923, 1151, 1012, 715, 1133, 1155, 1041, 667, 887, 978, 843, 684, 798, 947, 771, 862, 873, 858, 942, 757, 807, 842, 789, 936, 693, 860, 919, 625, 855, 1008, 1031, 795, 624, 697, 808, 646, 717, 800, 789, 1021, 806, 566, 832, 817, 754, 659, 709, 990, 844, 787, 992, 875, 871, 734, 784, 1087, 1040, 917, 970, 747, 951, 937, 911, 1144, 1031, 844, 877, 683, 919, 988, 913, 1164, 997, 1193, 1050, 724, 1038, 1135, 1287, 1850, 1494, 3053, 2346, 869, 1963, 2842, 3326, 2293, 1837, 4198, 3416, 931, 2531, 3555, 4153, 2090, 1645, 3473, 3257, 1053, 2254, 2537, 2873, 1456, 1287, 2042, 2245, 983, 1646, 2042, 1601, 1037, 1152, 1349, 1048, 822, 1188, 1484, 1265, 1069, 1257, 1324, 889, 939, 1337, 1709, 1527, 1287, 1018, 947, 723, 988, 1347, 1574, 1518, 1389, 1123, 787, 718, 1068, 1374, 1516, 1510, 1466, 1144, 960, 773, 1042, 1383, 1613, 1626, 1192, 1072, 819, 874, 790, 812, 722, 776, 1524, 1128, 753, 1049, 961, 1222, 1493, 1630, 1020, 731, 647, 835, 830, 878, 1245, 1401, 829, 720, 694, 662, 653, 685, 855, 884, 701, 749, 608, 489, 571, 664, 682, 542, 634, 857, 785, 592, 610, 656, 857, 746, 651, 885, 929, 685, 555, 715, 1037, 958, 688, 726, 897, 826, 627, 603, 785, 942, 608, 707, 919, 769, 635, 661, 899, 944, 650, 915, 1023, 790, 722, 861, 1038, 952, 698, 694, 843, 801, 733, 682, 786, 849, 531, 491, 535, 516, 454, 552, 638, 597, 544, 431, 479, 603, 477, 473, 566, 568, 542, 521, 501, 561, 524, 504, 544, 514]"
-0.506399929523468,-0.6731932163238525,0.04926396533846855,-1.1033879518508911,0.0,0.0,0.0,-1.035277009010315,0.9458541870117188,15.75,-1.035277009010315,1.0488510131835938,16.75,-0.7381597757339478,-0.30226707458496094,22.0,-0.6583372354507446,-0.231170654296875,-28.75,0.5043824911117554,2.675485610961914,16.5,"[554, 610, 698, 624, 467, 626, 699, 610, 505, 583, 662, 680, 587, 625, 685, 625, 523, 583, 687, 638, 525, 561, 627, 532, 531, 522, 518, 561, 488, 469, 481, 540, 584, 596, 533, 448, 510, 471, 465, 507, 474, 504, 473, 468, 616, 564, 481, 480, 421, 423, 386, 450, 562, 518, 455, 456, 472, 541, 546, 484, 487, 484, 516, 472, 492, 437, 471, 538, 511, 496, 428, 442, 590, 579, 512, 511, 543, 564, 513, 544, 554, 523, 615, 623, 502, 479, 554, 635, 519, 516, 552, 590, 554, 542, 496, 536, 520, 488, 552, 580, 506, 494, 559, 604, 604, 558, 570, 531, 531, 564, 553, 581, 605, 615, 596, 600, 503, 534, 532, 528, 696, 678, 642, 619, 539, 608, 567, 631, 3783, 5737, 4282, 1307, 1827, 2285, 2867, 1342, 16810, 27240, 20353, 4878, 7716, 9975, 13763, 5121, 28423, 45668, 33680, 7890, 13021, 16167, 23072, 9249, 20553, 31193, 22013, 5195, 8766, 10260, 15012, 7043, 5421, 6939, 4556, 1607, 1930, 2086, 3469, 2746, 915, 1521, 1561, 868, 830, 1292, 1443, 996, 815, 1080, 951, 599, 700, 742, 683, 686, 694, 708, 625, 574, 553, 611, 535, 579, 736, 768, 664, 504, 546, 654, 738, 704, 944, 1204, 1343, 888, 722, 1502, 1960, 1610, 2084, 4544, 4342, 1516, 1860, 3085, 3304, 2180, 2623, 5585, 5113, 1495, 2338, 2809, 1756, 986, 1766, 2718, 2388, 1058, 1347, 1292, 1471, 1472, 1191, 1571, 1427, 819, 816, 1414, 1540, 1165, 2822, 5050, 4305, 1070, 2301, 3024, 1969, 730, 6166, 10740, 8510, 1059, 5808, 6537, 3271, 795, 5920, 9467, 6890, 1045, 5843, 5854, 2681, 1000, 2675, 3724, 2367, 1025, 2779, 2445, 1106, 936, 941, 1092, 673, 820, 1170, 1010, 705, 671, 558, 838, 913, 741, 709, 691, 619, 586, 758, 1229, 1287, 851, 633, 730, 749, 772, 746, 1398, 1420, 813, 615, 801, 838, 786, 696, 1085, 1039, 630, 574, 758, 866, 691, 758, 977, 912, 650, 718, 889, 922, 824, 1149, 1381, 868, 671, 773, 810, 914, 849, 1931, 2621, 1917, 883, 1203, 881, 1183, 1093, 1703, 2512, 2015, 893, 1008, 951, 1214, 1017, 1052, 1397, 1080, 644, 849, 867, 977, 739, 1015, 1076, 851, 586, 729, 765, 765, 608, 833, 857, 823, 655, 618, 651, 748, 791, 605, 613, 669, 576, 568, 548, 668, 697, 719, 711, 684, 591, 613, 668, 646, 688, 847, 814, 563, 534, 666, 682, 672, 680, 866, 833, 564, 570, 710, 764, 706, 685, 707, 800, 562, 485, 647, 739, 676, 540, 689, 843, 713, 562, 600, 556, 636, 621, 711, 974, 895, 635, 726, 833, 787, 639, 815, 1089, 1022, 620, 856, 1108, 902, 631, 692, 803, 833, 720, 737, 795, 672, 638, 661, 644, 673, 639, 598, 573, 598, 623, 593, 662, 680, 588, 608, 628, 597, 561, 780, 1336, 1360, 835, 676, 752, 686, 703, 1148, 2214, 2159, 1074, 854, 1096, 952, 728, 1145, 1977, 1825, 929, 919, 1139, 1034, 691, 909, 1122, 995, 724, 852, 944, 821, 652, 781, 691, 619, 634, 777, 709, 583, 626, 712, 691, 648, 654, 661, 637, 596, 680, 739, 712, 535, 562, 571, 559, 658, 593, 714, 896, 744, 584, 600, 750, 788, 585, 752, 867, 667, 555, 654, 668, 732, 695, 712, 769, 671, 558, 584, 707, 747, 675, 637, 793, 750, 669, 595, 659, 807, 659, 727, 684, 585, 679, 679, 459, 560, 627, 696, 688, 569, 579, 601, 621, 541, 590, 654, 596, 645, 651, 595, 647, 647, 638, 671, 720, 646, 548, 652, 788, 713, 594, 577, 741, 747, 582, 620, 736, 683, 597, 734, 927, 878, 790, 621, 785, 900, 713, 851, 899, 915, 938, 722, 857, 964, 833, 741, 803, 836, 780, 706, 838, 840, 713, 670, 770, 701, 611, 639, 772, 669, 589, 820, 813, 785, 691, 653, 728, 721, 749, 753, 689, 621, 605, 562, 603, 573, 621, 748, 755, 708, 764, 622, 600, 699, 683, 620, 686, 817, 777, 587, 668, 791, 646, 712, 695, 821, 713, 689, 805, 746, 723, 859, 749, 864, 846, 702, 731, 731, 869, 856, 734, 863, 839, 780, 777, 724, 892, 670, 580, 748, 695, 619, 576, 618, 783, 671, 657, 564, 618, 609, 587, 624, 636, 790, 736, 639, 662, 632, 665, 691, 632, 682, 715, 719, 668, 648, 706, 842, 809, 731, 713, 774, 648, 674, 752, 783, 798, 1028, 772, 739, 698, 778, 776, 781, 1006, 1445, 983, 914, 800, 913, 1085, 954, 1285, 1592, 1160, 1039, 831, 923, 1134, 1053, 1400, 1274, 1156, 795, 644, 736, 836, 761, 929, 1059, 879, 546, 626, 629, 687, 733, 851, 871, 716, 586, 639, 637, 677, 731, 818, 589, 635, 601, 559, 535, 648, 688, 617, 847, 751, 534, 585, 705, 755, 591, 634, 903, 858, 617, 588, 753, 784, 540, 633, 672, 749, 698, 606, 610, 701, 635, 598, 843, 666, 861, 819, 570, 635, 668, 847, 936, 684, 765, 699, 635, 613, 772, 980, 1208, 768, 632, 806, 730, 653, 737, 1081, 1314, 708, 696, 753, 730, 764, 684, 1283, 1174, 812, 917, 701, 851, 909, 864, 1159, 982, 1347, 1748, 1092, 799, 1169, 2182, 2051, 1431, 2160, 3078, 1954, 830, 2326, 4507, 4190, 1349, 1605, 2286, 1778, 758, 2136, 3746, 3359, 1080, 964, 1133, 984, 670, 915, 1508, 1498, 915, 923, 1081, 938, 712, 777, 1181, 1205, 846, 1370, 1456, 1045, 710, 866, 1220, 1089, 1031, 1775, 1871, 1196, 664, 1023, 1266, 999, 1874, 1953, 1627, 920, 1021, 1355, 1698, 1653, 2256, 1704, 1093, 635, 1136, 1658, 2247, 2272, 1309, 1119, 908, 535, 761, 1169, 1631, 1536, 753, 808, 979, 767, 709, 862, 1032, 996, 812, 959, 1173, 963, 706, 829, 1143, 1045, 763, 958, 1337, 1090, 836, 730, 1416, 1426, 668, 824, 916, 822, 721, 711, 1193, 1125, 508, 599, 626, 658, 566, 650, 833, 728, 541, 527, 612, 606, 533, 753, 914, 741, 615, 528, 651, 603, 542, 700, 897, 842, 607, 598, 738, 658, 523, 692, 1055, 1003, 655, 529, 567, 513, 484, 632, 902, 902, 629, 631, 604, 538, 471, 529, 699, 732, 483, 573, 678, 543, 463, 545, 528, 514, 399, 479, 565, 474, 399, 468, 428, 467, 546, 527, 375, 378, 364, 404, 476, 486, 564, 456, 420, 470, 465, 423, 470, 602]"
-0.7270775437355042,-0.6731932163238525,0.04926396533846855,-1.1033879518508911,0.0,0.0,0.0,-1.0451298952102661,-0.5806446075439453,21.5,-0.9464246034622192,-0.4145622253417969,19.0,-0.917099118232727,-0.41985511779785156,31.0,-0.834701657295227,-0.38852691650390625,30.75,-0.8042317628860474,-0.37364959716796875,-29.5,"[593, 637, 596, 624, 730, 624, 594, 642, 559, 589, 544, 619, 737, 712, 575, 538, 423, 559, 573, 552, 645, 605, 489, 437, 541, 483, 453, 517, 599, 561, 521, 590, 548, 443, 508, 473, 573, 512, 474, 639, 611, 511, 493, 570, 699, 624, 548, 671, 569, 513, 535, 600, 563, 618, 592, 546, 609, 544, 543, 630, 627, 551, 540, 580, 525, 472, 521, 606, 608, 511, 505, 552, 491, 546, 553, 556, 620, 537, 510, 571, 587, 626, 613, 535, 548, 619, 490, 498, 545, 609, 606, 587, 516, 482, 459, 443, 544, 490, 485, 586, 562, 554, 429, 483, 586, 572, 605, 677, 621, 584, 508, 511, 621, 732, 678, 629, 632, 672, 589, 507, 2611, 4574, 3825, 1496, 1277, 2102, 2988, 1774, 10197, 18607, 15660, 5882, 4149, 8704, 12945, 7748, 16184, 28559, 23816, 9100, 6554, 13268, 19753, 12226, 12114, 19369, 15329, 5741, 4622, 9044, 12814, 8044, 4745, 6765, 4694, 1442, 1732, 3452, 4139, 2152, 1673, 2306, 1646, 636, 782, 1228, 1360, 653, 886, 1228, 965, 542, 708, 826, 837, 544, 795, 901, 760, 531, 723, 766, 683, 621, 638, 818, 766, 630, 596, 525, 645, 674, 867, 1258, 984, 572, 663, 643, 615, 526, 803, 937, 754, 562, 744, 955, 825, 635, 772, 1629, 1702, 860, 904, 1078, 1311, 1113, 693, 1465, 1461, 778, 702, 915, 1076, 821, 514, 690, 681, 568, 543, 526, 542, 511, 588, 588, 547, 525, 585, 609, 519, 461, 543, 603, 557, 501, 601, 567, 483, 487, 474, 592, 570, 535, 604, 638, 586, 479, 523, 654, 642, 574, 532, 583, 659, 575, 538, 664, 758, 580, 511, 591, 612, 624, 1340, 2698, 2491, 926, 1182, 1414, 1263, 890, 4914, 9517, 7944, 1801, 3498, 3730, 3882, 1573, 7234, 12565, 9783, 2003, 5071, 4717, 4832, 1822, 4659, 6579, 4417, 1276, 3458, 2936, 1867, 1402, 1930, 2337, 1641, 909, 1531, 1694, 1562, 1349, 1148, 1942, 1615, 768, 822, 1263, 1496, 1003, 943, 1345, 1267, 813, 643, 820, 1037, 744, 955, 1475, 1410, 861, 702, 957, 1171, 777, 931, 1244, 1273, 890, 717, 836, 1058, 956, 844, 1030, 1079, 788, 659, 775, 951, 910, 764, 1002, 1009, 697, 614, 734, 703, 678, 745, 925, 973, 680, 615, 749, 746, 711, 677, 914, 899, 772, 724, 714, 616, 560, 698, 772, 866, 718, 698, 744, 658, 632, 779, 740, 709, 683, 639, 744, 649, 654, 928, 826, 688, 595, 731, 838, 700, 737, 1074, 1219, 1067, 703, 1098, 1321, 1057, 948, 1487, 2017, 1691, 951, 1868, 1986, 1376, 1116, 1384, 1866, 1354, 786, 1735, 1709, 1119, 963, 961, 1167, 983, 698, 998, 1029, 818, 836, 817, 861, 695, 626, 728, 737, 686, 639, 746, 961, 840, 621, 719, 737, 692, 696, 688, 806, 765, 675, 647, 673, 625, 592, 717, 1029, 977, 697, 678, 815, 748, 641, 721, 1162, 1219, 797, 737, 848, 739, 713, 639, 956, 1111, 797, 773, 779, 706, 685, 744, 769, 797, 701, 793, 734, 741, 731, 696, 714, 694, 571, 712, 686, 634, 701, 709, 772, 749, 568, 594, 722, 656, 610, 663, 635, 610, 568, 574, 636, 608, 574, 606, 557, 634, 657, 588, 650, 611, 613, 730, 797, 781, 712, 665, 736, 715, 670, 661, 679, 749, 680, 636, 621, 694, 637, 682, 701, 761, 763, 660, 574, 643, 730, 705, 777, 694, 582, 540, 554, 625, 605, 735, 833, 737, 656, 585, 611, 675, 625, 597, 707, 710, 568, 546, 676, 672, 572, 632, 731, 605, 534, 554, 695, 744, 587, 508, 603, 543, 528, 565, 632, 683, 605, 671, 652, 669, 645, 600, 669, 695, 698, 848, 809, 671, 645, 661, 719, 717, 752, 750, 710, 640, 778, 677, 724, 745, 686, 890, 721, 616, 819, 721, 607, 643, 723, 868, 709, 554, 694, 731, 667, 645, 798, 649, 688, 673, 557, 651, 669, 644, 724, 780, 746, 782, 807, 757, 769, 732, 760, 705, 708, 863, 809, 657, 630, 636, 770, 594, 637, 884, 738, 504, 634, 661, 752, 563, 564, 692, 620, 497, 505, 610, 632, 638, 608, 589, 536, 549, 602, 537, 561, 629, 611, 636, 602, 670, 694, 660, 607, 563, 563, 578, 578, 573, 712, 699, 607, 521, 642, 660, 585, 634, 710, 634, 574, 497, 665, 700, 640, 543, 689, 776, 523, 773, 634, 701, 766, 623, 874, 953, 781, 1202, 1031, 823, 757, 772, 1210, 1215, 1064, 1230, 1002, 868, 739, 847, 1142, 1137, 1066, 1084, 910, 740, 676, 771, 1013, 911, 914, 827, 593, 540, 573, 628, 704, 631, 745, 704, 728, 663, 533, 636, 658, 727, 715, 636, 752, 688, 606, 512, 632, 773, 712, 596, 701, 703, 504, 566, 660, 626, 562, 556, 592, 533, 482, 494, 657, 615, 460, 563, 632, 662, 604, 623, 653, 591, 436, 603, 519, 633, 649, 592, 567, 659, 637, 682, 594, 634, 610, 588, 608, 750, 779, 827, 555, 608, 622, 565, 624, 777, 939, 769, 655, 703, 669, 558, 674, 830, 893, 692, 639, 750, 709, 573, 677, 718, 682, 749, 570, 826, 773, 631, 622, 859, 972, 972, 849, 1251, 870, 610, 830, 1760, 1951, 1217, 1137, 1654, 1093, 767, 1313, 2566, 2661, 959, 1020, 1109, 1006, 673, 1056, 1759, 1617, 1154, 863, 734, 845, 590, 686, 847, 1142, 1543, 1030, 795, 841, 678, 662, 1173, 1624, 934, 858, 881, 789, 683, 612, 861, 1117, 1015, 907, 988, 1053, 912, 816, 859, 1074, 1971, 1070, 1252, 1501, 1213, 1042, 1677, 2276, 1807, 944, 1230, 1493, 1035, 820, 1467, 2105, 1196, 842, 1084, 1111, 676, 705, 906, 1284, 925, 750, 780, 771, 623, 839, 742, 816, 918, 678, 588, 698, 738, 652, 602, 800, 715, 653, 587, 551, 635, 698, 689, 704, 558, 593, 662, 643, 570, 560, 689, 686, 525, 471, 565, 608, 468, 513, 570, 500, 628, 546, 614, 731, 588, 588, 615, 564, 522, 483, 562, 673, 548, 581, 557, 480, 501, 535, 636, 658, 556, 531, 551, 452, 477, 547, 677, 613, 469, 579, 653, 539, 516, 604, 660, 568, 527, 551, 642, 649, 528, 507, 564, 499, 511, 449, 463, 549, 481, 485, 462, 450, 427, 453, 436, 439, 437, 439, 436, 407, 428, 527, 483, 389, 456, 498, 377, 388, 492, 507, 443, 357]"
0.09918826818466187,-0.04813194274902344,0.1157902330160141,0.1781708002090454,0.577759861946106,0.3011086583137512,0.8641160726547241,-0.6473668813705444,-0.3444671630859375,-29.5,-0.47041261196136475,-0.07481575012207031,24.75,-0.4625447988510132,0.15649795532226562,25.5,-0.4556783437728882,-0.07610321044921875,-30.5,-0.4442342519760132,-0.019168853759765625,-30.5,"[439, 611, 670, 542, 491, 544, 669, 606, 528, 597, 557, 529, 545, 544, 634, 585, 609, 600, 531, 538, 602, 584, 668, 625, 654, 545, 478, 562, 586, 514, 581, 627, 483, 472, 432, 434, 475, 470, 518, 503, 528, 488, 489, 494, 479, 500, 529, 556, 500, 458, 459, 468, 476, 474, 512, 551, 563, 557, 517, 531, 511, 523, 549, 533, 515, 419, 443, 567, 495, 428, 552, 572, 504, 515, 514, 587, 517, 528, 577, 548, 525, 508, 529, 586, 664, 535, 558, 609, 548, 591, 593, 553, 594, 567, 527, 561, 534, 446, 526, 568, 513, 446, 485, 558, 617, 655, 613, 524, 535, 477, 454, 516, 829, 1003, 1081, 840, 654, 799, 975, 977, 4203, 9162, 9737, 4927, 1624, 5708, 9470, 7710, 11043, 25857, 26068, 12210, 3881, 15515, 25283, 19125, 11673, 26476, 25787, 11435, 4780, 15804, 25029, 18392, 4859, 10210, 10406, 4892, 2826, 6485, 9918, 8054, 1530, 1514, 2697, 1720, 870, 1504, 2378, 2927, 1526, 2093, 1847, 945, 665, 1094, 1661, 1561, 1019, 1547, 1274, 601, 633, 819, 1161, 877, 873, 1016, 873, 716, 619, 673, 815, 680, 683, 1151, 1080, 660, 574, 631, 733, 583, 1108, 2155, 1946, 804, 650, 681, 1152, 841, 1457, 2425, 1977, 847, 798, 683, 1059, 739, 1126, 1671, 1196, 579, 705, 786, 922, 615, 742, 851, 755, 681, 654, 673, 722, 659, 685, 863, 829, 634, 587, 547, 523, 583, 616, 992, 974, 608, 582, 691, 629, 544, 557, 620, 734, 714, 614, 616, 660, 644, 550, 621, 703, 729, 631, 544, 673, 614, 541, 559, 603, 668, 540, 508, 552, 530, 572, 753, 752, 598, 528, 598, 649, 549, 1541, 2867, 2414, 795, 1063, 1178, 1529, 812, 3265, 5778, 4611, 1204, 2043, 2077, 2688, 1196, 2973, 4698, 3517, 1178, 2015, 1750, 1948, 943, 925, 1299, 959, 718, 1048, 1241, 1148, 734, 3337, 5269, 3856, 949, 1408, 2859, 3319, 1241, 3685, 5718, 4207, 1099, 1724, 3103, 3369, 1078, 2230, 3877, 3107, 1205, 1318, 2310, 2632, 1144, 1202, 1985, 1667, 952, 955, 1463, 1680, 1005, 1382, 2038, 1513, 614, 945, 1369, 1464, 757, 1174, 1676, 1281, 595, 878, 1053, 1089, 749, 790, 958, 862, 590, 689, 686, 817, 794, 591, 675, 707, 601, 586, 616, 650, 607, 647, 649, 629, 644, 579, 538, 603, 589, 625, 675, 621, 590, 618, 658, 667, 547, 716, 744, 661, 612, 674, 778, 694, 529, 693, 691, 610, 669, 628, 667, 610, 608, 762, 857, 887, 861, 780, 689, 733, 756, 1339, 1665, 1307, 958, 1496, 1552, 967, 877, 1641, 2499, 2015, 925, 1839, 1973, 1122, 777, 1320, 2075, 1832, 902, 1286, 1288, 805, 784, 1017, 1336, 1197, 789, 929, 924, 809, 761, 833, 937, 856, 695, 702, 610, 744, 852, 690, 709, 671, 640, 584, 662, 799, 759, 705, 871, 872, 616, 740, 936, 819, 740, 728, 1064, 1062, 652, 823, 1112, 926, 685, 746, 1184, 1200, 734, 744, 925, 953, 741, 751, 1150, 1086, 648, 601, 674, 657, 588, 729, 883, 743, 572, 629, 616, 549, 599, 669, 895, 788, 529, 598, 701, 712, 569, 556, 686, 653, 536, 617, 645, 555, 547, 490, 568, 603, 511, 486, 615, 582, 452, 641, 656, 697, 625, 566, 606, 732, 673, 683, 688, 769, 633, 561, 572, 657, 707, 666, 739, 862, 672, 578, 591, 695, 855, 691, 807, 803, 689, 576, 639, 808, 778, 604, 770, 767, 706, 632, 697, 803, 711, 646, 702, 674, 646, 573, 673, 671, 588, 664, 598, 544, 668, 685, 643, 554, 588, 563, 669, 652, 611, 624, 626, 677, 646, 638, 699, 681, 596, 590, 681, 725, 672, 713, 707, 554, 537, 502, 663, 723, 653, 848, 865, 637, 576, 702, 698, 649, 666, 692, 700, 624, 603, 672, 685, 707, 660, 708, 738, 536, 651, 707, 693, 743, 671, 745, 792, 671, 616, 626, 653, 692, 676, 720, 773, 728, 683, 784, 758, 678, 626, 796, 756, 576, 625, 875, 832, 589, 660, 850, 774, 552, 605, 719, 727, 629, 708, 741, 673, 599, 624, 585, 657, 617, 681, 707, 784, 653, 589, 596, 606, 576, 643, 626, 616, 611, 639, 644, 620, 638, 726, 540, 611, 752, 679, 558, 593, 743, 700, 505, 472, 605, 659, 666, 702, 717, 611, 720, 554, 572, 715, 782, 712, 887, 928, 1537, 1009, 808, 872, 983, 904, 1482, 1826, 1855, 1088, 949, 791, 939, 1097, 1740, 2175, 1344, 777, 814, 722, 874, 861, 1027, 1430, 772, 777, 907, 758, 669, 781, 765, 717, 639, 730, 796, 685, 654, 638, 679, 657, 616, 566, 702, 604, 567, 598, 602, 682, 588, 742, 712, 570, 634, 660, 576, 544, 710, 837, 861, 719, 717, 733, 680, 629, 675, 662, 778, 689, 599, 693, 695, 675, 706, 613, 787, 738, 650, 667, 636, 683, 677, 656, 705, 673, 673, 628, 609, 698, 820, 748, 664, 590, 663, 647, 610, 751, 952, 875, 678, 641, 660, 702, 708, 859, 924, 866, 748, 702, 680, 667, 622, 795, 653, 721, 683, 565, 552, 612, 566, 565, 602, 493, 632, 635, 555, 496, 648, 716, 946, 795, 987, 805, 632, 900, 1381, 1403, 1223, 1000, 1049, 816, 676, 919, 1465, 1607, 1122, 1035, 848, 827, 814, 993, 929, 1032, 797, 1054, 928, 839, 837, 1050, 1284, 953, 763, 601, 531, 555, 634, 629, 947, 1057, 785, 570, 683, 698, 622, 599, 684, 833, 703, 655, 833, 917, 674, 754, 997, 906, 1215, 778, 945, 1073, 813, 1016, 1221, 1429, 1343, 724, 958, 1175, 873, 952, 1062, 1309, 663, 581, 700, 813, 705, 872, 880, 676, 617, 647, 594, 627, 762, 893, 838, 683, 628, 745, 725, 727, 687, 793, 938, 829, 632, 771, 654, 491, 607, 838, 1021, 773, 732, 810, 588, 530, 599, 691, 751, 670, 545, 615, 700, 526, 472, 534, 673, 598, 615, 633, 705, 609, 541, 530, 704, 751, 655, 588, 672, 569, 544, 512, 814, 918, 621, 538, 630, 566, 566, 552, 620, 737, 512, 646, 629, 467, 469, 541, 611, 553, 544, 645, 612, 597, 479, 449, 548, 524, 446, 565, 538, 503, 458, 429, 462, 447, 474, 588, 540, 515, 563, 549, 519, 492, 393, 445, 543, 502, 450, 484, 478, 494, 395, 416, 485, 463, 444, 480, 421, 360]"
0.8678910136222839,-0.21164046227931976,0.1328207552433014,-0.21088123321533203,-0.35166409611701965,0.1444571316242218,-0.4967848062515259,-1.3222733736038208,1.8794059753417969,19.0,-0.2731362581253052,1.1263847351074219,31.5,-0.15411770343780518,1.2282371520996094,15.5,-0.1508275270462036,1.0558605194091797,-27.75,-0.05498325824737549,0.9876251220703125,31.5,"[572, 590, 629, 547, 438, 549, 627, 582, 490, 576, 580, 628, 528, 545, 658, 510, 616, 606, 572, 538, 528, 613, 581, 520, 524, 583, 627, 546, 510, 543, 477, 434, 547, 497, 527, 561, 495, 470, 421, 492, 534, 509, 565, 588, 463, 609, 656, 533, 512, 496, 460, 444, 530, 530, 482, 447, 428, 485, 503, 500, 494, 548, 484, 403, 418, 469, 470, 473, 545, 480, 462, 445, 601, 559, 519, 522, 562, 544, 511, 614, 567, 572, 525, 486, 511, 530, 605, 583, 666, 542, 573, 561, 567, 592, 618, 716, 649, 579, 632, 670, 680, 552, 549, 682, 540, 556, 603, 591, 552, 544, 565, 593, 513, 530, 580, 544, 541, 550, 547, 577, 447, 536, 498, 477, 480, 540, 583, 455, 582, 555, 537, 576, 607, 645, 530, 501, 544, 579, 618, 544, 528, 642, 591, 510, 523, 497, 514, 545, 516, 512, 554, 449, 507, 522, 515, 617, 572, 501, 519, 462, 495, 539, 553, 506, 442, 562, 627, 528, 539, 630, 615, 563, 616, 720, 687, 568, 606, 595, 617, 641, 698, 647, 640, 657, 582, 645, 515, 536, 595, 522, 570, 574, 553, 697, 586, 484, 585, 659, 676, 535, 599, 756, 768, 586, 610, 679, 583, 438, 595, 660, 658, 607, 553, 643, 597, 513, 637, 595, 645, 688, 588, 568, 581, 558, 541, 567, 542, 531, 527, 564, 529, 552, 445, 456, 521, 508, 466, 473, 569, 548, 496, 476, 563, 597, 487, 532, 547, 492, 555, 490, 495, 533, 544, 556, 457, 512, 614, 577, 512, 541, 525, 567, 478, 497, 751, 692, 579, 560, 615, 754, 657, 520, 576, 611, 588, 581, 568, 676, 682, 565, 530, 618, 598, 496, 541, 584, 568, 482, 624, 633, 565, 584, 536, 484, 569, 537, 639, 666, 623, 591, 558, 506, 565, 635, 628, 597, 664, 587, 588, 579, 505, 576, 592, 568, 551, 529, 627, 589, 516, 592, 458, 511, 532, 455, 470, 524, 555, 581, 513, 519, 591, 559, 547, 538, 594, 539, 538, 570, 626, 600, 538, 552, 647, 604, 613, 714, 720, 637, 552, 660, 707, 600, 607, 644, 588, 534, 580, 674, 607, 541, 620, 558, 510, 493, 639, 627, 532, 554, 601, 589, 573, 555, 625, 607, 557, 594, 645, 570, 616, 729, 615, 606, 638, 638, 720, 631, 601, 693, 582, 609, 625, 608, 581, 607, 639, 620, 613, 582, 531, 517, 623, 614, 641, 601, 548, 575, 534, 613, 519, 577, 603, 581, 572, 587, 599, 592, 626, 578, 632, 564, 560, 613, 632, 638, 954, 860, 1136, 1063, 855, 862, 1649, 1714, 2323, 1522, 2822, 2976, 1980, 1780, 5008, 5256, 1074, 1930, 1851, 1527, 1228, 2039, 3565, 2990, 8978, 8975, 13157, 7582, 5429, 8791, 21280, 21651, 17454, 13631, 22347, 14555, 10738, 13698, 36129, 38545, 14119, 8018, 13944, 10584, 9047, 8461, 24184, 27411, 6589, 1503, 3063, 3548, 4288, 1965, 7495, 10148, 2144, 1648, 2285, 1550, 1281, 1456, 3306, 3798, 1530, 2530, 3728, 2280, 1025, 2102, 4890, 4816, 1810, 2953, 4127, 2373, 1183, 2372, 5714, 5589, 1609, 2177, 3015, 1740, 1006, 1926, 4325, 4287, 1209, 1637, 2386, 1519, 756, 1337, 2927, 3029, 698, 770, 955, 747, 625, 812, 1070, 1065, 559, 511, 602, 582, 518, 518, 560, 597, 616, 531, 634, 630, 648, 603, 561, 633, 590, 604, 606, 645, 621, 577, 535, 498, 617, 700, 618, 583, 582, 616, 615, 551, 666, 599, 642, 757, 551, 572, 606, 654, 666, 768, 1067, 1064, 808, 744, 667, 682, 813, 1572, 2165, 1830, 999, 926, 1088, 821, 871, 1999, 2613, 2092, 1180, 865, 1078, 1092, 1388, 2485, 3122, 1934, 1133, 1589, 1165, 1356, 1761, 2490, 3080, 1926, 844, 1781, 1222, 1629, 1074, 1669, 2467, 1912, 712, 1284, 1259, 1337, 800, 1030, 1307, 1190, 606, 1200, 1347, 877, 947, 1095, 953, 830, 870, 946, 1054, 953, 1309, 1685, 1899, 1772, 1502, 1327, 1535, 1700, 1522, 1925, 2197, 2152, 1909, 1692, 1690, 1800, 986, 1329, 1491, 1395, 1258, 1133, 1097, 1093, 699, 907, 1041, 914, 799, 788, 768, 778, 756, 649, 942, 844, 714, 874, 787, 829, 688, 583, 681, 604, 513, 722, 637, 692, 668, 668, 623, 737, 749, 683, 691, 726, 819, 635, 714, 925, 730, 634, 748, 774, 797, 755, 637, 699, 738, 721, 685, 687, 611, 650, 563, 606, 684, 670, 555, 588, 733, 676, 690, 697, 666, 672, 653, 699, 759, 744, 667, 698, 694, 647, 641, 587, 678, 713, 679, 657, 692, 665, 687, 604, 536, 623, 563, 567, 528, 596, 654, 585, 580, 562, 491, 443, 441, 566, 652, 577, 582, 558, 509, 481, 472, 531, 515, 528, 655, 492, 571, 639, 619, 612, 554, 620, 669, 487, 526, 641, 666, 601, 527, 664, 544, 464, 527, 644, 723, 589, 600, 611, 581, 608, 581, 562, 643, 622, 588, 570, 628, 574, 560, 568, 578, 642, 522, 500, 665, 594, 625, 571, 528, 611, 517, 558, 623, 594, 654, 530, 593, 648, 490, 558, 523, 520, 568, 539, 594, 546, 398, 475, 604, 558, 502, 497, 540, 540, 508, 545, 600, 574, 579, 626, 550, 646, 628, 540, 544, 594, 568, 571, 482, 560, 657, 537, 626, 630, 564, 550, 535, 591, 614, 559, 518, 620, 587, 573, 562, 598, 631, 597, 497, 604, 600, 596, 635, 652, 630, 540, 583, 598, 573, 584, 745, 690, 594, 494, 631, 622, 575, 631, 656, 563, 528, 552, 666, 625, 531, 612, 639, 568, 611, 625, 547, 548, 544, 618, 552, 483, 507, 549, 571, 597, 545, 529, 535, 523, 535, 531, 579, 588, 521, 493, 532, 514, 535, 645, 810, 833, 911, 746, 614, 673, 770, 895, 776, 907, 1199, 882, 557, 651, 1008, 1127, 722, 763, 944, 822, 608, 664, 982, 1069, 642, 709, 617, 506, 584, 559, 622, 644, 533, 602, 627, 477, 552, 572, 613, 611, 449, 564, 563, 448, 482, 524, 578, 519, 454, 512, 493, 433, 461, 491, 463, 399, 425, 474, 505, 512, 470, 477, 496, 467, 403, 382, 435, 411, 424, 462, 433, 424, 493, 394, 381, 469, 431, 376, 359, 411, 512, 425, 398, 462, 431, 370, 400, 442, 467, 364, 408, 487, 457, 453, 444, 463, 449, 424, 447, 492, 378, 409, 419, 381]"
0.8546476364135742,-0.14645537734031677,-0.10609208047389984,-0.25395286083221436,-0.27066266536712646,-0.2793633043766022,-0.5340306758880615,-0.668412446975708,1.3177871704101562,20.75,-0.28145909309387207,1.1731624603271484,-31.75,-0.1751720905303955,0.7634639739990234,19.0,-0.041419267654418945,0.9079456329345703,-28.75,-0.026398897171020508,0.8385658264160156,30.75,"[595, 692, 683, 673, 722, 673, 684, 686, 607, 675, 634, 687, 743, 643, 650, 604, 572, 498, 446, 611, 661, 547, 527, 562, 538, 508, 569, 585, 495, 392, 543, 647, 479, 445, 497, 470, 425, 471, 505, 489, 538, 476, 504, 449, 455, 564, 509, 471, 487, 483, 592, 560, 557, 536, 515, 523, 537, 512, 600, 598, 561, 512, 481, 534, 539, 470, 475, 490, 545, 508, 485, 533, 620, 557, 604, 560, 572, 527, 560, 641, 643, 597, 564, 592, 540, 589, 604, 616, 736, 672, 533, 577, 648, 612, 538, 543, 665, 547, 587, 543, 579, 614, 473, 540, 596, 527, 499, 562, 583, 549, 416, 531, 501, 479, 524, 637, 558, 517, 597, 593, 528, 519, 552, 611, 612, 580, 620, 633, 484, 423, 528, 522, 526, 529, 451, 546, 501, 439, 514, 561, 583, 547, 467, 480, 543, 461, 564, 667, 534, 435, 514, 529, 585, 441, 520, 701, 587, 458, 518, 648, 549, 523, 560, 554, 538, 478, 575, 643, 613, 697, 651, 524, 554, 588, 638, 586, 471, 580, 628, 582, 473, 542, 593, 530, 543, 469, 594, 639, 521, 556, 707, 657, 643, 616, 571, 497, 546, 720, 748, 629, 671, 717, 547, 489, 611, 687, 601, 503, 597, 615, 601, 532, 554, 605, 619, 599, 502, 520, 520, 501, 460, 521, 605, 590, 499, 509, 524, 577, 500, 487, 582, 540, 521, 592, 625, 622, 611, 602, 660, 592, 594, 596, 566, 558, 567, 558, 487, 490, 535, 524, 535, 581, 529, 547, 535, 472, 564, 565, 454, 495, 557, 531, 596, 577, 545, 605, 596, 441, 483, 589, 629, 544, 531, 625, 585, 518, 530, 585, 707, 632, 539, 571, 584, 602, 524, 543, 656, 605, 543, 504, 587, 533, 536, 500, 606, 601, 478, 569, 659, 546, 585, 573, 580, 588, 485, 572, 599, 554, 624, 566, 509, 500, 540, 596, 574, 582, 662, 616, 597, 576, 593, 569, 555, 609, 624, 607, 599, 550, 499, 510, 548, 542, 463, 539, 614, 578, 600, 493, 533, 602, 550, 551, 625, 633, 558, 532, 542, 601, 588, 546, 630, 609, 565, 554, 590, 559, 564, 584, 585, 550, 576, 603, 628, 569, 623, 632, 706, 627, 587, 581, 556, 653, 650, 644, 673, 637, 589, 536, 537, 598, 648, 622, 574, 614, 599, 503, 478, 552, 598, 555, 555, 549, 524, 512, 523, 571, 633, 536, 470, 491, 594, 606, 548, 540, 583, 550, 502, 524, 544, 499, 484, 543, 456, 367, 530, 574, 735, 646, 730, 730, 619, 665, 982, 1012, 1411, 912, 1507, 1528, 1111, 1017, 2563, 2755, 3775, 1797, 2728, 2947, 2648, 1713, 3859, 5213, 11151, 7693, 12053, 9262, 7012, 7525, 17402, 19682, 16701, 12321, 20678, 15266, 10144, 11615, 29421, 32666, 13145, 10011, 16944, 13486, 8291, 9065, 22932, 25406, 6729, 4402, 6199, 6418, 4863, 3430, 8088, 9871, 2945, 1603, 1415, 2274, 2272, 1378, 2699, 3733, 857, 1068, 1734, 1527, 885, 705, 1355, 1490, 1116, 2466, 3683, 2538, 970, 1451, 3422, 3466, 1020, 2886, 3978, 2507, 857, 1651, 3829, 3699, 1214, 2372, 3395, 2207, 936, 1730, 3807, 3758, 1890, 2357, 3762, 2522, 1131, 1961, 4711, 4867, 1380, 1845, 2830, 1974, 966, 1494, 3520, 3595, 709, 867, 1110, 1003, 676, 775, 1347, 1315, 564, 515, 578, 672, 581, 620, 705, 620, 430, 605, 621, 503, 595, 681, 626, 496, 541, 652, 693, 664, 662, 520, 548, 533, 571, 707, 727, 619, 518, 585, 647, 592, 775, 835, 749, 739, 811, 711, 778, 809, 1079, 1242, 1411, 1327, 1033, 696, 855, 1037, 1459, 2913, 3028, 1768, 865, 1382, 1646, 1079, 2513, 4565, 3760, 1314, 1177, 2405, 2940, 1224, 2338, 3751, 2882, 1097, 1226, 2141, 2486, 1072, 1437, 2139, 1962, 1373, 1170, 1667, 1823, 1101, 885, 1134, 1344, 1152, 845, 902, 984, 971, 1060, 889, 847, 911, 921, 937, 920, 1034, 1382, 1146, 1118, 1059, 1100, 1203, 1012, 1312, 1183, 948, 880, 855, 787, 1036, 898, 997, 792, 667, 773, 826, 605, 715, 686, 686, 771, 691, 793, 794, 790, 820, 690, 662, 737, 644, 665, 646, 765, 800, 696, 693, 641, 729, 832, 736, 656, 734, 748, 653, 679, 895, 1018, 858, 663, 846, 832, 639, 672, 772, 744, 696, 685, 788, 754, 625, 702, 753, 667, 579, 663, 679, 707, 630, 628, 691, 637, 485, 561, 728, 671, 547, 595, 623, 648, 677, 602, 673, 693, 617, 510, 619, 733, 654, 540, 587, 660, 523, 563, 660, 642, 644, 607, 626, 607, 575, 670, 633, 663, 706, 678, 581, 507, 590, 626, 551, 575, 619, 663, 624, 570, 630, 575, 490, 552, 617, 652, 556, 573, 648, 623, 523, 554, 601, 662, 547, 512, 584, 624, 618, 576, 527, 614, 522, 655, 683, 621, 702, 682, 536, 632, 673, 636, 643, 678, 626, 588, 600, 601, 592, 586, 673, 693, 599, 540, 541, 576, 646, 642, 659, 603, 550, 564, 531, 571, 574, 659, 688, 513, 553, 578, 570, 607, 671, 649, 584, 554, 591, 615, 631, 621, 721, 644, 515, 606, 598, 613, 563, 548, 606, 568, 572, 568, 644, 618, 491, 501, 570, 592, 519, 560, 603, 616, 664, 652, 588, 539, 543, 567, 584, 642, 514, 541, 646, 672, 607, 572, 710, 634, 682, 709, 631, 803, 688, 691, 661, 635, 833, 753, 580, 739, 748, 684, 667, 600, 700, 678, 586, 649, 741, 683, 710, 609, 537, 629, 663, 647, 684, 520, 573, 535, 483, 521, 577, 654, 625, 586, 597, 602, 500, 500, 559, 575, 616, 688, 696, 656, 585, 484, 618, 647, 603, 965, 893, 714, 669, 641, 808, 883, 879, 941, 873, 890, 879, 667, 852, 1007, 992, 717, 708, 993, 919, 614, 743, 1023, 1036, 603, 600, 828, 730, 528, 696, 915, 854, 588, 506, 569, 502, 509, 629, 630, 622, 668, 685, 585, 604, 616, 668, 582, 522, 610, 546, 635, 686, 555, 579, 549, 557, 452, 433, 605, 590, 459, 450, 615, 572, 455, 472, 480, 535, 424, 421, 497, 420, 538, 452, 398, 534, 512, 452, 448, 490, 405, 392, 458, 521, 424, 347, 395, 410, 417, 503, 484, 464, 423, 449, 438, 414, 441, 394, 405, 444, 416, 414, 403, 432, 448, 372, 373, 435, 454, 424, 433, 455]"
0.8631613850593567,-0.10106048732995987,-0.29138123989105225,-0.2168704867362976,-0.1713753342628479,-0.5103800296783447,-0.4265017509460449,-0.39953792095184326,1.2389659881591797,21.0,-0.267358660697937,1.1188030242919922,16.0,0.013879895210266113,0.8389949798583984,26.0,0.128606915473938,0.6391525268554688,24.75,0.17037785053253174,0.5673408508300781,21.0,"[605, 619, 569, 572, 655, 574, 570, 616, 556, 637, 643, 631, 645, 568, 737, 660, 519, 576, 568, 534, 598, 578, 651, 574, 553, 595, 587, 458, 556, 573, 537, 517, 514, 488, 520, 534, 546, 510, 501, 549, 508, 521, 503, 520, 546, 499, 503, 553, 600, 509, 533, 601, 572, 506, 519, 616, 582, 496, 603, 587, 481, 477, 588, 628, 476, 491, 479, 468, 417, 494, 551, 518, 505, 514, 524, 465, 474, 510, 519, 536, 573, 503, 554, 573, 480, 496, 569, 583, 565, 549, 539, 612, 597, 514, 489, 485, 507, 448, 446, 596, 577, 523, 469, 500, 430, 529, 517, 508, 532, 455, 463, 441, 519, 582, 550, 550, 562, 508, 434, 441, 606, 616, 646, 618, 561, 545, 537, 552, 581, 581, 583, 582, 491, 578, 660, 628, 564, 621, 664, 600, 551, 565, 590, 552, 476, 475, 609, 576, 446, 533, 555, 496, 526, 566, 576, 564, 532, 537, 567, 532, 511, 471, 586, 588, 544, 503, 480, 547, 509, 571, 632, 587, 533, 649, 584, 510, 429, 483, 579, 543, 475, 551, 583, 538, 446, 416, 520, 502, 531, 644, 597, 521, 511, 544, 533, 462, 507, 558, 545, 552, 532, 560, 516, 482, 629, 642, 551, 525, 578, 557, 499, 496, 556, 636, 593, 550, 534, 481, 550, 574, 518, 529, 570, 581, 496, 551, 597, 551, 464, 538, 589, 570, 517, 651, 725, 637, 583, 646, 660, 542, 503, 613, 628, 620, 563, 505, 515, 460, 535, 559, 484, 589, 562, 484, 460, 467, 634, 550, 436, 505, 570, 525, 458, 515, 497, 625, 531, 463, 466, 535, 547, 438, 496, 605, 571, 495, 524, 614, 598, 522, 556, 560, 603, 600, 517, 526, 622, 567, 571, 591, 561, 598, 541, 541, 551, 610, 564, 552, 594, 571, 631, 665, 533, 575, 574, 527, 575, 578, 559, 611, 555, 556, 642, 613, 499, 528, 574, 626, 541, 539, 594, 580, 584, 538, 476, 551, 573, 573, 567, 483, 554, 580, 421, 419, 561, 647, 640, 586, 585, 600, 550, 531, 526, 570, 598, 593, 546, 574, 583, 626, 666, 592, 530, 524, 515, 505, 573, 594, 598, 548, 510, 479, 538, 591, 517, 519, 516, 486, 625, 651, 546, 505, 534, 608, 630, 584, 594, 642, 575, 544, 556, 621, 623, 579, 592, 565, 513, 485, 582, 557, 535, 562, 561, 543, 530, 544, 543, 562, 602, 610, 550, 536, 554, 597, 557, 526, 641, 662, 637, 627, 532, 629, 637, 603, 672, 647, 887, 762, 891, 905, 774, 776, 1206, 1258, 1936, 1180, 2082, 2037, 1490, 1305, 3246, 3603, 3122, 2002, 4036, 3632, 2346, 2032, 5733, 6386, 5188, 3228, 6848, 5817, 3222, 3084, 8527, 9931, 6216, 3715, 7462, 6030, 3400, 3374, 9697, 11492, 4297, 2152, 4083, 3415, 2339, 2003, 6299, 7592, 2558, 1661, 2661, 2640, 1817, 1323, 3308, 4090, 1366, 1160, 1936, 1726, 983, 819, 1980, 2349, 1481, 1498, 2609, 1856, 1037, 928, 2923, 3349, 1934, 3490, 5477, 3493, 1327, 2043, 5745, 6081, 1424, 2908, 4300, 2552, 1065, 1618, 4391, 4648, 854, 1816, 2516, 1572, 847, 1257, 2540, 2526, 820, 1066, 1264, 955, 596, 977, 1480, 1330, 837, 800, 1094, 879, 587, 773, 1314, 1408, 633, 694, 950, 768, 533, 593, 1010, 1061, 469, 689, 761, 609, 528, 681, 848, 729, 535, 569, 581, 546, 495, 615, 649, 586, 540, 616, 620, 605, 506, 603, 655, 568, 767, 1246, 1390, 907, 629, 814, 1014, 981, 984, 2361, 2708, 1597, 681, 1077, 1638, 1418, 863, 2379, 3174, 2118, 667, 1097, 1519, 1545, 795, 3555, 5045, 3475, 861, 1471, 1956, 2231, 1372, 5698, 7202, 4522, 1095, 1729, 3145, 2955, 1706, 4356, 4832, 2887, 1058, 1471, 2269, 1733, 1086, 1587, 1467, 1093, 819, 1009, 1172, 838, 613, 1051, 1287, 1027, 648, 947, 1154, 928, 1122, 1443, 1764, 1562, 1116, 1136, 1378, 1244, 1377, 1362, 1637, 1778, 1390, 1353, 1311, 1287, 1080, 861, 933, 1111, 986, 819, 782, 1041, 814, 761, 860, 1050, 900, 702, 1033, 1036, 856, 803, 1012, 1163, 907, 868, 1085, 967, 751, 701, 871, 955, 749, 743, 774, 817, 600, 678, 902, 866, 683, 721, 760, 583, 698, 536, 800, 879, 629, 739, 821, 716, 695, 577, 808, 878, 680, 661, 785, 811, 632, 591, 766, 816, 721, 658, 741, 757, 625, 629, 532, 562, 633, 641, 588, 561, 675, 760, 710, 750, 701, 700, 732, 733, 594, 677, 862, 773, 598, 675, 741, 748, 631, 648, 780, 722, 613, 618, 718, 713, 454, 627, 811, 743, 657, 666, 759, 725, 742, 594, 649, 688, 660, 625, 711, 892, 692, 660, 662, 593, 598, 656, 663, 750, 496, 610, 695, 607, 481, 667, 606, 476, 555, 493, 610, 589, 537, 595, 517, 469, 574, 587, 600, 632, 652, 662, 641, 578, 632, 607, 594, 682, 697, 662, 687, 688, 602, 650, 660, 623, 734, 691, 666, 640, 629, 591, 683, 620, 645, 666, 664, 694, 678, 647, 640, 527, 598, 656, 630, 716, 533, 659, 660, 549, 538, 639, 663, 597, 598, 663, 701, 603, 539, 607, 683, 642, 582, 651, 631, 660, 688, 612, 663, 644, 526, 653, 695, 697, 680, 612, 665, 611, 736, 661, 665, 675, 690, 671, 605, 723, 629, 599, 681, 700, 671, 621, 607, 644, 520, 512, 672, 701, 641, 660, 552, 524, 565, 525, 668, 762, 678, 582, 551, 622, 583, 629, 690, 722, 643, 589, 598, 577, 555, 556, 580, 630, 539, 527, 585, 625, 549, 558, 563, 519, 541, 571, 550, 520, 719, 623, 634, 666, 649, 597, 637, 789, 857, 670, 703, 726, 722, 719, 814, 960, 646, 630, 674, 676, 584, 595, 678, 767, 607, 640, 565, 599, 609, 552, 581, 640, 706, 683, 613, 676, 728, 638, 716, 721, 530, 546, 642, 727, 704, 611, 643, 613, 558, 553, 604, 573, 538, 572, 496, 574, 514, 482, 573, 556, 537, 545, 575, 606, 441, 490, 566, 606, 553, 506, 524, 493, 478, 485, 490, 492, 456, 518, 531, 451, 550, 500, 440, 452, 454, 459, 453, 472, 507, 461, 432, 429, 448, 520, 487, 506, 421, 412, 428, 411, 458, 418, 427, 473, 458, 370, 471, 478, 392, 386, 414, 495, 374, 424, 395, 425, 400, 422, 418, 325]"
0.8339711427688599,-0.23069626092910767,-0.18966375291347504,-0.2746766209602356,-0.3344101011753082,-0.2941449284553528,-0.445209264755249,0.06372320652008057,0.8817672729492188,22.5,0.197762131690979,0.7741928100585938,21.5,0.241249680519104,0.4451751708984375,23.75,0.3868757486343384,-0.7756233215332031,22.0,0.3934561014175415,0.5886554718017578,18.0,"[568, 631, 659, 655, 622, 659, 665, 630, 608, 587, 579, 643, 667, 730, 664, 591, 601, 590, 577, 547, 512, 560, 580, 594, 590, 520, 563, 657, 558, 482, 582, 628, 522, 463, 500, 505, 498, 469, 506, 567, 459, 532, 579, 587, 549, 541, 560, 493, 439, 505, 571, 568, 439, 515, 574, 477, 485, 511, 525, 512, 409, 543, 642, 524, 560, 516, 469, 520, 565, 569, 486, 538, 566, 506, 525, 548, 542, 520, 535, 591, 531, 591, 551, 488, 513, 503, 474, 433, 590, 612, 544, 504, 529, 524, 534, 504, 515, 608, 550, 422, 458, 583, 600, 490, 549, 599, 541, 509, 519, 576, 596, 506, 652, 549, 616, 652, 510, 512, 632, 656, 570, 579, 650, 664, 574, 530, 659, 655, 592, 574, 634, 652, 576, 538, 649, 595, 665, 460, 580, 677, 617, 560, 572, 671, 690, 556, 493, 573, 604, 582, 567, 623, 690, 629, 541, 586, 571, 517, 620, 664, 493, 524, 556, 502, 534, 530, 528, 519, 551, 639, 606, 580, 655, 648, 588, 528, 512, 598, 551, 569, 586, 561, 570, 507, 546, 561, 576, 620, 594, 600, 544, 549, 498, 623, 572, 525, 501, 597, 546, 390, 561, 660, 637, 488, 557, 601, 509, 429, 548, 615, 688, 537, 493, 598, 524, 491, 623, 645, 666, 594, 606, 634, 585, 586, 574, 621, 620, 621, 614, 641, 571, 582, 584, 573, 591, 536, 504, 540, 561, 590, 564, 565, 578, 640, 600, 539, 574, 561, 574, 630, 611, 660, 628, 527, 601, 603, 595, 609, 566, 604, 571, 549, 623, 611, 587, 577, 583, 586, 564, 575, 577, 592, 658, 599, 580, 628, 644, 672, 595, 627, 658, 601, 601, 562, 526, 568, 523, 574, 522, 589, 579, 511, 558, 540, 502, 497, 623, 575, 581, 590, 619, 561, 491, 578, 614, 704, 682, 643, 654, 543, 558, 586, 634, 581, 601, 611, 627, 615, 549, 573, 678, 586, 552, 571, 636, 714, 548, 551, 600, 589, 584, 570, 530, 572, 574, 530, 552, 594, 702, 624, 552, 557, 513, 497, 657, 559, 592, 596, 658, 707, 579, 643, 573, 626, 590, 525, 566, 605, 656, 628, 578, 615, 612, 497, 507, 599, 642, 577, 532, 536, 586, 514, 515, 483, 503, 575, 508, 521, 428, 557, 557, 550, 545, 508, 451, 498, 569, 538, 533, 632, 636, 538, 638, 631, 692, 704, 651, 613, 590, 595, 604, 697, 630, 605, 595, 614, 635, 526, 825, 996, 1195, 1060, 729, 995, 1757, 1600, 1737, 885, 1454, 1541, 1462, 1004, 2234, 2709, 2038, 1866, 1777, 1711, 1610, 2157, 2837, 2932, 3295, 3270, 5006, 4203, 2550, 3477, 7758, 7697, 3744, 3737, 6597, 5447, 2830, 3163, 8378, 8911, 2419, 5366, 8217, 5810, 1964, 3866, 8762, 8435, 931, 4433, 5925, 3946, 1061, 3516, 6295, 5260, 904, 2816, 3884, 2872, 1125, 2446, 4437, 3798, 878, 2170, 2962, 2088, 812, 1921, 3519, 3064, 726, 1483, 1597, 1011, 616, 1301, 1899, 1491, 723, 877, 965, 787, 664, 688, 766, 839, 731, 918, 912, 774, 691, 670, 694, 721, 817, 861, 1113, 879, 552, 596, 1143, 1283, 531, 926, 1155, 840, 550, 633, 1159, 1103, 468, 586, 685, 686, 629, 528, 658, 721, 546, 513, 502, 543, 549, 501, 586, 571, 510, 540, 584, 628, 500, 474, 584, 609, 493, 482, 587, 737, 601, 513, 564, 570, 595, 1019, 1036, 742, 630, 891, 943, 712, 1010, 1633, 1640, 899, 781, 1070, 1292, 1064, 969, 1414, 1538, 892, 891, 1021, 1167, 1096, 777, 996, 1167, 941, 821, 871, 974, 1041, 1041, 1579, 1588, 1220, 922, 1088, 1347, 1067, 1232, 1884, 1633, 1086, 883, 1075, 1345, 928, 1014, 1223, 1195, 1003, 847, 889, 1092, 976, 1320, 1226, 1155, 1041, 978, 1299, 1169, 1243, 1941, 1718, 1753, 1891, 1611, 1684, 1101, 1600, 1547, 1399, 1665, 1845, 1469, 1473, 941, 1385, 899, 952, 1042, 1130, 1055, 1147, 953, 859, 721, 842, 965, 839, 814, 884, 1073, 1016, 703, 752, 871, 809, 662, 681, 1069, 1076, 797, 677, 866, 825, 681, 723, 938, 1026, 648, 719, 751, 656, 593, 733, 858, 741, 629, 652, 693, 650, 565, 748, 826, 696, 679, 640, 763, 758, 651, 771, 897, 820, 764, 723, 823, 868, 812, 762, 674, 846, 697, 760, 747, 655, 655, 730, 683, 662, 678, 775, 723, 630, 554, 557, 599, 659, 695, 796, 849, 663, 573, 726, 778, 750, 844, 766, 792, 838, 791, 803, 844, 791, 744, 660, 775, 840, 703, 760, 802, 736, 574, 487, 699, 716, 615, 522, 632, 737, 626, 627, 763, 722, 716, 563, 726, 830, 685, 564, 576, 709, 760, 636, 630, 653, 631, 594, 578, 648, 646, 517, 565, 534, 592, 603, 608, 700, 627, 552, 642, 622, 560, 588, 537, 534, 653, 632, 618, 610, 495, 509, 564, 570, 588, 502, 578, 620, 538, 621, 673, 540, 492, 458, 675, 699, 543, 538, 574, 502, 477, 440, 607, 647, 594, 587, 537, 557, 519, 503, 587, 617, 531, 617, 632, 535, 521, 585, 662, 601, 701, 800, 676, 555, 533, 654, 682, 588, 670, 619, 635, 649, 603, 590, 640, 683, 692, 606, 611, 670, 654, 582, 624, 712, 592, 605, 584, 663, 704, 590, 580, 588, 662, 632, 605, 589, 659, 631, 654, 759, 539, 505, 500, 501, 530, 583, 605, 661, 545, 517, 521, 544, 570, 669, 652, 579, 630, 653, 587, 694, 686, 682, 630, 558, 618, 646, 707, 775, 651, 685, 736, 650, 850, 706, 861, 928, 758, 681, 730, 844, 876, 817, 1113, 999, 617, 789, 1107, 1199, 851, 1026, 1262, 991, 640, 880, 1352, 1329, 621, 1066, 1260, 934, 562, 816, 1402, 1287, 477, 861, 1030, 765, 532, 711, 1050, 926, 473, 621, 739, 627, 507, 593, 728, 629, 474, 518, 617, 662, 592, 597, 625, 605, 560, 545, 555, 524, 575, 592, 593, 589, 474, 482, 477, 476, 470, 465, 490, 481, 489, 454, 526, 584, 531, 464, 538, 563, 493, 474, 522, 571, 479, 450, 497, 565, 460, 478, 485, 551, 470, 466, 482, 523, 411, 430, 409, 389, 399, 390, 415, 422, 404, 418, 387, 345, 404, 412, 429, 416, 495, 499, 498, 445, 437, 405, 417, 448, 446, 467, 491, 455, 461, 390, 547, 571]"
0.9473981261253357,-0.27554717659950256,-0.48977264761924744,0.042979300022125244,-0.3368198573589325,-0.6626015901565552,-0.000564873218536377,-0.4327455759048462,1.2800216674804688,19.25,-0.4052797555923462,1.3534069061279297,24.5,-0.1306215524673462,1.2100696563720703,21.75,-0.01575148105621338,1.064300537109375,19.5,0.4111131429672241,0.3783702850341797,15.25,"[556, 614, 586, 619, 663, 618, 586, 617, 585, 522, 539, 620, 596, 549, 637, 675, 624, 664, 597, 538, 540, 616, 589, 564, 558, 566, 537, 572, 610, 543, 460, 537, 572, 590, 607, 540, 534, 545, 529, 569, 535, 479, 587, 524, 520, 554, 592, 577, 640, 531, 599, 552, 534, 512, 584, 681, 590, 445, 507, 583, 528, 481, 535, 645, 545, 460, 506, 480, 491, 520, 588, 646, 450, 537, 575, 522, 505, 536, 597, 571, 475, 564, 614, 547, 490, 569, 606, 482, 462, 557, 533, 528, 478, 499, 567, 477, 526, 546, 507, 528, 578, 504, 501, 503, 510, 566, 505, 581, 648, 549, 567, 553, 446, 550, 585, 578, 566, 474, 552, 523, 592, 577, 496, 527, 611, 575, 540, 550, 589, 501, 504, 545, 488, 523, 434, 516, 529, 446, 487, 613, 541, 475, 481, 507, 519, 485, 473, 553, 525, 509, 523, 537, 552, 618, 557, 433, 565, 579, 513, 495, 570, 586, 494, 387, 475, 505, 456, 490, 664, 623, 533, 419, 546, 591, 594, 612, 622, 637, 628, 510, 575, 649, 541, 512, 552, 651, 628, 525, 591, 677, 572, 538, 498, 512, 476, 481, 596, 553, 491, 542, 646, 577, 520, 527, 496, 489, 474, 540, 587, 556, 469, 499, 591, 485, 492, 581, 590, 609, 542, 492, 562, 591, 555, 551, 588, 541, 475, 530, 523, 484, 480, 552, 608, 667, 529, 429, 598, 594, 496, 541, 498, 605, 556, 483, 539, 508, 528, 512, 535, 560, 568, 509, 550, 581, 546, 519, 519, 562, 621, 599, 550, 571, 603, 530, 442, 587, 619, 557, 427, 545, 661, 581, 541, 506, 576, 620, 593, 577, 639, 595, 587, 509, 519, 543, 514, 513, 564, 613, 500, 513, 518, 443, 502, 534, 566, 534, 512, 546, 612, 612, 552, 582, 582, 549, 551, 456, 565, 616, 538, 519, 536, 581, 608, 465, 518, 581, 569, 551, 558, 640, 534, 429, 470, 578, 587, 498, 529, 573, 628, 614, 533, 604, 642, 644, 561, 507, 547, 520, 538, 469, 505, 535, 551, 565, 550, 522, 568, 589, 577, 643, 544, 553, 571, 547, 494, 559, 664, 658, 580, 541, 662, 632, 613, 618, 613, 640, 608, 589, 619, 556, 587, 592, 600, 631, 616, 651, 625, 563, 634, 610, 572, 568, 586, 655, 641, 652, 640, 651, 591, 583, 666, 677, 1054, 1180, 1688, 1547, 1038, 1233, 2613, 2551, 1847, 1843, 2945, 2753, 1608, 2135, 5172, 5080, 1511, 2327, 3208, 2973, 1431, 2594, 5289, 4729, 1951, 3750, 5400, 3998, 1536, 3541, 6964, 6305, 3737, 4754, 7602, 5829, 2651, 4426, 9978, 9882, 4248, 4549, 7617, 5806, 3009, 4386, 10902, 11053, 2977, 3815, 6092, 4330, 2016, 3422, 8125, 8089, 2088, 2867, 4279, 3057, 1500, 2447, 5249, 5225, 1568, 2009, 2948, 2128, 1174, 1789, 3623, 3599, 1163, 1656, 2041, 1340, 902, 1246, 2462, 2398, 795, 1351, 1509, 938, 707, 981, 1804, 1703, 791, 862, 886, 737, 645, 705, 1168, 1221, 895, 1274, 1712, 1220, 637, 749, 1402, 1525, 999, 2283, 2989, 1798, 602, 1268, 2702, 2656, 693, 2081, 2529, 1449, 574, 1196, 2338, 2120, 624, 937, 1009, 738, 526, 622, 959, 857, 648, 554, 642, 601, 539, 654, 885, 851, 617, 693, 798, 630, 476, 664, 918, 863, 677, 735, 767, 688, 624, 677, 801, 787, 637, 660, 622, 553, 554, 649, 685, 656, 757, 680, 606, 593, 600, 675, 684, 712, 724, 693, 732, 713, 630, 730, 723, 775, 1088, 1529, 1475, 1047, 807, 895, 1039, 909, 1692, 2330, 1953, 1255, 1031, 1224, 1427, 1144, 1570, 2303, 1861, 1085, 936, 1019, 1182, 854, 1446, 2482, 2746, 1708, 1279, 1392, 1733, 1444, 1929, 2988, 3259, 2388, 2048, 2111, 2207, 2181, 2366, 2637, 3070, 3011, 2284, 2149, 1538, 2426, 2172, 1926, 2596, 2665, 1723, 1940, 1374, 1874, 1748, 1651, 2104, 1873, 1227, 1819, 1668, 1461, 1557, 1635, 1912, 1501, 1145, 1746, 1505, 1409, 1061, 1091, 1203, 881, 862, 1090, 935, 1039, 809, 710, 792, 689, 775, 764, 735, 902, 664, 766, 785, 724, 640, 632, 760, 723, 695, 742, 774, 691, 602, 713, 846, 751, 706, 693, 826, 768, 666, 683, 867, 869, 693, 708, 734, 721, 667, 624, 752, 744, 717, 782, 707, 652, 575, 643, 709, 682, 700, 784, 726, 689, 626, 679, 711, 656, 586, 664, 673, 701, 592, 639, 693, 665, 645, 747, 843, 864, 689, 761, 834, 799, 603, 679, 667, 668, 663, 675, 658, 623, 670, 669, 624, 649, 630, 626, 582, 601, 616, 588, 673, 714, 699, 528, 694, 799, 588, 620, 707, 704, 727, 570, 833, 951, 593, 601, 590, 625, 617, 588, 705, 763, 557, 576, 545, 520, 523, 555, 574, 517, 623, 702, 543, 493, 570, 609, 587, 536, 725, 802, 623, 521, 625, 596, 541, 589, 635, 662, 613, 587, 623, 634, 589, 652, 655, 582, 602, 665, 672, 708, 631, 621, 686, 644, 678, 730, 757, 704, 608, 731, 660, 644, 617, 618, 549, 475, 569, 656, 670, 554, 635, 652, 521, 506, 581, 660, 646, 605, 594, 644, 633, 593, 645, 713, 508, 503, 625, 684, 568, 484, 639, 623, 490, 535, 638, 690, 604, 573, 700, 651, 613, 650, 709, 665, 624, 635, 719, 655, 550, 629, 707, 615, 606, 739, 729, 610, 591, 584, 649, 643, 566, 623, 737, 648, 631, 576, 636, 698, 581, 503, 661, 700, 775, 626, 621, 651, 627, 568, 718, 797, 1036, 868, 1093, 984, 722, 753, 1005, 1233, 954, 1245, 1505, 1167, 697, 946, 1474, 1533, 743, 1256, 1410, 1040, 778, 1035, 1426, 1382, 526, 958, 1189, 891, 595, 837, 1132, 1076, 600, 808, 904, 872, 651, 598, 835, 879, 668, 747, 668, 664, 667, 752, 751, 658, 731, 671, 536, 628, 687, 681, 638, 557, 536, 559, 499, 528, 594, 594, 469, 455, 544, 530, 484, 561, 588, 527, 457, 489, 507, 481, 482, 494, 484, 497, 543, 526, 564, 522, 510, 532, 519, 462, 537, 574, 560, 531, 513, 496, 480, 529, 474, 522, 565, 524, 506, 503, 438, 576, 540, 533, 416, 400, 393, 369, 337, 420, 499, 473, 376, 438, 457, 424, 386, 504, 530, 387, 376, 397, 441, 419, 324, 450, 524, 456, 404, 332, 389, 411, 394, 441, 448, 421]"
0.9046494960784912,-0.4333052337169647,-0.6697564125061035,-0.1368248015642166,-0.5404148697853088,-0.7294859290122986,-0.30809488892555237,-0.1568654179573059,1.0309696197509766,24.5,0.024380385875701904,0.8276939392089844,26.25,0.29531925916671753,-0.3231525421142578,15.5,0.3031870722770691,0.10471343994140625,21.0,0.6837031245231628,0.2543449401855469,15.25,"[478, 608, 654, 571, 478, 566, 653, 608, 539, 592, 639, 587, 510, 612, 694, 598, 538, 500, 492, 528, 496, 557, 584, 500, 578, 533, 493, 527, 529, 550, 453, 547, 572, 557, 526, 487, 492, 479, 437, 511, 526, 534, 504, 496, 477, 422, 464, 537, 505, 555, 540, 525, 455, 477, 480, 488, 503, 525, 531, 504, 508, 504, 557, 586, 544, 550, 590, 522, 538, 488, 511, 556, 462, 568, 544, 486, 458, 509, 596, 485, 496, 495, 540, 520, 470, 517, 517, 521, 592, 584, 569, 595, 587, 474, 571, 632, 537, 519, 512, 496, 534, 529, 487, 550, 506, 433, 462, 460, 493, 556, 602, 590, 544, 560, 533, 517, 540, 595, 590, 578, 531, 567, 524, 565, 556, 541, 520, 488, 568, 572, 529, 542, 551, 440, 548, 588, 503, 580, 598, 554, 564, 564, 635, 596, 521, 556, 599, 585, 669, 640, 669, 629, 535, 507, 579, 638, 644, 584, 630, 675, 504, 498, 541, 528, 551, 566, 560, 542, 618, 518, 518, 599, 572, 540, 432, 554, 569, 515, 472, 556, 590, 609, 526, 529, 530, 531, 561, 467, 499, 536, 437, 465, 511, 463, 468, 468, 446, 479, 474, 492, 553, 490, 465, 505, 461, 490, 547, 553, 636, 561, 555, 599, 558, 427, 535, 651, 603, 579, 563, 535, 552, 468, 403, 564, 562, 547, 606, 552, 511, 497, 525, 602, 565, 528, 542, 565, 573, 609, 584, 611, 628, 595, 477, 463, 614, 667, 529, 567, 522, 505, 546, 495, 496, 588, 550, 543, 607, 610, 601, 570, 572, 595, 571, 575, 703, 664, 523, 518, 550, 632, 573, 627, 657, 637, 516, 498, 556, 602, 612, 557, 509, 472, 457, 514, 539, 524, 512, 515, 613, 545, 499, 587, 567, 532, 508, 619, 644, 604, 524, 557, 598, 625, 588, 634, 544, 574, 612, 614, 489, 505, 599, 595, 555, 594, 569, 523, 505, 511, 529, 518, 548, 631, 584, 511, 523, 469, 556, 521, 619, 647, 557, 521, 624, 657, 516, 517, 639, 732, 707, 618, 610, 680, 648, 566, 958, 1568, 1722, 1372, 912, 1804, 3022, 2504, 2847, 3973, 5254, 3964, 2266, 4377, 9496, 8802, 4017, 4568, 6700, 5013, 3058, 4817, 11438, 11168, 2594, 2438, 4070, 3101, 1871, 2424, 5991, 6234, 1707, 1471, 2355, 1868, 1174, 1463, 3164, 3307, 1984, 1700, 2464, 2033, 1389, 1530, 2998, 3422, 1628, 1939, 2715, 2035, 1153, 1705, 3356, 3299, 1574, 2080, 2762, 1973, 1209, 1798, 3362, 3185, 1892, 2037, 2520, 1740, 1352, 1835, 3508, 3547, 1906, 2176, 3131, 2131, 1376, 2227, 4940, 4927, 1693, 2014, 3144, 2177, 1272, 1931, 4657, 4716, 1451, 2818, 4055, 2630, 1031, 2263, 5008, 4797, 1288, 3910, 4647, 2699, 972, 2789, 5143, 4319, 1498, 4892, 5410, 2815, 991, 3070, 5250, 4098, 1169, 4366, 5069, 2849, 903, 2840, 4932, 4051, 1341, 2803, 3627, 2300, 880, 1851, 3561, 3342, 1223, 2120, 2400, 1426, 737, 1605, 2487, 2057, 695, 850, 955, 779, 627, 781, 1010, 951, 638, 1071, 1078, 841, 608, 835, 1147, 954, 676, 996, 944, 700, 582, 925, 1253, 990, 845, 936, 901, 734, 677, 930, 1078, 948, 721, 728, 708, 654, 649, 721, 701, 666, 684, 621, 629, 694, 665, 527, 470, 572, 790, 827, 840, 827, 721, 722, 614, 569, 1048, 1284, 986, 674, 961, 1071, 869, 686, 1931, 2478, 1930, 1456, 1504, 1664, 1633, 1469, 3447, 4173, 3350, 2649, 2275, 2317, 2686, 2591, 3856, 5125, 5446, 4136, 2412, 3016, 3751, 3213, 2715, 4733, 6344, 4590, 2255, 3325, 3828, 3115, 2275, 4829, 5426, 3340, 1792, 2806, 3372, 2216, 4143, 7388, 7139, 3527, 2567, 4938, 5230, 2815, 5643, 9599, 8845, 4055, 3271, 5758, 6010, 3542, 3335, 6124, 5629, 2506, 2104, 3080, 3576, 2319, 1114, 2137, 2039, 1186, 952, 1061, 1492, 1246, 1066, 1467, 1302, 939, 743, 1123, 1167, 793, 1237, 1574, 1465, 966, 802, 1164, 1227, 931, 1153, 1331, 1176, 820, 949, 1174, 1147, 888, 929, 932, 900, 899, 756, 982, 1119, 969, 849, 937, 966, 870, 657, 819, 1053, 991, 814, 783, 982, 845, 654, 835, 1057, 1019, 772, 846, 835, 774, 772, 790, 992, 954, 696, 759, 713, 653, 692, 670, 735, 691, 655, 751, 735, 596, 551, 588, 556, 614, 688, 787, 802, 617, 550, 556, 623, 653, 710, 917, 927, 747, 698, 648, 728, 805, 760, 791, 897, 813, 705, 632, 810, 859, 952, 955, 896, 927, 939, 800, 822, 912, 974, 1011, 930, 982, 1033, 778, 872, 971, 921, 900, 801, 822, 770, 648, 790, 893, 778, 784, 664, 671, 698, 729, 683, 722, 670, 646, 595, 630, 654, 558, 576, 660, 499, 559, 582, 576, 581, 532, 531, 565, 560, 536, 525, 460, 491, 530, 555, 507, 576, 480, 514, 550, 455, 494, 531, 581, 682, 552, 651, 739, 653, 566, 641, 788, 645, 541, 549, 629, 659, 601, 642, 699, 619, 524, 601, 722, 613, 550, 593, 656, 599, 566, 616, 637, 630, 724, 669, 594, 732, 707, 676, 711, 691, 726, 713, 694, 612, 632, 891, 907, 709, 748, 1113, 1058, 1165, 972, 1585, 1587, 1062, 937, 2456, 2573, 1608, 986, 1724, 1731, 1279, 966, 2712, 3074, 1109, 773, 1061, 1189, 957, 701, 1397, 1670, 686, 727, 619, 577, 618, 624, 757, 714, 712, 744, 806, 695, 682, 684, 817, 893, 765, 792, 998, 871, 577, 680, 882, 857, 865, 856, 968, 840, 597, 723, 1050, 1096, 859, 777, 892, 798, 709, 815, 904, 987, 833, 710, 813, 806, 653, 706, 800, 954, 817, 792, 906, 773, 632, 734, 837, 892, 735, 960, 1026, 941, 697, 832, 1085, 931, 619, 1057, 1096, 900, 573, 859, 1173, 963, 592, 924, 940, 704, 518, 757, 1050, 925, 556, 776, 668, 485, 480, 743, 957, 767, 567, 618, 541, 573, 509, 628, 829, 761, 520, 554, 480, 542, 597, 529, 569, 581, 499, 612, 602, 579, 592, 573, 614, 593, 431, 592, 559, 443, 498, 516, 655, 576, 506, 572, 533, 475, 538, 578, 574, 495, 643, 707, 610, 517, 532, 636, 705, 528, 626, 853, 742, 484, 558, 815, 811, 520, 502, 625, 553, 411, 437, 556, 613, 478, 468, 440, 414, 485, 467, 479, 503, 511, 486, 484, 460, 518, 511, 442, 496, 518, 411, 508, 521, 443, 468, 467, 566, 560]"
0.9075382351875305,-0.6590759754180908,-0.9447976350784302,-0.16373315453529358,-0.8752816319465637,-1.0836544036865234,-0.40015214681625366,-0.8232991099357605,1.4275074005126953,17.5,-0.8232991099357605,2.993917465209961,17.25,-0.6898323893547058,1.1640071868896484,27.0,-0.08329552412033081,0.9252548217773438,30.0,0.08693534135818481,2.6305675506591797,16.0,"[442, 577, 651, 581, 570, 584, 651, 581, 466, 512, 597, 645, 617, 617, 697, 629, 503, 505, 509, 511, 536, 560, 605, 589, 548, 459, 430, 572, 543, 531, 518, 571, 536, 449, 490, 537, 465, 510, 576, 537, 497, 520, 457, 516, 541, 575, 608, 535, 523, 497, 479, 615, 690, 615, 523, 537, 494, 491, 533, 568, 583, 540, 533, 566, 465, 502, 578, 515, 521, 487, 453, 537, 458, 519, 533, 591, 532, 404, 494, 577, 484, 508, 510, 489, 510, 459, 523, 539, 483, 438, 464, 533, 573, 578, 525, 497, 516, 558, 513, 516, 584, 532, 430, 458, 606, 638, 617, 578, 647, 613, 555, 562, 561, 580, 562, 572, 586, 508, 542, 613, 541, 455, 510, 656, 606, 523, 486, 581, 558, 507, 583, 552, 578, 527, 482, 594, 620, 531, 465, 545, 591, 577, 567, 570, 584, 496, 442, 555, 528, 538, 628, 605, 571, 559, 508, 527, 534, 604, 684, 623, 581, 509, 504, 541, 476, 452, 562, 637, 584, 557, 572, 566, 550, 478, 528, 545, 485, 613, 630, 541, 551, 586, 620, 446, 477, 550, 587, 540, 465, 558, 552, 455, 502, 533, 594, 524, 480, 466, 479, 484, 612, 522, 603, 593, 583, 560, 516, 642, 580, 467, 544, 522, 555, 513, 503, 643, 532, 533, 514, 570, 569, 497, 528, 561, 559, 548, 582, 598, 600, 637, 619, 612, 669, 529, 503, 553, 573, 642, 649, 715, 670, 556, 535, 601, 614, 531, 570, 663, 586, 537, 601, 568, 548, 560, 487, 556, 571, 556, 573, 557, 587, 572, 484, 534, 572, 589, 637, 673, 656, 580, 530, 600, 513, 549, 545, 636, 643, 505, 519, 547, 491, 558, 518, 525, 492, 432, 567, 550, 509, 579, 521, 513, 539, 496, 521, 554, 533, 517, 542, 552, 528, 567, 628, 602, 1252, 1835, 1975, 1284, 898, 1911, 2835, 2382, 3326, 6273, 7699, 4523, 2064, 6160, 11180, 9806, 4465, 9078, 12052, 7269, 2758, 8746, 17417, 15697, 3497, 6035, 8497, 5455, 2245, 5570, 12124, 11470, 1999, 1969, 2937, 2346, 1373, 1753, 4014, 4288, 2023, 2061, 2531, 1769, 1205, 1757, 2871, 2822, 3061, 3434, 4559, 3067, 1717, 2749, 5345, 5377, 2956, 3003, 4454, 3130, 1736, 2452, 5382, 5684, 1999, 2275, 3180, 2231, 1222, 2062, 4177, 4115, 1588, 2622, 3141, 2023, 1075, 2286, 4390, 3905, 1473, 3338, 3856, 2165, 951, 2810, 5103, 4314, 1057, 2983, 3433, 1916, 637, 2570, 4298, 3605, 809, 1866, 2096, 1361, 614, 1636, 2510, 2053, 786, 1195, 1496, 1099, 719, 1088, 1665, 1523, 1228, 2264, 2118, 951, 1033, 1374, 1767, 1228, 4753, 9661, 8171, 2382, 2990, 4340, 6201, 2927, 8651, 18056, 15591, 4742, 5061, 8209, 12170, 6237, 7037, 16807, 15451, 5508, 4010, 8613, 13335, 8085, 3052, 9487, 9393, 3929, 1880, 5853, 9189, 6143, 1489, 3827, 3635, 1651, 1049, 2626, 3820, 2429, 1340, 2416, 2214, 1262, 827, 1631, 2173, 1331, 1153, 2082, 1941, 1178, 810, 1534, 1997, 1438, 1060, 2002, 1980, 1205, 789, 1374, 1971, 1672, 973, 1606, 1706, 1085, 721, 1033, 1613, 1464, 804, 1158, 1061, 684, 652, 866, 1165, 890, 857, 1161, 1023, 713, 738, 923, 990, 705, 2404, 2784, 2129, 1363, 1668, 2005, 1673, 1578, 4937, 5202, 4292, 3083, 3268, 3871, 3041, 3175, 4589, 4855, 4795, 3232, 3267, 4048, 3004, 2997, 3002, 3612, 3406, 2196, 2361, 2997, 2260, 1948, 2879, 4123, 3966, 2457, 1969, 2957, 2646, 1947, 3438, 5059, 4819, 2690, 1916, 3583, 3162, 2090, 2886, 4019, 3345, 1670, 1457, 2658, 2539, 1552, 2136, 2705, 2212, 1248, 1221, 2089, 2011, 1293, 1535, 1983, 1845, 1069, 1160, 1759, 1503, 1052, 1306, 1832, 1694, 1033, 1001, 1405, 1338, 837, 1276, 1825, 1374, 782, 868, 1255, 1308, 752, 1232, 1551, 1071, 716, 824, 1048, 1030, 721, 916, 905, 892, 841, 726, 893, 855, 830, 855, 1015, 1026, 874, 730, 738, 801, 857, 821, 1051, 965, 721, 642, 733, 878, 725, 827, 1031, 935, 690, 608, 810, 1085, 806, 703, 908, 855, 718, 630, 744, 847, 709, 709, 839, 796, 657, 667, 682, 654, 623, 787, 913, 820, 661, 696, 618, 703, 764, 609, 1009, 981, 809, 743, 711, 962, 833, 597, 926, 856, 640, 631, 707, 878, 723, 662, 829, 827, 724, 757, 787, 803, 681, 689, 850, 806, 726, 832, 811, 677, 661, 662, 706, 740, 744, 728, 751, 601, 555, 616, 642, 709, 737, 711, 654, 560, 564, 964, 837, 933, 1005, 1007, 798, 917, 1091, 1198, 1003, 1050, 1125, 1094, 864, 996, 1251, 993, 682, 800, 1073, 942, 654, 822, 1015, 775, 536, 621, 858, 827, 626, 775, 852, 690, 551, 647, 703, 759, 632, 708, 806, 631, 551, 613, 707, 640, 590, 729, 784, 667, 669, 760, 761, 572, 695, 701, 651, 628, 746, 763, 690, 652, 739, 740, 641, 668, 625, 739, 798, 723, 667, 699, 737, 618, 491, 615, 750, 717, 629, 692, 720, 647, 655, 676, 683, 671, 630, 780, 773, 699, 658, 744, 694, 643, 734, 690, 703, 638, 652, 686, 621, 665, 697, 650, 680, 1148, 815, 1162, 1113, 905, 758, 1675, 1936, 2467, 1349, 2648, 2495, 1907, 1381, 4353, 4926, 2733, 1351, 2925, 3002, 2293, 1291, 4666, 5410, 1311, 967, 1634, 1676, 1218, 830, 2122, 2409, 781, 1226, 1532, 1175, 636, 1016, 1572, 1376, 887, 1462, 1615, 1143, 804, 1117, 1864, 1682, 751, 1006, 1231, 1132, 813, 1058, 1597, 1380, 707, 689, 859, 864, 755, 842, 998, 925, 666, 856, 820, 633, 687, 751, 750, 709, 916, 969, 873, 867, 847, 897, 1141, 1064, 1054, 1206, 1065, 923, 851, 1128, 1483, 1247, 932, 1093, 959, 745, 711, 1051, 1240, 1003, 885, 860, 730, 716, 654, 924, 951, 775, 799, 781, 743, 718, 675, 855, 861, 703, 584, 667, 720, 628, 517, 614, 731, 644, 610, 837, 771, 614, 567, 662, 745, 667, 566, 700, 785, 641, 494, 613, 680, 692, 594, 662, 776, 650, 560, 686, 755, 752, 595, 716, 626, 506, 526, 530, 705, 680, 564, 572, 568, 542, 519, 548, 575, 610, 487, 479, 538, 666, 578, 446, 553, 601, 561, 510, 551, 599, 453, 435, 533, 648, 583, 439, 477, 520, 463, 509, 527, 583, 569, 436, 478, 523, 470, 426, 383, 545, 441, 435, 441, 419, 406, 380, 348, 366, 383, 393, 437, 404, 421, 385, 383, 405]"
0.6944278478622437,-0.7538837790489197,-0.5179764628410339,-0.6043517589569092,-0.8176170587539673,-0.3187577724456787,-0.774489164352417,0.06612008810043335,0.3307342529296875,25.5,0.08686250448226929,0.33202171325683594,28.75,0.15223687887191772,0.20928382873535156,24.25,0.1593894362449646,-0.24919509887695312,28.75,0.16940301656723022,-0.2067089080810547,25.5,"[600, 600, 616, 678, 684, 677, 615, 603, 535, 545, 610, 674, 627, 550, 594, 567, 540, 600, 630, 695, 667, 568, 622, 575, 461, 511, 587, 556, 482, 485, 484, 482, 524, 455, 507, 615, 548, 438, 484, 521, 578, 458, 477, 576, 572, 453, 457, 573, 587, 547, 474, 524, 507, 484, 498, 515, 500, 559, 514, 433, 493, 521, 580, 518, 556, 559, 491, 490, 589, 578, 624, 568, 506, 526, 563, 612, 579, 538, 651, 583, 507, 574, 637, 606, 559, 624, 583, 546, 450, 512, 598, 576, 475, 522, 611, 488, 523, 588, 595, 515, 493, 515, 534, 497, 498, 610, 662, 471, 465, 574, 622, 530, 559, 574, 562, 542, 520, 528, 581, 603, 573, 578, 621, 581, 536, 521, 581, 519, 474, 508, 590, 544, 485, 494, 523, 517, 512, 508, 554, 596, 510, 394, 543, 574, 503, 558, 645, 580, 539, 534, 613, 571, 604, 652, 648, 542, 533, 645, 571, 559, 523, 612, 613, 448, 475, 561, 553, 549, 544, 677, 605, 566, 616, 575, 523, 530, 642, 635, 549, 616, 573, 561, 575, 588, 608, 603, 559, 602, 587, 616, 599, 551, 578, 521, 560, 568, 518, 504, 479, 518, 599, 547, 582, 633, 582, 555, 527, 567, 565, 518, 605, 582, 457, 487, 489, 556, 493, 468, 445, 563, 544, 460, 533, 535, 447, 470, 525, 534, 540, 518, 523, 530, 654, 502, 556, 620, 605, 504, 489, 688, 577, 561, 585, 557, 483, 483, 564, 599, 611, 601, 592, 578, 524, 539, 544, 550, 510, 572, 537, 542, 552, 666, 549, 429, 626, 681, 605, 549, 627, 763, 627, 491, 1675, 2195, 2544, 1765, 1011, 1498, 2456, 2426, 4627, 8212, 10411, 6589, 2192, 5127, 9977, 9598, 5823, 12107, 15108, 9195, 2545, 7415, 14321, 13245, 3727, 8105, 9430, 5488, 1867, 4847, 8555, 7435, 1722, 3182, 3332, 1841, 1028, 1905, 2862, 2297, 1010, 1394, 1567, 1060, 700, 1063, 1557, 1562, 781, 891, 1268, 982, 626, 823, 1344, 1362, 989, 1150, 1530, 1155, 674, 954, 1732, 1767, 946, 1726, 2243, 1478, 585, 1505, 2741, 2531, 1067, 2353, 2968, 1905, 771, 1845, 3543, 3210, 950, 2297, 2980, 1961, 693, 1852, 3472, 3071, 759, 1548, 1892, 1374, 709, 1263, 2106, 1800, 656, 844, 919, 820, 606, 725, 893, 862, 597, 895, 992, 743, 519, 636, 844, 762, 590, 822, 931, 694, 477, 661, 981, 853, 1133, 2367, 2250, 968, 837, 1177, 1949, 1453, 2382, 5308, 5086, 1847, 1638, 2139, 3353, 2261, 3089, 5763, 5381, 2214, 1995, 2300, 3010, 2280, 2196, 3467, 2978, 1295, 1546, 1777, 2071, 1702, 2200, 3948, 4044, 2183, 1418, 2405, 3876, 3290, 2844, 5786, 6456, 3592, 1434, 3515, 6274, 5565, 2534, 4747, 5555, 3174, 1384, 3057, 5350, 4827, 1814, 4093, 4755, 2579, 1200, 2507, 4523, 4010, 1546, 3434, 3725, 2003, 1145, 2033, 3551, 3048, 1725, 3671, 3505, 1768, 1194, 2001, 3116, 2499, 2330, 3988, 3514, 1784, 1825, 2684, 2908, 2280, 3347, 4468, 4202, 2399, 2936, 4016, 3027, 2180, 3866, 5589, 4995, 2725, 3920, 5102, 3543, 2259, 3067, 4555, 4026, 2361, 3168, 3862, 2819, 1984, 1714, 2374, 2283, 1680, 1692, 2029, 1749, 1337, 1470, 1772, 1977, 1618, 1093, 1749, 1588, 1156, 1994, 2018, 2301, 2043, 1305, 2039, 1847, 1552, 1411, 1746, 2234, 1616, 971, 1536, 1471, 1362, 1207, 2359, 2692, 1574, 905, 1403, 1359, 1338, 1662, 3028, 3026, 1565, 1065, 1529, 1562, 1218, 2031, 3149, 2846, 1547, 1294, 1774, 1722, 1359, 1379, 2032, 2000, 1280, 878, 1326, 1336, 1121, 775, 1097, 1141, 825, 626, 850, 865, 720, 905, 1360, 1238, 745, 745, 911, 1144, 899, 1880, 3063, 2539, 1004, 1098, 1549, 2013, 1161, 2321, 3959, 3249, 1138, 1241, 1781, 2481, 1335, 1563, 2517, 2155, 1035, 983, 1265, 1688, 1139, 1009, 1634, 1397, 905, 887, 886, 1180, 868, 1555, 2401, 1841, 737, 1207, 1131, 1364, 776, 1584, 2470, 1894, 659, 1133, 1020, 1316, 815, 996, 1370, 1089, 614, 730, 771, 922, 792, 899, 914, 829, 662, 788, 809, 851, 828, 932, 961, 889, 775, 776, 837, 928, 941, 839, 896, 815, 757, 819, 831, 809, 849, 890, 976, 941, 1022, 1026, 843, 776, 798, 873, 1050, 912, 870, 860, 731, 705, 730, 782, 971, 883, 669, 698, 770, 811, 811, 644, 807, 787, 688, 612, 702, 741, 760, 653, 814, 783, 652, 642, 724, 697, 640, 529, 567, 706, 670, 578, 652, 614, 622, 651, 741, 757, 726, 678, 691, 592, 578, 575, 700, 677, 589, 605, 597, 652, 618, 842, 785, 696, 777, 799, 658, 797, 910, 837, 739, 822, 931, 791, 760, 971, 945, 1163, 796, 937, 1132, 888, 743, 1145, 1373, 1120, 767, 986, 1190, 893, 848, 1102, 1316, 883, 732, 838, 865, 732, 777, 856, 980, 879, 762, 862, 775, 629, 715, 796, 876, 728, 783, 839, 700, 610, 637, 722, 747, 678, 626, 686, 611, 605, 634, 710, 744, 762, 614, 649, 728, 618, 600, 616, 783, 917, 672, 660, 752, 677, 571, 590, 914, 974, 725, 721, 797, 644, 624, 796, 1019, 960, 742, 659, 701, 612, 639, 683, 891, 866, 979, 1132, 906, 750, 715, 1168, 1158, 1278, 1625, 2115, 1757, 1154, 1052, 2173, 2119, 1354, 1551, 1786, 1574, 1186, 1080, 1942, 2065, 1118, 1276, 1466, 1058, 928, 1271, 1756, 1557, 1167, 1276, 1625, 1312, 886, 1192, 1735, 1673, 1131, 981, 1021, 924, 870, 913, 1375, 1437, 1145, 810, 931, 862, 813, 801, 1245, 1481, 1061, 728, 974, 942, 916, 852, 1110, 1397, 1143, 744, 1108, 1217, 939, 743, 1257, 1523, 1298, 872, 1346, 1490, 1029, 928, 1291, 1494, 1433, 895, 1262, 1346, 999, 939, 1151, 1562, 1373, 1065, 1213, 1182, 858, 870, 1228, 1476, 1188, 996, 985, 1038, 841, 721, 1164, 1315, 917, 806, 937, 1090, 785, 740, 1277, 1205, 933, 697, 1048, 1121, 647, 810, 1193, 1153, 687, 634, 858, 765, 511, 655, 829, 821, 738, 614, 823, 731, 601, 558, 814, 978, 790, 703, 919, 802, 596, 606, 1044, 1186, 659, 761, 930, 772, 548, 718, 1079, 1073, 552, 695, 764, 586, 519, 586, 691, 692, 580, 582, 602, 554, 452, 565, 650, 618, 557, 461, 478, 516, 426, 422, 546, 572, 494, 426, 487, 533, 489, 473, 508, 528, 466, 526, 510, 483, 500, 483, 536, 469, 493, 514, 550, 483, 460, 439, 524, 571]"
0.6301202178001404,-0.8356454968452454,-0.5498522520065308,-0.6818006634712219,0.0,0.0,0.0,0.033394694328308105,-0.40640830993652344,19.75,0.03582656383514404,-0.4952430725097656,30.0,0.04455268383026123,-0.4520416259765625,28.75,0.15098273754119873,-0.49881935119628906,18.25,0.16771972179412842,-0.3956794738769531,21.0,"[517, 605, 618, 615, 633, 610, 619, 610, 613, 631, 601, 681, 672, 673, 784, 684, 618, 662, 619, 538, 580, 590, 651, 586, 607, 562, 568, 594, 571, 537, 510, 579, 643, 570, 503, 547, 528, 486, 496, 542, 611, 586, 546, 536, 537, 520, 448, 506, 496, 483, 511, 512, 489, 507, 423, 455, 412, 460, 528, 501, 465, 422, 398, 442, 477, 519, 534, 511, 478, 474, 436, 405, 543, 544, 613, 603, 438, 465, 595, 596, 433, 427, 496, 516, 456, 427, 545, 595, 461, 525, 521, 507, 541, 447, 515, 555, 371, 421, 496, 513, 465, 466, 492, 453, 491, 489, 461, 505, 563, 592, 495, 501, 471, 485, 492, 548, 542, 512, 551, 523, 478, 572, 555, 610, 665, 591, 504, 440, 543, 494, 483, 502, 546, 522, 403, 483, 462, 501, 481, 496, 496, 512, 525, 472, 451, 528, 577, 626, 548, 513, 592, 479, 551, 567, 552, 615, 565, 454, 529, 541, 565, 549, 560, 522, 548, 592, 522, 524, 543, 526, 541, 554, 602, 581, 590, 610, 534, 580, 481, 528, 594, 576, 551, 517, 568, 540, 538, 554, 564, 602, 524, 462, 509, 534, 612, 625, 562, 614, 547, 495, 574, 531, 434, 512, 597, 558, 458, 478, 543, 502, 545, 580, 592, 478, 460, 505, 542, 579, 632, 562, 541, 599, 515, 497, 517, 558, 557, 553, 492, 573, 566, 483, 603, 564, 568, 584, 519, 518, 517, 546, 628, 536, 537, 485, 402, 548, 523, 549, 573, 560, 516, 491, 509, 565, 525, 483, 534, 568, 563, 514, 508, 593, 634, 573, 644, 819, 800, 589, 550, 626, 665, 576, 2172, 5361, 5157, 1949, 1599, 2447, 3062, 1821, 5416, 15020, 15096, 5956, 3913, 6663, 8274, 5223, 5826, 16962, 17373, 7051, 4176, 7396, 9185, 6078, 2938, 8320, 8581, 3614, 2133, 3673, 4798, 3377, 2206, 6336, 6635, 3057, 1470, 2993, 4693, 3261, 3029, 9145, 9401, 4210, 1822, 4551, 7412, 5124, 3693, 10639, 10457, 4356, 1979, 5741, 9077, 5915, 2626, 7141, 6800, 2677, 1392, 3737, 5907, 3704, 1453, 3315, 3119, 1340, 974, 1715, 2625, 1774, 996, 1704, 1561, 900, 742, 1026, 1527, 1114, 856, 1302, 1354, 844, 745, 796, 1293, 1232, 762, 1597, 1712, 967, 624, 1091, 1824, 1543, 760, 1469, 1445, 866, 607, 1075, 1475, 1109, 872, 1655, 1677, 939, 659, 1101, 1474, 1157, 2033, 4387, 3952, 1269, 1771, 2211, 2399, 1315, 3614, 7815, 7071, 2122, 3114, 3887, 3740, 1927, 3771, 8588, 7957, 2609, 2798, 3625, 4701, 2784, 3785, 7964, 7067, 2357, 2286, 3422, 4938, 2811, 2924, 5701, 4861, 1926, 2252, 3188, 3858, 2200, 2585, 4899, 4314, 2006, 2476, 3119, 3169, 2133, 2072, 4061, 3959, 1931, 1718, 2571, 3178, 2492, 1852, 3637, 3596, 1652, 1174, 1970, 3018, 2411, 1893, 3309, 2909, 1335, 1388, 1816, 2378, 1869, 1742, 2871, 2269, 1097, 1490, 1905, 1918, 1313, 1702, 2139, 1736, 1182, 1718, 1722, 1182, 1058, 3192, 3716, 3730, 2784, 2909, 3595, 2686, 2303, 4700, 5567, 5915, 3985, 4024, 5271, 3817, 3189, 3181, 3608, 3981, 2628, 2557, 3489, 2310, 2028, 1257, 1281, 1306, 1017, 1105, 1464, 1133, 945, 1304, 1520, 1138, 897, 1146, 962, 767, 793, 1204, 1631, 1534, 901, 1153, 1226, 962, 899, 1767, 2649, 2489, 1316, 1685, 2051, 1539, 1191, 1898, 2992, 2870, 1490, 1652, 2152, 1633, 1295, 1486, 2223, 2128, 1198, 1155, 1575, 1232, 961, 1004, 1291, 1278, 913, 912, 1042, 896, 779, 802, 1067, 1025, 675, 749, 860, 848, 695, 1029, 1370, 1159, 735, 812, 934, 833, 729, 1313, 1816, 1476, 702, 951, 1061, 911, 593, 3057, 4429, 3113, 928, 1726, 1857, 2036, 727, 4227, 6127, 4172, 975, 2349, 2434, 2756, 862, 2579, 3587, 2393, 749, 1582, 1641, 1652, 695, 1008, 1333, 968, 541, 722, 914, 907, 572, 643, 860, 831, 663, 663, 788, 746, 642, 732, 826, 757, 781, 828, 726, 628, 590, 950, 917, 818, 879, 957, 871, 740, 749, 1010, 1167, 939, 879, 1044, 878, 643, 649, 867, 1118, 930, 824, 924, 856, 717, 615, 793, 1010, 876, 711, 728, 759, 715, 588, 873, 1278, 996, 628, 685, 844, 859, 641, 999, 1448, 1129, 682, 826, 1121, 1045, 630, 1201, 1401, 1044, 887, 907, 1220, 1091, 652, 1091, 1182, 860, 953, 875, 1206, 1121, 835, 1042, 972, 760, 813, 831, 904, 825, 898, 878, 846, 744, 714, 679, 812, 772, 707, 844, 707, 702, 733, 674, 705, 700, 733, 708, 650, 825, 747, 531, 550, 655, 715, 602, 599, 713, 633, 524, 631, 592, 564, 498, 657, 662, 553, 571, 635, 600, 529, 506, 555, 739, 643, 448, 571, 613, 560, 596, 691, 701, 554, 491, 571, 583, 552, 971, 1048, 880, 677, 715, 963, 1027, 937, 1507, 1482, 983, 737, 995, 1367, 1414, 1272, 1422, 1222, 841, 690, 955, 1121, 1214, 1284, 1065, 894, 843, 711, 731, 794, 953, 1126, 842, 757, 812, 692, 702, 693, 845, 900, 687, 771, 702, 621, 746, 763, 728, 677, 698, 649, 627, 628, 725, 860, 824, 678, 751, 731, 714, 667, 741, 817, 790, 733, 686, 737, 809, 664, 645, 855, 993, 852, 704, 773, 794, 768, 701, 783, 849, 853, 758, 826, 912, 776, 695, 750, 995, 1001, 1140, 1482, 1833, 1257, 837, 1221, 2122, 2074, 1384, 1928, 2231, 1477, 995, 1591, 2474, 2408, 1231, 1518, 1563, 1165, 962, 1300, 1528, 1521, 1091, 1324, 1484, 1091, 799, 1327, 1834, 1739, 1308, 1404, 1958, 1360, 842, 1436, 2602, 2643, 1546, 1430, 1932, 1362, 931, 1266, 2739, 2953, 1311, 1439, 1850, 1311, 839, 1270, 2398, 2544, 987, 1412, 1654, 1217, 779, 1317, 1800, 1650, 1185, 1339, 1500, 1365, 923, 1431, 1899, 1711, 1497, 1193, 1205, 1541, 966, 1374, 1795, 1791, 996, 1109, 916, 920, 734, 1381, 1445, 912, 1344, 1491, 1194, 1218, 1005, 1315, 1431, 1130, 1278, 1143, 1300, 1428, 938, 1060, 1345, 1257, 1103, 912, 1028, 1192, 753, 965, 1196, 1122, 942, 954, 882, 820, 633, 766, 897, 872, 727, 688, 763, 746, 567, 673, 858, 722, 673, 631, 694, 631, 544, 630, 692, 757, 635, 594, 652, 634, 525, 542, 606, 680, 514, 529, 552, 531, 433, 546, 619, 549, 552, 680, 779, 561, 429, 566, 701, 693, 564, 608, 639, 553, 450, 561, 607, 586, 515, 486, 560, 483, 431, 449, 505, 564, 491, 452, 507, 504, 399, 441, 503, 504]"
0.6582306623458862,-1.138832688331604,-0.040861666202545166,-0.3180687129497528,-0.31128430366516113,0.6392689943313599,0.4309195280075073,-0.41393327713012695,-0.7275581359863281,22.0,-0.3934769630432129,-0.7751941680908203,29.0,-0.041857242584228516,-0.5520343780517578,18.25,-0.026836872100830078,-0.5327224731445312,17.5,0.25254201889038086,-0.6430149078369141,16.75,"[503, 529, 607, 590, 627, 590, 609, 529, 540, 552, 591, 626, 680, 603, 511, 533, 531, 555, 620, 625, 570, 488, 523, 549, 628, 532, 469, 588, 633, 445, 423, 584, 545, 518, 513, 478, 491, 536, 547, 544, 436, 507, 517, 515, 519, 545, 580, 506, 530, 493, 553, 540, 538, 536, 568, 578, 576, 516, 556, 580, 548, 530, 535, 531, 462, 554, 609, 532, 458, 475, 536, 480, 566, 570, 635, 675, 608, 563, 562, 618, 524, 564, 591, 560, 568, 544, 544, 551, 543, 556, 606, 584, 541, 500, 569, 591, 565, 477, 551, 621, 571, 513, 566, 620, 544, 554, 449, 544, 589, 507, 443, 470, 506, 499, 450, 595, 632, 557, 520, 457, 609, 588, 617, 622, 606, 583, 508, 578, 525, 539, 579, 590, 526, 446, 541, 574, 494, 618, 553, 532, 580, 601, 647, 531, 436, 586, 566, 559, 649, 624, 538, 481, 502, 482, 636, 609, 529, 493, 554, 582, 496, 459, 573, 538, 518, 551, 541, 515, 603, 538, 545, 540, 499, 582, 522, 543, 604, 569, 624, 571, 553, 617, 601, 576, 574, 564, 513, 581, 604, 542, 605, 606, 556, 651, 599, 514, 617, 564, 548, 516, 521, 602, 627, 536, 559, 598, 554, 542, 540, 566, 607, 520, 505, 533, 613, 581, 567, 593, 622, 601, 538, 530, 611, 593, 460, 520, 540, 523, 486, 536, 528, 498, 461, 571, 507, 514, 540, 524, 559, 494, 413, 457, 530, 600, 577, 501, 586, 480, 515, 543, 655, 697, 533, 532, 704, 614, 459, 533, 594, 555, 503, 564, 621, 547, 658, 662, 585, 623, 637, 620, 618, 641, 569, 633, 619, 616, 541, 550, 750, 663, 1022, 1311, 851, 725, 1274, 1075, 640, 599, 4213, 6982, 4891, 1380, 4913, 4572, 2242, 830, 8230, 15359, 12199, 2288, 8289, 8442, 4804, 1647, 6011, 12527, 11038, 2720, 5415, 6207, 3862, 1964, 1853, 4222, 4117, 1695, 1959, 2759, 2396, 1505, 2650, 5318, 4758, 1673, 1812, 2428, 2662, 1473, 1490, 2902, 2711, 1332, 1061, 1884, 2344, 1453, 3454, 6010, 4935, 1392, 2480, 3006, 3182, 1696, 9332, 15519, 11640, 1804, 6094, 6201, 6511, 1956, 11505, 17853, 12595, 2081, 6801, 6915, 7414, 2078, 7765, 12044, 8736, 2335, 4172, 5205, 5838, 2622, 3628, 5894, 4600, 1668, 2097, 3005, 3453, 1911, 1806, 3383, 2879, 1161, 1523, 1968, 1813, 1109, 1627, 3357, 3162, 1249, 1578, 2159, 1564, 999, 1323, 2805, 2757, 1164, 1330, 1838, 1370, 939, 1127, 1937, 1828, 915, 988, 1231, 1083, 825, 1030, 1469, 1248, 737, 807, 928, 895, 703, 1068, 1427, 1206, 934, 963, 917, 867, 760, 2238, 2925, 1825, 1306, 2322, 1881, 1049, 1007, 4023, 4957, 2757, 1845, 4006, 3223, 1611, 1394, 5062, 6601, 4321, 2509, 5238, 4632, 2478, 1897, 4008, 5491, 4414, 2011, 4115, 4084, 2344, 1632, 2545, 3560, 3174, 1584, 2169, 2596, 1747, 1038, 2221, 2953, 2367, 1480, 1995, 1927, 1383, 953, 1913, 2509, 2019, 1032, 1546, 1494, 1119, 925, 1256, 1792, 1555, 758, 1053, 1127, 948, 770, 691, 1040, 1096, 828, 776, 782, 822, 720, 635, 750, 826, 753, 735, 690, 696, 673, 740, 849, 933, 795, 818, 886, 722, 714, 665, 854, 814, 686, 823, 781, 623, 637, 714, 773, 768, 690, 785, 718, 693, 666, 765, 687, 627, 725, 730, 682, 608, 558, 722, 713, 680, 735, 692, 607, 584, 612, 594, 702, 727, 670, 689, 597, 612, 599, 629, 579, 720, 765, 667, 623, 650, 662, 502, 529, 629, 679, 680, 648, 652, 607, 951, 1236, 994, 893, 1270, 1269, 815, 651, 1601, 1916, 1299, 1257, 1963, 1787, 860, 813, 1545, 1803, 1197, 1118, 1778, 1620, 917, 911, 1103, 1262, 862, 826, 1214, 1149, 836, 785, 842, 1086, 871, 624, 985, 1022, 767, 588, 853, 985, 753, 660, 919, 958, 736, 667, 810, 917, 750, 661, 715, 753, 649, 620, 724, 794, 713, 638, 664, 616, 514, 625, 691, 665, 718, 662, 657, 720, 681, 709, 704, 694, 824, 771, 659, 805, 805, 777, 743, 767, 743, 617, 676, 778, 685, 656, 700, 747, 777, 722, 716, 768, 670, 573, 576, 524, 732, 735, 631, 645, 664, 663, 544, 604, 698, 666, 708, 731, 756, 677, 726, 703, 707, 723, 814, 757, 652, 695, 750, 752, 629, 634, 719, 744, 736, 725, 772, 704, 695, 755, 829, 1024, 981, 714, 822, 754, 921, 866, 878, 1308, 1176, 688, 720, 726, 908, 802, 727, 1127, 1150, 737, 544, 616, 674, 632, 645, 725, 835, 617, 611, 600, 564, 596, 626, 607, 665, 632, 568, 598, 579, 562, 610, 622, 647, 614, 696, 785, 600, 655, 781, 717, 618, 610, 711, 735, 612, 599, 630, 648, 538, 530, 642, 561, 585, 633, 612, 610, 503, 528, 680, 651, 518, 556, 805, 882, 746, 685, 879, 860, 661, 681, 908, 1043, 923, 826, 734, 674, 634, 620, 743, 787, 683, 659, 487, 485, 631, 632, 582, 592, 628, 620, 555, 588, 655, 597, 616, 644, 603, 570, 632, 711, 713, 581, 702, 779, 664, 588, 841, 838, 735, 666, 870, 997, 826, 705, 870, 1018, 896, 621, 792, 954, 755, 631, 780, 843, 792, 624, 823, 977, 808, 613, 732, 898, 908, 649, 812, 848, 904, 894, 821, 1081, 1014, 635, 799, 1174, 1619, 1330, 901, 1339, 1341, 835, 921, 1495, 2077, 1732, 915, 909, 1174, 915, 801, 1266, 1563, 1445, 945, 865, 918, 779, 705, 1099, 1326, 1165, 862, 931, 881, 779, 872, 1107, 1118, 1014, 905, 977, 985, 903, 841, 1094, 1225, 1070, 952, 807, 896, 896, 739, 743, 949, 1061, 916, 837, 940, 852, 784, 907, 1097, 1049, 924, 984, 1167, 942, 817, 1048, 1223, 1068, 934, 1285, 1331, 945, 724, 1153, 1332, 1081, 717, 1204, 1137, 710, 716, 1030, 1193, 971, 700, 978, 883, 618, 719, 866, 913, 787, 826, 911, 1025, 798, 746, 978, 967, 945, 783, 899, 1084, 887, 751, 947, 1060, 1047, 697, 760, 939, 706, 573, 773, 927, 920, 679, 683, 687, 593, 589, 638, 686, 728, 557, 637, 637, 647, 623, 675, 698, 622, 604, 738, 806, 719, 612, 577, 684, 743, 726, 767, 710, 769, 712, 623, 573, 649, 615, 669, 597, 569, 633, 645, 573, 494, 579, 586, 632, 582, 524, 591, 651, 597, 464, 477, 538, 519, 428, 556, 561, 484]"
1.0731291770935059,-1.7265958786010742,0.40905195474624634,0.5772535800933838,-0.9449797868728638,0.9651628732681274,1.253531813621521,-0.5452919006347656,1.860809326171875,15.25,-0.43628692626953125,-0.565338134765625,18.25,-0.16577720642089844,0.0,16.5,0.15880584716796875,1.4063358306884766,17.0,0.39383888244628906,1.082611083984375,15.0,"[452, 527, 535, 544, 642, 541, 540, 530, 506, 488, 491, 641, 627, 516, 575, 571, 572, 540, 525, 599, 593, 547, 517, 502, 542, 549, 573, 633, 554, 470, 542, 563, 520, 488, 485, 515, 547, 529, 429, 470, 511, 543, 532, 527, 563, 532, 510, 494, 552, 464, 464, 542, 538, 468, 449, 509, 524, 517, 506, 459, 459, 524, 512, 513, 541, 511, 515, 491, 500, 503, 510, 581, 506, 501, 480, 529, 548, 481, 548, 572, 523, 576, 554, 519, 537, 515, 532, 533, 544, 655, 579, 477, 608, 626, 464, 430, 446, 492, 492, 489, 592, 582, 501, 469, 526, 545, 564, 524, 539, 491, 551, 601, 605, 582, 541, 477, 484, 523, 602, 627, 665, 656, 588, 484, 496, 591, 636, 651, 581, 674, 571, 449, 504, 593, 572, 479, 587, 599, 546, 546, 554, 533, 509, 528, 577, 550, 509, 538, 518, 529, 525, 560, 553, 572, 519, 545, 594, 593, 564, 509, 599, 582, 462, 520, 583, 582, 526, 559, 533, 622, 588, 540, 665, 606, 556, 552, 575, 498, 532, 564, 488, 482, 471, 534, 663, 574, 546, 573, 547, 567, 475, 563, 611, 634, 529, 468, 493, 616, 512, 476, 558, 583, 609, 531, 536, 576, 493, 523, 414, 579, 625, 576, 535, 572, 556, 513, 504, 616, 555, 513, 508, 547, 616, 442, 499, 615, 561, 575, 483, 595, 683, 537, 517, 534, 628, 573, 506, 529, 587, 606, 584, 526, 574, 550, 601, 513, 556, 639, 569, 526, 506, 568, 583, 522, 527, 580, 467, 545, 583, 555, 599, 577, 568, 595, 1148, 1525, 1189, 1194, 1838, 1628, 952, 982, 2472, 4784, 4113, 2422, 4186, 4359, 2059, 1627, 5156, 10799, 9949, 3905, 6475, 7447, 3812, 2327, 5347, 10490, 9512, 3643, 5325, 6048, 3229, 2081, 2153, 3811, 3679, 1949, 1823, 1700, 1297, 1307, 1120, 2722, 2798, 1393, 748, 1383, 1859, 1248, 1685, 3340, 3054, 1252, 1319, 1582, 1797, 1138, 3932, 7891, 6873, 1925, 3087, 3638, 3259, 1595, 5542, 11265, 9942, 3123, 3982, 4883, 5449, 2767, 4143, 8347, 7597, 2809, 2899, 3923, 4793, 2699, 2095, 3749, 3316, 1479, 1687, 2551, 2591, 1479, 1296, 1655, 1557, 910, 1117, 1583, 1441, 908, 909, 1153, 1177, 824, 898, 1029, 893, 765, 780, 1052, 1018, 767, 879, 909, 835, 777, 1167, 1975, 1926, 1041, 1325, 1633, 1228, 842, 1233, 1663, 1658, 1471, 1677, 1594, 1007, 920, 3443, 4147, 2211, 3040, 4911, 3721, 1435, 1449, 4677, 5811, 2737, 3574, 6542, 5024, 1582, 1741, 3140, 4017, 1801, 2774, 5061, 3907, 1168, 1243, 2457, 3297, 1486, 2828, 4982, 3815, 1096, 1137, 3260, 4164, 1811, 3234, 5560, 4071, 965, 1353, 2992, 3780, 1878, 2300, 4322, 3370, 1181, 1217, 2355, 3091, 1771, 1632, 3229, 2625, 997, 984, 1979, 2534, 1573, 1310, 2483, 2077, 1074, 880, 1444, 1761, 1154, 1036, 1523, 1405, 958, 783, 1281, 1683, 1269, 909, 1015, 1006, 907, 700, 1261, 1728, 1370, 802, 967, 985, 856, 651, 1015, 1267, 1017, 638, 781, 915, 772, 603, 887, 1218, 966, 603, 736, 849, 749, 577, 789, 1119, 991, 634, 724, 802, 772, 620, 703, 905, 788, 573, 740, 819, 625, 582, 575, 594, 672, 598, 564, 623, 571, 579, 690, 793, 788, 686, 691, 739, 598, 597, 686, 871, 880, 659, 736, 822, 641, 580, 740, 850, 867, 742, 849, 924, 651, 664, 808, 930, 712, 771, 1098, 1053, 651, 614, 637, 818, 743, 694, 887, 767, 643, 633, 695, 705, 540, 664, 836, 636, 491, 590, 878, 810, 600, 680, 895, 759, 522, 717, 836, 953, 797, 716, 953, 994, 733, 637, 770, 1054, 954, 810, 963, 990, 914, 776, 887, 1165, 1015, 838, 1030, 1064, 888, 809, 955, 1119, 937, 781, 969, 1018, 863, 847, 740, 860, 753, 670, 611, 695, 762, 730, 744, 836, 704, 742, 650, 699, 753, 752, 864, 830, 774, 722, 819, 840, 650, 730, 709, 698, 670, 663, 789, 741, 702, 736, 605, 543, 568, 486, 574, 665, 694, 662, 668, 630, 672, 633, 671, 623, 675, 711, 837, 724, 672, 827, 786, 707, 728, 746, 749, 664, 682, 682, 706, 764, 751, 755, 668, 645, 708, 738, 614, 726, 772, 679, 813, 819, 722, 855, 837, 803, 770, 612, 808, 861, 764, 897, 926, 823, 801, 654, 814, 894, 662, 769, 889, 752, 683, 608, 699, 852, 671, 607, 738, 759, 702, 553, 617, 759, 690, 602, 679, 745, 655, 586, 583, 638, 648, 621, 614, 705, 686, 553, 620, 647, 591, 486, 585, 651, 652, 577, 548, 627, 620, 578, 644, 725, 736, 612, 582, 694, 790, 703, 565, 584, 630, 658, 731, 779, 758, 692, 664, 555, 606, 667, 718, 853, 704, 643, 772, 655, 640, 620, 681, 719, 704, 633, 696, 601, 583, 612, 609, 593, 659, 614, 558, 488, 563, 631, 624, 560, 612, 608, 577, 563, 493, 597, 717, 869, 820, 679, 698, 760, 589, 563, 766, 990, 962, 787, 704, 840, 679, 574, 732, 773, 965, 888, 642, 739, 759, 668, 807, 751, 870, 757, 597, 714, 862, 789, 898, 792, 719, 729, 811, 917, 841, 773, 878, 916, 759, 797, 866, 975, 852, 652, 725, 888, 849, 744, 755, 888, 933, 750, 780, 1001, 1069, 898, 817, 1093, 1343, 1142, 785, 1324, 1527, 1060, 758, 1115, 1571, 1410, 804, 1092, 1191, 894, 751, 864, 1132, 1055, 832, 799, 774, 837, 847, 748, 754, 790, 719, 736, 900, 933, 728, 693, 695, 718, 668, 768, 869, 808, 681, 668, 691, 672, 598, 661, 757, 654, 537, 674, 728, 692, 801, 801, 714, 713, 765, 784, 787, 796, 744, 821, 921, 834, 757, 884, 958, 878, 755, 861, 914, 856, 730, 1107, 1148, 787, 908, 941, 978, 924, 839, 1059, 1070, 874, 908, 1055, 1113, 969, 863, 980, 859, 690, 976, 1138, 1019, 1028, 815, 956, 970, 662, 839, 921, 902, 874, 676, 853, 959, 638, 732, 731, 780, 800, 633, 868, 1009, 579, 717, 743, 643, 706, 633, 802, 879, 672, 655, 626, 583, 612, 577, 698, 629, 555, 495, 528, 575, 552, 545, 599, 559, 509, 563, 494, 632, 663, 532, 562, 644, 631, 630, 609, 828, 759, 573, 661, 770, 777, 498, 609, 762, 672, 551, 691, 735, 685, 420, 609, 700, 575, 514, 619, 664, 560]"
1.0872917175292969,-1.6633161306381226,0.4669951796531677,0.43934139609336853,-0.7466583251953125,0.6946578025817871,0.7387963533401489,-0.6022340059280396,-0.5797863006591797,18.25,-0.5212670564651489,-0.8986473083496094,16.75,-0.5109673738479614,-0.4586219787597656,20.5,-0.4975205659866333,-0.37550926208496094,17.25,0.5162829160690308,0.7341384887695312,15.5,"[612, 625, 702, 708, 671, 705, 704, 625, 620, 639, 605, 709, 758, 637, 589, 561, 561, 610, 609, 591, 557, 503, 511, 561, 624, 617, 617, 603, 651, 495, 473, 573, 524, 542, 564, 507, 545, 493, 441, 511, 497, 533, 542, 500, 562, 496, 438, 485, 574, 550, 499, 484, 595, 597, 559, 595, 632, 531, 466, 579, 615, 546, 488, 606, 493, 441, 442, 509, 478, 460, 491, 565, 470, 516, 540, 560, 539, 520, 550, 527, 573, 563, 518, 567, 533, 609, 557, 486, 500, 487, 495, 512, 448, 537, 591, 534, 548, 624, 563, 527, 469, 532, 606, 510, 509, 563, 481, 460, 437, 476, 579, 546, 559, 460, 512, 491, 474, 507, 580, 657, 619, 599, 642, 625, 566, 610, 656, 679, 546, 556, 537, 555, 489, 502, 522, 555, 596, 609, 574, 571, 586, 561, 563, 526, 639, 612, 517, 514, 530, 542, 507, 525, 614, 603, 410, 476, 597, 652, 526, 529, 577, 542, 536, 510, 622, 597, 565, 610, 496, 550, 592, 629, 572, 551, 549, 554, 516, 478, 543, 591, 571, 544, 521, 493, 568, 526, 490, 557, 604, 564, 478, 501, 512, 627, 556, 559, 569, 513, 522, 504, 576, 638, 633, 554, 578, 626, 606, 594, 617, 619, 603, 609, 526, 490, 564, 622, 717, 670, 507, 558, 576, 588, 567, 535, 626, 602, 448, 466, 563, 647, 557, 533, 609, 663, 642, 563, 650, 684, 579, 495, 1028, 1419, 1134, 798, 1092, 1142, 1012, 717, 1685, 2489, 1990, 762, 2130, 2373, 1599, 790, 2470, 4228, 3633, 1356, 3409, 3899, 2075, 772, 3414, 6142, 5421, 2402, 4526, 5019, 2585, 1219, 2815, 4952, 4238, 1585, 3139, 3383, 1817, 1008, 1245, 2039, 1782, 670, 1134, 1272, 886, 625, 1057, 1641, 1449, 798, 1102, 1216, 1021, 712, 1799, 3046, 2585, 828, 1713, 1828, 1240, 751, 1932, 3495, 3121, 1032, 1915, 2171, 1392, 803, 2274, 4627, 4550, 1870, 2449, 3367, 2438, 1019, 2360, 4640, 4586, 2109, 2471, 3524, 2649, 1197, 1547, 2555, 2335, 1442, 1529, 2134, 1855, 1057, 921, 1278, 1199, 770, 882, 1233, 1093, 737, 692, 829, 829, 663, 721, 802, 733, 633, 812, 747, 606, 716, 773, 566, 537, 725, 709, 709, 622, 652, 669, 666, 696, 717, 643, 728, 680, 605, 595, 645, 597, 540, 707, 690, 649, 653, 669, 664, 561, 596, 606, 568, 618, 611, 542, 622, 666, 646, 657, 759, 637, 631, 694, 628, 563, 567, 1013, 1143, 717, 762, 1097, 1002, 635, 611, 1381, 1649, 1084, 993, 1761, 1537, 869, 855, 2345, 3078, 2185, 1917, 3763, 3591, 1835, 1465, 2897, 4323, 3212, 2027, 4754, 4524, 2179, 1376, 2337, 3747, 2608, 1483, 3456, 3096, 1617, 846, 1713, 2677, 2022, 1240, 2651, 2329, 1179, 724, 1401, 2076, 1682, 1026, 1835, 1674, 946, 694, 1728, 2577, 1949, 1303, 2159, 2133, 1168, 794, 1795, 2827, 2351, 1729, 2592, 2480, 1396, 927, 1222, 1874, 1722, 1260, 1906, 1727, 895, 824, 836, 1033, 972, 862, 1079, 934, 690, 687, 805, 939, 892, 650, 694, 694, 621, 606, 744, 780, 709, 559, 601, 651, 544, 594, 627, 697, 632, 458, 509, 665, 557, 489, 677, 843, 787, 535, 641, 730, 641, 588, 658, 750, 754, 652, 687, 762, 593, 575, 668, 670, 622, 661, 649, 716, 590, 546, 699, 616, 662, 710, 628, 666, 657, 634, 536, 449, 543, 545, 561, 565, 574, 574, 698, 664, 543, 577, 693, 671, 542, 579, 649, 680, 664, 717, 795, 649, 617, 639, 574, 696, 762, 751, 773, 780, 761, 648, 612, 693, 707, 773, 866, 824, 695, 633, 661, 721, 721, 727, 796, 774, 654, 646, 630, 677, 686, 763, 759, 806, 621, 557, 588, 652, 639, 671, 743, 753, 626, 522, 632, 641, 524, 547, 589, 598, 544, 526, 614, 584, 565, 639, 554, 519, 604, 574, 613, 668, 652, 627, 567, 643, 594, 501, 612, 671, 793, 684, 613, 607, 647, 612, 596, 662, 677, 691, 691, 596, 575, 632, 654, 712, 642, 679, 742, 731, 692, 642, 691, 793, 784, 663, 672, 739, 760, 675, 721, 795, 742, 639, 674, 682, 713, 630, 798, 845, 811, 936, 757, 703, 1012, 806, 1006, 1138, 786, 873, 789, 735, 1114, 805, 833, 991, 802, 743, 710, 823, 888, 676, 627, 713, 803, 716, 556, 762, 863, 648, 605, 690, 713, 650, 632, 732, 718, 604, 521, 583, 701, 614, 680, 686, 638, 633, 605, 635, 666, 641, 702, 747, 729, 681, 593, 684, 647, 621, 701, 662, 582, 604, 533, 608, 570, 550, 644, 602, 571, 544, 635, 617, 515, 544, 505, 618, 675, 625, 518, 586, 644, 594, 527, 532, 633, 528, 697, 831, 757, 678, 632, 735, 819, 689, 734, 715, 545, 568, 669, 753, 657, 587, 666, 631, 558, 494, 550, 738, 590, 540, 792, 800, 565, 590, 657, 611, 571, 595, 683, 748, 544, 571, 638, 613, 567, 534, 666, 650, 519, 555, 666, 615, 560, 523, 635, 639, 568, 616, 695, 640, 536, 497, 708, 714, 712, 679, 685, 816, 684, 569, 801, 792, 823, 799, 817, 1038, 898, 667, 781, 764, 727, 741, 791, 830, 771, 674, 703, 897, 878, 718, 687, 698, 687, 737, 892, 1523, 1560, 1015, 730, 920, 1116, 1031, 838, 1830, 2232, 1472, 780, 1164, 1789, 1654, 835, 1274, 1765, 1369, 840, 888, 1414, 1500, 823, 725, 1210, 1154, 714, 702, 1049, 1215, 769, 684, 823, 822, 635, 674, 955, 1000, 929, 1147, 875, 724, 711, 965, 978, 575, 1015, 1232, 968, 812, 781, 953, 952, 691, 712, 947, 904, 681, 678, 642, 725, 721, 629, 710, 720, 682, 564, 661, 765, 640, 798, 903, 1002, 777, 620, 801, 887, 772, 799, 1083, 1210, 967, 621, 815, 938, 923, 727, 1066, 1396, 1180, 697, 909, 1164, 950, 922, 1174, 1524, 1294, 729, 914, 1148, 1036, 1027, 1092, 1244, 1187, 727, 743, 835, 904, 818, 815, 782, 791, 555, 626, 683, 704, 596, 687, 621, 603, 621, 598, 608, 581, 524, 617, 555, 558, 729, 702, 517, 429, 586, 564, 449, 453, 629, 571, 441, 508, 534, 508, 599, 611, 540, 510, 543, 602, 512, 535, 653, 551, 496, 541, 528, 564, 442, 407, 494, 513, 528, 552, 530, 412, 516, 535, 562, 540, 580, 568, 470, 440]"
1.0923823118209839,-1.4849916696548462,0.42578545212745667,0.32772257924079895,-0.39839404821395874,0.40587326884269714,0.3938208818435669,-0.6833213567733765,-0.6412982940673828,15.25,-0.6803172826766968,-0.8761882781982422,18.25,-0.6109374761581421,-0.3692150115966797,15.25,-0.553860068321228,-0.49080848693847656,15.5,-0.4870551824569702,0.8156776428222656,15.75,"[503, 566, 619, 546, 489, 544, 623, 567, 497, 602, 657, 665, 588, 576, 639, 605, 542, 653, 662, 552, 624, 633, 567, 472, 459, 476, 521, 503, 513, 480, 464, 469, 468, 497, 448, 462, 512, 480, 405, 405, 466, 479, 516, 542, 534, 491, 412, 446, 577, 489, 549, 615, 666, 604, 509, 531, 610, 710, 607, 552, 596, 586, 529, 533, 615, 658, 547, 495, 559, 607, 523, 559, 569, 615, 547, 515, 506, 575, 543, 536, 541, 599, 587, 496, 494, 528, 466, 444, 531, 580, 581, 568, 563, 522, 476, 481, 572, 543, 524, 574, 588, 553, 482, 480, 571, 499, 562, 600, 565, 499, 480, 546, 562, 529, 518, 565, 516, 518, 517, 511, 545, 553, 495, 492, 618, 540, 472, 422, 558, 531, 491, 542, 503, 387, 452, 481, 618, 655, 518, 542, 545, 543, 522, 458, 673, 620, 435, 492, 597, 542, 521, 531, 474, 451, 544, 461, 447, 526, 534, 509, 595, 483, 459, 590, 589, 540, 522, 600, 657, 543, 562, 643, 672, 595, 480, 566, 546, 503, 514, 530, 533, 531, 496, 566, 570, 535, 610, 668, 539, 462, 574, 617, 591, 597, 617, 628, 554, 574, 622, 582, 588, 692, 586, 500, 495, 545, 592, 540, 586, 606, 505, 531, 510, 577, 575, 526, 627, 672, 524, 597, 615, 633, 538, 532, 662, 715, 621, 526, 606, 658, 572, 516, 784, 1616, 1614, 803, 1026, 1431, 1136, 665, 1184, 2807, 3217, 1478, 1697, 2929, 2185, 1013, 1680, 3071, 3201, 1992, 2347, 2851, 2231, 1033, 2046, 3319, 2410, 1581, 3212, 3414, 2128, 944, 1992, 2864, 2146, 881, 2494, 3364, 2466, 728, 1404, 1920, 1578, 707, 1392, 1822, 1293, 597, 760, 1221, 1251, 808, 759, 851, 764, 627, 851, 1551, 1483, 824, 976, 1127, 1003, 723, 2200, 5160, 5190, 2186, 2007, 3174, 2565, 1444, 3889, 10004, 10526, 4616, 3699, 5919, 4037, 2780, 4173, 9267, 9525, 4547, 4076, 5224, 3196, 2719, 2618, 4323, 3913, 2222, 2424, 2229, 1530, 1441, 1285, 1539, 1038, 791, 1018, 827, 745, 690, 788, 891, 779, 718, 666, 727, 800, 693, 656, 678, 675, 620, 656, 636, 655, 619, 593, 604, 622, 538, 546, 590, 629, 662, 633, 646, 620, 561, 605, 665, 703, 661, 608, 671, 623, 612, 706, 772, 765, 665, 630, 609, 490, 587, 746, 702, 666, 624, 573, 663, 578, 527, 631, 560, 556, 535, 743, 791, 621, 517, 684, 745, 596, 554, 1125, 1146, 735, 950, 1301, 1083, 746, 834, 1292, 1462, 1135, 1651, 2209, 1736, 944, 1171, 2466, 2816, 1656, 2126, 4026, 3618, 1446, 1391, 2947, 3828, 2320, 1821, 4334, 4234, 1995, 1181, 1410, 2208, 1798, 981, 1911, 2001, 1165, 722, 1019, 1249, 1039, 1023, 1345, 1135, 670, 709, 1257, 1643, 1222, 1043, 1777, 1629, 835, 858, 1205, 1607, 1323, 1101, 1636, 1407, 803, 853, 990, 1210, 1138, 1000, 1201, 1020, 790, 800, 704, 931, 942, 807, 990, 959, 733, 710, 674, 796, 678, 557, 697, 763, 622, 602, 586, 702, 671, 576, 666, 683, 636, 579, 528, 497, 603, 577, 575, 607, 605, 586, 582, 716, 796, 649, 659, 680, 696, 641, 535, 688, 724, 616, 602, 660, 673, 511, 537, 576, 589, 566, 571, 580, 564, 537, 635, 566, 507, 593, 544, 442, 491, 578, 678, 631, 614, 653, 621, 557, 507, 661, 716, 632, 616, 556, 625, 540, 518, 623, 643, 723, 660, 590, 641, 626, 595, 536, 702, 765, 698, 666, 806, 779, 577, 546, 804, 756, 684, 787, 964, 841, 630, 708, 651, 639, 704, 772, 744, 642, 579, 597, 727, 810, 700, 741, 1014, 916, 601, 664, 978, 1007, 683, 821, 1296, 1162, 671, 743, 812, 839, 799, 773, 896, 890, 663, 656, 647, 660, 659, 580, 580, 659, 610, 548, 602, 595, 652, 690, 526, 570, 580, 558, 666, 714, 705, 629, 649, 548, 490, 564, 646, 700, 734, 710, 595, 525, 533, 592, 652, 743, 730, 665, 599, 593, 568, 548, 639, 729, 686, 688, 672, 572, 664, 624, 748, 776, 701, 836, 758, 667, 767, 678, 754, 702, 696, 868, 783, 669, 727, 685, 765, 731, 787, 868, 795, 700, 739, 681, 757, 710, 748, 752, 684, 707, 683, 635, 684, 646, 670, 628, 649, 686, 693, 617, 566, 595, 688, 673, 533, 722, 791, 617, 659, 649, 572, 550, 547, 649, 638, 547, 745, 701, 531, 692, 662, 623, 597, 523, 722, 621, 560, 765, 645, 600, 700, 651, 607, 598, 679, 693, 651, 678, 739, 740, 600, 662, 625, 616, 656, 643, 587, 560, 608, 659, 676, 707, 744, 730, 589, 532, 668, 640, 677, 671, 751, 773, 657, 587, 669, 673, 773, 758, 742, 749, 726, 727, 604, 658, 740, 694, 683, 682, 649, 616, 625, 664, 684, 643, 592, 636, 559, 578, 611, 598, 598, 578, 558, 580, 528, 528, 716, 642, 578, 629, 677, 662, 617, 579, 757, 637, 602, 652, 615, 632, 617, 584, 771, 703, 636, 729, 692, 695, 750, 680, 858, 720, 680, 753, 759, 838, 797, 754, 953, 802, 584, 850, 989, 927, 795, 738, 735, 669, 594, 767, 831, 705, 647, 661, 769, 706, 735, 851, 760, 635, 593, 682, 879, 810, 1145, 1070, 810, 803, 882, 1044, 891, 872, 1411, 1331, 917, 903, 1115, 1207, 723, 863, 1218, 1171, 829, 818, 1006, 994, 834, 1067, 1210, 1077, 940, 1040, 1113, 950, 914, 767, 697, 787, 855, 761, 669, 809, 799, 846, 833, 677, 651, 729, 732, 777, 751, 726, 790, 701, 643, 738, 826, 752, 688, 720, 736, 712, 706, 606, 758, 771, 720, 811, 810, 807, 734, 723, 765, 676, 546, 718, 767, 638, 604, 723, 653, 560, 773, 741, 962, 840, 571, 789, 769, 799, 839, 921, 1104, 883, 617, 816, 901, 935, 721, 652, 853, 813, 590, 709, 747, 705, 566, 654, 807, 717, 580, 666, 694, 511, 518, 640, 765, 686, 601, 709, 739, 537, 606, 667, 618, 598, 625, 685, 741, 654, 553, 635, 580, 602, 616, 687, 729, 583, 533, 553, 457, 494, 502, 498, 456, 435, 452, 500, 402, 438, 459, 412, 400, 391, 404, 481, 452, 373, 404, 427, 440, 411, 479, 544, 495, 419, 440, 453, 457, 457, 501, 450, 443, 429, 423, 434, 394, 480]"
1.0034996271133423,-1.3924407958984375,0.736132025718689,0.07122614979743958,-0.22785219550132751,0.6856060028076172,0.025355368852615356,-1.491515874862671,-1.2833118438720703,17.25,-1.0569264888763428,-0.6792068481445312,19.0,-0.9124448299407959,-0.5803585052490234,15.0,-0.8701016902923584,-0.49610137939453125,16.5,0.36686158180236816,0.4849433898925781,15.0,"[553, 602, 614, 566, 593, 569, 617, 606, 532, 640, 646, 656, 615, 663, 680, 569, 517, 512, 656, 617, 557, 603, 634, 601, 568, 487, 466, 571, 540, 514, 548, 588, 507, 430, 462, 600, 546, 469, 538, 549, 499, 514, 519, 509, 471, 424, 523, 500, 544, 500, 531, 465, 425, 500, 517, 496, 518, 464, 529, 533, 468, 548, 615, 493, 465, 539, 522, 451, 513, 564, 523, 485, 481, 583, 529, 496, 457, 505, 443, 429, 612, 480, 503, 546, 453, 487, 459, 552, 675, 498, 540, 562, 573, 567, 516, 658, 596, 529, 458, 488, 524, 555, 519, 517, 505, 493, 521, 494, 504, 565, 507, 476, 463, 483, 548, 553, 454, 463, 525, 539, 531, 565, 659, 565, 530, 599, 593, 552, 507, 560, 601, 518, 501, 628, 535, 456, 538, 557, 599, 578, 628, 605, 512, 500, 600, 493, 581, 629, 606, 465, 447, 570, 578, 563, 574, 597, 538, 475, 534, 597, 592, 570, 487, 537, 618, 492, 492, 573, 511, 520, 529, 566, 543, 453, 525, 530, 472, 530, 565, 558, 506, 471, 514, 494, 462, 510, 559, 565, 557, 558, 534, 527, 586, 636, 620, 540, 528, 519, 529, 520, 682, 760, 676, 564, 576, 619, 638, 605, 752, 688, 601, 585, 603, 636, 567, 591, 631, 672, 581, 524, 516, 658, 589, 576, 634, 664, 613, 516, 532, 589, 569, 532, 1014, 1283, 1167, 908, 960, 1157, 1107, 824, 2323, 3857, 3204, 1620, 2339, 3145, 2674, 1271, 2970, 5302, 4379, 1557, 3082, 4051, 3183, 1275, 1911, 3432, 2847, 1093, 2017, 2427, 1839, 916, 971, 1685, 1548, 962, 1031, 1324, 1142, 812, 842, 1364, 1345, 867, 990, 1068, 914, 794, 882, 1666, 1533, 708, 1232, 1376, 855, 617, 1492, 3226, 3185, 1377, 1789, 2179, 1167, 817, 1681, 4513, 5118, 2518, 1428, 2708, 1856, 1323, 1536, 3045, 3352, 2212, 1667, 1821, 1381, 1303, 1599, 2583, 2115, 1036, 1961, 1858, 848, 686, 1456, 2487, 2157, 861, 1649, 1798, 1034, 563, 1154, 1755, 1684, 905, 1221, 1424, 1082, 742, 897, 1037, 1017, 855, 817, 965, 873, 698, 671, 667, 726, 715, 829, 839, 769, 620, 591, 702, 708, 624, 825, 882, 696, 601, 606, 717, 753, 616, 733, 798, 643, 574, 560, 655, 714, 607, 565, 589, 643, 599, 641, 567, 563, 517, 556, 627, 567, 612, 620, 568, 516, 521, 679, 661, 547, 594, 597, 662, 665, 572, 769, 688, 470, 574, 814, 864, 871, 863, 1120, 1030, 569, 748, 1735, 1814, 992, 1751, 2453, 1864, 954, 1172, 3333, 3770, 1688, 3173, 5117, 3993, 1654, 1601, 3951, 4852, 2844, 3821, 6184, 5013, 2310, 1899, 3477, 4156, 2730, 3829, 5821, 4926, 2150, 2056, 2157, 2387, 1666, 2360, 3241, 2698, 1456, 1262, 1287, 1624, 1125, 1333, 2183, 1926, 978, 777, 961, 1321, 1130, 1016, 1600, 1671, 1026, 677, 766, 1004, 857, 928, 1107, 1031, 831, 669, 591, 670, 727, 762, 824, 813, 799, 625, 745, 1004, 797, 659, 864, 856, 712, 561, 592, 858, 756, 614, 881, 800, 633, 571, 588, 635, 594, 648, 822, 735, 658, 597, 492, 558, 577, 562, 656, 653, 655, 604, 515, 591, 530, 555, 637, 605, 560, 551, 587, 739, 727, 527, 663, 697, 610, 580, 714, 842, 731, 553, 742, 778, 594, 519, 759, 749, 630, 641, 654, 585, 551, 648, 668, 678, 692, 645, 604, 627, 618, 618, 644, 707, 619, 585, 620, 582, 626, 625, 618, 717, 606, 662, 597, 521, 670, 633, 614, 668, 599, 618, 604, 622, 676, 617, 683, 601, 569, 688, 660, 612, 564, 570, 671, 674, 739, 773, 702, 630, 607, 677, 639, 712, 774, 682, 688, 744, 687, 593, 688, 815, 663, 772, 905, 820, 679, 587, 700, 790, 667, 864, 1015, 882, 637, 608, 693, 772, 716, 907, 910, 805, 664, 636, 699, 817, 767, 814, 840, 766, 640, 620, 646, 553, 677, 677, 684, 708, 595, 661, 636, 592, 697, 721, 574, 564, 728, 712, 721, 757, 738, 776, 678, 597, 769, 703, 622, 655, 686, 862, 788, 679, 706, 710, 612, 727, 698, 772, 840, 801, 602, 460, 664, 633, 610, 688, 756, 785, 635, 629, 519, 567, 646, 590, 539, 651, 655, 642, 552, 568, 637, 659, 554, 532, 654, 595, 422, 532, 583, 559, 621, 508, 495, 525, 533, 551, 543, 556, 566, 539, 492, 569, 616, 575, 588, 594, 592, 622, 618, 631, 638, 610, 638, 634, 554, 558, 580, 656, 717, 740, 608, 616, 595, 589, 550, 572, 622, 661, 628, 663, 643, 578, 543, 524, 625, 609, 604, 585, 581, 645, 569, 588, 667, 643, 616, 634, 600, 635, 612, 615, 587, 636, 593, 567, 560, 580, 582, 602, 632, 687, 617, 529, 608, 661, 630, 630, 646, 726, 673, 594, 609, 678, 614, 640, 711, 718, 600, 513, 521, 637, 654, 620, 663, 759, 608, 475, 484, 655, 658, 586, 592, 606, 573, 519, 550, 600, 581, 548, 567, 632, 677, 623, 597, 716, 723, 626, 566, 579, 741, 689, 485, 593, 727, 680, 573, 660, 641, 586, 488, 589, 711, 624, 527, 576, 647, 609, 500, 528, 565, 569, 594, 584, 582, 593, 612, 624, 567, 567, 627, 602, 671, 727, 573, 604, 662, 657, 818, 755, 635, 720, 771, 686, 677, 737, 695, 589, 559, 637, 767, 604, 517, 648, 797, 614, 821, 1033, 891, 685, 545, 735, 826, 764, 995, 1108, 857, 764, 761, 782, 741, 857, 839, 803, 773, 802, 729, 619, 658, 713, 661, 519, 654, 764, 617, 511, 729, 724, 603, 662, 636, 629, 647, 584, 568, 619, 529, 570, 523, 520, 586, 597, 696, 750, 768, 719, 553, 639, 748, 718, 763, 888, 869, 674, 540, 775, 878, 640, 744, 933, 804, 678, 619, 688, 886, 715, 676, 776, 727, 742, 638, 592, 779, 733, 708, 744, 700, 692, 585, 621, 653, 667, 686, 617, 657, 643, 566, 555, 644, 642, 576, 565, 639, 663, 480, 574, 655, 599, 477, 476, 529, 600, 510, 556, 588, 477, 606, 503, 480, 582, 559, 577, 519, 514, 491, 461, 560, 557, 470, 447, 447, 505, 566, 513, 600, 648, 542, 473, 546, 570, 449, 444, 571, 525, 512, 443, 472, 505, 438, 439, 436, 415, 446, 470, 441, 435]"
1.0107489824295044,-1.4152259826660156,0.8046926259994507,0.07376168668270111,0.0,0.0,0.0,-0.7993710041046143,-0.4184246063232422,16.25,-0.7959377765655518,-0.4248619079589844,25.25,-0.7929337024688721,-0.4230022430419922,25.0,-0.6749165058135986,-0.6176948547363281,20.5,-0.552893877029419,-0.4845142364501953,15.5,"[495, 511, 529, 579, 658, 581, 529, 512, 551, 559, 589, 589, 669, 650, 572, 577, 506, 482, 517, 477, 524, 595, 508, 520, 454, 468, 528, 482, 506, 477, 476, 546, 455, 409, 472, 465, 552, 526, 475, 527, 475, 532, 541, 557, 597, 559, 487, 484, 508, 497, 562, 551, 641, 592, 497, 519, 591, 556, 560, 544, 578, 699, 576, 510, 540, 497, 512, 483, 443, 525, 529, 510, 557, 511, 526, 634, 618, 565, 612, 654, 566, 550, 513, 564, 549, 464, 597, 669, 466, 488, 536, 538, 542, 627, 632, 511, 517, 489, 528, 527, 570, 553, 592, 561, 539, 537, 466, 537, 593, 544, 480, 469, 562, 575, 473, 523, 628, 641, 522, 487, 510, 479, 510, 556, 560, 606, 526, 514, 496, 541, 508, 497, 524, 559, 527, 503, 578, 628, 534, 458, 626, 654, 540, 474, 550, 518, 488, 510, 624, 656, 542, 460, 519, 544, 481, 516, 524, 561, 508, 474, 542, 565, 544, 513, 491, 564, 560, 517, 543, 612, 635, 581, 589, 607, 599, 581, 529, 586, 622, 592, 523, 557, 582, 550, 500, 568, 629, 690, 557, 485, 506, 522, 600, 742, 756, 679, 565, 560, 697, 617, 809, 923, 759, 611, 626, 633, 741, 705, 794, 871, 639, 561, 620, 695, 646, 611, 714, 692, 541, 528, 566, 622, 553, 544, 646, 604, 568, 619, 613, 650, 547, 597, 1561, 3660, 3844, 1801, 1751, 2694, 2156, 1188, 4128, 10320, 10831, 4438, 4972, 8293, 6056, 2560, 4529, 11141, 11516, 4211, 6050, 9650, 6759, 3191, 2297, 4985, 5253, 2380, 3440, 6257, 5624, 2858, 1787, 2222, 2242, 1307, 2059, 3554, 2932, 1235, 1142, 1596, 1558, 980, 1274, 1481, 1169, 969, 752, 1351, 1430, 886, 1000, 1399, 1194, 884, 724, 1358, 1446, 860, 866, 1184, 1030, 744, 675, 1070, 1085, 700, 690, 966, 823, 575, 742, 986, 846, 561, 702, 836, 764, 583, 798, 1034, 836, 659, 914, 977, 805, 594, 743, 1025, 910, 676, 707, 859, 854, 665, 721, 872, 839, 618, 574, 821, 879, 662, 546, 578, 668, 637, 711, 880, 764, 614, 917, 1381, 1291, 693, 1008, 1159, 824, 609, 886, 1462, 1377, 689, 1008, 1174, 875, 654, 629, 837, 811, 636, 737, 809, 699, 562, 615, 628, 494, 635, 677, 632, 573, 558, 658, 694, 615, 699, 693, 635, 614, 636, 751, 825, 765, 780, 800, 783, 677, 615, 832, 947, 683, 832, 1099, 1044, 710, 622, 1171, 1377, 871, 973, 1624, 1405, 777, 747, 1119, 1299, 1019, 844, 1447, 1336, 792, 757, 1546, 1582, 918, 1887, 2175, 1249, 799, 897, 2227, 2437, 1064, 3048, 3682, 1913, 937, 1145, 1563, 2097, 1344, 2198, 2973, 1962, 942, 1008, 1306, 1632, 1489, 1036, 1766, 1840, 1410, 1047, 1544, 1835, 1508, 1160, 1804, 2160, 1549, 1029, 1635, 1811, 1355, 1140, 1669, 1891, 1364, 932, 1656, 1800, 1237, 1097, 1613, 1648, 1086, 910, 1614, 1752, 1249, 1120, 1582, 1533, 964, 905, 1094, 1149, 956, 977, 1139, 1012, 728, 826, 721, 765, 768, 785, 803, 734, 768, 740, 579, 576, 648, 703, 637, 603, 522, 619, 748, 734, 637, 656, 665, 657, 575, 594, 590, 681, 586, 579, 564, 508, 534, 484, 617, 614, 691, 696, 568, 604, 593, 604, 639, 674, 728, 596, 560, 687, 632, 656, 606, 689, 743, 582, 587, 632, 506, 538, 771, 723, 753, 662, 588, 584, 495, 666, 591, 667, 704, 596, 486, 533, 503, 576, 590, 561, 538, 546, 595, 605, 528, 525, 737, 783, 646, 624, 704, 659, 616, 621, 692, 766, 734, 664, 668, 722, 697, 662, 608, 860, 946, 744, 629, 783, 738, 611, 548, 680, 738, 706, 612, 718, 742, 627, 618, 707, 612, 554, 574, 691, 668, 566, 543, 596, 678, 594, 589, 590, 535, 511, 606, 633, 685, 711, 727, 691, 562, 613, 664, 820, 746, 692, 733, 740, 704, 640, 670, 908, 858, 710, 777, 788, 742, 605, 665, 836, 796, 694, 720, 679, 637, 585, 627, 672, 607, 640, 737, 651, 557, 564, 557, 632, 603, 516, 614, 751, 681, 531, 633, 595, 651, 680, 723, 787, 808, 771, 660, 707, 630, 662, 641, 685, 742, 744, 597, 654, 701, 654, 577, 490, 557, 600, 629, 597, 684, 726, 625, 617, 622, 662, 619, 674, 726, 762, 649, 629, 683, 629, 655, 637, 678, 622, 603, 606, 711, 722, 615, 627, 718, 659, 589, 628, 619, 662, 687, 742, 819, 704, 623, 736, 664, 642, 688, 680, 804, 686, 663, 759, 761, 674, 611, 638, 668, 643, 634, 637, 593, 544, 617, 680, 776, 832, 674, 641, 648, 549, 685, 711, 726, 615, 513, 621, 695, 659, 736, 658, 533, 574, 587, 613, 563, 612, 738, 613, 472, 574, 586, 656, 585, 613, 670, 633, 629, 661, 691, 619, 619, 648, 763, 717, 601, 611, 643, 591, 642, 655, 651, 609, 501, 579, 715, 680, 560, 558, 615, 643, 602, 628, 668, 683, 636, 634, 623, 662, 682, 617, 650, 709, 696, 663, 618, 657, 703, 609, 642, 742, 671, 598, 813, 747, 813, 815, 688, 653, 737, 741, 748, 636, 677, 685, 564, 613, 650, 764, 735, 583, 849, 846, 628, 607, 721, 875, 910, 793, 1140, 1149, 883, 703, 1155, 1318, 832, 1076, 1445, 1268, 823, 917, 1456, 1406, 744, 753, 1219, 1280, 743, 654, 986, 1014, 947, 845, 1396, 1436, 909, 627, 880, 1145, 896, 868, 1211, 1233, 893, 836, 1018, 1105, 766, 739, 937, 896, 645, 753, 1071, 996, 686, 679, 863, 869, 695, 747, 1086, 1073, 567, 691, 907, 846, 660, 833, 981, 875, 641, 635, 747, 725, 632, 634, 728, 739, 770, 889, 835, 677, 646, 702, 766, 643, 658, 843, 937, 790, 680, 676, 699, 709, 568, 639, 897, 941, 703, 604, 759, 690, 679, 589, 688, 941, 821, 559, 771, 720, 706, 699, 479, 628, 614, 606, 737, 615, 538, 582, 540, 583, 561, 620, 661, 538, 595, 623, 573, 584, 567, 595, 616, 547, 586, 666, 544, 501, 630, 642, 579, 454, 498, 564, 552, 516, 533, 528, 533, 515, 603, 557, 451, 491, 499, 429, 419, 558, 551, 580, 541, 472, 444, 529, 484, 445, 489, 502, 500, 496, 537, 549, 456, 390, 408, 432, 448, 426, 429, 469, 415, 395]"
1.0255013704299927,-1.4152259826660156,0.8046926259994507,0.07376168668270111,0.0,0.0,0.0,-0.7752013206481934,-0.3540515899658203,22.5,-0.769193172454834,-0.3653526306152344,22.75,-0.7397246360778809,-0.5101203918457031,20.5,-0.6969523429870605,-0.3760814666748047,24.25,-0.6288599967956543,-0.39124488830566406,23.5,"[454, 573, 529, 574, 671, 582, 528, 573, 518, 604, 615, 596, 671, 609, 554, 634, 547, 588, 596, 501, 574, 541, 447, 536, 578, 529, 485, 527, 518, 496, 472, 485, 506, 456, 408, 482, 465, 506, 479, 441, 568, 547, 495, 545, 553, 563, 528, 490, 548, 560, 554, 540, 527, 617, 598, 541, 571, 561, 496, 479, 509, 519, 572, 626, 577, 612, 523, 469, 474, 524, 556, 557, 601, 618, 576, 572, 595, 546, 527, 555, 655, 573, 509, 539, 605, 609, 474, 564, 689, 676, 494, 480, 528, 562, 558, 595, 554, 585, 509, 520, 495, 570, 572, 524, 546, 531, 579, 537, 540, 575, 591, 590, 518, 471, 564, 585, 526, 432, 476, 561, 552, 590, 627, 575, 553, 542, 549, 586, 491, 521, 509, 476, 484, 497, 527, 527, 483, 550, 527, 463, 506, 506, 521, 475, 479, 509, 544, 573, 521, 485, 528, 503, 556, 558, 552, 580, 615, 539, 493, 583, 570, 512, 462, 513, 588, 558, 422, 501, 584, 632, 584, 523, 511, 568, 518, 427, 575, 681, 631, 523, 528, 511, 569, 578, 586, 628, 577, 529, 524, 592, 593, 599, 543, 674, 677, 595, 605, 716, 707, 581, 667, 870, 839, 638, 617, 777, 784, 621, 843, 930, 753, 704, 770, 809, 697, 582, 712, 736, 525, 642, 721, 610, 562, 546, 545, 595, 583, 561, 591, 605, 530, 536, 637, 554, 635, 630, 610, 619, 640, 740, 647, 635, 525, 476, 555, 652, 706, 659, 751, 988, 881, 633, 746, 1051, 1177, 914, 1239, 3251, 4052, 2584, 1658, 4735, 5296, 2889, 2260, 6226, 7985, 4821, 3268, 9467, 9804, 4613, 3315, 7535, 8727, 4292, 4381, 9672, 8604, 3149, 3351, 8031, 8656, 3828, 4071, 7467, 5964, 2349, 2765, 8943, 11000, 5920, 3456, 7992, 7522, 4101, 2867, 9558, 11632, 5985, 3659, 9256, 9091, 4411, 2895, 7154, 7499, 3002, 3579, 7109, 6363, 2695, 1980, 3830, 3414, 1385, 2041, 3294, 2734, 1242, 1208, 2359, 2426, 1360, 1156, 1647, 1452, 1071, 865, 1796, 1935, 1279, 1003, 1469, 1262, 1015, 687, 1148, 1425, 1219, 746, 1311, 1346, 863, 852, 1477, 1746, 1341, 1174, 1737, 1544, 1030, 928, 2001, 2314, 1416, 1417, 2263, 1826, 1071, 909, 1763, 2062, 1156, 1235, 2009, 1686, 886, 857, 1217, 1255, 808, 1008, 1340, 1072, 739, 905, 1052, 950, 680, 1054, 1109, 755, 776, 814, 1000, 883, 625, 1038, 1131, 763, 653, 733, 895, 777, 582, 885, 1014, 720, 552, 659, 829, 738, 522, 736, 747, 623, 531, 644, 713, 764, 681, 770, 744, 578, 583, 772, 746, 704, 623, 778, 798, 668, 730, 904, 1031, 759, 749, 1136, 1053, 669, 715, 944, 1147, 808, 836, 1242, 1090, 736, 652, 922, 1146, 909, 646, 1000, 948, 653, 651, 1283, 1382, 1059, 992, 1364, 1293, 903, 917, 1551, 1654, 1164, 1179, 1711, 1537, 1012, 1047, 2352, 2412, 1410, 1699, 2270, 1786, 982, 1340, 2502, 2506, 1424, 2193, 2689, 1790, 1004, 1429, 1436, 1537, 979, 1393, 1654, 1287, 1041, 928, 763, 792, 781, 727, 787, 845, 852, 767, 722, 740, 730, 800, 765, 890, 764, 636, 685, 674, 786, 815, 696, 831, 784, 622, 636, 691, 731, 765, 694, 717, 651, 591, 745, 753, 828, 844, 748, 779, 737, 729, 609, 631, 746, 706, 665, 669, 617, 566, 570, 599, 669, 605, 632, 616, 461, 470, 615, 689, 618, 515, 717, 693, 522, 515, 702, 756, 670, 604, 832, 857, 602, 538, 649, 765, 742, 584, 740, 741, 688, 582, 621, 720, 686, 654, 647, 662, 662, 592, 568, 573, 523, 634, 628, 600, 577, 546, 632, 597, 467, 578, 627, 579, 509, 559, 633, 623, 603, 582, 580, 570, 567, 601, 685, 667, 672, 652, 675, 633, 665, 700, 582, 618, 503, 542, 669, 563, 560, 566, 610, 592, 623, 655, 702, 635, 584, 583, 683, 569, 584, 670, 685, 682, 675, 689, 559, 571, 638, 701, 619, 656, 730, 605, 627, 689, 637, 607, 527, 562, 655, 584, 650, 701, 637, 659, 688, 715, 757, 665, 625, 673, 651, 685, 878, 843, 821, 693, 533, 630, 647, 674, 777, 701, 639, 633, 576, 646, 664, 618, 632, 675, 599, 547, 632, 775, 711, 592, 668, 768, 688, 641, 581, 697, 712, 572, 653, 713, 625, 650, 639, 708, 648, 597, 624, 635, 684, 686, 593, 667, 691, 688, 638, 625, 725, 682, 607, 597, 729, 670, 573, 552, 585, 653, 709, 714, 794, 724, 632, 676, 618, 696, 693, 716, 722, 614, 625, 682, 607, 660, 547, 588, 591, 558, 562, 518, 506, 594, 529, 595, 613, 575, 629, 647, 571, 554, 635, 689, 621, 602, 612, 641, 638, 606, 710, 736, 613, 566, 621, 726, 644, 498, 540, 704, 680, 570, 655, 672, 610, 507, 562, 667, 680, 574, 624, 594, 547, 566, 557, 603, 674, 576, 545, 593, 608, 609, 586, 620, 605, 509, 594, 662, 691, 645, 683, 633, 550, 549, 610, 663, 683, 679, 624, 493, 614, 615, 594, 658, 627, 624, 645, 577, 536, 578, 662, 676, 652, 570, 708, 684, 566, 722, 775, 706, 667, 670, 582, 621, 550, 614, 650, 660, 594, 565, 698, 696, 628, 691, 677, 664, 669, 644, 705, 720, 663, 676, 689, 776, 710, 679, 709, 690, 677, 702, 759, 710, 730, 751, 937, 696, 830, 818, 858, 630, 833, 1069, 1054, 676, 797, 950, 992, 739, 812, 1148, 932, 675, 905, 879, 898, 807, 979, 1075, 772, 868, 830, 791, 835, 780, 781, 837, 794, 846, 992, 1065, 798, 779, 949, 885, 812, 899, 1027, 1029, 834, 825, 949, 853, 881, 767, 969, 1029, 860, 740, 816, 866, 950, 783, 912, 1018, 956, 803, 933, 1004, 723, 926, 860, 825, 828, 862, 1001, 856, 695, 1060, 1002, 749, 719, 729, 961, 822, 729, 841, 813, 747, 597, 763, 935, 730, 731, 861, 832, 793, 705, 788, 972, 685, 694, 792, 693, 510, 544, 710, 806, 621, 631, 759, 650, 612, 523, 685, 777, 495, 575, 586, 615, 686, 559, 585, 697, 528, 608, 615, 565, 624, 579, 496, 456, 426, 496, 519, 563, 584, 541, 506, 578, 492, 550, 568, 468, 443, 492, 544, 534, 484, 520, 505, 435, 472, 464, 508, 486, 501, 493, 481, 488, 528, 452, 507, 619, 573]"
-0.4794626533985138,-0.2409953474998474,-0.823426365852356,-0.7982242703437805,0.32226312160491943,0.06528645008802414,-0.24725928902626038,-1.6200650930404663,2.242612838745117,16.25,-1.3382543325424194,1.4873027801513672,20.0,-0.5713571310043335,1.0655879974365234,22.25,-0.4843820333480835,0.9105205535888672,29.25,-0.3562082052230835,0.7694721221923828,24.0,"[588, 670, 671, 648, 681, 645, 672, 667, 523, 595, 559, 658, 744, 640, 678, 622, 529, 616, 629, 586, 541, 590, 606, 544, 517, 536, 522, 488, 446, 448, 500, 486, 524, 532, 553, 497, 439, 523, 516, 495, 555, 587, 564, 492, 547, 522, 539, 543, 581, 594, 591, 586, 614, 586, 599, 595, 566, 597, 635, 598, 522, 532, 548, 572, 523, 550, 518, 471, 493, 491, 456, 516, 513, 499, 538, 458, 487, 470, 464, 516, 537, 556, 574, 541, 513, 507, 447, 465, 558, 520, 501, 544, 507, 523, 516, 496, 541, 571, 667, 624, 502, 533, 613, 610, 572, 615, 655, 642, 694, 639, 580, 611, 651, 626, 582, 528, 548, 620, 620, 604, 603, 575, 599, 618, 561, 534, 535, 511, 479, 575, 587, 510, 464, 509, 530, 479, 517, 539, 664, 626, 584, 612, 608, 538, 543, 582, 650, 661, 541, 676, 705, 516, 697, 596, 572, 603, 606, 627, 544, 572, 599, 546, 471, 530, 449, 450, 459, 531, 603, 557, 529, 600, 569, 511, 543, 579, 709, 609, 528, 547, 561, 535, 553, 665, 636, 596, 498, 523, 541, 613, 594, 564, 531, 508, 513, 517, 491, 541, 569, 523, 482, 495, 502, 527, 576, 625, 580, 470, 647, 532, 529, 561, 632, 644, 642, 597, 592, 541, 401, 445, 539, 557, 582, 570, 518, 528, 517, 525, 492, 493, 491, 516, 666, 548, 501, 523, 504, 537, 489, 631, 574, 516, 539, 488, 487, 606, 572, 584, 565, 580, 487, 487, 572, 641, 576, 563, 576, 520, 466, 497, 532, 564, 506, 505, 575, 546, 516, 553, 497, 485, 487, 524, 536, 514, 586, 570, 449, 489, 505, 540, 549, 548, 557, 490, 477, 612, 587, 581, 583, 634, 591, 617, 601, 579, 512, 598, 566, 563, 608, 716, 627, 523, 538, 550, 514, 501, 527, 557, 599, 539, 501, 522, 603, 493, 541, 609, 590, 604, 555, 581, 566, 594, 534, 517, 572, 535, 454, 475, 614, 590, 611, 505, 609, 651, 496, 552, 570, 554, 589, 522, 551, 592, 523, 543, 672, 547, 546, 534, 614, 725, 570, 579, 582, 546, 599, 527, 564, 662, 642, 606, 653, 587, 666, 665, 601, 608, 624, 628, 624, 619, 600, 579, 618, 637, 617, 578, 555, 579, 576, 603, 647, 630, 609, 547, 601, 627, 583, 632, 653, 649, 635, 539, 565, 630, 637, 572, 512, 601, 645, 561, 550, 598, 550, 558, 608, 598, 565, 532, 541, 537, 612, 719, 706, 640, 697, 621, 887, 958, 1251, 1222, 864, 1134, 2040, 1908, 2315, 1973, 3156, 2829, 1887, 2190, 5666, 5754, 3335, 2280, 3805, 3265, 2465, 2470, 6931, 7434, 4917, 3299, 5481, 4191, 2863, 3153, 7825, 8933, 9773, 4602, 9587, 7277, 4801, 4654, 13751, 16875, 9914, 2372, 7804, 6317, 4784, 2912, 11686, 15869, 6009, 2554, 6225, 4940, 2793, 1817, 7498, 10068, 4580, 3655, 7318, 5638, 2121, 2374, 7313, 8933, 4471, 4282, 7954, 5983, 1903, 2701, 7551, 8993, 2913, 2426, 4585, 3530, 1300, 1359, 4122, 5234, 1046, 3181, 3559, 1996, 816, 2210, 3822, 3052, 962, 2851, 3513, 2230, 763, 2151, 3799, 3195, 777, 1664, 2027, 1350, 640, 1336, 2190, 1916, 749, 979, 1065, 855, 621, 833, 1221, 1077, 710, 728, 730, 768, 663, 654, 783, 787, 621, 697, 726, 749, 643, 690, 785, 671, 578, 648, 687, 562, 540, 629, 600, 586, 630, 585, 706, 717, 617, 657, 642, 675, 720, 766, 806, 723, 582, 644, 683, 611, 798, 933, 1033, 883, 609, 708, 850, 628, 1082, 1404, 1352, 1097, 819, 847, 1074, 1018, 2444, 4501, 4442, 2730, 1516, 1794, 2509, 2164, 3695, 7391, 7368, 4054, 1850, 2575, 4009, 3016, 3366, 6139, 5748, 2911, 1651, 2293, 3547, 2319, 2575, 3961, 3383, 1884, 1607, 2027, 2624, 1653, 1922, 2778, 2438, 1783, 1413, 1678, 2133, 1393, 1554, 2049, 2074, 1741, 1008, 1471, 1875, 1293, 1312, 1699, 1685, 1436, 814, 1318, 1784, 1292, 946, 1108, 1088, 1006, 643, 829, 1065, 831, 741, 888, 899, 813, 720, 759, 695, 773, 757, 872, 1028, 908, 764, 853, 766, 723, 910, 947, 1090, 1019, 775, 781, 818, 832, 891, 920, 895, 807, 771, 723, 604, 726, 662, 967, 1085, 812, 604, 726, 668, 593, 741, 953, 977, 656, 631, 703, 695, 592, 897, 1007, 878, 738, 816, 867, 871, 760, 821, 918, 824, 673, 773, 891, 813, 778, 645, 703, 680, 598, 608, 705, 735, 687, 656, 627, 667, 625, 548, 748, 761, 670, 832, 681, 739, 829, 691, 694, 715, 843, 660, 682, 700, 706, 554, 553, 626, 667, 589, 693, 622, 614, 634, 607, 568, 491, 682, 644, 657, 685, 616, 596, 611, 619, 617, 606, 713, 694, 593, 661, 660, 635, 529, 582, 630, 615, 583, 618, 701, 605, 629, 676, 713, 736, 609, 614, 661, 576, 577, 660, 604, 608, 638, 694, 726, 660, 674, 727, 595, 564, 710, 617, 597, 610, 628, 609, 627, 583, 649, 563, 531, 648, 581, 644, 681, 649, 642, 498, 523, 645, 657, 763, 682, 611, 664, 629, 609, 597, 739, 816, 744, 749, 694, 669, 888, 809, 621, 652, 673, 769, 706, 658, 980, 968, 670, 754, 880, 781, 704, 724, 881, 932, 540, 636, 716, 729, 615, 652, 748, 688, 618, 622, 570, 516, 582, 635, 625, 637, 559, 557, 622, 561, 473, 540, 627, 657, 677, 556, 678, 594, 454, 559, 679, 770, 633, 630, 725, 693, 622, 723, 702, 674, 674, 701, 753, 735, 717, 813, 739, 695, 669, 590, 650, 694, 603, 692, 760, 752, 642, 626, 675, 638, 605, 660, 682, 622, 702, 815, 808, 766, 745, 751, 726, 767, 628, 787, 917, 796, 663, 694, 964, 983, 587, 649, 783, 661, 582, 577, 867, 937, 640, 672, 782, 752, 640, 681, 912, 902, 634, 644, 764, 707, 580, 656, 698, 697, 654, 607, 546, 532, 492, 521, 578, 642, 577, 471, 592, 649, 576, 553, 537, 615, 549, 501, 477, 519, 559, 563, 521, 502, 577, 533, 498, 523, 567, 594, 495, 502, 600, 494, 414, 475, 514, 443, 498, 553, 456, 459, 494, 444, 394, 479, 523, 499, 513, 451, 495, 446, 415, 454, 504, 573, 492, 510, 521, 452, 449, 465, 495, 498, 546, 398, 471, 515, 460, 452, 560, 622]"
-0.535474419593811,0.3081502318382263,-0.5235762596130371,-0.7560522556304932,0.8353850841522217,0.28569215536117554,-0.1674623340368271,-1.6976231336593628,1.5531063079833984,19.5,-0.6366127729415894,1.183176040649414,24.0,-0.5496376752853394,1.0761737823486328,-29.0,-0.4834049940109253,0.8455753326416016,21.75,-0.39714515209198,0.8289813995361328,30.75,"[704, 680, 741, 745, 705, 744, 741, 682, 602, 696, 752, 675, 648, 695, 630, 612, 465, 582, 601, 568, 514, 546, 579, 543, 556, 492, 502, 557, 510, 497, 587, 543, 545, 540, 507, 532, 509, 468, 534, 569, 526, 506, 482, 553, 564, 482, 533, 562, 491, 460, 395, 426, 494, 480, 449, 477, 512, 471, 500, 567, 530, 486, 465, 507, 540, 473, 499, 447, 433, 434, 504, 566, 590, 490, 477, 469, 435, 404, 477, 572, 473, 430, 410, 411, 383, 403, 462, 527, 500, 537, 551, 470, 545, 515, 548, 590, 478, 507, 523, 481, 549, 592, 542, 565, 608, 532, 527, 582, 641, 574, 508, 602, 607, 615, 550, 579, 600, 490, 500, 581, 561, 688, 625, 545, 666, 693, 605, 533, 615, 566, 568, 508, 562, 603, 475, 526, 536, 444, 472, 555, 530, 507, 562, 613, 577, 584, 522, 516, 487, 570, 642, 480, 579, 557, 481, 462, 536, 599, 550, 545, 575, 600, 560, 530, 549, 560, 593, 510, 545, 535, 523, 555, 548, 482, 525, 573, 615, 550, 524, 506, 570, 535, 492, 568, 544, 605, 571, 538, 489, 571, 587, 539, 491, 469, 497, 474, 463, 554, 541, 533, 593, 608, 473, 495, 628, 647, 539, 458, 537, 628, 639, 652, 658, 599, 632, 570, 527, 615, 663, 624, 554, 631, 629, 529, 501, 566, 655, 639, 544, 556, 729, 672, 611, 634, 654, 650, 631, 597, 599, 624, 846, 1020, 893, 706, 700, 665, 670, 609, 1131, 1399, 1066, 677, 828, 1182, 1145, 725, 797, 989, 799, 607, 630, 911, 910, 598, 627, 666, 589, 604, 682, 645, 574, 521, 591, 648, 572, 598, 665, 704, 661, 537, 633, 617, 543, 593, 644, 593, 611, 625, 533, 559, 575, 624, 640, 542, 554, 564, 584, 595, 606, 666, 623, 537, 489, 490, 693, 627, 582, 583, 538, 588, 505, 540, 565, 608, 530, 454, 472, 532, 513, 516, 528, 588, 575, 438, 519, 506, 514, 547, 628, 618, 655, 591, 604, 527, 580, 665, 574, 584, 645, 604, 571, 535, 606, 617, 602, 580, 594, 617, 607, 557, 621, 628, 630, 597, 595, 599, 613, 628, 635, 636, 607, 595, 681, 643, 579, 517, 627, 652, 582, 577, 588, 591, 539, 471, 538, 612, 637, 544, 751, 635, 524, 558, 677, 796, 675, 641, 673, 558, 532, 627, 626, 676, 675, 598, 607, 569, 590, 629, 614, 656, 833, 1048, 1156, 998, 735, 1112, 1740, 1566, 2213, 2308, 3175, 2573, 1744, 2621, 5497, 5365, 3332, 3020, 4443, 3539, 2469, 3383, 7771, 7835, 3552, 4925, 6132, 4142, 2386, 5008, 9626, 8810, 14153, 17081, 23818, 15724, 8785, 16379, 34450, 33664, 23886, 25170, 38758, 26944, 14619, 23218, 53739, 55024, 16060, 16990, 27173, 20041, 10331, 14696, 35278, 36608, 3647, 7398, 10270, 7425, 3139, 4946, 9435, 8596, 2690, 5559, 7484, 4748, 1566, 3309, 6855, 6671, 1721, 5922, 6917, 3828, 1145, 3305, 6149, 5209, 1561, 6891, 7423, 3575, 1058, 4217, 7495, 5724, 1802, 4305, 3797, 1432, 1022, 2706, 4065, 2400, 1468, 1830, 1459, 1092, 978, 1195, 1358, 1167, 935, 1025, 1287, 1144, 698, 788, 1027, 1119, 786, 967, 1102, 945, 654, 771, 1032, 1004, 656, 773, 893, 704, 583, 748, 910, 848, 473, 675, 725, 581, 564, 639, 720, 651, 536, 681, 727, 620, 621, 557, 693, 680, 627, 582, 720, 796, 614, 580, 691, 643, 1185, 1299, 1178, 981, 982, 1169, 974, 924, 1278, 1768, 1721, 1136, 1073, 1617, 1351, 888, 1125, 1628, 1542, 1050, 1029, 1560, 1343, 819, 1634, 2337, 1975, 1101, 955, 1224, 1256, 867, 3106, 5775, 5188, 2338, 1599, 2106, 2766, 1459, 3586, 6899, 6105, 2526, 1783, 2365, 3415, 1875, 2575, 4142, 3775, 2096, 1470, 1720, 2356, 1784, 2768, 3017, 4148, 3717, 1929, 2537, 2648, 2347, 2470, 2259, 4209, 3877, 1576, 2372, 2345, 2549, 1431, 1739, 3472, 3152, 1378, 1212, 1748, 2186, 1118, 1512, 2163, 2183, 1491, 1046, 1243, 1347, 1049, 1032, 1070, 1137, 1063, 845, 909, 1105, 1040, 999, 1038, 1074, 1004, 733, 1085, 1212, 723, 822, 1008, 962, 762, 717, 977, 1042, 743, 841, 927, 880, 752, 859, 907, 800, 699, 803, 675, 586, 662, 757, 807, 666, 757, 723, 716, 685, 650, 764, 796, 778, 828, 954, 860, 678, 727, 848, 860, 749, 761, 919, 954, 806, 570, 795, 877, 756, 726, 612, 733, 854, 730, 638, 740, 778, 795, 668, 667, 720, 774, 702, 655, 785, 710, 794, 700, 580, 741, 714, 630, 657, 585, 490, 597, 629, 631, 594, 637, 704, 629, 633, 642, 740, 624, 497, 637, 666, 683, 628, 700, 698, 574, 647, 616, 656, 595, 568, 755, 755, 608, 671, 592, 619, 585, 622, 814, 931, 751, 670, 745, 672, 614, 592, 727, 831, 723, 581, 686, 690, 606, 568, 633, 736, 685, 614, 555, 584, 555, 629, 644, 677, 612, 501, 703, 694, 678, 731, 723, 737, 723, 572, 641, 672, 738, 830, 762, 682, 850, 791, 747, 680, 688, 828, 809, 750, 959, 832, 803, 861, 699, 730, 806, 720, 921, 807, 730, 751, 549, 584, 689, 668, 693, 669, 661, 613, 560, 673, 724, 763, 743, 744, 778, 701, 798, 637, 867, 967, 806, 767, 970, 1041, 809, 698, 915, 911, 743, 666, 962, 1155, 611, 611, 708, 597, 642, 514, 784, 886, 500, 510, 610, 505, 543, 522, 622, 670, 544, 575, 695, 649, 642, 602, 662, 720, 639, 656, 676, 658, 723, 581, 691, 720, 642, 564, 523, 651, 693, 510, 686, 751, 700, 601, 574, 576, 624, 602, 623, 698, 748, 606, 667, 687, 661, 697, 854, 942, 871, 1053, 1281, 965, 705, 878, 1349, 1364, 972, 1014, 1499, 1155, 717, 858, 1545, 1743, 682, 554, 846, 822, 590, 622, 985, 1057, 605, 689, 696, 620, 509, 609, 653, 649, 672, 874, 851, 678, 567, 735, 841, 702, 609, 665, 726, 731, 634, 701, 778, 670, 702, 536, 524, 568, 548, 583, 586, 596, 525, 536, 556, 533, 594, 616, 604, 590, 511, 515, 546, 543, 459, 378, 486, 524, 490, 482, 614, 600, 465, 393, 469, 574, 433, 463, 625, 521, 369, 399, 436, 497, 572, 601, 540, 470, 453, 538, 585, 553, 532, 600, 582, 463, 486, 531, 481, 484, 458, 492, 441, 424, 437, 464, 437, 427]"
-0.6949465274810791,0.6466954946517944,-0.4702205955982208,-0.9127599000930786,1.0877573490142822,0.2857779562473297,-0.2791732847690582,-1.655258059501648,1.4113426208496094,28.75,-1.2096537351608276,1.3509750366210938,26.25,-1.1777533292770386,1.4089107513427734,15.5,-0.029910922050476074,1.3566970825195312,17.25,0.0172959566116333,1.3657093048095703,19.5,"[598, 618, 607, 611, 528, 607, 606, 620, 553, 627, 639, 618, 587, 624, 625, 516, 536, 652, 585, 449, 514, 638, 650, 553, 414, 536, 523, 442, 497, 572, 571, 508, 507, 527, 524, 458, 485, 455, 502, 540, 477, 526, 514, 517, 521, 539, 526, 514, 526, 564, 540, 547, 551, 420, 521, 545, 560, 570, 496, 562, 530, 512, 532, 535, 580, 589, 490, 458, 412, 448, 417, 436, 640, 575, 551, 552, 563, 473, 509, 613, 500, 525, 519, 512, 559, 530, 571, 553, 562, 608, 577, 547, 612, 608, 516, 535, 594, 514, 539, 597, 540, 532, 476, 540, 588, 536, 609, 675, 597, 531, 598, 664, 531, 490, 509, 608, 597, 492, 581, 606, 501, 480, 471, 599, 564, 479, 541, 558, 625, 612, 556, 558, 584, 522, 527, 626, 629, 584, 568, 630, 679, 581, 544, 634, 518, 467, 532, 626, 541, 537, 553, 569, 531, 434, 445, 526, 538, 508, 506, 566, 495, 498, 496, 504, 577, 524, 535, 521, 523, 656, 670, 672, 692, 621, 712, 607, 700, 642, 527, 609, 640, 598, 627, 652, 560, 513, 493, 481, 535, 536, 550, 590, 528, 530, 570, 542, 540, 557, 544, 525, 512, 564, 676, 609, 511, 555, 576, 588, 554, 507, 579, 579, 519, 489, 515, 567, 503, 574, 513, 439, 469, 509, 525, 437, 576, 599, 524, 415, 510, 509, 520, 520, 669, 648, 556, 567, 577, 641, 582, 481, 814, 1032, 819, 541, 625, 858, 857, 596, 1216, 1567, 1058, 553, 745, 1242, 1304, 791, 868, 1092, 820, 524, 649, 1068, 1188, 832, 582, 604, 554, 527, 595, 749, 744, 622, 598, 620, 546, 559, 613, 584, 552, 537, 529, 509, 506, 618, 590, 564, 579, 581, 522, 489, 463, 560, 467, 508, 584, 538, 534, 553, 522, 544, 534, 537, 508, 506, 590, 638, 639, 607, 519, 504, 568, 536, 515, 531, 560, 577, 513, 493, 586, 568, 440, 584, 591, 474, 564, 604, 539, 488, 607, 696, 688, 568, 587, 578, 610, 589, 502, 662, 635, 551, 630, 625, 576, 535, 633, 648, 665, 661, 675, 639, 595, 609, 617, 615, 572, 571, 573, 550, 573, 617, 583, 640, 556, 464, 598, 620, 581, 563, 522, 608, 637, 651, 616, 484, 501, 535, 943, 1548, 1914, 1532, 828, 1772, 3103, 2601, 3641, 4537, 6473, 5186, 2682, 5402, 11630, 10872, 5539, 5533, 8534, 7343, 4100, 6713, 15677, 15205, 3251, 3045, 4651, 4432, 2532, 3749, 8784, 8546, 1488, 1448, 2066, 1792, 997, 1728, 3357, 3135, 4505, 2936, 3812, 3160, 2638, 3702, 6752, 7227, 10247, 6078, 9930, 7708, 6049, 7367, 16848, 18634, 9273, 5039, 8371, 7633, 5652, 6489, 15161, 16649, 4562, 3394, 5374, 4767, 2747, 1810, 4417, 6193, 3079, 5564, 8501, 5720, 1609, 3134, 7766, 8258, 2934, 7762, 9636, 5813, 1714, 4635, 9049, 7950, 3965, 12900, 14688, 7828, 1995, 7762, 14298, 11703, 3618, 11058, 11620, 5633, 1608, 6956, 11736, 8805, 1843, 4549, 4190, 1771, 898, 3036, 4399, 2739, 877, 1302, 1222, 856, 616, 1089, 1351, 1036, 725, 1038, 1021, 765, 506, 905, 1242, 1032, 658, 950, 913, 646, 568, 757, 996, 857, 622, 699, 632, 661, 594, 526, 704, 690, 708, 599, 585, 646, 608, 517, 691, 728, 796, 724, 675, 749, 645, 681, 752, 726, 1220, 1281, 1000, 854, 851, 984, 867, 958, 2002, 2556, 1713, 854, 1222, 1383, 1212, 974, 2099, 2845, 2006, 891, 1370, 1435, 1313, 924, 1400, 2057, 1824, 940, 905, 1125, 1341, 997, 1490, 2639, 2585, 1458, 1013, 1311, 1642, 1368, 2118, 4001, 3706, 1821, 1114, 1673, 2201, 1579, 3439, 6185, 6336, 3941, 1770, 2863, 4186, 2806, 4502, 7405, 7655, 5686, 2799, 4468, 5480, 3398, 3645, 5010, 5037, 3999, 2209, 3661, 3584, 2127, 1956, 1713, 1870, 1678, 1127, 1604, 1430, 1451, 1173, 1155, 1523, 1442, 1069, 964, 1086, 1246, 1004, 1118, 1197, 1200, 982, 973, 755, 841, 849, 798, 868, 884, 782, 834, 819, 724, 725, 803, 929, 858, 702, 705, 800, 748, 664, 756, 819, 815, 689, 784, 958, 815, 852, 862, 754, 710, 749, 923, 879, 776, 866, 821, 690, 597, 713, 865, 711, 746, 856, 814, 870, 790, 634, 804, 810, 825, 863, 739, 844, 805, 709, 761, 853, 875, 741, 655, 770, 706, 727, 651, 701, 855, 676, 652, 773, 802, 756, 637, 715, 809, 763, 775, 819, 720, 667, 727, 739, 785, 849, 829, 855, 726, 711, 902, 793, 846, 824, 730, 814, 798, 661, 672, 594, 764, 831, 792, 826, 748, 658, 682, 683, 662, 757, 743, 810, 697, 657, 774, 744, 720, 622, 606, 713, 633, 570, 741, 735, 668, 656, 788, 799, 566, 634, 764, 674, 568, 717, 706, 634, 578, 662, 722, 612, 622, 690, 704, 715, 701, 686, 639, 592, 647, 601, 628, 754, 728, 617, 609, 665, 633, 627, 624, 624, 693, 677, 618, 621, 566, 610, 568, 574, 631, 602, 526, 674, 699, 591, 606, 694, 605, 573, 500, 586, 655, 705, 705, 611, 656, 720, 578, 659, 785, 792, 836, 811, 784, 790, 711, 742, 798, 687, 783, 837, 785, 739, 655, 809, 897, 625, 656, 772, 640, 645, 590, 662, 704, 714, 730, 831, 729, 649, 646, 743, 858, 805, 679, 801, 764, 635, 677, 947, 1020, 677, 659, 783, 737, 586, 620, 783, 786, 647, 640, 829, 800, 660, 670, 842, 902, 681, 740, 920, 776, 728, 771, 935, 1008, 782, 815, 932, 821, 692, 705, 921, 1006, 685, 726, 767, 700, 622, 633, 785, 766, 727, 828, 792, 612, 539, 664, 824, 752, 710, 824, 833, 713, 557, 717, 951, 908, 612, 733, 751, 612, 543, 693, 843, 850, 804, 1100, 1133, 795, 682, 923, 1167, 1098, 943, 1518, 1624, 1048, 702, 1235, 1681, 1479, 928, 1383, 1400, 930, 640, 1174, 1463, 1194, 835, 1031, 1005, 758, 483, 732, 917, 870, 660, 675, 702, 564, 482, 579, 779, 778, 563, 547, 517, 499, 524, 506, 537, 589, 666, 578, 560, 568, 552, 548, 567, 675, 682, 550, 522, 564, 517, 502, 516, 685, 607, 468, 489, 598, 511, 499, 568, 573, 618, 541, 479, 521, 527, 493, 369, 452, 548, 556, 572, 496, 368, 476, 468, 496, 508, 611, 642, 526, 404, 438, 486, 484, 500, 546, 529, 475, 437, 474, 508, 451]"
-0.6668095588684082,0.4887099862098694,-0.7055199146270752,-0.7347432374954224,0.812566876411438,0.03710848093032837,-0.10791122913360596,-0.637482762336731,2.6269912719726562,17.5,-0.5373469591140747,0.9411334991455078,19.5,-0.25596535205841064,0.7477283477783203,20.5,-0.1649848222732544,0.5779266357421875,20.0,-0.12278473377227783,2.393817901611328,16.75,"[459, 520, 556, 525, 489, 523, 556, 518, 527, 536, 506, 540, 482, 535, 635, 568, 498, 457, 519, 554, 472, 520, 609, 563, 518, 466, 520, 545, 472, 534, 562, 574, 497, 395, 503, 532, 493, 552, 603, 546, 514, 519, 528, 647, 633, 540, 590, 624, 493, 550, 515, 552, 550, 486, 582, 649, 587, 476, 500, 548, 588, 557, 555, 635, 526, 545, 634, 640, 562, 521, 498, 534, 492, 539, 547, 474, 551, 585, 517, 470, 528, 573, 562, 516, 514, 544, 551, 480, 664, 687, 664, 618, 506, 505, 558, 565, 549, 647, 625, 555, 494, 575, 599, 569, 520, 632, 656, 553, 489, 535, 635, 578, 643, 610, 610, 612, 593, 537, 487, 582, 635, 597, 580, 597, 620, 554, 513, 610, 517, 509, 507, 503, 514, 534, 541, 557, 526, 592, 536, 480, 518, 546, 540, 520, 495, 593, 522, 519, 605, 501, 552, 503, 537, 515, 533, 580, 529, 523, 546, 542, 571, 477, 570, 568, 513, 494, 563, 595, 499, 581, 625, 544, 423, 526, 620, 508, 543, 630, 632, 657, 586, 508, 592, 600, 541, 656, 608, 595, 634, 568, 546, 501, 429, 467, 525, 558, 577, 593, 548, 437, 513, 603, 683, 599, 583, 591, 611, 565, 527, 531, 506, 510, 584, 614, 501, 491, 596, 496, 518, 581, 638, 551, 526, 704, 480, 411, 503, 531, 520, 501, 545, 614, 487, 477, 524, 544, 546, 610, 591, 520, 683, 804, 695, 552, 596, 698, 635, 533, 982, 1247, 893, 585, 601, 751, 880, 603, 774, 1044, 802, 528, 527, 745, 884, 620, 596, 701, 571, 529, 506, 652, 756, 547, 547, 605, 527, 521, 587, 632, 611, 471, 535, 563, 530, 572, 606, 593, 549, 491, 482, 502, 490, 492, 511, 555, 566, 502, 523, 522, 471, 550, 521, 607, 584, 545, 524, 487, 642, 662, 543, 566, 608, 595, 556, 506, 546, 536, 530, 573, 554, 548, 468, 488, 576, 535, 482, 456, 529, 493, 547, 573, 565, 575, 568, 567, 523, 548, 554, 484, 648, 705, 552, 487, 548, 621, 622, 733, 827, 783, 563, 762, 1074, 889, 984, 1670, 1819, 1310, 864, 1782, 3136, 2623, 1995, 2872, 3858, 2523, 1396, 2851, 5669, 5312, 2038, 2583, 3740, 2620, 1463, 2469, 5157, 5024, 1066, 1187, 1731, 1338, 842, 1193, 2105, 2044, 1343, 1591, 1978, 1388, 1035, 1462, 2907, 2864, 3835, 4921, 7108, 4298, 2209, 4557, 10116, 9984, 5494, 7242, 11008, 6450, 3005, 6678, 15705, 15630, 3951, 4983, 7534, 4463, 2148, 4480, 10504, 10578, 1964, 2340, 3243, 2223, 1247, 1548, 3325, 3476, 1871, 2888, 3120, 1810, 1006, 1900, 3533, 3320, 2426, 4378, 4921, 2714, 1169, 3091, 5629, 5167, 3714, 6483, 5838, 2609, 1871, 3510, 4983, 3878, 6720, 16747, 15946, 6693, 2992, 8361, 13009, 7970, 6205, 18563, 18324, 7817, 2655, 9736, 16191, 10847, 2556, 9003, 9535, 4398, 1310, 4994, 9076, 6869, 1532, 4512, 5491, 2960, 958, 3303, 6036, 5092, 1122, 2181, 2662, 1602, 680, 1581, 2639, 2284, 749, 1153, 1367, 958, 558, 865, 1346, 1244, 722, 939, 1124, 847, 578, 805, 1040, 984, 795, 966, 997, 848, 648, 782, 1024, 968, 1035, 1385, 1208, 816, 865, 925, 1125, 904, 1861, 2977, 2285, 760, 1396, 1479, 1617, 815, 2371, 4052, 3209, 800, 1681, 1815, 1956, 997, 1616, 2688, 2126, 794, 1271, 1267, 1449, 923, 926, 1369, 1277, 880, 679, 883, 1045, 795, 1232, 1697, 1879, 1443, 1095, 1226, 1158, 1224, 3511, 4570, 4788, 3956, 2668, 2922, 2850, 2713, 8067, 10144, 8816, 6984, 4915, 5811, 6862, 4849, 8497, 10754, 8724, 6757, 4971, 6419, 7714, 4985, 4138, 5212, 4887, 3796, 2544, 3360, 4037, 2801, 1239, 1817, 2222, 1794, 1075, 1322, 1472, 1242, 1026, 1386, 1365, 1024, 885, 905, 875, 799, 802, 867, 858, 782, 636, 673, 748, 796, 795, 770, 714, 669, 645, 681, 618, 693, 840, 851, 726, 772, 714, 811, 740, 665, 876, 923, 894, 866, 744, 908, 904, 833, 981, 901, 923, 805, 713, 876, 875, 932, 965, 791, 764, 821, 707, 762, 840, 961, 776, 693, 678, 677, 756, 826, 800, 787, 740, 759, 804, 665, 707, 787, 794, 714, 717, 871, 879, 696, 654, 776, 777, 729, 644, 862, 788, 639, 620, 779, 816, 644, 696, 788, 743, 581, 635, 688, 765, 739, 741, 785, 754, 663, 653, 679, 730, 713, 672, 688, 767, 695, 552, 606, 611, 631, 790, 804, 860, 792, 676, 670, 753, 778, 726, 744, 735, 800, 781, 729, 757, 655, 794, 820, 762, 715, 806, 785, 628, 631, 714, 702, 646, 639, 742, 655, 667, 709, 628, 690, 732, 667, 642, 630, 633, 602, 656, 731, 728, 748, 728, 608, 638, 599, 678, 739, 702, 827, 758, 554, 759, 743, 592, 658, 670, 658, 649, 657, 697, 689, 565, 627, 669, 572, 575, 536, 602, 613, 552, 626, 717, 521, 546, 612, 651, 629, 572, 644, 660, 537, 606, 646, 693, 688, 536, 555, 591, 590, 544, 473, 566, 585, 601, 623, 706, 672, 554, 631, 701, 687, 1152, 811, 1302, 1375, 905, 1021, 2174, 2214, 2589, 1013, 2243, 2746, 2060, 1231, 4283, 4933, 2480, 987, 2069, 2708, 2120, 1165, 3938, 4583, 1103, 845, 1361, 1649, 1181, 870, 2113, 2219, 763, 764, 1126, 1128, 767, 681, 1292, 1365, 731, 897, 1077, 1043, 803, 771, 1024, 975, 757, 899, 947, 827, 804, 765, 776, 787, 832, 1168, 1215, 869, 705, 856, 1129, 1014, 957, 1562, 1686, 1017, 851, 1097, 1572, 1393, 988, 1404, 1421, 941, 838, 1025, 1450, 1342, 822, 973, 982, 731, 641, 830, 986, 891, 712, 817, 803, 703, 663, 822, 813, 862, 698, 1101, 1198, 864, 677, 909, 1306, 1208, 785, 1314, 1393, 1004, 632, 996, 1523, 1341, 659, 1005, 1110, 849, 561, 937, 1312, 1115, 813, 865, 783, 700, 570, 826, 1039, 945, 610, 664, 747, 677, 553, 663, 825, 758, 504, 793, 869, 642, 480, 682, 1051, 896, 671, 754, 784, 675, 591, 670, 890, 856, 639, 653, 649, 640, 602, 576, 768, 758, 529, 465, 526, 468, 491, 459, 516, 618, 471, 496, 486, 455, 400, 478, 486, 477, 411, 455, 521, 449, 386, 429, 464, 474, 505, 501, 532, 468, 421, 513, 566, 568, 503, 529, 547, 487, 396, 446, 568, 506, 566, 544, 529, 491, 456, 522, 560, 509]"
-0.770470917224884,0.49334338307380676,-0.7749583721160889,-0.8593777418136597,0.6566798090934753,0.020441502332687378,-0.2761484384536743,-0.7429395914077759,1.0296821594238281,27.0,-0.33052313327789307,0.6534576416015625,27.5,-0.31521666049957275,0.6487369537353516,20.0,-0.18174993991851807,0.2842426300048828,18.5,-0.108650803565979,-0.8867740631103516,20.75,"[705, 622, 596, 614, 566, 612, 598, 632, 597, 548, 554, 678, 572, 638, 697, 648, 571, 535, 536, 565, 549, 650, 615, 546, 520, 489, 537, 519, 504, 524, 562, 540, 474, 421, 463, 456, 427, 526, 517, 450, 556, 529, 522, 484, 463, 542, 524, 496, 602, 620, 593, 566, 485, 596, 646, 544, 525, 618, 571, 538, 528, 523, 588, 488, 530, 596, 606, 478, 542, 582, 533, 503, 534, 540, 569, 572, 586, 528, 508, 602, 480, 511, 506, 507, 552, 519, 588, 604, 434, 538, 552, 486, 482, 516, 619, 595, 501, 444, 537, 533, 415, 479, 545, 539, 558, 433, 437, 565, 556, 539, 516, 531, 562, 585, 575, 598, 590, 534, 611, 579, 573, 584, 544, 522, 636, 598, 621, 633, 478, 448, 503, 489, 540, 568, 569, 519, 482, 512, 513, 525, 541, 561, 560, 529, 567, 574, 537, 528, 510, 473, 512, 524, 528, 578, 547, 501, 539, 574, 535, 499, 491, 530, 491, 428, 520, 583, 542, 470, 521, 538, 541, 528, 611, 644, 566, 504, 599, 580, 599, 590, 553, 550, 556, 573, 566, 479, 592, 602, 522, 580, 644, 658, 477, 511, 578, 539, 474, 526, 584, 519, 571, 576, 557, 558, 552, 544, 487, 531, 643, 555, 501, 453, 579, 551, 533, 601, 480, 455, 507, 540, 570, 602, 581, 531, 512, 467, 461, 544, 539, 530, 494, 491, 502, 472, 459, 491, 500, 566, 502, 468, 620, 777, 721, 596, 601, 633, 696, 589, 1069, 1605, 1347, 727, 698, 1027, 1209, 835, 1000, 1492, 1203, 693, 745, 1138, 1348, 869, 632, 749, 705, 620, 624, 718, 840, 727, 628, 659, 650, 657, 604, 627, 625, 637, 546, 640, 666, 547, 550, 578, 611, 624, 480, 468, 540, 479, 442, 504, 535, 527, 485, 555, 515, 426, 587, 572, 475, 518, 628, 875, 813, 713, 693, 937, 1218, 1000, 1879, 3993, 4407, 2738, 1496, 4191, 7755, 6542, 4333, 8741, 10837, 6341, 2967, 9231, 18852, 16724, 4539, 7605, 10106, 6101, 3028, 8197, 17933, 16492, 2296, 3251, 4083, 2502, 1590, 3183, 6739, 6427, 955, 1496, 1615, 1133, 729, 1581, 2537, 2096, 1591, 1609, 2200, 1705, 1161, 1872, 3399, 3284, 5485, 4365, 6924, 5317, 3446, 4354, 9327, 10160, 7456, 6919, 11500, 8668, 4586, 6325, 14573, 15518, 4466, 5456, 8831, 6578, 2898, 5051, 11067, 11131, 1652, 2901, 4059, 2827, 1152, 2937, 5574, 4988, 1457, 1744, 1775, 1441, 879, 1428, 2099, 1884, 2120, 3353, 4282, 2852, 1202, 2031, 3845, 3749, 2169, 5076, 5966, 3414, 1400, 2697, 4926, 4267, 1471, 4354, 5624, 3277, 1188, 2503, 4565, 4032, 3576, 8886, 8567, 3719, 2070, 4053, 6324, 3943, 10948, 24222, 22172, 8737, 5323, 10098, 15831, 9166, 11895, 28298, 26461, 10453, 5691, 12009, 19605, 12003, 6099, 17129, 17329, 7604, 3005, 8360, 14230, 9998, 3417, 10029, 10189, 4504, 1695, 6003, 10007, 7316, 1875, 5159, 5215, 2418, 937, 3204, 5185, 3729, 1156, 2251, 2206, 1218, 761, 1401, 2205, 1651, 887, 1443, 1486, 947, 669, 943, 1342, 1108, 792, 1112, 1062, 718, 653, 737, 990, 827, 1137, 1678, 1358, 722, 796, 1099, 1219, 855, 1377, 2169, 2008, 1053, 1098, 1283, 1408, 1084, 2057, 3084, 2908, 1487, 1825, 2159, 2065, 1314, 2861, 4286, 4386, 2621, 2511, 2839, 2733, 1928, 2936, 3871, 3748, 2548, 2217, 2039, 2027, 1933, 2625, 3368, 3050, 1957, 1440, 1708, 1628, 1590, 2860, 3489, 3571, 2957, 2093, 2933, 2604, 2199, 3609, 3784, 4420, 3727, 2490, 4273, 3794, 2573, 2541, 3764, 4507, 3062, 1990, 3517, 3065, 2103, 1718, 2783, 2885, 1593, 1446, 2054, 1549, 1311, 1265, 1702, 1391, 943, 1090, 1238, 1076, 877, 1046, 1589, 1391, 857, 874, 994, 1144, 813, 1136, 2009, 1914, 991, 933, 1215, 1404, 983, 983, 1688, 1536, 726, 807, 1062, 1055, 819, 1080, 1591, 1362, 810, 705, 987, 975, 714, 1222, 1994, 1748, 870, 837, 1213, 1311, 791, 1371, 2634, 2444, 1001, 1225, 1610, 1544, 1088, 1094, 2004, 2040, 1056, 936, 1244, 1383, 1031, 765, 1069, 1206, 994, 727, 863, 994, 850, 708, 801, 742, 716, 726, 805, 893, 761, 820, 792, 759, 777, 825, 791, 797, 869, 857, 933, 974, 838, 819, 792, 799, 901, 861, 881, 978, 800, 736, 822, 794, 807, 710, 699, 688, 679, 664, 662, 651, 648, 630, 727, 704, 666, 661, 581, 652, 730, 607, 708, 724, 694, 748, 738, 610, 630, 629, 707, 676, 684, 820, 720, 589, 606, 833, 838, 761, 795, 695, 636, 634, 807, 755, 740, 710, 710, 701, 560, 594, 728, 899, 761, 669, 739, 767, 618, 691, 874, 1100, 868, 894, 1029, 946, 829, 900, 1035, 1275, 978, 1015, 1204, 1034, 878, 980, 1098, 988, 1010, 1035, 896, 767, 783, 957, 926, 673, 771, 773, 703, 627, 653, 794, 798, 523, 603, 672, 674, 550, 468, 618, 629, 594, 606, 678, 678, 579, 567, 686, 649, 646, 684, 658, 607, 615, 662, 647, 612, 701, 755, 627, 670, 656, 652, 671, 627, 730, 771, 650, 584, 570, 623, 685, 648, 745, 671, 666, 665, 568, 579, 685, 766, 745, 672, 742, 760, 636, 584, 798, 853, 883, 813, 1244, 1188, 762, 816, 1431, 1462, 1584, 950, 2026, 1952, 1250, 925, 2517, 2944, 2073, 1025, 2241, 2434, 1792, 1044, 3178, 3782, 1438, 806, 1376, 1751, 1463, 911, 2264, 2664, 961, 857, 1164, 1170, 961, 892, 1502, 1617, 1305, 1333, 1867, 1426, 927, 988, 1865, 2054, 1464, 1459, 2106, 1618, 996, 1046, 2326, 2576, 1321, 1050, 1552, 1272, 1039, 926, 1710, 2045, 999, 751, 966, 914, 846, 800, 939, 1187, 875, 797, 832, 795, 733, 699, 982, 1046, 934, 1124, 1045, 712, 673, 975, 1367, 1129, 1014, 1557, 1392, 811, 714, 1220, 1553, 1261, 901, 1401, 1416, 794, 794, 1248, 1635, 1477, 1055, 1076, 1245, 855, 814, 1026, 1315, 1486, 944, 819, 907, 838, 734, 748, 1014, 1242, 873, 870, 810, 807, 787, 645, 977, 1185, 691, 816, 780, 611, 650, 656, 1012, 1048, 653, 764, 746, 578, 559, 771, 972, 793, 719, 564, 598, 593, 590, 576, 649, 786, 542, 529, 644, 529, 452, 556, 740, 779, 513, 504, 581, 527, 480, 628, 710, 643, 499, 476, 514, 465, 514, 536, 562, 582, 512, 533, 517, 438, 431, 517, 529, 474, 516, 518, 434, 400, 446, 548, 498, 400, 454, 455, 424, 430, 420, 489, 517, 421]"
-0.8672875761985779,0.6117082834243774,-0.7827160358428955,-0.9107088446617126,0.713598906993866,0.014153895899653435,-0.30093640089035034,-0.14383554458618164,0.1755237579345703,18.0,-0.1173710823059082,0.13260841369628906,23.75,-0.06901979446411133,0.09856224060058594,16.25,-0.036547183990478516,0.04992485046386719,15.5,0.011374950408935547,0.7445812225341797,18.25,"[516, 658, 667, 574, 551, 572, 672, 659, 536, 586, 695, 644, 570, 652, 728, 664, 622, 566, 538, 577, 538, 584, 636, 647, 529, 577, 554, 502, 526, 502, 578, 528, 466, 604, 543, 452, 470, 543, 570, 506, 559, 548, 507, 531, 553, 494, 551, 566, 487, 470, 440, 500, 521, 524, 526, 492, 441, 456, 525, 561, 514, 498, 534, 529, 489, 527, 503, 518, 547, 513, 495, 513, 572, 507, 509, 534, 555, 523, 523, 574, 426, 500, 536, 440, 454, 529, 514, 479, 519, 575, 581, 521, 561, 542, 581, 547, 508, 496, 577, 600, 553, 551, 654, 568, 484, 472, 541, 518, 494, 496, 619, 619, 594, 674, 625, 506, 629, 576, 530, 576, 572, 562, 508, 560, 567, 537, 511, 566, 548, 573, 591, 567, 587, 562, 574, 565, 572, 511, 533, 577, 599, 522, 532, 594, 554, 562, 595, 598, 608, 569, 538, 635, 598, 615, 665, 681, 645, 644, 592, 593, 539, 557, 600, 626, 492, 582, 628, 565, 444, 434, 493, 502, 485, 551, 558, 490, 474, 514, 577, 503, 500, 600, 580, 532, 585, 585, 602, 612, 588, 604, 558, 474, 509, 550, 547, 619, 604, 518, 609, 613, 626, 646, 530, 516, 522, 538, 608, 553, 658, 570, 591, 625, 573, 574, 562, 629, 517, 532, 607, 666, 647, 589, 515, 536, 509, 508, 456, 538, 589, 519, 465, 494, 574, 627, 555, 484, 590, 583, 516, 508, 866, 1041, 766, 567, 690, 799, 749, 552, 1262, 1804, 1389, 707, 822, 1150, 1301, 845, 1110, 1590, 1260, 622, 765, 1189, 1336, 936, 777, 843, 796, 572, 672, 778, 770, 797, 585, 603, 629, 531, 572, 635, 679, 655, 572, 616, 671, 611, 608, 573, 597, 645, 739, 797, 844, 733, 610, 741, 1183, 1140, 1948, 3285, 3857, 1946, 994, 2952, 5926, 5443, 3353, 7192, 8551, 4291, 1451, 6260, 12098, 10755, 2775, 6559, 7908, 4139, 1370, 5300, 10268, 9122, 1595, 3700, 4602, 2468, 879, 3033, 5876, 5285, 1427, 2684, 3563, 2050, 780, 2346, 4700, 4390, 3238, 4559, 7846, 5437, 1773, 3311, 8428, 9004, 4785, 9240, 14611, 9522, 2555, 5981, 15244, 15749, 2977, 8394, 12179, 7507, 1730, 5632, 12956, 12574, 1182, 3912, 5118, 3089, 856, 2854, 5594, 4993, 1332, 2447, 3127, 1953, 839, 1833, 3451, 3217, 1049, 2031, 2471, 1459, 830, 1566, 2838, 2588, 872, 1808, 2215, 1433, 747, 1387, 2274, 2022, 1009, 2304, 2807, 1747, 797, 1425, 2381, 2055, 1321, 2917, 3136, 1717, 815, 1575, 2557, 2153, 2435, 5464, 5408, 2702, 1348, 3126, 4871, 3581, 7069, 15699, 14272, 5377, 3686, 6932, 10997, 6676, 12229, 26801, 23995, 8417, 6263, 10751, 17163, 9780, 11433, 24413, 22141, 8136, 5741, 10842, 17275, 10710, 7070, 15624, 14756, 5929, 3308, 7201, 12134, 8348, 3701, 8838, 8582, 3675, 1858, 4389, 6968, 4933, 1682, 3467, 3303, 1499, 1061, 1847, 2692, 1892, 918, 1074, 1032, 830, 763, 882, 840, 828, 987, 1120, 964, 907, 883, 888, 958, 891, 2013, 1975, 1791, 1817, 1204, 1893, 1974, 1400, 2892, 2580, 2860, 2612, 1478, 2917, 2789, 2174, 1899, 1696, 2742, 2153, 1293, 2270, 2145, 2023, 2020, 3815, 4183, 2275, 1556, 2531, 2692, 1952, 3349, 5139, 5703, 3467, 2058, 4099, 3990, 2554, 3255, 4304, 4747, 3148, 2074, 3959, 3562, 2392, 2592, 3584, 3455, 2094, 1877, 2530, 2003, 1825, 2464, 3918, 3754, 1944, 1640, 2257, 1955, 1638, 1913, 3753, 3659, 1787, 1365, 2110, 1906, 1523, 1787, 2915, 2806, 1394, 1250, 1680, 1475, 1131, 2024, 2733, 2144, 1096, 1302, 1602, 1272, 919, 1456, 1889, 1451, 666, 991, 1266, 1229, 828, 1374, 1957, 1536, 677, 974, 1166, 1158, 728, 1321, 1900, 1638, 776, 964, 1107, 1060, 636, 948, 1336, 1138, 750, 842, 960, 949, 711, 753, 1099, 1076, 756, 715, 803, 880, 771, 882, 1038, 1070, 781, 780, 820, 833, 821, 817, 971, 882, 730, 803, 971, 890, 762, 834, 890, 790, 618, 673, 736, 724, 736, 806, 808, 705, 735, 760, 666, 649, 712, 717, 767, 776, 673, 734, 790, 785, 729, 684, 849, 813, 722, 714, 687, 885, 766, 822, 925, 860, 716, 784, 744, 869, 897, 966, 1033, 822, 799, 926, 921, 895, 858, 975, 997, 954, 863, 915, 909, 890, 918, 964, 878, 850, 847, 885, 930, 847, 889, 728, 765, 779, 692, 714, 782, 811, 813, 665, 654, 685, 652, 615, 593, 623, 676, 519, 602, 619, 667, 579, 557, 528, 494, 616, 618, 561, 592, 635, 616, 568, 481, 683, 633, 609, 609, 631, 639, 611, 622, 622, 770, 657, 598, 660, 702, 690, 527, 713, 716, 680, 656, 677, 763, 759, 682, 871, 700, 747, 832, 764, 756, 866, 862, 1079, 684, 878, 990, 792, 759, 947, 1150, 1042, 845, 945, 1008, 738, 622, 822, 1044, 882, 712, 822, 899, 684, 595, 645, 850, 877, 724, 725, 733, 658, 682, 667, 830, 790, 696, 579, 625, 652, 623, 690, 769, 740, 623, 558, 648, 622, 596, 665, 747, 747, 711, 672, 685, 574, 603, 705, 790, 753, 643, 671, 618, 585, 663, 769, 820, 1096, 815, 688, 747, 800, 760, 804, 1070, 1139, 752, 830, 847, 834, 719, 1065, 1360, 1152, 896, 1422, 1211, 879, 977, 1687, 1856, 1941, 1283, 2177, 1929, 1095, 1170, 2445, 2969, 1848, 1334, 2153, 1878, 1003, 1206, 2475, 3012, 1029, 1321, 1804, 1359, 938, 1363, 2233, 2199, 1361, 1324, 1861, 1598, 1092, 1393, 2469, 2563, 1254, 1365, 1790, 1538, 1096, 1212, 2156, 2195, 904, 1166, 1587, 1358, 915, 1070, 1773, 1629, 1237, 1232, 1877, 1720, 979, 1179, 1984, 1932, 1302, 1445, 1576, 1479, 861, 1370, 1938, 1694, 1033, 1279, 1260, 1101, 823, 1327, 1530, 1193, 1284, 1140, 1322, 1215, 901, 1021, 1324, 1554, 1210, 1069, 1286, 1263, 931, 884, 1271, 1575, 1118, 1203, 1433, 1282, 942, 924, 1387, 1500, 963, 1353, 1509, 1182, 843, 974, 1356, 1291, 845, 1121, 1164, 936, 765, 878, 1106, 1121, 670, 755, 839, 902, 687, 624, 843, 898, 605, 659, 724, 822, 601, 646, 695, 626, 586, 787, 898, 794, 597, 692, 936, 788, 575, 711, 702, 674, 594, 655, 805, 628, 553, 565, 596, 548, 497, 565, 621, 584, 455, 523, 528, 507, 474, 461, 476, 455, 395, 534, 583, 544, 498, 487, 539, 480, 534, 534, 564, 478, 425, 461, 481, 500, 551, 536, 480, 512, 518, 533, 457, 466]"
-0.9568754434585571,0.6624454855918884,-1.0803285837173462,-0.8603717684745789,0.7489598393440247,-0.3888000249862671,-0.13085347414016724,-0.2343757152557373,-0.7946491241455078,16.25,0.172318696975708,-0.18167495727539062,15.0,0.18476414680480957,-0.23403167724609375,16.5,0.21952557563781738,-0.1434803009033203,22.25,0.23440289497375488,-0.19283294677734375,22.75,"[480, 497, 650, 681, 593, 681, 653, 495, 566, 589, 617, 712, 605, 637, 689, 572, 495, 546, 526, 549, 549, 640, 652, 560, 563, 554, 511, 473, 504, 529, 493, 549, 566, 591, 535, 509, 549, 540, 519, 546, 538, 532, 535, 559, 538, 515, 528, 544, 490, 566, 588, 554, 601, 581, 556, 559, 479, 587, 681, 552, 463, 530, 591, 578, 460, 528, 622, 562, 449, 487, 521, 584, 547, 565, 587, 561, 517, 442, 502, 581, 509, 525, 492, 523, 547, 452, 439, 453, 590, 596, 472, 576, 638, 617, 535, 551, 562, 571, 448, 586, 568, 553, 572, 573, 569, 597, 536, 464, 533, 571, 546, 508, 539, 558, 522, 571, 582, 565, 603, 604, 601, 498, 568, 632, 576, 612, 646, 597, 536, 530, 501, 586, 623, 586, 537, 547, 677, 622, 507, 561, 703, 647, 527, 652, 643, 652, 544, 638, 692, 640, 601, 596, 500, 538, 578, 591, 568, 592, 581, 506, 530, 607, 620, 534, 572, 629, 596, 572, 538, 621, 636, 575, 567, 566, 536, 574, 534, 597, 644, 586, 489, 521, 583, 599, 580, 639, 650, 587, 573, 538, 568, 557, 591, 699, 684, 570, 563, 607, 624, 581, 702, 743, 655, 562, 535, 652, 674, 553, 713, 686, 532, 525, 609, 686, 615, 562, 546, 491, 553, 530, 573, 571, 491, 545, 524, 528, 565, 521, 461, 462, 541, 546, 615, 692, 600, 579, 557, 645, 707, 590, 813, 964, 787, 602, 586, 804, 911, 647, 1125, 1529, 1101, 649, 764, 980, 1235, 880, 1078, 1448, 1045, 540, 773, 1175, 1266, 855, 682, 842, 650, 562, 637, 789, 825, 630, 581, 581, 558, 581, 536, 518, 505, 522, 496, 549, 575, 543, 471, 494, 476, 478, 584, 545, 506, 507, 436, 504, 516, 539, 828, 1142, 1194, 744, 564, 938, 1227, 1085, 1730, 3163, 3127, 1584, 929, 2107, 3159, 2570, 2500, 4865, 4506, 1972, 1200, 3039, 4618, 3406, 2835, 5758, 5597, 2594, 1257, 3313, 5445, 4227, 3874, 10335, 10965, 5379, 1641, 6105, 10547, 8305, 3648, 11378, 11854, 5535, 1577, 7058, 11921, 8929, 1881, 5925, 5911, 2663, 1007, 3839, 6107, 4232, 903, 1934, 2022, 1223, 764, 1343, 2091, 1595, 744, 1175, 1225, 797, 678, 987, 1274, 1006, 1055, 1969, 2035, 1166, 760, 1232, 1816, 1512, 1034, 2240, 2377, 1310, 728, 1263, 2116, 1685, 809, 1600, 1728, 1078, 648, 978, 1573, 1387, 1855, 2986, 2475, 978, 1236, 1513, 2048, 1265, 6306, 11488, 9134, 2212, 3810, 5111, 6934, 2877, 11809, 22323, 18076, 4585, 6610, 10021, 13900, 6035, 12004, 24116, 20424, 6299, 6032, 10611, 15791, 8251, 8254, 16771, 14483, 4935, 3939, 7369, 11336, 6572, 4855, 8780, 7239, 2382, 2247, 4206, 5960, 3245, 2658, 4451, 3533, 1241, 1360, 2174, 2804, 1400, 1423, 2034, 1648, 792, 857, 985, 1118, 833, 1437, 2129, 1858, 976, 956, 966, 865, 841, 1798, 2737, 2359, 1065, 1104, 1090, 1005, 852, 1427, 2219, 1894, 881, 1035, 1086, 1052, 793, 2061, 3308, 3167, 1552, 1619, 2003, 1695, 1338, 2766, 3925, 3874, 2079, 1857, 2514, 1726, 1721, 2151, 3331, 2851, 1399, 1748, 2048, 1423, 1250, 2557, 3683, 2586, 927, 1977, 1967, 1420, 864, 2219, 3125, 2054, 842, 1780, 1660, 1266, 781, 2009, 3084, 2388, 1011, 1391, 1385, 1499, 1084, 2125, 3336, 2693, 1097, 1314, 1359, 1401, 992, 1595, 2391, 1950, 901, 1116, 1223, 1115, 852, 960, 1276, 1084, 687, 841, 856, 705, 563, 950, 1472, 1317, 692, 806, 939, 855, 727, 798, 1141, 1131, 666, 740, 794, 802, 817, 826, 947, 861, 749, 897, 870, 729, 703, 803, 866, 638, 593, 780, 809, 731, 646, 770, 822, 637, 602, 703, 620, 683, 719, 696, 779, 661, 560, 720, 652, 642, 602, 722, 793, 780, 644, 685, 693, 649, 670, 766, 837, 824, 688, 669, 763, 784, 714, 808, 810, 761, 769, 726, 672, 836, 830, 763, 819, 712, 708, 662, 671, 721, 690, 708, 958, 878, 616, 748, 824, 660, 559, 726, 911, 835, 573, 658, 761, 721, 670, 782, 890, 785, 586, 664, 785, 673, 728, 613, 698, 773, 718, 707, 685, 620, 584, 601, 657, 722, 655, 599, 639, 678, 580, 706, 660, 687, 649, 598, 668, 674, 651, 954, 853, 762, 683, 754, 794, 653, 751, 822, 800, 782, 757, 687, 851, 832, 702, 1010, 997, 931, 779, 725, 1122, 1008, 935, 861, 785, 671, 644, 686, 886, 797, 729, 711, 723, 643, 670, 640, 657, 672, 644, 649, 628, 571, 507, 572, 651, 576, 564, 681, 730, 683, 585, 539, 621, 703, 692, 618, 743, 697, 561, 556, 580, 627, 652, 648, 760, 672, 580, 587, 609, 627, 590, 732, 688, 636, 617, 551, 727, 845, 746, 1127, 937, 811, 958, 901, 839, 1280, 1339, 1282, 1145, 1006, 944, 840, 1039, 1604, 1630, 1024, 992, 822, 879, 804, 991, 1339, 1228, 855, 789, 701, 720, 645, 826, 926, 863, 864, 686, 657, 712, 671, 695, 756, 857, 852, 674, 655, 706, 659, 700, 631, 749, 1033, 939, 852, 780, 742, 768, 710, 858, 956, 966, 905, 840, 704, 830, 856, 746, 694, 778, 760, 646, 608, 681, 722, 607, 759, 640, 773, 861, 748, 591, 1025, 1069, 1415, 984, 1305, 880, 935, 826, 1963, 2336, 1985, 1741, 2267, 1221, 1056, 1280, 3161, 3683, 1508, 2121, 2454, 1093, 938, 1583, 3456, 3394, 1250, 1716, 1881, 1207, 794, 1400, 2613, 2377, 1312, 1298, 1398, 1197, 809, 1111, 1724, 1561, 1232, 1111, 1210, 1235, 894, 1018, 1463, 1486, 1195, 1065, 1007, 1070, 866, 1102, 1468, 1424, 1301, 1184, 941, 1046, 898, 1064, 1458, 1386, 1533, 1394, 1070, 1277, 1013, 1134, 1638, 1589, 1466, 1188, 991, 1224, 1040, 1110, 1295, 1341, 1002, 1038, 1077, 853, 829, 997, 1122, 1026, 1707, 1534, 1460, 1320, 1100, 1206, 1660, 1721, 1916, 1416, 1349, 1269, 1004, 1207, 1607, 1886, 1333, 1008, 985, 859, 682, 777, 1092, 1390, 910, 847, 837, 795, 690, 798, 942, 967, 661, 715, 694, 646, 554, 632, 672, 687, 673, 893, 718, 528, 591, 788, 844, 691, 770, 946, 778, 724, 625, 836, 935, 857, 574, 715, 796, 759, 585, 646, 783, 723, 566, 663, 726, 612, 543, 606, 659, 588, 571, 528, 454, 464, 423, 498, 568, 519, 537, 501, 570, 608, 447, 451, 528, 542, 414, 506, 592, 505, 428, 525, 550, 510]"
-0.8972610831260681,0.6722643375396729,-1.1400201320648193,-0.5645745396614075,0.6535705327987671,-0.4006923735141754,0.19758573174476624,-0.8996368050575256,-1.0249614715576172,31.5,-0.6618857979774475,-0.8946418762207031,27.5,-0.19167667627334595,-0.7012367248535156,26.5,-0.1041293740272522,-0.7271289825439453,30.75,0.09557002782821655,-0.3662109375,28.5,"[633, 597, 570, 568, 577, 566, 571, 599, 658, 662, 640, 621, 657, 605, 586, 621, 628, 601, 621, 612, 537, 547, 580, 648, 616, 613, 604, 571, 559, 568, 589, 648, 561, 456, 356, 471, 524, 488, 428, 477, 620, 529, 460, 447, 561, 573, 484, 526, 578, 552, 546, 487, 521, 592, 613, 616, 564, 514, 476, 512, 568, 532, 566, 596, 544, 500, 506, 526, 509, 601, 586, 537, 508, 574, 491, 544, 544, 551, 542, 481, 545, 621, 585, 538, 522, 563, 578, 501, 566, 532, 503, 519, 596, 607, 578, 519, 539, 450, 439, 471, 466, 484, 527, 587, 549, 567, 590, 513, 496, 584, 575, 513, 549, 562, 594, 577, 472, 573, 632, 572, 588, 544, 574, 552, 568, 609, 595, 651, 663, 541, 544, 650, 605, 573, 431, 578, 557, 530, 601, 624, 560, 490, 501, 536, 616, 546, 533, 580, 595, 550, 521, 660, 568, 518, 484, 551, 609, 632, 605, 562, 491, 501, 543, 481, 446, 594, 598, 449, 472, 533, 594, 544, 462, 449, 574, 559, 491, 646, 635, 473, 520, 596, 595, 520, 549, 551, 540, 502, 603, 620, 531, 523, 610, 734, 697, 644, 652, 684, 581, 553, 611, 708, 694, 655, 629, 671, 652, 593, 497, 719, 721, 559, 465, 499, 524, 488, 470, 581, 666, 537, 413, 507, 583, 540, 551, 497, 595, 688, 517, 523, 646, 606, 608, 638, 671, 615, 559, 600, 616, 613, 567, 630, 621, 584, 588, 630, 679, 620, 668, 729, 604, 528, 568, 748, 872, 659, 782, 892, 732, 631, 619, 860, 946, 725, 584, 754, 669, 559, 552, 760, 873, 596, 529, 554, 529, 529, 606, 570, 621, 626, 2298, 3245, 2573, 1083, 944, 1812, 2345, 1674, 9506, 15530, 11764, 3363, 3069, 8210, 10596, 5126, 14826, 25215, 19079, 4872, 4583, 12739, 16904, 7419, 7096, 14422, 11841, 3527, 2383, 7463, 10620, 4904, 10346, 22819, 20977, 8430, 3832, 12714, 19183, 12286, 12857, 26644, 23099, 8350, 4104, 14941, 22133, 13372, 5506, 10000, 8090, 2687, 1887, 6210, 8609, 4882, 1929, 3968, 3896, 1783, 951, 2454, 3317, 2266, 1125, 2361, 2447, 1218, 661, 1376, 1918, 1476, 791, 1487, 1590, 890, 529, 926, 1246, 1007, 1465, 2818, 2652, 1156, 1277, 1428, 1488, 1070, 2863, 5485, 4742, 1394, 2244, 2914, 2672, 1204, 4060, 7542, 6197, 1525, 2820, 3824, 4172, 1545, 3153, 5553, 4415, 1160, 2081, 2820, 3233, 1279, 1556, 2508, 2024, 799, 996, 1499, 1649, 871, 2248, 3955, 3295, 1279, 1273, 1880, 2407, 1279, 4256, 7507, 5914, 1752, 1974, 3418, 4658, 2034, 4651, 7830, 6007, 1890, 2136, 3749, 4965, 2329, 2966, 4577, 3427, 1255, 1630, 2421, 2825, 1534, 2251, 3328, 2560, 1140, 1746, 1944, 1721, 1105, 2581, 3549, 2621, 1375, 2074, 1937, 1677, 1298, 2123, 2626, 1849, 1399, 2024, 1807, 1329, 1135, 1695, 2059, 1632, 1471, 1834, 1679, 1215, 1175, 2095, 2613, 2213, 1949, 2140, 2140, 1714, 1664, 2348, 3262, 2709, 1803, 2193, 2245, 1774, 1435, 2085, 3141, 2668, 1262, 1560, 1719, 1617, 1160, 1843, 2578, 2084, 1076, 1301, 1597, 1396, 998, 1440, 2157, 1811, 918, 1226, 1426, 1214, 856, 1362, 2046, 1675, 793, 1166, 1222, 1112, 830, 1156, 1555, 1310, 669, 1026, 1093, 919, 764, 1098, 1531, 1227, 784, 957, 1243, 969, 700, 1051, 1493, 1265, 719, 937, 1145, 954, 743, 815, 1075, 966, 720, 632, 782, 823, 712, 651, 771, 797, 661, 595, 650, 637, 606, 565, 738, 803, 644, 532, 590, 535, 515, 567, 676, 671, 521, 618, 625, 554, 552, 590, 669, 569, 508, 550, 654, 658, 555, 522, 620, 638, 554, 546, 648, 671, 558, 628, 739, 613, 527, 599, 708, 624, 482, 686, 799, 766, 650, 718, 772, 679, 672, 825, 868, 756, 699, 790, 736, 707, 814, 866, 894, 771, 730, 788, 751, 726, 802, 918, 960, 802, 913, 898, 842, 807, 780, 889, 915, 775, 772, 902, 833, 768, 848, 774, 806, 768, 683, 676, 760, 734, 660, 705, 729, 762, 710, 552, 687, 716, 637, 697, 686, 761, 698, 610, 663, 674, 722, 693, 752, 676, 623, 685, 670, 680, 620, 534, 580, 637, 569, 554, 644, 630, 502, 586, 723, 813, 624, 573, 692, 693, 654, 729, 847, 823, 695, 633, 860, 811, 692, 714, 870, 899, 771, 669, 847, 748, 553, 772, 840, 839, 744, 761, 846, 822, 678, 697, 807, 822, 664, 542, 731, 845, 709, 689, 670, 601, 590, 610, 732, 833, 706, 664, 671, 694, 662, 652, 845, 867, 687, 681, 627, 695, 653, 621, 709, 712, 567, 799, 658, 525, 560, 596, 665, 642, 705, 796, 727, 665, 669, 704, 637, 656, 765, 545, 620, 660, 614, 546, 594, 643, 605, 605, 741, 756, 695, 659, 749, 797, 620, 682, 666, 757, 822, 731, 797, 909, 815, 694, 691, 707, 666, 654, 702, 751, 735, 572, 691, 597, 576, 653, 551, 639, 653, 598, 590, 672, 695, 572, 590, 645, 686, 560, 554, 543, 631, 568, 563, 677, 650, 600, 677, 643, 577, 581, 621, 747, 716, 713, 744, 700, 523, 534, 644, 712, 748, 721, 628, 733, 608, 566, 688, 631, 780, 800, 736, 930, 769, 617, 639, 742, 950, 1103, 1314, 1560, 1108, 773, 886, 1459, 1531, 1343, 1272, 1511, 1300, 888, 962, 1141, 1394, 1222, 1060, 1422, 1366, 826, 1063, 1770, 1779, 1547, 1128, 1662, 1593, 1029, 1317, 2627, 2741, 1113, 919, 1297, 1499, 919, 1155, 1964, 1843, 732, 877, 906, 877, 598, 712, 996, 882, 839, 861, 879, 830, 725, 772, 821, 678, 828, 980, 825, 726, 723, 807, 778, 657, 993, 1001, 1352, 1367, 784, 830, 1151, 1039, 957, 1001, 1647, 1414, 687, 835, 1354, 1453, 897, 1083, 1288, 941, 662, 810, 970, 1011, 1039, 1332, 1026, 656, 830, 905, 853, 695, 748, 939, 918, 748, 673, 728, 736, 704, 824, 857, 992, 874, 651, 816, 780, 720, 942, 866, 923, 866, 678, 888, 766, 755, 1020, 850, 763, 831, 627, 850, 836, 821, 873, 753, 656, 691, 610, 718, 837, 821, 664, 724, 701, 595, 548, 579, 718, 756, 495, 594, 532, 458, 498, 536, 634, 550, 484, 527, 506, 423, 534, 590, 579, 553, 501, 571, 585, 490, 531, 656, 628, 518, 570, 518, 521, 497, 416, 452, 535, 556, 552, 491, 461, 453, 453, 534, 458, 454]"
-0.9463707208633423,0.6728671789169312,-1.3703193664550781,-0.5227111577987671,0.5796284675598145,-0.6409111022949219,0.23769763112068176,-0.44232887029647827,-0.933837890625,21.75,-0.4165796637535095,-0.9459972381591797,26.0,-0.022616803646087646,-0.6953716278076172,22.75,1.9918294548988342,1.1062145233154297,19.0,2.141031801700592,0.9830474853515625,17.5,"[528, 596, 706, 600, 575, 603, 706, 597, 601, 610, 590, 647, 588, 597, 707, 631, 515, 471, 545, 619, 536, 399, 435, 512, 502, 549, 598, 509, 477, 494, 472, 508, 486, 413, 448, 453, 444, 435, 493, 568, 577, 489, 496, 547, 575, 581, 545, 605, 518, 500, 549, 605, 601, 588, 533, 554, 555, 528, 414, 482, 453, 475, 490, 474, 503, 550, 520, 484, 409, 475, 516, 534, 490, 614, 609, 509, 518, 552, 521, 406, 497, 621, 621, 524, 541, 587, 567, 497, 546, 533, 474, 456, 489, 512, 525, 504, 629, 582, 557, 527, 519, 517, 467, 583, 617, 549, 503, 594, 613, 578, 507, 522, 520, 541, 568, 565, 553, 608, 518, 467, 619, 539, 579, 528, 496, 549, 607, 650, 578, 562, 494, 526, 559, 540, 552, 537, 539, 578, 555, 596, 600, 558, 498, 484, 643, 669, 532, 534, 586, 568, 515, 533, 622, 616, 488, 479, 580, 558, 541, 588, 607, 604, 611, 563, 564, 484, 592, 686, 642, 615, 530, 537, 592, 510, 566, 627, 642, 564, 518, 613, 639, 557, 521, 620, 600, 665, 606, 541, 473, 547, 512, 559, 731, 917, 786, 606, 616, 642, 694, 563, 731, 858, 695, 556, 598, 665, 715, 610, 639, 647, 646, 663, 618, 627, 562, 609, 710, 622, 639, 677, 591, 611, 568, 561, 518, 613, 637, 551, 536, 645, 536, 473, 626, 602, 480, 534, 619, 610, 483, 516, 697, 656, 576, 552, 605, 682, 632, 617, 829, 817, 650, 629, 673, 957, 928, 679, 1082, 1304, 976, 609, 830, 1229, 1249, 857, 1927, 2529, 1794, 744, 1126, 1589, 1731, 1069, 2410, 3350, 2341, 915, 1382, 1757, 1907, 1039, 2523, 3488, 2540, 1105, 1142, 1546, 1935, 1285, 4655, 8741, 7411, 2894, 1654, 4287, 6469, 3836, 7830, 15033, 12926, 5097, 3045, 7712, 11563, 7012, 7602, 13318, 10853, 4045, 3388, 7263, 9961, 5778, 4049, 7264, 5911, 2053, 1751, 3788, 4988, 2737, 2533, 5342, 4725, 1836, 1364, 2285, 3554, 2112, 2264, 4655, 3996, 1400, 1356, 2311, 3268, 1745, 2127, 4287, 3730, 1312, 1325, 2208, 2860, 1607, 5012, 9437, 7689, 2033, 2838, 3576, 5156, 2280, 7151, 13825, 11332, 2819, 3934, 4948, 7322, 3106, 4966, 9580, 8014, 2576, 2694, 3588, 5178, 2706, 1885, 3610, 3469, 1712, 1182, 1671, 2373, 1871, 1119, 2072, 1891, 882, 836, 1035, 1348, 1040, 938, 1483, 1307, 785, 670, 876, 1100, 767, 1080, 1582, 1331, 770, 700, 914, 1096, 778, 1879, 3163, 2545, 1016, 1217, 1336, 1562, 935, 2575, 4659, 3907, 1296, 1850, 2214, 1951, 969, 2879, 4974, 4111, 1163, 2349, 2882, 1974, 805, 2152, 3677, 2956, 785, 1983, 2344, 1480, 651, 1384, 1832, 1533, 738, 1201, 1394, 1144, 797, 3786, 5482, 3959, 1393, 2883, 2423, 1464, 1341, 6409, 9236, 6407, 2027, 4923, 3996, 1999, 2037, 4866, 6978, 4777, 1761, 3877, 3011, 1564, 1763, 1688, 2414, 1816, 936, 1554, 1420, 1055, 955, 1317, 1715, 1321, 748, 1012, 1144, 961, 719, 1434, 2116, 1560, 629, 1121, 1124, 1069, 665, 1484, 2314, 1803, 798, 1143, 1222, 1139, 724, 1378, 2064, 1670, 746, 1056, 1191, 1014, 586, 1593, 2116, 1513, 750, 1242, 1245, 889, 639, 1386, 1922, 1456, 674, 1113, 1096, 837, 571, 986, 1295, 971, 626, 866, 857, 746, 629, 835, 950, 688, 576, 640, 778, 729, 621, 644, 859, 811, 618, 652, 804, 801, 621, 660, 800, 844, 666, 629, 804, 740, 600, 597, 745, 805, 670, 587, 660, 704, 643, 604, 716, 729, 724, 761, 705, 620, 625, 607, 777, 778, 662, 683, 779, 645, 654, 673, 819, 836, 644, 678, 740, 688, 702, 884, 1029, 859, 682, 941, 839, 733, 702, 961, 1050, 859, 695, 979, 949, 774, 756, 897, 1109, 987, 724, 848, 900, 804, 698, 665, 880, 954, 784, 855, 878, 742, 674, 683, 979, 830, 618, 799, 820, 741, 671, 722, 942, 798, 621, 649, 670, 680, 575, 809, 939, 738, 677, 746, 760, 695, 521, 762, 834, 759, 721, 673, 629, 662, 648, 622, 657, 721, 720, 642, 619, 709, 766, 696, 789, 715, 634, 733, 640, 650, 715, 1006, 987, 764, 647, 791, 795, 654, 723, 925, 891, 731, 686, 711, 736, 636, 702, 792, 706, 697, 784, 757, 740, 653, 742, 757, 683, 725, 720, 723, 733, 685, 647, 754, 761, 815, 802, 811, 928, 861, 637, 838, 794, 880, 808, 745, 962, 882, 720, 888, 877, 927, 850, 752, 937, 939, 921, 714, 682, 638, 643, 612, 712, 805, 780, 592, 583, 617, 687, 629, 654, 687, 643, 594, 623, 557, 672, 635, 591, 617, 602, 670, 756, 753, 675, 575, 701, 730, 671, 594, 661, 609, 546, 521, 623, 627, 590, 690, 773, 634, 496, 545, 597, 563, 567, 1187, 1297, 1020, 685, 818, 1238, 1087, 756, 1697, 1611, 1129, 864, 966, 1528, 1302, 1103, 1439, 1238, 850, 813, 827, 1212, 1089, 1062, 1047, 883, 794, 796, 747, 968, 833, 830, 784, 732, 684, 560, 731, 921, 760, 663, 896, 830, 709, 582, 626, 952, 887, 741, 900, 903, 747, 750, 710, 928, 934, 709, 751, 722, 874, 854, 655, 813, 842, 679, 738, 754, 977, 892, 643, 924, 921, 822, 1620, 1564, 2274, 1548, 926, 1243, 2343, 2597, 3529, 3296, 5351, 3380, 1399, 3031, 6548, 7073, 2785, 3397, 5170, 3215, 1482, 3220, 6063, 6108, 1545, 2003, 1979, 1401, 1335, 1309, 1638, 1623, 1342, 2026, 2302, 1475, 1064, 1777, 3468, 3227, 865, 1946, 2159, 1348, 918, 1763, 2816, 2303, 1237, 1485, 1626, 1280, 923, 1412, 1891, 1557, 1118, 877, 1091, 1130, 750, 1002, 1261, 1290, 955, 1150, 1335, 1113, 781, 1053, 1337, 1149, 1047, 1706, 1783, 1126, 945, 1495, 1765, 1206, 1093, 1608, 1615, 1230, 985, 1291, 1553, 1217, 936, 1484, 1461, 947, 948, 1119, 1238, 976, 1004, 1302, 1271, 971, 847, 931, 1186, 1092, 1031, 1317, 1192, 890, 852, 1087, 1371, 1207, 998, 1190, 1120, 710, 753, 1101, 1244, 1096, 816, 1020, 913, 599, 600, 958, 1069, 856, 830, 913, 821, 748, 635, 907, 1071, 917, 739, 692, 776, 712, 555, 747, 886, 797, 697, 624, 737, 727, 627, 651, 692, 712, 539, 575, 549, 473, 447, 568, 586, 524, 632, 639, 488, 456, 519, 593, 520, 461, 563, 685, 660, 476, 469, 534, 523, 503, 616, 784, 766, 461, 508, 593, 632, 619]"
-0.9481244683265686,0.44302934408187866,-1.5888729095458984,-0.34401679039001465,0.10500544309616089,-0.6839624643325806,0.2745336592197418,-0.36177223920822144,-1.9595146179199219,15.25,-0.36177223920822144,-1.7061710357666016,17.0,-0.11043137311935425,-0.7957935333251953,17.25,-0.025172889232635498,-0.7876396179199219,21.75,0.015882790088653564,-0.7797718048095703,18.5,"[536, 607, 649, 569, 519, 575, 647, 603, 611, 608, 620, 622, 562, 588, 643, 596, 461, 515, 564, 510, 423, 539, 586, 498, 491, 504, 562, 490, 474, 538, 542, 518, 437, 509, 490, 472, 523, 543, 498, 439, 522, 506, 472, 530, 569, 478, 389, 434, 474, 452, 487, 531, 470, 539, 575, 561, 528, 497, 520, 528, 496, 461, 607, 614, 552, 521, 523, 620, 590, 572, 609, 616, 514, 550, 579, 629, 623, 627, 629, 509, 502, 527, 457, 433, 435, 564, 530, 413, 507, 429, 454, 464, 445, 439, 435, 472, 515, 433, 600, 561, 449, 477, 446, 539, 462, 536, 523, 515, 538, 576, 499, 471, 561, 593, 576, 578, 555, 540, 548, 517, 559, 442, 520, 600, 503, 483, 540, 595, 548, 504, 467, 509, 441, 440, 482, 516, 567, 524, 567, 575, 508, 500, 497, 567, 483, 556, 624, 566, 527, 489, 504, 558, 617, 585, 676, 708, 611, 525, 585, 656, 585, 583, 621, 617, 575, 578, 509, 588, 623, 576, 597, 640, 582, 595, 591, 642, 611, 574, 530, 601, 575, 581, 608, 651, 742, 767, 679, 595, 643, 619, 552, 620, 1017, 1543, 1271, 654, 722, 888, 1073, 742, 942, 1321, 1120, 704, 650, 904, 1058, 767, 658, 754, 624, 535, 497, 548, 600, 537, 601, 695, 753, 614, 538, 587, 593, 535, 481, 444, 579, 550, 546, 597, 581, 562, 684, 1020, 1019, 696, 781, 942, 818, 667, 1614, 2855, 2501, 1135, 1133, 1661, 1897, 1116, 2168, 3683, 3084, 1277, 1154, 1979, 2412, 1377, 1606, 2230, 1790, 945, 884, 1534, 1810, 1338, 4209, 7114, 5713, 2012, 1823, 4015, 5668, 3709, 6884, 10884, 8410, 2902, 2534, 5117, 7595, 5054, 5797, 8459, 6092, 1998, 2256, 3538, 4892, 3152, 2807, 3545, 2232, 924, 1253, 1506, 1720, 1125, 2591, 4935, 3955, 974, 1763, 2206, 2932, 1404, 4499, 8747, 7078, 1436, 2992, 3656, 4914, 2087, 3826, 7419, 5983, 1297, 2503, 2840, 4106, 1768, 2130, 3757, 2947, 763, 1383, 1410, 2061, 1049, 1747, 2766, 2065, 597, 953, 1235, 1462, 694, 2379, 3977, 3069, 929, 1087, 1616, 2119, 971, 2267, 3807, 2988, 1054, 1266, 1541, 2000, 987, 1940, 3234, 2522, 863, 1149, 1282, 1700, 908, 2116, 3276, 2488, 875, 1273, 1659, 1940, 1053, 1776, 2646, 1954, 740, 1068, 1426, 1624, 775, 904, 1329, 1078, 762, 956, 889, 895, 684, 840, 855, 744, 745, 761, 597, 646, 644, 749, 811, 835, 761, 672, 672, 661, 716, 606, 719, 846, 666, 710, 718, 630, 698, 744, 959, 1017, 780, 745, 789, 780, 894, 828, 877, 961, 906, 844, 884, 857, 842, 804, 1095, 1083, 722, 702, 814, 800, 685, 1214, 1724, 1336, 707, 1214, 1248, 916, 651, 1460, 1641, 1216, 818, 1144, 1136, 924, 803, 3457, 4129, 2187, 1131, 2204, 2050, 1664, 1064, 4133, 4896, 2730, 1459, 2650, 2437, 1675, 1369, 2456, 2783, 1532, 1023, 1581, 1583, 1096, 1018, 1090, 1337, 947, 770, 914, 877, 760, 636, 816, 913, 773, 670, 700, 720, 639, 625, 656, 737, 689, 597, 525, 644, 631, 544, 709, 646, 729, 681, 672, 615, 614, 654, 709, 706, 697, 720, 736, 671, 633, 607, 744, 864, 734, 711, 801, 717, 697, 678, 757, 766, 690, 635, 707, 701, 660, 689, 613, 661, 690, 655, 674, 695, 589, 638, 659, 718, 724, 616, 668, 715, 621, 610, 565, 633, 695, 557, 584, 602, 601, 627, 614, 611, 701, 624, 641, 616, 665, 716, 706, 748, 659, 561, 753, 706, 632, 644, 593, 795, 708, 596, 663, 738, 685, 584, 597, 729, 637, 601, 638, 672, 648, 551, 714, 867, 763, 647, 696, 743, 772, 640, 741, 851, 684, 507, 603, 674, 673, 652, 667, 731, 729, 604, 620, 715, 720, 596, 631, 892, 879, 624, 646, 800, 807, 634, 672, 911, 791, 571, 683, 755, 672, 600, 601, 764, 749, 643, 662, 730, 708, 619, 658, 636, 636, 618, 612, 679, 700, 636, 667, 633, 577, 622, 510, 627, 679, 604, 664, 679, 538, 567, 501, 653, 709, 558, 685, 674, 658, 635, 638, 647, 711, 671, 760, 756, 723, 709, 696, 739, 747, 721, 718, 781, 663, 610, 583, 738, 735, 622, 891, 783, 679, 667, 533, 717, 729, 763, 776, 774, 722, 784, 738, 727, 751, 702, 736, 696, 719, 781, 772, 670, 586, 615, 618, 571, 642, 672, 679, 644, 516, 600, 590, 631, 613, 543, 541, 563, 592, 607, 621, 653, 627, 596, 626, 627, 701, 732, 620, 662, 568, 503, 681, 687, 635, 639, 670, 732, 633, 514, 667, 741, 656, 661, 664, 759, 719, 658, 689, 669, 679, 714, 755, 767, 597, 580, 609, 676, 688, 609, 699, 720, 701, 706, 646, 632, 644, 598, 707, 714, 605, 703, 591, 542, 621, 636, 695, 713, 591, 565, 545, 622, 616, 577, 679, 693, 623, 599, 581, 621, 561, 550, 693, 704, 746, 623, 577, 747, 658, 623, 564, 630, 672, 650, 544, 677, 808, 701, 721, 716, 640, 694, 673, 636, 704, 676, 569, 617, 697, 720, 670, 586, 623, 612, 494, 573, 688, 657, 528, 524, 605, 568, 595, 874, 853, 541, 564, 660, 739, 672, 749, 973, 1027, 624, 644, 646, 943, 1004, 1074, 816, 936, 811, 627, 601, 1097, 1409, 1574, 1086, 2068, 1649, 734, 1021, 2240, 2702, 1697, 1346, 2645, 2025, 865, 1159, 2773, 3244, 1416, 1130, 1708, 1248, 972, 869, 1922, 2413, 1296, 804, 1434, 1041, 764, 768, 1636, 2117, 1432, 819, 1556, 1255, 828, 911, 1830, 2295, 957, 847, 1141, 1083, 760, 858, 1307, 1453, 812, 979, 980, 758, 703, 892, 956, 769, 1187, 856, 731, 753, 769, 818, 720, 1099, 898, 825, 948, 740, 720, 757, 1031, 1182, 707, 993, 1091, 788, 706, 901, 1203, 1066, 790, 936, 776, 668, 736, 1005, 1005, 657, 934, 901, 769, 716, 693, 1099, 985, 580, 720, 737, 827, 744, 558, 760, 707, 663, 682, 778, 781, 620, 554, 614, 672, 654, 716, 738, 677, 602, 588, 674, 766, 779, 575, 646, 637, 577, 508, 621, 820, 727, 571, 705, 709, 592, 508, 803, 881, 673, 563, 683, 687, 575, 569, 745, 700, 529, 552, 648, 583, 468, 542, 606, 581, 544, 508, 593, 556, 482, 413, 445, 635, 605, 449, 546, 504, 430, 347, 473, 612, 469]"
-0.9811534285545349,0.45352989435195923,-1.6572691202163696,-0.3165634274482727,0.0,0.0,0.0,-0.19946512579917908,1.1640071868896484,21.25,-0.19946512579917908,1.4070510864257812,16.25,-0.19946512579917908,1.4346599578857422,17.75,-0.19946512579917908,1.5479564666748047,16.25,-0.19946512579917908,1.5870094299316406,17.75,"[541, 631, 584, 651, 705, 652, 585, 629, 533, 509, 617, 640, 679, 722, 613, 610, 610, 571, 589, 545, 561, 650, 637, 615, 588, 525, 494, 497, 533, 589, 608, 567, 610, 484, 423, 476, 519, 497, 447, 559, 531, 463, 423, 464, 614, 601, 479, 519, 586, 514, 499, 529, 604, 594, 524, 549, 516, 513, 506, 503, 559, 530, 448, 471, 590, 507, 461, 464, 508, 562, 472, 483, 532, 504, 511, 555, 629, 564, 520, 506, 473, 468, 439, 482, 543, 506, 495, 491, 583, 536, 513, 487, 517, 590, 512, 546, 488, 423, 475, 489, 478, 487, 524, 529, 527, 523, 549, 472, 482, 555, 529, 528, 477, 461, 530, 487, 481, 474, 444, 494, 561, 494, 467, 542, 589, 584, 571, 572, 552, 495, 459, 484, 547, 613, 584, 552, 520, 487, 635, 635, 497, 593, 656, 626, 536, 557, 518, 496, 542, 626, 590, 539, 515, 519, 555, 502, 476, 581, 557, 531, 456, 622, 672, 563, 532, 526, 581, 564, 518, 621, 576, 499, 603, 671, 652, 580, 576, 617, 588, 599, 569, 523, 550, 569, 677, 715, 706, 619, 560, 553, 566, 575, 1414, 1989, 1522, 723, 957, 1133, 1222, 916, 1800, 2563, 1992, 912, 1147, 1537, 1729, 1243, 1173, 1369, 1245, 946, 925, 1209, 1249, 1055, 734, 788, 714, 645, 729, 767, 771, 735, 649, 659, 635, 566, 691, 729, 693, 650, 591, 755, 813, 689, 765, 809, 703, 584, 779, 1415, 1383, 876, 709, 821, 1063, 764, 955, 1840, 1670, 797, 763, 1330, 1889, 1468, 2290, 7727, 7524, 2907, 1750, 5386, 7878, 5062, 6024, 15618, 13817, 4556, 3130, 10225, 14373, 8020, 5909, 13749, 11658, 3508, 2602, 8281, 11835, 6367, 3304, 6958, 5823, 1796, 1428, 3914, 5533, 2931, 2262, 3661, 2835, 996, 1211, 2057, 2608, 1257, 2062, 2806, 1881, 785, 1342, 1345, 1577, 954, 1523, 2302, 1641, 714, 968, 1105, 1471, 877, 772, 1233, 1087, 671, 680, 685, 1043, 823, 1177, 1680, 1177, 596, 701, 972, 1148, 707, 1531, 2146, 1491, 658, 623, 1169, 1428, 762, 1466, 1877, 1250, 676, 711, 931, 1141, 792, 892, 1226, 1060, 668, 723, 836, 907, 652, 1653, 3379, 3142, 1333, 1251, 2120, 2454, 1365, 2292, 4828, 4499, 1807, 1468, 2615, 3381, 1892, 1555, 3109, 2835, 1229, 1063, 1593, 2103, 1286, 760, 1231, 1068, 601, 664, 804, 892, 695, 574, 745, 694, 581, 628, 655, 715, 644, 700, 922, 790, 571, 555, 681, 778, 629, 923, 1087, 902, 655, 657, 750, 831, 742, 2190, 3380, 2533, 577, 1639, 1756, 1327, 754, 5440, 8031, 5447, 1177, 4420, 3858, 2220, 1192, 5567, 7533, 4832, 2007, 5034, 4353, 2199, 1657, 6020, 7382, 4403, 2690, 5100, 4517, 2659, 2164, 6155, 7380, 4353, 2720, 4755, 3939, 2576, 2246, 5422, 6689, 3987, 2135, 4279, 3874, 2372, 1818, 4183, 5460, 3559, 1752, 3387, 3186, 2097, 1587, 1845, 2348, 1850, 1271, 1438, 1546, 1218, 1224, 1115, 1238, 1033, 777, 822, 938, 804, 959, 1043, 1073, 812, 623, 755, 717, 593, 754, 859, 922, 753, 616, 692, 665, 610, 580, 744, 920, 862, 613, 731, 685, 660, 655, 660, 893, 977, 695, 703, 783, 741, 684, 611, 892, 890, 638, 614, 691, 674, 599, 693, 911, 795, 624, 659, 684, 651, 557, 715, 796, 735, 603, 578, 630, 680, 657, 843, 1213, 1022, 584, 805, 905, 857, 617, 1225, 1751, 1343, 640, 996, 1234, 1195, 653, 920, 1227, 981, 546, 765, 894, 893, 598, 616, 706, 789, 657, 578, 642, 736, 669, 679, 674, 702, 705, 682, 797, 731, 654, 556, 655, 660, 602, 604, 726, 691, 591, 644, 781, 747, 574, 567, 616, 612, 613, 723, 837, 746, 686, 667, 617, 599, 611, 784, 753, 566, 624, 708, 639, 566, 660, 669, 601, 565, 502, 657, 647, 607, 592, 682, 753, 697, 606, 645, 689, 633, 607, 650, 713, 781, 684, 676, 671, 634, 660, 558, 719, 737, 550, 668, 676, 669, 642, 545, 710, 739, 518, 619, 615, 648, 624, 629, 788, 739, 631, 674, 677, 623, 538, 660, 696, 592, 573, 712, 725, 612, 557, 710, 629, 562, 607, 661, 650, 643, 718, 667, 572, 566, 546, 508, 553, 626, 685, 605, 583, 570, 476, 466, 575, 692, 676, 617, 529, 625, 559, 486, 579, 732, 776, 705, 628, 634, 562, 462, 698, 757, 732, 546, 605, 584, 574, 529, 641, 693, 573, 565, 703, 698, 591, 558, 644, 647, 572, 589, 623, 560, 581, 613, 643, 574, 557, 636, 737, 675, 607, 633, 598, 522, 553, 664, 635, 613, 640, 577, 517, 607, 619, 736, 671, 620, 607, 601, 654, 614, 658, 704, 765, 692, 518, 544, 694, 650, 564, 609, 672, 616, 532, 545, 617, 640, 580, 516, 654, 635, 498, 534, 696, 727, 569, 590, 614, 661, 702, 683, 649, 701, 672, 658, 657, 679, 704, 706, 669, 651, 661, 618, 690, 655, 630, 579, 649, 672, 589, 616, 674, 688, 635, 695, 684, 709, 674, 699, 608, 620, 635, 612, 564, 654, 706, 671, 751, 665, 570, 575, 594, 649, 658, 709, 746, 748, 594, 629, 709, 731, 738, 768, 791, 755, 580, 610, 638, 763, 769, 902, 1021, 918, 735, 667, 738, 946, 754, 1076, 1342, 1007, 708, 719, 877, 1046, 794, 1064, 884, 988, 991, 735, 761, 1244, 1361, 1164, 1030, 1618, 1297, 739, 1000, 2003, 2167, 1247, 1339, 2249, 1809, 874, 1047, 2068, 2388, 1603, 1288, 2808, 2612, 1039, 1272, 2012, 2569, 1700, 1060, 2449, 2234, 859, 1274, 1613, 2391, 1227, 938, 1552, 1423, 688, 880, 1083, 1553, 1037, 944, 1073, 960, 695, 815, 775, 1096, 955, 1023, 1154, 863, 673, 917, 917, 1062, 844, 1061, 1192, 841, 605, 918, 1014, 921, 902, 1144, 1071, 816, 595, 771, 960, 915, 1133, 1717, 1461, 870, 751, 1131, 1519, 1089, 845, 1269, 1107, 777, 655, 1074, 1324, 844, 696, 818, 875, 868, 752, 786, 800, 731, 907, 874, 896, 765, 494, 720, 656, 733, 1047, 934, 819, 797, 479, 865, 895, 869, 720, 670, 649, 662, 552, 575, 579, 683, 645, 650, 599, 572, 552, 571, 579, 542, 497, 609, 569, 580, 484, 526, 555, 441, 557, 548, 526, 560, 457, 542, 590, 505, 467, 426, 496, 590, 497, 516, 474, 453, 477, 546, 612, 625, 543, 611, 552, 461]"
-0.5167584419250488,0.0,0.0,0.0,0.0,0.0,0.0,0.5849661231040955,0.03647804260253906,17.25,0.6105722784996033,0.11143684387207031,17.5,0.631743848323822,0.07653236389160156,16.25,0.6826700568199158,0.0,17.5,0.7145704627037048,0.07996559143066406,15.0,"[464, 603, 700, 601, 497, 600, 702, 607, 523, 613, 599, 522, 483, 542, 670, 572, 541, 599, 511, 477, 478, 589, 577, 460, 487, 456, 471, 474, 497, 491, 474, 494, 426, 502, 571, 480, 442, 452, 423, 474, 517, 496, 534, 537, 489, 538, 532, 531, 505, 509, 467, 464, 586, 641, 561, 458, 565, 559, 502, 562, 549, 535, 520, 518, 470, 414, 461, 454, 465, 449, 443, 477, 535, 478, 479, 422, 469, 466, 455, 515, 494, 531, 565, 527, 515, 535, 527, 477, 585, 586, 536, 526, 552, 603, 579, 489, 591, 603, 560, 482, 538, 519, 504, 558, 611, 543, 590, 624, 555, 520, 484, 570, 507, 515, 576, 578, 585, 590, 521, 558, 585, 515, 491, 573, 588, 592, 536, 580, 619, 537, 445, 551, 563, 486, 551, 562, 569, 558, 498, 604, 654, 518, 482, 482, 445, 482, 606, 690, 605, 613, 572, 526, 594, 530, 640, 636, 560, 625, 626, 615, 538, 548, 572, 584, 537, 569, 533, 527, 647, 641, 608, 546, 509, 558, 547, 575, 602, 705, 637, 493, 618, 709, 646, 560, 648, 740, 721, 637, 694, 766, 665, 521, 478, 517, 614, 495, 503, 600, 612, 551, 554, 649, 689, 636, 637, 602, 649, 590, 1051, 1444, 1083, 657, 751, 966, 1053, 727, 1872, 2671, 1947, 824, 1134, 1676, 1714, 914, 1446, 2098, 1565, 767, 1123, 1552, 1675, 929, 863, 889, 820, 750, 917, 1113, 917, 713, 906, 951, 1060, 1582, 1150, 1294, 2165, 1884, 1398, 2057, 2199, 2776, 1768, 2558, 4821, 4092, 1692, 2878, 3811, 3490, 1610, 3450, 6060, 4900, 2410, 2950, 3861, 4003, 2323, 3353, 6113, 5202, 2391, 3319, 3320, 4287, 2568, 4408, 7442, 5852, 1605, 3263, 2667, 3166, 1662, 4151, 6646, 4770, 918, 1818, 1386, 1510, 921, 2513, 3577, 2414, 1047, 1661, 1653, 1015, 987, 1892, 1849, 1000, 1063, 2154, 2155, 1027, 1106, 1747, 1506, 867, 825, 1721, 1964, 1203, 790, 1320, 1619, 1269, 853, 2087, 2235, 1431, 781, 1851, 2641, 1821, 1434, 2907, 2392, 1131, 992, 2732, 3412, 1830, 1510, 2488, 1811, 833, 1014, 2243, 2589, 1297, 1149, 1911, 1558, 734, 879, 1484, 1852, 1176, 1023, 1710, 1373, 650, 816, 1453, 1795, 1067, 686, 1102, 942, 526, 733, 1049, 1157, 739, 721, 788, 732, 648, 826, 905, 712, 681, 659, 684, 697, 639, 657, 811, 725, 614, 622, 730, 650, 534, 657, 733, 631, 460, 654, 661, 526, 519, 731, 727, 602, 524, 639, 693, 662, 664, 735, 739, 667, 590, 580, 706, 675, 610, 620, 637, 615, 548, 540, 713, 659, 584, 637, 599, 570, 537, 539, 669, 721, 663, 687, 721, 685, 578, 777, 864, 737, 812, 987, 1002, 885, 692, 1027, 1074, 808, 814, 1101, 1088, 861, 778, 1252, 1812, 1610, 933, 1322, 1788, 1463, 834, 2432, 3454, 2795, 1464, 2167, 2748, 2161, 1272, 2991, 3756, 2542, 1407, 2229, 2417, 1941, 1460, 1838, 1838, 1110, 952, 1251, 1258, 980, 1122, 871, 766, 693, 676, 775, 775, 673, 880, 808, 904, 938, 750, 672, 823, 804, 773, 703, 910, 970, 835, 608, 808, 1017, 850, 605, 732, 807, 780, 633, 717, 895, 731, 565, 643, 751, 732, 573, 694, 820, 596, 565, 639, 721, 721, 612, 669, 848, 758, 570, 646, 648, 620, 654, 590, 652, 736, 725, 784, 788, 671, 582, 745, 748, 738, 743, 762, 700, 538, 599, 817, 786, 680, 685, 823, 763, 622, 615, 870, 826, 625, 634, 739, 708, 602, 578, 617, 732, 640, 602, 617, 629, 661, 597, 619, 675, 596, 586, 611, 689, 700, 587, 578, 620, 546, 614, 654, 591, 597, 641, 565, 550, 516, 624, 606, 614, 618, 653, 652, 609, 591, 620, 585, 653, 658, 594, 622, 664, 659, 673, 583, 626, 691, 668, 697, 701, 679, 594, 595, 657, 687, 649, 761, 749, 630, 528, 586, 555, 570, 562, 602, 635, 542, 547, 566, 704, 734, 552, 658, 738, 636, 635, 673, 831, 786, 734, 870, 848, 722, 769, 768, 772, 722, 855, 871, 702, 712, 713, 625, 583, 562, 544, 555, 645, 672, 621, 581, 648, 548, 561, 646, 670, 671, 632, 623, 614, 542, 651, 680, 569, 593, 619, 646, 627, 619, 663, 631, 546, 587, 679, 638, 742, 666, 571, 574, 517, 644, 650, 623, 669, 598, 635, 638, 589, 623, 534, 609, 626, 562, 589, 764, 684, 568, 586, 595, 604, 637, 667, 756, 721, 696, 561, 582, 599, 591, 637, 725, 608, 571, 626, 634, 592, 602, 626, 746, 625, 573, 655, 581, 529, 549, 559, 609, 609, 635, 703, 607, 555, 611, 713, 667, 604, 729, 751, 626, 736, 749, 740, 650, 616, 799, 709, 588, 610, 755, 796, 685, 543, 720, 640, 522, 609, 702, 680, 639, 575, 674, 599, 550, 543, 589, 662, 579, 511, 585, 623, 654, 626, 560, 557, 560, 575, 534, 712, 672, 575, 632, 686, 639, 608, 672, 733, 601, 524, 582, 700, 738, 626, 695, 679, 602, 601, 656, 746, 770, 767, 755, 664, 648, 581, 582, 561, 608, 729, 719, 590, 614, 589, 542, 572, 667, 651, 646, 585, 603, 677, 659, 697, 672, 531, 596, 602, 585, 655, 666, 720, 641, 647, 729, 587, 497, 528, 635, 745, 681, 670, 711, 660, 528, 798, 835, 603, 728, 984, 926, 801, 627, 891, 886, 554, 874, 1459, 1373, 911, 620, 720, 834, 790, 713, 1198, 1292, 668, 637, 697, 770, 676, 639, 924, 834, 554, 660, 732, 788, 672, 733, 812, 703, 600, 625, 639, 636, 609, 680, 693, 630, 563, 577, 706, 671, 585, 643, 710, 673, 663, 626, 624, 676, 578, 629, 815, 746, 598, 532, 611, 629, 594, 615, 666, 679, 588, 663, 721, 652, 528, 640, 658, 612, 668, 700, 604, 510, 569, 616, 626, 612, 586, 551, 537, 508, 495, 602, 655, 591, 626, 677, 661, 572, 486, 578, 684, 651, 505, 620, 709, 690, 558, 548, 615, 559, 524, 618, 840, 765, 584, 625, 745, 702, 616, 574, 665, 612, 566, 612, 536, 603, 581, 552, 522, 525, 583, 640, 549, 472, 463, 515, 513, 514, 517, 557, 537, 417, 513, 533, 521, 469, 472, 569, 503, 446, 600, 572, 658, 587, 572, 656, 565, 502, 510, 535, 649, 609, 498, 478, 527, 595]"
-0.6630644202232361,0.043599583208560944,-0.026905544102191925,-0.3061211407184601,-0.026590794324874878,-0.017911262810230255,-0.3351214826107025,-0.3505362272262573,1.1818885803222656,17.5,0.3950463533401489,0.4803657531738281,21.5,0.3987656831741333,-0.4848003387451172,23.5,0.5674229860305786,0.8889198303222656,22.5,0.7642613649368286,-0.16565322875976562,21.75,"[530, 603, 653, 683, 667, 682, 654, 604, 550, 532, 624, 689, 691, 621, 570, 606, 537, 548, 602, 714, 747, 638, 589, 576, 483, 569, 565, 562, 533, 547, 590, 514, 464, 453, 488, 501, 513, 468, 514, 524, 519, 508, 525, 534, 551, 558, 574, 551, 591, 582, 519, 478, 575, 539, 486, 517, 551, 598, 545, 512, 473, 455, 551, 579, 474, 540, 479, 432, 484, 524, 544, 456, 559, 567, 566, 588, 546, 511, 559, 510, 599, 499, 483, 619, 594, 495, 488, 562, 513, 567, 535, 529, 482, 494, 605, 603, 415, 488, 566, 473, 513, 594, 524, 397, 451, 530, 532, 507, 499, 512, 525, 490, 546, 518, 492, 538, 569, 522, 471, 528, 608, 570, 565, 633, 663, 613, 571, 621, 618, 563, 585, 678, 596, 419, 553, 651, 516, 525, 546, 597, 580, 512, 532, 501, 526, 447, 490, 582, 531, 460, 563, 541, 475, 515, 593, 567, 514, 560, 681, 584, 618, 589, 562, 500, 555, 640, 611, 565, 595, 555, 538, 531, 563, 660, 550, 579, 623, 567, 640, 569, 519, 607, 638, 682, 595, 540, 652, 606, 498, 657, 674, 637, 549, 537, 591, 500, 538, 619, 568, 597, 646, 607, 540, 529, 630, 626, 580, 598, 594, 601, 587, 591, 638, 608, 642, 612, 589, 678, 588, 541, 543, 611, 616, 564, 508, 654, 592, 545, 544, 596, 578, 399, 558, 649, 657, 684, 599, 692, 701, 464, 641, 671, 625, 565, 556, 732, 679, 593, 555, 642, 579, 533, 650, 718, 666, 561, 498, 590, 643, 661, 654, 632, 678, 614, 1346, 708, 1115, 1694, 1480, 715, 1607, 1969, 3764, 845, 2271, 5500, 5320, 1485, 5217, 6672, 5050, 2193, 2083, 6550, 7578, 4238, 6597, 8262, 3468, 3643, 3016, 3706, 5027, 6063, 7734, 6257, 1511, 3560, 4072, 2567, 1819, 3808, 4840, 3499, 1896, 3069, 4623, 4528, 2114, 2094, 3469, 2932, 2106, 3773, 4270, 3300, 1803, 2856, 4508, 3192, 2425, 5532, 5117, 2708, 1670, 4621, 6368, 4062, 1724, 4637, 4560, 2691, 1107, 4290, 5854, 3836, 851, 2111, 2401, 1753, 678, 1965, 2980, 2141, 949, 1273, 1152, 993, 764, 1041, 1118, 766, 1259, 1814, 1293, 794, 785, 1919, 2278, 1262, 1204, 1965, 1576, 1053, 814, 2398, 3275, 2221, 1119, 1424, 1319, 1024, 699, 1569, 2144, 1736, 864, 1010, 903, 800, 669, 1080, 1223, 935, 670, 780, 770, 696, 625, 878, 1098, 822, 1056, 1218, 938, 740, 816, 1262, 1374, 911, 1150, 1304, 963, 832, 955, 1333, 1369, 963, 846, 954, 719, 656, 827, 1011, 1000, 744, 595, 681, 682, 666, 686, 698, 754, 735, 604, 619, 630, 607, 638, 621, 664, 721, 682, 690, 642, 554, 633, 658, 719, 740, 598, 613, 617, 568, 603, 627, 661, 565, 610, 638, 667, 629, 665, 717, 673, 664, 834, 1370, 1289, 748, 772, 901, 1196, 924, 1608, 2908, 2503, 1031, 1115, 1551, 2002, 1227, 2256, 3666, 2921, 1154, 1349, 2007, 2281, 1395, 2297, 3225, 2626, 1317, 1236, 1908, 1910, 1495, 2498, 3846, 3776, 1901, 1618, 2674, 2474, 1870, 2430, 4003, 3981, 1951, 1828, 2808, 2519, 1912, 1485, 2159, 2353, 1418, 1261, 1837, 1637, 1270, 767, 1086, 1135, 804, 780, 1043, 1053, 860, 961, 1036, 1082, 962, 750, 1065, 1092, 837, 1086, 1137, 1281, 974, 825, 1328, 1177, 904, 863, 936, 1014, 771, 800, 1145, 867, 716, 667, 744, 919, 776, 590, 793, 796, 669, 601, 672, 729, 603, 484, 765, 780, 641, 538, 649, 521, 615, 714, 671, 704, 578, 691, 764, 644, 745, 841, 717, 642, 588, 645, 646, 627, 657, 694, 645, 571, 601, 699, 711, 655, 610, 599, 609, 633, 664, 677, 715, 667, 612, 664, 675, 653, 634, 612, 603, 550, 557, 569, 600, 608, 602, 714, 661, 580, 561, 570, 614, 553, 594, 721, 704, 637, 595, 589, 754, 717, 640, 715, 699, 528, 609, 635, 745, 782, 701, 678, 636, 648, 643, 608, 728, 806, 766, 663, 617, 564, 617, 533, 686, 741, 595, 637, 721, 686, 620, 581, 714, 719, 598, 593, 584, 599, 596, 640, 601, 595, 662, 482, 506, 571, 602, 482, 521, 648, 609, 575, 561, 629, 614, 498, 531, 616, 634, 634, 652, 667, 614, 612, 587, 593, 639, 619, 624, 562, 536, 536, 558, 609, 589, 551, 644, 616, 511, 473, 535, 556, 518, 548, 651, 746, 657, 517, 576, 589, 571, 661, 706, 671, 656, 602, 611, 628, 661, 572, 583, 586, 714, 627, 606, 645, 623, 674, 584, 636, 742, 731, 722, 709, 613, 664, 548, 563, 794, 779, 638, 634, 640, 676, 605, 523, 689, 669, 544, 593, 675, 677, 688, 554, 621, 571, 578, 547, 553, 668, 629, 488, 461, 505, 611, 587, 512, 564, 448, 493, 502, 453, 487, 495, 542, 656, 602, 575, 553, 538, 584, 540, 594, 577, 530, 493, 510, 630, 672, 554, 520, 567, 568, 592, 593, 567, 607, 618, 613, 550, 531, 582, 610, 531, 488, 515, 543, 616, 572, 626, 653, 643, 626, 549, 614, 576, 506, 566, 607, 627, 596, 566, 593, 537, 655, 655, 620, 620, 617, 639, 608, 566, 588, 532, 599, 659, 592, 618, 651, 600, 595, 651, 648, 516, 575, 679, 648, 597, 566, 608, 545, 521, 641, 684, 573, 563, 492, 636, 644, 524, 610, 811, 778, 735, 525, 594, 556, 611, 640, 736, 859, 870, 595, 675, 645, 723, 715, 915, 1086, 814, 548, 786, 881, 681, 654, 1049, 1108, 702, 556, 760, 823, 682, 691, 934, 940, 533, 565, 660, 638, 588, 577, 698, 686, 569, 522, 594, 675, 537, 559, 620, 637, 700, 625, 589, 612, 649, 616, 644, 701, 779, 752, 548, 571, 666, 634, 691, 810, 758, 749, 620, 596, 653, 598, 669, 726, 715, 659, 732, 656, 584, 596, 645, 730, 500, 543, 557, 534, 503, 550, 619, 566, 571, 556, 544, 558, 501, 543, 609, 533, 572, 519, 537, 547, 422, 565, 601, 546, 585, 537, 655, 617, 479, 574, 653, 651, 446, 578, 683, 520, 475, 615, 588, 554, 457, 487, 617, 557, 485, 575, 568, 541, 484, 492, 503, 476, 424, 448, 499, 469, 516, 488, 450, 519, 465, 416, 521, 524, 604, 607, 547, 533, 551, 497, 516, 505, 587, 613, 643, 592, 449, 404, 525, 559]"
-0.14911620318889618,0.7114894986152649,0.367084801197052,0.5015433430671692,1.0145996809005737,1.0189732313156128,1.0025182962417603,-0.16276764869689941,0.128173828125,18.25,-0.08981156349182129,-0.08640289306640625,24.5,-0.011562585830688477,-0.04405975341796875,24.25,0.07298064231872559,-0.18110275268554688,24.25,0.11861395835876465,0.7684707641601562,16.25,"[600, 604, 621, 606, 534, 609, 624, 605, 506, 528, 587, 619, 562, 551, 559, 556, 490, 582, 644, 580, 511, 584, 592, 526, 532, 525, 582, 597, 577, 504, 498, 543, 578, 447, 485, 532, 508, 465, 565, 670, 523, 428, 472, 460, 433, 407, 537, 629, 437, 452, 451, 450, 464, 498, 474, 422, 461, 491, 508, 516, 576, 565, 554, 562, 485, 491, 498, 505, 473, 488, 447, 419, 511, 481, 481, 618, 523, 439, 506, 511, 520, 461, 496, 587, 510, 500, 556, 483, 629, 576, 434, 482, 539, 592, 570, 572, 582, 568, 504, 466, 559, 544, 442, 534, 547, 546, 536, 588, 497, 521, 493, 513, 560, 630, 652, 596, 526, 505, 622, 674, 627, 576, 614, 554, 476, 530, 562, 617, 542, 495, 609, 563, 456, 430, 469, 571, 558, 608, 609, 592, 543, 552, 592, 561, 617, 641, 557, 550, 642, 663, 641, 545, 627, 612, 575, 549, 564, 586, 562, 586, 642, 549, 584, 600, 541, 556, 544, 620, 625, 552, 567, 601, 533, 551, 543, 595, 539, 575, 480, 571, 603, 547, 547, 493, 436, 537, 546, 557, 537, 564, 628, 490, 501, 493, 539, 576, 482, 523, 551, 509, 479, 481, 545, 614, 529, 513, 537, 460, 579, 518, 620, 666, 577, 596, 496, 508, 658, 566, 581, 656, 614, 575, 585, 573, 621, 585, 523, 562, 508, 598, 690, 582, 615, 724, 621, 626, 548, 625, 694, 576, 586, 673, 638, 603, 612, 624, 639, 653, 602, 646, 607, 592, 639, 610, 567, 625, 479, 588, 652, 670, 618, 591, 610, 568, 614, 660, 670, 604, 617, 657, 624, 583, 610, 616, 612, 563, 571, 628, 590, 572, 988, 712, 774, 926, 1047, 700, 958, 1147, 2651, 707, 2146, 3867, 3329, 732, 3644, 4521, 4672, 1206, 5095, 8308, 6016, 1894, 8665, 9486, 3988, 1969, 5823, 8593, 5246, 3310, 10007, 9703, 2591, 3420, 4651, 6334, 3257, 5421, 10182, 8222, 3691, 6110, 5365, 6308, 4171, 8802, 13963, 10682, 5336, 10731, 9615, 7458, 5641, 12788, 19239, 14325, 4644, 12364, 11742, 7233, 4514, 13990, 20252, 14083, 3532, 7708, 7323, 4442, 2874, 8668, 11773, 7940, 3337, 5542, 4252, 2508, 2602, 6470, 7375, 3649, 2015, 3521, 2839, 1706, 1507, 3992, 4922, 2822, 929, 935, 1106, 1123, 829, 1283, 1987, 1692, 1877, 2614, 1820, 865, 1385, 2730, 2686, 1164, 1992, 3165, 2291, 1016, 1410, 3244, 3487, 1373, 1120, 1643, 1268, 808, 730, 1743, 1957, 998, 868, 925, 781, 744, 659, 1037, 1189, 839, 778, 801, 664, 664, 656, 927, 936, 672, 635, 636, 596, 696, 634, 734, 723, 623, 604, 616, 653, 614, 632, 589, 665, 759, 631, 677, 675, 601, 674, 734, 653, 660, 610, 651, 654, 589, 595, 681, 703, 621, 577, 655, 670, 559, 577, 640, 613, 605, 544, 566, 555, 520, 574, 495, 542, 539, 715, 805, 748, 602, 683, 747, 662, 605, 1398, 1922, 1563, 748, 973, 1348, 1295, 757, 1795, 2769, 2180, 853, 1196, 1548, 1712, 861, 1153, 1704, 1675, 1020, 831, 1159, 1218, 1048, 2602, 1985, 2554, 1936, 1155, 2087, 1883, 2658, 3663, 2863, 3212, 2363, 1583, 2839, 2242, 3256, 2562, 1938, 2391, 2125, 1263, 2050, 1497, 2298, 1177, 1237, 1945, 1611, 817, 1434, 1366, 1396, 1255, 1375, 1376, 1126, 919, 1189, 1248, 1116, 1257, 1285, 1347, 1445, 1063, 946, 1337, 1258, 1030, 1083, 1082, 1254, 887, 933, 1249, 1054, 870, 855, 808, 884, 709, 886, 1043, 892, 712, 866, 794, 686, 753, 800, 843, 726, 648, 752, 676, 563, 682, 705, 768, 689, 531, 539, 490, 523, 574, 667, 747, 646, 632, 689, 640, 658, 654, 718, 742, 656, 720, 798, 680, 628, 626, 684, 734, 664, 719, 678, 756, 728, 616, 666, 811, 827, 825, 713, 729, 795, 723, 709, 706, 723, 706, 710, 687, 676, 747, 727, 652, 554, 680, 687, 640, 656, 858, 773, 581, 610, 636, 654, 694, 728, 786, 761, 737, 798, 665, 714, 771, 761, 719, 698, 753, 789, 678, 659, 731, 638, 614, 587, 633, 764, 635, 691, 718, 617, 613, 615, 590, 607, 744, 810, 757, 755, 755, 743, 680, 608, 628, 639, 673, 650, 679, 744, 742, 611, 571, 552, 668, 707, 662, 620, 737, 733, 541, 596, 700, 697, 653, 684, 759, 712, 573, 569, 680, 730, 631, 546, 708, 725, 603, 672, 675, 650, 610, 621, 625, 573, 601, 702, 618, 596, 684, 634, 566, 524, 606, 612, 664, 673, 657, 619, 602, 599, 626, 641, 667, 782, 719, 715, 711, 666, 663, 622, 578, 602, 639, 632, 657, 705, 631, 685, 657, 676, 658, 618, 673, 629, 575, 692, 605, 576, 605, 615, 591, 530, 594, 592, 606, 571, 534, 542, 601, 571, 516, 564, 573, 496, 465, 583, 616, 529, 493, 570, 614, 565, 548, 605, 693, 604, 588, 534, 576, 641, 616, 667, 665, 584, 535, 552, 608, 651, 545, 551, 572, 528, 577, 554, 556, 607, 574, 492, 574, 666, 549, 546, 599, 710, 612, 579, 699, 650, 616, 629, 688, 759, 669, 670, 682, 633, 693, 698, 765, 718, 580, 634, 621, 592, 624, 573, 683, 668, 475, 535, 585, 630, 607, 487, 535, 594, 528, 504, 591, 634, 476, 499, 652, 656, 580, 650, 670, 621, 599, 474, 616, 728, 688, 646, 656, 701, 594, 675, 610, 590, 697, 840, 771, 572, 693, 735, 748, 752, 770, 855, 923, 815, 688, 658, 628, 624, 669, 717, 831, 871, 603, 639, 525, 495, 590, 765, 781, 609, 533, 537, 600, 586, 563, 763, 839, 658, 574, 516, 699, 739, 628, 666, 841, 786, 717, 607, 661, 776, 714, 646, 835, 901, 748, 718, 763, 696, 627, 669, 833, 846, 722, 688, 719, 628, 603, 581, 728, 807, 695, 623, 511, 600, 575, 519, 602, 692, 594, 605, 579, 561, 563, 582, 629, 640, 564, 658, 555, 520, 575, 530, 636, 582, 537, 565, 549, 584, 602, 550, 597, 624, 633, 505, 513, 576, 614, 594, 604, 611, 469, 487, 486, 407, 488, 522, 456, 434, 456, 543, 500, 483, 500, 449, 483, 427, 387, 485, 482, 484, 441, 434, 553, 440, 385, 540, 542, 380, 450, 461, 608, 552, 434, 486, 563, 501, 450, 377, 534, 591, 448, 439, 442, 420, 418, 452, 530, 526]"
1.2594157457351685,-0.40708115696907043,-0.42728888988494873,0.1285061091184616,-1.30384361743927,-0.6658750772476196,-0.4968791604042053,-0.40841424465179443,1.4333724975585938,21.75,-0.3491910696029663,1.4277935028076172,18.0,-0.251487135887146,1.5113353729248047,20.25,-0.04806840419769287,1.315927505493164,18.25,-0.02117478847503662,1.2778759002685547,28.0,"[448, 520, 586, 618, 617, 612, 579, 524, 474, 567, 560, 547, 562, 561, 653, 589, 482, 577, 592, 574, 540, 542, 636, 613, 462, 505, 563, 568, 545, 487, 501, 516, 362, 446, 557, 552, 497, 468, 484, 501, 469, 482, 585, 505, 472, 483, 450, 471, 502, 487, 481, 497, 436, 459, 499, 539, 565, 544, 510, 557, 566, 477, 491, 559, 459, 483, 448, 453, 543, 554, 547, 506, 502, 482, 519, 496, 557, 568, 577, 612, 638, 562, 574, 596, 606, 575, 574, 634, 653, 652, 539, 518, 649, 562, 473, 622, 580, 528, 470, 467, 548, 532, 506, 535, 514, 525, 520, 564, 510, 484, 589, 596, 467, 483, 522, 553, 526, 486, 487, 502, 584, 654, 616, 507, 563, 616, 576, 476, 517, 639, 611, 504, 503, 605, 636, 567, 480, 530, 623, 564, 507, 458, 568, 616, 404, 480, 552, 461, 372, 487, 553, 497, 420, 519, 590, 473, 392, 472, 547, 501, 456, 521, 613, 599, 492, 560, 558, 516, 535, 582, 618, 586, 502, 512, 584, 606, 606, 645, 569, 508, 533, 464, 493, 537, 601, 593, 574, 480, 533, 547, 478, 540, 586, 487, 506, 594, 574, 507, 519, 611, 551, 446, 489, 572, 582, 465, 498, 621, 555, 453, 511, 622, 615, 529, 433, 594, 522, 450, 491, 528, 497, 518, 465, 521, 574, 529, 528, 534, 565, 521, 436, 504, 541, 558, 496, 453, 483, 513, 447, 557, 567, 588, 593, 547, 539, 541, 531, 561, 458, 533, 564, 519, 502, 500, 462, 474, 549, 586, 524, 523, 549, 589, 509, 500, 606, 657, 638, 588, 597, 669, 663, 639, 626, 653, 634, 565, 658, 677, 655, 609, 524, 587, 605, 649, 608, 573, 577, 544, 532, 559, 568, 635, 619, 556, 559, 494, 514, 517, 536, 592, 473, 501, 634, 590, 588, 467, 492, 591, 543, 482, 553, 641, 564, 483, 562, 593, 590, 534, 585, 607, 480, 490, 476, 522, 588, 602, 609, 509, 552, 545, 532, 536, 542, 600, 586, 531, 604, 687, 689, 605, 502, 641, 638, 542, 541, 636, 704, 578, 518, 497, 618, 578, 548, 594, 614, 535, 554, 521, 538, 579, 564, 568, 498, 540, 610, 561, 480, 511, 546, 691, 587, 535, 641, 688, 581, 501, 578, 627, 672, 678, 660, 653, 593, 565, 664, 568, 593, 647, 664, 631, 509, 627, 567, 623, 619, 602, 516, 573, 629, 554, 526, 584, 570, 523, 468, 533, 594, 579, 573, 610, 598, 551, 595, 535, 545, 565, 622, 761, 687, 622, 674, 561, 620, 518, 617, 714, 697, 613, 682, 666, 648, 645, 627, 611, 607, 646, 705, 626, 601, 639, 588, 610, 671, 679, 639, 620, 620, 655, 706, 611, 578, 587, 618, 616, 576, 648, 669, 619, 585, 538, 627, 611, 592, 598, 659, 633, 588, 573, 590, 546, 489, 574, 677, 656, 659, 646, 615, 611, 593, 635, 923, 1014, 1022, 766, 773, 898, 1320, 1307, 2647, 1940, 2613, 1769, 1716, 1960, 4228, 4705, 4142, 2233, 3854, 2733, 2657, 2499, 6326, 7381, 2316, 1855, 2893, 2260, 1810, 1924, 4704, 4997, 6311, 4692, 6078, 4123, 3990, 4819, 10141, 11075, 10023, 6305, 9695, 7520, 6689, 6653, 15875, 17970, 6275, 4356, 7680, 6539, 4510, 4565, 11544, 12595, 2094, 3838, 5133, 3375, 1501, 3108, 6183, 5637, 1421, 3361, 3451, 1957, 914, 2254, 3132, 1960, 1128, 1729, 2094, 1476, 934, 1086, 1817, 1757, 1733, 1965, 3052, 2388, 1284, 1404, 3176, 3539, 1897, 2758, 3936, 2729, 1136, 1975, 4265, 4257, 1157, 2238, 2776, 1749, 791, 1436, 2720, 2504, 822, 1319, 1564, 1027, 617, 945, 1617, 1500, 923, 1196, 1470, 1115, 761, 925, 1578, 1597, 728, 895, 1166, 874, 636, 772, 1220, 1308, 610, 636, 706, 723, 515, 636, 875, 878, 689, 662, 571, 727, 591, 663, 777, 699, 731, 722, 662, 737, 653, 629, 839, 765, 832, 892, 818, 722, 644, 689, 869, 863, 821, 998, 857, 692, 715, 666, 819, 804, 1227, 1713, 1374, 873, 795, 1150, 1223, 790, 1770, 2613, 2442, 1942, 1025, 1962, 2114, 1372, 1701, 2301, 2932, 3040, 1179, 2227, 2901, 1808, 2009, 2740, 2900, 2691, 1513, 2231, 2945, 1743, 2057, 2700, 2609, 2048, 1714, 1547, 2045, 1773, 2234, 2729, 2239, 1542, 1743, 1842, 1591, 1511, 1458, 1680, 1452, 984, 1083, 1386, 1039, 872, 1118, 1227, 1040, 758, 865, 958, 863, 722, 1280, 1413, 1254, 989, 1068, 1012, 937, 998, 1152, 1212, 1088, 984, 874, 837, 905, 1013, 925, 795, 955, 1032, 843, 790, 890, 911, 757, 669, 820, 872, 704, 811, 868, 820, 699, 705, 782, 776, 677, 772, 837, 728, 622, 723, 692, 672, 615, 690, 715, 660, 714, 746, 646, 570, 600, 767, 734, 591, 664, 787, 747, 653, 617, 794, 805, 609, 627, 717, 700, 669, 650, 730, 705, 642, 631, 686, 798, 785, 675, 640, 616, 575, 625, 712, 787, 883, 743, 641, 651, 588, 561, 704, 768, 820, 741, 681, 759, 693, 623, 682, 757, 765, 662, 612, 770, 698, 712, 777, 708, 681, 699, 732, 724, 699, 768, 684, 705, 644, 711, 738, 734, 811, 732, 615, 722, 696, 598, 698, 993, 972, 820, 645, 809, 904, 634, 786, 1130, 1165, 811, 679, 738, 725, 631, 750, 858, 883, 744, 672, 703, 664, 772, 827, 682, 707, 847, 604, 678, 725, 784, 664, 704, 861, 953, 530, 765, 884, 762, 518, 799, 1107, 826, 622, 837, 773, 694, 627, 921, 1093, 651, 616, 801, 727, 595, 598, 757, 802, 627, 574, 778, 705, 648, 598, 680, 778, 639, 577, 722, 624, 615, 642, 621, 709, 654, 637, 624, 546, 521, 581, 553, 596, 634, 553, 676, 680, 546, 522, 569, 668, 604, 691, 761, 638, 531, 593, 598, 587, 576, 728, 676, 549, 526, 580, 564, 534, 522, 532, 552, 660, 620, 591, 634, 602, 593, 562, 523, 552, 592, 657, 661, 616, 489, 471, 469, 499, 402, 482, 617, 598, 488, 486, 530, 528, 451, 471, 632, 617, 540, 450, 491, 492, 474, 499, 524, 520, 433, 424, 425, 426, 379, 393, 472, 446, 468, 495, 485, 450, 469, 514, 481, 466, 490, 574, 583, 490, 525, 546, 516, 451, 430, 473, 563, 532, 484, 556, 495, 468, 528, 526, 521, 539, 541, 527, 526, 559]"
1.1867733001708984,-0.5611606240272522,-0.3798357844352722,-0.10513997077941895,-1.3658032417297363,-0.5380550026893616,-0.7119174003601074,-1.2034460306167603,1.5398025512695312,20.5,-0.6800218820571899,1.535797119140625,20.75,-0.24128401279449463,1.3275146484375,22.5,0.3164724111557007,1.8869876861572266,18.0,0.47282731533050537,1.68914794921875,18.25,"[413, 609, 649, 652, 710, 651, 649, 607, 508, 561, 577, 650, 687, 675, 664, 620, 504, 533, 538, 565, 544, 554, 563, 495, 489, 564, 546, 539, 576, 547, 543, 451, 412, 457, 437, 440, 485, 452, 446, 474, 471, 487, 502, 438, 531, 548, 450, 477, 574, 568, 499, 544, 583, 594, 509, 463, 572, 488, 527, 563, 515, 425, 500, 568, 595, 554, 527, 576, 560, 437, 418, 525, 646, 663, 554, 610, 620, 500, 570, 572, 572, 574, 542, 550, 541, 515, 529, 529, 561, 574, 520, 545, 578, 584, 479, 486, 498, 545, 463, 546, 555, 526, 478, 477, 506, 545, 543, 637, 663, 551, 570, 557, 538, 571, 580, 578, 508, 513, 593, 557, 488, 529, 469, 517, 467, 544, 570, 451, 557, 572, 526, 593, 607, 608, 529, 474, 562, 628, 548, 492, 495, 540, 431, 448, 584, 619, 529, 495, 573, 547, 455, 429, 509, 438, 483, 515, 495, 493, 450, 477, 485, 527, 559, 524, 518, 490, 551, 558, 538, 598, 560, 549, 541, 484, 516, 501, 514, 563, 535, 522, 515, 553, 620, 540, 460, 481, 495, 557, 543, 553, 603, 545, 537, 539, 576, 659, 619, 502, 534, 549, 581, 583, 621, 692, 683, 568, 548, 574, 567, 519, 587, 596, 564, 549, 588, 602, 569, 487, 555, 531, 500, 512, 592, 641, 534, 498, 543, 572, 483, 507, 617, 564, 476, 506, 539, 520, 535, 529, 571, 512, 531, 662, 652, 546, 463, 569, 576, 513, 530, 632, 568, 502, 448, 595, 613, 510, 578, 620, 600, 532, 520, 606, 606, 574, 525, 510, 640, 662, 551, 538, 636, 577, 569, 554, 619, 608, 546, 561, 632, 622, 488, 524, 578, 543, 486, 533, 566, 539, 630, 553, 529, 556, 674, 625, 564, 642, 553, 583, 619, 531, 572, 582, 496, 588, 495, 541, 624, 575, 422, 479, 538, 585, 552, 626, 622, 582, 567, 533, 588, 527, 578, 629, 577, 571, 590, 638, 533, 484, 554, 504, 533, 577, 571, 608, 524, 522, 567, 516, 464, 594, 633, 590, 571, 631, 584, 514, 475, 548, 600, 543, 525, 594, 629, 630, 515, 585, 677, 613, 534, 543, 693, 660, 558, 591, 695, 752, 649, 575, 639, 720, 677, 660, 664, 703, 676, 615, 594, 616, 616, 587, 517, 564, 622, 598, 509, 591, 601, 524, 530, 595, 595, 587, 544, 612, 595, 542, 591, 584, 568, 502, 617, 571, 624, 659, 625, 532, 447, 519, 581, 577, 564, 638, 600, 526, 628, 568, 570, 584, 606, 617, 519, 564, 621, 535, 695, 638, 593, 662, 563, 587, 661, 634, 608, 568, 577, 578, 608, 549, 537, 554, 561, 527, 545, 580, 592, 619, 572, 613, 554, 491, 467, 444, 519, 580, 528, 591, 567, 537, 526, 461, 551, 569, 558, 562, 712, 653, 574, 615, 588, 597, 688, 704, 1413, 1427, 1574, 1044, 917, 1389, 2482, 2470, 3372, 2452, 3537, 2151, 2117, 2421, 5546, 6235, 3728, 1780, 3029, 2277, 2373, 1683, 4718, 6025, 1941, 870, 1513, 1519, 1370, 927, 1867, 2673, 4578, 2296, 5230, 4360, 2354, 1922, 6305, 7898, 8203, 4728, 9991, 7734, 4142, 3356, 11799, 14667, 6051, 4226, 7596, 5701, 2919, 3098, 8888, 10592, 2688, 1995, 2858, 2230, 1428, 1637, 2958, 3355, 2570, 2553, 4560, 3484, 1420, 1801, 4584, 5280, 2851, 4551, 7290, 4840, 1463, 3099, 7687, 8046, 2610, 5311, 7937, 5039, 1388, 3544, 8289, 8298, 2164, 5060, 7377, 4520, 1128, 3566, 8058, 7825, 1481, 3209, 4288, 2639, 955, 2685, 5219, 4715, 1057, 1410, 1798, 1313, 900, 1338, 2040, 1972, 811, 928, 922, 757, 709, 825, 1037, 1053, 734, 700, 714, 693, 619, 694, 778, 749, 711, 652, 807, 849, 684, 706, 764, 804, 629, 610, 818, 744, 568, 601, 650, 739, 649, 678, 696, 729, 694, 635, 686, 729, 670, 761, 747, 793, 696, 662, 716, 708, 923, 1442, 1549, 1251, 820, 792, 1012, 1009, 2147, 4175, 4566, 3123, 1596, 1982, 2378, 2032, 3796, 7320, 7686, 5076, 2272, 3534, 3888, 3274, 3509, 6543, 7013, 4835, 1982, 3455, 3832, 3059, 2177, 3705, 4099, 2936, 1324, 2484, 2871, 1824, 1279, 1377, 1192, 1115, 916, 1459, 1449, 1091, 1241, 1080, 1183, 1185, 1017, 1034, 1091, 1272, 1143, 1069, 1050, 1125, 1033, 1010, 997, 973, 997, 838, 819, 1010, 973, 857, 816, 807, 907, 754, 983, 1127, 969, 832, 967, 943, 951, 893, 1141, 1288, 986, 806, 1081, 1176, 990, 899, 1042, 1164, 889, 784, 890, 963, 850, 810, 892, 950, 737, 807, 943, 853, 635, 664, 734, 656, 530, 655, 731, 723, 728, 727, 761, 664, 587, 605, 787, 813, 732, 730, 793, 731, 668, 641, 702, 755, 689, 726, 722, 559, 714, 690, 683, 731, 730, 903, 827, 661, 713, 724, 769, 703, 748, 911, 867, 660, 664, 656, 711, 706, 566, 674, 707, 641, 647, 567, 640, 688, 538, 554, 598, 551, 633, 640, 637, 583, 467, 508, 618, 639, 593, 631, 672, 610, 534, 563, 558, 634, 568, 583, 663, 635, 595, 522, 633, 746, 632, 507, 672, 686, 577, 509, 704, 726, 607, 592, 657, 652, 570, 580, 670, 642, 546, 538, 541, 598, 584, 644, 730, 680, 596, 585, 663, 640, 663, 667, 803, 856, 732, 590, 721, 788, 693, 713, 828, 818, 746, 632, 679, 729, 698, 619, 561, 659, 671, 609, 601, 653, 657, 618, 611, 631, 666, 652, 738, 754, 615, 638, 725, 647, 667, 677, 737, 700, 611, 591, 694, 651, 678, 685, 612, 671, 658, 570, 535, 607, 605, 599, 646, 673, 642, 667, 667, 598, 550, 708, 715, 680, 628, 700, 746, 683, 635, 647, 635, 629, 561, 575, 724, 791, 657, 551, 592, 591, 638, 557, 629, 749, 698, 582, 610, 607, 780, 654, 690, 703, 635, 674, 724, 726, 833, 781, 985, 809, 669, 702, 935, 1081, 638, 760, 1105, 877, 535, 631, 1109, 1137, 535, 803, 1000, 691, 503, 655, 956, 927, 568, 663, 771, 625, 531, 563, 686, 676, 492, 473, 501, 508, 494, 520, 532, 487, 567, 510, 559, 590, 567, 552, 494, 528, 502, 472, 485, 485, 460, 554, 567, 548, 582, 610, 636, 519, 428, 531, 601, 646, 478, 536, 566, 535, 485, 467, 448, 464, 420, 457, 461, 505, 435, 375, 455, 425]"
1.1971524953842163,-0.5711387395858765,-0.44768452644348145,-0.07923544943332672,-1.0955411195755005,-0.4868987798690796,-0.5161248445510864,-0.09134769439697266,1.1481285095214844,25.25,-0.05343914031982422,0.9990692138671875,20.75,-0.04199504852294922,1.1531352996826172,20.0,0.4639768600463867,1.091766357421875,15.5,0.47670841217041016,1.0974884033203125,16.25,"[581, 609, 581, 562, 613, 562, 581, 611, 508, 627, 606, 520, 580, 610, 605, 601, 567, 617, 592, 509, 568, 632, 550, 524, 601, 594, 576, 616, 658, 650, 627, 606, 514, 484, 500, 568, 568, 465, 504, 538, 506, 564, 573, 580, 575, 633, 627, 467, 496, 454, 487, 586, 543, 553, 507, 428, 425, 395, 428, 498, 468, 544, 537, 420, 409, 469, 572, 528, 427, 521, 604, 541, 449, 518, 537, 496, 419, 488, 531, 481, 491, 498, 513, 502, 461, 495, 529, 531, 637, 581, 610, 609, 578, 531, 589, 649, 557, 537, 499, 549, 485, 471, 547, 508, 626, 525, 547, 586, 516, 540, 555, 576, 551, 555, 526, 484, 518, 578, 554, 512, 534, 521, 580, 512, 494, 535, 562, 576, 579, 547, 586, 588, 538, 477, 488, 570, 686, 617, 609, 589, 569, 506, 547, 679, 630, 594, 607, 565, 533, 513, 563, 675, 533, 538, 580, 527, 489, 539, 595, 620, 515, 542, 546, 568, 547, 511, 575, 605, 594, 566, 564, 517, 519, 520, 615, 650, 636, 636, 671, 569, 539, 587, 622, 629, 602, 564, 535, 591, 573, 606, 582, 562, 472, 441, 425, 449, 503, 517, 499, 478, 549, 532, 532, 559, 503, 454, 488, 592, 513, 546, 463, 532, 599, 521, 445, 499, 672, 627, 511, 607, 689, 617, 550, 592, 611, 626, 476, 416, 579, 588, 522, 511, 535, 489, 501, 518, 603, 607, 543, 582, 581, 549, 585, 660, 602, 507, 553, 653, 491, 643, 583, 590, 562, 527, 642, 561, 497, 560, 548, 570, 603, 530, 578, 546, 563, 474, 562, 635, 600, 552, 581, 584, 566, 515, 570, 581, 609, 628, 579, 564, 568, 526, 548, 530, 666, 670, 538, 533, 533, 494, 543, 488, 524, 529, 478, 506, 545, 524, 577, 597, 616, 618, 553, 559, 548, 538, 655, 593, 672, 662, 524, 607, 498, 529, 610, 564, 561, 623, 610, 485, 561, 517, 523, 548, 497, 523, 556, 584, 627, 572, 511, 615, 601, 549, 617, 667, 529, 537, 575, 522, 507, 549, 595, 618, 567, 565, 664, 659, 552, 537, 578, 605, 525, 627, 679, 551, 488, 512, 557, 516, 562, 586, 628, 551, 500, 592, 658, 590, 627, 597, 512, 458, 594, 589, 523, 584, 664, 562, 524, 596, 607, 615, 626, 615, 619, 559, 610, 614, 518, 523, 624, 659, 709, 569, 651, 712, 699, 613, 672, 782, 746, 621, 612, 589, 619, 597, 632, 745, 591, 580, 658, 663, 621, 563, 549, 644, 565, 561, 595, 594, 559, 562, 572, 622, 602, 525, 545, 677, 616, 547, 556, 667, 561, 516, 602, 527, 525, 630, 617, 614, 572, 569, 613, 500, 544, 561, 476, 512, 572, 674, 631, 493, 510, 650, 602, 494, 735, 846, 826, 661, 738, 810, 1098, 1026, 1456, 1167, 1348, 1044, 1189, 1402, 2183, 2297, 1932, 1420, 1759, 1545, 1547, 1639, 2831, 3132, 1937, 1078, 1510, 1438, 1367, 1114, 2067, 2722, 4694, 1748, 4003, 3631, 2641, 1599, 4709, 6840, 7504, 3005, 7484, 6498, 4511, 2737, 9261, 12292, 5178, 2807, 5187, 4933, 3401, 2614, 6829, 8535, 2502, 1930, 2813, 2451, 1666, 1633, 3131, 3652, 1886, 1970, 2986, 2397, 1107, 1379, 2793, 3134, 1511, 1931, 2701, 1961, 906, 1428, 2520, 2572, 2234, 3460, 4691, 3057, 1321, 2613, 5336, 5189, 2299, 4550, 6326, 4054, 1368, 3170, 6690, 6471, 1339, 2802, 3774, 2366, 876, 2062, 3965, 3625, 1036, 1938, 2497, 1611, 826, 1579, 2805, 2501, 774, 1232, 1701, 1185, 756, 1021, 1641, 1587, 769, 937, 1070, 859, 723, 729, 902, 957, 882, 830, 760, 827, 841, 669, 546, 777, 670, 610, 748, 705, 684, 692, 579, 727, 691, 728, 776, 742, 629, 619, 638, 682, 1014, 1466, 1226, 653, 882, 824, 713, 616, 1107, 2207, 2244, 1114, 1074, 1354, 1201, 957, 1290, 2297, 2472, 1462, 1104, 1537, 1383, 1294, 1198, 1759, 2046, 1653, 831, 1134, 1191, 1315, 1675, 1977, 2408, 2222, 949, 1991, 2014, 1314, 1852, 2144, 2224, 1932, 1030, 2222, 2229, 1165, 1559, 1999, 1626, 1129, 1097, 1559, 1741, 1130, 1655, 2007, 1363, 978, 1045, 1443, 1622, 1140, 1408, 1592, 1157, 1212, 941, 1348, 1596, 1151, 1201, 1138, 1148, 1293, 1084, 1208, 1209, 941, 903, 947, 935, 1029, 936, 891, 887, 789, 643, 821, 780, 615, 645, 645, 726, 659, 710, 975, 952, 705, 685, 726, 744, 667, 858, 909, 948, 858, 758, 695, 699, 720, 792, 817, 799, 737, 730, 798, 740, 678, 826, 804, 821, 765, 783, 788, 776, 732, 628, 589, 618, 634, 628, 642, 667, 647, 601, 701, 690, 606, 641, 707, 702, 674, 579, 730, 811, 565, 647, 786, 791, 657, 704, 780, 764, 611, 707, 768, 714, 699, 668, 668, 587, 532, 732, 696, 579, 704, 629, 665, 647, 523, 761, 771, 612, 634, 624, 658, 700, 559, 565, 702, 673, 691, 591, 749, 743, 542, 481, 722, 734, 571, 526, 731, 826, 590, 541, 716, 727, 553, 621, 630, 681, 592, 564, 673, 671, 667, 744, 646, 653, 724, 608, 614, 725, 797, 846, 602, 734, 852, 758, 701, 1016, 1133, 907, 714, 1035, 1015, 793, 644, 1158, 1371, 810, 717, 928, 874, 770, 748, 938, 1022, 631, 698, 743, 680, 615, 611, 654, 642, 687, 722, 671, 627, 674, 670, 714, 693, 790, 736, 809, 878, 829, 681, 942, 1073, 811, 762, 776, 882, 759, 777, 1049, 1136, 782, 770, 708, 764, 799, 700, 941, 955, 686, 610, 765, 790, 672, 711, 782, 813, 686, 635, 671, 664, 701, 812, 702, 677, 716, 663, 666, 711, 716, 649, 636, 678, 811, 727, 737, 765, 680, 670, 883, 952, 1219, 1066, 1382, 1128, 841, 980, 1661, 1880, 1158, 1406, 1913, 1297, 796, 1249, 2475, 2483, 853, 1320, 1685, 1093, 778, 1072, 2014, 1931, 604, 893, 1090, 802, 645, 652, 1102, 1078, 597, 567, 580, 493, 514, 578, 613, 584, 579, 534, 556, 477, 471, 486, 582, 604, 502, 555, 617, 463, 420, 564, 662, 578, 571, 574, 570, 460, 532, 569, 553, 617, 550, 604, 597, 562, 565, 508, 536, 534, 403, 413, 502, 572, 451, 387, 477, 476, 373, 374, 446, 515, 427, 369, 414, 396, 372, 436, 429, 402, 444, 433, 445, 363, 484, 464, 539, 504, 421, 481, 432, 479]"
1.0657668113708496,-0.9795656800270081,-0.5886641144752502,-0.39701664447784424,-1.240024447441101,-0.567177951335907,-0.7060455083847046,-1.0109151601791382,1.4958858489990234,20.5,-0.6873334646224976,1.3109207153320312,15.5,-0.6243909597396851,1.3867378234863281,24.25,0.158241868019104,0.8165359497070312,20.5,0.7775102853775024,-0.1400470733642578,16.25,"[689, 724, 698, 663, 715, 665, 704, 724, 515, 620, 568, 568, 626, 512, 559, 608, 454, 461, 474, 606, 618, 516, 523, 569, 478, 454, 519, 547, 510, 538, 593, 563, 469, 453, 524, 550, 504, 497, 465, 460, 534, 561, 633, 573, 577, 568, 548, 554, 571, 602, 658, 632, 553, 584, 511, 526, 537, 482, 567, 517, 470, 500, 535, 542, 532, 529, 520, 443, 485, 645, 587, 479, 560, 502, 523, 482, 612, 711, 586, 503, 530, 554, 594, 549, 609, 601, 596, 563, 478, 499, 565, 581, 508, 465, 551, 516, 474, 557, 513, 454, 466, 527, 480, 475, 546, 510, 474, 535, 574, 553, 448, 485, 645, 580, 432, 535, 627, 573, 514, 536, 486, 478, 469, 557, 576, 550, 548, 544, 480, 494, 462, 451, 508, 549, 519, 455, 588, 532, 562, 624, 518, 577, 596, 563, 487, 465, 573, 567, 481, 550, 600, 589, 531, 591, 515, 510, 533, 668, 622, 503, 545, 578, 526, 489, 486, 530, 571, 552, 532, 542, 600, 563, 480, 477, 627, 620, 454, 445, 593, 644, 563, 456, 587, 582, 516, 491, 535, 537, 536, 524, 566, 563, 450, 535, 568, 523, 477, 590, 578, 540, 595, 590, 612, 533, 537, 554, 452, 519, 483, 540, 548, 532, 516, 468, 519, 550, 532, 495, 573, 584, 494, 454, 507, 543, 549, 491, 530, 513, 536, 458, 469, 497, 550, 598, 572, 567, 537, 534, 525, 499, 510, 550, 598, 615, 465, 547, 538, 487, 486, 514, 597, 617, 504, 479, 521, 502, 545, 574, 599, 628, 535, 545, 586, 510, 584, 682, 592, 580, 564, 614, 607, 520, 654, 619, 584, 600, 630, 626, 558, 575, 662, 642, 653, 624, 577, 617, 512, 561, 466, 458, 558, 541, 446, 485, 509, 437, 488, 442, 534, 576, 491, 474, 556, 575, 587, 524, 534, 614, 555, 496, 584, 577, 572, 573, 597, 638, 637, 560, 541, 582, 549, 502, 557, 545, 587, 485, 516, 657, 511, 554, 577, 523, 526, 533, 605, 619, 513, 520, 568, 619, 586, 622, 597, 530, 591, 601, 541, 552, 610, 607, 614, 573, 567, 542, 543, 604, 598, 593, 592, 606, 582, 528, 556, 600, 649, 611, 686, 718, 588, 618, 525, 523, 645, 635, 592, 554, 636, 660, 510, 488, 547, 615, 623, 565, 716, 1081, 1127, 826, 600, 1123, 1694, 1393, 2163, 3009, 3815, 2496, 1479, 3161, 6152, 5678, 3678, 4497, 6251, 4006, 2361, 4494, 9683, 9406, 2765, 2984, 4273, 2833, 1794, 2765, 6301, 6379, 2006, 1502, 2545, 2095, 1141, 1158, 3018, 3614, 1551, 2021, 2997, 2237, 987, 1441, 3063, 3176, 1857, 1832, 2202, 1948, 1316, 1533, 2737, 2931, 2792, 3002, 3236, 2495, 2074, 2863, 4782, 4594, 3783, 5472, 6842, 4515, 2802, 4629, 8790, 8246, 3291, 5053, 6134, 3889, 2249, 3720, 6964, 6115, 1753, 3319, 3465, 2017, 1065, 2089, 3176, 2378, 1376, 3044, 3592, 2097, 926, 2004, 3543, 3081, 1797, 6089, 6775, 3339, 1115, 3314, 5948, 4621, 2857, 10301, 11149, 5303, 1571, 4986, 9012, 6775, 2773, 9780, 10619, 5123, 1501, 4711, 8622, 6590, 1819, 5858, 6298, 3054, 1061, 3198, 5710, 4363, 1174, 3190, 3225, 1566, 778, 2075, 3267, 2336, 838, 1653, 1470, 844, 599, 1153, 1562, 1000, 824, 995, 863, 682, 612, 773, 851, 736, 803, 814, 726, 656, 688, 768, 768, 783, 707, 735, 693, 682, 662, 761, 776, 726, 765, 823, 681, 600, 700, 777, 696, 668, 793, 1057, 976, 685, 698, 825, 618, 583, 829, 1094, 1083, 769, 763, 819, 616, 648, 961, 1719, 1867, 1203, 963, 1285, 1129, 914, 1732, 2611, 2908, 1972, 1560, 2212, 1986, 1699, 3034, 3466, 3493, 2973, 2638, 2902, 3029, 2849, 3457, 3451, 3229, 3403, 3035, 3033, 3483, 3139, 3375, 3840, 3810, 3724, 3187, 2854, 3233, 3086, 3442, 5054, 5136, 3827, 2669, 2486, 2891, 3014, 2163, 3884, 4174, 2672, 1570, 1751, 1953, 2031, 1196, 1693, 1933, 1278, 1010, 1089, 1015, 1105, 1004, 1402, 1383, 870, 810, 873, 889, 840, 885, 1151, 1120, 757, 773, 874, 860, 810, 1088, 1119, 1203, 939, 846, 803, 898, 938, 1038, 1095, 1022, 816, 767, 752, 824, 876, 821, 819, 833, 745, 671, 716, 792, 831, 746, 928, 1011, 735, 586, 723, 945, 891, 640, 839, 872, 840, 670, 689, 797, 825, 707, 768, 794, 810, 735, 663, 692, 696, 746, 840, 766, 658, 723, 703, 704, 667, 873, 1018, 860, 610, 672, 744, 816, 779, 753, 859, 825, 621, 627, 635, 703, 751, 722, 771, 725, 629, 652, 719, 694, 632, 596, 653, 654, 638, 610, 566, 675, 627, 692, 713, 702, 656, 545, 672, 779, 683, 575, 686, 713, 614, 528, 692, 715, 561, 624, 644, 697, 723, 619, 652, 666, 626, 565, 628, 755, 696, 570, 633, 688, 582, 678, 575, 698, 701, 577, 624, 627, 680, 562, 636, 649, 539, 616, 671, 599, 596, 563, 697, 739, 675, 712, 745, 696, 551, 565, 715, 870, 842, 700, 708, 777, 614, 603, 700, 802, 792, 668, 649, 699, 648, 621, 670, 718, 633, 587, 670, 736, 650, 659, 664, 580, 635, 668, 672, 799, 713, 598, 623, 557, 665, 697, 641, 704, 649, 647, 618, 754, 810, 762, 631, 762, 737, 718, 654, 803, 818, 833, 635, 798, 973, 697, 620, 745, 787, 733, 587, 777, 923, 651, 528, 600, 554, 627, 710, 677, 721, 674, 575, 684, 704, 740, 702, 774, 825, 764, 787, 771, 694, 684, 753, 1092, 1122, 707, 941, 953, 790, 667, 785, 1031, 1024, 616, 897, 907, 706, 592, 770, 921, 764, 612, 862, 962, 802, 639, 702, 970, 845, 636, 1031, 1041, 761, 575, 774, 1070, 960, 580, 894, 926, 786, 604, 793, 1089, 920, 560, 609, 689, 617, 537, 682, 754, 633, 574, 475, 633, 665, 488, 516, 715, 727, 581, 604, 704, 685, 502, 553, 678, 690, 460, 581, 743, 650, 451, 618, 748, 577, 486, 530, 588, 551, 504, 525, 644, 601, 534, 471, 556, 550, 467, 537, 641, 643, 514, 584, 583, 548, 470, 598, 714, 620, 522, 553, 472, 486, 524, 623, 634, 501, 511, 473, 456, 480, 497, 491, 510, 433, 397, 481, 533, 476, 445, 461, 463, 411, 438, 412, 454, 526, 431, 448, 535, 513, 453, 490, 421, 426, 392, 439, 565, 517]"
0.8451101183891296,-1.2479894161224365,-0.4293191730976105,-0.8900766372680664,-1.5305960178375244,-0.37186533212661743,-1.2446668148040771,-0.3355090618133545,1.1424064636230469,18.0,-0.132948637008667,0.9411334991455078,23.75,0.16903233528137207,1.6622543334960938,21.0,0.2458508014678955,0.0,22.75,0.2896244525909424,-0.10685920715332031,16.75,"[524, 679, 718, 606, 607, 600, 713, 685, 497, 586, 617, 582, 581, 623, 697, 609, 497, 520, 524, 475, 566, 630, 615, 537, 536, 487, 568, 554, 463, 492, 523, 545, 456, 467, 573, 535, 435, 470, 570, 554, 484, 513, 519, 549, 488, 461, 553, 558, 540, 515, 502, 543, 573, 526, 543, 607, 630, 543, 549, 559, 588, 509, 547, 617, 529, 601, 546, 459, 529, 481, 536, 564, 527, 576, 488, 477, 529, 537, 593, 494, 572, 698, 618, 554, 582, 569, 628, 503, 517, 540, 526, 546, 464, 438, 522, 533, 525, 518, 531, 531, 515, 564, 579, 560, 529, 575, 577, 606, 582, 514, 642, 566, 519, 536, 562, 581, 580, 496, 505, 519, 554, 511, 514, 591, 607, 569, 597, 561, 626, 479, 469, 537, 506, 567, 594, 617, 542, 569, 505, 473, 529, 487, 509, 558, 547, 611, 586, 530, 570, 597, 538, 492, 497, 633, 662, 529, 623, 606, 621, 614, 475, 572, 646, 634, 595, 615, 648, 580, 563, 541, 484, 556, 543, 490, 606, 582, 595, 559, 584, 649, 610, 502, 532, 561, 624, 621, 683, 674, 598, 546, 646, 696, 643, 531, 529, 654, 571, 572, 543, 556, 705, 566, 482, 600, 632, 548, 468, 591, 592, 546, 577, 546, 492, 527, 538, 615, 508, 469, 559, 512, 514, 533, 522, 466, 613, 494, 572, 546, 498, 500, 462, 556, 559, 580, 602, 478, 528, 584, 501, 495, 502, 520, 539, 450, 489, 595, 571, 486, 543, 509, 585, 594, 541, 584, 617, 639, 592, 486, 493, 585, 560, 539, 578, 654, 597, 513, 497, 497, 527, 543, 550, 607, 541, 544, 605, 550, 524, 556, 615, 593, 578, 618, 702, 628, 553, 603, 682, 621, 514, 611, 639, 607, 541, 616, 607, 509, 555, 560, 548, 634, 597, 585, 606, 547, 556, 447, 448, 578, 541, 468, 463, 530, 635, 500, 563, 667, 597, 524, 543, 624, 566, 469, 562, 591, 563, 619, 591, 537, 517, 606, 617, 550, 549, 625, 559, 533, 499, 653, 622, 541, 593, 631, 664, 544, 748, 858, 768, 688, 665, 812, 1050, 895, 1410, 2410, 2934, 1889, 1060, 2563, 4671, 4075, 2905, 4058, 5793, 3703, 1965, 4140, 8964, 8540, 2951, 3489, 5303, 3514, 2082, 3307, 7768, 7792, 1539, 2073, 2741, 1802, 1194, 2047, 4026, 3852, 961, 1240, 1738, 1337, 774, 1060, 1942, 1888, 1344, 2201, 3424, 2352, 900, 1570, 3652, 3756, 2104, 3066, 4372, 2792, 1155, 2324, 5053, 5060, 2226, 2668, 3241, 2211, 1209, 2176, 3827, 3752, 3385, 3186, 4505, 3370, 1767, 2792, 5618, 6124, 3144, 3476, 5185, 3577, 1730, 3096, 6642, 6956, 1934, 2046, 2936, 2247, 1291, 1994, 3790, 3975, 1416, 1631, 2246, 1659, 913, 1303, 2334, 2494, 2827, 3964, 3444, 1811, 1609, 2064, 2826, 2543, 5285, 8971, 8019, 3500, 2862, 4431, 6432, 4875, 5607, 10288, 9810, 4560, 3104, 5592, 8583, 6570, 3482, 6362, 6465, 3375, 1898, 3999, 6407, 5241, 1645, 2351, 2788, 1855, 1114, 1933, 3088, 2824, 990, 1935, 2487, 1641, 857, 1447, 2128, 1900, 1106, 2101, 2393, 1463, 949, 1546, 2084, 1843, 974, 1769, 1797, 1161, 878, 1443, 1826, 1462, 823, 1191, 1220, 959, 724, 957, 1237, 999, 625, 865, 943, 844, 710, 643, 872, 830, 562, 835, 852, 669, 582, 630, 739, 611, 728, 1156, 1104, 669, 722, 782, 761, 580, 1143, 1698, 1467, 711, 1030, 1047, 808, 702, 2106, 2916, 2078, 988, 1510, 1489, 1218, 1102, 4200, 5164, 4441, 2729, 2371, 2790, 2537, 2382, 5992, 8483, 8330, 5666, 3611, 4969, 4468, 4385, 5820, 10284, 10414, 6263, 3837, 5796, 5160, 4971, 3750, 7250, 7376, 4292, 2584, 3907, 3680, 3448, 2324, 4195, 4502, 2629, 1505, 2230, 2261, 1888, 1930, 3166, 2798, 1389, 1338, 1750, 1770, 1283, 1453, 2220, 1808, 916, 1033, 1268, 1341, 949, 973, 1195, 1017, 761, 785, 790, 886, 871, 938, 1094, 970, 933, 895, 874, 866, 929, 1167, 1289, 1141, 1004, 1044, 1117, 1002, 936, 1093, 1312, 1136, 894, 967, 1008, 942, 837, 1021, 1124, 834, 756, 841, 824, 861, 696, 893, 823, 782, 857, 703, 729, 750, 682, 875, 739, 794, 821, 766, 681, 659, 843, 776, 699, 804, 828, 700, 678, 787, 882, 830, 719, 802, 835, 733, 789, 906, 953, 891, 740, 780, 763, 717, 737, 859, 876, 840, 778, 699, 665, 685, 724, 750, 702, 773, 724, 651, 657, 691, 640, 609, 666, 741, 768, 716, 660, 616, 592, 665, 701, 728, 791, 777, 658, 656, 682, 643, 667, 691, 815, 788, 692, 743, 829, 728, 651, 656, 729, 779, 696, 755, 786, 716, 615, 845, 727, 725, 733, 735, 713, 665, 750, 918, 936, 803, 748, 862, 847, 685, 710, 847, 812, 666, 802, 878, 754, 661, 640, 659, 595, 486, 709, 642, 494, 593, 638, 546, 486, 612, 667, 535, 478, 614, 689, 582, 595, 663, 616, 591, 488, 514, 682, 630, 648, 699, 672, 638, 606, 587, 674, 574, 623, 745, 686, 589, 619, 591, 560, 572, 636, 711, 662, 624, 493, 594, 697, 587, 657, 871, 725, 651, 612, 973, 990, 804, 810, 1110, 975, 755, 808, 1573, 1582, 829, 781, 1123, 1141, 911, 885, 1649, 1658, 724, 700, 945, 1054, 830, 919, 1369, 1322, 675, 687, 940, 920, 645, 855, 1307, 1215, 825, 719, 955, 818, 627, 884, 1333, 1323, 905, 832, 936, 800, 645, 750, 1157, 1242, 961, 1036, 1050, 913, 760, 917, 1085, 1030, 822, 823, 969, 938, 718, 927, 979, 856, 713, 736, 782, 713, 711, 864, 772, 757, 677, 716, 641, 585, 670, 711, 770, 795, 627, 777, 721, 653, 654, 738, 853, 747, 571, 746, 835, 752, 569, 769, 943, 756, 707, 739, 692, 771, 778, 755, 789, 814, 728, 807, 691, 720, 800, 718, 797, 819, 697, 697, 684, 634, 716, 702, 683, 752, 606, 555, 548, 554, 584, 648, 622, 605, 634, 776, 641, 587, 549, 666, 742, 571, 745, 938, 728, 511, 637, 907, 857, 554, 638, 814, 711, 487, 624, 754, 772, 603, 505, 681, 638, 415, 483, 596, 583, 541, 522, 572, 531, 452, 562, 623, 541, 477, 482, 494, 519, 459, 473, 516, 469, 448, 445, 474, 447, 413, 421, 415, 464, 450, 504, 648, 607, 473, 444, 459, 567, 558, 407, 569, 588, 458, 385, 394, 522, 525]"
0.6446062922477722,-1.7293957471847534,-0.400451123714447,-1.1291358470916748,-1.6976563930511475,-0.21871988475322723,-1.2244616746902466,-0.4706968665122986,0.9861946105957031,17.75,-0.13981956243515015,-0.5763530731201172,17.75,-0.009499967098236084,0.32629966735839844,19.0,0.03212791681289673,-0.8853435516357422,18.25,0.0896344780921936,0.16307830810546875,19.25,"[476, 546, 661, 620, 498, 619, 661, 543, 554, 674, 661, 685, 686, 717, 735, 613, 568, 469, 517, 538, 536, 607, 633, 616, 492, 495, 464, 481, 460, 470, 482, 517, 525, 510, 542, 557, 518, 583, 506, 459, 530, 523, 563, 525, 476, 503, 492, 513, 506, 595, 524, 462, 493, 502, 440, 380, 616, 560, 428, 496, 556, 461, 426, 489, 560, 541, 520, 597, 556, 454, 472, 533, 604, 519, 503, 611, 620, 516, 535, 597, 553, 502, 549, 673, 593, 515, 501, 490, 634, 555, 560, 625, 581, 548, 520, 587, 529, 520, 581, 590, 501, 582, 565, 546, 561, 603, 509, 557, 563, 545, 527, 506, 480, 481, 560, 577, 501, 505, 515, 514, 510, 559, 621, 592, 468, 520, 587, 517, 505, 556, 580, 490, 374, 424, 497, 479, 549, 586, 585, 529, 450, 570, 619, 554, 685, 603, 562, 543, 581, 624, 680, 714, 558, 562, 590, 572, 578, 552, 626, 656, 595, 588, 573, 560, 524, 476, 527, 615, 579, 533, 553, 547, 506, 470, 492, 553, 698, 575, 573, 599, 583, 629, 555, 594, 677, 626, 546, 537, 698, 699, 604, 556, 539, 566, 532, 515, 521, 561, 515, 514, 526, 582, 534, 493, 537, 543, 589, 570, 574, 564, 476, 507, 527, 468, 544, 544, 496, 606, 611, 582, 521, 489, 568, 511, 578, 540, 561, 548, 574, 488, 518, 612, 607, 590, 572, 582, 609, 525, 539, 593, 645, 576, 532, 567, 624, 587, 533, 642, 599, 549, 538, 568, 602, 592, 560, 566, 517, 505, 549, 594, 528, 614, 631, 503, 572, 714, 623, 506, 604, 744, 725, 544, 1122, 2073, 2224, 1354, 849, 1497, 2302, 1913, 1769, 4592, 4884, 2580, 1073, 3030, 4987, 3831, 1775, 4043, 4144, 2228, 959, 2744, 4222, 3034, 1283, 2397, 2466, 1329, 827, 1618, 2164, 1732, 1027, 1966, 2059, 1204, 849, 1168, 1841, 1545, 755, 1460, 1608, 1066, 665, 807, 1375, 1286, 671, 820, 803, 669, 676, 643, 727, 682, 856, 1048, 1197, 959, 810, 794, 1084, 1035, 1289, 2142, 2462, 1418, 877, 1369, 2218, 1898, 1249, 2699, 2819, 1420, 876, 1628, 2563, 1922, 834, 1975, 1990, 1113, 682, 1510, 2187, 1544, 781, 1437, 1511, 1015, 694, 1111, 1446, 1257, 745, 1358, 1263, 809, 603, 928, 1263, 970, 795, 1212, 1086, 711, 630, 848, 951, 661, 876, 1207, 1171, 794, 774, 770, 953, 869, 1457, 2394, 1895, 754, 1083, 1387, 1518, 894, 4533, 8474, 6877, 1714, 2959, 3966, 4915, 1966, 6664, 13259, 11164, 3107, 4009, 6315, 8209, 3566, 5024, 9989, 8429, 2554, 2920, 5298, 6756, 3179, 3538, 6774, 5755, 2054, 1881, 3701, 4729, 2385, 2624, 5009, 4490, 1855, 1480, 2758, 3583, 2066, 2296, 4735, 4601, 2139, 1411, 2619, 3647, 2550, 2338, 5215, 4872, 2018, 1478, 2582, 3822, 2544, 2001, 3791, 3317, 1231, 1372, 1753, 2200, 1534, 2505, 4160, 3564, 1426, 1998, 2819, 2602, 1690, 3442, 4427, 3793, 2013, 2639, 3630, 2948, 1845, 2955, 3257, 2802, 2141, 2666, 3173, 2253, 1714, 2584, 2581, 1871, 2210, 2650, 2320, 1537, 1779, 2419, 2563, 1807, 1837, 2332, 1951, 1255, 1476, 2016, 1996, 1307, 1397, 1507, 1232, 1032, 1201, 2456, 2131, 1964, 1849, 1432, 2234, 1840, 1565, 2437, 2332, 2315, 1788, 1452, 2277, 1844, 1495, 1889, 2393, 1850, 1138, 1267, 1616, 1512, 1137, 2141, 3680, 3343, 1422, 2237, 3034, 2216, 1153, 2369, 4217, 3724, 1440, 2598, 3666, 2707, 1080, 1601, 2494, 2227, 1096, 1813, 2495, 2008, 929, 1015, 1490, 1269, 965, 1113, 1313, 1261, 777, 918, 1183, 960, 844, 854, 823, 812, 645, 863, 1061, 904, 694, 747, 800, 745, 636, 1009, 1297, 968, 623, 792, 818, 900, 750, 1162, 1458, 1147, 709, 891, 845, 876, 785, 845, 1111, 990, 770, 749, 722, 710, 654, 690, 766, 644, 628, 732, 610, 575, 652, 780, 788, 662, 683, 690, 677, 594, 620, 659, 837, 704, 644, 757, 727, 682, 600, 636, 748, 651, 605, 706, 696, 597, 570, 695, 714, 738, 848, 867, 735, 702, 703, 820, 970, 1034, 1048, 967, 768, 909, 923, 1101, 1150, 1051, 1084, 1168, 986, 1004, 1039, 987, 1131, 1017, 1046, 1165, 1000, 970, 922, 848, 1004, 873, 816, 981, 895, 723, 668, 755, 810, 708, 657, 753, 774, 724, 615, 687, 687, 665, 579, 596, 676, 698, 665, 596, 635, 750, 643, 563, 646, 640, 582, 466, 569, 655, 653, 570, 608, 666, 537, 578, 693, 601, 628, 631, 668, 695, 570, 583, 589, 626, 640, 668, 701, 690, 616, 772, 715, 720, 911, 747, 619, 767, 817, 926, 706, 698, 970, 778, 763, 822, 791, 978, 714, 872, 1060, 777, 810, 943, 956, 980, 691, 919, 1181, 868, 800, 1107, 1078, 871, 721, 939, 1013, 818, 747, 966, 987, 777, 672, 728, 846, 717, 598, 703, 798, 797, 701, 632, 753, 699, 650, 691, 715, 798, 732, 663, 672, 673, 615, 738, 831, 695, 740, 686, 488, 612, 738, 720, 709, 795, 663, 602, 586, 699, 709, 723, 807, 848, 678, 680, 816, 753, 667, 805, 944, 922, 951, 886, 745, 751, 720, 858, 924, 856, 1363, 1315, 796, 634, 981, 1218, 939, 1412, 1542, 1745, 1241, 927, 948, 1877, 1976, 1684, 1443, 1843, 1518, 1179, 1142, 2352, 2630, 1185, 1296, 1340, 1171, 1168, 1240, 1899, 1901, 959, 1058, 915, 885, 920, 971, 1674, 1634, 1339, 819, 1163, 1053, 912, 801, 1754, 2119, 1055, 752, 1168, 1054, 869, 709, 1309, 1574, 786, 736, 1031, 1088, 830, 751, 985, 1071, 1194, 818, 1021, 1206, 960, 786, 868, 1153, 1663, 987, 1303, 1588, 1010, 880, 1192, 1600, 1595, 1039, 1333, 1567, 1029, 884, 1240, 1587, 956, 815, 1127, 1067, 762, 738, 975, 1046, 787, 872, 989, 1031, 879, 771, 1016, 919, 924, 811, 1062, 1097, 881, 742, 1010, 1115, 701, 732, 781, 887, 718, 679, 778, 804, 684, 725, 775, 779, 650, 560, 704, 720, 551, 685, 864, 715, 551, 507, 870, 870, 567, 491, 733, 643, 569, 505, 801, 893, 667, 590, 659, 548, 580, 550, 648, 788, 549, 551, 596, 496, 499, 502, 612, 684, 499, 488, 578, 540, 506, 565, 531, 470, 401, 426, 461, 390, 451, 518, 441, 378, 425, 442, 425, 405, 429, 480, 454, 389, 448, 466, 491, 445, 393, 411, 453, 470, 457, 467, 512, 502, 482, 430, 443, 488]"
0.2752540111541748,-1.8991613388061523,-0.4223231077194214,-1.2515820264816284,0.0,0.0,0.0,-0.8625094890594482,-1.3634204864501953,15.25,-0.8625094890594482,-0.9859085083007812,23.25,-0.8625094890594482,0.8790493011474609,23.5,-0.36440539360046387,-0.707244873046875,25.25,-0.3302161693572998,-0.7042407989501953,24.5,"[634, 708, 629, 628, 663, 632, 632, 711, 597, 632, 571, 576, 556, 585, 643, 636, 614, 613, 552, 592, 586, 538, 607, 644, 579, 535, 489, 569, 526, 566, 602, 518, 491, 452, 444, 540, 503, 566, 599, 501, 608, 514, 466, 470, 533, 565, 532, 545, 591, 575, 498, 536, 574, 526, 562, 506, 561, 496, 506, 518, 535, 464, 553, 566, 557, 521, 431, 442, 551, 498, 485, 500, 522, 504, 445, 486, 564, 543, 434, 456, 516, 558, 546, 510, 482, 496, 574, 520, 538, 571, 666, 586, 482, 498, 562, 566, 529, 498, 543, 504, 476, 535, 517, 553, 538, 538, 536, 577, 562, 528, 522, 550, 463, 563, 556, 615, 549, 524, 552, 494, 581, 566, 548, 606, 643, 590, 551, 602, 567, 480, 500, 591, 615, 533, 554, 596, 579, 630, 591, 528, 611, 539, 516, 557, 533, 600, 567, 570, 538, 482, 555, 538, 521, 621, 585, 554, 490, 423, 496, 474, 572, 637, 642, 567, 519, 490, 462, 527, 518, 650, 650, 519, 494, 478, 526, 529, 556, 506, 475, 513, 535, 571, 636, 671, 524, 481, 461, 479, 465, 490, 545, 541, 535, 520, 561, 602, 525, 560, 572, 580, 542, 555, 582, 625, 606, 621, 648, 483, 598, 638, 565, 528, 616, 638, 604, 559, 611, 612, 546, 567, 635, 521, 520, 597, 651, 751, 680, 604, 563, 563, 545, 572, 1717, 3073, 2745, 1080, 1847, 2195, 1288, 785, 4908, 8279, 6509, 1911, 5296, 5574, 2517, 1245, 5483, 8500, 6147, 2015, 5744, 5552, 2368, 1288, 1875, 2171, 1482, 1432, 2111, 1913, 1003, 894, 5389, 10023, 8196, 1414, 4390, 4957, 3995, 1262, 9255, 16151, 12431, 1720, 7342, 7211, 5895, 1736, 6424, 10196, 7330, 1239, 4545, 4025, 3551, 1231, 2080, 2887, 1904, 750, 1242, 1228, 1236, 668, 611, 952, 973, 686, 678, 763, 707, 465, 627, 736, 658, 653, 714, 601, 535, 491, 524, 655, 724, 563, 548, 558, 604, 555, 881, 1754, 1703, 765, 819, 1045, 1007, 751, 3545, 7463, 6617, 1860, 2854, 3440, 3253, 1681, 6445, 12492, 10593, 2811, 5095, 5633, 5211, 2488, 5710, 10001, 8049, 2454, 4405, 4485, 4192, 2169, 3171, 4799, 3552, 1596, 2364, 2260, 2172, 1466, 1349, 1698, 1173, 958, 1097, 932, 913, 753, 868, 1084, 845, 870, 993, 718, 688, 617, 1005, 1279, 992, 993, 1296, 1117, 688, 712, 1238, 1359, 999, 1206, 1639, 1341, 739, 756, 1275, 1482, 1137, 1246, 1497, 1199, 843, 796, 2054, 2393, 1751, 1904, 2577, 2109, 1229, 1175, 2617, 3056, 2324, 2489, 3555, 2912, 1505, 1580, 2342, 2568, 1901, 2173, 3041, 2427, 1165, 1391, 1974, 2287, 1661, 1587, 2300, 1872, 1055, 1089, 1989, 3022, 2547, 1426, 2690, 2716, 1604, 1240, 1661, 2909, 2455, 1361, 2609, 2695, 1503, 1002, 1574, 2132, 1609, 1173, 2086, 1890, 1205, 871, 1199, 1303, 964, 945, 1306, 1138, 935, 928, 1066, 1249, 992, 757, 949, 977, 721, 726, 1144, 1411, 1046, 866, 1026, 937, 837, 685, 914, 1135, 841, 662, 835, 831, 677, 545, 788, 917, 723, 595, 621, 741, 722, 629, 667, 842, 750, 621, 735, 722, 745, 647, 757, 920, 777, 655, 749, 737, 765, 594, 678, 743, 682, 641, 677, 624, 638, 640, 795, 716, 680, 619, 646, 671, 509, 676, 701, 765, 742, 654, 713, 731, 570, 610, 572, 708, 714, 618, 677, 745, 700, 568, 658, 638, 641, 754, 863, 732, 626, 685, 681, 660, 687, 811, 869, 778, 648, 678, 696, 678, 675, 721, 680, 672, 680, 665, 833, 746, 682, 684, 847, 866, 730, 746, 812, 776, 719, 855, 971, 937, 807, 754, 1038, 925, 733, 946, 1113, 1010, 803, 846, 916, 910, 731, 964, 993, 955, 871, 855, 678, 717, 814, 803, 717, 766, 800, 716, 617, 808, 898, 626, 606, 772, 718, 641, 636, 848, 915, 704, 572, 766, 772, 689, 644, 660, 792, 604, 709, 857, 759, 659, 737, 666, 652, 605, 653, 686, 656, 759, 596, 838, 809, 557, 659, 712, 682, 637, 616, 892, 833, 686, 676, 675, 688, 619, 798, 829, 925, 814, 704, 792, 746, 697, 973, 995, 1111, 837, 839, 1212, 1021, 549, 1556, 1400, 1630, 1298, 1236, 2062, 1647, 783, 1962, 1640, 1578, 1394, 1217, 2141, 1708, 1035, 1670, 1476, 1222, 1331, 1214, 1648, 1380, 1136, 1087, 919, 838, 891, 963, 1144, 999, 943, 640, 654, 636, 690, 747, 734, 657, 587, 644, 693, 815, 780, 695, 664, 673, 589, 717, 654, 751, 764, 665, 637, 690, 731, 547, 637, 697, 610, 608, 687, 634, 545, 541, 677, 632, 436, 633, 744, 585, 397, 728, 817, 644, 457, 849, 898, 610, 472, 1206, 1326, 895, 508, 1136, 1565, 1254, 765, 2009, 2249, 1485, 686, 1701, 2495, 2135, 1188, 2206, 2421, 1701, 754, 1593, 2329, 2170, 1397, 1462, 1718, 1471, 783, 1114, 1400, 1355, 1112, 1147, 1400, 1196, 853, 1018, 929, 794, 728, 1250, 1437, 1264, 902, 1012, 1057, 753, 750, 1253, 1377, 1226, 988, 967, 1229, 912, 777, 953, 1185, 1095, 684, 782, 1110, 936, 694, 819, 1032, 937, 670, 775, 953, 838, 675, 788, 845, 810, 752, 718, 803, 764, 764, 650, 757, 862, 647, 738, 830, 712, 685, 1519, 1429, 1728, 1355, 1246, 1343, 1607, 1905, 2149, 2251, 3295, 2250, 1414, 2069, 3249, 3548, 1649, 2419, 3328, 2073, 1293, 2196, 3498, 3440, 1222, 2094, 2674, 1685, 1009, 1955, 3229, 2976, 1103, 1667, 2116, 1475, 1087, 1739, 2789, 2592, 887, 1053, 1290, 1059, 879, 1184, 1670, 1525, 743, 859, 931, 781, 763, 1035, 984, 826, 611, 725, 873, 658, 625, 876, 820, 690, 1005, 1016, 834, 677, 771, 934, 846, 778, 1076, 1182, 1044, 721, 803, 1099, 1006, 756, 1000, 1450, 1381, 833, 887, 1313, 1284, 994, 949, 1175, 1111, 874, 760, 1003, 1048, 905, 875, 945, 981, 893, 736, 860, 892, 850, 892, 847, 845, 817, 831, 947, 934, 834, 773, 892, 1001, 821, 671, 923, 974, 725, 697, 785, 976, 730, 544, 871, 896, 662, 676, 795, 970, 777, 520, 753, 757, 643, 775, 760, 920, 802, 603, 705, 668, 703, 864, 622, 737, 784, 618, 696, 674, 733, 730, 572, 727, 774, 605, 591, 655, 744, 695, 543, 501, 658, 614, 468, 493, 609, 586, 513, 530, 643, 582, 498, 594, 596, 507, 417, 452, 547, 432, 431, 506, 502]"
0.15009580552577972,-1.8991613388061523,-0.4223231077194214,-1.2515820264816284,0.0,0.0,0.0,-0.8202771544456482,1.8204689025878906,16.25,-0.7549027800559998,-0.6766319274902344,26.75,-0.5915383696556091,-0.6325721740722656,22.25,-0.35464566946029663,-0.6272792816162109,19.0,-0.33190053701400757,-0.6055355072021484,19.25,"[525, 632, 686, 633, 622, 629, 687, 639, 531, 547, 619, 660, 679, 596, 666, 686, 597, 628, 614, 561, 548, 477, 530, 587, 475, 554, 558, 520, 498, 460, 465, 454, 482, 409, 465, 532, 489, 474, 380, 486, 526, 473, 542, 540, 440, 420, 467, 483, 504, 485, 564, 601, 580, 518, 502, 497, 512, 449, 448, 529, 555, 545, 550, 583, 517, 492, 537, 536, 518, 526, 533, 593, 554, 551, 637, 636, 593, 620, 615, 542, 588, 519, 512, 531, 627, 680, 620, 638, 525, 538, 571, 476, 503, 537, 567, 600, 601, 607, 562, 465, 582, 653, 572, 586, 532, 599, 675, 599, 510, 498, 566, 575, 675, 588, 543, 576, 528, 527, 592, 587, 565, 518, 515, 598, 565, 479, 556, 582, 478, 506, 463, 478, 434, 484, 496, 461, 538, 488, 513, 475, 467, 598, 605, 484, 560, 548, 594, 604, 443, 539, 577, 546, 507, 582, 623, 607, 487, 426, 534, 549, 520, 573, 557, 598, 510, 455, 616, 583, 504, 616, 555, 541, 593, 606, 626, 578, 499, 510, 481, 535, 509, 536, 580, 546, 541, 460, 485, 509, 469, 491, 479, 532, 490, 498, 592, 575, 515, 540, 467, 479, 2065, 3623, 3344, 1899, 2665, 2762, 1526, 1161, 7523, 11986, 9687, 5421, 9031, 8385, 3615, 2864, 9426, 14212, 10855, 6486, 10847, 9401, 3725, 3450, 4778, 6936, 5255, 3534, 5483, 4505, 1772, 1941, 2579, 4937, 4311, 1401, 2318, 2630, 1744, 980, 4665, 8311, 6739, 1448, 3772, 4007, 2867, 1060, 4118, 6843, 5399, 1431, 3227, 3211, 2406, 1149, 1900, 2971, 2471, 1063, 1336, 1503, 1442, 968, 1280, 2044, 1711, 767, 848, 903, 1021, 786, 1087, 1805, 1514, 644, 888, 977, 1089, 807, 798, 1237, 1020, 628, 792, 723, 853, 682, 676, 910, 785, 611, 692, 605, 646, 601, 708, 858, 724, 559, 687, 669, 627, 576, 1074, 1501, 1227, 589, 901, 990, 784, 553, 1720, 2400, 1852, 728, 1400, 1295, 1065, 576, 1778, 2440, 1789, 764, 1473, 1366, 1040, 651, 1208, 1576, 1232, 586, 1043, 1119, 865, 606, 843, 1125, 989, 667, 841, 939, 740, 535, 803, 940, 801, 603, 818, 819, 589, 532, 614, 638, 697, 658, 583, 597, 565, 585, 790, 863, 900, 815, 847, 958, 796, 631, 800, 1104, 994, 874, 1025, 1008, 817, 623, 914, 1107, 842, 799, 967, 894, 682, 584, 1130, 1462, 1030, 902, 1428, 1237, 778, 721, 1466, 1847, 1258, 1201, 1987, 1763, 1062, 883, 1598, 1889, 1100, 1434, 2097, 1698, 918, 891, 2172, 2663, 1539, 1618, 2515, 1900, 921, 1061, 4022, 5731, 3614, 2451, 4839, 4107, 1901, 1641, 5058, 7368, 4974, 2386, 5703, 5125, 2479, 1887, 3841, 5407, 3690, 1807, 4246, 3866, 1940, 1421, 2041, 2762, 1942, 1291, 2344, 2206, 1311, 973, 728, 850, 804, 736, 822, 796, 705, 698, 749, 985, 820, 642, 828, 783, 699, 630, 721, 812, 757, 680, 739, 831, 726, 665, 773, 965, 884, 638, 723, 828, 758, 645, 904, 1072, 914, 619, 1050, 1037, 696, 706, 895, 1042, 987, 752, 1069, 1111, 810, 828, 766, 775, 905, 836, 854, 915, 761, 812, 664, 769, 826, 689, 662, 697, 678, 595, 670, 694, 800, 702, 639, 682, 635, 664, 634, 614, 670, 574, 577, 713, 592, 607, 611, 675, 583, 556, 648, 701, 638, 520, 584, 679, 672, 605, 685, 595, 620, 621, 669, 697, 762, 736, 743, 741, 690, 608, 810, 775, 702, 808, 898, 834, 793, 742, 746, 796, 763, 791, 818, 828, 770, 639, 852, 925, 883, 768, 775, 857, 718, 648, 861, 880, 741, 741, 902, 820, 667, 741, 894, 957, 751, 648, 992, 976, 731, 699, 740, 913, 789, 553, 868, 963, 718, 571, 688, 756, 738, 652, 732, 844, 720, 674, 700, 633, 747, 681, 608, 691, 626, 702, 656, 637, 675, 704, 645, 590, 645, 677, 670, 750, 759, 699, 682, 675, 718, 652, 778, 940, 844, 728, 739, 696, 662, 588, 788, 911, 781, 658, 753, 711, 658, 638, 735, 757, 789, 746, 738, 702, 757, 731, 933, 777, 762, 915, 778, 800, 817, 858, 943, 1013, 806, 761, 1047, 1335, 1159, 676, 1023, 1188, 1168, 1078, 1157, 1734, 1671, 1134, 1257, 1053, 926, 1217, 1081, 1264, 1276, 1154, 1061, 863, 628, 814, 846, 749, 787, 936, 905, 824, 738, 751, 793, 780, 751, 855, 722, 676, 651, 684, 672, 671, 712, 690, 659, 729, 814, 715, 631, 771, 767, 663, 704, 745, 838, 699, 611, 666, 675, 666, 782, 971, 999, 789, 640, 644, 745, 742, 846, 1082, 1049, 738, 677, 680, 676, 628, 832, 1251, 1012, 548, 760, 788, 717, 591, 793, 1294, 1183, 620, 695, 867, 868, 684, 823, 1249, 1091, 576, 752, 1013, 874, 623, 690, 925, 901, 684, 862, 867, 772, 663, 606, 786, 859, 796, 805, 720, 701, 670, 720, 944, 972, 808, 752, 702, 663, 611, 718, 915, 1004, 984, 896, 802, 831, 770, 668, 733, 796, 832, 814, 736, 789, 777, 625, 729, 767, 665, 698, 849, 767, 607, 830, 841, 713, 708, 814, 914, 712, 508, 902, 926, 699, 767, 1062, 1115, 870, 664, 833, 743, 659, 659, 1084, 1309, 1083, 750, 918, 1014, 1060, 760, 1039, 1740, 1659, 939, 1588, 2337, 2897, 1843, 1266, 2677, 3232, 2478, 1551, 2780, 3471, 2154, 1172, 2594, 3565, 2917, 1081, 2257, 2190, 1177, 1024, 2041, 2648, 1757, 1249, 1931, 1495, 906, 924, 1707, 2042, 1089, 1042, 1665, 1342, 820, 717, 1262, 1625, 1011, 896, 1345, 1105, 625, 817, 1044, 1148, 769, 874, 1115, 913, 622, 863, 1068, 985, 614, 931, 1054, 881, 737, 820, 897, 841, 698, 949, 1154, 899, 789, 828, 925, 991, 769, 935, 1357, 1217, 810, 829, 858, 997, 844, 886, 1478, 1394, 914, 812, 943, 957, 740, 806, 1252, 1078, 823, 782, 733, 842, 669, 802, 1016, 883, 755, 750, 737, 752, 569, 667, 746, 735, 572, 493, 532, 503, 543, 538, 694, 687, 629, 596, 566, 524, 451, 642, 695, 649, 640, 704, 654, 529, 540, 684, 657, 673, 681, 624, 664, 553, 637, 607, 503, 521, 643, 523, 616, 576, 495, 472, 392, 465, 518, 501, 496, 492, 458, 454, 431, 490, 487, 441, 532, 576, 554, 546, 498, 487, 486, 504, 507, 494, 543, 477, 379, 390, 447, 453, 433, 452, 515]"
0.5142812132835388,-1.8011442422866821,-0.13914239406585693,-0.4175739884376526,0.1580440104007721,0.4377542734146118,0.7636364698410034,-0.8667001724243164,-0.7535934448242188,29.0,-0.28548336029052734,0.6737709045410156,28.0,-0.27103519439697266,0.6953716278076172,18.0,-0.23212528228759766,0.6124019622802734,31.0,-0.18892383575439453,0.5526065826416016,26.25,"[651, 595, 619, 625, 641, 623, 622, 598, 528, 552, 660, 742, 668, 654, 636, 567, 511, 556, 581, 550, 548, 630, 605, 552, 472, 545, 517, 430, 544, 568, 525, 503, 526, 518, 490, 478, 571, 536, 486, 481, 565, 539, 393, 460, 542, 536, 451, 458, 480, 566, 516, 515, 521, 562, 543, 465, 573, 608, 557, 452, 425, 541, 542, 436, 514, 467, 465, 448, 401, 378, 469, 528, 429, 401, 485, 525, 470, 453, 546, 564, 548, 560, 492, 461, 545, 571, 611, 548, 575, 671, 572, 509, 561, 608, 593, 511, 434, 552, 585, 514, 472, 538, 558, 461, 471, 525, 558, 516, 482, 544, 551, 503, 482, 454, 473, 495, 565, 557, 495, 513, 548, 480, 538, 533, 630, 636, 553, 584, 482, 535, 616, 588, 616, 684, 619, 547, 513, 487, 601, 649, 588, 566, 594, 575, 645, 528, 578, 665, 623, 497, 529, 610, 524, 536, 612, 590, 537, 616, 679, 634, 403, 480, 549, 548, 488, 508, 527, 473, 515, 487, 493, 532, 464, 514, 490, 504, 1639, 2477, 2279, 1729, 2252, 2144, 1265, 1051, 8999, 12668, 9902, 7834, 11650, 10121, 4600, 4022, 16085, 21285, 15456, 13518, 19892, 16184, 6584, 7044, 11751, 14281, 9988, 10354, 14080, 10510, 3945, 5486, 3445, 2790, 2145, 4062, 4461, 2775, 1271, 2198, 3314, 5422, 4081, 1128, 2838, 2446, 1485, 740, 3430, 5866, 4530, 824, 3328, 3172, 1413, 805, 1264, 2192, 1946, 999, 1432, 1719, 1310, 768, 1772, 2692, 2025, 923, 1562, 1549, 1242, 829, 1216, 1626, 1121, 646, 1240, 1088, 751, 655, 893, 1135, 893, 461, 772, 945, 776, 567, 838, 944, 689, 522, 733, 791, 694, 553, 639, 635, 485, 568, 627, 608, 585, 566, 909, 1206, 992, 638, 899, 937, 730, 586, 1190, 1564, 1128, 676, 1084, 1049, 796, 603, 1267, 1729, 1276, 617, 1087, 1087, 995, 655, 1037, 1520, 1191, 820, 1217, 1178, 864, 603, 1347, 1889, 1455, 1092, 1710, 1448, 809, 677, 1379, 1837, 1382, 1021, 1585, 1412, 863, 712, 914, 1216, 1046, 814, 1067, 1088, 783, 579, 881, 1077, 932, 737, 868, 855, 698, 609, 804, 939, 868, 722, 830, 775, 589, 631, 621, 702, 723, 681, 713, 672, 541, 603, 676, 626, 655, 649, 588, 621, 615, 667, 813, 779, 728, 632, 647, 734, 715, 743, 971, 971, 835, 829, 993, 946, 614, 733, 1476, 1549, 937, 1294, 1710, 1253, 639, 814, 1604, 1701, 1117, 1398, 1793, 1152, 718, 1002, 1527, 1993, 1460, 1115, 1501, 1277, 861, 793, 1511, 1798, 1282, 984, 1155, 1094, 855, 873, 1059, 992, 955, 986, 1164, 1136, 859, 836, 1059, 1296, 951, 947, 1340, 1262, 814, 678, 839, 985, 744, 753, 966, 949, 673, 630, 884, 1084, 881, 811, 1022, 902, 704, 708, 936, 1153, 875, 823, 1251, 1053, 595, 669, 758, 901, 793, 679, 998, 913, 634, 678, 687, 703, 673, 712, 818, 772, 608, 582, 761, 931, 815, 786, 842, 781, 661, 572, 653, 861, 838, 697, 724, 715, 592, 607, 649, 822, 749, 635, 777, 812, 609, 612, 679, 732, 575, 567, 732, 774, 562, 537, 841, 877, 699, 595, 785, 799, 610, 665, 805, 891, 671, 594, 845, 776, 533, 646, 730, 821, 679, 575, 863, 760, 577, 577, 795, 930, 704, 564, 850, 782, 615, 640, 853, 818, 737, 668, 903, 1074, 916, 770, 727, 883, 920, 652, 1000, 1248, 984, 676, 882, 1177, 976, 863, 1178, 1107, 892, 574, 1024, 1061, 774, 955, 1093, 954, 763, 613, 972, 927, 653, 864, 941, 614, 648, 678, 758, 854, 662, 654, 683, 658, 681, 630, 792, 862, 784, 625, 757, 829, 659, 637, 767, 783, 570, 573, 725, 660, 604, 660, 945, 937, 635, 722, 949, 934, 768, 809, 985, 964, 667, 798, 970, 862, 694, 802, 780, 750, 722, 755, 831, 687, 622, 729, 696, 741, 736, 733, 817, 731, 613, 627, 600, 725, 729, 668, 603, 621, 700, 631, 744, 760, 709, 633, 660, 768, 681, 598, 890, 829, 827, 735, 805, 845, 841, 848, 909, 737, 845, 981, 974, 887, 953, 1023, 752, 882, 1017, 810, 1043, 1386, 1265, 864, 675, 958, 1161, 796, 958, 1549, 1248, 684, 746, 867, 894, 734, 887, 1132, 975, 677, 735, 746, 762, 734, 797, 845, 913, 855, 676, 637, 672, 630, 676, 782, 783, 672, 655, 783, 736, 627, 674, 782, 798, 631, 751, 782, 679, 637, 582, 611, 737, 700, 671, 774, 652, 602, 761, 738, 549, 548, 828, 819, 718, 658, 752, 733, 598, 630, 804, 844, 926, 754, 751, 833, 661, 666, 736, 834, 933, 736, 721, 793, 738, 640, 1035, 1099, 1046, 893, 754, 1218, 1045, 507, 1156, 1137, 1006, 930, 783, 1221, 1002, 653, 855, 1059, 1077, 739, 760, 1067, 945, 577, 968, 1213, 1013, 868, 922, 1102, 915, 631, 617, 734, 735, 745, 669, 713, 653, 490, 646, 715, 749, 677, 688, 811, 773, 693, 786, 916, 1017, 786, 841, 1354, 1148, 704, 1015, 1205, 1077, 934, 974, 1542, 1334, 660, 1073, 1152, 1015, 959, 947, 1168, 1041, 709, 978, 807, 920, 954, 798, 957, 867, 822, 877, 687, 780, 845, 675, 871, 809, 736, 823, 771, 711, 787, 675, 762, 729, 693, 769, 829, 765, 757, 764, 773, 703, 650, 609, 726, 714, 658, 684, 850, 730, 580, 598, 675, 734, 609, 569, 734, 660, 589, 778, 730, 965, 910, 730, 736, 713, 772, 853, 797, 924, 894, 798, 764, 802, 761, 809, 863, 786, 749, 770, 751, 819, 706, 733, 868, 825, 655, 653, 637, 637, 632, 863, 926, 876, 644, 823, 902, 641, 631, 797, 729, 634, 639, 692, 975, 784, 526, 864, 886, 564, 577, 775, 836, 724, 541, 935, 1061, 828, 638, 802, 828, 723, 687, 734, 725, 635, 582, 674, 687, 689, 588, 713, 730, 711, 596, 612, 807, 819, 725, 683, 763, 755, 669, 742, 831, 788, 731, 560, 575, 635, 591, 643, 719, 629, 644, 505, 547, 563, 533, 581, 627, 637, 596, 461, 455, 537, 546, 445, 494, 496, 480, 498, 527, 505, 520, 466, 455, 484, 481, 506, 459, 450, 477, 442, 512, 519, 449, 532, 508, 582, 560, 473, 472, 457, 481, 476, 481, 450, 408, 444, 442, 403, 440, 415, 352, 411, 461, 480, 437, 402, 477]"
0.44821199774742126,-1.4356024265289307,-0.07473848015069962,-0.448622465133667,0.660334587097168,0.46823984384536743,0.6170937418937683,-0.8517675995826721,0.6676197052001953,25.75,-0.8517675995826721,0.7923603057861328,21.75,-0.41274362802505493,-0.3945350646972656,23.25,-0.10232263803482056,0.3699302673339844,22.0,-0.09431177377700806,0.37364959716796875,26.25,"[598, 531, 603, 615, 573, 613, 603, 534, 530, 517, 520, 600, 694, 626, 539, 561, 498, 448, 512, 508, 438, 500, 496, 502, 626, 528, 526, 591, 507, 496, 503, 574, 571, 528, 540, 551, 540, 538, 502, 498, 525, 472, 457, 535, 539, 453, 446, 559, 486, 542, 532, 507, 469, 516, 628, 596, 554, 522, 498, 545, 575, 499, 480, 584, 537, 604, 555, 499, 555, 559, 569, 521, 511, 590, 555, 500, 586, 626, 615, 547, 420, 549, 538, 494, 562, 668, 606, 423, 438, 476, 514, 547, 550, 626, 622, 508, 457, 448, 428, 443, 521, 528, 438, 466, 542, 516, 460, 438, 501, 498, 549, 530, 610, 590, 566, 497, 501, 544, 635, 601, 552, 604, 574, 511, 484, 541, 564, 498, 528, 587, 531, 529, 528, 507, 537, 545, 541, 538, 532, 553, 573, 524, 494, 484, 531, 611, 641, 589, 564, 468, 536, 521, 568, 559, 616, 573, 600, 482, 518, 621, 537, 503, 531, 443, 523, 559, 532, 607, 1142, 1460, 1169, 1037, 1466, 1345, 866, 770, 4458, 6530, 4651, 3772, 6544, 5671, 2361, 1525, 7465, 10586, 6704, 5962, 10901, 8940, 3233, 2169, 5716, 8166, 5960, 5477, 7955, 6484, 2530, 2361, 11124, 18951, 17596, 10024, 13825, 14289, 6988, 5416, 18044, 28850, 25039, 15098, 22160, 21054, 9488, 7404, 11402, 16472, 13568, 10255, 14586, 12602, 5332, 4690, 3969, 4528, 2555, 3125, 4750, 3847, 1792, 1505, 1952, 2519, 1532, 1129, 1854, 1522, 1121, 693, 1140, 1233, 724, 749, 1077, 995, 781, 649, 1036, 1267, 904, 665, 997, 933, 622, 613, 860, 1124, 952, 658, 826, 822, 646, 630, 1012, 1358, 1000, 781, 1206, 1166, 771, 630, 1025, 1361, 1037, 933, 1322, 1206, 724, 679, 913, 1190, 949, 775, 1057, 939, 581, 597, 971, 1171, 936, 851, 1114, 964, 586, 703, 1087, 1340, 1014, 854, 1015, 1017, 826, 712, 860, 982, 807, 804, 844, 786, 678, 679, 613, 729, 599, 650, 707, 634, 652, 628, 744, 817, 638, 554, 634, 605, 562, 627, 795, 799, 665, 659, 634, 696, 639, 617, 487, 588, 671, 572, 623, 637, 628, 605, 630, 571, 750, 632, 684, 703, 638, 712, 593, 698, 739, 614, 664, 748, 700, 581, 611, 699, 686, 506, 565, 728, 598, 502, 658, 636, 550, 554, 655, 703, 616, 572, 623, 574, 618, 717, 734, 712, 621, 569, 853, 839, 671, 871, 1041, 929, 616, 697, 1007, 975, 749, 880, 1108, 1098, 769, 790, 1156, 1284, 1052, 867, 1185, 1440, 1124, 711, 1104, 1175, 952, 760, 1321, 1463, 937, 759, 866, 1038, 751, 852, 1266, 1262, 771, 669, 863, 968, 743, 826, 1186, 1059, 645, 539, 817, 967, 913, 846, 1113, 1070, 740, 586, 714, 759, 886, 952, 962, 812, 624, 698, 737, 832, 868, 803, 763, 773, 673, 552, 647, 806, 764, 705, 752, 824, 779, 565, 773, 785, 781, 752, 659, 799, 793, 661, 812, 819, 818, 843, 834, 711, 728, 684, 716, 766, 792, 813, 771, 677, 658, 660, 685, 700, 643, 615, 672, 596, 575, 654, 742, 684, 656, 689, 726, 640, 551, 646, 723, 658, 715, 766, 685, 620, 669, 760, 729, 710, 660, 687, 751, 714, 716, 711, 626, 682, 593, 601, 705, 772, 598, 558, 738, 641, 705, 789, 731, 634, 537, 657, 806, 747, 695, 848, 791, 679, 628, 634, 653, 673, 657, 700, 716, 691, 640, 574, 591, 621, 681, 642, 736, 819, 583, 570, 755, 791, 772, 607, 837, 940, 738, 636, 734, 909, 776, 556, 749, 823, 667, 508, 702, 810, 800, 683, 747, 718, 689, 635, 757, 917, 768, 660, 744, 679, 695, 635, 1075, 1156, 1043, 993, 1129, 991, 870, 800, 1053, 993, 893, 1048, 1062, 916, 852, 880, 942, 851, 623, 788, 806, 777, 765, 728, 936, 904, 668, 690, 760, 791, 660, 731, 730, 805, 765, 610, 692, 622, 612, 718, 746, 947, 918, 726, 836, 863, 758, 752, 761, 1027, 1063, 768, 865, 1044, 957, 722, 914, 987, 1094, 1012, 1005, 1231, 1257, 960, 915, 945, 1128, 1123, 1132, 1367, 1215, 995, 931, 838, 872, 954, 1032, 1098, 982, 910, 834, 871, 739, 719, 780, 792, 693, 714, 789, 865, 767, 636, 545, 609, 703, 709, 833, 1006, 876, 662, 698, 801, 754, 651, 736, 823, 859, 801, 780, 757, 728, 670, 652, 610, 615, 706, 664, 554, 660, 639, 677, 681, 536, 605, 670, 649, 586, 618, 641, 724, 548, 568, 719, 708, 561, 604, 696, 775, 682, 647, 800, 729, 504, 644, 579, 809, 686, 539, 718, 723, 717, 639, 852, 988, 782, 561, 793, 1056, 960, 597, 1096, 1114, 880, 806, 781, 1085, 1106, 649, 913, 1015, 908, 738, 878, 1009, 923, 656, 1084, 1225, 1288, 1134, 1251, 1329, 1145, 975, 1076, 1089, 1101, 1034, 1143, 1228, 1062, 853, 706, 766, 771, 748, 729, 694, 733, 641, 801, 961, 937, 652, 867, 940, 711, 561, 973, 1128, 1170, 661, 1032, 1291, 990, 662, 843, 809, 1026, 801, 787, 1151, 1037, 651, 740, 603, 646, 788, 755, 734, 755, 752, 975, 860, 678, 766, 981, 897, 732, 846, 817, 909, 872, 832, 830, 727, 681, 747, 938, 1233, 1179, 1019, 913, 1098, 1085, 704, 1283, 1588, 2406, 2001, 1218, 2170, 2127, 1319, 1146, 1747, 2868, 2217, 1245, 2454, 2449, 1628, 1180, 1993, 2108, 1293, 1049, 2377, 2348, 1016, 1651, 2121, 2206, 1750, 946, 2688, 2664, 1257, 1293, 1587, 1754, 1275, 980, 2153, 1950, 822, 948, 1292, 1185, 752, 1085, 1698, 1530, 738, 833, 1269, 1018, 677, 1159, 1849, 1767, 928, 753, 1052, 932, 874, 917, 1341, 1451, 841, 806, 894, 907, 950, 835, 907, 998, 712, 774, 808, 843, 770, 951, 1225, 867, 563, 874, 1106, 1017, 745, 1452, 1750, 1149, 579, 776, 983, 899, 750, 961, 1043, 829, 686, 994, 803, 704, 907, 956, 981, 875, 847, 1018, 652, 679, 943, 973, 993, 867, 942, 755, 578, 473, 728, 827, 711, 614, 729, 561, 611, 597, 613, 639, 642, 581, 577, 635, 749, 711, 628, 691, 694, 541, 464, 514, 606, 612, 561, 650, 727, 612, 400, 441, 453, 546, 552, 528, 530, 564, 529, 506, 519, 664, 759, 701, 563, 537, 580, 527, 482, 636, 739, 680, 527, 537, 605, 505, 435, 537, 617, 522, 456, 459, 461]"
0.4369185268878937,-0.9846093654632568,-0.03306853026151657,-0.3342837989330292,1.251220941543579,0.46047043800354004,0.6823523640632629,-0.8288806080818176,-0.7487297058105469,22.0,-0.8288806080818176,-0.743865966796875,28.25,-0.8288806080818176,0.6803512573242188,20.25,-0.19945555925369263,0.5121231079101562,23.5,-0.1535361409187317,0.4300117492675781,19.25,"[412, 566, 601, 531, 547, 532, 603, 565, 503, 523, 678, 648, 598, 591, 597, 609, 508, 467, 548, 610, 558, 545, 592, 594, 529, 549, 491, 535, 514, 515, 554, 506, 620, 477, 503, 546, 492, 555, 514, 538, 599, 549, 548, 619, 584, 584, 573, 560, 461, 468, 533, 555, 536, 573, 677, 609, 471, 465, 521, 563, 469, 589, 595, 511, 488, 545, 572, 544, 546, 586, 509, 515, 636, 515, 575, 653, 637, 630, 608, 673, 547, 509, 530, 534, 543, 610, 610, 568, 525, 518, 514, 487, 497, 584, 510, 491, 536, 507, 520, 538, 568, 560, 563, 542, 535, 522, 541, 590, 647, 523, 467, 586, 529, 571, 573, 544, 537, 488, 586, 639, 516, 558, 618, 636, 605, 569, 627, 675, 505, 483, 565, 627, 577, 507, 578, 570, 579, 479, 522, 650, 638, 545, 543, 537, 527, 554, 573, 627, 584, 626, 569, 501, 639, 611, 581, 608, 557, 575, 576, 531, 885, 1026, 909, 780, 966, 864, 527, 656, 3883, 5316, 3674, 3259, 5317, 4481, 1929, 1462, 6318, 7356, 3406, 5441, 8513, 6251, 2126, 2173, 6719, 13492, 12371, 3853, 7268, 9099, 4901, 2086, 19883, 33693, 26180, 7664, 21763, 22385, 10020, 4433, 16159, 25843, 19347, 6846, 17244, 16804, 7187, 4119, 6283, 8887, 6195, 3263, 6433, 5705, 2556, 2108, 2316, 2781, 1561, 1232, 1959, 1414, 956, 871, 1082, 1253, 888, 713, 1135, 1199, 782, 581, 990, 1001, 768, 635, 797, 856, 689, 652, 724, 667, 626, 543, 700, 770, 610, 660, 623, 691, 678, 570, 545, 621, 605, 596, 646, 665, 595, 679, 690, 625, 580, 576, 714, 658, 608, 740, 786, 730, 627, 569, 602, 641, 797, 768, 639, 579, 555, 635, 603, 601, 596, 554, 597, 640, 610, 602, 728, 684, 536, 577, 705, 699, 570, 562, 715, 827, 621, 655, 792, 767, 601, 497, 632, 809, 717, 529, 700, 736, 563, 462, 740, 878, 816, 633, 772, 892, 650, 635, 795, 710, 623, 559, 743, 768, 614, 706, 883, 848, 654, 594, 612, 627, 621, 719, 654, 669, 691, 668, 620, 531, 606, 695, 598, 679, 691, 676, 661, 591, 645, 653, 668, 849, 691, 571, 765, 769, 596, 553, 1075, 1460, 984, 962, 1786, 1545, 843, 770, 1869, 2589, 1438, 1623, 3461, 3050, 1190, 920, 1735, 2627, 1599, 1457, 3309, 2970, 1086, 870, 1161, 1685, 1302, 955, 2079, 2037, 982, 795, 1400, 1496, 1029, 1127, 2075, 1994, 1012, 931, 1577, 1759, 1007, 1365, 2266, 1927, 937, 867, 1354, 1527, 912, 1470, 2153, 1690, 840, 795, 904, 917, 768, 1009, 1272, 1033, 690, 727, 679, 708, 635, 820, 972, 865, 715, 697, 666, 731, 653, 665, 915, 891, 712, 582, 681, 741, 695, 573, 851, 862, 691, 611, 693, 784, 795, 664, 807, 814, 729, 593, 794, 794, 748, 673, 780, 817, 710, 706, 789, 677, 574, 702, 725, 621, 545, 725, 614, 533, 567, 655, 589, 553, 634, 683, 503, 655, 677, 682, 653, 660, 663, 539, 590, 645, 745, 719, 724, 670, 798, 746, 606, 647, 680, 536, 592, 698, 624, 586, 541, 696, 657, 491, 581, 761, 789, 553, 616, 713, 716, 604, 664, 780, 844, 701, 609, 676, 647, 579, 625, 703, 780, 663, 762, 727, 596, 603, 686, 686, 653, 661, 709, 702, 595, 544, 575, 578, 713, 731, 778, 766, 596, 546, 614, 653, 679, 698, 682, 788, 715, 651, 621, 581, 702, 649, 713, 802, 712, 714, 708, 633, 674, 630, 662, 796, 744, 601, 626, 648, 670, 609, 818, 838, 733, 581, 668, 731, 653, 614, 889, 834, 815, 844, 814, 747, 627, 670, 777, 751, 819, 805, 793, 749, 753, 711, 711, 856, 831, 673, 653, 768, 791, 645, 796, 802, 687, 635, 662, 585, 663, 725, 778, 792, 637, 623, 691, 678, 688, 630, 814, 781, 627, 607, 710, 741, 666, 620, 706, 751, 688, 665, 825, 803, 658, 602, 793, 878, 875, 834, 905, 1051, 1011, 749, 1094, 1439, 1371, 1212, 1458, 1858, 1631, 912, 1235, 1328, 976, 1064, 1419, 1532, 1226, 846, 904, 965, 882, 853, 990, 797, 645, 612, 862, 1020, 957, 837, 924, 1009, 886, 663, 715, 737, 745, 811, 788, 771, 767, 660, 858, 1316, 1207, 837, 987, 970, 851, 684, 833, 1270, 1061, 540, 833, 927, 817, 648, 655, 901, 815, 528, 701, 788, 720, 547, 736, 1144, 991, 542, 712, 833, 831, 621, 865, 1099, 932, 651, 834, 898, 872, 684, 772, 778, 733, 704, 792, 676, 641, 674, 795, 834, 654, 624, 706, 735, 729, 612, 996, 1080, 779, 772, 733, 899, 913, 616, 814, 857, 947, 841, 757, 786, 776, 774, 911, 1022, 1054, 866, 859, 865, 703, 747, 1230, 1170, 988, 933, 882, 1002, 790, 771, 1176, 1129, 944, 956, 897, 974, 783, 822, 924, 852, 742, 860, 993, 824, 770, 854, 847, 835, 734, 904, 1046, 882, 807, 842, 726, 788, 799, 886, 963, 791, 714, 636, 855, 868, 859, 934, 1045, 885, 677, 614, 763, 866, 841, 737, 851, 920, 775, 589, 653, 709, 713, 624, 699, 900, 811, 627, 716, 743, 767, 688, 749, 920, 868, 668, 675, 983, 1134, 951, 769, 1060, 1051, 710, 894, 1297, 1739, 1367, 832, 1219, 1234, 837, 1114, 1186, 1605, 1506, 1165, 1218, 1118, 769, 1015, 1065, 1101, 1063, 936, 1156, 1047, 632, 761, 961, 1069, 866, 781, 1131, 1085, 733, 761, 855, 862, 763, 912, 1028, 870, 717, 764, 677, 731, 699, 825, 975, 860, 690, 904, 844, 761, 633, 873, 1196, 972, 638, 954, 982, 767, 655, 1050, 1369, 1082, 603, 970, 957, 638, 776, 874, 859, 817, 638, 906, 837, 1059, 939, 791, 1145, 1020, 734, 917, 786, 1141, 1054, 941, 1058, 839, 865, 1002, 651, 1020, 1214, 1003, 774, 805, 1083, 837, 748, 724, 848, 855, 872, 878, 930, 739, 699, 602, 695, 757, 779, 796, 823, 615, 561, 452, 637, 684, 597, 554, 578, 523, 639, 645, 572, 621, 607, 602, 500, 620, 667, 618, 541, 553, 591, 506, 486, 555, 600, 581, 534, 564, 523, 499, 501, 475, 564, 654, 602, 504, 508, 466, 438, 463, 513, 541, 496, 490, 586, 520, 452, 450, 447, 524, 464, 476, 481, 389, 425, 504, 455, 505, 545, 508, 507, 471, 484]"
0.40690192580223083,-0.8594872951507568,0.012978512793779373,-0.2660485506057739,1.251220941543579,0.46047043800354004,0.6823523640632629,-0.827876091003418,-0.7318496704101562,-21.5,-0.827876091003418,-0.7050991058349609,23.75,-0.827876091003418,-0.6909370422363281,-31.5,-0.827876091003418,0.6241321563720703,17.5,-0.548497200012207,-0.5496025085449219,20.0,"[423, 601, 641, 493, 489, 496, 640, 597, 580, 556, 515, 561, 617, 498, 572, 552, 504, 555, 545, 549, 625, 589, 549, 531, 541, 570, 536, 573, 625, 577, 527, 526, 573, 494, 502, 461, 519, 486, 443, 512, 614, 636, 600, 589, 590, 526, 535, 582, 663, 647, 563, 589, 620, 602, 468, 550, 569, 564, 568, 583, 586, 545, 523, 545, 574, 526, 494, 508, 470, 483, 512, 542, 558, 566, 455, 509, 504, 540, 487, 499, 532, 494, 551, 572, 499, 477, 524, 523, 565, 539, 573, 536, 525, 566, 606, 610, 549, 496, 540, 586, 576, 467, 560, 591, 551, 532, 562, 597, 609, 528, 610, 648, 597, 647, 549, 493, 552, 528, 513, 565, 606, 549, 467, 505, 572, 528, 466, 544, 568, 475, 412, 442, 504, 496, 429, 528, 573, 466, 500, 505, 484, 495, 500, 607, 661, 728, 829, 681, 595, 606, 647, 685, 2381, 4059, 3583, 1804, 2735, 2957, 1662, 1025, 5065, 8250, 7306, 4421, 6250, 5972, 2763, 2092, 14244, 28217, 26732, 12571, 17635, 20214, 10544, 6105, 38764, 71615, 62853, 25676, 45324, 50623, 25634, 12790, 43033, 74771, 62765, 26156, 48263, 51949, 26365, 13604, 20181, 33131, 26933, 12557, 21997, 22845, 12228, 7007, 4979, 8430, 6958, 3225, 5824, 5700, 2950, 1890, 1334, 2546, 2431, 1138, 1426, 1520, 1030, 743, 1411, 2033, 1535, 639, 983, 1036, 894, 555, 916, 1127, 895, 485, 708, 708, 707, 535, 713, 821, 664, 580, 730, 651, 619, 662, 837, 942, 722, 750, 1006, 790, 581, 725, 675, 823, 650, 696, 931, 765, 576, 635, 636, 677, 594, 639, 767, 641, 483, 540, 684, 775, 622, 577, 668, 642, 593, 562, 717, 759, 614, 540, 633, 678, 669, 619, 659, 707, 518, 630, 720, 719, 555, 487, 679, 843, 688, 571, 841, 798, 630, 489, 819, 1127, 960, 691, 884, 843, 707, 611, 849, 1225, 1213, 919, 958, 881, 772, 681, 741, 1130, 1137, 817, 918, 820, 608, 649, 682, 839, 881, 694, 684, 591, 583, 655, 678, 843, 880, 682, 642, 601, 676, 698, 589, 656, 725, 666, 611, 716, 762, 645, 691, 632, 549, 597, 620, 585, 579, 634, 755, 641, 593, 621, 641, 742, 633, 571, 704, 685, 662, 581, 595, 645, 677, 669, 715, 601, 581, 669, 707, 621, 550, 712, 760, 746, 639, 786, 898, 633, 591, 695, 920, 1130, 803, 997, 1798, 1611, 748, 795, 1262, 1272, 990, 934, 2140, 2145, 990, 985, 1437, 1390, 1013, 928, 1560, 1605, 897, 975, 1487, 1617, 962, 971, 1678, 1549, 867, 907, 1269, 1338, 806, 780, 1152, 1131, 786, 801, 826, 750, 630, 719, 704, 700, 665, 652, 696, 839, 761, 606, 684, 784, 657, 554, 662, 803, 789, 676, 684, 801, 640, 559, 651, 616, 662, 616, 788, 905, 624, 523, 600, 559, 567, 495, 686, 788, 680, 599, 618, 625, 607, 558, 576, 704, 694, 548, 663, 628, 609, 672, 738, 658, 632, 591, 685, 635, 585, 690, 758, 691, 577, 595, 625, 531, 530, 694, 664, 580, 516, 557, 632, 636, 652, 669, 654, 598, 604, 654, 769, 848, 827, 656, 772, 821, 678, 698, 864, 886, 853, 846, 957, 969, 678, 650, 784, 727, 826, 798, 983, 1072, 836, 727, 799, 827, 792, 639, 824, 1122, 935, 653, 981, 1040, 829, 662, 730, 1097, 951, 596, 927, 1111, 857, 679, 682, 809, 829, 543, 729, 839, 800, 662, 612, 654, 697, 641, 684, 731, 616, 620, 758, 785, 726, 683, 751, 758, 674, 759, 869, 814, 733, 697, 737, 657, 644, 763, 712, 656, 623, 636, 749, 774, 814, 822, 774, 717, 770, 711, 636, 773, 768, 750, 723, 643, 673, 658, 735, 821, 836, 682, 800, 791, 629, 625, 797, 868, 837, 622, 791, 864, 743, 654, 720, 851, 857, 662, 757, 892, 786, 626, 676, 816, 771, 686, 802, 910, 804, 742, 662, 887, 826, 751, 797, 938, 918, 753, 783, 804, 850, 934, 958, 929, 917, 827, 893, 1019, 1005, 887, 960, 978, 833, 736, 1085, 1356, 1215, 786, 879, 1083, 1005, 677, 1179, 1758, 1473, 820, 1137, 1234, 1040, 663, 1037, 1412, 1213, 782, 943, 1103, 922, 610, 1126, 1393, 1098, 829, 1046, 1116, 760, 728, 1047, 1139, 915, 882, 1006, 889, 746, 849, 1067, 1187, 999, 879, 970, 938, 892, 882, 1051, 1215, 877, 742, 998, 952, 738, 665, 821, 865, 730, 736, 867, 723, 633, 676, 663, 685, 614, 562, 618, 691, 661, 607, 718, 727, 677, 555, 607, 798, 772, 610, 1052, 1251, 844, 815, 751, 1028, 1085, 617, 1262, 1492, 887, 993, 943, 1192, 1312, 742, 971, 1104, 799, 721, 842, 975, 869, 628, 1285, 1389, 1228, 1072, 1379, 1527, 1091, 763, 1121, 1065, 1087, 1223, 1272, 1223, 833, 816, 917, 711, 986, 1184, 1071, 712, 608, 865, 907, 754, 900, 1128, 1009, 806, 712, 805, 1036, 971, 961, 1084, 865, 939, 1037, 858, 1253, 1126, 1085, 1213, 926, 1072, 1059, 971, 1116, 1016, 973, 1127, 989, 745, 810, 1017, 864, 782, 721, 862, 1043, 980, 928, 860, 1171, 1086, 858, 950, 1178, 1160, 839, 901, 1267, 1147, 963, 1060, 1081, 1067, 735, 873, 1527, 1549, 2045, 1987, 1033, 1822, 1888, 1402, 2412, 2361, 4020, 3797, 990, 3663, 3966, 2562, 2107, 2234, 3757, 3340, 837, 3252, 3421, 2236, 907, 1337, 1532, 1142, 821, 1105, 1153, 949, 918, 1272, 1257, 972, 1011, 943, 781, 723, 894, 903, 954, 954, 943, 1024, 1089, 1015, 920, 1069, 1209, 1030, 806, 986, 1140, 1085, 773, 1089, 1267, 1028, 704, 950, 999, 826, 1437, 1275, 1046, 1230, 1229, 1154, 905, 855, 2618, 2294, 1617, 1785, 2326, 2895, 2004, 1149, 2631, 2329, 1579, 1839, 2536, 2858, 1957, 1279, 2082, 1719, 1052, 1432, 1779, 1712, 1138, 1278, 1066, 1081, 894, 783, 988, 994, 671, 835, 597, 866, 783, 553, 795, 863, 651, 629, 646, 821, 747, 717, 795, 729, 715, 589, 556, 679, 630, 659, 677, 665, 695, 583, 634, 637, 641, 512, 625, 751, 641, 518, 588, 600, 846, 653, 531, 698, 632, 522, 504, 588, 769, 717, 448, 566, 622, 535, 534, 677, 786, 647, 537, 582, 646, 632, 657, 738, 713, 568, 643, 695, 601, 604, 611, 733, 634, 443, 520, 623, 550, 459, 530, 591, 527, 550, 586, 556, 510, 512]"
0.3837088346481323,-0.7343652248382568,0.05902555584907532,-0.19781330227851868,1.251220941543579,0.46047043800354004,0.6823523640632629,-0.8314762711524963,-0.7518768310546875,18.0,-0.8314762711524963,-0.7030963897705078,29.0,-0.8314762711524963,-0.7016658782958984,24.0,-0.8314762711524963,-0.6816387176513672,-32.0,-0.8314762711524963,-0.6689071655273438,19.75,"[477, 531, 602, 530, 504, 529, 602, 529, 562, 640, 600, 549, 620, 578, 601, 583, 528, 481, 507, 502, 504, 436, 430, 497, 504, 433, 428, 495, 477, 406, 467, 509, 467, 475, 472, 548, 527, 467, 477, 448, 425, 446, 495, 511, 468, 496, 534, 483, 542, 506, 479, 470, 467, 531, 546, 520, 580, 503, 508, 580, 523, 502, 476, 567, 529, 547, 447, 480, 584, 575, 474, 458, 532, 549, 492, 479, 534, 631, 564, 465, 585, 597, 530, 488, 522, 499, 490, 552, 565, 527, 500, 583, 522, 519, 560, 588, 532, 572, 503, 552, 582, 538, 521, 503, 529, 538, 515, 472, 484, 537, 526, 512, 522, 483, 528, 500, 526, 492, 530, 596, 516, 552, 465, 428, 574, 580, 497, 537, 550, 650, 645, 533, 513, 580, 612, 579, 1129, 1339, 1161, 684, 912, 940, 806, 711, 2446, 2880, 1882, 1261, 2009, 1585, 1021, 1062, 4334, 5255, 3053, 2703, 4184, 2971, 1168, 1679, 13427, 16461, 8270, 7989, 14475, 10488, 3231, 3818, 18509, 22435, 9817, 11054, 19784, 13966, 6189, 5283, 13083, 18740, 11166, 4858, 12052, 9255, 7384, 2399, 8753, 14104, 10047, 1809, 6517, 5733, 5306, 1193, 4566, 7170, 5380, 2149, 3232, 2619, 2828, 1177, 2352, 3431, 2621, 1395, 1799, 1518, 1499, 883, 1387, 1949, 1473, 741, 948, 946, 1065, 588, 949, 1121, 798, 526, 697, 772, 743, 574, 833, 936, 631, 617, 743, 737, 682, 555, 872, 937, 682, 801, 940, 718, 646, 668, 810, 858, 728, 962, 1061, 731, 570, 631, 710, 931, 841, 804, 924, 764, 538, 530, 718, 891, 841, 698, 798, 764, 641, 637, 707, 764, 693, 769, 756, 625, 641, 634, 772, 910, 718, 730, 870, 788, 668, 670, 747, 839, 673, 686, 854, 717, 637, 682, 859, 1114, 982, 721, 985, 865, 708, 640, 1081, 1559, 1363, 928, 1254, 1300, 915, 644, 1161, 1726, 1502, 982, 1291, 1370, 938, 617, 1154, 1613, 1343, 982, 1418, 1301, 730, 796, 1281, 1941, 1695, 942, 1351, 1331, 833, 692, 1103, 1586, 1469, 877, 1094, 1201, 871, 640, 862, 1183, 1009, 793, 865, 830, 720, 626, 668, 761, 704, 611, 627, 598, 553, 475, 588, 564, 563, 540, 579, 636, 513, 541, 676, 663, 558, 591, 688, 624, 543, 604, 708, 837, 698, 743, 764, 720, 664, 593, 674, 801, 659, 615, 714, 604, 624, 581, 867, 974, 642, 924, 1217, 949, 591, 694, 1254, 1261, 729, 1240, 1572, 1016, 653, 947, 1600, 1740, 1274, 1248, 1492, 1345, 975, 1070, 1722, 1944, 1389, 995, 1211, 1360, 1053, 955, 1163, 1337, 1058, 780, 870, 1003, 907, 722, 826, 979, 861, 735, 858, 876, 844, 729, 710, 833, 858, 759, 761, 715, 734, 625, 751, 837, 801, 696, 709, 625, 584, 627, 704, 692, 716, 650, 736, 732, 613, 695, 620, 793, 808, 593, 583, 638, 610, 588, 571, 689, 710, 528, 620, 644, 741, 699, 493, 539, 601, 684, 783, 675, 652, 636, 546, 646, 622, 588, 643, 733, 671, 529, 778, 777, 774, 671, 698, 902, 746, 567, 746, 737, 900, 829, 718, 836, 792, 679, 743, 851, 774, 664, 742, 765, 663, 615, 845, 960, 801, 725, 773, 724, 717, 597, 914, 832, 960, 863, 799, 889, 830, 726, 854, 1147, 1098, 802, 817, 1037, 909, 690, 837, 1160, 973, 758, 1055, 1135, 933, 634, 640, 805, 786, 644, 798, 861, 747, 627, 703, 914, 835, 583, 651, 715, 720, 623, 749, 895, 830, 607, 754, 1050, 940, 578, 805, 898, 812, 715, 845, 976, 838, 664, 865, 991, 918, 685, 792, 851, 714, 750, 952, 1065, 873, 713, 933, 858, 668, 806, 858, 915, 771, 706, 832, 761, 594, 719, 742, 735, 722, 691, 706, 681, 670, 718, 736, 842, 785, 698, 710, 832, 762, 670, 1036, 1232, 1061, 963, 1140, 1362, 1150, 821, 1503, 1439, 1285, 1379, 1576, 1663, 1435, 1098, 1434, 1687, 1459, 1122, 1372, 1703, 1314, 839, 1314, 2022, 1720, 825, 1477, 1686, 1309, 716, 1408, 1994, 1478, 706, 1371, 1344, 1118, 673, 1247, 1765, 1358, 626, 1268, 1353, 1038, 642, 1564, 2032, 1493, 861, 1483, 1419, 1127, 817, 1987, 2593, 1826, 831, 1426, 1361, 1048, 860, 1677, 1981, 1229, 982, 1213, 1057, 893, 867, 725, 882, 742, 770, 689, 767, 755, 578, 673, 896, 875, 768, 703, 736, 754, 714, 740, 982, 939, 774, 717, 761, 787, 721, 826, 874, 777, 680, 757, 694, 732, 753, 803, 912, 782, 644, 800, 866, 778, 639, 1254, 1634, 1150, 881, 1141, 1386, 1168, 619, 2007, 1997, 1295, 1427, 1473, 1669, 1306, 1078, 2455, 1791, 1347, 1942, 1733, 1764, 1199, 1531, 2455, 1485, 1427, 2198, 1930, 2323, 1461, 1741, 1822, 1299, 1197, 1625, 1579, 1493, 1113, 1370, 1022, 1063, 1087, 1115, 1152, 1180, 1071, 959, 840, 1028, 1083, 852, 1123, 1374, 1234, 828, 1262, 972, 1143, 1010, 1330, 1795, 1314, 830, 1466, 1214, 1230, 1176, 1212, 1651, 1292, 1076, 1312, 1257, 1073, 1019, 1050, 1429, 1315, 814, 1263, 1210, 1083, 944, 990, 1387, 1230, 799, 894, 1050, 946, 651, 904, 1241, 1109, 575, 807, 845, 818, 802, 760, 1013, 966, 717, 929, 1120, 1364, 1075, 720, 1361, 1330, 861, 2375, 2367, 4365, 3485, 1110, 3857, 3759, 2690, 3292, 3287, 6901, 5644, 1322, 4998, 5145, 4614, 2533, 2729, 5611, 4598, 1217, 2980, 3556, 4080, 1729, 1648, 3194, 2808, 1194, 1140, 2185, 2882, 1358, 1397, 1713, 1534, 1152, 1272, 1849, 1821, 1067, 1337, 1414, 1071, 925, 1116, 1156, 856, 1102, 1389, 1643, 1278, 1085, 1256, 1384, 1391, 1172, 1365, 1438, 1129, 1213, 1647, 1685, 1447, 1228, 1515, 1456, 1103, 1613, 2106, 1686, 1156, 1182, 1336, 1176, 983, 1432, 1829, 1468, 1013, 1206, 1585, 1532, 1217, 1416, 1562, 1421, 1236, 1203, 1540, 1537, 1430, 1462, 1384, 1377, 1260, 1228, 1129, 979, 1215, 1259, 1073, 963, 885, 962, 1008, 830, 762, 709, 733, 757, 834, 768, 728, 933, 1130, 1085, 835, 789, 882, 724, 789, 1167, 1367, 1307, 1134, 1048, 919, 871, 1091, 1286, 1299, 1256, 1295, 1234, 1007, 833, 1153, 1319, 1313, 1202, 1142, 1147, 1063, 728, 959, 1163, 1109, 1075, 1022, 993, 950, 641, 808, 832, 712, 770, 905, 868, 656, 747, 787, 740, 597, 583, 810, 699, 546, 740, 746, 867, 733, 560, 732, 716, 681, 565, 644, 779, 607, 479, 683, 685, 657]"
0.36733928322792053,-0.6092431545257568,0.10507260262966156,-0.12957805395126343,0.0,0.0,0.0,-0.8396811485290527,-0.6464481353759766,30.75,-0.8396811485290527,-0.5829334259033203,-25.0,-0.8396811485290527,-0.5320072174072266,31.25,-0.8396811485290527,-0.5051136016845703,20.5,-0.8396811485290527,0.5165576934814453,23.0,"[484, 638, 646, 689, 743, 691, 645, 636, 566, 603, 621, 711, 805, 642, 546, 549, 530, 609, 582, 605, 643, 548, 494, 487, 565, 606, 631, 560, 528, 484, 528, 547, 537, 548, 574, 606, 579, 530, 540, 534, 506, 515, 536, 553, 598, 586, 535, 488, 495, 470, 517, 523, 488, 561, 580, 523, 527, 546, 483, 490, 483, 580, 619, 471, 593, 615, 459, 523, 624, 652, 655, 562, 615, 672, 606, 563, 548, 570, 580, 592, 632, 669, 725, 587, 534, 610, 551, 588, 624, 522, 572, 592, 551, 529, 551, 654, 588, 576, 586, 595, 531, 478, 517, 574, 585, 541, 491, 579, 570, 544, 482, 552, 1306, 1606, 1161, 736, 1086, 1018, 834, 728, 5743, 8122, 5310, 1103, 4544, 4418, 2917, 1064, 10682, 15652, 10539, 1074, 8234, 8179, 5682, 1219, 12470, 21163, 16151, 2420, 9609, 9523, 7123, 1976, 26747, 51587, 43092, 8387, 21444, 23313, 17570, 6256, 43528, 81549, 67198, 13367, 35414, 36977, 27503, 9945, 33055, 57318, 45115, 10443, 26565, 25391, 18266, 7922, 12099, 18253, 13234, 4416, 9277, 8043, 5681, 3347, 4019, 5173, 3415, 1962, 2895, 2572, 2392, 1707, 1556, 2169, 1761, 993, 893, 1229, 1392, 963, 817, 990, 858, 552, 640, 900, 871, 674, 808, 953, 801, 595, 745, 916, 831, 735, 808, 875, 853, 811, 662, 718, 794, 738, 1290, 2259, 1964, 743, 1475, 1667, 1171, 738, 2019, 3116, 2278, 853, 2137, 1952, 1175, 716, 1408, 1923, 1376, 1062, 1575, 1341, 1123, 828, 1186, 1520, 1288, 1158, 1369, 1477, 1216, 879, 975, 1268, 1101, 912, 1063, 1055, 827, 685, 1005, 1452, 1262, 834, 1060, 1011, 723, 654, 911, 1223, 1124, 879, 1060, 1060, 824, 660, 867, 1108, 915, 783, 1064, 1040, 657, 551, 1015, 1230, 926, 887, 1006, 878, 696, 666, 1411, 1982, 1528, 1089, 1210, 1051, 933, 849, 1244, 1839, 1511, 913, 1096, 1286, 1207, 886, 885, 1256, 1051, 722, 925, 1031, 991, 722, 701, 928, 816, 608, 746, 755, 645, 522, 546, 744, 711, 509, 630, 729, 637, 529, 563, 682, 616, 454, 458, 610, 643, 569, 560, 615, 605, 500, 502, 603, 603, 543, 636, 614, 660, 650, 539, 566, 571, 612, 664, 671, 683, 690, 585, 642, 636, 629, 876, 1002, 819, 750, 901, 807, 696, 669, 1370, 1680, 1244, 1107, 1483, 1225, 930, 838, 1843, 2149, 1644, 1608, 2054, 1707, 1019, 1024, 1549, 2011, 1580, 1460, 2221, 1978, 1087, 923, 1288, 1448, 1282, 1103, 1945, 1756, 996, 1261, 2218, 2223, 1181, 1663, 2716, 2080, 966, 1553, 1799, 2040, 1233, 1307, 2134, 1809, 1030, 1030, 1046, 1331, 1187, 807, 1102, 1187, 927, 744, 827, 1000, 941, 681, 746, 887, 736, 592, 652, 873, 898, 624, 721, 729, 721, 637, 719, 877, 832, 693, 761, 843, 840, 742, 694, 882, 814, 514, 654, 893, 777, 529, 761, 922, 798, 580, 707, 910, 937, 696, 954, 1033, 718, 594, 712, 826, 782, 750, 993, 990, 714, 760, 911, 809, 813, 910, 794, 956, 844, 733, 768, 833, 892, 812, 815, 1081, 926, 676, 808, 790, 783, 698, 1023, 1107, 852, 712, 796, 743, 722, 780, 1178, 1016, 857, 1011, 967, 739, 607, 932, 1358, 1104, 962, 1239, 1076, 918, 772, 828, 1129, 1093, 939, 1021, 889, 846, 897, 759, 873, 1139, 1011, 699, 797, 906, 758, 644, 947, 1278, 1100, 653, 793, 972, 764, 652, 884, 1066, 780, 596, 688, 755, 764, 652, 687, 689, 628, 654, 698, 721, 726, 675, 728, 871, 884, 731, 683, 724, 735, 698, 733, 885, 839, 719, 838, 782, 662, 642, 736, 927, 906, 759, 877, 853, 633, 640, 917, 1023, 933, 770, 969, 943, 780, 766, 1219, 1532, 1293, 788, 935, 994, 936, 717, 1320, 1658, 1458, 754, 996, 1177, 1005, 750, 1111, 1521, 1535, 914, 1032, 1415, 1166, 780, 1150, 1587, 1375, 712, 1040, 1364, 1149, 782, 1392, 1631, 1552, 1094, 1110, 1599, 1544, 1135, 1409, 1473, 1502, 1324, 1298, 1425, 1468, 1366, 1152, 1672, 1528, 822, 1162, 1323, 1284, 926, 1313, 1620, 1191, 872, 1101, 1177, 1025, 817, 1492, 1367, 953, 1275, 1245, 1328, 1232, 1166, 1193, 1136, 1049, 1068, 968, 1141, 1188, 1114, 986, 1061, 887, 732, 823, 790, 865, 843, 1057, 1305, 1021, 652, 925, 919, 955, 810, 974, 1346, 1143, 704, 797, 961, 1039, 806, 921, 1203, 1036, 700, 635, 866, 1071, 837, 1080, 1506, 1164, 651, 791, 846, 879, 691, 1308, 1883, 1469, 667, 957, 1088, 1101, 659, 1695, 2094, 1702, 1033, 1138, 1789, 1524, 884, 2276, 2114, 1757, 1606, 1507, 2297, 1927, 1478, 1795, 1543, 1324, 1672, 1560, 1721, 1540, 1667, 1593, 1527, 1601, 1534, 1702, 2058, 1836, 1562, 1127, 1143, 1028, 978, 1032, 1482, 1240, 880, 962, 1005, 961, 708, 907, 1295, 1043, 637, 1550, 1499, 1321, 995, 1033, 1718, 1372, 786, 1797, 1751, 1569, 1360, 1195, 1904, 1695, 1042, 1858, 1593, 1530, 1318, 1159, 1899, 1482, 1160, 2203, 1582, 1858, 1715, 1262, 2264, 1617, 1392, 2093, 1489, 1911, 1876, 1262, 2167, 1588, 1489, 1468, 1202, 1520, 1425, 1082, 1568, 1206, 1193, 1081, 978, 1392, 1157, 904, 1282, 1103, 994, 977, 1452, 1634, 1122, 956, 1356, 1288, 945, 1850, 2490, 3234, 2075, 1413, 3182, 2979, 2014, 3188, 4251, 6351, 4728, 1784, 5704, 6262, 4587, 3218, 3920, 5687, 4456, 1693, 5076, 6090, 4634, 2470, 2744, 3047, 2575, 2025, 3410, 4143, 3369, 2056, 2127, 2680, 2219, 1644, 2118, 2804, 2878, 1588, 1422, 1552, 1403, 1251, 1629, 1570, 1664, 1536, 1774, 1434, 1287, 1608, 1920, 1762, 1401, 1676, 1886, 1723, 1584, 1676, 1791, 1753, 1817, 1750, 1777, 1742, 1603, 1543, 1640, 1746, 1982, 2063, 1802, 2006, 1874, 1807, 2107, 2457, 2543, 2181, 1647, 1881, 1978, 2142, 2355, 2607, 2660, 1853, 1481, 1591, 1856, 2214, 2522, 2532, 2376, 1343, 1392, 1525, 1522, 1760, 2025, 2353, 2203, 1230, 1585, 1606, 1267, 1638, 2126, 2424, 2062, 1061, 1395, 1376, 1325, 1564, 1872, 1748, 1460, 1118, 1304, 1121, 933, 1166, 1346, 1194, 746, 1063, 1135, 1092, 910, 981, 1002, 879, 890, 1094, 1088, 1219, 1187, 1019, 994, 950, 1152, 1216, 925, 1199, 1305, 996, 904, 1122, 1407, 1194, 997, 1033, 1237, 1065, 854, 1072, 1268, 886, 975, 827, 705, 690, 806, 791, 741, 769, 823, 725, 550, 599, 788, 787, 630, 652, 659, 585, 553, 551, 658, 595, 515, 592, 632, 688, 648, 669, 578, 698, 717]"
0.008496016263961792,-0.7156298160552979,0.14002209901809692,-0.9441743493080139,-0.07662266492843628,-0.12849614024162292,-0.92018061876297,-0.9348761439323425,-0.4042625427246094,-31.5,-0.9348761439323425,-0.3948211669921875,22.25,-0.5552183985710144,-0.33016204833984375,21.25,0.6153691411018372,0.9140968322753906,15.5,0.70735102891922,0.7455825805664062,16.5,"[506, 596, 600, 571, 504, 571, 602, 596, 664, 813, 632, 592, 674, 716, 738, 560, 619, 578, 537, 665, 591, 520, 605, 548, 619, 636, 548, 575, 610, 532, 571, 582, 500, 505, 471, 415, 472, 524, 516, 528, 558, 528, 485, 464, 524, 502, 531, 551, 484, 523, 605, 518, 450, 597, 609, 513, 524, 619, 612, 505, 451, 613, 619, 533, 500, 616, 600, 538, 482, 576, 556, 488, 575, 555, 630, 580, 580, 642, 528, 551, 624, 549, 505, 482, 512, 486, 476, 564, 600, 520, 468, 550, 548, 428, 484, 609, 702, 836, 766, 683, 515, 710, 894, 726, 4707, 7827, 6316, 2399, 1911, 4608, 6273, 3997, 13606, 23813, 19225, 6321, 5480, 12842, 17524, 10321, 15290, 27237, 22004, 6869, 6234, 13935, 19154, 10823, 6989, 11753, 8986, 2746, 2802, 6933, 8769, 4573, 5310, 11448, 10671, 3091, 5567, 7941, 5470, 2322, 7225, 17191, 16868, 5548, 8477, 11411, 6523, 4185, 3873, 8436, 8532, 3263, 5093, 6901, 4350, 2573, 1293, 2183, 1944, 919, 1641, 2369, 2220, 1285, 1609, 3371, 3109, 1159, 1683, 2019, 1604, 1018, 1083, 1867, 1703, 1082, 1096, 1069, 1060, 901, 866, 1267, 1237, 974, 1092, 1156, 1040, 1030, 939, 1369, 1220, 712, 1032, 1195, 955, 790, 1762, 2794, 2235, 744, 1470, 1702, 1620, 746, 2978, 5069, 3977, 1016, 2378, 2466, 2376, 918, 2935, 5056, 3981, 984, 2891, 2871, 2193, 978, 2274, 3909, 3121, 847, 2324, 2402, 1747, 818, 1763, 3093, 2548, 791, 1322, 1499, 1505, 770, 813, 1402, 1366, 770, 600, 845, 948, 661, 1372, 2128, 1881, 1034, 998, 1083, 1094, 716, 2768, 4981, 4090, 1179, 1913, 2207, 1993, 867, 3791, 6921, 5600, 1221, 2744, 2913, 2690, 1003, 4515, 8505, 6965, 1539, 3301, 3225, 3175, 1328, 3397, 6383, 5275, 1402, 2649, 2484, 2331, 1269, 1817, 3055, 2474, 819, 1500, 1330, 1289, 835, 1083, 1505, 1176, 593, 992, 948, 861, 664, 808, 1023, 937, 711, 831, 982, 822, 727, 839, 1084, 1020, 739, 694, 877, 950, 727, 874, 1087, 920, 650, 555, 730, 865, 639, 693, 870, 744, 538, 483, 670, 664, 550, 593, 698, 590, 489, 527, 611, 626, 549, 676, 736, 580, 541, 752, 737, 624, 615, 651, 667, 635, 609, 720, 786, 701, 663, 803, 703, 648, 734, 821, 708, 583, 745, 846, 902, 671, 701, 802, 740, 589, 590, 1162, 1301, 879, 901, 1033, 1012, 869, 769, 1735, 2216, 1428, 1056, 1874, 1684, 927, 885, 2424, 3583, 2316, 1571, 4101, 3938, 1787, 1038, 2108, 3343, 2181, 1785, 4556, 4553, 2253, 915, 1419, 1536, 1111, 1386, 1941, 1871, 1322, 886, 1383, 1705, 1496, 1198, 1187, 1024, 820, 753, 1062, 1164, 1166, 947, 1063, 1116, 795, 713, 1012, 1061, 855, 832, 794, 1022, 910, 770, 1021, 1214, 1136, 868, 825, 1074, 965, 740, 1094, 1187, 1213, 900, 770, 1146, 1067, 879, 1175, 1397, 1267, 926, 926, 1078, 1039, 944, 1102, 1258, 1262, 1068, 935, 1036, 1107, 1087, 1489, 1545, 1220, 1210, 1175, 1061, 847, 1123, 1525, 1797, 1279, 1159, 1299, 1358, 983, 1125, 981, 1110, 859, 753, 860, 977, 803, 777, 779, 901, 688, 480, 638, 756, 668, 528, 830, 982, 921, 657, 690, 810, 748, 643, 707, 906, 908, 668, 696, 791, 782, 619, 586, 866, 896, 645, 720, 815, 694, 540, 722, 923, 899, 698, 732, 880, 780, 590, 882, 962, 870, 694, 690, 939, 834, 647, 999, 1109, 910, 787, 720, 815, 853, 701, 851, 972, 942, 811, 689, 786, 762, 761, 1325, 1916, 1638, 921, 899, 1077, 1266, 773, 2440, 4120, 3325, 1022, 1482, 2004, 2492, 1049, 2840, 4935, 3864, 1048, 1718, 2239, 2905, 1108, 2187, 3581, 2804, 882, 1404, 1707, 2020, 908, 1185, 2115, 2174, 1168, 932, 1303, 1423, 1112, 1533, 1886, 2055, 1393, 1026, 1540, 1461, 1147, 1378, 1240, 1179, 1299, 1103, 1243, 1111, 941, 1153, 1250, 935, 809, 942, 1067, 1023, 630, 1099, 1627, 1438, 995, 1005, 1243, 1260, 895, 784, 1340, 1468, 1064, 889, 1187, 1279, 1046, 778, 890, 1242, 1020, 791, 954, 1005, 883, 780, 845, 794, 676, 737, 835, 786, 782, 910, 1068, 883, 640, 814, 889, 721, 739, 1108, 1487, 1267, 749, 928, 1081, 918, 638, 1096, 1391, 1106, 645, 785, 986, 912, 578, 884, 1038, 880, 713, 710, 742, 727, 602, 686, 707, 770, 765, 752, 656, 611, 745, 699, 822, 768, 683, 752, 807, 827, 682, 809, 772, 754, 710, 613, 703, 806, 822, 1189, 1094, 1280, 1100, 765, 956, 1138, 1427, 1307, 1201, 1408, 1022, 932, 1225, 1313, 1543, 764, 1074, 1081, 753, 674, 897, 1181, 1038, 1146, 1176, 912, 913, 809, 861, 982, 1005, 1362, 1285, 974, 867, 933, 1090, 1003, 1080, 1124, 1180, 1003, 819, 933, 1167, 1090, 866, 1083, 1168, 1043, 825, 944, 1208, 1191, 806, 988, 1080, 1066, 890, 774, 1092, 1355, 1153, 1120, 1253, 1169, 996, 921, 1578, 1724, 1336, 1135, 1223, 1245, 848, 1031, 1709, 1603, 1145, 1061, 952, 999, 768, 1083, 1539, 1210, 950, 782, 729, 798, 860, 816, 849, 858, 817, 799, 754, 821, 800, 731, 836, 875, 739, 814, 989, 875, 692, 723, 896, 1074, 857, 1009, 1215, 1583, 1105, 732, 1170, 1368, 1289, 1973, 2687, 4234, 2761, 865, 2864, 4492, 4391, 2615, 3814, 5702, 3619, 1329, 4096, 6590, 6155, 1560, 2990, 3130, 1580, 1449, 3264, 4220, 3108, 1565, 1969, 1882, 1298, 1318, 2066, 2102, 1516, 1379, 2306, 2950, 1585, 1073, 1997, 2792, 2468, 1527, 2455, 2669, 1337, 1331, 1690, 2280, 2249, 2757, 3205, 2535, 1352, 1619, 2180, 1646, 1732, 4446, 4282, 2148, 1277, 3013, 4359, 3223, 2190, 4585, 3382, 1546, 2006, 3340, 4372, 4053, 4047, 3236, 2325, 2219, 1902, 2406, 3306, 3947, 4104, 3112, 2500, 2270, 1843, 1748, 2410, 3241, 3595, 1972, 2340, 2384, 1442, 1150, 1834, 2331, 2138, 944, 1822, 2041, 1225, 785, 1525, 1816, 1158, 1196, 1612, 1806, 1242, 827, 1305, 1552, 1226, 1041, 1448, 1401, 826, 779, 954, 999, 902, 703, 1133, 1215, 813, 754, 997, 1134, 969, 762, 969, 1150, 909, 767, 1108, 1409, 1231, 990, 838, 1239, 1024, 857, 1203, 1765, 1716, 952, 590, 1103, 1107, 740, 821, 1382, 1486, 751, 586, 843, 974, 696, 613, 852, 963, 738, 602, 657, 801, 718, 746, 914, 954, 716, 685, 561, 544, 606, 830, 849, 706, 728, 759, 654, 513, 536, 673, 641, 601, 670, 658, 769, 655, 552, 639, 718, 718]"
-0.24226781725883484,-0.8016511797904968,-0.17333529889583588,-1.2977452278137207,-0.14480185508728027,-0.49895867705345154,-1.1621904373168945,-0.44771808385849,-0.3428936004638672,31.75,-0.39493221044540405,-0.08225440979003906,29.75,-0.3837742209434509,-0.11715888977050781,-25.25,-0.3734745383262634,-0.10170936584472656,-25.0,-0.3420032858848572,-0.07123947143554688,-31.0,"[743, 649, 531, 606, 729, 601, 527, 647, 621, 574, 552, 565, 602, 586, 545, 587, 479, 475, 570, 521, 504, 514, 498, 531, 534, 498, 478, 547, 576, 481, 482, 524, 466, 528, 444, 518, 512, 491, 489, 390, 556, 606, 526, 510, 510, 499, 485, 439, 485, 503, 515, 541, 539, 551, 512, 477, 444, 569, 597, 524, 557, 601, 565, 479, 529, 512, 498, 472, 541, 526, 520, 595, 543, 481, 492, 465, 524, 528, 592, 600, 538, 502, 458, 472, 550, 553, 471, 476, 548, 564, 622, 519, 572, 577, 634, 619, 1428, 1021, 1038, 969, 832, 757, 1081, 1574, 6301, 10921, 13295, 8024, 2547, 8144, 15936, 14735, 8320, 30993, 36978, 20451, 2602, 23982, 44781, 37650, 6079, 30118, 36691, 20335, 3763, 24468, 45305, 37975, 5966, 16972, 19563, 10312, 4652, 13739, 23660, 19748, 7262, 22842, 22741, 8457, 5285, 9693, 17228, 12678, 10772, 37246, 38686, 15687, 7791, 13276, 23093, 17384, 9374, 33028, 35006, 15186, 5717, 12109, 21552, 16563, 3989, 13089, 14035, 6719, 1364, 4705, 9737, 7788, 1690, 3347, 3564, 2036, 1440, 1483, 2236, 2220, 946, 1310, 1389, 1009, 893, 913, 718, 955, 770, 1467, 1466, 815, 789, 871, 902, 810, 1539, 2927, 2464, 1009, 1859, 1588, 1398, 1345, 2004, 3644, 2873, 1528, 2768, 2316, 1534, 1456, 3042, 5665, 4652, 2072, 2734, 2979, 3170, 1754, 4189, 7999, 6649, 2165, 2367, 3084, 4531, 2137, 3191, 5932, 4770, 1267, 1879, 2208, 3154, 1411, 849, 1108, 898, 573, 695, 830, 917, 553, 1289, 2495, 2318, 998, 1385, 1755, 1336, 755, 1613, 2730, 2242, 922, 2233, 2456, 1337, 705, 1792, 3141, 2474, 588, 1986, 2174, 1536, 789, 1355, 2235, 1754, 655, 1130, 1038, 939, 724, 1281, 1946, 1408, 596, 1097, 1079, 922, 572, 1041, 1314, 1026, 686, 789, 823, 817, 584, 1371, 1951, 1480, 669, 889, 1130, 1041, 639, 1306, 1719, 1274, 711, 853, 1104, 1049, 628, 1011, 1341, 1077, 819, 742, 943, 1008, 643, 921, 1358, 1183, 886, 861, 1073, 1254, 872, 1093, 1359, 1199, 891, 846, 1017, 1161, 908, 849, 834, 777, 708, 701, 805, 824, 786, 592, 656, 651, 509, 524, 602, 636, 581, 502, 602, 689, 581, 611, 574, 647, 698, 582, 690, 619, 555, 666, 726, 747, 692, 665, 671, 676, 639, 601, 760, 754, 674, 754, 806, 702, 546, 680, 753, 679, 671, 590, 664, 694, 660, 626, 683, 810, 708, 760, 864, 754, 734, 920, 801, 758, 720, 1369, 1625, 1316, 1051, 1433, 1339, 1046, 883, 1858, 2374, 1925, 1255, 1705, 1970, 1691, 1231, 2304, 2850, 2225, 1672, 1997, 2438, 2171, 1227, 2221, 2678, 1980, 1531, 1970, 2175, 1801, 1040, 1352, 1993, 1619, 949, 1317, 1662, 1313, 691, 1063, 1624, 1324, 682, 977, 1210, 1000, 755, 1096, 1669, 1365, 749, 1116, 1178, 1097, 852, 1063, 1367, 1314, 987, 990, 1194, 1165, 893, 1083, 1377, 1467, 1138, 990, 1513, 1365, 826, 936, 1177, 1309, 918, 942, 1493, 1274, 835, 964, 990, 978, 810, 765, 944, 980, 938, 1000, 969, 947, 848, 864, 888, 807, 837, 1024, 1111, 761, 697, 797, 787, 684, 630, 1119, 1212, 936, 817, 765, 682, 724, 899, 887, 1059, 908, 682, 748, 815, 879, 788, 653, 930, 875, 593, 666, 806, 944, 790, 681, 1155, 1059, 655, 622, 777, 1032, 851, 794, 1275, 1286, 817, 678, 974, 1346, 1050, 916, 1118, 1033, 644, 607, 1071, 1261, 910, 874, 1071, 1012, 711, 618, 907, 1012, 811, 1136, 1886, 2031, 1244, 759, 1137, 1796, 1540, 1250, 2485, 2560, 1402, 793, 1182, 2109, 1812, 1086, 1751, 1668, 1015, 778, 890, 1204, 1116, 911, 1862, 1829, 1049, 613, 906, 1504, 1229, 965, 1547, 1771, 1224, 741, 1064, 1223, 1157, 2103, 1451, 1822, 1692, 1185, 2197, 1439, 1309, 2453, 1628, 1488, 1666, 1241, 2126, 1389, 1430, 1645, 1506, 1015, 1134, 926, 1242, 1037, 939, 1327, 1201, 1425, 1402, 837, 1168, 1047, 981, 978, 868, 1195, 1115, 749, 972, 877, 924, 946, 751, 966, 868, 571, 750, 852, 1026, 1263, 1061, 998, 872, 772, 929, 875, 1177, 1696, 1497, 1038, 859, 1001, 1220, 1085, 1263, 1413, 1155, 940, 785, 837, 947, 966, 1176, 880, 797, 778, 723, 707, 731, 695, 910, 757, 990, 965, 674, 698, 850, 999, 925, 715, 855, 890, 688, 642, 790, 956, 907, 720, 605, 700, 715, 691, 709, 800, 870, 680, 570, 582, 681, 664, 697, 811, 824, 1609, 1306, 797, 801, 1155, 1680, 1706, 1590, 3139, 2225, 1035, 1157, 1716, 2397, 2484, 2811, 2675, 1670, 927, 1086, 1404, 1760, 2016, 2602, 1604, 1045, 909, 931, 1051, 1038, 1472, 1862, 1169, 716, 669, 626, 726, 810, 1038, 1390, 969, 1059, 1205, 884, 645, 961, 1157, 1094, 822, 1073, 1091, 816, 784, 911, 1076, 888, 994, 899, 927, 691, 632, 857, 1085, 1052, 1160, 964, 805, 646, 714, 923, 1174, 1170, 867, 889, 888, 769, 742, 862, 944, 823, 1312, 962, 1004, 900, 733, 931, 836, 1129, 1116, 1076, 1267, 1131, 629, 941, 1120, 1042, 1306, 1417, 1409, 1067, 754, 1077, 1358, 1459, 1255, 1466, 1267, 793, 804, 1085, 1361, 1326, 1051, 1205, 1099, 828, 772, 917, 1099, 991, 908, 1300, 1412, 1147, 793, 1136, 1880, 1638, 1546, 2030, 3063, 2124, 1137, 1791, 4328, 4339, 2743, 2558, 4525, 3309, 1681, 2377, 6302, 6679, 2784, 2417, 4584, 3438, 1798, 2167, 5962, 6507, 1508, 2668, 3177, 1918, 1139, 2589, 4949, 4428, 1511, 2242, 1444, 1396, 943, 2235, 3226, 1981, 2110, 1841, 981, 1404, 1177, 1189, 1180, 1122, 2211, 2016, 1441, 1525, 1555, 1122, 1205, 1730, 2296, 1600, 1467, 1471, 1494, 1275, 1584, 2449, 3044, 1908, 1607, 1565, 1533, 1966, 2183, 2910, 2154, 2123, 1561, 1147, 1182, 1773, 1927, 1676, 1077, 1406, 1534, 1026, 641, 1052, 1435, 1402, 1621, 1120, 1385, 1144, 948, 982, 1123, 1873, 1323, 908, 1078, 804, 864, 972, 1431, 1740, 650, 820, 950, 816, 648, 807, 1186, 1079, 726, 718, 841, 852, 739, 623, 779, 829, 821, 700, 917, 895, 772, 710, 1284, 1387, 870, 663, 1007, 954, 697, 558, 1003, 1257, 707, 602, 917, 894, 490, 833, 1081, 954, 543, 570, 743, 695, 470, 631, 735, 706, 531, 567, 671, 542, 445, 524, 650, 648, 526, 614, 594, 528, 508, 629, 697, 574, 863, 687, 505, 639, 615, 717, 712, 697, 866, 592, 576, 646, 610, 795, 731, 773, 841, 866, 726, 597, 523, 847, 714, 532]"
-0.3583114445209503,-0.7842578887939453,-0.47504785656929016,-1.300154685974121,-0.07993438839912415,-0.7915644645690918,-0.9854298830032349,-0.2864038944244385,-0.3951072692871094,24.0,-0.17782807350158691,0.09169578552246094,30.75,-0.16767144203186035,-0.03833770751953125,27.25,-0.1666700839996338,0.0,29.0,-0.1643812656402588,0.03490447998046875,21.25,"[473, 585, 664, 681, 670, 680, 666, 588, 528, 596, 623, 595, 649, 677, 622, 502, 497, 529, 562, 574, 555, 535, 471, 459, 563, 588, 522, 535, 566, 557, 464, 475, 498, 584, 562, 549, 480, 503, 607, 585, 502, 487, 489, 490, 487, 560, 628, 575, 550, 535, 592, 524, 524, 521, 564, 578, 482, 568, 601, 517, 498, 533, 540, 456, 576, 553, 505, 512, 552, 583, 551, 588, 549, 466, 540, 554, 525, 604, 560, 524, 489, 452, 515, 530, 465, 526, 537, 457, 611, 563, 474, 512, 502, 488, 545, 583, 574, 565, 510, 459, 505, 573, 505, 543, 810, 851, 689, 595, 617, 932, 928, 669, 2426, 4526, 3658, 2182, 1604, 4957, 6291, 3650, 4028, 9884, 9448, 5770, 2738, 10422, 15879, 11372, 4251, 11047, 11903, 7095, 2937, 11021, 19345, 15541, 4082, 7554, 8935, 5482, 2579, 6325, 12726, 11646, 5567, 10378, 11396, 5911, 3178, 4853, 9269, 7325, 6353, 15014, 15015, 7099, 3391, 7334, 12054, 8273, 5584, 10848, 11371, 5469, 2665, 5118, 9729, 8119, 3140, 4499, 4588, 2365, 1338, 2343, 4903, 4982, 1227, 1848, 2054, 1335, 761, 1235, 2092, 2082, 1435, 2638, 2376, 1111, 1052, 1360, 1841, 1427, 1518, 3664, 3637, 1467, 1157, 1551, 1963, 1321, 956, 2301, 2436, 1169, 795, 1209, 1295, 1000, 695, 1061, 1435, 985, 595, 1082, 1168, 1026, 1629, 3540, 3449, 1541, 1065, 2298, 3049, 2035, 1812, 3596, 3202, 1287, 1046, 2143, 2680, 1518, 877, 1107, 955, 740, 697, 979, 1126, 916, 2020, 4206, 3588, 1050, 1505, 1781, 2658, 1665, 3168, 5645, 4258, 919, 2167, 2248, 3039, 1594, 3640, 5715, 3832, 755, 2423, 2114, 2559, 1012, 2793, 3772, 2437, 1078, 2040, 1632, 1390, 907, 2100, 3043, 2301, 1167, 1731, 1648, 1506, 1034, 1472, 2302, 1841, 985, 1240, 1266, 1538, 1022, 1186, 2044, 1724, 838, 1027, 1022, 1294, 893, 1302, 2053, 1601, 905, 1156, 1436, 1309, 798, 1314, 1631, 1463, 1251, 1180, 1936, 1880, 1100, 993, 981, 1300, 1340, 1043, 1381, 1589, 1088, 841, 841, 1066, 1112, 907, 808, 952, 953, 827, 938, 827, 826, 815, 977, 852, 717, 780, 1139, 943, 667, 809, 858, 781, 586, 850, 1149, 1097, 740, 815, 800, 832, 751, 949, 1171, 1039, 787, 883, 865, 865, 806, 879, 1065, 1065, 871, 960, 848, 707, 803, 1041, 1087, 831, 1059, 1272, 915, 636, 858, 945, 1061, 905, 861, 1259, 1143, 761, 831, 1179, 1234, 904, 715, 1180, 1192, 738, 747, 1229, 1302, 1114, 769, 1003, 1208, 987, 850, 2197, 2691, 2375, 1588, 2384, 2912, 1724, 1269, 4131, 4949, 3466, 2289, 3596, 3679, 2062, 2151, 4395, 5245, 3381, 2164, 3347, 2906, 1448, 2092, 3302, 4132, 2916, 2099, 2398, 2097, 1835, 2077, 2658, 4057, 3489, 2042, 1381, 2038, 2788, 2327, 2177, 3795, 3264, 1547, 1232, 1669, 2535, 1834, 1260, 2072, 1871, 948, 840, 1125, 1370, 1063, 1110, 1521, 1583, 1181, 957, 1160, 1238, 1061, 1301, 2205, 2028, 1424, 1397, 1519, 1566, 1300, 1653, 2588, 2418, 1490, 1602, 1501, 1351, 1362, 1228, 1731, 1817, 1270, 1136, 1068, 1028, 1155, 799, 1279, 1381, 1170, 882, 947, 1096, 1042, 905, 1301, 1273, 935, 826, 1232, 1331, 907, 830, 1211, 1228, 724, 742, 1126, 1152, 836, 743, 926, 968, 743, 642, 791, 999, 808, 654, 1134, 1330, 891, 561, 1058, 1619, 1378, 785, 1376, 1544, 1002, 637, 1406, 2205, 1812, 781, 1027, 918, 754, 748, 1097, 1275, 937, 818, 925, 885, 798, 804, 796, 783, 808, 964, 1259, 1495, 1120, 786, 810, 1341, 1415, 902, 1338, 1659, 1145, 746, 893, 1686, 1732, 780, 1308, 1405, 965, 756, 1161, 1663, 1446, 798, 1130, 1006, 742, 852, 1128, 1040, 657, 1290, 1079, 902, 880, 1039, 974, 835, 1074, 1551, 1126, 789, 1053, 1235, 980, 965, 1472, 1325, 1082, 930, 1048, 1069, 787, 913, 1234, 978, 1172, 1097, 820, 735, 871, 987, 932, 852, 1050, 879, 644, 690, 834, 772, 656, 798, 780, 803, 780, 788, 782, 777, 702, 809, 728, 733, 727, 695, 780, 739, 803, 721, 714, 722, 658, 659, 660, 794, 755, 784, 889, 802, 656, 665, 694, 902, 878, 736, 866, 842, 694, 778, 788, 811, 760, 578, 710, 841, 723, 644, 733, 812, 718, 584, 665, 652, 573, 560, 791, 827, 689, 705, 700, 705, 631, 572, 660, 794, 720, 712, 600, 683, 661, 650, 684, 748, 760, 1051, 715, 778, 923, 835, 879, 1293, 1398, 2602, 1626, 1191, 1590, 1355, 1388, 2703, 3218, 2631, 2004, 1458, 1452, 1405, 1553, 2867, 3173, 785, 1179, 1366, 1006, 651, 1073, 1581, 1352, 928, 828, 1105, 972, 722, 745, 1157, 1341, 827, 813, 921, 794, 705, 758, 1050, 1106, 802, 899, 879, 727, 718, 767, 695, 695, 788, 762, 797, 726, 720, 701, 569, 697, 712, 743, 792, 760, 734, 671, 654, 748, 739, 730, 858, 857, 839, 747, 795, 834, 979, 905, 845, 890, 865, 838, 832, 1047, 882, 861, 900, 783, 695, 734, 853, 946, 879, 636, 726, 852, 681, 577, 910, 1062, 1057, 866, 590, 747, 724, 654, 650, 863, 983, 996, 806, 736, 791, 802, 744, 809, 991, 964, 868, 825, 698, 780, 752, 821, 960, 805, 1040, 888, 707, 826, 856, 1099, 1100, 881, 1395, 1012, 716, 806, 1410, 1745, 988, 1127, 1220, 753, 804, 969, 1756, 1787, 1103, 979, 1003, 1252, 919, 1016, 1409, 1216, 1016, 951, 1145, 1250, 817, 858, 1018, 905, 787, 800, 1103, 1093, 773, 683, 1013, 1045, 615, 698, 815, 819, 768, 622, 984, 950, 754, 614, 646, 841, 833, 570, 670, 803, 1125, 825, 899, 960, 882, 913, 1103, 1246, 1371, 903, 1027, 1519, 863, 1166, 1883, 1636, 909, 791, 954, 1235, 718, 1068, 1528, 1080, 835, 874, 1077, 982, 618, 948, 1083, 892, 685, 789, 747, 766, 676, 728, 868, 749, 874, 980, 820, 724, 832, 780, 1021, 1062, 980, 869, 1013, 873, 849, 832, 1181, 1304, 854, 808, 725, 763, 747, 775, 1042, 1098, 744, 654, 744, 766, 601, 713, 1087, 1097, 618, 668, 745, 775, 552, 690, 1029, 923, 614, 640, 828, 802, 540, 559, 743, 792, 529, 512, 654, 677, 472, 507, 589, 632, 476, 473, 538, 605, 443, 524, 640, 520, 466, 440, 550, 590, 454, 448, 506, 485, 548, 494, 506, 544, 430, 372, 524, 574, 452, 508, 407, 361, 395, 511, 533, 516, 497, 519, 450, 469, 401, 472, 567, 523]"
-0.4212910532951355,-0.6568892002105713,-0.6147779226303101,-1.1613223552703857,0.1570112109184265,-0.8809314370155334,-0.6325825452804565,-0.12530076503753662,0.43931007385253906,27.5,-0.03789651393890381,0.07839202880859375,24.75,-0.02115952968597412,0.1652240753173828,28.0,-0.011289000511169434,0.2208709716796875,27.75,0.024330735206604004,0.09698867797851562,18.0,"[455, 603, 716, 640, 588, 646, 710, 600, 514, 670, 658, 637, 626, 637, 549, 511, 531, 641, 557, 531, 602, 615, 512, 395, 415, 423, 509, 573, 484, 447, 522, 472, 499, 458, 451, 539, 497, 354, 434, 513, 572, 489, 474, 486, 539, 512, 498, 574, 512, 541, 535, 445, 525, 552, 478, 473, 469, 564, 620, 552, 533, 504, 544, 509, 600, 505, 595, 628, 569, 488, 554, 611, 651, 616, 517, 515, 657, 600, 538, 619, 594, 682, 582, 514, 571, 625, 547, 478, 577, 634, 587, 515, 528, 529, 506, 523, 465, 562, 513, 460, 531, 516, 460, 512, 534, 549, 549, 496, 542, 621, 633, 580, 582, 517, 553, 559, 623, 555, 590, 627, 834, 1309, 1026, 748, 652, 1266, 1686, 1164, 1462, 5121, 4272, 2691, 1082, 5900, 8881, 5802, 3219, 9818, 8000, 4785, 2197, 11103, 16623, 10889, 5159, 9325, 7039, 4172, 3299, 9843, 13455, 8523, 5276, 9736, 8861, 5553, 3715, 8967, 13411, 9643, 6010, 13985, 14476, 8412, 3857, 10359, 16214, 11869, 9251, 11718, 12412, 7098, 4686, 7251, 13665, 13463, 9635, 5281, 10177, 6715, 4056, 5500, 16089, 18575, 5192, 4779, 8101, 5556, 2462, 5402, 12300, 12638, 1892, 5179, 5877, 3000, 1896, 3250, 4943, 4235, 1206, 2947, 3517, 1673, 1276, 2031, 2096, 2109, 1471, 2003, 1660, 853, 1086, 1359, 1379, 968, 1365, 2444, 2019, 826, 993, 1126, 1309, 947, 2215, 4084, 3286, 918, 1332, 1833, 2488, 1205, 4943, 9182, 7331, 1754, 2563, 3767, 5331, 2053, 6092, 11652, 9609, 2608, 3250, 4299, 6348, 2731, 3117, 5985, 5225, 2037, 1838, 2350, 3329, 1926, 3100, 4894, 3461, 1089, 1961, 2145, 2491, 942, 4840, 8684, 6686, 1537, 2642, 3025, 4664, 1825, 4590, 7865, 5795, 1098, 2417, 2838, 4199, 1478, 4065, 6425, 4456, 782, 2243, 2234, 3016, 879, 3263, 4666, 3114, 702, 1903, 1947, 1993, 837, 1632, 1816, 1205, 801, 1132, 1139, 984, 1018, 664, 1234, 1283, 872, 709, 1076, 1305, 941, 1117, 1292, 1074, 873, 965, 1405, 1393, 1062, 1319, 1639, 1381, 994, 1174, 1781, 1824, 1196, 963, 1382, 1433, 1091, 1042, 1532, 1824, 1444, 756, 824, 1121, 1024, 752, 816, 982, 1073, 857, 858, 961, 743, 731, 961, 1030, 932, 956, 1144, 1035, 850, 685, 951, 1157, 937, 911, 1170, 985, 714, 698, 790, 913, 745, 948, 1082, 803, 644, 899, 1028, 877, 628, 1411, 1813, 1117, 991, 2116, 1974, 1024, 759, 1748, 2506, 1652, 1332, 3075, 2974, 1437, 877, 1541, 2174, 1507, 1475, 2784, 2555, 1221, 813, 1725, 1862, 1086, 1761, 2498, 1786, 751, 1077, 2168, 1786, 1355, 2440, 2488, 1280, 1205, 1589, 2518, 1850, 2727, 3550, 2403, 1808, 2479, 2415, 2672, 2414, 3416, 3555, 2706, 2930, 3066, 2667, 2263, 2225, 3040, 2700, 1907, 2887, 2844, 2297, 1438, 1456, 1883, 1471, 1134, 2262, 2095, 1334, 966, 1138, 1253, 1146, 832, 1419, 1497, 956, 1259, 1449, 1372, 1214, 914, 1052, 1201, 1139, 1341, 1700, 1716, 1297, 800, 1108, 1483, 1433, 1067, 1655, 1678, 966, 681, 1095, 1407, 1149, 899, 1472, 1521, 961, 801, 1021, 1226, 1045, 1161, 1673, 1593, 1151, 785, 1020, 1212, 1089, 1226, 1728, 1527, 898, 910, 1099, 1065, 873, 1144, 1682, 1469, 687, 910, 1134, 1224, 900, 810, 1245, 1071, 638, 723, 879, 1070, 740, 732, 821, 763, 763, 671, 770, 772, 673, 664, 896, 968, 705, 719, 883, 922, 830, 761, 921, 864, 621, 699, 799, 850, 901, 727, 843, 890, 761, 751, 697, 792, 852, 637, 865, 1027, 876, 581, 699, 845, 833, 775, 1049, 1101, 816, 625, 833, 990, 962, 1009, 1075, 1267, 1064, 809, 976, 1206, 1282, 1533, 1066, 1441, 1469, 1306, 1244, 1350, 1668, 1677, 1057, 1566, 1728, 1426, 1099, 1367, 1815, 1230, 833, 1471, 1438, 1016, 965, 1254, 1494, 955, 656, 888, 807, 655, 875, 1002, 1098, 841, 714, 621, 593, 668, 793, 808, 831, 903, 848, 665, 621, 586, 646, 634, 780, 866, 754, 685, 694, 656, 674, 807, 889, 757, 698, 725, 690, 575, 613, 794, 842, 693, 753, 857, 792, 677, 648, 708, 753, 584, 642, 778, 642, 613, 655, 708, 747, 470, 540, 597, 561, 591, 680, 753, 674, 553, 651, 713, 644, 624, 660, 767, 688, 660, 805, 746, 606, 627, 682, 689, 601, 737, 789, 765, 759, 681, 592, 777, 788, 783, 880, 983, 951, 820, 783, 1000, 918, 1118, 766, 1144, 1256, 1076, 933, 1044, 1259, 1783, 791, 1107, 1296, 1202, 1057, 1161, 1903, 1519, 874, 718, 910, 961, 957, 1007, 1520, 639, 654, 699, 693, 598, 729, 857, 714, 972, 817, 724, 713, 801, 794, 768, 904, 1115, 767, 625, 655, 928, 841, 726, 1081, 1178, 658, 737, 882, 960, 759, 888, 1336, 867, 663, 763, 921, 859, 631, 987, 1140, 809, 723, 884, 1040, 891, 612, 913, 975, 854, 684, 803, 763, 708, 561, 763, 1008, 745, 724, 763, 721, 609, 601, 753, 890, 824, 741, 682, 796, 799, 636, 709, 828, 730, 642, 686, 656, 742, 672, 687, 834, 701, 696, 786, 785, 676, 643, 759, 757, 652, 658, 821, 798, 707, 715, 663, 645, 692, 632, 750, 830, 785, 707, 822, 896, 900, 624, 813, 792, 579, 716, 1259, 1395, 856, 851, 983, 999, 709, 925, 1619, 1531, 836, 979, 1176, 1369, 938, 1040, 1833, 1616, 1181, 1014, 1511, 1511, 942, 1053, 2080, 2169, 1094, 978, 1396, 1374, 949, 957, 1609, 1727, 986, 861, 1142, 1108, 847, 1007, 1056, 1055, 967, 745, 972, 1265, 895, 924, 1175, 1074, 1360, 843, 910, 1247, 1061, 898, 1052, 1383, 1632, 736, 1325, 1783, 1169, 897, 1379, 1799, 1347, 672, 1668, 1945, 1154, 892, 1335, 1654, 925, 707, 1430, 1467, 875, 792, 1104, 1214, 849, 766, 944, 960, 776, 695, 819, 962, 814, 740, 771, 780, 699, 686, 773, 918, 617, 686, 691, 660, 646, 696, 924, 826, 662, 647, 527, 642, 596, 571, 754, 696, 651, 639, 541, 529, 541, 609, 639, 599, 738, 760, 587, 521, 624, 701, 584, 506, 701, 709, 499, 535, 678, 670, 568, 539, 618, 536, 544, 586, 604, 562, 514, 619, 611, 584, 569, 627, 507, 462, 494, 549, 435, 441, 547, 541, 538, 512, 535, 508, 432, 398, 398, 381, 404, 487, 482, 427, 416, 418, 404, 400, 416, 447, 399, 405, 426, 462, 492, 416, 388, 416, 450, 476, 414, 562, 567, 357, 393, 489, 424, 385]"
-0.5395925641059875,-0.5433439016342163,-0.8717511892318726,-1.110489845275879,0.4300999343395233,-1.1679043769836426,-0.36934876441955566,-0.2552638351917267,0.5148410797119141,31.75,-0.06429055333137512,0.3742218017578125,24.5,-0.02838471531867981,0.3653526306152344,31.25,0.15987059473991394,0.12917518615722656,29.5,0.21251341700553894,0.13360977172851562,24.75,"[543, 576, 654, 630, 565, 631, 653, 576, 517, 605, 571, 614, 597, 576, 661, 544, 550, 552, 525, 596, 607, 596, 567, 500, 471, 449, 401, 404, 447, 501, 462, 435, 544, 545, 501, 412, 442, 449, 445, 478, 533, 515, 479, 520, 580, 545, 429, 468, 466, 469, 512, 478, 475, 563, 544, 490, 467, 415, 537, 476, 442, 497, 565, 562, 507, 462, 501, 524, 478, 526, 568, 568, 527, 478, 571, 620, 534, 458, 550, 581, 598, 559, 538, 484, 517, 575, 611, 624, 636, 651, 574, 484, 575, 600, 595, 587, 552, 590, 522, 404, 420, 531, 479, 423, 632, 532, 490, 448, 459, 527, 527, 581, 639, 554, 512, 527, 498, 477, 477, 565, 511, 508, 534, 583, 559, 550, 552, 587, 541, 508, 538, 592, 570, 560, 666, 675, 1025, 768, 842, 925, 939, 978, 1645, 1637, 3728, 2210, 3310, 5267, 3728, 3388, 9369, 9353, 7732, 4678, 7940, 12216, 8152, 7100, 20839, 20635, 7699, 4885, 8621, 11833, 7994, 6858, 20116, 20034, 6584, 4349, 9113, 8329, 5797, 4798, 13488, 14549, 7840, 9524, 16288, 11088, 4626, 8417, 20924, 21455, 6634, 16248, 21882, 12310, 4251, 14746, 30940, 28144, 5329, 15927, 18496, 9938, 3425, 14573, 27074, 22521, 4829, 7337, 7575, 4419, 2712, 6181, 9952, 8854, 5659, 4293, 4235, 3719, 3447, 5835, 10597, 10587, 5328, 7248, 6910, 3628, 3249, 6141, 10218, 9444, 6784, 15354, 13563, 4146, 3628, 6494, 10685, 6674, 6233, 14373, 12621, 3874, 3242, 5625, 9434, 5313, 5069, 10774, 9335, 2745, 3117, 4381, 6434, 3381, 4270, 8111, 6529, 1442, 2655, 3046, 4265, 1868, 4142, 7128, 5325, 1017, 2757, 2389, 3322, 1410, 3714, 6387, 4916, 1267, 2522, 2102, 3113, 1596, 2121, 3554, 2880, 1159, 1562, 1782, 1972, 1177, 1132, 1294, 1129, 866, 1038, 1455, 1220, 834, 876, 1079, 1157, 795, 751, 1109, 1099, 956, 1038, 1751, 1537, 895, 928, 1484, 1580, 958, 988, 1883, 1796, 1100, 1045, 1811, 1975, 1160, 753, 1392, 1369, 766, 856, 1450, 1644, 1131, 755, 947, 906, 607, 793, 1058, 1104, 871, 842, 987, 874, 690, 777, 986, 1031, 798, 900, 1149, 1256, 926, 713, 790, 941, 903, 907, 1469, 1812, 1285, 814, 1027, 1148, 1107, 947, 1431, 1656, 1090, 894, 1244, 1128, 988, 939, 1265, 1356, 935, 907, 1167, 1182, 1084, 877, 1374, 1328, 832, 866, 1175, 1252, 1066, 822, 1437, 1404, 804, 916, 1353, 1407, 1091, 741, 996, 962, 707, 911, 1132, 1041, 858, 1047, 1339, 1002, 961, 1400, 1268, 991, 767, 1701, 1960, 1391, 1570, 2285, 1766, 1060, 1045, 1897, 2305, 1719, 1468, 2283, 2225, 1508, 1185, 2139, 3020, 2300, 1193, 1877, 2521, 1937, 909, 2199, 2391, 1726, 1382, 1572, 1954, 1611, 1271, 2576, 2352, 1784, 1752, 2004, 1481, 1379, 2226, 2510, 2497, 3453, 3491, 2333, 1293, 2286, 2829, 1472, 2412, 3609, 3353, 1546, 1844, 2635, 2128, 866, 1802, 2360, 1901, 1031, 1509, 1608, 1051, 890, 1114, 1227, 1194, 877, 991, 997, 849, 828, 1132, 1124, 898, 847, 933, 936, 802, 772, 1099, 1230, 994, 794, 850, 839, 801, 728, 1006, 984, 765, 755, 822, 897, 726, 828, 1229, 1275, 870, 761, 934, 1103, 988, 719, 1172, 1522, 1173, 724, 1054, 1233, 1014, 667, 770, 1111, 1011, 665, 812, 925, 831, 784, 785, 880, 728, 715, 801, 693, 765, 817, 867, 878, 837, 790, 835, 786, 758, 795, 771, 936, 912, 779, 865, 829, 871, 818, 809, 1126, 992, 756, 951, 965, 943, 967, 1043, 1160, 893, 797, 958, 1041, 1001, 840, 993, 1000, 830, 666, 791, 970, 945, 780, 875, 984, 935, 680, 793, 955, 944, 801, 978, 1036, 944, 728, 868, 1128, 1058, 897, 996, 1038, 932, 714, 923, 1359, 1218, 831, 965, 901, 859, 778, 791, 1059, 1098, 756, 904, 875, 750, 722, 762, 871, 881, 576, 748, 750, 628, 650, 728, 732, 620, 655, 690, 800, 750, 735, 773, 726, 700, 690, 632, 690, 680, 735, 685, 746, 758, 767, 724, 797, 710, 728, 746, 893, 860, 858, 839, 831, 812, 786, 685, 921, 976, 769, 859, 829, 782, 785, 728, 875, 822, 729, 885, 709, 620, 642, 710, 747, 648, 789, 816, 847, 812, 740, 754, 712, 731, 724, 898, 889, 764, 700, 779, 826, 731, 895, 920, 829, 674, 780, 752, 774, 864, 994, 862, 809, 991, 1130, 827, 855, 1058, 965, 726, 689, 991, 1143, 823, 814, 986, 717, 676, 591, 663, 808, 780, 721, 726, 697, 696, 718, 620, 729, 723, 670, 750, 469, 613, 696, 564, 556, 568, 609, 604, 527, 546, 614, 644, 673, 549, 659, 719, 672, 499, 566, 746, 766, 527, 683, 849, 661, 542, 680, 897, 772, 567, 920, 912, 739, 750, 596, 778, 762, 676, 912, 860, 792, 756, 739, 998, 852, 652, 913, 923, 650, 663, 670, 793, 686, 609, 763, 700, 796, 741, 564, 629, 704, 720, 702, 645, 687, 702, 615, 562, 575, 661, 657, 537, 625, 657, 695, 571, 620, 745, 720, 613, 553, 671, 639, 524, 533, 714, 726, 512, 667, 755, 624, 581, 618, 636, 602, 553, 598, 649, 716, 705, 647, 624, 756, 722, 850, 1066, 1058, 926, 824, 857, 1293, 1211, 867, 1211, 1117, 888, 733, 872, 1138, 943, 881, 1019, 827, 601, 602, 846, 1126, 1021, 810, 854, 855, 647, 720, 820, 1199, 1215, 1065, 836, 880, 882, 946, 719, 1204, 1429, 1231, 842, 1070, 1378, 1160, 867, 1646, 1810, 1222, 786, 1044, 1429, 1189, 822, 1406, 1636, 966, 629, 832, 1029, 920, 675, 1025, 1223, 801, 673, 739, 776, 807, 613, 875, 1002, 695, 653, 665, 653, 667, 613, 708, 791, 746, 750, 758, 744, 620, 709, 742, 715, 806, 733, 637, 684, 684, 655, 660, 666, 752, 751, 718, 674, 677, 691, 691, 775, 619, 569, 622, 663, 601, 654, 718, 730, 578, 589, 577, 643, 603, 625, 676, 593, 558, 568, 670, 657, 608, 615, 588, 591, 471, 459, 463, 436, 461, 510, 507, 512, 519, 530, 544, 487, 511, 532, 538, 506, 533, 548, 609, 544, 444, 510, 610, 641, 535, 625, 573, 510, 527, 602, 599, 520, 487, 485, 493, 544, 538, 450, 503, 495, 419, 347, 451, 527, 467, 447, 507, 548, 453, 384, 520, 507, 375, 442, 542, 565, 395, 465, 537, 467, 371, 439, 547, 495, 459, 555, 576, 534, 452, 481, 511, 472]"
-0.09514851123094559,-0.11356629431247711,0.054331980645656586,0.6292093992233276,0.4468384385108948,-1.4708867073059082,-0.4492020606994629,-1.312072515487671,1.2342453002929688,18.0,-0.9600236415863037,1.0788917541503906,19.75,-0.8990838527679443,1.0339736938476562,31.25,-0.8691861629486084,0.9120941162109375,-31.75,-0.8384301662445068,0.9095191955566406,-26.75,"[565, 570, 495, 517, 579, 519, 495, 565, 570, 479, 477, 649, 694, 521, 536, 634, 563, 563, 548, 581, 648, 584, 497, 531, 528, 494, 560, 627, 586, 503, 546, 539, 593, 519, 422, 514, 517, 457, 467, 481, 551, 534, 472, 527, 564, 485, 503, 536, 540, 567, 507, 558, 543, 518, 579, 562, 566, 572, 525, 456, 480, 522, 506, 566, 538, 502, 525, 443, 491, 480, 466, 582, 526, 556, 577, 498, 545, 588, 545, 552, 402, 461, 515, 508, 515, 505, 531, 516, 514, 622, 618, 550, 582, 623, 623, 552, 577, 628, 620, 575, 641, 612, 553, 525, 615, 659, 631, 566, 627, 624, 548, 573, 619, 647, 563, 512, 596, 547, 444, 607, 628, 630, 587, 584, 577, 584, 590, 570, 498, 545, 529, 532, 560, 578, 606, 620, 458, 530, 524, 539, 595, 543, 512, 506, 510, 617, 534, 537, 593, 594, 543, 458, 459, 560, 533, 424, 455, 527, 526, 464, 497, 508, 504, 448, 424, 549, 483, 442, 491, 447, 507, 593, 535, 501, 535, 534, 591, 547, 508, 606, 606, 561, 518, 559, 582, 523, 587, 644, 592, 438, 508, 625, 577, 569, 562, 601, 601, 525, 556, 584, 521, 610, 656, 574, 607, 601, 555, 492, 519, 534, 536, 633, 660, 549, 476, 491, 580, 629, 598, 557, 574, 596, 580, 552, 622, 654, 525, 533, 558, 550, 567, 512, 522, 564, 517, 493, 520, 531, 550, 503, 559, 546, 532, 583, 588, 573, 560, 536, 467, 584, 627, 619, 524, 612, 637, 478, 566, 578, 538, 571, 594, 621, 591, 502, 666, 705, 586, 536, 583, 612, 521, 543, 707, 659, 554, 552, 614, 648, 534, 602, 603, 544, 641, 639, 543, 578, 530, 550, 658, 606, 596, 616, 532, 612, 599, 586, 638, 648, 600, 568, 604, 648, 535, 541, 568, 602, 581, 548, 584, 606, 577, 594, 546, 579, 643, 629, 553, 532, 531, 505, 421, 471, 569, 600, 521, 541, 640, 594, 546, 559, 518, 582, 571, 621, 659, 535, 580, 476, 545, 634, 686, 634, 583, 575, 532, 505, 554, 570, 610, 655, 613, 568, 612, 548, 570, 543, 567, 629, 621, 596, 628, 621, 576, 530, 602, 614, 540, 621, 536, 515, 531, 559, 569, 570, 514, 509, 508, 555, 494, 591, 676, 632, 657, 617, 586, 604, 486, 509, 688, 691, 533, 566, 624, 586, 556, 557, 636, 604, 582, 559, 577, 482, 548, 619, 575, 558, 543, 597, 624, 567, 624, 805, 698, 611, 721, 746, 1284, 875, 1390, 1596, 1132, 946, 2443, 2609, 2237, 1095, 2249, 2573, 1807, 1355, 4162, 4568, 2725, 2341, 3436, 3154, 2162, 2742, 5596, 5623, 9731, 8866, 13688, 9990, 6481, 9230, 20926, 21434, 20455, 14614, 26273, 20803, 13541, 14997, 39865, 43216, 17680, 10128, 20325, 18590, 12305, 10583, 30845, 34764, 7429, 3777, 6463, 7598, 5466, 3639, 9954, 11893, 2938, 2621, 3150, 2749, 1715, 1846, 3198, 3833, 3141, 2823, 4902, 3379, 1576, 2242, 6081, 6770, 2898, 3927, 6288, 3969, 1350, 2956, 7393, 7748, 2312, 3823, 5846, 3540, 1144, 2817, 6909, 7057, 1348, 2717, 4050, 2509, 941, 1886, 4430, 4443, 753, 1218, 1587, 1092, 696, 921, 1725, 1668, 693, 697, 873, 765, 630, 624, 925, 972, 690, 716, 879, 737, 564, 639, 1011, 937, 559, 681, 916, 747, 492, 689, 988, 910, 632, 670, 807, 723, 607, 704, 868, 856, 680, 560, 617, 714, 675, 577, 712, 792, 630, 716, 675, 670, 658, 649, 637, 551, 604, 885, 976, 809, 646, 592, 688, 576, 667, 929, 925, 745, 674, 731, 661, 596, 935, 1150, 1082, 939, 852, 760, 702, 748, 1246, 1403, 2408, 2280, 946, 1195, 1691, 1682, 1299, 2337, 4074, 3070, 864, 2127, 2399, 2258, 1246, 2126, 2850, 2316, 1108, 1034, 1718, 1495, 2159, 2215, 3025, 2908, 1156, 2008, 2466, 2012, 1681, 1355, 2110, 2322, 1200, 1244, 1608, 1691, 1145, 1139, 1521, 1694, 1405, 950, 917, 1139, 786, 974, 1292, 1258, 941, 766, 732, 759, 676, 781, 1014, 906, 635, 610, 740, 777, 752, 689, 763, 620, 588, 572, 664, 746, 639, 566, 544, 547, 594, 611, 613, 603, 674, 759, 614, 500, 625, 743, 683, 545, 706, 851, 766, 671, 675, 737, 702, 625, 736, 709, 873, 893, 812, 655, 692, 729, 643, 623, 776, 803, 803, 728, 712, 759, 649, 578, 614, 728, 675, 596, 713, 757, 687, 514, 596, 642, 561, 580, 720, 766, 861, 683, 669, 688, 642, 719, 719, 844, 859, 775, 796, 747, 646, 724, 801, 922, 690, 586, 670, 806, 586, 526, 669, 748, 642, 548, 591, 708, 676, 591, 644, 729, 617, 622, 610, 696, 630, 561, 588, 596, 654, 671, 599, 539, 679, 710, 591, 531, 555, 595, 615, 516, 588, 657, 566, 505, 539, 614, 681, 556, 549, 580, 625, 573, 464, 508, 589, 591, 506, 532, 560, 571, 565, 593, 541, 522, 522, 595, 646, 603, 533, 552, 593, 579, 579, 541, 597, 570, 642, 639, 549, 517, 538, 546, 571, 575, 576, 669, 703, 638, 570, 587, 551, 519, 597, 530, 706, 730, 680, 646, 561, 544, 726, 627, 588, 620, 647, 651, 578, 607, 681, 676, 544, 637, 722, 626, 629, 650, 682, 659, 588, 642, 679, 641, 629, 652, 708, 590, 588, 622, 635, 661, 628, 625, 631, 555, 527, 677, 643, 535, 617, 599, 768, 757, 555, 652, 711, 750, 735, 692, 668, 655, 622, 665, 565, 611, 653, 578, 552, 568, 648, 675, 603, 622, 657, 578, 511, 644, 583, 490, 536, 625, 705, 567, 593, 652, 670, 599, 559, 596, 670, 619, 693, 715, 688, 754, 640, 564, 695, 647, 688, 702, 833, 839, 605, 644, 791, 767, 666, 683, 836, 749, 671, 684, 840, 814, 661, 659, 784, 753, 679, 680, 817, 855, 580, 641, 901, 779, 643, 460, 666, 842, 645, 608, 760, 777, 638, 460, 614, 735, 531, 526, 639, 649, 562, 443, 512, 522, 418, 540, 536, 473, 437, 437, 496, 469, 435, 481, 482, 482, 492, 463, 508, 475, 457, 469, 486, 521, 518, 495, 564, 545, 524, 403, 399, 469, 447, 439, 469, 529, 547, 467, 481, 477, 478, 479, 452, 497, 432, 434, 500, 477, 390, 378, 465, 497, 422, 462, 469, 476, 423, 429, 441, 378]"
-0.03447357937693596,0.0,0.0,0.0,0.0,0.0,0.0,-0.6732873916625977,-1.7219066619873047,20.5,-0.6366662979125977,-0.4456043243408203,18.75,-0.5913190841674805,-0.13275146484375,18.25,-0.5711488723754883,0.0,19.5,-0.4903249740600586,-1.478433609008789,15.5,"[575, 588, 458, 545, 674, 545, 461, 587, 541, 535, 493, 495, 648, 633, 537, 586, 610, 578, 560, 539, 623, 657, 590, 607, 484, 559, 551, 507, 586, 619, 600, 514, 530, 505, 476, 518, 503, 498, 501, 561, 568, 521, 510, 532, 503, 569, 574, 573, 468, 532, 563, 530, 492, 500, 534, 491, 477, 519, 531, 594, 545, 530, 562, 484, 496, 538, 558, 602, 552, 473, 536, 578, 533, 564, 562, 569, 557, 463, 479, 570, 539, 564, 549, 496, 585, 664, 572, 496, 500, 538, 506, 487, 539, 524, 570, 504, 562, 592, 591, 493, 482, 434, 504, 616, 585, 556, 561, 556, 612, 586, 491, 597, 592, 543, 559, 516, 634, 621, 571, 644, 493, 583, 724, 566, 467, 491, 528, 571, 511, 498, 498, 498, 500, 513, 568, 555, 535, 524, 527, 598, 582, 564, 522, 584, 515, 563, 553, 535, 561, 532, 554, 574, 543, 602, 585, 562, 531, 526, 612, 564, 521, 548, 520, 528, 598, 549, 516, 560, 558, 552, 615, 606, 555, 499, 574, 658, 556, 629, 672, 540, 536, 578, 570, 566, 583, 580, 564, 605, 587, 600, 577, 524, 529, 498, 567, 571, 573, 542, 550, 577, 638, 564, 635, 619, 629, 552, 524, 636, 617, 496, 520, 649, 645, 525, 544, 632, 640, 607, 565, 589, 567, 662, 644, 628, 554, 535, 615, 663, 597, 645, 676, 594, 515, 535, 618, 632, 545, 557, 667, 591, 527, 561, 564, 533, 572, 550, 578, 587, 493, 537, 559, 524, 506, 462, 468, 482, 538, 587, 499, 486, 449, 461, 506, 471, 567, 580, 579, 553, 534, 517, 546, 489, 553, 566, 544, 562, 578, 538, 492, 532, 600, 550, 563, 635, 633, 594, 503, 606, 614, 565, 487, 540, 595, 625, 534, 520, 577, 565, 523, 515, 475, 617, 619, 556, 580, 593, 597, 548, 505, 624, 651, 543, 608, 556, 547, 594, 554, 612, 589, 549, 534, 528, 483, 452, 484, 492, 423, 472, 551, 526, 560, 453, 529, 596, 521, 557, 550, 473, 431, 416, 502, 520, 537, 572, 510, 566, 550, 495, 511, 544, 567, 536, 481, 551, 543, 511, 561, 614, 638, 503, 533, 610, 653, 552, 573, 588, 661, 610, 561, 750, 734, 598, 533, 536, 648, 590, 607, 651, 737, 680, 610, 578, 555, 559, 539, 639, 646, 557, 581, 533, 522, 471, 540, 574, 614, 606, 559, 512, 534, 506, 602, 628, 607, 643, 589, 588, 688, 682, 634, 710, 761, 740, 635, 756, 1153, 1074, 1075, 828, 1178, 1167, 880, 1020, 2156, 2207, 1133, 1121, 1528, 1453, 1033, 1404, 2396, 2395, 1443, 778, 1369, 1309, 1164, 957, 2160, 2489, 2237, 1273, 2378, 2396, 1878, 1502, 4453, 4826, 1561, 1584, 1607, 2199, 1747, 1463, 2949, 3067, 4326, 3026, 5201, 3610, 1641, 2599, 6648, 7877, 3806, 2006, 4142, 3014, 1846, 1770, 5766, 7091, 1224, 1345, 2017, 1540, 888, 1298, 2359, 2362, 1111, 1103, 1813, 1478, 804, 810, 1874, 2186, 1347, 1117, 1662, 1386, 799, 786, 1652, 2052, 896, 1034, 1232, 998, 711, 762, 1242, 1261, 676, 1013, 1149, 891, 594, 992, 1525, 1321, 695, 1043, 1253, 841, 545, 911, 1429, 1301, 727, 906, 956, 720, 573, 717, 1004, 989, 576, 655, 691, 729, 545, 559, 777, 654, 521, 625, 623, 592, 523, 604, 631, 597, 523, 650, 671, 642, 575, 553, 571, 594, 679, 627, 694, 714, 598, 595, 688, 699, 649, 751, 823, 761, 723, 753, 877, 781, 737, 1166, 1056, 758, 785, 923, 1166, 852, 1153, 3327, 3952, 2547, 982, 1402, 2132, 2174, 2452, 7561, 9407, 5763, 1627, 2157, 4384, 4398, 2784, 9760, 11839, 6901, 1668, 3244, 5733, 5175, 2759, 7950, 9003, 4880, 1495, 2935, 4699, 3637, 2012, 4627, 4780, 2337, 1121, 2041, 2932, 2035, 1286, 2335, 2294, 1247, 837, 1374, 1758, 1212, 1286, 1448, 1769, 1675, 1057, 1048, 1111, 1086, 1189, 1272, 1831, 1837, 1036, 970, 907, 1167, 767, 1067, 1487, 1121, 556, 743, 771, 882, 915, 1149, 1143, 828, 789, 938, 818, 747, 869, 1014, 894, 744, 792, 891, 818, 685, 770, 787, 718, 711, 733, 798, 784, 614, 630, 585, 683, 690, 660, 667, 685, 735, 764, 665, 690, 675, 746, 849, 851, 826, 739, 716, 820, 827, 720, 805, 782, 866, 698, 844, 819, 678, 640, 622, 701, 793, 668, 759, 716, 626, 690, 679, 684, 699, 648, 725, 613, 592, 736, 673, 662, 622, 671, 778, 632, 552, 642, 603, 656, 680, 629, 612, 631, 596, 576, 607, 586, 644, 726, 676, 603, 636, 650, 639, 626, 636, 647, 597, 680, 684, 613, 586, 526, 574, 675, 675, 728, 653, 547, 538, 504, 550, 640, 553, 518, 591, 525, 475, 486, 589, 608, 567, 516, 555, 599, 551, 542, 547, 570, 559, 582, 560, 597, 571, 575, 576, 540, 530, 563, 510, 472, 520, 675, 672, 544, 538, 572, 570, 528, 514, 675, 685, 623, 584, 609, 619, 550, 492, 571, 631, 577, 547, 582, 545, 628, 634, 564, 594, 470, 553, 581, 610, 682, 644, 534, 546, 599, 621, 661, 727, 639, 705, 766, 677, 673, 654, 584, 731, 566, 710, 906, 755, 782, 695, 610, 716, 656, 690, 889, 846, 679, 630, 649, 723, 709, 627, 735, 788, 599, 668, 680, 699, 650, 528, 651, 617, 551, 497, 544, 551, 547, 500, 616, 681, 536, 523, 465, 509, 592, 583, 718, 699, 597, 584, 551, 609, 569, 719, 866, 701, 563, 621, 658, 695, 568, 758, 880, 711, 652, 648, 596, 622, 664, 730, 691, 634, 646, 714, 632, 615, 661, 668, 613, 611, 707, 735, 834, 819, 684, 572, 738, 806, 775, 970, 1193, 1000, 788, 816, 1173, 1254, 691, 946, 1288, 971, 618, 825, 1348, 1334, 703, 945, 1443, 1167, 595, 892, 1395, 1384, 686, 1008, 1476, 1220, 718, 836, 1163, 1265, 665, 1019, 1153, 917, 726, 792, 905, 799, 542, 674, 785, 725, 612, 595, 689, 725, 591, 469, 539, 521, 554, 542, 549, 652, 532, 441, 536, 518, 499, 494, 591, 602, 518, 441, 464, 566, 587, 510, 506, 562, 463, 474, 462, 438, 418, 495, 400, 367, 451, 399, 410, 380, 409, 429, 383, 420, 391, 463, 437, 345, 386, 463, 479, 409, 439, 419, 436, 457, 478, 415, 469, 512]"
-0.23316748440265656,-0.112849161028862,0.011814560741186142,-0.2898749113082886,-0.1470465064048767,0.06977774947881699,-0.23584657907485962,-1.2090175151824951,1.1967658996582031,16.5,-0.6898849010467529,0.5181312561035156,19.5,-0.6639926433563232,0.5115509033203125,21.0,-0.41422533988952637,0.4128456115722656,17.5,-0.37946391105651855,0.41985511779785156,20.25,"[551, 630, 696, 614, 478, 613, 697, 627, 552, 644, 703, 666, 610, 733, 675, 601, 593, 559, 575, 623, 631, 568, 442, 521, 530, 589, 595, 524, 513, 553, 511, 467, 561, 572, 472, 557, 574, 512, 471, 484, 408, 518, 572, 580, 551, 545, 591, 523, 528, 597, 592, 515, 492, 557, 639, 533, 495, 612, 542, 427, 551, 563, 557, 474, 439, 472, 504, 475, 468, 482, 490, 458, 453, 446, 488, 498, 552, 553, 564, 498, 511, 479, 542, 502, 427, 447, 528, 558, 480, 552, 613, 523, 522, 606, 582, 534, 532, 551, 545, 566, 557, 547, 526, 530, 523, 558, 652, 603, 547, 531, 519, 527, 537, 540, 477, 584, 661, 585, 474, 526, 560, 510, 515, 623, 660, 608, 570, 560, 436, 514, 510, 542, 587, 515, 555, 578, 556, 557, 575, 578, 562, 507, 542, 595, 490, 497, 592, 561, 455, 536, 543, 500, 541, 524, 512, 558, 532, 530, 505, 525, 525, 534, 556, 551, 491, 499, 536, 546, 565, 600, 490, 519, 477, 504, 620, 513, 584, 613, 679, 591, 582, 591, 719, 675, 573, 596, 618, 589, 542, 535, 582, 585, 574, 589, 566, 552, 530, 515, 509, 518, 618, 584, 550, 550, 619, 633, 531, 514, 556, 676, 746, 619, 564, 558, 583, 562, 543, 586, 532, 498, 570, 614, 565, 469, 472, 457, 499, 503, 475, 455, 474, 450, 495, 481, 513, 494, 513, 513, 504, 522, 518, 538, 514, 612, 593, 523, 463, 466, 577, 520, 586, 625, 551, 476, 515, 588, 616, 661, 564, 568, 581, 579, 547, 552, 653, 684, 590, 589, 559, 563, 542, 516, 684, 587, 502, 572, 565, 610, 536, 552, 593, 571, 533, 562, 520, 507, 509, 500, 472, 564, 582, 552, 610, 634, 583, 467, 543, 575, 583, 459, 623, 735, 647, 557, 557, 554, 560, 546, 651, 720, 615, 537, 579, 489, 487, 567, 628, 586, 514, 617, 487, 522, 483, 524, 536, 500, 531, 522, 532, 551, 598, 613, 570, 530, 620, 630, 586, 529, 617, 618, 545, 611, 689, 682, 631, 624, 630, 677, 644, 686, 710, 674, 486, 617, 653, 577, 588, 591, 627, 548, 533, 469, 535, 623, 577, 565, 581, 571, 531, 597, 667, 641, 583, 586, 626, 588, 574, 514, 593, 664, 574, 559, 565, 603, 536, 539, 499, 531, 488, 519, 518, 508, 536, 594, 559, 523, 524, 618, 634, 493, 854, 864, 985, 967, 726, 920, 1500, 1406, 1607, 1518, 2130, 2040, 1484, 1746, 3671, 3596, 1778, 1544, 2271, 2260, 1676, 1666, 4017, 4053, 1680, 1129, 1665, 1658, 1331, 1162, 2256, 2406, 2914, 2232, 3398, 2699, 2069, 2016, 4746, 5396, 4483, 3754, 5348, 4107, 2404, 3145, 6792, 7583, 5938, 3999, 7139, 5684, 3071, 3181, 8287, 9854, 4537, 4050, 5969, 4474, 2686, 2913, 7389, 8373, 2045, 3085, 4290, 2809, 1276, 2450, 5347, 5369, 2134, 2666, 3904, 2397, 1314, 2494, 5586, 5590, 4363, 6649, 10137, 5951, 1988, 5088, 12746, 13023, 3844, 7547, 10867, 6327, 1757, 5392, 12848, 12746, 1701, 3377, 4553, 2764, 957, 2435, 5152, 4940, 884, 1038, 1113, 827, 714, 945, 1146, 997, 709, 689, 695, 587, 571, 705, 678, 651, 673, 592, 658, 652, 544, 551, 593, 657, 546, 548, 626, 633, 570, 530, 659, 700, 642, 622, 677, 654, 561, 459, 731, 782, 616, 742, 700, 634, 577, 579, 693, 690, 747, 936, 945, 724, 725, 686, 622, 716, 887, 1330, 1372, 965, 921, 912, 868, 805, 1210, 1383, 1341, 1048, 1070, 1205, 992, 990, 1584, 2711, 2666, 1536, 1077, 1704, 1910, 1342, 3046, 5856, 6020, 3328, 1505, 2708, 3604, 2433, 3309, 6152, 5951, 3076, 1398, 2830, 3668, 2221, 2329, 3581, 3164, 1541, 896, 2229, 2486, 1386, 2329, 2320, 2379, 2322, 1520, 1900, 1760, 1796, 2944, 2969, 3342, 3465, 2747, 2538, 1753, 2584, 2368, 2579, 2785, 2896, 2538, 2264, 1387, 2205, 1395, 1421, 1773, 1862, 1604, 1354, 904, 1385, 1028, 945, 1245, 1258, 938, 879, 687, 982, 940, 782, 924, 1006, 770, 830, 786, 878, 966, 790, 828, 861, 625, 786, 780, 784, 837, 856, 783, 695, 540, 750, 739, 657, 641, 785, 791, 654, 611, 606, 722, 634, 647, 762, 779, 735, 705, 573, 674, 675, 662, 701, 644, 708, 632, 614, 678, 586, 598, 600, 570, 603, 552, 556, 565, 530, 587, 685, 683, 506, 519, 651, 710, 621, 594, 815, 861, 652, 551, 734, 793, 646, 629, 696, 776, 658, 660, 784, 780, 698, 657, 711, 802, 758, 610, 678, 699, 651, 646, 633, 709, 761, 670, 586, 550, 575, 588, 576, 683, 834, 729, 572, 718, 733, 509, 557, 656, 723, 609, 533, 658, 653, 551, 563, 506, 706, 722, 586, 682, 618, 614, 587, 574, 634, 602, 661, 724, 688, 570, 527, 597, 641, 525, 536, 768, 743, 631, 551, 567, 678, 589, 605, 702, 703, 579, 611, 507, 543, 603, 575, 634, 609, 497, 525, 519, 593, 583, 563, 540, 488, 526, 680, 663, 612, 568, 576, 552, 507, 551, 661, 712, 589, 656, 692, 653, 524, 626, 613, 647, 615, 564, 657, 719, 638, 596, 588, 598, 562, 494, 601, 756, 696, 553, 608, 742, 731, 637, 681, 905, 807, 620, 802, 764, 683, 638, 723, 904, 733, 637, 751, 680, 644, 602, 647, 782, 634, 651, 550, 582, 580, 535, 631, 713, 682, 733, 599, 648, 632, 728, 654, 737, 925, 585, 530, 622, 676, 748, 695, 683, 813, 555, 614, 655, 632, 623, 620, 705, 797, 646, 671, 718, 644, 634, 655, 820, 849, 812, 949, 1059, 898, 713, 665, 1111, 1179, 711, 959, 1112, 865, 688, 783, 1161, 1115, 729, 810, 936, 846, 617, 716, 930, 812, 624, 564, 688, 753, 649, 539, 688, 720, 710, 601, 541, 531, 690, 651, 704, 828, 688, 674, 691, 608, 588, 593, 622, 769, 581, 523, 572, 665, 573, 532, 600, 571, 515, 564, 529, 648, 569, 517, 638, 553, 585, 689, 627, 580, 539, 546, 730, 701, 477, 513, 502, 493, 470, 496, 648, 653, 484, 500, 530, 532, 508, 454, 530, 567, 432, 451, 487, 465, 460, 477, 468, 477, 457, 491, 529, 481, 494, 491, 482, 474, 497, 460, 494, 490, 438, 446, 446, 491, 533, 441, 475, 468, 359, 403, 447, 510]"
-0.23316748440265656,-0.112849161028862,0.011814560741186142,-0.2898749113082886,-0.1470465064048767,0.06977774947881699,-0.23584657907485962,-2.0545928478240967,1.476287841796875,15.5,-2.0545928478240967,1.6017436981201172,25.25,-1.2746779918670654,1.1986255645751953,25.25,-0.5745856761932373,0.8111000061035156,16.25,-0.5302398204803467,0.8890628814697266,19.25,"[587, 610, 548, 643, 742, 638, 547, 610, 536, 525, 606, 647, 649, 541, 563, 669, 526, 530, 555, 555, 623, 673, 566, 526, 512, 522, 497, 475, 489, 443, 489, 483, 517, 540, 457, 455, 483, 395, 395, 441, 538, 532, 465, 420, 452, 441, 409, 442, 554, 491, 495, 608, 588, 469, 424, 568, 603, 502, 531, 613, 584, 530, 502, 543, 474, 469, 473, 465, 406, 473, 523, 505, 567, 534, 507, 434, 436, 494, 538, 555, 492, 484, 548, 552, 526, 495, 502, 521, 543, 565, 562, 568, 564, 614, 592, 450, 581, 553, 526, 562, 569, 561, 530, 559, 574, 567, 567, 540, 548, 632, 496, 533, 534, 510, 559, 525, 560, 632, 573, 506, 552, 438, 489, 638, 593, 544, 501, 528, 505, 482, 483, 588, 548, 490, 505, 505, 638, 618, 566, 610, 647, 605, 605, 564, 562, 552, 511, 528, 577, 548, 531, 593, 506, 525, 490, 475, 492, 564, 545, 528, 619, 499, 501, 619, 597, 527, 528, 540, 559, 607, 532, 535, 593, 565, 592, 541, 542, 614, 556, 585, 595, 579, 602, 541, 647, 550, 519, 508, 507, 496, 506, 534, 634, 567, 486, 496, 461, 474, 436, 535, 702, 616, 543, 584, 594, 558, 531, 579, 562, 596, 536, 534, 518, 567, 549, 480, 591, 655, 611, 574, 606, 596, 600, 612, 574, 570, 562, 491, 485, 545, 606, 577, 613, 597, 530, 505, 480, 561, 593, 607, 580, 604, 605, 510, 549, 499, 531, 601, 561, 606, 543, 506, 574, 591, 560, 604, 443, 541, 526, 445, 496, 555, 603, 479, 480, 600, 574, 493, 443, 484, 604, 521, 445, 577, 585, 491, 490, 493, 585, 556, 473, 549, 575, 475, 506, 496, 460, 485, 578, 543, 631, 544, 556, 482, 483, 569, 625, 537, 555, 557, 609, 595, 522, 618, 592, 553, 498, 519, 612, 613, 532, 566, 515, 566, 506, 484, 491, 545, 547, 516, 529, 489, 478, 492, 434, 490, 540, 505, 513, 567, 546, 486, 508, 571, 509, 483, 543, 606, 513, 515, 647, 654, 490, 463, 572, 618, 566, 576, 630, 623, 546, 530, 545, 505, 523, 546, 561, 567, 463, 467, 555, 592, 575, 508, 603, 643, 575, 535, 541, 622, 630, 595, 551, 576, 577, 507, 640, 583, 695, 693, 635, 679, 736, 812, 1000, 1409, 1730, 1571, 1016, 1460, 3086, 2908, 2982, 3552, 5082, 4391, 2531, 3916, 9401, 8987, 3083, 3373, 4937, 4648, 2592, 3997, 9529, 9094, 1454, 1169, 1541, 1756, 1026, 1519, 2185, 2063, 2894, 2575, 4375, 3105, 1824, 1916, 5325, 6022, 2615, 2903, 4730, 3229, 1696, 2171, 5612, 6108, 2699, 3209, 4973, 3350, 1604, 2230, 5645, 6136, 3043, 2719, 4055, 2970, 1758, 2036, 4930, 5663, 2284, 2239, 2466, 1795, 1467, 1409, 2876, 3249, 1469, 2519, 3351, 1952, 1083, 1435, 3453, 3502, 1648, 3438, 4787, 2892, 1333, 2638, 6111, 5893, 1610, 5268, 6578, 3900, 1180, 4437, 8764, 7689, 1177, 6103, 7121, 3898, 988, 4819, 8665, 7004, 802, 4041, 4424, 2310, 777, 3051, 5232, 4024, 685, 1986, 2030, 1033, 596, 1514, 2362, 1741, 615, 1083, 1129, 777, 589, 868, 1289, 1131, 688, 746, 684, 569, 588, 719, 884, 873, 818, 864, 747, 620, 573, 737, 772, 817, 883, 786, 641, 675, 687, 617, 741, 840, 811, 691, 709, 631, 555, 588, 775, 819, 1019, 1315, 1208, 832, 672, 745, 795, 757, 1205, 1634, 1494, 889, 862, 1033, 917, 714, 1235, 1981, 1795, 893, 1006, 1081, 1262, 780, 1341, 2495, 2393, 1260, 1066, 1249, 1501, 1137, 2115, 3289, 3254, 2389, 1309, 1639, 2254, 1765, 2593, 3949, 4061, 3112, 2116, 2011, 3134, 2337, 2843, 3335, 3717, 3946, 2639, 2682, 3798, 2850, 1543, 1530, 2665, 2679, 1467, 2197, 2394, 1684, 1590, 2351, 3189, 2157, 945, 2045, 1612, 1622, 1819, 2368, 3300, 2377, 1005, 2325, 2101, 2114, 1382, 1525, 1736, 1342, 823, 1587, 1684, 1383, 930, 1011, 788, 785, 790, 987, 952, 770, 907, 960, 865, 715, 776, 789, 700, 785, 842, 931, 856, 733, 665, 663, 723, 783, 719, 823, 749, 670, 630, 733, 810, 725, 704, 787, 729, 692, 598, 642, 822, 761, 843, 776, 652, 837, 782, 740, 751, 778, 826, 775, 808, 926, 803, 757, 830, 812, 803, 633, 696, 739, 642, 644, 760, 783, 806, 610, 678, 655, 675, 768, 632, 726, 693, 752, 717, 636, 628, 717, 597, 636, 525, 609, 659, 705, 674, 654, 655, 612, 477, 499, 625, 756, 637, 643, 733, 625, 687, 608, 672, 707, 662, 718, 648, 554, 723, 591, 597, 640, 725, 673, 615, 684, 748, 657, 687, 808, 797, 679, 637, 751, 661, 607, 617, 654, 578, 580, 583, 608, 679, 619, 702, 676, 535, 423, 614, 729, 623, 590, 691, 620, 532, 571, 589, 596, 626, 674, 677, 555, 601, 709, 685, 611, 627, 683, 622, 521, 600, 655, 610, 581, 613, 649, 660, 592, 592, 644, 661, 650, 661, 607, 561, 636, 652, 555, 595, 696, 631, 615, 615, 634, 635, 535, 572, 676, 608, 635, 660, 651, 628, 615, 698, 682, 666, 635, 641, 633, 613, 790, 801, 684, 717, 702, 632, 671, 705, 786, 759, 687, 810, 802, 783, 795, 853, 760, 685, 783, 817, 730, 564, 717, 890, 811, 635, 632, 734, 671, 580, 759, 690, 661, 704, 743, 671, 573, 577, 584, 545, 552, 678, 767, 623, 590, 597, 623, 598, 637, 736, 711, 501, 589, 605, 599, 574, 578, 706, 650, 744, 827, 940, 862, 625, 676, 893, 926, 804, 1203, 1277, 902, 613, 912, 1337, 1197, 776, 1136, 1132, 767, 630, 856, 1236, 1072, 846, 914, 993, 882, 797, 789, 1001, 1012, 855, 711, 772, 768, 717, 684, 851, 994, 818, 712, 940, 869, 728, 827, 1044, 1138, 708, 758, 905, 808, 636, 769, 962, 891, 588, 709, 735, 605, 557, 578, 802, 770, 604, 668, 793, 790, 587, 602, 780, 748, 536, 672, 601, 581, 447, 529, 695, 597, 591, 629, 605, 520, 426, 544, 589, 536, 465, 468, 469, 486, 472, 482, 542, 486, 493, 385, 495, 607, 566, 458, 450, 495, 450, 357, 412, 510, 445, 426, 458, 462, 498, 413, 505, 507, 419, 450, 493, 488, 414, 469, 505, 446, 410, 428, 441, 469, 391, 415, 428, 452, 426, 369, 498, 539]"
-0.23316748440265656,-0.112849161028862,0.011814560741186142,-0.2898749113082886,-0.1470465064048767,0.06977774947881699,-0.23584657907485962,-1.4183013439178467,1.139688491821289,18.5,-0.9685485363006592,0.7551670074462891,16.75,-0.8775680065155029,0.6900787353515625,18.75,-0.8140532970428467,0.43358802795410156,19.25,-0.6631343364715576,1.6430854797363281,15.0,"[512, 578, 648, 666, 614, 664, 649, 576, 498, 596, 658, 635, 648, 728, 713, 564, 523, 522, 509, 533, 466, 555, 600, 538, 459, 461, 488, 502, 446, 491, 485, 475, 501, 498, 479, 502, 564, 531, 535, 535, 494, 436, 509, 519, 464, 392, 467, 589, 542, 460, 486, 513, 477, 467, 520, 608, 496, 529, 568, 490, 473, 532, 588, 550, 485, 505, 565, 574, 582, 585, 585, 539, 457, 458, 401, 528, 645, 584, 548, 535, 510, 529, 466, 556, 546, 478, 517, 499, 556, 607, 577, 565, 471, 475, 572, 540, 554, 548, 496, 565, 594, 565, 589, 571, 446, 482, 567, 564, 447, 507, 579, 558, 462, 505, 538, 512, 516, 475, 449, 487, 488, 556, 535, 510, 595, 542, 524, 547, 502, 493, 446, 489, 546, 565, 541, 540, 516, 570, 512, 484, 546, 579, 515, 516, 512, 535, 631, 626, 580, 593, 537, 542, 469, 517, 500, 490, 492, 585, 549, 479, 534, 586, 508, 526, 535, 572, 553, 456, 576, 557, 537, 586, 549, 541, 586, 543, 560, 560, 512, 527, 578, 534, 533, 600, 583, 529, 513, 537, 617, 545, 473, 566, 556, 553, 484, 565, 569, 566, 556, 512, 629, 633, 498, 559, 576, 640, 583, 530, 553, 496, 514, 517, 484, 578, 585, 542, 561, 489, 601, 626, 529, 559, 575, 570, 415, 500, 508, 472, 482, 512, 557, 471, 524, 545, 443, 521, 553, 554, 574, 506, 496, 502, 420, 466, 543, 580, 549, 495, 578, 602, 522, 532, 649, 645, 624, 655, 566, 614, 655, 572, 559, 623, 676, 599, 579, 579, 632, 623, 503, 517, 700, 726, 521, 473, 492, 524, 497, 505, 504, 561, 464, 485, 599, 520, 444, 527, 542, 512, 515, 515, 563, 560, 519, 582, 549, 521, 485, 582, 559, 532, 557, 596, 611, 491, 546, 586, 603, 554, 530, 557, 650, 608, 618, 544, 535, 572, 572, 604, 579, 624, 605, 664, 607, 529, 572, 608, 526, 541, 573, 542, 543, 577, 638, 565, 480, 554, 618, 586, 523, 500, 607, 609, 543, 537, 542, 544, 612, 650, 594, 599, 579, 606, 574, 551, 567, 598, 551, 550, 586, 563, 801, 704, 953, 936, 663, 714, 1088, 1107, 1714, 1498, 2388, 2148, 1293, 1677, 3758, 3779, 2211, 1739, 3115, 2891, 1716, 2033, 4812, 4961, 1562, 1029, 2194, 2020, 1238, 1355, 2930, 3133, 2613, 1696, 3103, 2456, 1623, 1712, 4100, 4779, 2662, 2335, 3847, 2819, 1618, 2154, 5171, 5600, 1617, 1610, 2455, 1732, 1067, 1423, 2942, 3046, 2171, 2338, 2977, 2179, 1474, 2330, 3957, 4016, 3615, 4721, 6700, 4240, 2218, 4537, 9991, 9740, 3836, 5415, 7430, 4492, 2135, 4298, 9691, 9217, 3000, 4865, 5933, 3332, 1529, 2967, 6072, 5415, 2018, 3568, 4349, 2306, 1012, 2588, 5240, 4773, 2226, 5092, 6260, 3459, 1156, 3980, 8046, 7316, 2373, 6840, 7851, 4235, 1305, 5450, 10112, 8495, 1687, 4525, 4400, 2271, 1096, 3851, 6022, 4274, 1135, 3418, 3865, 2250, 954, 2467, 4057, 3016, 1029, 1994, 2268, 1461, 839, 1536, 2469, 2027, 778, 1006, 1198, 919, 689, 1016, 1507, 1295, 662, 817, 982, 815, 713, 791, 1131, 1107, 633, 664, 757, 722, 664, 696, 897, 907, 745, 704, 710, 700, 670, 729, 803, 782, 675, 646, 656, 582, 582, 560, 668, 715, 780, 1013, 971, 676, 584, 642, 691, 566, 763, 1144, 1157, 837, 676, 776, 821, 693, 986, 1267, 1139, 749, 816, 830, 833, 820, 2034, 3623, 3384, 1801, 1587, 1750, 2326, 1881, 3828, 6457, 6028, 3601, 2345, 3333, 4473, 3092, 3061, 4948, 5226, 3673, 2011, 2955, 3532, 2729, 1895, 3932, 4446, 2778, 1666, 2054, 2236, 2156, 2666, 4145, 4056, 2174, 1765, 2660, 2498, 1997, 3084, 4471, 4596, 2114, 2027, 3268, 2954, 2260, 1872, 2883, 3040, 1669, 1330, 2039, 1789, 1619, 997, 1418, 1504, 1128, 1074, 1022, 1105, 1106, 1151, 1478, 1281, 936, 1034, 977, 1114, 1083, 1033, 1263, 999, 851, 966, 967, 1026, 885, 903, 957, 884, 754, 766, 732, 792, 729, 773, 758, 822, 684, 561, 607, 666, 756, 801, 768, 648, 650, 681, 736, 693, 728, 734, 812, 807, 708, 712, 730, 842, 783, 735, 1046, 922, 694, 709, 724, 767, 617, 877, 1049, 912, 713, 727, 626, 690, 725, 720, 806, 736, 724, 715, 578, 633, 688, 700, 772, 766, 684, 674, 573, 651, 743, 764, 749, 756, 749, 775, 695, 795, 828, 1039, 927, 937, 1146, 1094, 835, 1119, 1284, 1066, 1001, 1018, 1158, 990, 790, 950, 1110, 912, 1026, 880, 771, 862, 882, 745, 757, 670, 828, 823, 712, 720, 774, 740, 637, 676, 649, 642, 745, 788, 655, 750, 686, 609, 649, 562, 555, 591, 579, 618, 618, 677, 617, 545, 585, 676, 641, 522, 545, 657, 618, 576, 654, 689, 608, 550, 580, 623, 607, 634, 783, 682, 528, 610, 646, 568, 595, 562, 631, 614, 592, 627, 595, 667, 674, 668, 658, 638, 651, 725, 698, 621, 644, 667, 648, 599, 617, 662, 654, 566, 595, 593, 640, 625, 625, 656, 552, 688, 666, 628, 682, 730, 624, 661, 742, 786, 700, 872, 949, 763, 678, 959, 1028, 1005, 659, 1137, 1225, 867, 582, 1289, 1477, 1351, 788, 1424, 1593, 1135, 866, 2328, 2552, 1482, 789, 1393, 1578, 1277, 927, 2602, 2928, 1115, 802, 1087, 1190, 1085, 771, 1635, 1900, 691, 687, 758, 777, 728, 696, 861, 879, 716, 776, 835, 761, 636, 681, 876, 864, 829, 997, 1221, 1021, 712, 935, 1230, 1098, 803, 1389, 1609, 1128, 753, 1258, 1828, 1488, 628, 1336, 1370, 1004, 667, 1258, 1941, 1465, 666, 713, 793, 726, 560, 732, 969, 919, 649, 645, 680, 671, 656, 604, 628, 745, 661, 946, 1033, 749, 625, 800, 974, 969, 676, 1050, 1225, 820, 550, 714, 1109, 1110, 695, 734, 1032, 922, 674, 582, 870, 1002, 588, 596, 704, 655, 578, 635, 794, 785, 601, 524, 566, 598, 627, 619, 648, 672, 573, 539, 662, 643, 582, 581, 642, 716, 621, 563, 601, 611, 588, 607, 598, 642, 550, 554, 494, 429, 472, 510, 552, 550, 472, 501, 466, 472, 451, 498, 528, 442, 460, 447, 474, 525, 439, 461, 547, 440, 418, 447, 410, 421, 371, 448, 555, 386, 457, 405, 427, 484, 460, 411, 411, 443, 368, 501, 512, 477, 411, 397, 484, 413]"
-0.35962849855422974,0.20484821498394012,-0.12335920333862305,-0.4739822745323181,0.16131192445755005,-0.10029346495866776,-0.37809574604034424,-1.0040969848632812,0.8036613464355469,17.75,-0.7785053253173828,2.6395797729492188,17.0,-0.7360191345214844,0.44732093811035156,17.75,-0.7074089050292969,0.45447349548339844,15.0,-0.7022590637207031,0.6374359130859375,15.25,"[457, 556, 594, 597, 560, 597, 595, 556, 476, 515, 537, 533, 541, 524, 520, 518, 479, 478, 487, 624, 583, 475, 518, 496, 564, 568, 594, 655, 657, 563, 585, 553, 550, 552, 503, 542, 498, 495, 480, 448, 570, 554, 548, 524, 485, 461, 460, 479, 561, 547, 594, 542, 547, 586, 550, 523, 547, 585, 533, 531, 545, 518, 608, 578, 464, 522, 468, 435, 470, 482, 471, 473, 600, 568, 509, 513, 552, 529, 561, 583, 559, 502, 504, 613, 609, 544, 465, 487, 541, 542, 551, 597, 585, 507, 468, 496, 503, 539, 531, 520, 534, 461, 467, 448, 475, 537, 490, 586, 616, 529, 500, 465, 442, 478, 543, 652, 649, 519, 495, 564, 502, 490, 531, 601, 621, 530, 556, 626, 571, 598, 562, 497, 573, 587, 520, 543, 532, 595, 591, 559, 506, 583, 544, 530, 491, 527, 533, 566, 579, 548, 587, 592, 573, 516, 566, 575, 573, 627, 621, 568, 578, 507, 479, 553, 556, 530, 618, 616, 564, 546, 611, 641, 560, 533, 662, 660, 665, 566, 645, 639, 555, 598, 675, 738, 556, 573, 550, 559, 590, 593, 601, 631, 525, 555, 561, 560, 515, 552, 600, 523, 567, 570, 630, 619, 570, 571, 563, 515, 579, 607, 578, 601, 568, 649, 589, 467, 582, 576, 583, 583, 651, 672, 572, 588, 555, 520, 535, 548, 634, 647, 505, 526, 562, 575, 555, 501, 588, 533, 432, 566, 527, 550, 627, 622, 531, 598, 581, 591, 541, 595, 595, 611, 620, 566, 534, 587, 539, 595, 589, 488, 547, 558, 515, 504, 578, 596, 529, 490, 512, 537, 497, 550, 608, 613, 550, 527, 508, 600, 557, 525, 543, 488, 583, 627, 512, 527, 502, 496, 579, 615, 567, 545, 582, 563, 535, 522, 562, 671, 588, 528, 693, 630, 622, 598, 553, 619, 589, 496, 609, 574, 578, 537, 562, 517, 560, 580, 616, 591, 516, 517, 548, 503, 455, 479, 598, 606, 534, 574, 578, 480, 603, 604, 483, 573, 660, 675, 1146, 1195, 1284, 1180, 903, 1370, 1961, 1798, 1934, 2064, 2731, 2524, 1491, 2288, 4203, 3995, 1755, 2384, 3307, 3080, 1487, 2608, 5005, 4496, 1082, 1583, 2185, 1989, 988, 1732, 3082, 2765, 1085, 1076, 1202, 1110, 850, 1006, 1591, 1596, 2541, 2147, 3446, 2690, 1588, 1438, 3635, 4296, 4206, 4575, 7554, 5264, 2387, 3208, 8073, 8772, 4241, 4510, 7293, 5122, 2299, 3564, 8639, 9281, 4394, 5712, 8474, 5315, 2404, 5285, 11816, 11723, 3409, 5879, 8492, 4900, 1880, 5063, 11460, 11086, 1429, 2855, 4042, 2437, 886, 2351, 5060, 4820, 1214, 2148, 2791, 1631, 787, 1934, 3554, 3256, 2020, 4384, 5275, 2934, 1151, 4007, 7133, 6193, 2481, 5365, 6557, 3752, 1385, 4793, 8369, 7252, 1816, 4565, 5906, 3491, 1144, 3031, 6075, 5553, 3766, 9531, 10871, 5805, 2161, 5168, 9634, 8135, 4773, 14139, 15620, 7784, 2485, 8224, 14602, 11727, 2587, 9305, 10105, 4848, 1487, 5832, 9981, 7744, 1187, 2902, 3270, 1866, 815, 1896, 3018, 2466, 987, 1740, 2066, 1401, 755, 1269, 1644, 1441, 997, 1486, 1643, 1150, 794, 1127, 1385, 1189, 819, 1084, 1057, 829, 695, 856, 1018, 927, 569, 752, 772, 674, 573, 624, 820, 719, 580, 720, 725, 638, 616, 675, 720, 635, 798, 1107, 1030, 688, 815, 1084, 899, 581, 1481, 1838, 1891, 1142, 1312, 1926, 1516, 982, 2661, 2774, 2845, 1988, 1770, 2968, 2393, 1745, 3615, 3481, 3465, 2786, 2170, 3406, 2862, 2577, 4008, 5281, 5346, 3768, 2427, 3715, 3809, 3325, 4661, 7249, 7688, 4799, 2274, 5168, 5884, 3770, 3556, 5645, 5918, 3499, 1811, 4271, 4529, 2873, 1498, 2977, 3115, 1833, 1162, 1906, 2184, 1759, 1157, 1980, 1875, 1018, 838, 974, 1148, 978, 1202, 1938, 1668, 802, 815, 1022, 1156, 782, 1260, 1849, 1548, 749, 798, 952, 1146, 794, 1081, 1536, 1287, 773, 809, 922, 1014, 747, 1027, 1124, 913, 782, 745, 893, 902, 716, 1140, 1158, 988, 939, 862, 964, 999, 826, 1039, 1061, 972, 874, 748, 790, 903, 875, 960, 921, 1005, 841, 739, 906, 1042, 994, 746, 815, 1026, 817, 702, 865, 1000, 863, 619, 734, 870, 707, 571, 655, 719, 703, 618, 727, 809, 680, 561, 588, 631, 624, 756, 780, 789, 681, 724, 793, 682, 713, 803, 743, 725, 582, 625, 694, 713, 730, 692, 729, 734, 718, 717, 685, 715, 711, 832, 867, 813, 662, 756, 763, 663, 664, 924, 840, 772, 798, 769, 788, 781, 738, 1024, 955, 894, 852, 823, 820, 973, 1045, 978, 928, 825, 829, 894, 719, 823, 937, 740, 610, 559, 694, 710, 556, 569, 735, 685, 638, 654, 642, 676, 621, 604, 653, 719, 706, 700, 657, 579, 541, 648, 749, 710, 693, 805, 827, 647, 604, 797, 881, 698, 651, 678, 709, 619, 594, 713, 761, 640, 543, 659, 714, 643, 593, 668, 697, 746, 571, 653, 721, 706, 657, 793, 918, 770, 604, 692, 719, 691, 614, 706, 872, 627, 613, 667, 654, 667, 603, 568, 674, 638, 605, 546, 625, 640, 643, 680, 654, 814, 938, 1215, 1021, 692, 958, 1621, 1506, 1813, 1716, 2617, 2246, 1436, 1827, 4100, 4133, 2487, 1958, 3139, 2972, 2080, 2153, 5273, 5469, 1553, 1122, 1589, 1738, 1319, 1336, 2906, 3028, 967, 772, 1165, 927, 676, 647, 1392, 1584, 1317, 1041, 1583, 1389, 1168, 1014, 2317, 2519, 1333, 1150, 1401, 1246, 1096, 983, 1663, 1855, 1001, 1190, 1442, 1147, 936, 949, 1295, 1338, 829, 1175, 1176, 808, 832, 980, 1469, 1312, 822, 817, 796, 890, 777, 930, 1426, 1361, 711, 866, 861, 769, 663, 879, 919, 808, 927, 1194, 1200, 855, 765, 945, 1073, 1098, 726, 1350, 1381, 844, 680, 1008, 1464, 1299, 712, 1422, 1480, 927, 573, 1066, 1648, 1371, 745, 1327, 1479, 995, 626, 1181, 1782, 1429, 765, 1033, 1255, 981, 615, 1024, 1600, 1395, 615, 630, 750, 660, 530, 654, 896, 848, 623, 640, 642, 532, 504, 598, 655, 634, 610, 631, 592, 554, 585, 648, 638, 526, 528, 511, 509, 535, 576, 522, 579, 580, 507, 557, 577, 495, 470, 455, 560, 548, 620, 533, 568, 572, 473, 497, 505, 600, 551, 590, 594, 549, 497, 469, 560, 564, 530, 570, 565, 545, 516, 492, 544, 491, 438, 491, 562, 519, 426, 434, 540, 475, 405, 457, 520, 503, 494, 444, 465, 437]"
-0.05553331971168518,0.5779023766517639,-0.35876160860061646,0.06045877933502197,0.4691965579986572,-0.3206970691680908,0.13150709867477417,-1.1568363904953003,0.9834766387939453,23.5,-0.8525665998458862,0.4620552062988281,18.25,-0.8052166700363159,0.5118370056152344,24.5,-0.6020840406417847,0.2808094024658203,23.25,-0.09725654125213623,0.2627849578857422,15.25,"[652, 640, 603, 603, 629, 604, 603, 641, 597, 659, 554, 595, 652, 687, 641, 563, 594, 547, 548, 560, 609, 607, 584, 562, 456, 448, 495, 519, 513, 467, 547, 529, 381, 389, 385, 468, 470, 420, 433, 392, 522, 512, 516, 590, 560, 486, 498, 497, 474, 481, 502, 526, 546, 577, 566, 494, 541, 475, 492, 543, 523, 520, 465, 542, 497, 421, 440, 474, 480, 477, 439, 500, 417, 522, 518, 401, 493, 517, 552, 458, 497, 566, 579, 478, 445, 513, 527, 505, 602, 613, 634, 552, 553, 585, 620, 621, 527, 561, 512, 511, 625, 575, 535, 575, 577, 570, 494, 578, 606, 534, 535, 607, 496, 519, 536, 533, 485, 519, 527, 559, 505, 525, 578, 570, 504, 547, 542, 495, 487, 499, 445, 453, 544, 594, 512, 510, 593, 585, 532, 532, 573, 597, 538, 548, 533, 535, 554, 518, 500, 568, 567, 501, 587, 598, 608, 564, 533, 549, 517, 485, 615, 577, 577, 569, 547, 585, 563, 569, 641, 675, 646, 624, 633, 620, 605, 588, 669, 667, 576, 565, 582, 656, 559, 564, 734, 582, 565, 627, 673, 694, 528, 583, 561, 579, 596, 560, 604, 562, 498, 483, 627, 634, 579, 554, 616, 634, 590, 544, 623, 569, 541, 551, 617, 622, 611, 647, 552, 544, 553, 576, 593, 593, 614, 569, 537, 537, 514, 485, 518, 484, 472, 534, 544, 575, 616, 629, 585, 476, 501, 567, 482, 527, 513, 567, 583, 463, 487, 458, 508, 536, 430, 551, 600, 515, 493, 471, 433, 481, 489, 534, 528, 513, 537, 474, 528, 559, 608, 637, 599, 575, 586, 549, 514, 499, 511, 561, 541, 569, 525, 539, 461, 556, 561, 493, 470, 512, 568, 530, 515, 554, 516, 461, 495, 557, 586, 543, 538, 553, 597, 531, 517, 571, 571, 617, 783, 703, 851, 695, 534, 548, 703, 837, 2134, 2577, 3963, 2753, 1064, 1632, 3743, 4220, 3312, 6061, 8613, 5537, 1631, 3866, 8585, 8638, 2565, 5801, 7670, 4706, 1412, 4034, 7924, 7352, 1429, 2530, 3188, 2037, 870, 2006, 3319, 2953, 1013, 1118, 1425, 1138, 731, 891, 1566, 1665, 797, 818, 1039, 934, 663, 677, 1150, 1232, 782, 1030, 1346, 1095, 726, 923, 1588, 1505, 1086, 1534, 1883, 1422, 886, 1551, 2368, 2084, 1866, 2096, 3292, 2446, 1230, 1763, 3689, 4054, 1622, 2684, 3765, 2434, 1076, 2066, 4569, 4538, 773, 1831, 2181, 1389, 708, 1463, 2643, 2404, 838, 1278, 1435, 1004, 812, 1056, 1520, 1393, 972, 1511, 1881, 1409, 839, 1268, 2113, 2104, 1357, 2406, 3182, 2185, 861, 1741, 3278, 3122, 2031, 4540, 4751, 2282, 1293, 2727, 4480, 3444, 2865, 6102, 5595, 2176, 1911, 3293, 4797, 2996, 3059, 7807, 7625, 3167, 1758, 4038, 6271, 4117, 3419, 11164, 11653, 5372, 1863, 5952, 10041, 7405, 2893, 12012, 12919, 6155, 1438, 6724, 11849, 9143, 1829, 7527, 7984, 3677, 1086, 4508, 7783, 5888, 913, 2414, 2625, 1477, 866, 1823, 3077, 2522, 870, 1018, 1190, 993, 804, 852, 1421, 1378, 762, 1023, 955, 847, 754, 718, 1119, 1006, 1287, 1534, 1344, 1036, 1005, 1008, 982, 893, 3338, 4066, 3432, 2262, 2431, 2742, 2420, 2193, 4706, 6112, 5116, 2940, 3571, 4038, 3245, 2916, 3522, 5052, 4319, 2237, 2841, 3225, 2467, 2104, 2085, 3260, 3083, 1617, 1823, 2199, 1727, 1349, 2602, 3431, 2926, 1836, 1706, 2377, 1971, 1540, 2602, 3271, 2757, 1793, 1576, 2389, 1966, 1443, 1999, 2712, 2363, 1481, 1227, 2032, 1808, 1202, 1452, 2243, 2192, 1333, 1003, 1607, 1610, 1138, 1365, 2413, 2443, 1438, 969, 1415, 1513, 1283, 1300, 2003, 1875, 1127, 977, 1238, 1325, 1102, 1162, 1507, 1317, 868, 873, 1112, 1308, 1100, 916, 1333, 1252, 783, 597, 1036, 1282, 985, 915, 1156, 1036, 724, 708, 971, 1128, 1015, 907, 869, 939, 825, 736, 809, 1045, 1145, 843, 826, 935, 834, 692, 732, 970, 1074, 820, 1026, 1175, 930, 651, 743, 1021, 985, 778, 940, 987, 846, 681, 657, 701, 740, 710, 798, 669, 661, 698, 612, 685, 674, 624, 878, 808, 613, 656, 697, 756, 700, 736, 843, 799, 644, 663, 735, 764, 664, 670, 777, 778, 710, 710, 704, 696, 654, 625, 751, 799, 741, 670, 679, 679, 653, 811, 1046, 855, 763, 837, 868, 821, 790, 967, 1209, 1057, 853, 923, 939, 902, 795, 918, 1080, 930, 878, 1001, 928, 789, 820, 722, 876, 855, 803, 818, 725, 764, 750, 648, 773, 821, 749, 713, 681, 745, 723, 697, 739, 747, 624, 738, 776, 649, 667, 867, 857, 851, 836, 720, 759, 747, 704, 977, 849, 756, 907, 808, 830, 820, 847, 870, 676, 721, 871, 701, 602, 685, 847, 868, 747, 852, 929, 708, 662, 791, 862, 868, 657, 934, 871, 682, 761, 910, 1080, 885, 842, 824, 726, 710, 768, 815, 939, 887, 722, 753, 798, 693, 588, 751, 940, 775, 703, 867, 791, 640, 614, 612, 796, 808, 694, 683, 807, 746, 603, 664, 794, 901, 635, 679, 888, 801, 676, 875, 1006, 787, 664, 606, 802, 771, 738, 820, 769, 1011, 918, 865, 1021, 823, 723, 949, 1020, 1279, 1318, 1541, 1319, 927, 1087, 1505, 1529, 1410, 1474, 1889, 1585, 993, 1152, 1739, 1831, 1246, 1142, 1467, 1316, 940, 1038, 1358, 1470, 1074, 1062, 1290, 1017, 817, 1017, 1338, 1391, 1027, 1058, 1156, 975, 864, 940, 1378, 1368, 882, 825, 982, 836, 758, 896, 1106, 1140, 846, 756, 724, 697, 717, 716, 899, 990, 922, 933, 854, 787, 793, 852, 1089, 1102, 971, 1223, 1095, 768, 852, 993, 1222, 1163, 1047, 1365, 1352, 947, 864, 1092, 1555, 1473, 901, 1434, 1464, 972, 790, 1207, 1715, 1462, 757, 1119, 1235, 835, 712, 1109, 1505, 1312, 890, 901, 991, 902, 871, 812, 1085, 1154, 830, 943, 1006, 849, 812, 756, 912, 945, 820, 990, 1042, 814, 758, 824, 840, 799, 782, 739, 740, 758, 755, 655, 715, 698, 641, 641, 640, 651, 570, 591, 796, 702, 640, 654, 648, 552, 516, 530, 742, 742, 694, 745, 619, 475, 501, 548, 664, 724, 609, 575, 563, 552, 512, 506, 668, 695, 551, 450, 574, 585, 463, 534, 616, 652, 507, 455, 556, 579, 436, 465, 533, 540, 517, 490, 574, 549, 429, 528, 554, 576, 434, 560, 538, 459, 456, 506, 550, 512, 378, 449, 468, 411, 415, 428, 486, 481]"
-0.39450743794441223,0.4384046196937561,-0.46334603428840637,-0.4134846329689026,0.05717039108276367,-0.020730137825012207,-0.2705802023410797,-0.3667343854904175,-0.18625259399414062,15.25,-0.3474224805831909,-0.1941204071044922,19.0,-0.3188122510910034,0.10042190551757812,16.75,-0.24943244457244873,0.0,21.75,-0.24499785900115967,-0.10328292846679688,19.5,"[590, 618, 599, 603, 597, 605, 597, 617, 572, 610, 587, 590, 588, 578, 553, 527, 546, 543, 514, 551, 454, 550, 563, 495, 570, 492, 481, 639, 619, 563, 551, 515, 532, 457, 441, 531, 532, 487, 411, 420, 482, 450, 503, 539, 498, 522, 471, 431, 556, 504, 501, 574, 501, 486, 506, 542, 542, 574, 441, 528, 553, 463, 525, 527, 533, 557, 532, 531, 487, 509, 550, 524, 530, 464, 580, 598, 580, 559, 587, 630, 504, 478, 583, 628, 551, 484, 584, 571, 516, 532, 555, 538, 511, 539, 590, 567, 526, 616, 668, 579, 494, 481, 564, 492, 530, 460, 587, 541, 458, 505, 465, 500, 575, 473, 587, 588, 523, 531, 471, 541, 495, 519, 534, 505, 504, 553, 496, 486, 537, 491, 433, 456, 532, 514, 502, 501, 534, 607, 582, 518, 505, 573, 586, 516, 574, 664, 631, 537, 556, 579, 573, 575, 530, 570, 571, 552, 548, 545, 544, 577, 584, 575, 646, 607, 462, 538, 526, 560, 651, 571, 654, 625, 504, 540, 539, 629, 576, 611, 590, 563, 554, 568, 640, 580, 528, 565, 587, 546, 595, 557, 543, 491, 474, 493, 607, 591, 507, 547, 561, 537, 550, 618, 640, 579, 518, 597, 604, 562, 555, 526, 558, 593, 603, 587, 559, 599, 549, 609, 648, 568, 496, 565, 658, 643, 570, 492, 588, 500, 493, 536, 586, 670, 526, 568, 620, 544, 543, 559, 503, 557, 603, 673, 592, 512, 533, 578, 450, 474, 573, 583, 554, 579, 676, 643, 519, 537, 508, 467, 465, 591, 641, 546, 450, 479, 543, 595, 560, 566, 604, 644, 616, 512, 496, 472, 530, 427, 436, 569, 531, 498, 549, 462, 502, 476, 543, 555, 520, 598, 583, 468, 487, 619, 565, 565, 543, 574, 616, 581, 516, 510, 560, 587, 497, 566, 619, 862, 910, 626, 600, 579, 645, 696, 613, 1824, 2202, 1202, 655, 953, 1169, 1133, 775, 2704, 3212, 1739, 705, 1157, 1722, 1611, 1255, 3439, 3836, 2075, 931, 1779, 2505, 2004, 1379, 4347, 4746, 2372, 1038, 2163, 3057, 2297, 2137, 3817, 3924, 2294, 1246, 2282, 3464, 2861, 3970, 8553, 9466, 5237, 2095, 4626, 8276, 7107, 3756, 9315, 10411, 5608, 2045, 4605, 8473, 7218, 1691, 4561, 4939, 2449, 1223, 2100, 3715, 3063, 800, 1402, 1573, 958, 811, 1106, 1502, 1195, 840, 1325, 1448, 1029, 784, 1128, 1534, 1296, 784, 1109, 1370, 1063, 783, 972, 1280, 1220, 733, 1241, 1325, 928, 644, 819, 1164, 1123, 997, 1581, 1530, 964, 710, 1092, 1535, 1268, 1793, 3760, 3490, 1494, 1243, 2245, 2956, 1800, 3514, 8029, 7728, 3289, 1969, 4193, 6086, 3923, 4854, 13100, 13723, 6612, 2726, 7011, 11254, 8164, 5068, 15702, 16604, 7971, 2799, 8553, 14481, 10637, 3404, 10724, 10602, 4498, 1918, 6002, 9658, 6565, 1821, 3997, 3710, 1721, 1091, 2312, 3428, 2271, 1109, 2008, 1985, 1084, 863, 1384, 1835, 1335, 852, 1594, 1570, 902, 862, 1215, 1323, 987, 875, 1586, 1499, 907, 948, 1119, 982, 663, 937, 1553, 1624, 1090, 1022, 1340, 1002, 755, 1253, 1887, 1992, 1581, 1209, 1612, 1402, 1139, 2189, 2783, 2944, 2563, 1895, 2343, 2059, 1855, 2572, 2928, 2422, 2390, 2204, 2444, 1812, 1886, 2368, 2766, 2379, 1715, 1889, 2231, 1576, 1381, 1524, 2117, 2050, 1370, 1115, 1314, 1173, 1018, 2676, 4144, 3376, 1524, 1582, 2035, 2398, 1429, 4932, 8219, 6829, 2655, 2745, 3577, 4569, 2465, 4360, 7442, 6217, 2596, 2322, 2820, 3945, 2258, 1973, 3294, 2991, 1534, 1203, 1458, 1832, 1271, 860, 1414, 1505, 936, 722, 1049, 1147, 985, 712, 1134, 1097, 718, 759, 1101, 1095, 782, 761, 1172, 1135, 727, 831, 1122, 1071, 666, 695, 1122, 1243, 850, 768, 995, 1058, 796, 872, 1175, 1210, 893, 855, 947, 993, 788, 777, 1113, 1102, 863, 818, 867, 958, 827, 769, 846, 822, 670, 728, 757, 707, 654, 858, 945, 839, 605, 668, 750, 623, 634, 734, 887, 840, 680, 668, 669, 684, 661, 660, 884, 847, 674, 649, 597, 671, 621, 646, 915, 971, 743, 705, 789, 661, 619, 851, 1088, 994, 723, 920, 921, 638, 561, 1029, 1173, 896, 685, 1000, 940, 660, 719, 940, 1055, 807, 748, 940, 778, 663, 724, 841, 995, 924, 776, 781, 792, 688, 673, 641, 906, 860, 707, 694, 741, 739, 682, 677, 778, 729, 735, 727, 724, 801, 720, 569, 631, 590, 589, 615, 568, 584, 588, 637, 613, 620, 613, 624, 699, 674, 616, 605, 598, 596, 663, 577, 630, 637, 534, 541, 573, 595, 563, 519, 533, 559, 533, 482, 637, 712, 566, 493, 597, 692, 606, 679, 803, 741, 762, 667, 650, 844, 678, 1061, 1047, 769, 1030, 743, 800, 1080, 862, 1073, 929, 852, 1107, 680, 808, 1127, 961, 828, 671, 722, 873, 630, 590, 781, 817, 700, 609, 523, 656, 617, 503, 564, 675, 780, 700, 591, 625, 616, 622, 744, 725, 739, 774, 781, 787, 607, 601, 732, 741, 696, 906, 1075, 831, 654, 752, 805, 795, 683, 802, 1022, 846, 627, 674, 768, 755, 762, 746, 976, 918, 766, 739, 965, 1019, 969, 868, 846, 835, 763, 700, 892, 1045, 1031, 1148, 1372, 1167, 789, 813, 1173, 1315, 1300, 1539, 2013, 1853, 1077, 1047, 2011, 2002, 1316, 1423, 1745, 1610, 1020, 1266, 2111, 2083, 1047, 1207, 1117, 980, 928, 1195, 1513, 1280, 1094, 1118, 934, 846, 944, 1016, 1113, 1023, 1284, 1176, 1130, 984, 1011, 940, 1166, 1283, 983, 1196, 1212, 999, 948, 1009, 1244, 1093, 913, 1141, 1310, 1034, 798, 892, 1229, 1184, 955, 1088, 1201, 933, 713, 951, 1259, 1238, 870, 879, 1203, 1096, 661, 769, 998, 1076, 730, 961, 1143, 890, 603, 763, 872, 964, 952, 1178, 1117, 960, 654, 901, 1137, 1015, 1199, 1270, 1094, 1233, 822, 1045, 1299, 1091, 1166, 1150, 955, 1154, 898, 967, 1206, 1025, 781, 916, 819, 772, 733, 791, 1032, 863, 625, 789, 940, 803, 635, 644, 884, 737, 607, 677, 836, 772, 542, 494, 563, 676, 539, 690, 638, 586, 548, 510, 575, 523, 594, 595, 512, 486, 501, 555, 600, 581, 690, 680, 609, 613, 564, 588, 589, 518, 678, 689, 569, 566, 481, 540, 642, 513, 594, 686, 614, 488, 492, 487, 599, 526, 519, 649, 569, 495, 450, 539, 595, 448, 514, 588, 545, 544, 494, 538, 605, 500]"
-0.2743993401527405,0.4488525390625,-0.5428192615509033,-0.15729960799217224,0.009633298963308334,-0.03547872230410576,-0.011958718299865723,-0.2915703058242798,0.0,22.25,-0.2748333215713501,0.3696441650390625,23.0,-0.2679668664932251,0.0,16.75,-0.2528034448623657,0.0,30.25,0.20395886898040771,0.1537799835205078,16.25,"[440, 542, 640, 596, 587, 593, 640, 544, 507, 555, 527, 551, 577, 594, 582, 532, 494, 521, 564, 518, 527, 496, 524, 498, 536, 476, 516, 531, 532, 500, 491, 517, 577, 525, 514, 564, 527, 538, 534, 478, 585, 529, 522, 569, 510, 556, 500, 541, 579, 553, 535, 482, 532, 477, 461, 579, 548, 542, 505, 581, 607, 555, 547, 522, 625, 536, 530, 643, 570, 506, 508, 580, 583, 523, 538, 553, 551, 504, 545, 584, 544, 474, 528, 521, 477, 513, 612, 582, 559, 562, 505, 509, 499, 511, 546, 543, 533, 521, 496, 557, 524, 532, 573, 436, 523, 562, 580, 489, 508, 561, 539, 465, 581, 578, 482, 568, 639, 553, 528, 561, 509, 571, 564, 568, 580, 521, 529, 468, 534, 563, 589, 558, 475, 540, 570, 567, 643, 615, 617, 587, 583, 541, 554, 657, 625, 553, 587, 600, 587, 525, 541, 620, 649, 502, 486, 552, 529, 528, 586, 647, 603, 582, 423, 587, 548, 520, 528, 495, 612, 519, 525, 644, 579, 524, 576, 577, 523, 656, 645, 576, 561, 616, 601, 574, 567, 644, 663, 647, 566, 538, 518, 531, 573, 519, 494, 632, 647, 601, 529, 523, 507, 448, 534, 592, 594, 567, 517, 521, 479, 558, 599, 618, 527, 487, 620, 558, 562, 611, 642, 628, 654, 582, 579, 553, 445, 459, 508, 507, 548, 541, 616, 579, 402, 497, 536, 491, 534, 491, 459, 471, 480, 559, 538, 516, 563, 556, 533, 458, 578, 543, 463, 516, 505, 533, 546, 553, 484, 548, 470, 483, 512, 496, 475, 435, 491, 593, 623, 556, 543, 513, 514, 468, 560, 589, 589, 540, 485, 521, 509, 501, 628, 541, 515, 553, 510, 537, 521, 579, 660, 566, 566, 605, 649, 555, 602, 684, 651, 649, 707, 692, 664, 684, 612, 678, 1003, 2069, 2505, 1729, 1285, 1754, 850, 1059, 1707, 5377, 6753, 4006, 2287, 3760, 2130, 2319, 1916, 5930, 7409, 4245, 2108, 3926, 2779, 2609, 3175, 7165, 6665, 2874, 2136, 4015, 4855, 2864, 7131, 18885, 18113, 6914, 4087, 8673, 13314, 7799, 7430, 20518, 19740, 7666, 3662, 9805, 15244, 8993, 3956, 9462, 8479, 3306, 1880, 5353, 7549, 3943, 1764, 3107, 2792, 1344, 1138, 2101, 2364, 1340, 1492, 2124, 1986, 1181, 1060, 1499, 1695, 1370, 1383, 2406, 2510, 1415, 962, 1534, 2129, 1798, 1126, 2161, 2185, 1251, 814, 1283, 1863, 1547, 1483, 2946, 2778, 1315, 1057, 1661, 2256, 1571, 3175, 6506, 5924, 2297, 2200, 3233, 4574, 2816, 6887, 15830, 14736, 5544, 4231, 8182, 12223, 7575, 8471, 20934, 19688, 7462, 4747, 11622, 17177, 10487, 5808, 13560, 12427, 4413, 3475, 8023, 11063, 6324, 3515, 8374, 8210, 3350, 2967, 4415, 5004, 3238, 2180, 5390, 5504, 2670, 2016, 2840, 3208, 2436, 1382, 2706, 2574, 1289, 1128, 1523, 1732, 1247, 1184, 1824, 1665, 927, 993, 1150, 1117, 857, 852, 1136, 1015, 566, 691, 778, 810, 696, 954, 1237, 1241, 820, 760, 921, 822, 780, 1169, 1614, 1610, 1211, 1109, 1136, 985, 816, 959, 1501, 1626, 1044, 1014, 1234, 990, 757, 2251, 2989, 1996, 1234, 1873, 1779, 1380, 1119, 3045, 3682, 2468, 1657, 1991, 2164, 1799, 1422, 3206, 3911, 2883, 1704, 1926, 2374, 1996, 1291, 3042, 4151, 2925, 1478, 2062, 2099, 1801, 1343, 4275, 6032, 4371, 1790, 2701, 2678, 2302, 1587, 3586, 5290, 4084, 1569, 2292, 2297, 1989, 1273, 1762, 2570, 2031, 1007, 1425, 1480, 1118, 895, 1306, 1597, 1270, 784, 942, 1035, 826, 819, 1286, 1827, 1496, 896, 1021, 1169, 848, 734, 1075, 1377, 1248, 801, 895, 1023, 881, 689, 811, 1064, 898, 657, 714, 881, 869, 631, 635, 819, 793, 664, 665, 790, 718, 662, 621, 683, 805, 794, 705, 626, 680, 694, 662, 757, 667, 626, 709, 626, 595, 634, 610, 680, 624, 564, 663, 653, 624, 613, 676, 767, 759, 722, 737, 763, 703, 631, 788, 895, 781, 679, 827, 865, 628, 648, 853, 866, 805, 759, 779, 756, 603, 687, 781, 742, 832, 795, 738, 686, 798, 799, 750, 887, 765, 777, 867, 797, 765, 701, 817, 882, 732, 790, 902, 848, 693, 595, 690, 693, 670, 692, 722, 780, 663, 563, 802, 764, 705, 750, 893, 913, 737, 650, 673, 725, 735, 709, 770, 754, 671, 620, 624, 643, 638, 585, 616, 608, 524, 586, 680, 647, 633, 584, 666, 626, 535, 668, 704, 747, 743, 614, 707, 762, 717, 771, 736, 777, 679, 666, 736, 733, 748, 745, 593, 559, 504, 606, 727, 615, 642, 673, 624, 666, 580, 579, 660, 649, 595, 613, 656, 688, 619, 547, 586, 648, 633, 611, 743, 674, 566, 563, 580, 568, 613, 667, 565, 611, 725, 603, 637, 707, 737, 721, 672, 746, 782, 728, 589, 762, 804, 745, 645, 621, 746, 719, 548, 701, 743, 690, 664, 567, 686, 666, 550, 683, 690, 697, 649, 770, 778, 633, 641, 748, 733, 591, 665, 703, 738, 725, 653, 635, 713, 686, 738, 810, 804, 737, 663, 677, 640, 621, 782, 819, 908, 840, 761, 754, 708, 632, 656, 736, 820, 775, 695, 727, 653, 720, 710, 819, 813, 749, 729, 874, 845, 732, 980, 1225, 1099, 1064, 841, 1192, 1457, 1155, 1661, 2470, 2259, 1824, 1212, 2251, 3153, 2393, 1588, 2433, 2031, 1368, 1060, 2026, 3126, 2324, 1087, 1272, 1168, 1261, 999, 1258, 1806, 1368, 1209, 1351, 1329, 1310, 1006, 1108, 1574, 1514, 918, 992, 1087, 938, 721, 814, 1213, 1179, 828, 1161, 1193, 919, 656, 1021, 1267, 1006, 817, 1149, 1172, 835, 744, 958, 1207, 953, 951, 966, 1057, 877, 724, 808, 935, 902, 984, 1059, 1204, 952, 772, 909, 1031, 1036, 966, 1225, 1033, 813, 926, 1003, 1088, 1010, 964, 1152, 957, 947, 1051, 904, 1146, 1242, 803, 789, 942, 1047, 893, 648, 953, 951, 881, 1040, 1089, 884, 729, 923, 1090, 896, 1082, 1270, 1151, 896, 627, 1020, 1281, 983, 751, 1002, 1013, 810, 637, 703, 980, 831, 561, 728, 892, 778, 559, 567, 819, 831, 721, 726, 728, 746, 677, 591, 631, 701, 729, 648, 613, 604, 593, 728, 610, 626, 604, 682, 590, 525, 599, 626, 609, 564, 503, 671, 650, 542, 516, 560, 579, 461, 516, 629, 584, 537, 533, 530, 579, 509, 494, 536, 549, 520, 457, 541, 615, 576, 453, 560, 547, 526, 474, 548, 633, 488]"
-0.23956897854804993,0.539152979850769,-0.5309982895851135,-0.06461714953184128,0.08329546451568604,0.012502465397119522,0.07795754820108414,-1.3670624494552612,1.6010284423828125,15.75,-0.23753058910369873,0.09226799011230469,16.5,-0.2225102186203003,-0.18854141235351562,15.75,-0.20276916027069092,-0.17838478088378906,16.25,-0.19447219371795654,0.09012222290039062,18.25,"[460, 699, 838, 754, 592, 747, 839, 700, 582, 653, 724, 765, 654, 709, 788, 693, 643, 670, 622, 640, 598, 648, 644, 580, 558, 558, 552, 528, 514, 483, 546, 572, 515, 543, 612, 574, 478, 437, 401, 524, 550, 484, 576, 563, 486, 453, 539, 596, 585, 571, 512, 557, 542, 532, 539, 564, 554, 540, 452, 510, 574, 491, 477, 491, 525, 523, 546, 563, 537, 561, 516, 504, 490, 520, 526, 514, 494, 530, 472, 459, 557, 615, 606, 551, 574, 556, 527, 572, 597, 634, 483, 539, 630, 572, 485, 569, 469, 524, 490, 497, 481, 486, 525, 521, 607, 545, 535, 640, 596, 520, 519, 522, 588, 541, 489, 528, 513, 501, 535, 562, 458, 532, 649, 618, 461, 457, 574, 561, 511, 536, 573, 500, 519, 483, 615, 642, 622, 647, 622, 515, 522, 544, 551, 617, 637, 485, 536, 578, 515, 499, 519, 625, 634, 593, 570, 516, 558, 515, 568, 635, 603, 541, 491, 522, 595, 532, 515, 616, 664, 688, 603, 567, 578, 659, 566, 529, 592, 500, 564, 516, 557, 546, 462, 561, 528, 475, 468, 605, 608, 490, 478, 536, 486, 529, 583, 629, 548, 506, 500, 464, 581, 647, 587, 558, 587, 540, 470, 483, 633, 589, 536, 609, 582, 531, 442, 502, 627, 535, 510, 586, 559, 526, 500, 516, 614, 590, 519, 509, 572, 549, 510, 491, 592, 610, 489, 537, 557, 562, 559, 562, 513, 461, 451, 526, 488, 524, 533, 532, 494, 476, 549, 573, 475, 453, 504, 526, 547, 497, 570, 601, 531, 443, 482, 525, 559, 491, 497, 525, 499, 517, 590, 571, 516, 608, 641, 590, 479, 543, 608, 548, 494, 591, 608, 624, 547, 469, 542, 481, 552, 507, 564, 607, 540, 565, 606, 578, 724, 1177, 1280, 854, 633, 875, 1033, 966, 1085, 2756, 3358, 2014, 844, 1748, 1989, 1817, 1142, 3704, 4379, 2336, 1046, 2281, 2095, 1763, 1589, 3569, 3560, 1621, 1331, 1953, 1971, 1358, 1751, 3328, 3332, 1953, 1395, 2001, 2193, 1407, 1031, 2017, 2477, 1726, 757, 1557, 1620, 1190, 676, 1922, 2281, 1333, 839, 1614, 1584, 1055, 846, 1429, 1360, 856, 774, 1161, 1309, 964, 855, 1369, 1416, 924, 721, 1095, 1222, 921, 1317, 2288, 1972, 888, 1015, 1280, 1398, 995, 2796, 5430, 4647, 1595, 1861, 2669, 3199, 1533, 3398, 7108, 6263, 2134, 2199, 3816, 4703, 2155, 3886, 8035, 7023, 2338, 2591, 4480, 5514, 2527, 3977, 8620, 7932, 2719, 2645, 4474, 5441, 2531, 2747, 6505, 6468, 2715, 2312, 3658, 3715, 2137, 2156, 6057, 6451, 2928, 2274, 3561, 3037, 2194, 2315, 6989, 7623, 3461, 2472, 4064, 3047, 2316, 1713, 4794, 5123, 2334, 1700, 2624, 2298, 1758, 1009, 1903, 1965, 1048, 1011, 1351, 1348, 986, 1516, 2763, 2590, 1017, 1568, 1914, 1220, 762, 3836, 6578, 5322, 1507, 3726, 3955, 2027, 1105, 4671, 7368, 5501, 1708, 4448, 4312, 2000, 1156, 3025, 3909, 2610, 1652, 2989, 2434, 1116, 1165, 2220, 2924, 2114, 1491, 2193, 2059, 1102, 1009, 1905, 3024, 2592, 1137, 1714, 2008, 1427, 907, 1569, 2258, 1882, 1152, 1675, 1726, 1305, 905, 1513, 1904, 1390, 1279, 1842, 1629, 969, 825, 1316, 1609, 1487, 1215, 1438, 1411, 805, 896, 961, 1532, 1575, 903, 1016, 1129, 738, 903, 833, 1449, 1441, 761, 906, 968, 715, 701, 714, 1072, 995, 697, 876, 892, 668, 644, 661, 769, 771, 643, 768, 915, 738, 630, 609, 713, 755, 623, 651, 766, 740, 618, 694, 684, 696, 623, 593, 718, 711, 686, 577, 653, 696, 612, 574, 654, 675, 666, 531, 698, 682, 593, 756, 732, 577, 538, 604, 732, 611, 659, 856, 708, 536, 546, 759, 712, 722, 702, 814, 665, 687, 787, 708, 684, 719, 678, 566, 710, 702, 641, 647, 607, 704, 676, 540, 704, 588, 545, 653, 738, 764, 694, 635, 680, 654, 615, 720, 830, 739, 763, 821, 849, 729, 618, 748, 828, 689, 740, 913, 866, 727, 568, 881, 986, 758, 654, 913, 1033, 833, 640, 1139, 1258, 962, 840, 1346, 1250, 802, 836, 1064, 1300, 1032, 910, 1390, 1250, 717, 681, 696, 947, 819, 668, 872, 847, 616, 532, 714, 758, 645, 574, 710, 623, 601, 721, 855, 815, 693, 663, 769, 657, 705, 851, 738, 710, 692, 778, 730, 609, 721, 793, 618, 657, 660, 677, 669, 715, 707, 670, 647, 667, 594, 621, 693, 699, 612, 599, 696, 744, 714, 610, 747, 781, 633, 680, 683, 696, 768, 707, 585, 633, 683, 660, 611, 581, 648, 610, 501, 566, 604, 624, 651, 624, 645, 631, 576, 568, 582, 608, 709, 610, 598, 644, 601, 618, 610, 613, 805, 754, 569, 601, 653, 704, 696, 679, 774, 786, 682, 680, 635, 748, 772, 673, 641, 690, 644, 637, 596, 770, 774, 614, 644, 594, 711, 626, 465, 582, 660, 694, 710, 562, 550, 555, 682, 639, 711, 798, 765, 723, 729, 691, 685, 719, 637, 662, 609, 804, 814, 644, 603, 666, 671, 562, 609, 760, 710, 530, 595, 687, 687, 591, 652, 716, 653, 506, 582, 693, 647, 639, 764, 672, 615, 627, 695, 661, 624, 669, 684, 737, 725, 784, 692, 707, 767, 703, 970, 1079, 1026, 984, 765, 1127, 1240, 869, 1469, 1507, 1274, 1215, 984, 1576, 1551, 974, 1819, 1494, 1255, 1372, 1182, 1486, 1214, 1198, 1955, 1360, 1461, 1504, 1259, 1213, 1009, 1709, 1772, 959, 1244, 1331, 1167, 997, 1048, 1885, 1362, 914, 1257, 1241, 984, 851, 1220, 1720, 920, 853, 1129, 948, 712, 761, 1136, 1241, 733, 820, 799, 694, 590, 596, 798, 802, 753, 1056, 1053, 837, 766, 688, 842, 908, 754, 1113, 1238, 985, 708, 791, 1078, 1035, 799, 1211, 1385, 1093, 698, 832, 1162, 1107, 708, 1035, 1037, 831, 597, 792, 978, 827, 741, 855, 894, 971, 747, 768, 900, 741, 777, 858, 794, 902, 680, 852, 1029, 711, 731, 692, 832, 781, 493, 717, 863, 755, 740, 692, 836, 741, 532, 694, 781, 805, 687, 755, 746, 628, 540, 678, 689, 676, 639, 714, 766, 704, 528, 676, 860, 702, 666, 592, 678, 688, 536, 627, 752, 703, 551, 514, 555, 519, 476, 585, 597, 543, 461, 495, 543, 576, 529, 655, 676, 475, 453, 551, 628, 598, 581, 634, 610, 476, 417, 499, 472, 435, 458, 507, 569, 532]"
-0.4639522135257721,-0.2390175759792328,-0.4868474304676056,-0.9979180693626404,0.1998681277036667,-0.6812324523925781,-0.7839902639389038,-1.5552382469177246,1.3605594635009766,19.25,-0.9229521751403809,1.0325431823730469,22.0,-0.9192328453063965,1.0361194610595703,24.25,-0.6810526847839355,0.9618759155273438,24.75,-0.5800585746765137,1.6310691833496094,15.25,"[615, 666, 669, 608, 622, 607, 671, 667, 555, 589, 644, 598, 642, 587, 658, 641, 541, 613, 626, 596, 577, 604, 585, 560, 500, 598, 551, 522, 511, 521, 540, 470, 493, 479, 490, 472, 523, 531, 539, 499, 526, 551, 565, 550, 544, 527, 590, 568, 472, 595, 571, 414, 480, 570, 527, 489, 532, 569, 630, 521, 495, 544, 541, 532, 543, 523, 532, 472, 510, 499, 440, 507, 561, 604, 620, 507, 460, 533, 549, 532, 476, 517, 470, 491, 535, 560, 536, 383, 478, 561, 557, 563, 591, 528, 543, 454, 481, 544, 488, 574, 588, 519, 564, 531, 453, 566, 500, 492, 511, 473, 484, 459, 508, 581, 657, 638, 520, 492, 576, 533, 567, 630, 634, 645, 607, 563, 583, 548, 622, 547, 536, 594, 578, 634, 579, 561, 563, 601, 601, 527, 509, 565, 504, 477, 497, 525, 548, 531, 447, 501, 455, 419, 609, 471, 511, 595, 487, 522, 516, 547, 652, 584, 550, 581, 506, 571, 581, 559, 553, 528, 572, 551, 580, 638, 501, 500, 627, 553, 556, 542, 527, 591, 570, 613, 567, 563, 465, 481, 565, 527, 487, 502, 538, 513, 476, 587, 591, 574, 657, 568, 574, 601, 475, 597, 609, 609, 681, 589, 507, 478, 486, 530, 617, 551, 554, 538, 569, 572, 538, 544, 697, 607, 504, 529, 468, 447, 478, 583, 603, 522, 486, 508, 493, 539, 604, 540, 492, 494, 541, 565, 578, 540, 606, 611, 546, 475, 496, 610, 606, 584, 542, 616, 570, 553, 584, 558, 630, 570, 512, 600, 607, 583, 516, 541, 559, 569, 514, 576, 600, 600, 555, 546, 557, 661, 703, 598, 517, 535, 616, 556, 530, 686, 686, 592, 528, 519, 547, 439, 575, 626, 529, 602, 654, 598, 623, 545, 478, 630, 530, 556, 661, 543, 513, 514, 445, 638, 581, 462, 593, 589, 550, 446, 540, 606, 536, 492, 609, 593, 519, 524, 528, 593, 523, 519, 552, 575, 545, 518, 498, 554, 516, 654, 680, 521, 566, 532, 523, 574, 605, 655, 689, 644, 661, 609, 1052, 854, 1213, 1138, 873, 939, 1740, 1828, 3240, 1743, 3388, 3268, 2333, 2061, 5823, 6462, 4056, 2175, 4280, 4147, 3060, 2476, 7532, 8375, 2499, 1233, 2270, 2231, 1880, 1366, 4026, 4663, 2291, 1520, 1073, 1108, 1462, 1611, 1672, 2209, 7723, 5466, 6350, 4639, 4834, 5633, 10727, 12008, 12442, 8216, 12162, 9055, 8218, 8476, 20477, 22862, 8762, 5952, 9803, 7714, 5982, 6282, 16627, 18097, 4082, 3673, 5544, 4091, 2552, 3144, 7835, 8324, 2120, 3319, 5085, 3649, 1310, 2014, 4306, 4594, 1745, 2582, 4062, 3050, 1160, 1533, 3453, 3779, 1778, 1740, 2861, 2263, 1049, 1331, 3038, 3348, 1986, 2024, 3376, 2641, 1390, 1142, 3170, 3732, 1857, 2819, 4519, 3129, 1318, 1679, 4123, 4546, 1354, 1535, 2626, 2038, 1054, 1474, 2624, 2740, 979, 1514, 1698, 1218, 797, 1152, 1686, 1541, 827, 1501, 1470, 908, 680, 1076, 1587, 1349, 678, 778, 731, 598, 517, 753, 888, 825, 678, 726, 818, 776, 557, 766, 867, 689, 651, 780, 797, 699, 589, 655, 796, 597, 662, 707, 836, 678, 603, 547, 730, 794, 593, 550, 763, 725, 632, 489, 671, 808, 509, 559, 623, 638, 536, 498, 648, 714, 604, 699, 679, 631, 631, 683, 700, 621, 836, 855, 745, 709, 703, 715, 732, 751, 906, 1436, 1621, 1111, 702, 875, 1036, 932, 1805, 4182, 4323, 2191, 1175, 2201, 2210, 1674, 3036, 5949, 5729, 3193, 2191, 3550, 2937, 2699, 3336, 4592, 4305, 3174, 3008, 3336, 2476, 2665, 2863, 2796, 2704, 2653, 2335, 2502, 1989, 2080, 1620, 1490, 1613, 1518, 1240, 1187, 1212, 1485, 873, 982, 1124, 1160, 975, 841, 999, 959, 903, 879, 969, 1106, 879, 902, 879, 724, 1033, 1029, 1036, 1114, 1006, 818, 877, 1020, 1163, 1102, 1139, 1105, 963, 848, 1028, 1199, 774, 999, 1078, 869, 696, 827, 891, 828, 717, 927, 954, 753, 647, 712, 833, 787, 863, 943, 833, 678, 662, 665, 706, 793, 846, 804, 695, 756, 779, 754, 636, 721, 724, 642, 687, 837, 739, 608, 771, 846, 732, 674, 707, 799, 754, 612, 797, 876, 632, 675, 686, 625, 624, 729, 757, 698, 637, 706, 685, 680, 703, 801, 801, 690, 908, 1004, 860, 767, 785, 881, 938, 898, 987, 1100, 938, 646, 874, 884, 760, 850, 679, 809, 766, 602, 695, 708, 672, 651, 631, 676, 681, 642, 646, 679, 682, 720, 670, 721, 762, 748, 708, 628, 606, 707, 734, 713, 762, 748, 682, 622, 706, 800, 642, 555, 585, 656, 615, 613, 613, 629, 666, 689, 617, 679, 624, 581, 604, 589, 636, 612, 586, 714, 642, 543, 634, 613, 664, 631, 702, 725, 717, 538, 578, 739, 642, 652, 611, 664, 651, 607, 635, 643, 606, 686, 657, 675, 696, 604, 679, 663, 674, 619, 649, 637, 592, 662, 625, 615, 666, 640, 698, 667, 632, 719, 696, 684, 575, 634, 716, 664, 503, 509, 622, 616, 587, 564, 652, 661, 523, 571, 693, 736, 629, 585, 618, 621, 597, 647, 790, 749, 595, 655, 603, 644, 627, 579, 698, 704, 532, 543, 604, 639, 635, 590, 626, 637, 581, 732, 731, 723, 762, 714, 756, 743, 618, 731, 717, 611, 613, 616, 650, 629, 664, 701, 767, 688, 594, 619, 736, 771, 703, 846, 956, 750, 580, 692, 871, 812, 662, 989, 974, 659, 585, 862, 1148, 959, 745, 939, 854, 692, 675, 840, 1035, 862, 736, 823, 863, 699, 621, 645, 852, 902, 516, 947, 1062, 798, 615, 745, 939, 810, 719, 921, 1083, 873, 559, 752, 1057, 1017, 622, 696, 746, 668, 578, 619, 719, 670, 607, 726, 751, 589, 647, 717, 759, 662, 563, 716, 719, 611, 600, 687, 726, 623, 506, 524, 655, 685, 589, 568, 726, 706, 541, 474, 686, 651, 554, 553, 558, 620, 537, 443, 475, 498, 570, 601, 521, 481, 566, 605, 600, 530, 452, 593, 660, 603, 647, 632, 648, 701, 555, 578, 759, 750, 502, 537, 595, 716, 586, 527, 745, 698, 585, 530, 660, 730, 545, 603, 772, 683, 405, 431, 534, 508, 481, 532, 518, 446, 498, 443, 518, 553, 449, 426, 498, 488, 448, 416, 427, 479, 470, 433, 424, 458, 471, 459, 430, 478, 485, 475, 448, 480]"
-0.609943151473999,0.06450048089027405,-0.5517670512199402,-1.0992114543914795,0.5948660373687744,-0.7787047624588013,-0.7503852844238281,-1.530569076538086,1.2876033782958984,16.0,-1.530569076538086,1.297616958618164,21.25,-1.2880973815917969,1.2013435363769531,19.5,-0.9366207122802734,1.0548591613769531,20.25,-0.7576637268066406,0.9181022644042969,18.0,"[607, 583, 574, 615, 685, 620, 575, 577, 556, 525, 592, 622, 619, 656, 636, 515, 503, 533, 561, 573, 612, 665, 591, 483, 607, 567, 498, 434, 592, 676, 535, 513, 569, 489, 500, 431, 546, 554, 467, 569, 516, 572, 539, 469, 480, 435, 429, 506, 559, 502, 504, 526, 515, 439, 446, 524, 565, 543, 596, 579, 554, 484, 542, 570, 522, 545, 524, 494, 547, 522, 468, 479, 448, 555, 492, 470, 511, 549, 513, 467, 478, 652, 635, 565, 539, 595, 610, 548, 459, 522, 455, 473, 576, 545, 562, 553, 443, 455, 450, 550, 614, 602, 601, 522, 468, 518, 505, 630, 633, 619, 606, 508, 591, 624, 549, 632, 661, 526, 505, 567, 637, 661, 561, 493, 543, 569, 523, 508, 464, 601, 524, 395, 419, 528, 595, 458, 529, 551, 558, 535, 446, 513, 563, 556, 576, 500, 512, 538, 571, 509, 508, 609, 495, 572, 589, 516, 533, 554, 507, 497, 447, 533, 580, 562, 498, 513, 551, 464, 543, 581, 694, 689, 588, 566, 652, 584, 616, 631, 620, 596, 582, 640, 664, 642, 580, 544, 558, 599, 618, 573, 561, 564, 537, 522, 531, 615, 580, 479, 478, 506, 502, 518, 515, 576, 477, 444, 531, 572, 541, 492, 459, 505, 559, 562, 549, 557, 628, 505, 457, 569, 539, 566, 511, 497, 561, 560, 500, 545, 541, 577, 531, 515, 512, 540, 494, 484, 471, 537, 513, 486, 500, 525, 535, 509, 478, 507, 550, 490, 536, 590, 573, 506, 475, 566, 623, 561, 540, 539, 490, 439, 533, 579, 547, 547, 589, 602, 533, 509, 499, 590, 512, 493, 447, 475, 481, 462, 492, 535, 551, 468, 534, 600, 590, 480, 448, 485, 545, 559, 597, 559, 573, 559, 532, 559, 523, 522, 664, 496, 497, 578, 629, 695, 617, 648, 554, 577, 591, 598, 628, 627, 605, 570, 496, 542, 607, 575, 507, 541, 523, 531, 572, 537, 508, 565, 578, 542, 585, 594, 628, 635, 769, 746, 566, 797, 1024, 1032, 1235, 1500, 1861, 1699, 1012, 1740, 3539, 3241, 2618, 2469, 3560, 2785, 1921, 2781, 6454, 6436, 2389, 2006, 3156, 2546, 1842, 2088, 5260, 5508, 1082, 943, 1507, 1439, 963, 962, 2165, 2221, 2924, 1937, 3646, 2832, 1565, 1807, 3913, 4833, 5014, 3766, 7355, 5615, 2685, 3104, 7334, 9043, 4297, 3108, 6748, 5280, 2399, 2025, 6337, 8188, 2744, 1551, 3287, 2890, 1569, 1098, 2913, 4148, 1716, 1422, 1709, 1836, 1225, 1664, 2252, 2014, 1299, 1436, 1700, 1304, 982, 1403, 2535, 2448, 901, 2074, 2463, 1413, 776, 1665, 3300, 2981, 1115, 2678, 2780, 1478, 840, 2193, 3574, 2875, 2128, 3438, 3971, 2344, 1284, 2384, 4311, 3893, 2533, 4745, 5801, 3479, 1358, 2817, 5523, 5584, 1920, 4556, 5235, 2832, 949, 2796, 5231, 4662, 1115, 3048, 3331, 1809, 703, 1891, 3236, 2635, 728, 1397, 1568, 1073, 628, 997, 1488, 1287, 667, 876, 1018, 942, 668, 757, 917, 854, 630, 924, 957, 802, 735, 769, 821, 689, 617, 661, 671, 629, 623, 599, 693, 728, 718, 710, 608, 680, 589, 626, 655, 560, 696, 690, 586, 682, 629, 603, 660, 576, 635, 619, 601, 663, 648, 586, 664, 700, 680, 721, 720, 720, 655, 759, 792, 738, 779, 1034, 1032, 773, 751, 760, 792, 742, 1095, 1455, 1213, 855, 890, 939, 971, 824, 2376, 2412, 2319, 2410, 1496, 2354, 2643, 1710, 3430, 3041, 4743, 4325, 2137, 4157, 4183, 2528, 2487, 2565, 4487, 3489, 1822, 3560, 2931, 1757, 1647, 2537, 3297, 2635, 1374, 2155, 2167, 1396, 2160, 3104, 3497, 2840, 1334, 2249, 2689, 1519, 1744, 2709, 2922, 2323, 1132, 1551, 1948, 1488, 1059, 1501, 1749, 1568, 1000, 914, 1209, 1230, 749, 950, 1072, 1023, 746, 795, 1012, 816, 869, 1254, 1219, 937, 847, 1162, 1193, 831, 824, 1064, 972, 758, 758, 963, 1055, 790, 943, 986, 799, 746, 751, 818, 915, 772, 992, 1118, 930, 768, 848, 949, 906, 647, 783, 1034, 912, 654, 623, 781, 757, 541, 617, 797, 835, 695, 600, 607, 752, 694, 690, 655, 746, 774, 617, 684, 847, 822, 702, 688, 739, 768, 713, 789, 788, 773, 635, 637, 656, 691, 684, 696, 632, 646, 823, 838, 781, 756, 723, 739, 662, 704, 735, 832, 760, 687, 728, 699, 746, 683, 776, 782, 700, 617, 657, 734, 709, 681, 619, 558, 609, 646, 553, 536, 624, 630, 596, 602, 534, 550, 549, 617, 636, 568, 586, 584, 580, 585, 590, 558, 600, 683, 600, 640, 626, 635, 596, 611, 610, 671, 573, 670, 683, 762, 644, 632, 756, 666, 734, 706, 731, 851, 814, 729, 799, 795, 636, 676, 688, 651, 635, 703, 792, 653, 630, 681, 598, 535, 585, 695, 707, 635, 563, 573, 519, 508, 559, 597, 546, 524, 577, 585, 572, 586, 588, 615, 646, 543, 562, 632, 531, 573, 577, 611, 652, 534, 587, 604, 591, 555, 531, 570, 565, 556, 524, 527, 557, 582, 572, 588, 548, 537, 578, 582, 619, 688, 659, 673, 597, 541, 628, 583, 529, 520, 593, 670, 655, 643, 565, 639, 635, 635, 670, 764, 765, 717, 621, 658, 655, 761, 635, 722, 818, 745, 542, 589, 627, 620, 611, 683, 646, 607, 708, 486, 486, 657, 611, 498, 452, 667, 888, 621, 745, 828, 644, 659, 805, 923, 981, 910, 1032, 926, 644, 793, 999, 1069, 782, 859, 878, 757, 598, 703, 816, 850, 646, 609, 578, 594, 596, 676, 619, 621, 715, 1036, 1081, 731, 686, 760, 1018, 978, 739, 1265, 1356, 827, 647, 855, 1323, 1244, 664, 1092, 1180, 780, 675, 894, 1251, 1138, 669, 755, 760, 643, 601, 803, 886, 799, 607, 555, 664, 665, 538, 509, 666, 689, 477, 648, 718, 576, 537, 511, 688, 685, 547, 670, 647, 566, 537, 563, 686, 625, 597, 563, 463, 552, 623, 633, 587, 566, 438, 445, 500, 546, 394, 563, 705, 607, 514, 469, 482, 663, 533, 564, 774, 707, 523, 558, 487, 551, 530, 589, 763, 719, 579, 635, 594, 486, 539, 650, 729, 689, 644, 651, 537, 465, 536, 580, 633, 581, 601, 596, 458, 414, 532, 512, 443, 526, 496, 471, 420, 449, 500, 429, 446, 483, 424, 428, 463, 491, 459, 381, 429, 441, 378, 477, 482, 457, 404, 387, 427, 432]"
-0.7579479217529297,-0.06137033551931381,-0.8056913614273071,-1.2098190784454346,0.445655882358551,-1.003828525543213,-0.7584415078163147,-1.4031636714935303,1.222085952758789,26.75,-1.0817277431488037,1.1601448059082031,16.5,-1.0655629634857178,1.1245250701904297,25.5,-0.3992307186126709,0.6767749786376953,16.5,-0.30410170555114746,0.6324291229248047,18.75,"[641, 607, 661, 610, 468, 606, 662, 607, 605, 604, 667, 685, 526, 534, 591, 560, 476, 510, 647, 637, 531, 535, 546, 567, 551, 483, 504, 572, 565, 475, 467, 543, 513, 490, 512, 591, 568, 533, 536, 518, 525, 443, 445, 508, 494, 563, 548, 504, 509, 483, 507, 520, 528, 550, 550, 516, 457, 408, 432, 497, 572, 512, 435, 489, 514, 437, 445, 515, 598, 524, 476, 519, 528, 559, 618, 539, 533, 558, 537, 607, 539, 540, 614, 583, 497, 478, 548, 573, 470, 579, 624, 607, 566, 608, 566, 454, 521, 592, 609, 628, 546, 555, 518, 516, 478, 612, 637, 655, 628, 578, 551, 495, 497, 605, 625, 552, 506, 483, 513, 468, 529, 528, 521, 554, 531, 485, 540, 541, 608, 578, 529, 513, 541, 546, 498, 546, 597, 564, 492, 526, 588, 614, 561, 548, 524, 579, 596, 564, 569, 612, 675, 596, 614, 510, 544, 607, 665, 545, 608, 635, 528, 561, 503, 524, 552, 513, 581, 577, 500, 577, 598, 579, 579, 502, 588, 576, 541, 574, 546, 528, 550, 488, 472, 502, 518, 518, 558, 513, 495, 474, 501, 508, 555, 478, 470, 530, 582, 512, 417, 543, 627, 565, 553, 520, 655, 634, 548, 627, 605, 531, 531, 552, 614, 620, 587, 600, 579, 498, 520, 617, 579, 566, 460, 516, 423, 408, 558, 542, 429, 446, 497, 478, 582, 568, 602, 547, 478, 513, 538, 482, 529, 558, 601, 532, 486, 485, 505, 517, 529, 545, 521, 537, 486, 530, 633, 563, 502, 478, 522, 541, 409, 461, 609, 559, 569, 590, 556, 524, 485, 527, 578, 599, 576, 658, 665, 572, 528, 581, 632, 665, 533, 564, 580, 527, 519, 585, 569, 530, 593, 557, 505, 494, 552, 532, 480, 538, 525, 532, 560, 559, 529, 556, 535, 529, 587, 624, 579, 609, 566, 613, 664, 616, 1201, 1635, 2104, 1813, 976, 2031, 3753, 3258, 3584, 4141, 6067, 5093, 2835, 4719, 10820, 10335, 4536, 4686, 7400, 5992, 3425, 4942, 12245, 12148, 2363, 2401, 3765, 3342, 1781, 2492, 5657, 5577, 1595, 865, 1137, 1471, 1214, 841, 2006, 2341, 3339, 2023, 3774, 2942, 1822, 2271, 5399, 6041, 7762, 7646, 13397, 9222, 4141, 7119, 17694, 18634, 8537, 9984, 17048, 11391, 4534, 8785, 22093, 22886, 4621, 5442, 9237, 6275, 2701, 4513, 11767, 12332, 2067, 1806, 3005, 2391, 1301, 1616, 3736, 4157, 1110, 1717, 1800, 1311, 836, 1421, 2107, 1798, 1232, 2647, 2494, 1197, 917, 1835, 2749, 1887, 1796, 3729, 3630, 1626, 1162, 2196, 3067, 2025, 1545, 2702, 2609, 1387, 1078, 1690, 2019, 1501, 1224, 2247, 2189, 1089, 830, 1434, 2033, 1431, 2084, 4970, 4787, 2034, 1190, 2635, 3912, 2514, 2074, 5257, 5205, 2364, 1130, 2706, 4235, 2936, 1750, 4353, 4439, 2225, 1026, 2388, 3951, 3106, 1679, 3939, 3898, 1905, 1048, 2420, 3668, 2666, 1105, 2470, 2507, 1362, 753, 1624, 2413, 1803, 735, 1156, 1209, 880, 740, 888, 1046, 927, 649, 774, 791, 698, 680, 756, 754, 638, 720, 699, 628, 583, 713, 665, 654, 730, 760, 659, 702, 687, 688, 671, 682, 805, 715, 604, 835, 892, 715, 717, 760, 802, 806, 746, 788, 818, 675, 644, 563, 735, 1048, 1220, 1200, 988, 815, 802, 895, 831, 1993, 2548, 2062, 1194, 1232, 1744, 1858, 1403, 5271, 6321, 4469, 2709, 2693, 4157, 3953, 2946, 7720, 9360, 6555, 3814, 3798, 5709, 5220, 3947, 5909, 7203, 5238, 3068, 2851, 4289, 3636, 2929, 3430, 4486, 3653, 1973, 2093, 2903, 2500, 1914, 2190, 3442, 3099, 1466, 1738, 2272, 2161, 1601, 959, 1748, 1872, 1021, 1079, 1307, 1310, 1212, 759, 1269, 1372, 934, 902, 1005, 1089, 966, 609, 986, 1276, 968, 815, 937, 1010, 917, 934, 1334, 1357, 945, 766, 1024, 1167, 1108, 1018, 1476, 1642, 1051, 776, 1133, 1283, 1144, 787, 1121, 1283, 907, 665, 995, 1113, 915, 702, 796, 816, 745, 653, 810, 982, 840, 768, 872, 863, 690, 736, 783, 775, 841, 859, 911, 825, 604, 665, 822, 833, 853, 727, 821, 894, 787, 750, 826, 799, 711, 614, 778, 884, 834, 667, 682, 710, 613, 700, 949, 998, 858, 715, 675, 700, 723, 893, 1162, 1078, 794, 835, 821, 835, 802, 814, 1025, 899, 652, 724, 721, 720, 732, 667, 812, 756, 611, 676, 616, 662, 693, 569, 666, 641, 591, 624, 583, 658, 696, 652, 666, 663, 574, 588, 630, 750, 677, 749, 671, 728, 657, 640, 717, 753, 821, 635, 650, 742, 719, 675, 692, 760, 756, 621, 618, 725, 693, 572, 600, 648, 635, 638, 653, 713, 581, 594, 631, 657, 641, 679, 690, 650, 580, 541, 626, 683, 669, 577, 548, 522, 631, 625, 599, 627, 610, 669, 608, 416, 589, 769, 695, 532, 550, 640, 657, 530, 582, 725, 783, 683, 617, 562, 640, 602, 544, 578, 681, 670, 538, 645, 554, 496, 549, 609, 589, 505, 625, 644, 660, 528, 619, 650, 647, 605, 593, 664, 521, 588, 672, 564, 538, 600, 681, 640, 573, 667, 737, 653, 670, 761, 767, 688, 601, 679, 648, 620, 671, 793, 839, 738, 616, 655, 766, 695, 616, 842, 950, 672, 600, 584, 696, 619, 502, 656, 773, 862, 787, 856, 873, 839, 680, 1128, 1188, 1071, 848, 714, 1017, 1021, 710, 1026, 1240, 1147, 844, 890, 1075, 935, 733, 886, 1157, 976, 1009, 1081, 1030, 872, 851, 1063, 1120, 679, 785, 963, 813, 798, 760, 838, 916, 670, 795, 1046, 788, 635, 652, 894, 1065, 736, 982, 1399, 1099, 657, 814, 1488, 1529, 692, 954, 1168, 973, 744, 857, 1281, 1195, 607, 833, 982, 907, 688, 668, 1017, 929, 718, 666, 760, 784, 664, 622, 739, 773, 714, 656, 636, 643, 621, 693, 768, 709, 665, 649, 602, 575, 524, 706, 686, 573, 507, 479, 560, 566, 470, 570, 679, 669, 594, 614, 762, 757, 529, 648, 747, 689, 570, 664, 679, 748, 631, 731, 867, 664, 493, 557, 577, 532, 530, 664, 844, 784, 507, 575, 547, 492, 553, 635, 631, 615, 672, 528, 542, 618, 638, 523, 647, 804, 667, 514, 587, 725, 712, 453, 652, 893, 598, 527, 547, 577, 595, 415, 597, 749, 509, 539, 575, 511, 475, 470, 594, 615, 381, 454, 477, 411, 460, 539, 542, 491, 444, 524, 547, 457, 450, 431, 460, 464]"
-0.8491869568824768,0.04389147087931633,-0.9457564353942871,-1.1607621908187866,0.5809122323989868,-1.104608178138733,-0.5752587914466858,-1.3168259859085083,1.2365341186523438,18.0,-1.3168259859085083,2.1486282348632812,17.0,-0.6328984498977661,0.8646011352539062,18.5,-0.582830548286438,0.7906436920166016,21.0,-0.45222485065460205,1.9283294677734375,19.0,"[671, 651, 575, 602, 657, 604, 574, 651, 669, 607, 521, 604, 693, 595, 597, 645, 541, 551, 493, 544, 648, 609, 612, 596, 536, 493, 489, 501, 521, 488, 550, 554, 446, 457, 444, 488, 540, 443, 454, 513, 522, 461, 505, 636, 579, 478, 449, 476, 494, 444, 487, 603, 467, 426, 444, 458, 605, 491, 475, 529, 539, 517, 495, 575, 580, 558, 522, 547, 578, 550, 532, 633, 637, 610, 661, 647, 608, 606, 678, 695, 586, 529, 534, 591, 533, 480, 570, 625, 545, 515, 474, 495, 554, 481, 476, 553, 538, 509, 526, 496, 456, 468, 443, 509, 579, 616, 559, 578, 564, 481, 474, 542, 539, 510, 531, 604, 617, 466, 503, 563, 577, 505, 487, 585, 555, 517, 526, 528, 499, 469, 448, 483, 478, 527, 585, 461, 575, 501, 525, 519, 467, 491, 503, 587, 601, 581, 537, 565, 554, 626, 594, 526, 593, 556, 491, 600, 565, 534, 494, 519, 579, 590, 508, 546, 591, 538, 546, 544, 659, 691, 580, 544, 586, 580, 551, 574, 568, 585, 594, 570, 543, 579, 622, 603, 603, 489, 561, 685, 615, 577, 572, 646, 585, 597, 646, 553, 584, 636, 630, 612, 502, 579, 599, 510, 496, 541, 584, 539, 583, 609, 587, 547, 597, 599, 597, 580, 568, 576, 570, 573, 590, 601, 592, 572, 538, 512, 508, 493, 605, 581, 528, 554, 600, 463, 524, 614, 651, 589, 548, 569, 511, 538, 624, 638, 553, 525, 559, 530, 565, 510, 529, 660, 659, 652, 535, 491, 611, 516, 558, 628, 574, 603, 531, 587, 677, 759, 689, 545, 541, 637, 641, 561, 648, 655, 601, 512, 503, 600, 707, 631, 735, 720, 740, 584, 602, 706, 858, 824, 1013, 1578, 1814, 1128, 738, 1635, 2937, 2576, 1741, 2578, 3074, 1786, 1180, 2539, 4728, 4351, 2684, 2995, 4296, 3060, 1866, 2885, 6228, 6244, 1813, 1973, 3056, 2479, 1526, 1976, 4457, 4487, 599, 777, 807, 695, 519, 889, 1214, 1038, 943, 1069, 1383, 1084, 771, 1045, 1701, 1697, 1937, 1330, 2342, 2037, 1186, 1420, 2579, 3000, 4593, 3566, 5833, 4573, 2286, 3875, 7840, 8523, 5718, 4908, 8481, 6223, 2699, 4678, 10380, 11595, 2858, 3612, 5959, 4138, 1510, 3024, 6515, 6883, 1064, 2161, 2790, 1807, 776, 1822, 2910, 2689, 1053, 2109, 2671, 1601, 745, 1606, 2708, 2464, 883, 2271, 2650, 1541, 818, 1542, 2482, 2098, 1068, 1798, 1863, 1067, 798, 1129, 1506, 1313, 1576, 3297, 3030, 1278, 1191, 1874, 2098, 1213, 1859, 4103, 4038, 1942, 1328, 2339, 3289, 2393, 3021, 7934, 8109, 3745, 1757, 4118, 6654, 4736, 3647, 10175, 10226, 4419, 1967, 5471, 8660, 5869, 2662, 7354, 7405, 3341, 1466, 4111, 6419, 4338, 1685, 4584, 4806, 2509, 1030, 2688, 4511, 3457, 1222, 3228, 3483, 1946, 890, 1794, 3059, 2459, 1000, 1941, 2002, 1072, 734, 1233, 1675, 1278, 809, 1187, 1077, 716, 622, 956, 1108, 776, 604, 749, 771, 641, 600, 828, 899, 671, 777, 913, 826, 748, 682, 746, 781, 695, 642, 801, 774, 688, 663, 714, 753, 652, 669, 775, 812, 685, 677, 711, 638, 629, 809, 918, 696, 482, 574, 811, 792, 704, 1348, 1413, 1153, 988, 813, 1194, 1098, 984, 3320, 3889, 4659, 4032, 1800, 3888, 3689, 2595, 6547, 7328, 10183, 8445, 3858, 8249, 7479, 5316, 6455, 7962, 10752, 8045, 4148, 8221, 6945, 5510, 3250, 5564, 6446, 4046, 2488, 4134, 3020, 2871, 2330, 3916, 3743, 2168, 1606, 2336, 1981, 1445, 2480, 4391, 3687, 1558, 1848, 2185, 2198, 1232, 2024, 3362, 2721, 1145, 1443, 1608, 1828, 1094, 1403, 2336, 1932, 847, 1203, 1385, 1390, 801, 1442, 2183, 1732, 891, 1164, 1448, 1464, 933, 1187, 1664, 1369, 803, 931, 1151, 1346, 972, 997, 1263, 1026, 786, 831, 941, 1026, 850, 961, 1037, 886, 804, 720, 885, 961, 789, 707, 843, 968, 849, 653, 750, 1025, 933, 596, 828, 946, 758, 685, 576, 808, 821, 705, 852, 844, 746, 707, 620, 703, 723, 638, 851, 785, 587, 708, 714, 711, 627, 678, 888, 922, 779, 711, 755, 770, 663, 751, 832, 928, 794, 685, 797, 706, 654, 766, 885, 839, 697, 765, 750, 641, 675, 721, 935, 904, 724, 660, 728, 859, 693, 754, 791, 803, 647, 666, 739, 816, 793, 742, 722, 715, 702, 680, 681, 661, 695, 861, 810, 865, 738, 635, 749, 750, 801, 856, 714, 777, 765, 694, 735, 808, 912, 763, 765, 779, 751, 677, 783, 803, 776, 571, 686, 709, 616, 500, 592, 617, 539, 745, 631, 593, 601, 515, 571, 696, 748, 664, 523, 453, 479, 602, 522, 526, 667, 618, 563, 590, 665, 660, 640, 581, 655, 679, 531, 668, 637, 615, 585, 651, 735, 602, 674, 701, 674, 634, 615, 701, 670, 514, 664, 696, 669, 627, 640, 603, 571, 566, 684, 736, 709, 619, 652, 743, 676, 595, 679, 649, 629, 695, 774, 741, 630, 656, 729, 728, 624, 691, 786, 764, 669, 583, 656, 678, 579, 527, 650, 597, 652, 664, 560, 648, 673, 641, 670, 627, 751, 784, 757, 727, 660, 747, 704, 665, 774, 672, 808, 736, 627, 593, 640, 787, 746, 675, 663, 752, 807, 706, 643, 835, 891, 897, 848, 946, 1047, 1054, 831, 943, 1177, 1147, 1314, 1282, 884, 972, 1053, 1274, 1270, 1021, 1362, 1329, 975, 850, 1081, 1389, 1168, 976, 1056, 1193, 925, 748, 974, 1784, 1743, 955, 1136, 1317, 887, 711, 1002, 1779, 1696, 857, 1263, 1142, 798, 614, 1071, 1548, 1243, 915, 988, 808, 670, 755, 1016, 1287, 1082, 1010, 982, 739, 722, 730, 859, 1000, 1015, 878, 849, 715, 714, 689, 784, 884, 891, 797, 766, 796, 694, 617, 759, 784, 797, 741, 742, 686, 697, 726, 683, 767, 751, 774, 698, 723, 712, 682, 617, 744, 812, 772, 595, 609, 705, 692, 580, 630, 796, 754, 647, 554, 553, 595, 715, 664, 612, 685, 733, 657, 587, 513, 675, 727, 575, 638, 641, 613, 603, 590, 641, 693, 648, 549, 540, 617, 594, 570, 606, 614, 592, 523, 471, 504, 590, 479, 460, 569, 552, 494, 473, 477, 489, 478, 467, 475, 500, 475, 471, 487, 425, 400, 496, 509, 461, 547, 519, 459, 428, 368, 515, 551, 503, 454, 448, 408, 400, 441, 513, 518, 486, 448, 419, 427, 494, 478, 472, 524, 514]"
-0.9668614864349365,0.07724109292030334,-1.0541836023330688,-1.2010877132415771,0.5694065093994141,-1.1134419441223145,-0.544658899307251,-0.48489606380462646,0.6550312042236328,17.25,-0.3678802251815796,0.3117084503173828,23.0,-0.3365520238876343,0.31414031982421875,26.0,-0.3156665563583374,0.3185749053955078,22.75,-0.07562673091888428,2.520132064819336,15.75,"[644, 608, 582, 579, 586, 579, 583, 610, 567, 622, 611, 686, 619, 644, 718, 579, 438, 535, 601, 614, 535, 589, 607, 514, 430, 463, 472, 451, 489, 577, 548, 442, 508, 501, 471, 452, 504, 526, 479, 493, 461, 485, 465, 462, 530, 530, 463, 439, 462, 453, 506, 453, 537, 564, 470, 462, 475, 483, 504, 474, 503, 555, 460, 426, 496, 430, 410, 462, 552, 504, 414, 452, 479, 517, 475, 509, 529, 476, 464, 479, 664, 547, 576, 591, 567, 556, 555, 640, 547, 522, 529, 598, 570, 527, 523, 597, 556, 511, 483, 531, 471, 518, 519, 513, 593, 545, 617, 616, 560, 495, 504, 654, 565, 519, 629, 721, 610, 494, 553, 696, 568, 558, 567, 666, 687, 605, 488, 562, 584, 579, 564, 602, 578, 505, 465, 553, 586, 562, 630, 657, 629, 574, 522, 544, 623, 557, 533, 575, 558, 582, 516, 576, 611, 579, 541, 530, 558, 570, 517, 581, 566, 678, 660, 624, 629, 548, 606, 618, 672, 587, 686, 687, 600, 479, 541, 648, 581, 551, 585, 700, 585, 407, 545, 604, 518, 547, 521, 687, 665, 608, 645, 543, 529, 523, 576, 619, 540, 525, 589, 568, 560, 601, 575, 537, 521, 611, 617, 594, 556, 549, 567, 545, 479, 575, 594, 548, 549, 584, 619, 493, 416, 585, 564, 535, 494, 512, 557, 533, 502, 497, 482, 506, 558, 514, 619, 626, 642, 568, 533, 621, 549, 530, 601, 613, 576, 519, 565, 620, 642, 625, 601, 623, 605, 647, 640, 618, 1593, 1042, 1597, 1537, 1193, 1071, 1915, 2295, 3802, 2726, 5474, 4480, 2705, 2550, 7092, 7980, 4586, 4340, 8048, 6254, 3228, 3902, 10566, 11240, 3108, 3240, 5462, 4475, 2288, 2952, 7395, 7707, 1822, 2249, 3310, 2387, 1344, 1815, 4016, 4195, 1143, 1982, 2402, 1485, 768, 1740, 3247, 2896, 1050, 2131, 2213, 1201, 740, 1863, 3122, 2580, 2039, 2844, 3259, 1970, 1190, 2797, 4948, 4596, 3633, 6096, 8584, 5419, 2085, 5250, 10773, 10323, 4168, 9054, 12785, 8111, 2335, 6745, 14006, 13315, 2690, 6948, 9231, 5733, 1601, 4879, 9421, 8584, 1203, 3032, 3623, 2107, 846, 2255, 3781, 3161, 773, 1193, 1442, 1078, 676, 1162, 1870, 1616, 743, 1074, 1275, 964, 618, 965, 1478, 1378, 674, 1844, 2205, 1356, 616, 1305, 2231, 2022, 732, 1620, 1942, 1120, 558, 1124, 1876, 1680, 1255, 2346, 2198, 1002, 939, 1457, 1801, 1206, 3792, 8267, 7338, 2610, 2480, 4087, 5817, 3145, 6255, 13918, 12252, 3885, 3668, 6299, 9732, 5134, 4871, 10837, 9495, 3170, 2525, 4721, 7511, 4207, 2759, 5358, 5284, 2516, 1198, 2401, 4268, 3320, 2820, 5901, 5946, 2927, 1364, 3119, 5116, 4107, 2350, 5062, 4930, 2269, 1236, 2741, 4354, 3143, 1520, 2828, 2668, 1311, 912, 1600, 2352, 1779, 1086, 1783, 1756, 1045, 816, 1168, 1576, 1185, 942, 1295, 1226, 784, 666, 831, 1065, 803, 1399, 1996, 1468, 607, 1192, 1264, 991, 671, 2249, 3182, 2313, 973, 2070, 1962, 1376, 993, 2680, 3455, 2685, 1457, 2319, 1940, 1310, 1308, 3057, 3939, 3445, 2263, 2138, 1746, 1664, 1859, 3529, 4507, 3770, 2419, 2199, 2227, 2079, 2005, 3883, 4465, 3631, 2539, 2470, 3168, 2696, 2309, 4965, 4933, 3883, 3171, 2898, 4489, 3859, 2911, 4711, 6118, 6465, 3966, 3119, 4860, 3674, 3296, 4537, 8651, 8609, 3972, 3154, 4398, 3434, 2996, 3007, 5454, 4986, 2106, 2053, 2396, 2198, 1743, 1390, 2357, 2278, 1287, 1001, 1731, 1748, 1146, 2480, 4569, 3922, 1579, 1679, 2288, 2534, 1339, 2109, 3478, 2852, 1151, 1364, 1625, 1971, 1204, 1631, 2336, 2117, 1080, 1021, 1313, 1779, 1379, 990, 1718, 1899, 1076, 776, 1309, 1794, 1450, 1145, 1758, 1690, 933, 1103, 1373, 1621, 1233, 1314, 1979, 1671, 828, 1230, 1271, 1265, 938, 1016, 1305, 1206, 825, 968, 919, 851, 718, 834, 860, 890, 914, 838, 704, 664, 674, 783, 744, 693, 839, 795, 732, 706, 663, 850, 769, 582, 666, 808, 817, 647, 710, 990, 896, 758, 827, 832, 901, 817, 883, 955, 936, 861, 804, 846, 997, 875, 828, 783, 844, 865, 819, 856, 888, 754, 673, 811, 874, 824, 825, 918, 795, 676, 725, 842, 949, 835, 827, 894, 765, 703, 838, 783, 877, 720, 708, 835, 688, 694, 767, 769, 870, 768, 735, 787, 668, 601, 711, 685, 798, 701, 692, 790, 652, 575, 472, 684, 773, 705, 690, 749, 625, 632, 577, 957, 813, 631, 709, 875, 724, 775, 953, 1122, 748, 701, 891, 1023, 789, 954, 1264, 931, 679, 712, 797, 858, 761, 783, 1052, 600, 573, 626, 662, 574, 522, 645, 699, 726, 692, 642, 719, 670, 567, 613, 651, 792, 739, 714, 800, 837, 758, 678, 771, 859, 703, 693, 885, 784, 716, 644, 769, 842, 587, 731, 842, 727, 660, 727, 918, 583, 543, 677, 687, 555, 499, 631, 695, 585, 544, 638, 670, 559, 481, 541, 618, 702, 718, 716, 674, 611, 568, 604, 667, 597, 674, 587, 639, 573, 567, 803, 736, 549, 632, 677, 657, 629, 596, 771, 742, 704, 764, 756, 671, 637, 676, 722, 757, 873, 849, 994, 905, 808, 845, 1385, 1363, 1755, 1141, 2003, 2030, 1408, 1304, 3349, 3604, 2485, 1658, 2481, 2396, 1891, 1435, 3911, 4454, 1975, 1708, 2085, 1462, 1433, 1186, 2436, 2810, 906, 1217, 1318, 923, 727, 1112, 1321, 1259, 1261, 1222, 1558, 1265, 876, 1074, 2044, 2191, 1140, 1391, 1746, 1300, 827, 1017, 1995, 1975, 942, 1191, 1265, 1016, 927, 997, 1281, 1118, 1111, 962, 1038, 1055, 947, 774, 997, 1124, 1619, 1134, 1621, 1620, 1027, 783, 1500, 1951, 1439, 1291, 1694, 1425, 806, 885, 1396, 1634, 1221, 1263, 1242, 985, 752, 707, 1006, 1136, 958, 987, 991, 829, 652, 542, 897, 1020, 806, 693, 749, 644, 608, 591, 789, 899, 768, 636, 613, 596, 643, 675, 761, 795, 719, 692, 623, 580, 689, 719, 812, 809, 587, 721, 709, 645, 561, 567, 623, 632, 610, 694, 702, 597, 535, 562, 550, 519, 506, 496, 527, 547, 509, 508, 597, 574, 538, 663, 706, 598, 564, 505, 590, 663, 569, 714, 669, 557, 562, 701, 696, 596, 490, 643, 577, 479, 526, 585, 650, 494, 491, 610, 615, 524, 497, 441, 475, 457, 544, 518, 470, 478, 513, 449, 417, 461, 496, 456, 418, 449, 488, 485, 427, 437, 458, 434, 453, 396, 384, 363, 430, 497]"
-0.7338924407958984,0.42146772146224976,-0.789578914642334,-0.691200852394104,0.7449040412902832,-0.6127829551696777,-0.07853496074676514,-0.44225168228149414,0.5910873413085938,24.0,-0.3165097236633301,0.22144317626953125,23.75,-0.3062100410461426,0.29425621032714844,20.25,-0.21594476699829102,0.03905296325683594,17.5,-0.16830873489379883,0.08053779602050781,16.25,"[537, 600, 714, 682, 605, 685, 712, 601, 548, 590, 622, 646, 532, 620, 644, 562, 480, 547, 596, 491, 495, 561, 551, 427, 588, 597, 545, 470, 468, 501, 520, 520, 571, 537, 535, 476, 433, 509, 518, 502, 486, 442, 581, 592, 512, 554, 546, 547, 500, 483, 583, 567, 396, 515, 651, 572, 447, 450, 437, 451, 443, 515, 585, 542, 511, 544, 444, 430, 521, 612, 605, 480, 544, 610, 451, 467, 561, 578, 547, 461, 566, 546, 519, 564, 598, 579, 554, 465, 543, 556, 484, 541, 515, 498, 568, 518, 491, 475, 506, 568, 465, 447, 534, 520, 463, 460, 525, 489, 492, 526, 565, 556, 556, 539, 541, 478, 583, 606, 509, 623, 552, 482, 504, 517, 580, 638, 586, 603, 613, 569, 530, 578, 557, 535, 499, 541, 562, 583, 551, 482, 481, 619, 544, 506, 439, 447, 594, 499, 490, 590, 534, 538, 526, 566, 624, 606, 563, 545, 522, 558, 532, 561, 561, 494, 491, 480, 536, 588, 543, 553, 630, 558, 518, 563, 565, 577, 547, 573, 629, 631, 536, 565, 548, 503, 554, 597, 563, 551, 481, 500, 553, 513, 558, 591, 526, 472, 516, 576, 580, 493, 567, 580, 546, 579, 631, 543, 505, 517, 535, 498, 516, 587, 544, 401, 472, 553, 516, 510, 591, 677, 616, 498, 570, 638, 504, 560, 611, 513, 544, 571, 453, 535, 526, 523, 550, 487, 531, 499, 470, 584, 829, 1200, 1358, 918, 647, 783, 1273, 1233, 1833, 5150, 5838, 3130, 1076, 3144, 5512, 4505, 2049, 7948, 8679, 4152, 1069, 4944, 8537, 6559, 1255, 4794, 5231, 2579, 823, 3101, 5249, 4013, 1331, 3575, 4184, 2306, 829, 2013, 3910, 3356, 1530, 3819, 4211, 2239, 935, 2278, 3961, 3209, 1088, 2945, 3256, 1896, 817, 1980, 3180, 2663, 1395, 3893, 4724, 2829, 1020, 2407, 4501, 3893, 1502, 4120, 5632, 3473, 1111, 2506, 5236, 5106, 1254, 3077, 3761, 2181, 907, 2134, 4034, 3495, 925, 1450, 1634, 1136, 652, 1059, 1688, 1474, 848, 1030, 1226, 904, 589, 926, 1144, 1117, 767, 1036, 1326, 977, 566, 930, 1324, 1275, 710, 1004, 1018, 727, 585, 880, 1042, 922, 737, 1236, 1172, 625, 693, 890, 1049, 841, 966, 2105, 2181, 1017, 672, 1149, 1747, 1427, 1143, 2959, 3052, 1431, 703, 1550, 2397, 1795, 2448, 4960, 4363, 1543, 1665, 2328, 3119, 1683, 4145, 7822, 6564, 2084, 2598, 3536, 4610, 2263, 3610, 6896, 5743, 1814, 2157, 3165, 4279, 2155, 2304, 3511, 3237, 1742, 1244, 1869, 2371, 1939, 4067, 8210, 7938, 3616, 1809, 3957, 6004, 4416, 2962, 6655, 6548, 2906, 1617, 3158, 4781, 3437, 2488, 4605, 4122, 1757, 1446, 2289, 2967, 1919, 1810, 3010, 2504, 1033, 1119, 1709, 1976, 1308, 1128, 1537, 1375, 958, 974, 1181, 1162, 1024, 1513, 2520, 2457, 1255, 1578, 2015, 1318, 952, 2118, 3238, 3203, 1673, 2119, 2679, 1714, 1239, 1483, 2059, 1911, 1183, 1573, 1879, 1166, 802, 1921, 1925, 1816, 1810, 1632, 1714, 1620, 1662, 3481, 3049, 3702, 3230, 2479, 3987, 3532, 3210, 4496, 3376, 4157, 3515, 3155, 5203, 4060, 3526, 3923, 3257, 2924, 2499, 2687, 4156, 2958, 2493, 2899, 3827, 3397, 1875, 1856, 2840, 2069, 1584, 3206, 4795, 4099, 1845, 1785, 2259, 1991, 1429, 2505, 3752, 3314, 1594, 1567, 1866, 1589, 1273, 1415, 2015, 1788, 937, 960, 1216, 1209, 977, 1141, 1654, 1384, 711, 905, 1196, 1210, 885, 1285, 1836, 1557, 719, 1050, 1140, 1018, 818, 1341, 1876, 1535, 669, 1057, 1168, 1130, 911, 1186, 1482, 1239, 885, 1099, 1108, 973, 897, 1117, 1191, 938, 767, 1029, 882, 811, 868, 862, 1007, 749, 645, 822, 725, 606, 614, 695, 714, 618, 610, 593, 527, 561, 601, 562, 698, 889, 762, 633, 688, 787, 670, 712, 955, 987, 805, 737, 839, 850, 695, 762, 889, 886, 663, 660, 662, 712, 707, 751, 850, 767, 598, 662, 650, 685, 722, 639, 760, 768, 703, 728, 768, 748, 668, 845, 997, 1000, 811, 791, 928, 899, 782, 858, 1112, 992, 885, 1112, 989, 772, 712, 1020, 1289, 1012, 992, 1410, 1134, 835, 884, 951, 1121, 873, 879, 1147, 994, 660, 727, 851, 800, 733, 743, 809, 809, 766, 733, 842, 795, 742, 759, 741, 746, 763, 802, 859, 782, 741, 771, 856, 825, 768, 793, 848, 749, 700, 686, 677, 703, 673, 772, 768, 794, 759, 701, 703, 624, 663, 753, 785, 785, 643, 659, 704, 566, 595, 721, 758, 775, 673, 628, 618, 656, 659, 729, 860, 839, 795, 916, 777, 793, 836, 782, 1356, 1228, 938, 1379, 1248, 1160, 1356, 1298, 1784, 1490, 1069, 1801, 1600, 1224, 1652, 1846, 2378, 1481, 1203, 2109, 1597, 1288, 1896, 2336, 1955, 1204, 933, 1369, 1177, 1190, 1346, 1807, 1165, 872, 675, 763, 783, 850, 782, 1089, 939, 740, 612, 788, 799, 683, 719, 979, 1053, 862, 718, 854, 953, 747, 677, 970, 1016, 819, 639, 854, 929, 651, 812, 1082, 877, 837, 795, 812, 770, 824, 867, 930, 879, 962, 870, 785, 750, 805, 834, 780, 894, 996, 786, 675, 700, 738, 851, 809, 949, 1062, 749, 576, 646, 754, 819, 707, 922, 1074, 1022, 654, 729, 959, 1268, 1171, 1495, 1780, 1917, 1273, 1052, 1579, 2512, 2484, 1852, 2053, 2332, 1623, 1220, 1841, 3398, 3466, 1649, 1383, 1689, 1312, 967, 1471, 2778, 2848, 1543, 1077, 1477, 1263, 972, 1087, 2308, 2558, 1350, 1204, 1507, 1230, 852, 1271, 2073, 1928, 1301, 1373, 1697, 1345, 866, 1185, 1778, 1672, 1241, 1249, 1426, 1098, 752, 930, 1450, 1511, 976, 1161, 1289, 977, 656, 769, 1261, 1298, 1117, 1121, 1142, 1047, 889, 849, 1121, 1170, 1139, 842, 1134, 1232, 868, 809, 1011, 1087, 935, 784, 974, 990, 788, 775, 903, 972, 914, 740, 737, 1019, 877, 759, 947, 935, 1298, 969, 766, 1081, 962, 781, 977, 1076, 1424, 1058, 947, 1062, 956, 988, 949, 1067, 1142, 907, 898, 965, 909, 976, 975, 1022, 770, 890, 872, 666, 691, 794, 784, 752, 585, 589, 681, 647, 509, 571, 758, 711, 660, 511, 597, 646, 577, 649, 720, 700, 607, 575, 626, 568, 527, 598, 641, 682, 605, 526, 570, 533, 521, 472, 513, 690, 492, 533, 586, 463, 360, 499, 559, 524, 451, 529, 465, 385, 381, 473, 539, 504, 444, 455, 458, 449, 417, 459, 520, 539, 448, 427, 435, 413, 464, 445, 489, 545]"
-0.8136171102523804,0.47158899903297424,-1.2022695541381836,-0.753145158290863,0.6816366910934448,-0.9541112184524536,-0.1629418283700943,-0.9515092372894287,-1.7014503479003906,17.0,-0.5409524440765381,-0.9936332702636719,16.5,-0.4765794277191162,-0.8973598480224609,16.5,-0.316791296005249,-0.7603168487548828,15.25,0.21192574501037598,-0.16937255859375,15.5,"[415, 544, 573, 464, 430, 462, 579, 545, 511, 512, 525, 556, 547, 533, 588, 608, 529, 562, 597, 551, 568, 615, 592, 537, 579, 581, 495, 503, 560, 530, 469, 453, 505, 436, 529, 522, 567, 581, 466, 494, 545, 493, 570, 511, 510, 548, 458, 569, 424, 426, 572, 478, 418, 440, 476, 496, 419, 485, 535, 464, 518, 462, 433, 476, 470, 509, 465, 468, 517, 415, 432, 434, 587, 527, 466, 467, 561, 517, 410, 460, 546, 474, 493, 506, 607, 539, 504, 560, 529, 560, 507, 495, 604, 572, 569, 557, 478, 491, 544, 566, 559, 478, 525, 567, 588, 542, 663, 653, 520, 478, 571, 632, 645, 593, 580, 531, 477, 512, 522, 569, 551, 586, 508, 487, 460, 566, 533, 501, 544, 537, 603, 500, 475, 473, 559, 618, 593, 651, 611, 536, 506, 499, 571, 550, 499, 594, 576, 524, 437, 443, 574, 509, 576, 585, 596, 668, 605, 478, 582, 587, 556, 536, 524, 586, 497, 526, 510, 533, 586, 500, 498, 538, 499, 543, 540, 559, 544, 523, 593, 690, 575, 520, 603, 618, 512, 466, 532, 537, 535, 561, 575, 515, 509, 577, 503, 490, 556, 584, 551, 479, 601, 514, 571, 652, 560, 556, 549, 602, 590, 513, 644, 709, 577, 524, 576, 601, 567, 561, 583, 613, 555, 508, 509, 513, 534, 621, 574, 548, 525, 539, 537, 488, 573, 594, 564, 534, 503, 552, 584, 575, 699, 838, 682, 581, 606, 666, 675, 610, 964, 1748, 1516, 732, 869, 989, 1209, 813, 1230, 2642, 2456, 989, 1021, 1294, 1723, 1068, 1354, 2970, 2892, 1276, 1015, 1480, 1895, 1188, 1409, 2920, 2824, 1240, 1063, 1455, 1809, 1107, 1372, 2418, 2232, 1040, 907, 1523, 1651, 959, 2316, 4273, 3884, 1844, 1125, 2918, 3899, 2502, 3197, 6674, 6189, 2743, 1421, 3939, 5972, 4079, 1835, 4136, 3947, 1850, 1003, 2420, 3871, 2824, 816, 1488, 1530, 1003, 694, 1001, 1577, 1303, 1180, 1939, 1652, 887, 854, 1144, 1375, 896, 1256, 1921, 1628, 812, 861, 1099, 1233, 747, 783, 1112, 1049, 613, 571, 717, 841, 620, 582, 810, 798, 598, 569, 647, 812, 643, 718, 871, 708, 545, 619, 622, 692, 629, 886, 1221, 1043, 648, 646, 827, 863, 717, 4222, 5376, 3305, 1047, 1987, 2195, 2341, 1251, 12308, 16131, 9739, 2284, 5764, 5707, 6547, 2881, 14228, 18702, 11215, 2798, 6286, 6582, 7822, 3443, 7940, 10424, 6291, 1907, 3256, 4059, 4769, 2424, 3222, 4758, 3299, 1109, 1620, 2343, 2701, 1390, 1251, 1930, 1609, 867, 859, 1143, 1227, 910, 1258, 1880, 1504, 785, 1073, 1115, 1146, 819, 1208, 1708, 1409, 881, 1142, 1300, 1176, 905, 1973, 2607, 1997, 967, 1728, 1925, 1231, 980, 2342, 3280, 2556, 1205, 2395, 2503, 1347, 1031, 1726, 2468, 2042, 986, 1641, 1812, 1107, 744, 2671, 4062, 3278, 1425, 2151, 2282, 1379, 1295, 4207, 6770, 5572, 2014, 3560, 3767, 2230, 1812, 4850, 7531, 5828, 2053, 4206, 3958, 2413, 1773, 3718, 5688, 4341, 1893, 3173, 2878, 2170, 1529, 2574, 4394, 3651, 1641, 1863, 2082, 1931, 1218, 2271, 3593, 2987, 1433, 1597, 1809, 1900, 1111, 2041, 2894, 2086, 898, 1259, 1419, 1452, 888, 1283, 1791, 1277, 595, 910, 1047, 1008, 717, 846, 1130, 967, 708, 793, 918, 906, 666, 995, 1280, 1009, 672, 869, 921, 776, 593, 801, 1096, 949, 750, 888, 907, 668, 629, 711, 869, 811, 668, 741, 707, 667, 607, 650, 878, 871, 585, 569, 716, 777, 652, 516, 703, 704, 552, 495, 715, 778, 544, 570, 671, 673, 539, 567, 726, 659, 571, 654, 746, 760, 719, 566, 614, 665, 638, 795, 836, 788, 753, 653, 759, 800, 766, 727, 755, 794, 727, 653, 760, 683, 691, 857, 902, 819, 762, 771, 840, 725, 668, 937, 1196, 928, 812, 966, 907, 816, 677, 975, 1301, 1075, 970, 1040, 1032, 1011, 753, 991, 1164, 945, 977, 1076, 1017, 952, 805, 858, 1116, 959, 871, 903, 973, 930, 786, 786, 965, 846, 859, 804, 758, 927, 789, 692, 811, 822, 767, 778, 746, 751, 709, 760, 741, 725, 719, 690, 748, 712, 731, 908, 825, 822, 775, 601, 887, 918, 804, 1213, 988, 837, 935, 799, 1052, 887, 933, 1478, 1193, 1284, 1278, 1022, 1427, 1142, 1091, 1198, 1005, 1075, 1033, 797, 1156, 939, 874, 968, 847, 779, 714, 643, 818, 753, 726, 747, 761, 613, 647, 638, 670, 751, 660, 617, 602, 567, 630, 642, 709, 822, 766, 747, 827, 753, 627, 605, 779, 921, 729, 675, 831, 858, 729, 606, 824, 1001, 724, 615, 784, 788, 604, 527, 711, 752, 557, 828, 846, 826, 670, 624, 799, 785, 726, 1290, 1259, 1093, 710, 954, 1237, 1196, 1130, 1496, 1370, 1126, 788, 1010, 1280, 1430, 1340, 1137, 1092, 950, 740, 733, 1077, 1336, 1194, 1072, 1004, 1064, 861, 826, 900, 1233, 1336, 808, 879, 848, 758, 708, 680, 958, 1097, 709, 861, 762, 701, 643, 650, 894, 802, 621, 831, 819, 657, 539, 697, 903, 755, 1080, 1080, 908, 749, 747, 911, 747, 899, 1566, 1350, 1188, 1049, 1033, 1164, 1149, 1342, 1400, 1280, 1181, 991, 995, 1081, 1137, 1389, 1154, 822, 817, 720, 776, 856, 1153, 1448, 1184, 1377, 1334, 915, 810, 1507, 2378, 2216, 1441, 1306, 1481, 1212, 946, 1483, 2444, 2503, 1573, 1040, 1440, 1327, 868, 1126, 2350, 2574, 1436, 1452, 1970, 1813, 836, 1773, 3131, 2835, 1373, 1265, 1721, 1804, 958, 1437, 2424, 2165, 1382, 1293, 1273, 1299, 808, 1069, 1448, 1299, 1456, 1525, 1476, 1182, 755, 1075, 1240, 1266, 1178, 1157, 1325, 1077, 843, 1091, 1499, 1466, 1354, 1659, 1483, 1036, 937, 1392, 1946, 1706, 1511, 1806, 1559, 1051, 933, 1404, 1933, 1753, 1526, 1917, 1736, 1075, 834, 1326, 1908, 1533, 1823, 1662, 1724, 1466, 1019, 1172, 1968, 1796, 1718, 1497, 1699, 1385, 989, 1282, 1953, 1895, 1229, 1101, 1425, 1170, 772, 1221, 1662, 1437, 1038, 834, 995, 954, 686, 987, 1207, 1113, 901, 742, 824, 813, 610, 769, 764, 832, 757, 717, 737, 695, 504, 658, 740, 756, 678, 621, 650, 705, 653, 724, 756, 732, 671, 579, 628, 679, 623, 634, 552, 692, 538, 589, 648, 652, 529, 469, 532, 567, 453, 645, 734, 578, 464, 574, 691, 576, 566, 708, 683, 530, 480, 670, 672, 550, 550, 572, 647, 669, 489, 523, 636, 570]"
-0.898496150970459,0.39993759989738464,-1.4918078184127808,-0.5717935562133789,0.33304962515830994,-0.8470138311386108,0.02283094823360443,-0.4859982132911682,0.9359836578369141,15.25,-0.4859982132911682,1.487588882446289,22.0,-0.4859982132911682,1.7415046691894531,17.75,-0.05684477090835571,-0.7802009582519531,18.25,0.8489550948143005,-0.1297473907470703,17.5,"[349, 519, 608, 524, 466, 525, 609, 518, 566, 566, 601, 607, 593, 736, 735, 592, 609, 570, 539, 540, 599, 650, 551, 569, 533, 522, 514, 536, 513, 412, 443, 547, 503, 555, 570, 587, 539, 480, 443, 482, 584, 682, 584, 555, 596, 535, 470, 558, 638, 595, 477, 491, 618, 508, 387, 499, 594, 628, 536, 546, 582, 504, 502, 543, 545, 604, 528, 449, 512, 556, 528, 474, 609, 605, 479, 555, 569, 597, 560, 439, 530, 538, 534, 551, 509, 495, 492, 442, 500, 566, 662, 582, 564, 543, 593, 565, 446, 528, 566, 554, 544, 528, 569, 478, 525, 470, 486, 527, 513, 444, 508, 566, 523, 500, 587, 489, 488, 573, 590, 579, 514, 526, 555, 533, 518, 545, 547, 551, 429, 587, 554, 510, 590, 604, 575, 551, 612, 671, 561, 556, 595, 568, 584, 595, 606, 633, 523, 521, 590, 628, 611, 581, 520, 451, 521, 553, 501, 502, 562, 558, 488, 500, 497, 536, 455, 435, 587, 573, 567, 583, 583, 534, 493, 534, 605, 556, 497, 498, 522, 586, 513, 510, 549, 546, 453, 462, 537, 556, 531, 520, 603, 604, 461, 468, 484, 527, 570, 449, 545, 542, 487, 531, 583, 681, 623, 480, 627, 638, 513, 632, 698, 590, 547, 588, 674, 617, 620, 573, 588, 617, 523, 529, 643, 624, 612, 615, 552, 524, 444, 465, 503, 513, 581, 646, 636, 596, 508, 598, 661, 532, 996, 1803, 1675, 861, 867, 1379, 1349, 794, 1624, 2990, 2515, 923, 1228, 1728, 1775, 890, 1276, 2459, 2105, 855, 993, 1356, 1611, 962, 2326, 4455, 3749, 1402, 936, 2635, 3855, 2485, 4970, 9724, 7977, 2573, 1667, 5925, 8328, 4721, 5280, 9467, 7256, 2073, 1838, 5612, 7488, 3737, 2520, 4003, 2814, 879, 1035, 2348, 2925, 1357, 950, 1463, 1229, 631, 714, 1101, 1246, 807, 1029, 1175, 871, 591, 673, 726, 866, 739, 1476, 1838, 1259, 648, 979, 1000, 1020, 628, 1475, 1913, 1402, 763, 976, 1089, 1166, 772, 1139, 1498, 1234, 760, 789, 939, 1085, 737, 1252, 1621, 1394, 774, 934, 1146, 1237, 883, 1755, 2557, 2147, 988, 1123, 1700, 1951, 1290, 2523, 3842, 3025, 1112, 1377, 2316, 2749, 1510, 2322, 3743, 3015, 1116, 1317, 2112, 2633, 1355, 1580, 2422, 1880, 798, 1059, 1352, 1643, 929, 987, 1326, 1149, 766, 827, 815, 854, 749, 702, 832, 777, 673, 778, 686, 599, 603, 725, 916, 856, 697, 787, 642, 611, 634, 862, 1073, 921, 694, 736, 784, 801, 576, 1028, 1284, 943, 590, 849, 950, 889, 634, 1091, 1268, 943, 619, 970, 1405, 1140, 645, 1091, 1139, 920, 713, 901, 1309, 1155, 809, 1310, 1639, 1124, 803, 1236, 1218, 911, 850, 4402, 6529, 4441, 1105, 3767, 3497, 2119, 984, 6904, 10402, 7225, 1575, 5809, 5364, 3296, 1457, 4318, 6272, 4302, 1581, 3948, 3559, 2040, 1376, 1218, 1354, 1060, 929, 1234, 1333, 874, 742, 948, 1116, 967, 689, 836, 975, 750, 536, 719, 773, 811, 690, 613, 747, 692, 576, 692, 848, 847, 743, 720, 752, 666, 562, 831, 998, 908, 750, 850, 814, 753, 684, 785, 932, 818, 699, 715, 701, 766, 731, 737, 791, 684, 613, 641, 701, 615, 526, 718, 759, 746, 649, 571, 554, 641, 653, 757, 810, 670, 649, 668, 614, 608, 639, 699, 762, 731, 690, 632, 604, 659, 688, 740, 778, 714, 725, 645, 668, 661, 616, 777, 831, 611, 605, 601, 779, 690, 541, 618, 682, 693, 560, 475, 605, 704, 600, 697, 814, 785, 621, 514, 620, 693, 669, 811, 835, 783, 690, 707, 731, 713, 767, 804, 879, 923, 688, 747, 864, 675, 717, 727, 825, 819, 728, 776, 863, 761, 659, 801, 762, 613, 639, 640, 602, 572, 625, 806, 681, 656, 701, 662, 653, 531, 693, 652, 720, 783, 734, 766, 776, 636, 688, 686, 654, 687, 665, 690, 729, 640, 710, 766, 745, 650, 566, 662, 647, 642, 649, 566, 683, 713, 593, 506, 519, 606, 539, 681, 669, 639, 665, 547, 548, 594, 621, 713, 662, 635, 656, 652, 708, 638, 675, 659, 632, 721, 709, 691, 631, 608, 704, 659, 723, 688, 683, 618, 607, 667, 652, 703, 693, 673, 600, 657, 741, 639, 593, 903, 968, 759, 673, 589, 625, 739, 784, 771, 916, 821, 622, 652, 706, 771, 723, 601, 749, 722, 578, 576, 712, 665, 530, 579, 659, 667, 594, 583, 595, 559, 537, 574, 637, 658, 616, 616, 670, 756, 593, 544, 666, 603, 548, 564, 657, 685, 576, 623, 685, 527, 546, 674, 718, 662, 541, 627, 782, 690, 485, 604, 679, 717, 582, 633, 752, 793, 690, 584, 736, 847, 710, 602, 743, 712, 696, 739, 711, 761, 654, 617, 702, 694, 620, 609, 603, 623, 680, 650, 624, 683, 652, 622, 695, 639, 679, 681, 563, 601, 691, 664, 686, 600, 692, 694, 617, 659, 666, 650, 638, 626, 721, 702, 612, 706, 659, 613, 653, 624, 643, 640, 622, 626, 628, 658, 721, 618, 616, 681, 827, 759, 537, 549, 760, 664, 587, 543, 713, 809, 620, 574, 723, 660, 603, 553, 715, 737, 641, 610, 610, 642, 636, 740, 894, 739, 679, 673, 624, 634, 622, 747, 838, 900, 776, 671, 731, 961, 921, 743, 1003, 1375, 1101, 731, 905, 1329, 1171, 1064, 1505, 2147, 1584, 765, 1548, 1921, 1697, 1433, 1961, 2398, 1567, 679, 1665, 2173, 2146, 1403, 1861, 2209, 1223, 725, 1277, 2130, 2303, 1078, 1358, 1749, 1015, 717, 1098, 1637, 1716, 934, 868, 933, 656, 607, 861, 867, 997, 1057, 1118, 1052, 736, 718, 871, 827, 1083, 1050, 1050, 1125, 794, 639, 727, 907, 1228, 1048, 1042, 997, 735, 588, 933, 1012, 1031, 799, 1236, 1116, 794, 634, 1106, 1500, 1149, 656, 1331, 1265, 633, 562, 1171, 1868, 1471, 651, 923, 921, 619, 547, 790, 1213, 1052, 708, 782, 755, 695, 672, 923, 897, 674, 707, 841, 651, 608, 569, 967, 1065, 696, 628, 670, 590, 563, 545, 593, 753, 701, 642, 583, 593, 580, 510, 524, 578, 608, 505, 626, 625, 544, 515, 565, 636, 517, 533, 543, 543, 504, 404, 519, 500, 472, 447, 632, 660, 489, 387, 508, 576, 484, 394, 467, 562, 544, 487, 465, 538, 533, 486, 571, 693, 603, 483, 563, 696, 552]"
-0.9197605848312378,0.4710956811904907,-1.4386590719223022,-0.5051953792572021,0.36684343218803406,-0.676659107208252,0.08311952650547028,-0.38423389196395874,1.1115074157714844,19.25,0.5417361855506897,-0.45146942138671875,17.25,0.6218448281288147,-0.3918170928955078,25.25,0.6342902779579163,-0.2709388732910156,23.25,1.007796823978424,-0.30956268310546875,17.5,"[505, 554, 632, 613, 662, 615, 627, 553, 451, 595, 627, 652, 622, 648, 660, 521, 511, 588, 635, 584, 568, 674, 613, 552, 516, 528, 565, 469, 517, 599, 606, 607, 543, 507, 551, 485, 474, 527, 530, 569, 585, 537, 535, 491, 543, 521, 526, 582, 499, 512, 518, 570, 570, 560, 541, 572, 509, 570, 569, 556, 563, 588, 602, 514, 536, 569, 549, 512, 432, 481, 548, 502, 512, 554, 608, 565, 480, 538, 681, 610, 551, 481, 494, 485, 511, 641, 615, 557, 581, 551, 596, 578, 552, 647, 626, 591, 575, 568, 569, 524, 518, 480, 509, 563, 576, 614, 556, 467, 576, 651, 562, 573, 573, 508, 467, 520, 530, 551, 534, 560, 593, 499, 479, 628, 659, 590, 449, 534, 532, 506, 523, 542, 483, 484, 448, 473, 555, 578, 608, 583, 534, 612, 611, 590, 496, 534, 526, 548, 497, 479, 536, 566, 582, 529, 535, 614, 506, 424, 503, 603, 583, 591, 541, 609, 584, 603, 543, 551, 581, 588, 518, 513, 573, 578, 509, 507, 579, 574, 506, 491, 477, 545, 554, 519, 572, 508, 537, 633, 546, 506, 519, 555, 557, 584, 564, 544, 501, 521, 541, 466, 527, 615, 562, 509, 478, 585, 635, 555, 523, 564, 537, 578, 517, 566, 608, 518, 587, 577, 531, 547, 478, 528, 575, 532, 520, 557, 556, 570, 544, 578, 588, 535, 638, 680, 633, 613, 656, 725, 679, 668, 978, 1765, 1606, 935, 755, 1225, 1461, 1083, 1828, 3784, 3277, 1261, 1090, 2445, 3251, 1906, 1829, 4039, 3781, 1499, 1164, 2759, 4067, 2739, 1819, 7196, 7096, 2856, 1483, 5394, 8286, 5704, 2966, 9604, 9275, 3828, 2135, 7478, 10701, 6885, 2632, 6733, 6623, 2941, 2045, 5511, 6979, 4295, 1287, 2647, 2643, 1325, 1209, 2237, 2374, 1478, 720, 989, 961, 610, 627, 819, 841, 710, 819, 1269, 1140, 629, 581, 895, 1103, 782, 1149, 1870, 1554, 775, 863, 1192, 1381, 913, 1101, 1558, 1329, 820, 790, 1087, 1198, 838, 1145, 1648, 1463, 821, 786, 920, 1135, 967, 909, 1830, 1835, 1032, 780, 1230, 1692, 1239, 1555, 4128, 3927, 1626, 1050, 2652, 3862, 2487, 4018, 10238, 9425, 3431, 2377, 6614, 9448, 5813, 7242, 15764, 13436, 4296, 3638, 10122, 13916, 7843, 5887, 11455, 9224, 2801, 2391, 7214, 9570, 4883, 2203, 3927, 3002, 1149, 1016, 2595, 3418, 1713, 809, 1072, 833, 565, 734, 1017, 1059, 730, 1193, 1508, 1022, 634, 940, 1048, 940, 721, 1622, 2052, 1387, 704, 1212, 1327, 1168, 785, 1388, 1833, 1451, 813, 1032, 1083, 1128, 847, 1052, 1263, 1186, 845, 822, 834, 740, 916, 1188, 1524, 1368, 848, 901, 881, 866, 946, 1114, 1609, 1415, 978, 962, 989, 1007, 961, 1523, 2742, 2505, 1088, 1333, 1423, 1313, 1018, 3952, 7304, 6056, 1532, 2762, 3019, 2867, 1182, 6459, 11245, 8706, 1588, 4529, 4385, 4225, 1304, 5196, 8495, 6304, 1130, 3561, 3231, 3096, 1180, 2781, 4438, 3347, 905, 2036, 1907, 1740, 957, 1675, 2539, 1990, 793, 1300, 1291, 1277, 869, 1034, 1400, 1207, 720, 872, 747, 848, 800, 650, 717, 802, 724, 647, 768, 769, 716, 819, 1050, 954, 767, 688, 791, 806, 728, 863, 1088, 951, 737, 656, 714, 823, 707, 899, 952, 798, 635, 744, 780, 644, 669, 748, 812, 759, 531, 616, 748, 744, 694, 796, 796, 751, 640, 670, 675, 651, 677, 635, 745, 652, 599, 594, 614, 618, 563, 659, 643, 543, 556, 651, 514, 465, 590, 635, 574, 584, 608, 715, 654, 529, 595, 637, 613, 606, 664, 673, 706, 590, 596, 662, 696, 640, 588, 620, 661, 625, 625, 687, 799, 743, 582, 672, 675, 645, 632, 827, 1001, 846, 623, 818, 861, 713, 644, 925, 1241, 995, 631, 892, 948, 706, 660, 707, 1033, 926, 565, 725, 800, 753, 643, 639, 958, 799, 637, 708, 720, 720, 566, 588, 678, 712, 619, 641, 602, 674, 705, 507, 519, 611, 621, 618, 603, 644, 608, 585, 581, 580, 659, 681, 613, 506, 511, 628, 703, 665, 585, 615, 585, 558, 492, 606, 670, 720, 657, 641, 602, 577, 611, 773, 755, 759, 710, 739, 770, 698, 693, 660, 608, 645, 717, 676, 612, 680, 765, 724, 672, 810, 764, 644, 738, 773, 779, 618, 644, 789, 705, 557, 664, 724, 698, 625, 707, 721, 602, 627, 754, 669, 650, 593, 664, 656, 583, 696, 683, 620, 618, 573, 657, 784, 568, 547, 665, 690, 724, 527, 558, 660, 512, 515, 539, 533, 592, 522, 515, 578, 595, 566, 535, 554, 615, 572, 579, 651, 604, 589, 574, 552, 582, 625, 678, 659, 546, 559, 557, 590, 608, 601, 581, 620, 631, 562, 636, 572, 493, 477, 525, 600, 594, 481, 548, 572, 500, 612, 581, 578, 608, 590, 585, 651, 580, 614, 576, 591, 559, 610, 634, 570, 630, 652, 651, 748, 585, 625, 697, 670, 770, 638, 669, 721, 603, 446, 581, 665, 675, 646, 590, 695, 660, 478, 545, 702, 751, 591, 481, 601, 605, 515, 593, 617, 665, 697, 483, 514, 585, 426, 519, 520, 633, 770, 584, 660, 676, 612, 642, 596, 719, 716, 661, 563, 623, 691, 747, 688, 689, 710, 657, 612, 663, 695, 694, 630, 654, 768, 821, 733, 647, 727, 783, 741, 717, 795, 797, 741, 640, 660, 795, 755, 710, 1031, 675, 797, 802, 661, 598, 788, 1179, 1244, 828, 1148, 1086, 646, 796, 1087, 1515, 931, 734, 952, 831, 646, 857, 972, 1071, 739, 859, 745, 570, 624, 965, 1035, 770, 687, 739, 657, 643, 673, 746, 741, 646, 710, 798, 743, 688, 740, 727, 751, 731, 577, 798, 801, 620, 504, 766, 946, 713, 848, 1026, 875, 681, 582, 984, 1042, 729, 1313, 1544, 1320, 874, 721, 1380, 1218, 936, 1415, 1425, 1266, 899, 779, 1466, 1205, 895, 843, 758, 721, 691, 568, 1028, 1025, 789, 715, 639, 649, 633, 548, 781, 995, 989, 711, 696, 793, 649, 580, 735, 1039, 1008, 622, 705, 675, 531, 619, 702, 800, 691, 649, 547, 683, 695, 547, 529, 621, 748, 544, 509, 717, 716, 522, 530, 676, 751, 501, 497, 598, 600, 548, 565, 610, 590, 498, 519, 533, 461, 468, 501, 458, 473, 432, 523, 540, 440, 431, 569, 566, 433, 474, 453, 484, 409, 409, 593, 590, 508]"
-0.9934478402137756,0.3310883641242981,-1.266176700592041,-0.6409679651260376,0.09408250451087952,-0.3775831460952759,-0.18457944691181183,0.30971914529800415,-0.8528709411621094,23.0,0.42115598917007446,-0.8713245391845703,15.25,0.641883909702301,-0.5590438842773438,15.5,0.6859436631202698,-0.2662181854248047,17.0,0.7257118821144104,-0.03848075866699219,24.0,"[557, 593, 659, 648, 600, 646, 657, 596, 467, 496, 627, 710, 625, 604, 666, 607, 498, 493, 600, 642, 607, 558, 569, 594, 506, 446, 513, 545, 566, 539, 547, 608, 477, 472, 485, 493, 478, 490, 519, 505, 541, 519, 436, 599, 548, 490, 542, 467, 554, 592, 526, 596, 575, 624, 588, 488, 543, 511, 533, 541, 563, 568, 571, 539, 575, 588, 482, 467, 530, 480, 514, 539, 577, 668, 520, 459, 494, 529, 584, 522, 558, 651, 576, 501, 562, 597, 602, 502, 665, 695, 543, 533, 586, 551, 481, 494, 545, 534, 513, 520, 525, 568, 557, 440, 511, 606, 496, 462, 541, 496, 547, 531, 479, 597, 543, 551, 571, 508, 546, 516, 517, 559, 632, 561, 569, 633, 633, 596, 494, 518, 575, 562, 515, 541, 596, 554, 635, 522, 561, 576, 569, 534, 503, 664, 616, 566, 560, 587, 645, 568, 525, 648, 537, 581, 578, 514, 507, 576, 675, 628, 496, 587, 535, 474, 562, 609, 609, 502, 500, 586, 575, 513, 564, 633, 591, 481, 636, 653, 639, 608, 611, 703, 638, 539, 591, 632, 563, 587, 600, 641, 586, 471, 501, 528, 591, 616, 576, 485, 538, 552, 541, 594, 548, 570, 593, 542, 547, 520, 489, 547, 613, 570, 527, 542, 569, 559, 560, 582, 598, 568, 596, 668, 653, 595, 539, 517, 606, 597, 603, 616, 612, 572, 506, 545, 624, 725, 631, 670, 792, 695, 424, 461, 501, 460, 456, 571, 695, 623, 919, 1260, 1125, 734, 837, 1212, 1428, 1090, 1998, 3623, 3214, 1589, 1572, 3354, 4132, 2685, 3531, 8117, 7335, 3146, 2231, 6930, 9241, 5697, 2783, 7573, 6689, 2484, 1613, 6259, 8717, 5220, 1962, 3274, 2466, 1154, 1506, 3150, 3733, 1978, 3565, 5093, 3315, 1052, 1945, 4500, 4464, 1152, 2025, 2404, 1533, 740, 1224, 2222, 2015, 682, 869, 1108, 1000, 772, 789, 1022, 1112, 816, 639, 1013, 950, 693, 615, 741, 956, 819, 757, 1242, 1150, 666, 534, 864, 1189, 916, 814, 1205, 1165, 768, 704, 1053, 1127, 863, 1779, 3112, 2751, 1162, 978, 1937, 2646, 1900, 4546, 9518, 7947, 2544, 1582, 5572, 8177, 4858, 6788, 14157, 11537, 3420, 2085, 8025, 11440, 5849, 4815, 9833, 7969, 2359, 1599, 5301, 7407, 3408, 1922, 4000, 3251, 1087, 1141, 2311, 3201, 1791, 943, 1384, 1356, 867, 811, 1292, 1504, 1075, 860, 1236, 1185, 798, 732, 1054, 1256, 937, 741, 934, 838, 705, 633, 742, 934, 795, 733, 829, 709, 664, 649, 728, 766, 727, 623, 717, 647, 535, 569, 676, 699, 671, 755, 908, 777, 558, 651, 629, 566, 579, 1390, 1924, 1337, 695, 1052, 937, 857, 658, 1376, 1952, 1497, 679, 953, 946, 1027, 700, 1116, 1577, 1472, 956, 863, 959, 967, 828, 1197, 2309, 2509, 1518, 963, 1162, 1248, 1164, 2044, 3569, 3237, 1603, 1170, 1462, 1778, 1137, 2943, 3893, 2608, 1235, 1651, 1897, 2037, 1094, 3292, 4507, 3311, 1589, 2161, 2731, 2622, 1488, 2188, 3449, 2986, 1418, 1661, 2328, 2202, 1259, 1179, 1701, 1621, 935, 911, 1309, 1312, 951, 908, 1377, 1201, 742, 748, 895, 1041, 803, 814, 1203, 1097, 748, 762, 763, 862, 699, 775, 1089, 951, 630, 557, 658, 792, 718, 817, 1123, 949, 641, 664, 661, 723, 636, 779, 888, 854, 668, 653, 693, 647, 649, 770, 792, 731, 565, 703, 839, 679, 611, 805, 887, 702, 572, 725, 822, 688, 580, 728, 886, 725, 519, 569, 675, 663, 507, 719, 860, 733, 534, 542, 626, 662, 593, 753, 654, 667, 704, 671, 565, 541, 652, 601, 579, 616, 612, 590, 553, 566, 570, 646, 689, 662, 606, 638, 670, 711, 690, 640, 754, 719, 619, 611, 698, 787, 648, 635, 738, 700, 685, 672, 706, 727, 618, 627, 735, 652, 592, 664, 715, 609, 501, 612, 655, 607, 566, 672, 702, 573, 511, 712, 631, 598, 606, 612, 574, 532, 615, 731, 700, 715, 681, 664, 624, 612, 647, 574, 634, 681, 624, 571, 510, 570, 564, 756, 735, 583, 626, 607, 611, 580, 604, 591, 740, 749, 609, 534, 572, 706, 622, 705, 685, 625, 684, 742, 616, 614, 657, 878, 715, 752, 731, 775, 729, 668, 887, 1020, 698, 817, 870, 877, 820, 879, 1117, 749, 665, 776, 775, 617, 635, 840, 911, 632, 631, 632, 571, 633, 719, 699, 696, 563, 587, 566, 565, 582, 541, 581, 606, 577, 613, 585, 606, 626, 483, 568, 591, 678, 573, 579, 641, 621, 581, 661, 725, 704, 494, 544, 580, 584, 495, 564, 771, 535, 567, 584, 559, 642, 677, 691, 669, 583, 529, 540, 525, 641, 676, 676, 672, 609, 535, 487, 544, 619, 693, 657, 568, 560, 495, 603, 655, 591, 564, 600, 620, 508, 549, 557, 599, 558, 517, 495, 518, 572, 687, 678, 591, 593, 633, 625, 519, 663, 688, 619, 524, 567, 618, 623, 513, 539, 627, 613, 546, 580, 644, 595, 496, 576, 692, 628, 618, 645, 559, 555, 556, 661, 756, 784, 687, 661, 573, 585, 723, 715, 672, 621, 604, 622, 617, 658, 705, 727, 613, 624, 576, 635, 583, 679, 819, 628, 564, 638, 622, 590, 538, 715, 758, 594, 523, 576, 613, 564, 515, 550, 649, 573, 702, 637, 464, 533, 637, 696, 605, 811, 985, 933, 682, 752, 881, 1056, 1050, 1005, 1078, 1186, 943, 775, 834, 1403, 1552, 910, 1093, 1153, 815, 730, 865, 1337, 1323, 797, 1104, 1116, 817, 769, 837, 1093, 980, 783, 1224, 1131, 740, 663, 852, 1033, 761, 927, 1243, 1234, 774, 708, 932, 1095, 859, 873, 861, 935, 732, 648, 739, 938, 1055, 905, 850, 949, 712, 638, 766, 1171, 1200, 767, 936, 1014, 819, 681, 810, 1193, 1176, 638, 864, 806, 645, 650, 761, 995, 885, 646, 742, 703, 575, 646, 748, 809, 776, 642, 636, 722, 679, 610, 633, 669, 661, 572, 629, 615, 571, 526, 540, 589, 489, 557, 662, 508, 494, 508, 506, 596, 445, 677, 763, 516, 498, 582, 721, 739, 594, 667, 571, 582, 515, 464, 602, 636, 648, 554, 577, 665, 559, 484, 639, 615, 637, 419, 506, 570, 460, 424, 503, 498, 503, 478, 537, 535, 457, 449, 526, 477, 507, 494, 545, 583, 489, 384, 378, 473, 533, 528, 634, 703, 602, 472, 468, 643, 624]"
-1.1000971794128418,0.2175436019897461,-1.271834135055542,-0.6475311517715454,-0.06443647295236588,-0.28404486179351807,-0.18010583519935608,0.8289801403880119,1.419210433959961,19.5,0.9688841626048088,-0.1560688018798828,17.0,1.0475622937083244,-0.3005504608154297,20.25,1.05757587403059,-0.12087821960449219,15.5,1.1022078320384026,1.1529922485351562,20.5,"[672, 685, 619, 578, 597, 578, 619, 690, 603, 651, 669, 682, 616, 561, 678, 662, 588, 561, 515, 534, 587, 582, 620, 628, 493, 461, 465, 523, 496, 523, 569, 522, 516, 439, 421, 460, 534, 489, 450, 547, 581, 451, 559, 596, 597, 529, 476, 588, 632, 571, 478, 545, 618, 596, 471, 564, 671, 512, 501, 611, 619, 541, 430, 574, 633, 586, 548, 545, 569, 559, 490, 556, 623, 578, 507, 509, 616, 572, 486, 578, 494, 531, 516, 491, 514, 507, 460, 406, 521, 604, 561, 583, 570, 513, 519, 455, 550, 556, 499, 556, 513, 458, 537, 516, 597, 577, 468, 540, 597, 545, 513, 529, 540, 546, 466, 450, 558, 545, 505, 470, 592, 605, 568, 583, 635, 549, 571, 568, 441, 547, 622, 577, 562, 587, 565, 531, 509, 586, 553, 487, 512, 602, 592, 495, 518, 620, 566, 569, 644, 595, 579, 502, 545, 626, 581, 551, 648, 652, 552, 501, 576, 588, 523, 515, 583, 496, 478, 538, 572, 546, 557, 496, 471, 505, 535, 600, 648, 677, 630, 533, 471, 571, 659, 620, 588, 672, 632, 537, 572, 576, 584, 555, 424, 523, 549, 523, 528, 542, 473, 439, 466, 512, 564, 562, 568, 579, 475, 417, 536, 628, 612, 581, 619, 633, 511, 520, 601, 563, 561, 578, 646, 605, 526, 578, 446, 500, 553, 506, 552, 518, 509, 519, 544, 627, 572, 453, 584, 624, 502, 434, 627, 636, 554, 477, 576, 623, 621, 590, 572, 671, 572, 454, 570, 629, 594, 528, 583, 733, 597, 504, 555, 836, 916, 615, 1133, 1779, 1448, 1499, 1146, 3040, 3833, 2326, 1958, 2757, 2268, 2229, 1754, 4230, 5237, 3194, 2298, 3355, 2287, 908, 1640, 3062, 3119, 1338, 1491, 2994, 2204, 1182, 1132, 3668, 4314, 2078, 1398, 3244, 2609, 2077, 1159, 4558, 6027, 3520, 1231, 3195, 2748, 2089, 1098, 4288, 5786, 3584, 776, 1246, 1355, 1151, 756, 1478, 2296, 1810, 678, 633, 601, 582, 611, 705, 732, 711, 728, 1006, 794, 497, 573, 915, 1034, 740, 907, 1374, 1201, 775, 697, 1285, 1607, 1116, 894, 1486, 1572, 1101, 769, 1359, 1731, 1370, 1459, 3412, 3178, 1505, 953, 2726, 3705, 2262, 1856, 4471, 3868, 1508, 1082, 3376, 4639, 2646, 1943, 4386, 3849, 1704, 1245, 3547, 4603, 2565, 2660, 5781, 4959, 2037, 1472, 4752, 5882, 2950, 2520, 4890, 4053, 1583, 1525, 3893, 4558, 2097, 1944, 2690, 1854, 941, 1127, 2246, 2371, 984, 1198, 1411, 1025, 722, 758, 1213, 1257, 815, 890, 977, 827, 663, 570, 743, 856, 723, 748, 882, 771, 535, 483, 663, 750, 609, 1596, 2007, 1332, 732, 1354, 1348, 1162, 831, 2549, 3621, 2391, 808, 2137, 2139, 1809, 932, 2281, 3172, 2203, 945, 1861, 1803, 1567, 1011, 1633, 2197, 1639, 1109, 1263, 1171, 1178, 967, 1404, 2661, 3039, 1935, 1162, 1290, 1809, 1843, 3307, 7590, 8017, 4126, 2043, 2662, 3855, 3039, 4218, 8488, 8569, 4241, 2322, 3171, 3807, 2796, 2944, 4745, 4426, 2156, 1380, 2503, 2503, 1528, 1640, 2345, 1964, 1073, 968, 1741, 1702, 1008, 1058, 1544, 1469, 861, 781, 1154, 1183, 806, 843, 1179, 1085, 690, 598, 770, 962, 724, 816, 1071, 980, 667, 539, 760, 1019, 851, 874, 970, 846, 736, 613, 738, 861, 789, 825, 897, 768, 675, 659, 717, 714, 580, 774, 837, 765, 652, 706, 788, 689, 563, 679, 799, 714, 623, 624, 659, 638, 558, 736, 849, 736, 733, 664, 815, 804, 607, 784, 936, 820, 738, 667, 812, 880, 728, 793, 960, 780, 627, 627, 759, 739, 608, 834, 850, 727, 619, 675, 763, 757, 723, 798, 929, 791, 680, 663, 727, 846, 724, 685, 807, 785, 712, 672, 743, 787, 703, 587, 638, 760, 638, 570, 724, 702, 623, 629, 685, 715, 683, 534, 688, 737, 613, 775, 901, 712, 673, 670, 707, 764, 630, 694, 652, 695, 725, 814, 819, 760, 719, 630, 648, 827, 733, 624, 742, 736, 722, 627, 702, 703, 628, 569, 627, 705, 738, 681, 753, 742, 700, 671, 694, 784, 828, 651, 688, 622, 612, 603, 597, 755, 691, 643, 683, 687, 661, 714, 735, 860, 827, 650, 626, 713, 663, 696, 755, 670, 726, 705, 673, 639, 625, 665, 754, 649, 595, 635, 613, 628, 622, 683, 757, 631, 611, 656, 682, 722, 687, 668, 720, 660, 708, 651, 670, 680, 650, 673, 708, 688, 650, 633, 687, 797, 690, 565, 696, 834, 757, 525, 641, 725, 648, 578, 735, 891, 699, 523, 655, 684, 658, 639, 685, 754, 706, 506, 576, 641, 648, 606, 653, 685, 601, 527, 618, 590, 607, 590, 652, 752, 661, 533, 565, 658, 632, 465, 562, 691, 628, 574, 555, 568, 608, 609, 573, 659, 674, 754, 618, 562, 625, 684, 630, 670, 738, 780, 657, 592, 594, 656, 636, 594, 652, 604, 648, 649, 581, 577, 568, 535, 582, 495, 597, 555, 490, 495, 562, 584, 536, 528, 661, 573, 495, 515, 550, 604, 472, 542, 610, 559, 552, 583, 616, 550, 458, 570, 562, 544, 569, 668, 663, 598, 570, 596, 606, 762, 700, 745, 816, 782, 735, 608, 569, 736, 719, 660, 676, 606, 723, 747, 663, 755, 811, 791, 654, 636, 809, 678, 700, 671, 665, 657, 593, 701, 740, 645, 613, 616, 633, 645, 519, 636, 725, 599, 770, 1025, 900, 693, 785, 948, 914, 817, 1023, 1289, 1165, 647, 1040, 1178, 929, 813, 906, 879, 814, 643, 734, 709, 711, 730, 711, 810, 749, 606, 593, 872, 918, 698, 900, 901, 661, 625, 883, 940, 744, 783, 1027, 944, 621, 604, 800, 928, 850, 765, 761, 750, 608, 634, 675, 817, 861, 860, 762, 836, 739, 646, 664, 864, 1002, 824, 649, 712, 790, 697, 675, 748, 885, 793, 809, 786, 702, 694, 774, 1012, 1001, 695, 884, 890, 599, 590, 851, 1165, 1015, 780, 990, 872, 710, 675, 1093, 1137, 782, 511, 761, 729, 545, 582, 814, 858, 594, 521, 648, 679, 594, 503, 630, 687, 599, 606, 712, 723, 556, 505, 668, 653, 584, 601, 653, 553, 531, 509, 623, 615, 508, 508, 519, 440, 444, 470, 511, 467, 402, 524, 512, 474, 424, 499, 537, 472, 493, 459, 480, 451, 423, 409, 499, 558, 524, 442, 464, 447, 438, 334, 472, 540, 479]"
-1.2323049306869507,0.21109995245933533,-1.3002386093139648,-0.6655417084693909,0.0,0.0,0.0,0.9608643352985382,1.6367912292480469,15.25,1.3379471600055695,0.089263916015625,17.75,1.3382332623004913,0.08668899536132812,21.75,1.405610352754593,0.7307052612304688,18.75,1.7101662456989288,0.5899429321289062,19.0,"[537, 608, 585, 594, 653, 591, 580, 608, 553, 616, 524, 558, 659, 649, 559, 537, 571, 527, 486, 558, 556, 648, 652, 574, 439, 448, 467, 517, 440, 431, 544, 571, 463, 391, 550, 541, 483, 438, 512, 619, 639, 513, 589, 652, 521, 498, 559, 614, 591, 554, 512, 542, 535, 492, 456, 524, 568, 517, 490, 509, 619, 606, 520, 548, 492, 465, 515, 539, 553, 583, 542, 482, 498, 477, 552, 607, 593, 617, 615, 589, 496, 478, 526, 503, 520, 555, 566, 569, 414, 488, 531, 493, 470, 515, 580, 489, 544, 560, 500, 521, 571, 496, 587, 586, 628, 551, 482, 538, 630, 598, 603, 667, 649, 513, 478, 539, 537, 565, 512, 620, 561, 485, 532, 546, 624, 629, 497, 500, 456, 472, 577, 622, 532, 497, 563, 525, 591, 516, 533, 583, 596, 585, 571, 560, 665, 678, 558, 630, 706, 652, 630, 610, 554, 695, 680, 598, 634, 631, 641, 498, 501, 612, 676, 589, 565, 643, 561, 514, 510, 548, 529, 509, 551, 548, 580, 522, 495, 489, 547, 534, 522, 543, 580, 569, 512, 546, 604, 543, 554, 578, 611, 534, 516, 531, 527, 555, 568, 561, 582, 562, 656, 630, 522, 553, 599, 618, 592, 582, 690, 662, 482, 554, 600, 608, 612, 546, 602, 634, 463, 537, 677, 585, 535, 506, 578, 558, 498, 550, 546, 512, 559, 508, 638, 581, 556, 616, 588, 711, 697, 622, 556, 500, 573, 616, 592, 621, 674, 623, 549, 447, 510, 574, 626, 588, 648, 719, 496, 457, 535, 536, 486, 564, 579, 570, 627, 660, 584, 573, 646, 663, 558, 564, 602, 614, 529, 535, 501, 556, 594, 590, 958, 1334, 2196, 2084, 876, 1661, 2314, 1683, 1356, 3436, 6817, 6753, 1629, 5551, 8358, 5543, 1265, 4247, 8846, 8770, 1724, 7803, 11360, 7256, 1057, 2456, 5321, 5364, 1543, 5245, 7382, 4706, 1310, 1422, 2810, 3500, 1751, 2920, 4731, 3607, 1080, 1390, 3025, 3410, 1379, 2521, 4189, 3079, 917, 1095, 1969, 1987, 975, 1790, 2455, 1785, 921, 1316, 1344, 1210, 951, 1563, 1955, 1523, 1007, 1539, 1252, 1009, 913, 1667, 2116, 1457, 705, 1177, 1097, 921, 740, 1239, 1520, 1042, 614, 948, 1046, 908, 605, 982, 1305, 955, 819, 1305, 1272, 982, 863, 1395, 1919, 1479, 969, 1579, 1394, 905, 786, 1738, 2339, 1659, 961, 1270, 1050, 693, 645, 1080, 1276, 952, 1124, 1579, 1331, 871, 1011, 1453, 1477, 822, 1103, 1453, 1135, 756, 947, 1360, 1335, 792, 663, 792, 797, 593, 674, 917, 848, 602, 470, 583, 675, 615, 612, 661, 662, 611, 663, 673, 746, 700, 752, 730, 611, 761, 657, 649, 543, 580, 748, 729, 597, 617, 646, 603, 529, 545, 682, 697, 616, 521, 606, 611, 560, 593, 590, 536, 526, 525, 585, 570, 690, 692, 604, 584, 625, 703, 683, 766, 849, 764, 582, 609, 639, 811, 788, 1103, 1377, 935, 598, 754, 820, 931, 891, 1379, 1359, 855, 635, 1006, 982, 776, 1848, 2896, 2630, 1343, 1010, 1748, 1711, 903, 3060, 3980, 3042, 1447, 1473, 2206, 2161, 1718, 4927, 5604, 4671, 3050, 2001, 3549, 4016, 3745, 5373, 6232, 5919, 3860, 2282, 4692, 5162, 4492, 3134, 4037, 4036, 2482, 1796, 3021, 3343, 2870, 1361, 2007, 1876, 1228, 1013, 1209, 1465, 1198, 971, 1380, 1264, 877, 680, 911, 1111, 828, 807, 1097, 1008, 784, 662, 846, 975, 860, 696, 894, 795, 656, 720, 801, 839, 660, 698, 843, 654, 602, 712, 817, 885, 659, 673, 787, 631, 596, 607, 797, 848, 632, 651, 690, 591, 562, 549, 687, 733, 622, 562, 631, 527, 558, 522, 560, 668, 582, 581, 770, 696, 587, 568, 555, 678, 585, 658, 684, 707, 664, 559, 512, 725, 735, 591, 555, 538, 564, 562, 515, 591, 631, 594, 652, 552, 516, 644, 698, 588, 558, 644, 663, 652, 568, 543, 646, 669, 602, 652, 685, 654, 595, 649, 767, 810, 657, 650, 661, 620, 650, 627, 755, 771, 646, 666, 723, 741, 770, 749, 740, 716, 649, 667, 751, 724, 606, 658, 744, 755, 713, 669, 686, 743, 619, 608, 739, 766, 771, 561, 642, 676, 519, 592, 709, 686, 621, 552, 628, 718, 569, 601, 692, 759, 653, 489, 545, 672, 688, 620, 691, 739, 593, 625, 661, 705, 689, 727, 779, 698, 645, 628, 598, 581, 604, 670, 681, 682, 686, 554, 465, 502, 628, 609, 663, 705, 667, 615, 607, 586, 711, 768, 684, 597, 596, 551, 529, 642, 638, 589, 592, 623, 623, 561, 521, 544, 575, 484, 522, 641, 731, 564, 565, 643, 608, 582, 554, 620, 616, 637, 596, 632, 696, 671, 582, 701, 669, 488, 558, 547, 612, 624, 562, 619, 652, 486, 530, 547, 634, 589, 479, 613, 565, 581, 614, 680, 664, 570, 529, 670, 633, 571, 597, 627, 615, 630, 664, 660, 644, 620, 621, 482, 529, 624, 670, 612, 501, 673, 603, 462, 539, 676, 638, 534, 574, 717, 645, 510, 553, 608, 581, 553, 643, 704, 563, 594, 647, 614, 667, 637, 731, 719, 593, 584, 668, 709, 714, 654, 708, 543, 568, 562, 544, 537, 611, 644, 628, 596, 667, 567, 526, 526, 586, 624, 534, 504, 641, 626, 556, 539, 559, 637, 539, 583, 738, 711, 647, 592, 624, 675, 502, 695, 752, 703, 684, 631, 654, 589, 541, 755, 792, 664, 718, 752, 769, 797, 764, 733, 747, 761, 959, 831, 826, 1186, 1088, 1078, 813, 855, 1051, 1005, 755, 1345, 1572, 924, 757, 741, 842, 844, 761, 1015, 1149, 691, 869, 809, 663, 647, 777, 944, 824, 658, 880, 927, 679, 728, 839, 979, 970, 668, 761, 833, 690, 640, 725, 858, 838, 830, 707, 758, 742, 727, 690, 714, 835, 823, 699, 671, 819, 753, 666, 798, 827, 692, 561, 604, 662, 693, 712, 793, 807, 604, 674, 715, 613, 513, 661, 819, 815, 528, 600, 768, 663, 547, 574, 746, 784, 536, 550, 717, 640, 521, 608, 650, 654, 468, 479, 541, 542, 517, 546, 545, 493, 507, 509, 510, 461, 464, 497, 547, 568, 383, 477, 499, 429, 351, 347, 511, 481, 471, 502, 570, 470, 417, 446, 480, 490, 422, 414, 383, 397, 394, 436, 481, 507, 427, 414, 448, 405, 358, 371, 392, 439]"
-1.2988591194152832,0.21109995245933533,-1.3002386093139648,-0.6655417084693909,0.0,0.0,0.0,1.4400760531425476,-0.04363059997558594,15.25,1.4762679934501648,0.04420280456542969,19.25,1.4854232668876648,-0.04534721374511719,18.75,1.4980117678642273,-0.09298324584960938,22.25,1.5141765475273132,-0.0469207763671875,22.0,"[498, 498, 496, 569, 631, 565, 498, 502, 574, 562, 518, 559, 623, 625, 611, 539, 451, 550, 573, 538, 489, 505, 535, 421, 551, 594, 557, 554, 512, 537, 517, 428, 502, 565, 561, 521, 484, 508, 480, 430, 522, 502, 595, 624, 564, 530, 520, 576, 477, 517, 591, 553, 506, 515, 476, 526, 514, 563, 609, 534, 549, 588, 521, 506, 438, 459, 522, 503, 501, 548, 487, 454, 536, 480, 504, 616, 581, 517, 443, 543, 598, 521, 445, 651, 615, 483, 463, 590, 534, 430, 469, 517, 481, 481, 514, 566, 528, 515, 489, 515, 514, 566, 546, 507, 523, 521, 498, 486, 534, 631, 580, 562, 578, 583, 593, 553, 567, 578, 543, 554, 570, 584, 590, 575, 548, 483, 529, 564, 544, 525, 534, 604, 513, 470, 483, 573, 522, 583, 601, 565, 536, 551, 565, 526, 609, 598, 584, 564, 482, 537, 499, 468, 504, 558, 534, 515, 494, 470, 535, 462, 497, 613, 645, 503, 437, 565, 528, 455, 593, 529, 638, 586, 579, 618, 596, 632, 606, 532, 538, 566, 582, 589, 522, 498, 554, 471, 507, 559, 557, 625, 606, 538, 495, 509, 511, 583, 632, 625, 522, 453, 587, 619, 548, 601, 615, 592, 563, 521, 474, 488, 441, 516, 572, 524, 526, 504, 537, 566, 567, 644, 619, 551, 669, 656, 504, 589, 656, 616, 600, 580, 693, 702, 534, 569, 618, 584, 537, 655, 658, 581, 627, 646, 582, 609, 618, 558, 525, 572, 651, 626, 500, 580, 634, 565, 466, 561, 522, 547, 526, 551, 584, 589, 542, 507, 566, 560, 514, 549, 642, 657, 552, 528, 609, 636, 529, 490, 544, 563, 549, 585, 535, 497, 524, 524, 418, 402, 539, 606, 671, 616, 642, 731, 580, 673, 971, 923, 1065, 1403, 1494, 1794, 1223, 2115, 3312, 2617, 1105, 1985, 2742, 3099, 1631, 3586, 5267, 3764, 1242, 1936, 3518, 4014, 1710, 3158, 5045, 3911, 1472, 2492, 4727, 5482, 2091, 3900, 7238, 5749, 1505, 2692, 5109, 5879, 2317, 3978, 7448, 5885, 1293, 1693, 2974, 3241, 1803, 1971, 3500, 2899, 1213, 1156, 1252, 1539, 1390, 1575, 1864, 1499, 1089, 1304, 1227, 1371, 1013, 1831, 2207, 1476, 954, 1254, 1213, 1081, 752, 1643, 1867, 1078, 883, 1185, 1228, 1162, 815, 1463, 1764, 1132, 944, 1487, 1348, 1061, 895, 1617, 2109, 1358, 933, 1465, 1314, 1035, 801, 1544, 1966, 1262, 968, 1259, 1051, 825, 756, 1218, 1454, 1023, 1075, 1190, 938, 680, 821, 1221, 1271, 854, 893, 1019, 775, 686, 841, 1167, 1163, 800, 671, 782, 717, 680, 736, 866, 902, 770, 897, 1161, 1013, 664, 787, 1002, 987, 814, 997, 1379, 1255, 787, 880, 1221, 1283, 922, 891, 1150, 1016, 750, 709, 1078, 1184, 827, 608, 816, 684, 596, 584, 817, 902, 649, 635, 691, 711, 669, 567, 735, 780, 681, 779, 1012, 945, 660, 614, 857, 810, 577, 1611, 2004, 1495, 925, 1060, 1150, 1046, 926, 1638, 1899, 1540, 1052, 1135, 1025, 930, 1166, 1251, 1432, 1333, 995, 899, 1211, 1211, 1026, 1128, 1376, 1123, 864, 822, 1150, 1221, 888, 880, 1162, 1046, 731, 735, 880, 926, 724, 1309, 1692, 1212, 735, 769, 1187, 1119, 710, 2073, 2573, 1710, 782, 1003, 1856, 1745, 855, 1528, 1921, 1343, 719, 1012, 1510, 1308, 829, 1037, 1111, 827, 666, 903, 1026, 849, 797, 845, 926, 760, 705, 852, 857, 801, 767, 661, 798, 789, 601, 739, 804, 699, 627, 603, 609, 711, 713, 649, 706, 738, 622, 714, 616, 736, 752, 588, 623, 658, 752, 670, 523, 646, 622, 474, 534, 560, 684, 590, 569, 576, 581, 524, 568, 579, 657, 550, 559, 572, 613, 562, 577, 649, 613, 525, 557, 649, 644, 646, 663, 666, 601, 630, 670, 575, 620, 675, 724, 714, 611, 616, 598, 586, 598, 651, 798, 781, 600, 618, 567, 571, 647, 659, 729, 739, 683, 696, 597, 570, 700, 709, 636, 634, 740, 633, 655, 582, 681, 784, 734, 614, 634, 686, 617, 621, 617, 726, 719, 674, 757, 643, 670, 678, 586, 659, 697, 681, 708, 474, 504, 623, 638, 639, 678, 673, 635, 588, 530, 710, 709, 690, 744, 722, 709, 593, 597, 738, 656, 602, 608, 641, 725, 598, 578, 670, 617, 563, 653, 795, 779, 595, 650, 785, 632, 542, 672, 739, 695, 691, 676, 624, 652, 641, 652, 630, 677, 650, 657, 589, 678, 644, 550, 666, 659, 648, 697, 664, 639, 667, 609, 645, 632, 556, 649, 724, 676, 519, 575, 682, 537, 561, 594, 649, 631, 567, 534, 569, 549, 598, 521, 525, 575, 620, 561, 571, 622, 704, 616, 542, 567, 502, 556, 608, 615, 622, 625, 603, 607, 571, 575, 575, 510, 712, 699, 616, 612, 883, 815, 623, 628, 557, 490, 632, 650, 686, 652, 616, 626, 565, 503, 593, 585, 579, 596, 589, 672, 646, 608, 608, 648, 599, 576, 636, 633, 589, 594, 590, 687, 607, 660, 708, 619, 656, 709, 622, 702, 800, 748, 683, 607, 660, 664, 644, 677, 716, 694, 650, 666, 578, 721, 700, 583, 551, 664, 743, 622, 670, 713, 702, 602, 634, 834, 778, 661, 684, 767, 799, 763, 732, 878, 861, 799, 680, 676, 739, 765, 665, 647, 794, 770, 685, 724, 730, 725, 609, 634, 686, 611, 666, 647, 600, 619, 663, 696, 639, 682, 679, 573, 562, 632, 636, 632, 578, 665, 727, 727, 724, 749, 665, 673, 707, 649, 631, 704, 752, 763, 736, 945, 964, 705, 621, 606, 561, 597, 676, 793, 692, 555, 633, 687, 635, 604, 734, 699, 714, 779, 779, 739, 694, 563, 734, 828, 1030, 1098, 863, 835, 763, 607, 550, 778, 1057, 1075, 775, 824, 707, 535, 533, 755, 750, 698, 712, 868, 750, 593, 699, 878, 870, 621, 550, 855, 859, 713, 667, 767, 900, 665, 530, 803, 889, 655, 498, 712, 800, 661, 593, 605, 679, 571, 573, 678, 637, 697, 583, 632, 755, 585, 635, 749, 750, 696, 595, 708, 683, 519, 596, 650, 635, 664, 533, 583, 562, 458, 582, 723, 562, 478, 511, 512, 532, 412, 488, 550, 477, 463, 404, 466, 527, 455, 449, 472, 451, 382, 431, 405, 471, 493, 465, 442, 367, 383, 461, 466, 466, 431, 418, 412, 380, 463]"
0.010801136493682861,0.48713579773902893,-0.02469460666179657,0.9524808526039124,0.39928850531578064,-0.7466477155685425,1.6619634628295898,-0.10710263252258301,0.0,17.0,-0.10581517219543457,0.28853416442871094,15.25,-0.06590390205383301,0.3426074981689453,23.25,0.28871989250183105,-0.23317337036132812,20.5,0.29715991020202637,-0.2925395965576172,20.5,"[583, 584, 687, 716, 697, 720, 688, 579, 551, 510, 590, 678, 662, 601, 721, 674, 439, 498, 580, 622, 541, 540, 673, 651, 564, 551, 548, 509, 451, 491, 555, 602, 601, 541, 482, 456, 437, 525, 457, 497, 645, 659, 577, 570, 555, 601, 602, 582, 539, 531, 529, 472, 530, 524, 473, 520, 546, 499, 495, 518, 626, 506, 435, 505, 556, 453, 447, 573, 590, 576, 495, 476, 564, 602, 539, 486, 580, 572, 558, 488, 538, 595, 534, 527, 537, 556, 563, 529, 488, 528, 555, 538, 443, 478, 606, 594, 438, 487, 476, 458, 473, 527, 571, 507, 499, 532, 534, 469, 537, 503, 510, 580, 499, 537, 577, 577, 528, 440, 495, 547, 452, 450, 512, 602, 580, 533, 536, 552, 521, 503, 438, 507, 514, 482, 453, 465, 520, 614, 566, 519, 604, 519, 511, 521, 469, 511, 483, 469, 512, 511, 534, 551, 507, 476, 495, 527, 577, 508, 515, 618, 711, 689, 676, 660, 542, 520, 526, 628, 657, 613, 606, 569, 549, 589, 551, 575, 564, 523, 532, 451, 487, 598, 522, 528, 557, 437, 469, 488, 427, 500, 520, 607, 507, 453, 465, 479, 481, 477, 528, 553, 574, 590, 603, 557, 603, 597, 612, 592, 553, 541, 587, 649, 677, 559, 548, 605, 496, 539, 552, 618, 611, 518, 594, 564, 536, 523, 504, 574, 547, 488, 631, 641, 613, 529, 486, 509, 578, 552, 524, 587, 548, 537, 552, 508, 533, 579, 527, 506, 496, 534, 604, 597, 499, 546, 560, 514, 528, 414, 503, 572, 507, 527, 502, 519, 583, 474, 524, 573, 493, 565, 555, 497, 568, 609, 540, 541, 594, 571, 556, 523, 594, 614, 587, 545, 592, 539, 545, 608, 583, 487, 445, 531, 570, 534, 479, 552, 561, 495, 425, 570, 645, 580, 560, 568, 610, 775, 889, 1236, 868, 1064, 1938, 1597, 873, 1001, 1459, 2351, 1240, 2036, 3922, 3144, 962, 782, 1229, 2004, 1312, 1442, 2853, 2398, 1269, 987, 1777, 2170, 1277, 1652, 3060, 2811, 1793, 1647, 3668, 5121, 2299, 3809, 7667, 6317, 1605, 1796, 4411, 5301, 2156, 3397, 6654, 5373, 1487, 2918, 3329, 2272, 1225, 1965, 2145, 1437, 1496, 2859, 2156, 868, 1038, 2647, 3207, 1661, 1180, 1753, 1205, 936, 971, 1835, 2250, 1299, 1336, 1798, 1279, 880, 1062, 1886, 2118, 1211, 1442, 1693, 1117, 817, 1127, 1687, 1854, 1245, 1720, 2463, 1756, 1800, 1521, 3188, 4472, 3306, 2882, 4664, 3585, 4397, 2804, 7731, 10750, 7285, 2678, 4417, 3962, 4976, 2981, 8477, 11399, 7346, 1483, 1871, 1699, 2313, 1796, 3952, 5100, 3347, 940, 871, 890, 775, 1114, 1507, 1442, 1099, 638, 573, 725, 694, 791, 774, 666, 764, 561, 653, 697, 614, 599, 669, 678, 657, 625, 612, 590, 598, 640, 614, 665, 672, 695, 560, 522, 647, 719, 587, 571, 645, 634, 739, 697, 626, 627, 682, 682, 517, 1264, 2110, 1785, 828, 909, 1405, 1455, 663, 1678, 3073, 2591, 871, 1288, 1699, 1868, 858, 918, 2057, 2108, 989, 1051, 1223, 1255, 1074, 1170, 963, 1234, 827, 1233, 1535, 854, 1061, 1178, 1018, 881, 580, 1005, 1616, 1173, 749, 1630, 1323, 1608, 1253, 1155, 2252, 2064, 1655, 2548, 1837, 1666, 1562, 1404, 2640, 2370, 2311, 1484, 978, 988, 975, 927, 1360, 1296, 1435, 597, 614, 514, 538, 675, 678, 751, 724, 720, 767, 768, 711, 640, 654, 772, 799, 725, 852, 883, 776, 660, 693, 743, 784, 627, 701, 750, 680, 615, 684, 715, 609, 602, 710, 708, 712, 726, 807, 730, 598, 700, 707, 610, 698, 733, 791, 682, 522, 706, 662, 649, 620, 664, 793, 755, 604, 580, 654, 674, 629, 666, 686, 702, 616, 622, 569, 680, 689, 590, 632, 666, 700, 635, 605, 676, 688, 649, 687, 626, 664, 521, 562, 622, 629, 650, 593, 602, 618, 626, 634, 641, 660, 656, 609, 626, 611, 673, 625, 592, 589, 626, 641, 605, 626, 660, 672, 603, 525, 640, 735, 696, 678, 617, 666, 670, 580, 594, 625, 706, 699, 644, 658, 596, 608, 663, 566, 624, 700, 666, 742, 584, 614, 645, 583, 662, 643, 752, 691, 531, 646, 665, 622, 566, 601, 670, 628, 565, 667, 584, 535, 645, 626, 613, 597, 515, 651, 653, 662, 675, 665, 602, 613, 634, 716, 688, 611, 624, 661, 575, 614, 551, 580, 581, 600, 575, 527, 473, 548, 553, 543, 534, 580, 556, 492, 607, 565, 555, 618, 560, 499, 491, 523, 599, 599, 605, 689, 652, 558, 609, 613, 605, 607, 546, 595, 612, 512, 544, 653, 554, 571, 589, 550, 567, 556, 594, 613, 629, 600, 574, 580, 595, 713, 660, 616, 837, 866, 728, 585, 792, 998, 745, 604, 683, 667, 666, 584, 762, 853, 663, 649, 598, 629, 704, 661, 551, 591, 620, 631, 663, 594, 681, 638, 590, 556, 642, 695, 635, 654, 644, 654, 587, 535, 685, 745, 692, 715, 702, 606, 616, 551, 710, 779, 752, 616, 713, 783, 798, 599, 654, 848, 589, 537, 585, 662, 677, 606, 586, 649, 649, 653, 588, 598, 621, 617, 585, 610, 553, 596, 590, 521, 511, 592, 542, 480, 565, 638, 642, 571, 556, 591, 650, 565, 551, 600, 511, 506, 592, 594, 544, 466, 563, 574, 501, 561, 662, 645, 616, 548, 629, 574, 597, 635, 683, 625, 533, 592, 767, 492, 861, 846, 650, 614, 628, 846, 824, 557, 926, 981, 704, 544, 910, 1104, 757, 659, 799, 787, 696, 598, 905, 922, 698, 558, 638, 690, 644, 573, 713, 785, 642, 588, 691, 738, 637, 655, 714, 735, 493, 520, 706, 639, 520, 570, 634, 605, 490, 519, 705, 643, 516, 617, 676, 617, 617, 625, 671, 716, 652, 581, 673, 648, 809, 656, 684, 849, 833, 714, 733, 827, 717, 797, 852, 815, 601, 675, 942, 761, 611, 691, 704, 623, 500, 673, 719, 656, 533, 603, 649, 554, 470, 573, 747, 694, 715, 839, 780, 659, 617, 616, 685, 625, 636, 669, 596, 486, 485, 542, 531, 526, 595, 530, 481, 426, 395, 443, 443, 535, 574, 454, 489, 567, 446, 405, 444, 530, 445, 434, 581, 640, 532, 536, 510, 487, 424, 392, 463, 516, 524, 540, 539, 517, 415, 403, 394, 458, 426, 427, 475, 486]"
0.11867208778858185,0.3499877452850342,-0.2419958859682083,1.0905262231826782,0.06318533420562744,-1.0765743255615234,1.5955438613891602,-0.12203013896942139,0.45876502990722656,19.0,-0.11988437175750732,0.2842426300048828,16.5,-0.0766829252243042,-0.1343250274658203,16.75,-0.04850184917449951,0.0904083251953125,21.5,-0.0457838773727417,0.1457691192626953,17.5,"[522, 588, 528, 564, 678, 564, 529, 580, 546, 586, 577, 630, 685, 695, 612, 592, 523, 544, 582, 513, 509, 576, 570, 549, 547, 515, 556, 529, 446, 491, 575, 636, 592, 512, 482, 484, 520, 482, 526, 610, 573, 564, 546, 561, 591, 531, 440, 556, 513, 522, 476, 515, 514, 427, 378, 472, 486, 469, 541, 589, 505, 422, 360, 406, 472, 452, 495, 548, 543, 477, 471, 458, 470, 512, 592, 563, 537, 492, 520, 510, 583, 549, 557, 571, 556, 519, 528, 555, 587, 589, 462, 576, 558, 417, 509, 528, 488, 558, 540, 476, 421, 449, 458, 467, 648, 524, 537, 500, 526, 515, 443, 623, 589, 538, 524, 604, 633, 579, 540, 639, 664, 605, 585, 638, 682, 588, 578, 627, 566, 502, 526, 521, 586, 586, 551, 546, 488, 506, 519, 510, 526, 590, 549, 450, 571, 455, 546, 594, 524, 524, 488, 537, 565, 548, 593, 576, 513, 536, 514, 590, 563, 587, 596, 558, 533, 515, 577, 604, 584, 519, 593, 593, 478, 523, 565, 629, 508, 477, 546, 518, 457, 537, 555, 526, 550, 527, 485, 568, 549, 505, 604, 551, 555, 594, 455, 493, 472, 535, 586, 538, 629, 601, 578, 637, 548, 522, 636, 596, 642, 575, 555, 610, 588, 583, 642, 681, 593, 540, 532, 593, 549, 489, 548, 579, 598, 522, 494, 533, 563, 520, 451, 575, 547, 638, 591, 496, 520, 576, 546, 495, 585, 587, 604, 579, 576, 617, 535, 522, 563, 560, 520, 512, 494, 608, 531, 468, 538, 506, 447, 505, 523, 538, 492, 517, 537, 471, 496, 471, 518, 517, 450, 509, 604, 559, 522, 555, 590, 577, 526, 523, 570, 559, 574, 595, 607, 562, 614, 623, 542, 604, 576, 561, 637, 638, 641, 610, 748, 789, 720, 770, 690, 828, 1214, 1138, 936, 1337, 1557, 1676, 1027, 2314, 3650, 2888, 793, 2391, 2970, 3007, 917, 3788, 6026, 4399, 1183, 2235, 3186, 3146, 1098, 2877, 4661, 3505, 1710, 1372, 2469, 2974, 1621, 1485, 3615, 3508, 1828, 1268, 2322, 3076, 1612, 2120, 4751, 4434, 1121, 1435, 2001, 2195, 962, 2222, 4023, 3374, 788, 805, 796, 775, 737, 1143, 1498, 1239, 758, 907, 1190, 1098, 822, 1030, 1022, 890, 738, 953, 1115, 949, 692, 880, 1032, 835, 739, 696, 631, 759, 672, 707, 841, 854, 690, 827, 962, 878, 566, 940, 1120, 941, 637, 669, 678, 642, 518, 757, 752, 583, 586, 676, 688, 633, 549, 679, 648, 463, 490, 590, 653, 605, 452, 571, 617, 512, 591, 785, 689, 617, 578, 883, 971, 668, 837, 1144, 819, 708, 709, 1366, 1620, 1023, 821, 1168, 964, 745, 733, 1270, 1654, 1153, 748, 845, 706, 710, 763, 857, 934, 819, 683, 651, 523, 587, 640, 646, 629, 627, 627, 610, 506, 554, 741, 662, 568, 618, 510, 641, 636, 635, 661, 622, 500, 512, 593, 637, 628, 597, 541, 570, 605, 613, 804, 873, 780, 580, 636, 884, 850, 708, 1667, 2064, 1565, 763, 1032, 1611, 1518, 968, 1960, 2429, 1754, 865, 1086, 1597, 1430, 889, 1176, 1520, 1135, 699, 772, 1065, 1141, 887, 1317, 1302, 929, 781, 687, 1236, 1328, 882, 1504, 1194, 684, 813, 756, 1241, 1156, 953, 886, 800, 604, 546, 695, 887, 658, 651, 712, 636, 592, 664, 824, 773, 557, 620, 725, 650, 952, 1027, 947, 788, 675, 815, 822, 749, 949, 929, 772, 824, 814, 811, 686, 628, 697, 649, 626, 759, 633, 686, 568, 582, 585, 549, 585, 569, 484, 441, 630, 570, 543, 560, 697, 613, 485, 553, 697, 631, 621, 617, 683, 652, 642, 711, 691, 668, 609, 604, 586, 610, 674, 708, 692, 761, 683, 675, 549, 556, 645, 637, 632, 704, 655, 614, 566, 511, 456, 547, 604, 648, 594, 570, 675, 652, 547, 582, 661, 626, 460, 605, 670, 585, 506, 576, 651, 674, 637, 565, 565, 577, 618, 554, 622, 608, 574, 599, 581, 652, 632, 630, 702, 643, 603, 625, 671, 732, 663, 673, 601, 688, 631, 561, 543, 537, 629, 628, 636, 640, 636, 602, 593, 541, 678, 711, 528, 556, 622, 704, 650, 576, 659, 579, 517, 644, 637, 621, 684, 649, 553, 507, 559, 633, 616, 615, 588, 553, 545, 599, 591, 661, 615, 613, 699, 623, 593, 584, 579, 666, 572, 503, 652, 624, 597, 576, 601, 650, 673, 624, 673, 630, 617, 612, 557, 592, 621, 622, 587, 623, 519, 467, 570, 576, 608, 542, 519, 619, 604, 464, 624, 678, 766, 718, 629, 732, 782, 595, 750, 727, 817, 849, 815, 915, 823, 717, 719, 673, 712, 822, 816, 762, 676, 721, 652, 638, 783, 840, 670, 603, 697, 688, 572, 609, 655, 652, 607, 547, 546, 619, 656, 683, 585, 570, 509, 553, 630, 591, 572, 561, 586, 667, 616, 517, 576, 597, 586, 566, 540, 646, 735, 593, 549, 619, 660, 611, 615, 652, 677, 630, 674, 755, 566, 564, 696, 758, 631, 636, 725, 721, 572, 553, 624, 751, 706, 566, 702, 695, 631, 561, 557, 750, 842, 658, 737, 770, 568, 467, 561, 736, 719, 560, 738, 765, 589, 587, 709, 800, 658, 632, 792, 715, 619, 614, 653, 644, 619, 626, 651, 655, 686, 694, 702, 693, 736, 659, 620, 729, 681, 688, 645, 730, 780, 621, 666, 731, 710, 637, 694, 829, 804, 611, 604, 716, 649, 611, 600, 839, 780, 639, 973, 956, 756, 689, 617, 895, 881, 647, 1281, 1298, 671, 704, 809, 758, 708, 629, 1140, 1141, 752, 615, 837, 774, 667, 672, 894, 1031, 719, 640, 641, 640, 646, 598, 657, 707, 580, 646, 647, 642, 663, 718, 847, 679, 639, 653, 609, 589, 639, 675, 890, 864, 751, 688, 759, 741, 612, 693, 1143, 1125, 500, 670, 817, 921, 552, 857, 1505, 1255, 498, 806, 875, 760, 606, 1015, 1379, 1105, 507, 686, 709, 543, 510, 762, 921, 763, 583, 606, 639, 702, 585, 610, 791, 759, 695, 574, 581, 625, 595, 552, 687, 757, 524, 451, 579, 544, 524, 467, 540, 640, 406, 397, 427, 424, 473, 433, 377, 467, 456, 431, 421, 371, 446, 446, 450, 492, 412, 467, 480, 407, 420, 474, 537, 467, 397, 459, 457, 373, 409, 446, 458, 489]"
0.7133506536483765,-0.36952561140060425,-0.25539374351501465,-0.14942626655101776,-1.2793492078781128,-0.47728288173675537,-0.8090758919715881,-0.8474360704421997,1.3841629028320312,15.5,-0.23675072193145752,0.9867668151855469,21.25,-0.19598114490509033,0.9711742401123047,20.0,-0.17209160327911377,0.9409904479980469,19.75,0.06408584117889404,0.9059429168701172,15.25,"[446, 577, 638, 655, 603, 654, 639, 574, 544, 599, 531, 633, 623, 661, 701, 558, 575, 564, 575, 521, 475, 576, 616, 571, 515, 547, 549, 550, 485, 514, 541, 486, 514, 429, 463, 539, 471, 454, 508, 510, 566, 412, 463, 593, 552, 449, 517, 572, 498, 452, 462, 556, 550, 453, 474, 535, 508, 497, 480, 549, 559, 578, 582, 520, 423, 508, 522, 496, 505, 577, 569, 491, 581, 628, 583, 580, 638, 616, 591, 577, 661, 633, 548, 537, 607, 606, 557, 588, 588, 647, 573, 496, 585, 577, 587, 565, 529, 569, 499, 482, 570, 470, 506, 564, 516, 563, 539, 518, 614, 573, 497, 535, 507, 561, 621, 554, 599, 599, 594, 531, 533, 586, 554, 583, 603, 551, 572, 569, 505, 522, 578, 580, 549, 484, 561, 574, 539, 544, 595, 558, 598, 587, 610, 594, 596, 527, 446, 501, 605, 550, 598, 643, 573, 547, 549, 581, 709, 586, 576, 608, 527, 533, 673, 669, 609, 556, 615, 647, 551, 559, 586, 593, 616, 650, 565, 530, 483, 526, 520, 515, 506, 527, 527, 486, 517, 613, 676, 602, 606, 593, 567, 522, 490, 550, 598, 582, 515, 519, 538, 522, 482, 551, 575, 533, 494, 559, 612, 527, 536, 568, 545, 480, 483, 590, 531, 437, 583, 559, 523, 488, 507, 609, 610, 535, 564, 522, 486, 498, 600, 599, 505, 558, 519, 610, 573, 527, 586, 615, 629, 506, 578, 636, 653, 582, 517, 557, 676, 635, 672, 628, 618, 619, 527, 601, 620, 682, 626, 608, 666, 697, 596, 605, 549, 550, 529, 525, 549, 651, 643, 568, 572, 579, 567, 573, 534, 582, 587, 537, 519, 527, 514, 520, 483, 467, 535, 581, 541, 438, 470, 439, 568, 575, 545, 574, 549, 574, 439, 445, 618, 626, 527, 501, 586, 604, 558, 477, 547, 610, 578, 556, 618, 619, 576, 510, 524, 630, 522, 525, 610, 592, 551, 489, 542, 524, 503, 609, 563, 570, 540, 576, 640, 520, 586, 647, 634, 640, 553, 543, 594, 581, 658, 673, 623, 571, 647, 569, 559, 552, 610, 702, 608, 612, 547, 518, 600, 636, 567, 575, 561, 592, 572, 569, 549, 605, 635, 584, 581, 578, 539, 516, 489, 560, 632, 653, 606, 545, 584, 635, 619, 559, 705, 670, 576, 612, 594, 661, 690, 625, 528, 692, 932, 823, 1408, 1371, 1999, 2106, 1201, 1611, 3573, 3410, 2791, 2136, 3516, 3925, 2427, 2708, 6923, 6933, 2380, 1804, 2893, 3284, 2117, 2273, 5606, 5629, 2803, 2140, 3420, 2659, 1992, 2189, 5536, 5941, 6747, 3906, 7068, 4646, 3951, 3766, 11475, 13215, 9417, 3571, 8730, 5828, 5402, 3570, 14282, 17513, 8939, 5868, 12147, 8097, 4995, 4808, 16563, 19143, 5646, 7273, 11650, 7233, 3193, 5978, 15185, 15584, 2478, 3935, 5544, 3416, 1550, 3213, 7298, 7106, 1224, 1613, 1371, 1196, 1023, 1367, 1605, 1363, 1734, 5453, 7587, 4674, 1436, 3770, 7968, 7514, 1548, 9132, 11897, 6785, 1421, 5618, 11866, 10765, 729, 6649, 7807, 4042, 886, 4088, 7907, 6562, 785, 3077, 3268, 1642, 694, 2294, 3715, 2831, 649, 1445, 1618, 988, 646, 1233, 1787, 1461, 683, 637, 799, 695, 658, 749, 777, 828, 734, 725, 730, 659, 607, 803, 900, 798, 694, 702, 646, 671, 628, 656, 699, 695, 540, 558, 644, 610, 553, 606, 660, 641, 586, 566, 638, 647, 581, 630, 728, 615, 856, 974, 843, 666, 704, 689, 750, 774, 1438, 1959, 1636, 969, 1177, 1001, 1024, 875, 2251, 3224, 2373, 1140, 1552, 1699, 1741, 928, 2327, 3396, 2484, 1071, 1483, 1866, 2051, 997, 1865, 2523, 2273, 1330, 1216, 1380, 1857, 1139, 1749, 2819, 2869, 2053, 1232, 1634, 2224, 1416, 1819, 2689, 2879, 2331, 1167, 1873, 2278, 1664, 1429, 1714, 2451, 2134, 1199, 1149, 1554, 1602, 1485, 2734, 2670, 1770, 1432, 1709, 1775, 1410, 1268, 1920, 2015, 1289, 1235, 1593, 1484, 1233, 1101, 1383, 1261, 961, 900, 1081, 1042, 971, 884, 1294, 1155, 788, 795, 776, 890, 903, 747, 1142, 1105, 866, 973, 870, 766, 726, 800, 1025, 1014, 826, 853, 970, 790, 666, 764, 862, 840, 662, 620, 837, 777, 655, 744, 828, 775, 684, 633, 793, 837, 638, 792, 799, 767, 757, 620, 749, 763, 757, 611, 624, 645, 639, 613, 628, 663, 741, 618, 600, 559, 659, 646, 605, 639, 606, 742, 833, 652, 678, 614, 641, 713, 650, 838, 896, 713, 627, 583, 689, 809, 672, 747, 813, 720, 645, 687, 683, 707, 697, 635, 735, 724, 634, 628, 603, 707, 711, 661, 661, 651, 663, 632, 639, 691, 722, 589, 644, 583, 656, 746, 643, 688, 641, 626, 696, 552, 443, 612, 681, 599, 512, 656, 615, 596, 573, 637, 650, 685, 719, 678, 596, 600, 657, 638, 599, 750, 775, 810, 673, 665, 749, 749, 685, 605, 774, 785, 715, 659, 688, 685, 670, 624, 701, 802, 764, 800, 814, 680, 654, 710, 782, 723, 724, 817, 846, 688, 599, 843, 839, 679, 691, 683, 670, 564, 569, 698, 645, 683, 736, 613, 660, 568, 631, 680, 584, 656, 679, 649, 661, 726, 683, 683, 683, 683, 638, 627, 633, 767, 716, 626, 703, 726, 644, 608, 620, 618, 582, 577, 692, 675, 694, 630, 620, 614, 631, 651, 692, 648, 652, 730, 682, 587, 552, 732, 781, 695, 584, 740, 766, 730, 629, 796, 927, 686, 703, 767, 712, 692, 670, 753, 793, 594, 631, 689, 583, 601, 612, 509, 603, 573, 556, 648, 692, 528, 547, 563, 573, 648, 610, 601, 621, 568, 618, 691, 627, 660, 901, 941, 867, 562, 843, 1166, 924, 711, 923, 1023, 866, 675, 939, 1251, 1075, 871, 675, 685, 728, 678, 736, 836, 956, 849, 679, 648, 701, 737, 673, 771, 901, 622, 679, 678, 729, 654, 738, 885, 808, 457, 717, 929, 788, 578, 662, 906, 826, 551, 767, 852, 700, 541, 817, 1052, 908, 595, 666, 573, 571, 463, 723, 782, 584, 540, 611, 660, 589, 464, 599, 642, 541, 580, 547, 671, 662, 520, 571, 591, 559, 577, 579, 566, 565, 537, 554, 565, 512, 533, 554, 508, 464, 484, 547, 512, 449, 552, 564, 515, 462, 429, 584, 536, 487, 544, 603, 478, 424, 461, 571, 594, 511, 580, 578, 538, 447, 435, 508, 593, 547]"
0.7334933280944824,-0.5633483529090881,-0.2666260302066803,-0.13519169390201569,-1.377179503440857,-0.4352706968784332,-0.6935548782348633,-1.2554564476013184,1.4356613159179688,22.5,-1.1104025840759277,1.3282299041748047,26.25,-0.6974139213562012,1.224374771118164,20.5,0.28463220596313477,0.8108139038085938,15.75,1.2675366401672363,0.9771823883056641,15.0,"[383, 503, 528, 496, 466, 495, 528, 502, 546, 453, 481, 579, 541, 519, 565, 606, 558, 498, 499, 543, 574, 582, 537, 602, 593, 585, 500, 512, 539, 564, 514, 509, 489, 570, 526, 493, 441, 439, 472, 473, 466, 523, 518, 543, 534, 441, 452, 478, 505, 512, 482, 492, 492, 511, 462, 430, 578, 607, 570, 504, 499, 562, 579, 523, 496, 576, 557, 522, 501, 627, 568, 408, 561, 597, 561, 546, 579, 651, 562, 444, 572, 506, 575, 528, 491, 585, 577, 519, 576, 637, 574, 498, 481, 550, 586, 571, 548, 589, 552, 503, 538, 598, 563, 461, 554, 608, 614, 580, 576, 570, 611, 562, 567, 584, 612, 601, 508, 435, 598, 680, 655, 657, 520, 563, 618, 581, 550, 535, 640, 582, 538, 539, 567, 580, 582, 587, 562, 490, 465, 453, 500, 573, 473, 523, 503, 543, 574, 480, 453, 500, 532, 563, 488, 577, 639, 534, 607, 659, 635, 618, 482, 521, 579, 513, 539, 620, 561, 530, 488, 498, 614, 634, 529, 566, 543, 483, 491, 530, 561, 597, 596, 530, 545, 532, 496, 565, 589, 560, 573, 613, 653, 577, 563, 480, 632, 621, 570, 581, 646, 686, 599, 501, 534, 595, 570, 543, 582, 606, 516, 528, 477, 488, 528, 497, 485, 541, 544, 482, 479, 559, 509, 414, 474, 577, 532, 530, 565, 557, 529, 539, 511, 537, 666, 597, 580, 588, 635, 583, 588, 698, 599, 562, 614, 581, 542, 525, 556, 593, 584, 522, 589, 624, 530, 515, 555, 529, 541, 559, 532, 520, 560, 502, 438, 502, 531, 607, 644, 574, 537, 537, 536, 551, 469, 598, 677, 643, 630, 581, 623, 523, 487, 497, 569, 566, 565, 619, 598, 538, 604, 654, 541, 502, 599, 563, 573, 485, 619, 670, 547, 526, 606, 559, 540, 549, 539, 525, 552, 599, 618, 555, 556, 578, 616, 582, 545, 572, 605, 524, 587, 598, 520, 510, 540, 583, 533, 478, 549, 594, 551, 585, 614, 650, 562, 458, 554, 574, 554, 634, 582, 554, 599, 588, 580, 526, 623, 778, 695, 579, 586, 633, 683, 597, 708, 724, 718, 653, 646, 663, 610, 667, 660, 684, 647, 589, 637, 714, 603, 582, 745, 958, 1170, 1083, 730, 1080, 1789, 1630, 2850, 2460, 3798, 4156, 2543, 2948, 7625, 7549, 4963, 3105, 5560, 6235, 4200, 3814, 11069, 11544, 2809, 1811, 3187, 3919, 2677, 2194, 5917, 6138, 1465, 843, 1087, 1506, 1339, 1083, 1853, 2150, 1906, 1623, 2184, 1957, 1503, 1804, 3015, 3205, 4106, 3596, 5934, 4540, 2753, 3825, 9397, 9658, 7195, 4579, 8981, 7070, 4217, 4842, 13892, 15336, 6092, 4341, 7750, 6267, 3166, 3848, 10763, 12062, 3350, 3928, 6073, 4127, 1481, 2959, 6610, 7004, 1876, 3577, 5493, 3635, 926, 2638, 5723, 5693, 2406, 5501, 7559, 4740, 1407, 3459, 7326, 7049, 3176, 8342, 10969, 6660, 1664, 5068, 10536, 9809, 2453, 6985, 8763, 5241, 1348, 4357, 8556, 7564, 1360, 3298, 3926, 2375, 791, 2069, 3802, 3233, 877, 1683, 1909, 1233, 680, 1132, 1878, 1713, 625, 1032, 1088, 736, 541, 674, 968, 885, 669, 724, 725, 588, 542, 525, 710, 743, 697, 693, 674, 608, 566, 590, 707, 759, 641, 762, 686, 634, 604, 562, 635, 700, 708, 879, 827, 632, 673, 632, 695, 635, 853, 1449, 1305, 692, 699, 759, 860, 648, 1522, 2689, 2363, 1032, 1056, 1108, 1444, 965, 2272, 3847, 3133, 1202, 1362, 1560, 2258, 1330, 2031, 3507, 2782, 950, 1172, 1403, 2016, 1259, 2369, 3365, 2477, 1602, 1002, 2013, 2559, 1388, 3772, 5088, 5752, 4295, 1569, 4875, 4881, 2760, 3804, 5688, 6912, 4378, 2043, 4887, 4286, 2762, 2849, 3664, 4925, 3815, 2207, 2851, 2029, 2347, 1967, 1903, 2069, 1983, 1444, 1513, 1076, 1356, 2306, 2425, 2486, 1488, 1638, 3014, 2014, 1534, 3098, 2446, 3727, 2331, 1893, 4047, 2595, 2453, 2091, 1440, 2189, 1681, 1273, 2409, 1698, 1525, 912, 892, 1131, 1162, 854, 892, 863, 888, 727, 952, 1103, 961, 718, 806, 886, 845, 768, 938, 1042, 780, 644, 844, 838, 788, 828, 813, 1104, 1027, 712, 731, 812, 832, 861, 867, 1057, 1106, 843, 774, 866, 817, 682, 760, 908, 1000, 762, 651, 762, 642, 610, 674, 689, 682, 691, 730, 640, 533, 606, 667, 751, 685, 654, 695, 664, 608, 728, 820, 950, 742, 596, 678, 787, 814, 808, 771, 957, 748, 647, 732, 905, 1034, 731, 762, 919, 731, 597, 744, 847, 923, 677, 785, 792, 683, 598, 615, 704, 722, 741, 803, 716, 650, 600, 685, 747, 772, 695, 686, 689, 587, 534, 545, 702, 819, 649, 702, 660, 693, 689, 632, 694, 687, 602, 713, 756, 663, 684, 640, 683, 634, 551, 701, 689, 591, 632, 615, 627, 655, 488, 646, 677, 579, 478, 493, 641, 637, 521, 701, 729, 562, 582, 662, 615, 519, 609, 673, 562, 568, 681, 645, 538, 485, 518, 711, 758, 624, 614, 674, 712, 604, 569, 596, 653, 583, 554, 570, 671, 691, 611, 631, 602, 560, 535, 641, 637, 660, 613, 627, 693, 751, 671, 646, 578, 607, 619, 616, 624, 685, 745, 638, 592, 622, 589, 545, 656, 752, 724, 605, 672, 735, 573, 592, 634, 712, 720, 623, 701, 710, 548, 534, 567, 556, 587, 563, 598, 607, 569, 554, 511, 581, 622, 631, 685, 644, 646, 578, 559, 653, 647, 646, 640, 615, 675, 721, 755, 842, 767, 655, 550, 681, 628, 676, 962, 939, 678, 643, 672, 806, 935, 837, 1000, 883, 739, 917, 983, 986, 901, 1036, 1076, 862, 671, 897, 1112, 1085, 700, 844, 833, 624, 618, 707, 855, 829, 748, 1015, 992, 654, 572, 906, 1124, 939, 795, 1190, 1206, 744, 710, 936, 1374, 1255, 631, 777, 901, 722, 654, 759, 1098, 1054, 552, 643, 653, 640, 534, 602, 773, 665, 598, 620, 622, 537, 434, 531, 582, 546, 553, 608, 619, 573, 501, 590, 601, 565, 512, 581, 653, 509, 513, 614, 620, 576, 508, 557, 582, 477, 402, 564, 653, 553, 482, 495, 487, 513, 558, 529, 551, 523, 536, 632, 548, 482, 489, 525, 480, 482, 491, 557, 507, 463, 404, 400, 454, 390, 441, 475, 433, 398, 418, 410, 399, 385, 443, 437, 433, 438, 466, 488, 481, 453, 516, 497, 531, 526, 471, 404, 490, 565]"
0.7293805480003357,-0.7202537059783936,-0.28123849630355835,-0.1604996919631958,-1.3705962896347046,-0.3622666001319885,-0.6171038150787354,-0.8679063320159912,1.272726058959961,17.75,-0.6504685878753662,1.1777400970458984,23.25,-0.4346044063568115,1.1066436767578125,18.5,-0.3460557460784912,0.9710311889648438,22.75,-0.09929251670837402,0.8046627044677734,20.75,"[447, 530, 582, 606, 610, 612, 582, 527, 529, 617, 615, 608, 636, 652, 660, 546, 489, 517, 545, 564, 573, 604, 553, 536, 448, 526, 490, 474, 534, 548, 482, 458, 528, 545, 468, 466, 543, 519, 454, 454, 546, 600, 577, 507, 495, 604, 564, 483, 478, 460, 477, 525, 480, 547, 609, 504, 576, 524, 509, 582, 513, 500, 559, 549, 511, 558, 558, 624, 530, 526, 527, 465, 554, 561, 566, 560, 587, 537, 477, 549, 514, 640, 563, 524, 533, 525, 568, 493, 594, 572, 496, 521, 506, 511, 500, 485, 571, 523, 560, 599, 554, 535, 503, 565, 453, 535, 556, 602, 574, 471, 511, 505, 475, 548, 542, 556, 550, 497, 529, 521, 498, 553, 526, 595, 610, 517, 526, 516, 521, 531, 489, 505, 529, 448, 504, 569, 585, 512, 454, 468, 510, 439, 543, 686, 571, 539, 526, 509, 479, 474, 519, 619, 579, 511, 561, 526, 475, 567, 615, 629, 560, 550, 523, 443, 452, 538, 500, 542, 601, 552, 491, 530, 505, 521, 569, 625, 524, 546, 510, 506, 493, 563, 614, 619, 539, 502, 572, 617, 590, 586, 614, 612, 488, 531, 609, 521, 457, 537, 586, 578, 557, 603, 618, 569, 564, 647, 638, 605, 491, 595, 608, 573, 604, 615, 539, 481, 542, 593, 500, 445, 570, 607, 486, 478, 557, 500, 483, 515, 575, 546, 473, 552, 527, 498, 549, 548, 491, 548, 573, 586, 590, 617, 588, 596, 581, 621, 568, 493, 539, 545, 505, 515, 584, 532, 481, 495, 498, 419, 418, 548, 610, 521, 416, 489, 552, 550, 566, 558, 586, 576, 524, 456, 612, 595, 634, 619, 644, 662, 612, 591, 587, 537, 577, 632, 617, 574, 587, 642, 575, 552, 512, 598, 585, 547, 526, 539, 624, 554, 578, 613, 627, 577, 540, 618, 621, 556, 558, 646, 634, 568, 616, 661, 615, 584, 559, 543, 534, 624, 654, 638, 616, 627, 633, 627, 655, 641, 532, 517, 644, 628, 646, 646, 671, 647, 506, 590, 615, 538, 599, 733, 713, 576, 587, 640, 547, 574, 588, 649, 516, 508, 656, 654, 546, 831, 888, 956, 682, 905, 1267, 1082, 1707, 1722, 2497, 2582, 1572, 2084, 4448, 4306, 3592, 2839, 4501, 4624, 3027, 3514, 8636, 8693, 3821, 2715, 4457, 4626, 3113, 3306, 8239, 8420, 2293, 1876, 2844, 2814, 1811, 2197, 4827, 4811, 3846, 3322, 4475, 3302, 2585, 3491, 7017, 7262, 8986, 6629, 10526, 7324, 5520, 6851, 16020, 17450, 11311, 4313, 10393, 8395, 6345, 5616, 16228, 19690, 8214, 3124, 5870, 6580, 4502, 2165, 6943, 10683, 4071, 4319, 5245, 4449, 2778, 2255, 3726, 4681, 1710, 2788, 3455, 2375, 1276, 2278, 3984, 3705, 1058, 3376, 3545, 1782, 832, 2658, 4283, 3282, 1186, 4341, 4447, 2111, 928, 3195, 5020, 3519, 1545, 5695, 5787, 2800, 1015, 4152, 6537, 4475, 1338, 4319, 4477, 2327, 840, 2931, 4752, 3362, 852, 2039, 2144, 1276, 745, 1446, 2184, 1646, 670, 1122, 1118, 871, 633, 973, 1292, 1050, 582, 754, 793, 717, 656, 889, 965, 818, 689, 818, 872, 717, 650, 789, 895, 829, 684, 987, 953, 748, 704, 772, 983, 893, 593, 632, 650, 665, 665, 669, 701, 642, 560, 662, 659, 593, 640, 655, 697, 619, 592, 750, 864, 747, 645, 548, 632, 644, 886, 1148, 1160, 938, 866, 814, 829, 849, 1103, 1342, 1135, 876, 852, 1084, 1002, 760, 1589, 2274, 2098, 1485, 1015, 1396, 1623, 1164, 2752, 4397, 4019, 2587, 1359, 2517, 3240, 2114, 2318, 4435, 4845, 3126, 1533, 2205, 3038, 2397, 1537, 2715, 3752, 2608, 1526, 2290, 1885, 1780, 1760, 2512, 2897, 1721, 1338, 2385, 1877, 1449, 2311, 3549, 3391, 1594, 1758, 2488, 2512, 1835, 2160, 3546, 3343, 1889, 1672, 2239, 2533, 1855, 1504, 2650, 2474, 1383, 1055, 1639, 1967, 1396, 1050, 1921, 1787, 978, 829, 1071, 1445, 1026, 708, 931, 987, 754, 732, 730, 791, 718, 744, 679, 793, 779, 686, 697, 817, 840, 804, 787, 836, 735, 737, 814, 861, 693, 923, 855, 757, 802, 915, 946, 942, 806, 922, 881, 831, 756, 852, 928, 850, 767, 831, 811, 796, 800, 741, 750, 738, 711, 803, 732, 690, 699, 706, 713, 708, 672, 803, 779, 656, 668, 715, 633, 682, 782, 768, 855, 849, 691, 677, 661, 852, 943, 785, 750, 898, 744, 712, 730, 857, 940, 672, 620, 678, 615, 562, 656, 758, 762, 638, 638, 535, 517, 637, 731, 708, 605, 622, 585, 538, 539, 651, 658, 624, 597, 683, 612, 740, 701, 721, 653, 793, 791, 615, 620, 666, 602, 605, 559, 649, 614, 685, 589, 612, 649, 656, 507, 579, 685, 649, 608, 686, 633, 575, 582, 643, 667, 574, 679, 650, 589, 603, 666, 694, 614, 507, 690, 706, 533, 597, 619, 618, 582, 666, 728, 756, 612, 668, 725, 662, 673, 750, 780, 741, 727, 629, 576, 718, 709, 657, 673, 711, 695, 595, 610, 705, 689, 583, 605, 695, 641, 622, 638, 709, 637, 589, 668, 684, 668, 588, 633, 783, 734, 602, 685, 652, 586, 617, 562, 653, 678, 660, 676, 706, 708, 701, 582, 683, 765, 588, 636, 616, 655, 611, 636, 724, 594, 681, 665, 725, 662, 613, 681, 733, 678, 709, 605, 632, 688, 662, 620, 654, 749, 630, 573, 541, 653, 667, 554, 604, 714, 534, 653, 562, 458, 645, 620, 574, 535, 623, 777, 612, 543, 566, 637, 720, 581, 894, 1063, 1019, 862, 657, 838, 1076, 881, 957, 1264, 1376, 1037, 745, 942, 1357, 1291, 745, 1109, 1158, 938, 756, 914, 1223, 1099, 553, 1229, 1295, 860, 594, 890, 1429, 1207, 692, 1320, 1487, 974, 585, 1134, 1851, 1633, 659, 897, 969, 705, 688, 1005, 1442, 1292, 597, 665, 649, 659, 713, 745, 802, 758, 622, 591, 664, 657, 624, 635, 607, 526, 612, 575, 553, 562, 629, 564, 561, 580, 605, 614, 617, 599, 620, 600, 604, 672, 622, 565, 536, 628, 503, 492, 608, 623, 586, 479, 565, 700, 566, 494, 564, 550, 508, 496, 544, 597, 558, 435, 488, 539, 520, 577, 601, 585, 519, 439, 451, 463, 497, 449, 474, 458, 529, 517, 400, 499, 512, 525, 501, 460, 429, 474, 509, 501, 575, 635, 534, 372, 469, 580, 594, 528, 565, 644, 553, 454, 480, 527, 575, 563]"
0.6345086097717285,-0.878345251083374,-0.18195703625679016,-0.417557954788208,-1.4041000604629517,-0.1805163323879242,-0.8641997575759888,-0.37029826641082764,0.9664535522460938,16.5,-0.25671565532684326,1.0326862335205078,21.5,0.4091874361038208,1.2964725494384766,16.5,0.6300584077835083,1.1472702026367188,17.5,0.8231774568557739,0.99334716796875,15.25,"[504, 538, 609, 543, 461, 544, 609, 542, 582, 623, 664, 603, 512, 568, 543, 535, 585, 577, 566, 543, 545, 565, 539, 537, 490, 524, 540, 502, 417, 461, 571, 537, 395, 439, 441, 454, 403, 466, 582, 508, 413, 408, 485, 481, 404, 518, 594, 562, 504, 454, 464, 545, 537, 530, 531, 507, 526, 522, 449, 463, 572, 514, 455, 462, 567, 519, 456, 516, 572, 579, 547, 567, 584, 493, 427, 466, 538, 518, 521, 570, 567, 552, 464, 495, 570, 580, 532, 505, 548, 511, 494, 559, 551, 635, 588, 505, 539, 484, 542, 583, 580, 526, 505, 501, 555, 569, 575, 553, 597, 580, 523, 516, 661, 647, 562, 576, 577, 572, 664, 655, 691, 605, 527, 577, 518, 527, 648, 660, 550, 521, 570, 517, 504, 543, 527, 495, 614, 623, 592, 532, 579, 607, 521, 482, 555, 624, 594, 574, 622, 573, 529, 533, 545, 613, 568, 506, 545, 534, 516, 535, 557, 451, 423, 470, 515, 521, 476, 517, 589, 527, 513, 468, 450, 543, 556, 585, 489, 490, 619, 592, 469, 528, 589, 546, 551, 513, 596, 573, 500, 517, 611, 645, 634, 570, 591, 615, 501, 455, 580, 621, 633, 612, 601, 558, 565, 640, 691, 623, 577, 617, 557, 530, 601, 601, 612, 548, 570, 520, 567, 647, 690, 578, 636, 658, 513, 497, 535, 610, 588, 521, 559, 598, 473, 556, 623, 588, 541, 499, 545, 566, 488, 527, 597, 523, 571, 586, 580, 600, 532, 590, 638, 588, 551, 590, 635, 635, 508, 498, 560, 588, 503, 512, 599, 575, 421, 522, 616, 558, 443, 570, 572, 495, 525, 540, 593, 549, 514, 570, 546, 521, 612, 591, 569, 556, 543, 527, 520, 589, 561, 455, 497, 555, 514, 460, 502, 539, 567, 471, 465, 538, 576, 554, 458, 529, 576, 606, 569, 512, 595, 615, 559, 520, 577, 648, 644, 520, 541, 602, 589, 607, 643, 661, 659, 564, 586, 596, 575, 612, 532, 620, 730, 704, 661, 672, 721, 668, 620, 1061, 1197, 986, 667, 1096, 1844, 1569, 1477, 1926, 2394, 2053, 1231, 2085, 4434, 4070, 2284, 2322, 3177, 2915, 1903, 2562, 5923, 5722, 1822, 1654, 2363, 2330, 1624, 1824, 4154, 4137, 1879, 1557, 2189, 2007, 1459, 1731, 3699, 3777, 3851, 3568, 5510, 3788, 2536, 3704, 8407, 8569, 5072, 6301, 7909, 5133, 3641, 6758, 14569, 13756, 8839, 11205, 14943, 9508, 5688, 12105, 27385, 26112, 8918, 11132, 15721, 10003, 5791, 11880, 28015, 27008, 5214, 6455, 8611, 5789, 3394, 5900, 13812, 13411, 3599, 5726, 5672, 2843, 2032, 2875, 4563, 3845, 2901, 2923, 3031, 2000, 1451, 1998, 2938, 3095, 2441, 5960, 7310, 4248, 1290, 3845, 7693, 7150, 2703, 9178, 10014, 4987, 1403, 5222, 9264, 7370, 2178, 7692, 8162, 3801, 1243, 3998, 7185, 5425, 1170, 2820, 2807, 1358, 781, 1562, 2542, 1853, 885, 1328, 1349, 1005, 701, 937, 1423, 1234, 948, 1402, 1442, 925, 719, 937, 1461, 1367, 810, 1208, 1147, 796, 712, 881, 1119, 948, 663, 809, 783, 639, 563, 679, 781, 739, 566, 591, 602, 571, 608, 550, 621, 669, 605, 549, 592, 612, 611, 599, 638, 720, 492, 529, 539, 512, 542, 607, 577, 517, 653, 660, 645, 596, 653, 663, 653, 672, 829, 985, 890, 634, 580, 745, 746, 704, 1159, 2082, 2095, 1044, 1064, 1528, 1336, 964, 2013, 4024, 4057, 1843, 1768, 2438, 2149, 1466, 2825, 5090, 4860, 2411, 2009, 2644, 2585, 1400, 3925, 5505, 5998, 4346, 2367, 3065, 4102, 2554, 4699, 5777, 6155, 5583, 3034, 3522, 4615, 3395, 3005, 4218, 5314, 4546, 2204, 2640, 3359, 2953, 1878, 3033, 3220, 2259, 1529, 2019, 2373, 1444, 1925, 3051, 2646, 1175, 1378, 1686, 1872, 1120, 1531, 2264, 2010, 866, 1071, 1146, 1330, 948, 1077, 1298, 1078, 646, 795, 843, 788, 808, 1054, 1306, 1260, 850, 804, 945, 903, 943, 1113, 1288, 1194, 805, 818, 972, 881, 863, 1003, 1153, 999, 740, 776, 794, 852, 906, 782, 961, 822, 610, 700, 737, 780, 719, 834, 861, 838, 729, 702, 841, 781, 777, 999, 1046, 890, 716, 741, 894, 821, 815, 765, 819, 818, 783, 684, 728, 706, 666, 643, 700, 646, 662, 627, 673, 695, 597, 829, 762, 798, 755, 639, 645, 794, 922, 848, 842, 968, 827, 689, 757, 776, 876, 734, 734, 696, 685, 695, 697, 662, 637, 624, 663, 613, 580, 552, 600, 635, 642, 695, 610, 612, 731, 595, 618, 717, 707, 617, 605, 609, 619, 495, 644, 715, 561, 656, 768, 710, 628, 660, 673, 674, 620, 689, 730, 682, 700, 547, 495, 617, 591, 624, 632, 679, 617, 555, 615, 694, 596, 617, 693, 707, 634, 447, 674, 673, 533, 628, 589, 613, 554, 629, 747, 611, 535, 498, 551, 574, 549, 665, 725, 569, 545, 659, 698, 580, 589, 748, 717, 655, 663, 658, 711, 669, 689, 689, 622, 643, 632, 566, 601, 675, 675, 601, 626, 704, 711, 645, 596, 711, 718, 616, 543, 665, 817, 580, 524, 623, 661, 639, 608, 608, 651, 591, 543, 581, 580, 605, 645, 620, 646, 667, 548, 642, 615, 565, 611, 707, 813, 708, 609, 626, 629, 598, 557, 681, 825, 618, 682, 578, 470, 509, 590, 656, 639, 601, 779, 695, 657, 580, 666, 853, 833, 742, 753, 692, 671, 631, 685, 679, 686, 967, 1331, 1356, 944, 711, 987, 1320, 1178, 941, 2209, 2333, 1180, 663, 1245, 2116, 1706, 846, 2221, 2592, 1470, 695, 1272, 2271, 2037, 853, 2156, 2705, 1717, 706, 1385, 2618, 2472, 659, 2018, 2369, 1463, 669, 1522, 2538, 2132, 781, 1449, 1461, 1005, 653, 1242, 1658, 1304, 726, 1032, 1028, 843, 744, 925, 1237, 1059, 676, 910, 910, 772, 702, 789, 1078, 972, 707, 720, 650, 633, 704, 771, 813, 761, 565, 612, 621, 619, 615, 557, 670, 637, 479, 530, 473, 497, 501, 516, 517, 540, 507, 524, 514, 522, 508, 533, 545, 414, 471, 462, 376, 530, 536, 536, 510, 411, 572, 587, 494, 543, 534, 559, 584, 458, 567, 576, 479, 515, 470, 571, 560, 447, 584, 546, 485, 526, 534, 576, 574, 474, 486, 485, 399, 410, 518, 543, 503, 434, 492, 484, 389, 366, 466, 591, 499, 397, 371, 462, 426, 338, 337, 463, 500, 386, 375, 393, 378, 366, 352, 488, 568, 485]"
0.5188527703285217,-1.017714023590088,-0.03250713646411896,-0.6810232400894165,-1.3899130821228027,0.06381392478942871,-1.0763204097747803,-0.7397658824920654,1.0143756866455078,20.75,-0.5859858989715576,0.9150981903076172,18.5,-0.1209266185760498,0.69580078125,18.5,-0.10647845268249512,0.5783557891845703,15.25,-0.09746623039245605,0.6465911865234375,18.25,"[519, 533, 625, 640, 589, 647, 628, 534, 533, 581, 627, 683, 648, 672, 648, 605, 461, 497, 516, 517, 568, 563, 525, 484, 489, 532, 560, 484, 475, 533, 491, 469, 459, 535, 533, 474, 447, 490, 511, 469, 481, 569, 433, 466, 521, 543, 554, 509, 485, 544, 537, 572, 534, 508, 578, 518, 505, 616, 594, 510, 493, 539, 546, 516, 517, 482, 531, 503, 492, 521, 473, 493, 554, 434, 563, 606, 496, 514, 525, 548, 596, 501, 539, 601, 533, 527, 510, 607, 645, 549, 557, 529, 527, 600, 608, 663, 544, 496, 545, 524, 509, 544, 551, 589, 589, 638, 596, 645, 738, 632, 539, 594, 591, 601, 576, 577, 699, 667, 554, 553, 484, 526, 550, 683, 696, 648, 557, 467, 521, 540, 540, 616, 591, 601, 609, 589, 573, 481, 559, 621, 578, 523, 559, 641, 480, 445, 497, 530, 527, 500, 498, 510, 587, 512, 551, 610, 600, 581, 624, 623, 564, 595, 615, 558, 476, 606, 622, 545, 661, 623, 605, 543, 516, 611, 590, 561, 557, 569, 586, 523, 510, 628, 575, 461, 586, 564, 503, 487, 522, 581, 531, 531, 546, 513, 531, 466, 479, 479, 445, 579, 506, 583, 583, 496, 485, 535, 596, 555, 516, 589, 560, 489, 507, 614, 632, 573, 602, 525, 517, 571, 552, 506, 547, 637, 587, 557, 586, 553, 519, 563, 550, 539, 578, 511, 547, 525, 594, 589, 557, 584, 591, 582, 575, 527, 558, 546, 550, 597, 530, 585, 607, 557, 497, 579, 573, 594, 543, 600, 583, 585, 507, 517, 495, 488, 561, 536, 515, 517, 600, 569, 467, 479, 467, 510, 586, 515, 460, 532, 483, 442, 539, 546, 528, 551, 563, 557, 501, 477, 599, 594, 592, 537, 569, 655, 545, 462, 537, 607, 619, 491, 401, 532, 598, 599, 793, 937, 1163, 867, 673, 944, 1649, 1579, 1661, 2239, 3035, 1920, 1266, 2242, 4441, 4192, 2056, 2853, 3968, 2434, 1532, 2665, 5731, 5506, 1747, 1898, 2729, 1823, 1241, 1640, 3700, 3801, 1334, 1069, 1377, 1135, 964, 910, 1484, 1837, 2040, 2023, 3154, 2368, 1227, 1559, 3588, 3874, 3145, 4429, 6646, 4419, 1817, 3444, 7907, 8034, 3089, 5609, 7477, 4385, 1703, 4690, 10336, 9895, 5063, 10182, 13274, 7205, 2498, 9008, 18552, 17093, 5226, 10238, 14229, 8068, 2749, 8817, 19234, 18173, 2627, 4901, 7115, 4348, 1454, 3934, 8824, 8564, 2374, 4557, 6324, 3941, 1306, 3222, 7069, 6993, 2654, 6663, 9187, 5455, 1417, 4696, 10220, 9745, 2158, 5730, 6963, 3859, 1159, 3731, 7600, 7081, 2330, 4657, 4965, 2783, 1324, 2649, 4711, 4203, 4308, 13284, 15365, 8300, 2406, 7205, 13417, 11246, 5867, 20208, 23078, 12111, 3055, 11431, 21004, 17246, 4642, 15102, 16567, 8336, 2243, 9233, 16318, 12941, 2634, 7226, 7555, 3632, 1371, 5207, 8514, 6429, 1490, 3468, 3579, 1830, 923, 2482, 3912, 2973, 1010, 1957, 2075, 1243, 705, 1301, 2028, 1563, 692, 1291, 1511, 1007, 610, 932, 1447, 1223, 665, 773, 900, 802, 613, 765, 977, 931, 699, 812, 846, 704, 627, 690, 721, 701, 701, 814, 758, 547, 570, 653, 651, 651, 602, 785, 784, 639, 621, 760, 849, 735, 1001, 1434, 1259, 748, 843, 1020, 1041, 738, 1575, 2092, 1838, 987, 1237, 1449, 1165, 974, 3036, 3219, 2889, 2294, 2540, 2613, 1678, 1907, 6075, 6547, 4932, 4330, 4419, 4701, 3724, 3771, 8469, 8836, 7290, 6306, 5545, 6562, 6043, 5690, 6858, 7069, 6183, 5239, 4075, 5175, 5052, 4815, 3469, 3810, 3539, 2719, 2084, 2707, 2703, 2543, 1480, 1883, 1795, 1365, 1221, 1275, 1253, 1130, 1083, 1290, 1114, 829, 861, 852, 746, 779, 1070, 1277, 1122, 795, 823, 829, 701, 791, 1010, 1175, 1022, 715, 740, 889, 916, 898, 939, 1076, 905, 641, 803, 982, 910, 751, 792, 1064, 955, 663, 816, 888, 824, 748, 778, 1077, 1111, 802, 745, 897, 939, 897, 948, 997, 1009, 820, 744, 845, 840, 936, 925, 912, 873, 805, 690, 739, 897, 954, 743, 721, 691, 754, 700, 691, 767, 770, 806, 773, 642, 620, 623, 710, 667, 783, 932, 949, 841, 689, 650, 692, 747, 853, 976, 1019, 760, 681, 726, 807, 823, 736, 809, 835, 671, 557, 602, 716, 703, 580, 700, 802, 772, 603, 585, 717, 712, 707, 744, 781, 668, 694, 709, 711, 681, 675, 674, 715, 740, 679, 758, 676, 656, 664, 826, 765, 750, 842, 914, 775, 860, 979, 923, 705, 835, 973, 876, 738, 1172, 1316, 824, 811, 852, 850, 848, 736, 957, 1020, 717, 731, 706, 714, 737, 678, 802, 793, 613, 580, 590, 750, 717, 587, 650, 668, 607, 600, 595, 638, 632, 607, 614, 622, 716, 629, 619, 655, 662, 563, 622, 751, 709, 718, 688, 704, 625, 561, 732, 726, 613, 567, 680, 772, 725, 580, 763, 818, 708, 574, 549, 686, 679, 533, 733, 789, 609, 606, 545, 469, 647, 581, 606, 659, 663, 554, 524, 545, 662, 629, 685, 750, 759, 669, 641, 689, 669, 607, 708, 804, 770, 713, 767, 774, 701, 565, 725, 866, 692, 667, 784, 838, 681, 579, 763, 808, 1041, 774, 1246, 1362, 957, 649, 1109, 1335, 1232, 850, 1381, 1497, 1069, 806, 1318, 1613, 915, 983, 1219, 1052, 843, 981, 1153, 1191, 809, 1238, 1391, 1104, 892, 992, 1338, 1191, 1183, 1452, 1475, 1128, 964, 997, 1461, 1381, 1121, 1189, 1207, 866, 817, 882, 1284, 1327, 1016, 892, 912, 820, 738, 812, 1116, 1245, 757, 756, 733, 669, 729, 813, 1069, 1014, 790, 797, 897, 905, 789, 822, 1045, 962, 703, 697, 834, 800, 649, 698, 877, 890, 893, 1015, 1143, 859, 697, 880, 1184, 1228, 1073, 1208, 1182, 793, 704, 1089, 1238, 1168, 860, 1120, 1050, 804, 594, 961, 1192, 975, 720, 920, 990, 837, 606, 958, 1260, 1083, 727, 785, 852, 752, 552, 746, 893, 785, 592, 723, 776, 691, 574, 737, 736, 609, 777, 746, 748, 648, 580, 623, 631, 620, 738, 787, 742, 710, 561, 560, 776, 694, 590, 694, 745, 636, 562, 634, 810, 686, 609, 688, 661, 591, 563, 630, 714, 621, 502, 595, 568, 477, 446, 508, 570, 562, 410, 496, 549, 458, 437, 474, 508, 506, 429, 508, 476, 449, 489, 507, 535, 447, 483, 505, 453, 417, 453, 494, 406, 403, 432, 500, 415, 422, 489, 449, 428, 433]"
0.45727667212486267,-1.0635989904403687,-0.11192090809345245,-0.7520591020584106,-1.2195485830307007,0.01504245400428772,-1.013386845588684,-0.4404582977294922,0.7761955261230469,17.5,-0.4388847351074219,0.36520957946777344,19.75,-0.3946819305419922,0.6301403045654297,23.25,-0.3717937469482422,0.368499755859375,27.5,-0.3101387023925781,0.32973289489746094,27.75,"[518, 616, 619, 546, 533, 554, 622, 622, 498, 480, 615, 641, 628, 641, 525, 520, 615, 527, 545, 632, 642, 622, 535, 582, 563, 508, 524, 430, 466, 534, 508, 536, 457, 482, 496, 444, 471, 511, 499, 492, 473, 463, 486, 497, 499, 526, 479, 469, 426, 405, 440, 543, 506, 516, 495, 464, 567, 500, 442, 530, 545, 517, 485, 506, 511, 514, 499, 552, 584, 533, 446, 505, 514, 449, 474, 558, 479, 500, 535, 563, 622, 501, 483, 620, 615, 464, 575, 674, 459, 473, 534, 577, 529, 503, 528, 562, 562, 546, 469, 542, 572, 510, 439, 489, 591, 619, 573, 559, 626, 591, 517, 608, 586, 648, 538, 541, 656, 591, 512, 493, 544, 612, 597, 541, 568, 549, 531, 538, 493, 504, 505, 459, 438, 578, 569, 463, 496, 486, 523, 454, 457, 575, 502, 463, 613, 532, 473, 600, 634, 561, 529, 592, 651, 549, 513, 633, 676, 540, 515, 650, 489, 519, 534, 520, 614, 564, 522, 486, 520, 490, 416, 479, 521, 512, 561, 528, 506, 551, 514, 464, 509, 542, 522, 501, 585, 578, 512, 497, 535, 628, 583, 555, 509, 468, 513, 492, 508, 571, 561, 530, 546, 482, 535, 513, 464, 383, 449, 584, 598, 490, 584, 631, 585, 510, 615, 700, 553, 576, 660, 681, 608, 570, 523, 630, 587, 596, 633, 661, 591, 547, 533, 538, 562, 510, 485, 588, 567, 561, 526, 545, 650, 536, 494, 549, 602, 549, 526, 621, 630, 562, 506, 616, 609, 596, 554, 559, 521, 441, 489, 583, 480, 510, 479, 400, 808, 547, 631, 699, 598, 577, 605, 823, 3422, 1799, 3978, 3267, 1561, 1155, 4212, 5632, 6698, 5746, 11001, 7959, 3104, 3831, 11895, 14015, 5640, 7177, 11864, 7902, 2800, 5068, 13273, 14224, 2612, 4967, 6765, 4236, 1539, 3591, 7602, 7267, 1669, 3396, 4010, 2386, 1020, 2297, 4140, 3670, 1105, 1784, 2020, 1199, 736, 1279, 2193, 1977, 1732, 1855, 2598, 1803, 988, 1454, 3031, 3211, 3120, 3567, 5159, 3396, 1677, 2580, 5912, 6121, 4547, 5201, 8269, 5776, 2335, 3505, 8973, 9813, 3532, 7573, 10423, 6418, 2062, 4825, 11154, 10903, 2615, 8377, 8599, 4070, 1285, 4924, 8512, 6213, 3050, 6348, 5725, 2400, 1375, 3221, 4766, 2847, 1763, 2878, 2590, 1412, 882, 1474, 2070, 1511, 1378, 1734, 2188, 1516, 880, 1095, 2091, 2257, 1827, 2473, 3829, 2609, 1010, 1715, 3844, 4059, 2286, 2382, 3653, 2845, 1297, 1783, 3924, 4308, 3907, 5928, 4405, 1556, 2573, 2767, 3466, 2612, 6874, 14044, 12067, 3493, 4185, 5959, 8624, 4185, 5783, 12147, 10547, 3357, 3354, 6081, 8269, 4096, 2843, 8177, 8030, 3226, 1818, 4454, 6685, 4209, 1801, 6740, 7057, 3099, 1213, 3495, 5947, 4392, 1341, 2946, 2827, 1342, 1021, 2194, 3151, 2452, 920, 1679, 1682, 995, 842, 1479, 1817, 1413, 837, 1225, 1170, 840, 705, 982, 1271, 1056, 840, 1057, 914, 600, 710, 744, 820, 734, 1273, 1783, 1385, 636, 1046, 1042, 929, 777, 2250, 3122, 2316, 991, 1635, 1570, 1116, 925, 3202, 4091, 2933, 1532, 2149, 2018, 1272, 1583, 3465, 3887, 2704, 1968, 2388, 2195, 1438, 2049, 3339, 3616, 2792, 1690, 2391, 2992, 2236, 1689, 3655, 3751, 3415, 2623, 2329, 3563, 2909, 2123, 3301, 3610, 3926, 3131, 2114, 3373, 2840, 2351, 3588, 4373, 4369, 3139, 2509, 3368, 2802, 2584, 3267, 4360, 3915, 2314, 2439, 3031, 2490, 2284, 2462, 3923, 3286, 1599, 1907, 2178, 2155, 1464, 2129, 3501, 2933, 1339, 1353, 1567, 1687, 1078, 1555, 2414, 2027, 951, 1098, 1170, 1149, 850, 1113, 1577, 1453, 875, 883, 886, 964, 950, 785, 1025, 1100, 870, 636, 665, 802, 939, 807, 1184, 1252, 851, 737, 850, 957, 968, 919, 1247, 1167, 837, 809, 831, 1058, 998, 813, 1073, 1039, 784, 736, 726, 933, 939, 717, 880, 765, 660, 641, 768, 818, 697, 738, 729, 698, 728, 638, 761, 878, 757, 894, 855, 908, 970, 809, 771, 906, 942, 970, 848, 965, 1032, 892, 755, 855, 937, 817, 705, 749, 778, 685, 641, 771, 826, 714, 634, 604, 830, 751, 544, 660, 760, 761, 752, 709, 812, 717, 683, 829, 802, 787, 689, 630, 783, 753, 646, 735, 797, 759, 739, 667, 827, 812, 647, 690, 756, 802, 900, 728, 868, 973, 867, 702, 696, 676, 829, 782, 793, 887, 943, 737, 615, 905, 954, 868, 857, 913, 983, 737, 840, 815, 920, 839, 816, 897, 783, 666, 764, 856, 816, 807, 731, 817, 720, 750, 874, 991, 824, 796, 975, 985, 811, 874, 1043, 1140, 835, 684, 1026, 969, 889, 892, 1098, 893, 714, 659, 900, 802, 814, 834, 861, 962, 757, 726, 1008, 881, 752, 919, 1016, 806, 815, 901, 863, 713, 628, 927, 985, 731, 730, 837, 872, 718, 528, 703, 774, 608, 644, 769, 752, 637, 661, 703, 691, 678, 700, 662, 720, 616, 608, 741, 718, 828, 670, 645, 848, 774, 583, 779, 899, 887, 720, 704, 810, 724, 578, 623, 874, 847, 794, 816, 788, 692, 650, 598, 761, 761, 1054, 1095, 831, 665, 800, 994, 933, 950, 1351, 1586, 1173, 712, 966, 1430, 1401, 1501, 1702, 2273, 1693, 1045, 1275, 2255, 2354, 1783, 1705, 2653, 2143, 1203, 1244, 2564, 2901, 1651, 1358, 2262, 2066, 1181, 975, 1963, 2473, 1605, 1096, 1979, 2034, 1229, 966, 1698, 2215, 1743, 1125, 1940, 1954, 1199, 1100, 2035, 2460, 1284, 969, 1221, 1261, 963, 902, 1399, 1541, 1009, 1043, 1018, 850, 889, 929, 1248, 1280, 953, 1113, 1189, 893, 871, 883, 1223, 1168, 1108, 908, 986, 938, 1009, 895, 1216, 1317, 1111, 640, 807, 930, 938, 695, 1070, 1391, 1100, 780, 845, 893, 850, 606, 1059, 1298, 932, 872, 838, 766, 746, 795, 1063, 1134, 938, 833, 842, 792, 608, 744, 1049, 1126, 881, 715, 913, 886, 664, 657, 845, 1033, 763, 651, 826, 790, 641, 840, 887, 805, 612, 590, 679, 646, 593, 904, 954, 731, 646, 663, 717, 734, 583, 770, 929, 744, 753, 707, 768, 827, 646, 801, 922, 761, 617, 697, 779, 799, 563, 752, 843, 685, 582, 593, 609, 662, 548, 600, 696, 648, 683, 711, 589, 569, 558, 592, 651, 600, 598, 587, 430, 437, 436, 521, 535, 478, 520, 533, 459, 446, 471, 486, 509, 506, 469, 536, 522, 483, 516, 472, 449, 441, 453, 462, 505, 497, 546, 482, 411, 490]"
0.3825773000717163,-1.155199408531189,-0.14361926913261414,-0.8386745452880859,-1.1728664636611938,-0.0195951908826828,-0.9930405616760254,-0.4170888662338257,-0.5989551544189453,21.5,-0.25100648403167725,-0.1572132110595703,16.75,-0.2451413869857788,-0.2863883972167969,16.5,-0.21967828273773193,-0.07910728454589844,23.5,0.027084946632385254,-0.7545948028564453,15.5,"[548, 579, 598, 680, 743, 680, 598, 580, 497, 577, 604, 743, 731, 635, 619, 561, 585, 577, 508, 542, 606, 630, 591, 491, 542, 599, 536, 506, 499, 494, 507, 457, 545, 505, 426, 472, 508, 456, 477, 558, 537, 458, 469, 526, 521, 450, 414, 569, 567, 461, 472, 511, 542, 499, 511, 591, 491, 517, 571, 472, 477, 537, 586, 575, 396, 594, 634, 463, 418, 479, 445, 383, 518, 567, 587, 438, 475, 584, 521, 555, 529, 566, 560, 495, 483, 603, 573, 486, 549, 542, 565, 540, 474, 519, 523, 566, 518, 543, 469, 471, 528, 510, 529, 476, 529, 557, 524, 545, 497, 508, 547, 515, 621, 607, 586, 523, 563, 602, 556, 581, 491, 538, 602, 482, 498, 631, 572, 482, 513, 511, 485, 468, 498, 520, 479, 444, 536, 542, 531, 524, 573, 591, 527, 495, 567, 655, 517, 534, 574, 589, 517, 513, 528, 622, 566, 574, 551, 547, 640, 627, 568, 506, 493, 539, 562, 543, 589, 632, 521, 529, 549, 536, 541, 550, 584, 582, 529, 577, 471, 478, 537, 525, 507, 504, 528, 604, 647, 585, 569, 614, 657, 584, 513, 496, 520, 530, 579, 567, 530, 516, 541, 598, 607, 548, 535, 559, 557, 537, 548, 654, 560, 513, 586, 595, 523, 490, 495, 525, 522, 537, 556, 514, 466, 493, 515, 454, 433, 472, 517, 547, 570, 522, 530, 597, 552, 463, 570, 613, 490, 450, 593, 567, 547, 496, 572, 564, 417, 500, 554, 580, 513, 484, 580, 614, 550, 549, 630, 909, 813, 616, 631, 743, 740, 593, 1548, 3634, 3705, 1721, 1131, 2067, 2248, 1415, 2564, 7547, 8000, 3525, 1801, 3549, 4157, 2870, 2111, 6235, 6460, 2620, 1664, 2634, 3249, 2353, 1311, 3498, 3525, 1548, 1047, 1558, 2246, 1619, 986, 2048, 2277, 1437, 785, 1141, 1681, 1354, 924, 1770, 1888, 1166, 830, 1124, 1473, 1257, 1566, 4068, 4505, 2484, 1020, 2368, 3809, 3080, 1617, 5633, 6364, 3371, 1011, 3433, 5854, 4575, 1343, 4149, 4579, 2401, 902, 2528, 4122, 3207, 952, 1982, 2079, 1256, 770, 1160, 1770, 1439, 853, 1538, 1562, 945, 617, 989, 1339, 1018, 777, 1484, 1539, 897, 643, 928, 1311, 1132, 851, 1538, 1880, 1157, 703, 1198, 1789, 1647, 828, 1755, 2283, 1412, 563, 1310, 2366, 2256, 1017, 2097, 2266, 1352, 752, 1342, 2143, 1982, 1784, 3331, 3486, 1970, 1156, 1908, 2989, 2587, 5153, 10801, 11340, 5297, 3028, 5471, 9330, 7491, 7614, 17684, 18401, 8194, 4545, 8676, 14772, 11447, 6821, 17685, 17951, 7920, 3765, 9005, 14634, 10569, 6818, 18075, 17516, 7275, 3153, 9248, 14917, 9960, 5286, 12494, 11401, 4390, 2283, 6775, 10378, 6452, 3227, 6501, 5792, 2307, 1419, 3795, 5428, 3328, 2039, 4483, 4154, 1716, 1047, 2565, 3820, 2528, 1263, 2431, 2170, 956, 717, 1391, 1882, 1314, 954, 1399, 1176, 743, 831, 1073, 1151, 820, 1006, 1533, 1515, 998, 1209, 1400, 1155, 829, 1742, 2762, 2374, 1245, 2103, 2288, 1435, 1018, 3953, 5193, 3502, 2382, 4855, 4422, 2202, 2002, 5492, 6449, 5573, 3520, 6523, 7179, 4148, 3324, 4592, 5261, 5795, 3160, 4669, 6642, 4284, 3027, 2634, 3052, 3747, 2468, 2287, 3230, 2395, 2057, 2190, 3942, 3722, 1856, 1917, 2313, 1852, 1600, 4621, 7341, 6074, 2209, 2977, 3518, 3143, 1987, 5356, 8964, 7136, 1888, 3263, 3537, 3720, 1694, 3960, 6640, 5052, 1255, 2399, 2381, 3018, 1222, 1957, 3019, 2297, 986, 1388, 1568, 1615, 930, 1290, 1985, 1749, 936, 1010, 1263, 1161, 808, 1139, 1701, 1604, 971, 945, 1158, 1054, 704, 1784, 2737, 2004, 798, 1251, 1298, 1294, 692, 2618, 4114, 2993, 676, 1750, 1645, 1638, 713, 2111, 3299, 2494, 871, 1568, 1473, 1487, 930, 1290, 1647, 1215, 835, 1040, 1068, 920, 746, 1006, 1191, 1047, 810, 925, 890, 771, 760, 936, 967, 831, 604, 732, 760, 729, 851, 857, 826, 744, 659, 704, 723, 718, 833, 902, 928, 885, 666, 821, 935, 749, 744, 862, 1094, 931, 679, 915, 982, 799, 691, 789, 1043, 1011, 807, 825, 819, 810, 749, 883, 1002, 863, 896, 933, 908, 795, 730, 857, 1002, 792, 777, 839, 910, 841, 743, 865, 800, 594, 629, 728, 777, 726, 712, 892, 844, 645, 714, 734, 816, 715, 731, 899, 827, 776, 806, 750, 783, 734, 852, 815, 709, 778, 808, 802, 745, 604, 788, 762, 773, 848, 857, 854, 800, 671, 707, 757, 764, 676, 789, 751, 696, 632, 683, 728, 686, 753, 796, 679, 650, 710, 777, 630, 661, 764, 681, 675, 728, 735, 664, 595, 697, 736, 650, 657, 716, 681, 615, 676, 763, 697, 757, 751, 729, 881, 786, 981, 1018, 710, 978, 862, 906, 1203, 959, 822, 879, 842, 1005, 799, 843, 1174, 963, 714, 635, 744, 827, 632, 563, 725, 776, 840, 630, 668, 761, 671, 557, 753, 984, 801, 720, 823, 768, 713, 651, 756, 881, 717, 835, 861, 706, 658, 761, 697, 725, 704, 773, 861, 756, 678, 699, 768, 826, 677, 820, 866, 660, 597, 596, 725, 689, 934, 1100, 1002, 715, 770, 826, 981, 815, 1141, 1190, 959, 847, 880, 992, 1115, 1060, 1147, 1057, 895, 818, 887, 1041, 1067, 1121, 1233, 1168, 982, 909, 936, 1069, 1049, 1199, 1420, 1426, 1494, 1361, 1054, 1146, 1520, 1735, 1423, 1634, 1744, 1520, 1117, 1274, 1795, 1753, 1182, 1623, 1864, 1413, 953, 1347, 2060, 1850, 1007, 1543, 1665, 1173, 815, 1245, 1764, 1483, 1196, 1255, 1244, 975, 924, 1027, 1263, 1298, 1125, 1193, 1278, 963, 874, 1071, 1554, 1624, 851, 1257, 1219, 947, 814, 1111, 1616, 1388, 1151, 1271, 1072, 1171, 916, 1117, 1568, 1155, 1443, 1333, 1239, 1444, 1142, 1215, 1407, 1396, 1282, 1290, 1216, 1194, 979, 1097, 1364, 1226, 895, 1004, 969, 741, 615, 845, 1112, 967, 852, 685, 859, 865, 646, 721, 931, 930, 1132, 852, 1010, 1030, 865, 784, 943, 1167, 1161, 883, 1026, 1080, 860, 861, 953, 1284, 1109, 845, 920, 952, 760, 781, 852, 1123, 831, 743, 710, 667, 583, 694, 618, 754, 868, 881, 836, 755, 656, 645, 647, 725, 828, 828, 895, 827, 612, 637, 761, 809, 675, 642, 771, 774, 591, 626, 811, 793, 550, 584, 720, 614, 454, 562, 667, 621, 470, 475, 463, 425, 412, 470, 495, 498, 460, 511, 588, 477, 476, 499, 565, 563, 446, 538, 567, 384, 395, 461, 520, 463]"
0.29374462366104126,-1.2724860906600952,-0.1455787867307663,-0.9379786252975464,0.0,0.0,0.0,-0.3421182632446289,-0.6999492645263672,18.0,-0.3020639419555664,-0.7783412933349609,21.0,-0.24613094329833984,-0.5298614501953125,18.75,-0.2333993911743164,-0.44617652893066406,19.25,-0.22066783905029297,-0.49610137939453125,20.75,"[504, 622, 573, 590, 662, 583, 571, 624, 469, 566, 572, 548, 576, 587, 554, 505, 478, 537, 528, 485, 472, 587, 553, 488, 534, 516, 524, 469, 437, 435, 475, 518, 547, 550, 529, 446, 423, 520, 511, 446, 496, 517, 621, 538, 511, 505, 483, 491, 487, 510, 532, 558, 507, 485, 492, 465, 558, 485, 472, 542, 523, 502, 521, 557, 584, 581, 475, 529, 628, 575, 514, 543, 607, 613, 590, 684, 666, 532, 567, 585, 572, 577, 497, 597, 629, 577, 538, 524, 577, 573, 518, 600, 515, 590, 672, 553, 568, 561, 559, 577, 561, 564, 582, 536, 581, 579, 483, 487, 625, 560, 507, 501, 549, 578, 613, 550, 537, 570, 528, 521, 453, 531, 664, 642, 574, 505, 489, 530, 509, 501, 550, 553, 454, 504, 528, 476, 586, 523, 576, 599, 538, 638, 589, 526, 596, 526, 506, 581, 572, 614, 543, 487, 586, 548, 576, 660, 656, 636, 492, 454, 462, 516, 599, 575, 578, 534, 441, 443, 543, 508, 529, 525, 587, 533, 432, 465, 491, 576, 483, 472, 535, 495, 470, 490, 509, 605, 638, 548, 469, 495, 569, 533, 470, 500, 605, 598, 479, 467, 594, 564, 458, 530, 608, 579, 456, 532, 577, 511, 528, 520, 569, 565, 434, 493, 581, 578, 665, 516, 452, 533, 512, 553, 534, 557, 618, 509, 524, 525, 492, 584, 543, 559, 572, 522, 548, 528, 595, 606, 465, 572, 601, 583, 551, 519, 514, 513, 567, 596, 673, 605, 500, 531, 618, 607, 567, 539, 678, 614, 581, 539, 575, 601, 602, 582, 575, 616, 803, 726, 531, 505, 582, 629, 704, 1841, 2409, 1591, 688, 1339, 1032, 773, 872, 3728, 4910, 2917, 814, 2408, 1751, 1368, 705, 3177, 4270, 2612, 737, 1965, 1583, 1403, 1118, 2388, 2472, 1276, 869, 1501, 1570, 986, 2246, 5206, 4832, 1798, 1571, 2749, 3651, 1985, 3005, 7799, 7587, 3068, 1935, 3880, 5366, 3149, 1828, 5645, 5931, 2760, 1116, 2760, 4024, 2779, 1027, 3149, 3386, 1735, 651, 1594, 2404, 1759, 836, 2043, 2210, 1227, 616, 1131, 1586, 1155, 932, 2074, 2137, 1219, 676, 1273, 1742, 1293, 1019, 2252, 2166, 1076, 664, 1360, 2019, 1405, 1003, 1952, 1737, 751, 610, 1132, 1629, 1143, 2580, 4332, 3268, 879, 1742, 2017, 2376, 1182, 10242, 16313, 11787, 1954, 6151, 6275, 7695, 1877, 17546, 28029, 20182, 3175, 10197, 10640, 13435, 3220, 12093, 20868, 15973, 3085, 7128, 7783, 10135, 3293, 3678, 8434, 7796, 2767, 2783, 3936, 4666, 2773, 2423, 4813, 4494, 1877, 1939, 2971, 3446, 1999, 1654, 2898, 2520, 1079, 1135, 1522, 1860, 1045, 1022, 1697, 1498, 919, 930, 968, 1012, 697, 933, 1256, 1156, 897, 899, 975, 917, 666, 1775, 2578, 2004, 1319, 2084, 2207, 1466, 704, 2262, 3294, 2596, 1693, 2906, 2917, 1713, 686, 1368, 1964, 1625, 1095, 1621, 1638, 1026, 634, 1552, 2144, 1891, 1348, 1612, 1714, 1187, 970, 2612, 3617, 2978, 1823, 2594, 2590, 1653, 1386, 2601, 3357, 2524, 1475, 2117, 1990, 1514, 1199, 2561, 3466, 2502, 1203, 1886, 1893, 1634, 1088, 3085, 4092, 2888, 1507, 2104, 1940, 1643, 1349, 2745, 3644, 2637, 1359, 1981, 1751, 1263, 1186, 1962, 2648, 1926, 937, 1490, 1253, 1082, 896, 1282, 1735, 1310, 704, 1116, 1027, 952, 693, 1146, 1491, 1113, 712, 1057, 982, 817, 782, 991, 1233, 981, 635, 883, 923, 708, 666, 1071, 1419, 1164, 629, 980, 1124, 840, 683, 1263, 1584, 1191, 763, 1169, 1063, 783, 721, 901, 1065, 808, 578, 797, 765, 582, 572, 724, 742, 730, 583, 509, 670, 758, 648, 835, 861, 712, 852, 1090, 949, 750, 734, 1247, 1412, 863, 1414, 2011, 1612, 828, 880, 1201, 1395, 828, 1334, 1922, 1562, 822, 886, 793, 922, 705, 821, 1012, 931, 663, 696, 724, 745, 720, 730, 803, 770, 619, 638, 972, 967, 706, 873, 1065, 970, 647, 694, 921, 999, 713, 867, 1053, 946, 698, 634, 721, 900, 911, 845, 808, 749, 770, 644, 697, 916, 780, 724, 805, 737, 693, 644, 832, 1027, 917, 857, 924, 892, 694, 661, 761, 890, 829, 786, 893, 873, 729, 639, 711, 748, 674, 607, 606, 752, 752, 680, 710, 742, 688, 629, 588, 680, 712, 671, 764, 814, 735, 677, 719, 887, 833, 647, 893, 898, 803, 698, 734, 933, 939, 754, 778, 856, 724, 682, 715, 755, 760, 735, 674, 729, 692, 629, 619, 599, 615, 659, 711, 711, 658, 674, 632, 589, 545, 635, 678, 775, 704, 672, 643, 657, 596, 546, 597, 726, 776, 648, 549, 704, 709, 551, 582, 772, 780, 704, 695, 802, 729, 590, 616, 683, 782, 690, 740, 745, 647, 610, 851, 834, 736, 731, 739, 861, 890, 792, 997, 945, 686, 837, 902, 934, 937, 837, 767, 868, 725, 823, 842, 902, 901, 688, 669, 814, 794, 712, 648, 676, 675, 598, 789, 777, 645, 617, 629, 676, 651, 658, 668, 747, 635, 598, 715, 801, 696, 621, 884, 891, 736, 726, 858, 894, 854, 758, 914, 1016, 794, 762, 879, 918, 927, 873, 833, 977, 777, 682, 820, 848, 896, 772, 986, 1116, 854, 717, 943, 967, 1008, 876, 978, 1074, 852, 744, 972, 1092, 1006, 877, 1232, 1439, 1304, 1129, 1278, 1789, 1969, 1443, 1299, 2257, 2170, 1531, 1402, 2438, 3510, 2729, 1350, 1969, 2216, 1565, 1155, 2109, 3479, 3133, 1105, 1241, 1565, 1394, 724, 1373, 2401, 2256, 1409, 1442, 1500, 1479, 958, 1309, 1975, 1741, 1343, 1606, 1606, 1393, 955, 1436, 1839, 1540, 1389, 1465, 1431, 1400, 969, 1397, 1612, 1400, 1455, 1186, 1044, 1292, 947, 1162, 1430, 1280, 1362, 1067, 1106, 1252, 888, 1173, 1420, 1428, 906, 862, 1127, 969, 850, 1286, 1459, 1369, 703, 1139, 1216, 882, 799, 1302, 1520, 1187, 1129, 1330, 1259, 1053, 928, 1384, 1597, 1312, 1076, 1279, 1062, 837, 827, 1352, 1597, 1207, 1156, 1261, 811, 749, 833, 1049, 1210, 853, 1078, 1014, 801, 870, 682, 888, 1011, 886, 961, 996, 1057, 1039, 778, 852, 1102, 1054, 947, 811, 818, 898, 739, 823, 938, 843, 778, 612, 665, 636, 563, 680, 672, 701, 726, 607, 799, 757, 501, 568, 692, 790, 665, 562, 768, 715, 500, 542, 794, 839, 526, 625, 756, 647, 459, 522, 713, 687, 411, 398, 544, 542, 407, 482, 593, 525, 523, 501, 485, 508, 438, 469, 532, 521]"
0.19994676113128662,-1.2724860906600952,-0.1455787867307663,-0.9379786252975464,0.0,0.0,0.0,-0.2772064208984375,-0.33588409423828125,17.75,-0.18937301635742188,-0.30112266540527344,21.75,-0.1417369842529297,-0.2612113952636719,22.25,1.742532730102539,1.6004562377929688,18.5,1.9881515502929688,0.9866237640380859,19.5,"[760, 704, 570, 615, 769, 615, 573, 706, 595, 623, 512, 612, 681, 575, 601, 608, 456, 473, 529, 593, 554, 524, 519, 492, 579, 449, 494, 550, 529, 504, 534, 554, 571, 451, 415, 453, 512, 578, 489, 509, 603, 475, 419, 493, 569, 485, 514, 627, 573, 540, 529, 531, 600, 489, 503, 543, 451, 445, 573, 564, 481, 527, 523, 462, 507, 459, 537, 519, 470, 517, 539, 523, 536, 476, 548, 584, 503, 523, 532, 535, 589, 471, 476, 577, 495, 466, 515, 542, 617, 523, 512, 605, 532, 501, 567, 572, 502, 534, 515, 476, 406, 508, 566, 499, 540, 568, 541, 570, 458, 506, 587, 531, 519, 560, 555, 563, 516, 510, 492, 486, 511, 630, 633, 539, 638, 643, 554, 468, 497, 566, 494, 496, 614, 622, 453, 455, 535, 548, 574, 561, 577, 514, 517, 574, 526, 623, 653, 534, 518, 480, 566, 612, 639, 607, 641, 594, 459, 445, 578, 627, 551, 559, 576, 595, 541, 505, 500, 473, 521, 540, 567, 636, 684, 576, 495, 490, 541, 574, 568, 652, 671, 590, 605, 562, 534, 505, 543, 587, 568, 537, 627, 636, 571, 657, 504, 510, 612, 514, 524, 507, 642, 610, 544, 519, 616, 569, 487, 539, 606, 644, 624, 568, 575, 639, 608, 588, 682, 658, 516, 564, 646, 678, 573, 576, 557, 498, 486, 494, 532, 559, 532, 554, 500, 478, 512, 516, 497, 485, 594, 568, 581, 556, 459, 469, 543, 546, 536, 523, 633, 532, 413, 440, 607, 650, 541, 589, 485, 496, 488, 515, 551, 580, 551, 492, 727, 895, 842, 813, 871, 823, 647, 626, 1589, 2680, 2325, 1202, 2126, 2201, 1057, 652, 2186, 3961, 3372, 1169, 2792, 2979, 1396, 705, 2446, 4504, 3918, 1420, 2460, 2794, 1915, 1010, 3264, 6899, 6647, 2612, 2764, 3892, 3246, 1920, 3078, 6947, 7006, 2885, 2602, 3820, 3148, 2060, 1740, 3511, 3517, 1656, 1385, 1906, 1624, 1177, 1013, 1969, 1921, 1002, 1030, 1233, 849, 612, 1258, 2294, 2086, 915, 1081, 1264, 1275, 861, 1442, 2536, 2228, 1037, 1261, 1483, 1469, 926, 2530, 4593, 3909, 975, 2645, 3074, 1997, 901, 5402, 10071, 8518, 1687, 5007, 5897, 3356, 1023, 4967, 8823, 7383, 1665, 4490, 5269, 2953, 1124, 2172, 3993, 3675, 1569, 2002, 2299, 1581, 1388, 876, 1790, 2154, 1464, 888, 1229, 1846, 1747, 688, 2052, 2318, 1439, 739, 1629, 2574, 2158, 898, 2499, 2558, 1333, 884, 1826, 2418, 1847, 934, 2297, 2410, 1219, 1070, 1540, 1726, 1370, 891, 1758, 1687, 878, 1031, 1282, 1201, 907, 1115, 1605, 1467, 937, 1179, 1293, 945, 792, 2213, 3365, 2913, 1911, 2687, 2579, 1400, 1198, 2985, 4497, 3410, 2243, 3656, 3333, 1554, 1241, 2770, 3627, 2601, 2035, 3207, 2753, 1405, 1336, 3318, 4055, 2886, 2598, 3877, 3162, 1734, 1763, 3491, 4587, 3520, 2795, 3856, 3358, 1964, 1553, 2504, 3491, 2690, 1953, 2561, 2356, 1612, 1075, 1339, 2045, 1776, 1052, 1247, 1467, 1125, 746, 1071, 1805, 1680, 859, 1114, 1365, 939, 606, 1018, 1775, 1681, 880, 1156, 1305, 898, 676, 1128, 1663, 1463, 724, 1070, 1146, 865, 731, 1096, 1564, 1396, 816, 1184, 1167, 746, 685, 828, 1178, 1067, 673, 887, 903, 660, 543, 592, 828, 880, 640, 618, 683, 667, 559, 642, 697, 681, 641, 631, 666, 698, 605, 624, 751, 699, 680, 624, 637, 601, 582, 606, 644, 749, 648, 630, 560, 572, 655, 632, 644, 708, 661, 563, 610, 532, 651, 523, 622, 623, 535, 627, 639, 651, 542, 566, 667, 711, 663, 679, 729, 738, 616, 629, 749, 808, 761, 751, 808, 725, 664, 770, 823, 805, 786, 812, 790, 656, 582, 714, 762, 611, 748, 817, 711, 582, 632, 776, 946, 761, 782, 834, 861, 716, 609, 834, 1038, 877, 733, 1025, 1020, 652, 542, 906, 1010, 803, 791, 1005, 1027, 713, 611, 694, 763, 718, 778, 779, 768, 639, 557, 586, 636, 737, 755, 662, 678, 709, 694, 576, 614, 610, 621, 638, 623, 623, 609, 625, 680, 613, 551, 619, 695, 598, 490, 589, 698, 688, 633, 614, 606, 617, 560, 833, 988, 804, 677, 808, 892, 792, 639, 1062, 1011, 734, 787, 901, 1025, 878, 711, 720, 734, 848, 849, 796, 827, 822, 764, 1054, 1108, 1070, 1055, 1004, 1198, 1167, 757, 888, 925, 764, 867, 940, 904, 806, 758, 681, 689, 690, 711, 760, 861, 788, 604, 714, 840, 811, 601, 646, 963, 844, 581, 619, 870, 909, 680, 674, 884, 784, 608, 622, 763, 752, 655, 678, 690, 681, 529, 481, 527, 557, 574, 569, 484, 497, 518, 568, 515, 540, 545, 555, 563, 553, 622, 641, 668, 579, 548, 594, 612, 633, 611, 716, 729, 590, 593, 676, 670, 707, 695, 703, 730, 615, 552, 633, 732, 826, 782, 736, 755, 726, 660, 705, 829, 804, 762, 632, 543, 641, 795, 645, 621, 729, 717, 560, 595, 689, 731, 655, 575, 693, 687, 626, 600, 631, 608, 592, 542, 582, 597, 646, 704, 758, 647, 601, 619, 537, 560, 663, 849, 825, 572, 532, 740, 666, 512, 573, 902, 873, 595, 678, 854, 821, 570, 699, 951, 846, 668, 789, 920, 877, 644, 1016, 1935, 1967, 1306, 1056, 1527, 2032, 1488, 1541, 4112, 4258, 2391, 1718, 3959, 5763, 4324, 1681, 4681, 5086, 3010, 2151, 4525, 6592, 5146, 1194, 2789, 2860, 1772, 1554, 2619, 3480, 2638, 872, 1681, 1510, 750, 908, 1702, 2304, 1650, 759, 1386, 1480, 930, 711, 1501, 2147, 1617, 796, 1233, 1358, 1014, 648, 1048, 1515, 1261, 657, 937, 1246, 983, 686, 727, 1126, 1168, 709, 933, 1421, 1178, 880, 937, 1235, 1249, 677, 838, 950, 876, 792, 953, 1091, 980, 744, 811, 810, 684, 740, 919, 862, 791, 782, 908, 847, 757, 798, 774, 907, 798, 954, 849, 775, 941, 769, 685, 869, 857, 837, 867, 824, 839, 692, 868, 1008, 849, 736, 897, 799, 770, 593, 900, 958, 606, 602, 686, 647, 566, 537, 792, 807, 584, 540, 628, 649, 542, 508, 673, 681, 551, 637, 606, 609, 556, 644, 721, 631, 559, 673, 648, 559, 706, 607, 583, 619, 588, 493, 520, 498, 581, 469, 428, 479, 423, 503, 520, 566, 615, 534, 526, 565, 491, 443, 545, 513, 467, 550, 533, 495, 454, 463, 423, 423, 476, 387, 433, 496, 422]"
-0.6310212016105652,-0.7550461292266846,-0.2807750999927521,-1.6945677995681763,0.4710337221622467,-0.12728238105773926,-0.6451494097709656,-0.08798491954803467,-0.5886554718017578,18.75,-0.0698174238204956,-0.5384445190429688,17.0,-0.06895911693572998,-0.14891624450683594,16.75,-0.03734481334686279,-0.5175590515136719,15.5,-0.03248107433319092,-0.19083023071289062,16.75,"[621, 654, 697, 636, 548, 640, 700, 651, 606, 541, 554, 633, 567, 629, 610, 616, 563, 505, 537, 533, 531, 624, 601, 581, 514, 517, 521, 522, 559, 550, 562, 576, 513, 488, 540, 596, 514, 443, 490, 535, 459, 459, 480, 550, 565, 480, 495, 515, 509, 473, 526, 567, 559, 489, 524, 542, 452, 483, 537, 571, 525, 494, 550, 496, 501, 546, 605, 547, 513, 486, 496, 522, 628, 651, 613, 565, 530, 554, 637, 614, 605, 519, 504, 583, 605, 539, 554, 597, 548, 448, 451, 545, 512, 490, 457, 545, 476, 436, 495, 533, 502, 466, 514, 518, 505, 533, 511, 503, 532, 494, 428, 420, 544, 544, 476, 523, 550, 519, 405, 430, 627, 566, 571, 647, 617, 634, 605, 555, 570, 563, 579, 600, 546, 538, 521, 559, 462, 441, 510, 529, 452, 496, 586, 543, 572, 519, 485, 538, 439, 493, 606, 597, 623, 555, 505, 528, 505, 596, 596, 614, 616, 586, 523, 594, 637, 581, 550, 609, 518, 464, 477, 497, 597, 576, 537, 492, 538, 555, 528, 565, 554, 527, 532, 498, 514, 505, 523, 539, 529, 518, 505, 528, 493, 558, 557, 522, 569, 610, 564, 495, 530, 506, 536, 577, 572, 535, 559, 585, 566, 551, 527, 566, 580, 496, 522, 595, 583, 543, 563, 554, 550, 573, 566, 597, 625, 541, 524, 457, 524, 515, 569, 639, 632, 579, 544, 554, 576, 617, 635, 676, 566, 751, 784, 638, 641, 752, 884, 785, 872, 1925, 2334, 1298, 1001, 2009, 1873, 1156, 959, 2704, 3642, 2112, 1226, 3153, 2925, 1623, 877, 2446, 3589, 2336, 1281, 3742, 3826, 1983, 1283, 2771, 3833, 2667, 1537, 4429, 4804, 2543, 1176, 2320, 2950, 2159, 1335, 3204, 3569, 2010, 830, 1061, 1168, 974, 998, 1428, 1710, 1158, 613, 1189, 1289, 794, 847, 1244, 988, 731, 833, 1908, 2138, 1089, 913, 1501, 1208, 844, 1071, 2344, 2398, 1354, 1535, 2095, 1463, 855, 1137, 2502, 2631, 1204, 1745, 2374, 1560, 768, 902, 1620, 1715, 963, 1153, 1595, 1215, 788, 910, 1437, 1457, 908, 878, 1067, 997, 783, 816, 1148, 1125, 817, 890, 996, 846, 731, 650, 770, 702, 541, 710, 625, 565, 630, 634, 720, 696, 678, 540, 604, 741, 633, 633, 689, 713, 680, 649, 619, 703, 637, 593, 616, 597, 614, 684, 599, 618, 596, 501, 631, 733, 674, 589, 619, 644, 615, 695, 820, 724, 742, 796, 701, 626, 599, 828, 969, 809, 664, 923, 893, 611, 623, 844, 830, 686, 611, 816, 833, 674, 710, 822, 924, 841, 707, 732, 757, 629, 674, 1022, 1503, 1327, 976, 1137, 1068, 850, 791, 1576, 2002, 1520, 1567, 1879, 1521, 1001, 1003, 2172, 2441, 1681, 1950, 2398, 1779, 1247, 1171, 2077, 2048, 1419, 1868, 2094, 1610, 1268, 1256, 1516, 1243, 961, 1414, 1476, 1243, 938, 977, 1426, 1326, 844, 1074, 1347, 1193, 786, 850, 1185, 1233, 815, 1068, 1345, 1051, 738, 775, 661, 768, 800, 829, 874, 732, 745, 652, 684, 735, 741, 762, 805, 683, 679, 667, 730, 711, 744, 877, 985, 776, 602, 684, 613, 592, 635, 712, 809, 816, 659, 613, 599, 673, 634, 608, 622, 609, 620, 565, 535, 609, 585, 612, 659, 582, 625, 599, 639, 595, 557, 550, 662, 657, 543, 575, 660, 667, 554, 560, 677, 686, 554, 604, 548, 585, 617, 576, 670, 704, 544, 552, 546, 633, 736, 619, 597, 607, 535, 542, 568, 680, 785, 661, 586, 626, 547, 535, 578, 651, 655, 605, 530, 552, 563, 489, 587, 652, 634, 636, 544, 556, 612, 604, 625, 642, 611, 658, 605, 582, 642, 637, 589, 618, 657, 623, 545, 568, 700, 621, 537, 558, 630, 637, 649, 582, 590, 595, 548, 686, 669, 632, 642, 653, 647, 481, 622, 723, 673, 643, 693, 671, 692, 509, 613, 632, 542, 619, 684, 660, 679, 608, 643, 758, 616, 578, 792, 738, 611, 606, 641, 635, 672, 672, 700, 569, 611, 713, 589, 567, 546, 536, 596, 580, 646, 667, 576, 621, 638, 561, 586, 574, 724, 740, 591, 589, 648, 611, 589, 637, 695, 716, 661, 561, 613, 640, 673, 643, 724, 786, 654, 630, 658, 705, 683, 643, 679, 739, 601, 741, 722, 663, 683, 711, 608, 565, 689, 696, 678, 589, 613, 644, 519, 570, 677, 694, 681, 637, 661, 706, 585, 604, 610, 631, 664, 698, 762, 697, 696, 673, 579, 494, 593, 628, 585, 570, 562, 581, 669, 575, 541, 641, 587, 534, 593, 709, 595, 596, 613, 634, 560, 506, 606, 642, 634, 547, 634, 682, 548, 539, 631, 649, 582, 596, 567, 502, 538, 574, 541, 563, 535, 620, 633, 574, 514, 540, 604, 554, 503, 548, 664, 613, 586, 644, 629, 608, 506, 571, 662, 663, 556, 572, 586, 540, 630, 549, 587, 684, 568, 479, 569, 597, 655, 564, 522, 626, 680, 518, 563, 662, 592, 690, 609, 700, 698, 536, 622, 617, 573, 677, 599, 616, 531, 585, 673, 550, 598, 691, 726, 666, 581, 648, 711, 673, 775, 732, 840, 888, 765, 653, 733, 789, 766, 746, 711, 781, 718, 673, 630, 669, 688, 738, 739, 787, 771, 700, 685, 693, 725, 641, 836, 907, 810, 719, 869, 912, 887, 788, 976, 1245, 1085, 862, 1255, 1293, 1357, 1602, 1764, 2298, 2017, 1377, 1974, 2221, 1584, 1967, 2106, 2762, 2464, 1601, 2075, 2413, 1373, 1374, 1614, 1905, 1670, 1311, 1559, 1470, 933, 932, 1292, 1117, 841, 962, 1148, 1125, 810, 695, 1086, 1041, 758, 727, 953, 1048, 724, 596, 823, 839, 671, 796, 790, 746, 632, 767, 783, 704, 644, 775, 723, 586, 756, 1014, 909, 698, 775, 749, 688, 728, 634, 851, 856, 737, 681, 590, 714, 722, 601, 596, 720, 787, 654, 537, 707, 744, 690, 605, 577, 685, 662, 475, 562, 645, 679, 655, 595, 691, 763, 620, 575, 618, 592, 631, 587, 541, 586, 538, 571, 596, 607, 618, 588, 569, 552, 499, 595, 611, 567, 583, 600, 515, 458, 532, 635, 614, 546, 533, 488, 550, 506, 498, 555, 558, 464, 463, 410, 471, 469, 443, 480, 433, 418, 487, 565, 530, 514, 510, 589, 512, 507, 436, 524, 578, 536, 551, 517, 521, 485, 532, 549, 543, 552, 571, 542, 501]"
-0.7385889291763306,-0.5440332293510437,-0.29196417331695557,-1.6757125854492188,0.6719450950622559,-0.07087932527065277,-0.5979957580566406,-0.060904741287231445,-0.5262851715087891,15.5,-0.060332536697387695,-0.3757953643798828,15.0,-0.04102063179016113,-0.3035545349121094,16.5,-0.02456974983215332,-0.4932403564453125,17.0,0.9364478588104248,-0.7939338684082031,16.75,"[583, 652, 595, 596, 653, 593, 598, 652, 608, 654, 575, 624, 650, 570, 591, 593, 488, 553, 531, 519, 519, 552, 541, 459, 513, 507, 433, 484, 526, 488, 477, 461, 497, 489, 461, 504, 546, 461, 456, 508, 439, 380, 440, 557, 535, 482, 509, 496, 480, 470, 540, 557, 534, 536, 545, 468, 469, 425, 459, 592, 505, 493, 524, 567, 486, 524, 437, 550, 546, 484, 596, 498, 471, 483, 425, 576, 636, 521, 544, 480, 484, 508, 534, 527, 590, 606, 525, 489, 558, 551, 523, 517, 577, 554, 458, 547, 501, 523, 516, 531, 622, 536, 507, 564, 501, 552, 559, 505, 518, 502, 505, 511, 493, 494, 516, 564, 533, 564, 559, 471, 506, 509, 571, 623, 594, 593, 587, 550, 570, 543, 564, 645, 598, 556, 615, 619, 579, 500, 563, 612, 536, 521, 559, 621, 574, 564, 530, 526, 469, 514, 533, 569, 594, 566, 431, 458, 543, 577, 527, 516, 502, 443, 470, 513, 501, 470, 496, 547, 555, 555, 565, 499, 615, 689, 570, 528, 543, 684, 644, 565, 613, 628, 697, 605, 415, 548, 571, 557, 457, 463, 550, 484, 542, 520, 611, 620, 543, 518, 468, 552, 695, 536, 510, 557, 598, 535, 533, 685, 554, 615, 550, 497, 585, 603, 679, 645, 563, 622, 652, 542, 658, 734, 629, 538, 521, 545, 528, 461, 547, 670, 601, 498, 491, 544, 528, 423, 423, 543, 569, 530, 491, 564, 617, 604, 457, 573, 606, 507, 544, 983, 1353, 1149, 675, 1204, 1401, 981, 823, 2432, 3232, 2147, 1053, 3089, 3423, 1926, 1292, 3130, 3903, 2417, 1393, 3895, 4191, 2286, 1207, 2041, 2339, 1510, 1314, 2518, 2488, 1533, 1021, 1153, 1045, 915, 1306, 1665, 1504, 1027, 974, 1285, 1261, 866, 1094, 1555, 1364, 932, 799, 1132, 1462, 1190, 806, 1093, 1170, 1028, 819, 1011, 1373, 1255, 828, 833, 1058, 1036, 671, 1229, 1384, 930, 824, 1085, 1164, 843, 797, 1321, 1401, 1020, 856, 1204, 1227, 891, 916, 1224, 1187, 1138, 883, 950, 1012, 778, 813, 996, 972, 857, 717, 815, 963, 709, 771, 906, 1033, 850, 724, 1053, 1061, 806, 722, 841, 1028, 827, 771, 868, 799, 805, 713, 1175, 1200, 757, 812, 1110, 1019, 756, 682, 1496, 1705, 905, 837, 1538, 1416, 776, 651, 1056, 1152, 771, 698, 1208, 1099, 601, 618, 696, 710, 625, 587, 734, 728, 591, 570, 750, 792, 613, 533, 660, 617, 595, 565, 575, 736, 631, 545, 574, 627, 719, 511, 563, 533, 585, 663, 610, 597, 584, 575, 755, 693, 565, 898, 962, 709, 571, 672, 892, 843, 620, 902, 942, 703, 549, 628, 730, 612, 638, 746, 716, 596, 576, 1215, 1314, 885, 1173, 1424, 1023, 685, 704, 3372, 3582, 2226, 3539, 4327, 2894, 1458, 1911, 4837, 5061, 2971, 5457, 6727, 4093, 2099, 2836, 3060, 3288, 1890, 3611, 4583, 2705, 1751, 2048, 1070, 1178, 1203, 1450, 1386, 1119, 1323, 1036, 1025, 1064, 1481, 1735, 1377, 1477, 1516, 1171, 840, 1135, 1430, 1150, 1268, 1519, 1281, 947, 616, 791, 922, 808, 834, 896, 852, 739, 607, 955, 909, 645, 764, 788, 752, 679, 572, 683, 679, 639, 699, 739, 604, 560, 689, 694, 684, 598, 672, 725, 576, 606, 691, 751, 694, 646, 753, 722, 549, 573, 627, 620, 558, 549, 655, 656, 565, 500, 578, 567, 550, 565, 577, 568, 571, 569, 611, 658, 646, 632, 572, 601, 697, 618, 545, 536, 639, 707, 685, 637, 626, 582, 661, 675, 611, 651, 765, 666, 585, 641, 704, 667, 584, 680, 732, 707, 684, 661, 722, 672, 655, 682, 645, 608, 639, 735, 696, 716, 670, 634, 545, 646, 636, 653, 625, 672, 634, 576, 597, 637, 638, 591, 620, 686, 626, 615, 618, 637, 647, 536, 633, 599, 602, 666, 689, 590, 597, 657, 695, 664, 677, 633, 694, 543, 602, 712, 638, 638, 723, 761, 788, 665, 634, 700, 588, 609, 661, 713, 681, 617, 481, 577, 715, 692, 745, 777, 731, 766, 654, 647, 656, 728, 861, 741, 658, 785, 796, 748, 747, 653, 650, 735, 780, 769, 707, 775, 616, 595, 578, 693, 782, 777, 746, 627, 660, 623, 624, 719, 636, 667, 778, 707, 588, 620, 632, 633, 593, 613, 702, 664, 664, 698, 625, 579, 680, 645, 571, 569, 607, 792, 722, 581, 560, 639, 597, 475, 655, 799, 758, 582, 523, 678, 680, 610, 636, 680, 677, 577, 567, 553, 624, 619, 690, 644, 605, 641, 633, 573, 564, 607, 617, 624, 639, 602, 626, 626, 625, 627, 734, 654, 676, 666, 678, 636, 545, 714, 775, 699, 662, 674, 708, 684, 577, 716, 735, 788, 730, 629, 731, 821, 742, 728, 590, 649, 726, 725, 756, 761, 790, 682, 638, 600, 659, 753, 738, 681, 699, 636, 515, 499, 568, 601, 557, 550, 523, 570, 596, 727, 580, 465, 588, 633, 496, 429, 598, 679, 709, 559, 530, 699, 627, 535, 622, 649, 659, 588, 582, 715, 559, 558, 633, 622, 501, 506, 593, 642, 522, 572, 754, 704, 555, 639, 734, 677, 670, 657, 732, 745, 572, 599, 663, 680, 575, 566, 731, 719, 628, 628, 679, 611, 552, 676, 522, 607, 596, 641, 655, 597, 665, 596, 601, 581, 571, 682, 705, 623, 715, 686, 1268, 885, 876, 1089, 1070, 817, 965, 1284, 1583, 936, 1007, 1368, 1309, 993, 1151, 1620, 1166, 798, 1251, 1282, 973, 857, 1275, 1464, 1418, 908, 1560, 1609, 1296, 691, 1764, 2199, 1326, 829, 1565, 1809, 1490, 673, 1782, 2218, 1058, 781, 1268, 1522, 1206, 682, 1416, 1554, 843, 801, 1081, 1200, 921, 720, 1058, 1099, 877, 745, 827, 900, 793, 572, 826, 970, 738, 760, 822, 771, 783, 561, 759, 857, 744, 889, 935, 839, 715, 521, 700, 788, 514, 705, 863, 789, 629, 556, 708, 680, 591, 778, 855, 819, 684, 744, 839, 722, 612, 699, 689, 702, 640, 641, 707, 647, 629, 642, 699, 812, 581, 637, 672, 559, 614, 566, 766, 808, 604, 629, 706, 603, 584, 499, 624, 669, 579, 670, 706, 681, 527, 477, 495, 554, 503, 535, 651, 564, 478, 466, 517, 540, 475, 494, 553, 398, 508, 459, 607, 675, 588, 471, 537, 549, 432, 424, 587, 646, 514, 448, 538, 536]"
-0.2293725460767746,-0.7056665420532227,-0.7069254517555237,-0.5338417291641235,-0.3659931421279907,-0.7006677389144897,-0.3145957291126251,-1.1347267627716064,1.1760234832763672,16.75,-1.0986778736114502,1.1418342590332031,23.25,-1.0324451923370361,1.1338233947753906,15.5,-0.7424805164337158,0.9899139404296875,25.75,0.03929400444030762,1.0219573974609375,18.25,"[624, 599, 644, 685, 762, 679, 647, 597, 598, 601, 543, 669, 694, 692, 654, 546, 443, 491, 553, 559, 597, 629, 550, 459, 506, 509, 533, 509, 495, 466, 476, 507, 430, 466, 457, 485, 534, 502, 412, 430, 454, 522, 559, 496, 516, 537, 550, 473, 473, 487, 497, 515, 487, 501, 447, 460, 525, 572, 600, 511, 527, 547, 518, 520, 483, 465, 484, 472, 489, 485, 475, 504, 426, 454, 422, 451, 500, 530, 527, 470, 501, 541, 569, 534, 557, 558, 672, 601, 594, 571, 583, 604, 588, 543, 575, 618, 611, 625, 632, 599, 557, 571, 589, 566, 507, 527, 595, 524, 527, 603, 594, 509, 554, 536, 548, 530, 580, 647, 606, 553, 574, 606, 591, 627, 689, 677, 599, 600, 559, 547, 569, 601, 596, 628, 566, 539, 498, 538, 530, 547, 495, 548, 490, 439, 577, 614, 587, 533, 539, 577, 556, 517, 616, 684, 681, 578, 557, 583, 520, 542, 678, 701, 621, 509, 538, 524, 553, 535, 625, 695, 599, 500, 551, 605, 625, 597, 541, 578, 533, 537, 529, 485, 544, 541, 423, 506, 504, 567, 572, 532, 567, 490, 492, 510, 494, 481, 576, 543, 490, 514, 610, 534, 529, 535, 566, 546, 563, 601, 570, 550, 583, 600, 593, 556, 542, 556, 595, 523, 520, 621, 664, 636, 546, 516, 607, 643, 600, 574, 611, 583, 503, 522, 625, 592, 608, 595, 564, 502, 547, 633, 576, 543, 572, 517, 460, 577, 512, 528, 627, 545, 548, 553, 476, 613, 557, 551, 638, 589, 603, 564, 562, 561, 588, 677, 602, 509, 576, 654, 555, 489, 557, 555, 627, 541, 523, 584, 531, 507, 406, 515, 622, 568, 548, 541, 563, 596, 497, 493, 676, 601, 581, 545, 589, 670, 546, 542, 637, 601, 518, 471, 532, 606, 516, 525, 623, 608, 515, 563, 544, 582, 582, 563, 614, 611, 537, 536, 523, 536, 604, 608, 628, 585, 520, 511, 516, 476, 520, 578, 599, 523, 558, 582, 562, 494, 478, 570, 613, 581, 626, 529, 601, 567, 430, 631, 526, 539, 632, 588, 526, 547, 602, 587, 520, 520, 494, 509, 488, 543, 555, 478, 503, 620, 577, 505, 595, 625, 573, 486, 561, 653, 586, 530, 629, 602, 549, 497, 632, 725, 695, 593, 527, 617, 771, 680, 1977, 1511, 1963, 1498, 1268, 1538, 3103, 3386, 4668, 2910, 4443, 3107, 3008, 2902, 6975, 8133, 4798, 2625, 4149, 3243, 3255, 2735, 6662, 7984, 2447, 1482, 2179, 2063, 1798, 1585, 3216, 3821, 4239, 2398, 4508, 3579, 2293, 1939, 5322, 6868, 9572, 5551, 11953, 9050, 4954, 4363, 14488, 17736, 10055, 8722, 15881, 11282, 5372, 6343, 18547, 21177, 5782, 8109, 11922, 7761, 3488, 5316, 12851, 13397, 2189, 4256, 5193, 3159, 1600, 2785, 5397, 4842, 1218, 2398, 2874, 1954, 923, 1690, 2818, 2281, 1459, 3252, 4224, 2734, 966, 1969, 3728, 3455, 1663, 3833, 4806, 3001, 1048, 2146, 4187, 4024, 1643, 4135, 4851, 2741, 966, 2194, 4160, 3726, 1183, 3229, 4121, 2430, 904, 1781, 3654, 3424, 1008, 1383, 1985, 1399, 635, 953, 1825, 1961, 977, 1681, 1916, 1247, 733, 1343, 2034, 1718, 747, 1496, 1720, 1062, 714, 1248, 1870, 1538, 636, 844, 972, 779, 671, 782, 926, 839, 592, 692, 785, 743, 642, 671, 746, 742, 638, 735, 766, 660, 573, 583, 660, 695, 715, 705, 826, 786, 619, 656, 763, 763, 646, 764, 822, 718, 686, 799, 749, 597, 703, 823, 720, 695, 714, 775, 714, 573, 1250, 1518, 1235, 855, 892, 1044, 958, 822, 2524, 4113, 3413, 1342, 1687, 1942, 2136, 1265, 4113, 7577, 6827, 2727, 2629, 3000, 3548, 2191, 3564, 6639, 6313, 2853, 2347, 2903, 3384, 2558, 3186, 4462, 4125, 2585, 2275, 2629, 2846, 2263, 2286, 3327, 3125, 2104, 1722, 2133, 2313, 1680, 1537, 1965, 1898, 1510, 1022, 1757, 1959, 1055, 1185, 1388, 1066, 1073, 929, 1357, 1394, 709, 813, 1071, 1020, 685, 816, 967, 869, 645, 705, 839, 866, 778, 650, 740, 826, 751, 748, 779, 781, 832, 670, 717, 893, 797, 836, 890, 904, 954, 723, 756, 951, 856, 801, 831, 711, 769, 749, 654, 748, 785, 664, 669, 651, 675, 659, 673, 608, 589, 689, 705, 652, 664, 647, 598, 680, 654, 774, 685, 632, 683, 630, 579, 640, 727, 651, 690, 744, 662, 608, 644, 615, 611, 506, 714, 673, 597, 713, 677, 554, 460, 619, 753, 725, 644, 742, 693, 633, 620, 639, 799, 836, 724, 652, 582, 824, 802, 701, 880, 947, 754, 585, 669, 940, 954, 623, 759, 880, 780, 689, 704, 734, 759, 672, 799, 733, 658, 839, 701, 600, 689, 665, 839, 722, 551, 637, 655, 658, 600, 608, 743, 696, 647, 634, 644, 806, 695, 640, 584, 564, 683, 668, 690, 805, 777, 666, 607, 573, 671, 698, 533, 705, 790, 612, 566, 576, 596, 679, 643, 555, 615, 511, 547, 652, 627, 588, 644, 718, 688, 666, 598, 591, 595, 671, 706, 716, 710, 700, 651, 690, 588, 610, 693, 581, 598, 641, 605, 649, 542, 596, 599, 484, 627, 762, 479, 754, 761, 594, 602, 637, 885, 649, 502, 746, 727, 525, 539, 678, 792, 651, 581, 694, 730, 700, 624, 657, 625, 654, 642, 674, 620, 638, 694, 755, 749, 737, 630, 706, 683, 594, 673, 810, 825, 842, 660, 816, 817, 627, 662, 908, 1098, 770, 632, 986, 735, 578, 710, 968, 1180, 778, 767, 1086, 815, 625, 737, 1010, 1182, 639, 877, 1008, 731, 573, 774, 1099, 1055, 729, 1010, 1230, 796, 653, 891, 1338, 1274, 786, 935, 1100, 729, 633, 802, 1036, 1059, 611, 678, 881, 761, 543, 631, 688, 703, 636, 709, 745, 605, 630, 750, 629, 554, 635, 714, 688, 598, 711, 733, 661, 612, 563, 703, 705, 604, 574, 541, 524, 491, 636, 570, 592, 622, 609, 564, 566, 583, 556, 535, 523, 501, 582, 609, 554, 543, 573, 666, 605, 484, 589, 728, 684, 550, 609, 819, 746, 512, 678, 1023, 1044, 727, 570, 818, 762, 507, 616, 808, 879, 608, 548, 736, 725, 485, 530, 612, 602, 515, 502, 526, 526, 462, 466, 408, 347, 440, 423, 474, 550, 453, 423, 405, 474, 478, 516, 543, 532, 499, 422, 528, 576, 536, 522, 441, 422, 516, 457, 412, 476, 504]"
-0.3929597735404968,-0.7135170698165894,-0.8129056096076965,-0.7611057758331299,-0.28473880887031555,-0.79443359375,-0.49584323167800903,-1.0054702758789062,1.1381149291992188,24.0,-0.9574050903320312,1.0936260223388672,25.5,-0.9379501342773438,1.0886192321777344,28.5,-0.6727333068847656,0.817108154296875,16.75,-0.6680126190185547,0.8402824401855469,16.0,"[498, 599, 644, 693, 745, 694, 644, 597, 526, 613, 598, 658, 694, 683, 648, 633, 591, 560, 563, 577, 539, 601, 559, 535, 498, 569, 604, 491, 482, 598, 533, 474, 507, 519, 439, 426, 482, 476, 432, 464, 598, 513, 424, 476, 557, 555, 494, 538, 637, 633, 567, 576, 579, 569, 585, 563, 639, 575, 518, 494, 564, 530, 540, 613, 467, 471, 489, 463, 470, 477, 486, 485, 481, 472, 589, 589, 534, 497, 554, 559, 553, 532, 614, 590, 576, 600, 614, 586, 538, 584, 578, 463, 470, 588, 593, 559, 459, 531, 618, 492, 486, 572, 545, 533, 610, 691, 635, 522, 619, 654, 552, 561, 549, 558, 522, 556, 641, 644, 541, 507, 529, 538, 582, 493, 496, 592, 552, 562, 520, 522, 488, 433, 465, 554, 539, 497, 505, 562, 512, 397, 469, 543, 565, 475, 583, 568, 521, 517, 580, 568, 521, 489, 674, 649, 621, 590, 567, 582, 574, 608, 664, 623, 618, 592, 583, 576, 597, 661, 572, 587, 578, 650, 600, 571, 600, 601, 501, 511, 553, 562, 532, 452, 537, 549, 439, 468, 640, 645, 560, 588, 665, 596, 458, 477, 518, 560, 543, 547, 652, 589, 490, 519, 569, 528, 524, 564, 677, 644, 614, 565, 600, 574, 501, 567, 671, 653, 511, 492, 550, 550, 475, 550, 625, 590, 521, 541, 560, 520, 531, 548, 585, 574, 588, 627, 558, 591, 586, 552, 523, 537, 525, 622, 568, 537, 543, 555, 560, 486, 585, 561, 530, 532, 486, 546, 550, 531, 615, 506, 568, 627, 576, 483, 484, 574, 589, 567, 592, 613, 624, 577, 493, 548, 586, 603, 610, 571, 494, 552, 479, 453, 579, 605, 556, 469, 460, 572, 588, 589, 533, 633, 653, 516, 437, 640, 740, 638, 543, 553, 589, 584, 519, 546, 617, 628, 559, 572, 620, 565, 541, 530, 562, 571, 528, 649, 667, 516, 590, 545, 557, 604, 527, 534, 577, 560, 633, 537, 491, 584, 537, 491, 509, 619, 629, 563, 545, 621, 519, 462, 604, 589, 559, 554, 644, 680, 688, 541, 556, 532, 549, 584, 574, 710, 615, 518, 656, 634, 608, 619, 587, 648, 1096, 1274, 1546, 1017, 766, 1189, 2025, 1949, 4351, 4061, 5636, 3327, 2689, 4047, 9059, 9369, 7386, 6119, 9636, 6454, 4752, 6269, 15357, 16248, 5360, 3926, 7243, 5421, 3502, 4050, 10839, 11741, 2039, 1480, 3097, 2662, 1369, 1380, 3472, 3961, 3189, 1458, 3801, 3275, 1784, 1087, 4206, 5526, 4720, 3307, 7530, 6003, 2435, 2284, 7910, 9615, 4178, 4231, 7936, 5876, 2252, 3340, 8941, 9806, 2908, 3109, 4991, 3586, 2008, 2901, 6704, 6937, 1647, 2564, 3270, 2373, 1371, 2144, 4014, 3699, 999, 2097, 2361, 1516, 675, 1471, 2363, 1943, 1036, 1385, 1333, 773, 737, 869, 1185, 1080, 1227, 3225, 3704, 2177, 1030, 2153, 3319, 2641, 1431, 5459, 7163, 4438, 1208, 3211, 5835, 5180, 1184, 4789, 6337, 3928, 1019, 2784, 5103, 4558, 1180, 2621, 2976, 1942, 917, 2081, 3240, 2625, 1336, 2835, 3237, 1932, 1017, 2040, 3229, 2667, 1309, 2754, 3251, 1959, 1000, 2145, 3251, 2712, 1188, 2123, 2226, 1334, 972, 1789, 2492, 1950, 1094, 1363, 1148, 884, 806, 1153, 1294, 986, 790, 897, 797, 715, 621, 726, 710, 727, 808, 947, 943, 768, 731, 630, 676, 635, 1073, 1485, 1235, 746, 917, 1053, 945, 637, 1167, 1645, 1479, 648, 1108, 1474, 1232, 668, 1377, 2190, 2193, 1060, 1400, 1995, 1634, 870, 1252, 2068, 2258, 1243, 1238, 1854, 1539, 1013, 1065, 1862, 2217, 1531, 896, 1365, 1288, 1035, 2393, 3596, 3979, 2649, 1461, 2704, 2345, 1693, 3251, 5776, 6618, 3852, 1893, 3970, 3396, 2658, 2363, 4784, 5608, 3440, 1447, 2867, 2555, 2189, 1505, 2385, 2677, 1843, 1215, 1697, 1373, 1246, 1202, 1266, 1337, 1193, 816, 1034, 955, 937, 1052, 1094, 1068, 966, 863, 1022, 942, 914, 784, 1025, 1164, 903, 764, 931, 971, 875, 851, 848, 990, 940, 758, 757, 822, 858, 805, 743, 829, 777, 699, 753, 663, 751, 641, 790, 887, 797, 701, 771, 808, 732, 736, 811, 965, 909, 688, 721, 831, 837, 899, 778, 912, 880, 730, 692, 636, 851, 800, 811, 847, 721, 677, 713, 608, 756, 671, 816, 838, 702, 658, 710, 810, 697, 566, 789, 773, 681, 694, 773, 856, 668, 648, 743, 843, 852, 779, 774, 778, 761, 710, 871, 1187, 985, 773, 819, 951, 1002, 883, 868, 1433, 1215, 819, 830, 932, 1188, 777, 732, 1053, 1025, 924, 767, 759, 919, 674, 660, 779, 848, 732, 599, 724, 704, 615, 643, 669, 696, 619, 516, 674, 656, 660, 646, 652, 644, 666, 582, 610, 668, 580, 587, 573, 564, 597, 563, 531, 597, 707, 724, 637, 625, 633, 642, 709, 678, 541, 624, 588, 591, 595, 566, 645, 584, 535, 673, 675, 606, 574, 672, 642, 524, 512, 519, 581, 614, 589, 567, 615, 615, 626, 570, 607, 638, 651, 567, 588, 635, 624, 532, 531, 667, 729, 610, 571, 650, 699, 571, 575, 670, 709, 617, 662, 800, 656, 557, 664, 634, 703, 767, 782, 779, 649, 599, 765, 829, 662, 751, 869, 808, 668, 598, 644, 708, 671, 624, 808, 801, 595, 646, 631, 632, 578, 584, 738, 694, 729, 742, 777, 784, 719, 715, 812, 831, 732, 768, 700, 643, 798, 723, 655, 681, 685, 748, 638, 578, 639, 629, 607, 618, 687, 767, 716, 616, 682, 616, 791, 866, 694, 796, 844, 647, 649, 622, 1000, 1010, 621, 693, 786, 587, 512, 723, 994, 984, 552, 936, 1086, 710, 531, 744, 969, 956, 642, 1113, 1303, 959, 652, 871, 1203, 1147, 726, 861, 1032, 872, 621, 741, 1178, 1122, 618, 668, 736, 695, 619, 685, 947, 865, 666, 794, 844, 786, 700, 707, 745, 711, 790, 874, 800, 654, 689, 717, 752, 726, 738, 769, 707, 630, 603, 589, 734, 692, 655, 652, 634, 599, 622, 584, 612, 615, 543, 585, 531, 490, 490, 462, 559, 560, 582, 593, 605, 610, 495, 499, 642, 667, 569, 490, 602, 596, 452, 583, 735, 686, 514, 543, 583, 528, 420, 567, 801, 702, 389, 479, 466, 439, 382, 458, 635, 548, 555, 500, 465, 508, 470, 372, 478, 557, 482, 530, 466, 417, 405, 406, 409, 414, 426, 481, 445, 423, 349, 416, 425, 395]"
-0.3896061182022095,-0.521478533744812,-0.8905466794967651,-0.620130717754364,0.030864357948303223,-0.8556879162788391,-0.27815261483192444,-0.9199450016021729,2.1732330322265625,18.75,-0.8032152652740479,0.9213924407958984,31.25,-0.7577250003814697,0.9159564971923828,25.0,-0.560171365737915,0.6175518035888672,30.25,-0.5096743106842041,0.8116722106933594,16.0,"[443, 588, 696, 569, 508, 570, 697, 586, 522, 620, 725, 652, 548, 623, 661, 638, 565, 577, 611, 583, 554, 604, 579, 602, 529, 466, 523, 537, 503, 549, 593, 590, 470, 428, 417, 508, 448, 519, 524, 490, 577, 558, 448, 444, 578, 644, 539, 475, 582, 441, 468, 548, 536, 511, 545, 565, 567, 499, 498, 508, 519, 524, 483, 518, 520, 454, 505, 550, 575, 548, 509, 547, 560, 537, 513, 516, 535, 560, 593, 598, 429, 474, 552, 554, 511, 477, 564, 527, 509, 537, 504, 534, 545, 464, 511, 560, 549, 523, 501, 537, 567, 494, 465, 554, 648, 590, 498, 519, 619, 584, 519, 581, 578, 556, 526, 612, 642, 538, 517, 597, 430, 447, 504, 587, 563, 473, 480, 469, 466, 611, 574, 541, 518, 473, 462, 434, 598, 617, 640, 598, 600, 564, 571, 562, 459, 472, 474, 528, 469, 526, 604, 506, 371, 409, 468, 548, 415, 464, 640, 533, 493, 470, 491, 476, 456, 488, 510, 498, 607, 545, 520, 616, 595, 514, 531, 622, 559, 525, 514, 563, 572, 568, 549, 529, 565, 576, 582, 515, 440, 466, 464, 476, 601, 655, 522, 512, 497, 488, 499, 469, 629, 596, 606, 558, 490, 479, 533, 610, 632, 616, 568, 539, 568, 476, 468, 609, 547, 463, 505, 495, 531, 549, 546, 602, 594, 486, 479, 476, 517, 605, 546, 524, 540, 543, 474, 468, 505, 539, 458, 395, 441, 492, 528, 524, 605, 566, 523, 499, 520, 514, 546, 616, 597, 538, 551, 546, 532, 517, 585, 569, 463, 513, 615, 573, 554, 533, 529, 562, 486, 440, 471, 550, 493, 522, 543, 576, 480, 535, 623, 541, 670, 658, 526, 558, 582, 605, 568, 495, 577, 562, 504, 605, 572, 568, 544, 492, 549, 525, 578, 616, 569, 523, 562, 537, 518, 483, 618, 655, 639, 582, 538, 617, 601, 604, 607, 583, 595, 626, 519, 561, 574, 625, 502, 538, 597, 554, 644, 591, 636, 632, 572, 617, 639, 605, 614, 641, 933, 1035, 995, 759, 777, 1189, 1608, 1474, 4616, 4080, 5497, 3367, 3054, 4517, 9316, 9537, 9779, 7102, 11566, 7845, 6374, 7493, 18408, 20037, 8894, 5595, 10595, 7895, 5743, 5670, 15819, 17833, 4016, 2606, 5197, 4171, 2592, 2616, 7074, 7960, 1345, 1132, 1617, 1428, 1012, 1144, 2106, 2252, 2394, 766, 1927, 1926, 1449, 766, 2117, 3255, 8747, 4171, 10222, 8228, 4433, 3380, 12265, 15517, 13412, 10061, 19724, 14303, 7014, 8537, 24719, 28102, 9477, 9364, 16040, 10771, 5507, 8202, 21031, 22339, 3618, 4250, 6421, 4213, 2464, 3993, 9018, 9027, 1584, 2505, 3241, 2117, 1250, 1791, 3519, 3454, 2105, 4125, 4476, 2597, 1224, 2336, 3952, 3473, 4804, 9324, 9115, 4382, 2557, 4855, 7788, 6041, 5874, 11903, 11376, 5051, 3208, 6028, 9616, 7137, 3516, 7699, 8192, 4159, 2081, 4137, 7339, 5988, 1703, 3847, 4531, 2650, 1117, 2460, 4354, 3743, 1322, 3722, 4253, 2447, 885, 2307, 3974, 3260, 1318, 4825, 5461, 2875, 764, 2812, 5048, 4057, 1267, 4464, 4981, 2511, 829, 2649, 4705, 3832, 1111, 2560, 2718, 1431, 759, 1486, 2340, 1998, 1067, 1857, 1726, 945, 832, 1115, 1214, 938, 858, 1436, 1365, 880, 734, 847, 923, 710, 705, 827, 767, 603, 581, 727, 738, 590, 892, 1091, 1093, 730, 838, 1018, 833, 603, 1159, 1721, 1591, 909, 1186, 1265, 959, 758, 1097, 1778, 1722, 993, 1180, 1217, 900, 715, 957, 1488, 1510, 1020, 945, 938, 763, 815, 2443, 2755, 2509, 2133, 1812, 1590, 1263, 1818, 5466, 6741, 6300, 5356, 3813, 2858, 2609, 3815, 5419, 7886, 9085, 7440, 4348, 2954, 3833, 4219, 2900, 5305, 6616, 5117, 2429, 2457, 3129, 2678, 1717, 2339, 2345, 1747, 1079, 1442, 1569, 1209, 1234, 1287, 1038, 990, 847, 951, 901, 762, 760, 789, 872, 768, 613, 813, 750, 719, 795, 917, 910, 715, 642, 794, 735, 677, 814, 947, 977, 874, 736, 690, 800, 757, 879, 944, 863, 824, 657, 643, 751, 766, 835, 814, 794, 771, 656, 671, 681, 682, 691, 766, 775, 715, 611, 681, 756, 604, 646, 654, 681, 674, 678, 727, 727, 743, 626, 605, 671, 668, 722, 761, 777, 815, 617, 723, 708, 636, 632, 746, 735, 688, 754, 799, 734, 716, 686, 695, 676, 717, 596, 729, 688, 630, 575, 569, 655, 594, 591, 709, 723, 703, 681, 685, 687, 621, 639, 694, 662, 613, 653, 682, 664, 622, 727, 686, 651, 603, 636, 549, 605, 780, 639, 723, 611, 565, 566, 528, 607, 586, 577, 682, 626, 613, 575, 556, 599, 534, 572, 665, 694, 685, 726, 727, 641, 599, 594, 728, 688, 575, 743, 712, 652, 603, 618, 670, 686, 593, 730, 700, 600, 651, 679, 641, 633, 661, 771, 696, 628, 751, 733, 621, 618, 700, 782, 639, 566, 728, 783, 764, 692, 681, 788, 722, 537, 674, 715, 655, 661, 813, 749, 630, 589, 672, 562, 605, 669, 631, 659, 599, 550, 569, 593, 560, 497, 621, 616, 491, 448, 521, 658, 603, 512, 617, 590, 539, 530, 578, 537, 553, 585, 570, 548, 528, 652, 633, 811, 691, 796, 752, 676, 716, 912, 1038, 767, 638, 619, 641, 732, 696, 664, 784, 771, 662, 785, 789, 835, 728, 818, 943, 714, 764, 929, 815, 740, 700, 862, 965, 665, 858, 924, 691, 588, 680, 782, 800, 863, 1181, 1154, 695, 741, 923, 1087, 944, 889, 1280, 1289, 939, 816, 974, 1245, 1110, 859, 1091, 1024, 831, 719, 917, 1118, 898, 719, 1040, 1018, 783, 655, 896, 992, 829, 650, 843, 916, 748, 687, 839, 881, 796, 658, 696, 809, 698, 675, 849, 948, 799, 716, 849, 852, 713, 536, 750, 896, 778, 617, 821, 944, 759, 550, 671, 856, 820, 696, 945, 1046, 816, 612, 725, 935, 840, 827, 908, 908, 749, 702, 733, 845, 805, 700, 725, 667, 599, 573, 639, 712, 762, 647, 665, 588, 535, 520, 597, 646, 637, 478, 525, 574, 536, 384, 431, 545, 515, 556, 541, 485, 544, 521, 408, 507, 646, 522, 474, 475, 509, 550, 420, 596, 682, 533, 529, 421, 522, 510, 429, 570, 614, 468, 395, 358, 416, 416, 448, 472, 459, 543, 455, 411, 426, 456, 416, 461, 520, 443, 410, 407, 433, 468, 432, 376, 434, 554, 485, 479, 484, 487, 500, 449, 529]"
-0.3645019829273224,-0.20871388912200928,-1.0487339496612549,-0.3577682375907898,0.4482482969760895,-0.9245659112930298,0.054121553897857666,-0.666741132736206,0.59967041015625,19.75,-0.5883491039276123,0.7096767425537109,23.25,-0.5540168285369873,0.5192756652832031,27.25,-0.4925048351287842,0.48007965087890625,27.5,-0.3571784496307373,0.45261383056640625,16.0,"[662, 681, 632, 711, 775, 712, 638, 684, 530, 619, 591, 590, 705, 656, 590, 543, 505, 551, 611, 576, 553, 580, 592, 545, 507, 493, 580, 525, 475, 532, 512, 502, 502, 454, 421, 464, 455, 480, 447, 473, 551, 494, 478, 555, 537, 496, 541, 565, 376, 388, 494, 518, 425, 449, 538, 480, 438, 412, 461, 524, 558, 501, 593, 570, 422, 404, 502, 514, 451, 476, 536, 544, 468, 475, 451, 410, 384, 535, 573, 453, 531, 529, 513, 535, 533, 506, 502, 517, 513, 544, 541, 504, 525, 570, 550, 523, 496, 477, 470, 521, 500, 455, 475, 529, 453, 529, 576, 566, 506, 467, 550, 544, 548, 584, 560, 541, 546, 579, 550, 509, 605, 675, 558, 505, 591, 634, 604, 533, 535, 601, 654, 541, 573, 692, 640, 539, 602, 599, 541, 544, 592, 632, 618, 621, 532, 580, 501, 432, 562, 560, 527, 551, 461, 525, 491, 473, 490, 480, 433, 455, 425, 509, 524, 434, 427, 490, 544, 482, 515, 581, 538, 576, 585, 516, 516, 477, 534, 608, 638, 572, 549, 587, 607, 564, 573, 661, 589, 569, 568, 554, 649, 564, 527, 574, 498, 507, 474, 485, 518, 510, 497, 596, 620, 599, 500, 461, 528, 500, 570, 652, 665, 588, 558, 557, 554, 572, 500, 527, 660, 616, 587, 527, 483, 450, 481, 557, 616, 585, 537, 588, 571, 489, 494, 459, 578, 662, 536, 475, 562, 570, 512, 458, 488, 539, 516, 490, 561, 554, 552, 559, 478, 531, 550, 498, 556, 600, 492, 467, 499, 560, 549, 563, 558, 508, 564, 466, 653, 601, 499, 547, 633, 671, 503, 487, 612, 537, 465, 533, 570, 580, 750, 556, 787, 664, 621, 644, 794, 948, 2692, 1569, 3612, 2731, 1614, 1099, 4187, 5204, 5300, 4519, 8967, 6317, 3072, 3292, 10789, 12271, 4848, 5903, 10261, 6891, 2892, 4335, 12285, 13120, 2429, 4792, 7174, 4617, 1591, 3424, 8082, 8010, 1138, 2774, 3627, 2212, 874, 2021, 3816, 3478, 794, 1213, 1652, 1229, 753, 1132, 1697, 1619, 991, 1117, 1776, 1332, 762, 967, 1908, 2051, 1888, 2118, 3275, 2183, 1188, 1739, 3852, 4154, 3162, 4495, 6286, 4151, 1834, 3468, 7427, 7296, 3537, 5845, 8078, 5243, 2057, 4132, 8448, 8307, 2115, 4814, 6107, 3547, 1336, 3216, 6196, 5673, 1022, 2275, 2429, 1440, 683, 1542, 2579, 2116, 635, 973, 1055, 794, 561, 770, 1087, 988, 951, 1468, 1360, 864, 743, 888, 1155, 1031, 1281, 2337, 2449, 1346, 796, 1801, 2672, 2015, 2506, 4711, 4489, 2349, 1452, 3252, 4728, 3571, 5425, 11081, 9684, 3351, 2999, 5374, 7652, 4626, 5867, 11646, 9888, 3356, 3029, 5485, 7612, 4408, 3071, 5211, 4762, 2622, 1652, 2993, 4140, 2943, 1752, 3283, 3885, 2371, 1070, 1903, 3013, 2895, 2735, 5668, 5933, 3141, 1372, 3268, 5235, 4112, 2643, 5750, 5602, 2609, 1319, 3327, 5216, 3779, 1955, 3864, 3401, 1479, 1010, 2200, 3178, 2152, 1091, 1843, 1585, 730, 762, 1086, 1357, 967, 792, 1234, 1199, 718, 715, 920, 930, 750, 691, 1087, 1153, 791, 753, 952, 913, 696, 941, 974, 1023, 933, 908, 867, 844, 896, 1607, 2034, 2062, 1697, 1549, 1448, 1218, 1332, 1924, 2311, 2553, 2154, 1785, 1753, 1588, 1554, 2542, 2531, 2503, 2354, 1873, 2425, 2215, 1916, 5112, 5640, 5876, 5120, 3227, 4769, 4396, 3681, 7428, 8518, 10729, 8111, 4512, 7291, 6263, 5415, 5786, 8449, 10579, 6654, 3766, 6497, 5133, 4618, 2420, 4677, 5488, 3223, 1833, 3035, 2274, 2156, 1123, 2101, 2268, 1417, 883, 1392, 1219, 1107, 868, 991, 840, 636, 708, 847, 799, 815, 937, 1303, 1219, 687, 773, 842, 912, 823, 1104, 1664, 1494, 875, 877, 908, 950, 715, 1242, 1629, 1493, 913, 913, 916, 1035, 946, 1006, 1462, 1460, 870, 738, 1151, 1464, 1179, 732, 1251, 1326, 900, 622, 1074, 1443, 1184, 704, 1092, 1187, 864, 688, 1043, 1231, 928, 771, 841, 785, 728, 731, 935, 885, 668, 769, 713, 704, 797, 793, 798, 814, 751, 773, 732, 716, 720, 634, 732, 832, 821, 750, 773, 853, 800, 745, 718, 746, 775, 669, 780, 940, 783, 634, 671, 682, 717, 743, 766, 913, 794, 685, 712, 809, 836, 659, 628, 693, 724, 636, 622, 736, 704, 743, 720, 751, 693, 783, 832, 799, 700, 753, 852, 875, 787, 836, 886, 809, 740, 840, 792, 778, 823, 775, 768, 763, 693, 845, 995, 772, 688, 846, 850, 719, 622, 857, 977, 825, 847, 974, 869, 852, 734, 759, 781, 890, 959, 916, 771, 893, 889, 951, 911, 914, 989, 893, 835, 830, 906, 1370, 1067, 1058, 1390, 1105, 867, 1116, 1301, 1235, 802, 1010, 1353, 1097, 801, 1115, 1294, 813, 558, 893, 1032, 698, 680, 1044, 1047, 794, 625, 761, 840, 632, 763, 907, 858, 644, 664, 796, 769, 532, 598, 737, 666, 517, 664, 716, 644, 541, 567, 652, 697, 554, 616, 673, 621, 557, 524, 671, 631, 689, 612, 645, 674, 586, 526, 626, 646, 659, 562, 579, 666, 626, 486, 581, 712, 659, 559, 594, 669, 611, 519, 630, 718, 868, 804, 969, 958, 832, 768, 945, 1038, 1017, 1057, 1335, 1085, 771, 842, 1326, 1414, 1208, 908, 1099, 923, 874, 733, 1182, 1514, 1143, 1128, 1144, 789, 843, 988, 1367, 1432, 1094, 1429, 1527, 1146, 785, 1172, 1678, 1514, 1054, 1472, 1553, 1124, 801, 1088, 1539, 1424, 803, 1018, 1238, 954, 699, 866, 1218, 1206, 798, 927, 958, 689, 700, 938, 997, 946, 1481, 1374, 963, 578, 964, 1188, 1020, 1079, 1632, 1580, 1171, 888, 1075, 1327, 1217, 1276, 1326, 1313, 1111, 899, 1048, 1090, 1051, 1145, 887, 1060, 1075, 1005, 915, 859, 1001, 889, 756, 810, 978, 916, 690, 699, 979, 874, 646, 805, 857, 675, 605, 603, 691, 727, 570, 847, 837, 580, 583, 560, 735, 750, 684, 650, 685, 627, 613, 586, 657, 750, 632, 546, 637, 622, 667, 568, 647, 695, 588, 661, 667, 574, 568, 693, 683, 609, 648, 646, 690, 552, 542, 705, 684, 657, 513, 645, 675, 597, 461, 589, 714, 658, 482, 462, 556, 572, 523, 461, 492, 511, 462, 566, 525, 443, 505, 545, 479, 367, 490, 580, 573, 437, 391, 450, 503, 469, 559, 569, 554, 503, 459, 473, 531, 515, 501, 531, 521, 487, 478, 550, 572, 520, 476, 476, 510, 530, 458, 489, 566, 498]"
-0.31471019983291626,0.3694024085998535,-0.7069064378738403,-0.2630140781402588,0.7986419200897217,-0.3191320300102234,0.07966320216655731,-0.5007089376449585,0.4444599151611328,20.75,-0.44177186489105225,0.32444000244140625,26.25,-0.3789724111557007,-0.12116432189941406,21.75,-0.37167680263519287,-0.12187957763671875,27.25,-0.3709615468978882,-0.16350746154785156,24.5,"[509, 673, 670, 532, 629, 526, 669, 677, 537, 567, 650, 644, 612, 568, 632, 674, 517, 468, 475, 541, 584, 558, 538, 542, 460, 483, 555, 527, 509, 522, 609, 574, 473, 438, 489, 523, 479, 498, 554, 525, 563, 505, 467, 514, 516, 493, 502, 524, 654, 609, 471, 536, 610, 590, 523, 477, 514, 559, 471, 553, 625, 565, 516, 418, 481, 479, 467, 497, 490, 502, 532, 531, 568, 591, 581, 553, 581, 582, 570, 583, 578, 542, 614, 536, 520, 516, 494, 542, 602, 569, 584, 565, 519, 537, 577, 591, 609, 533, 417, 458, 556, 595, 506, 554, 646, 559, 536, 613, 593, 601, 496, 542, 512, 550, 561, 536, 524, 595, 534, 408, 542, 570, 508, 468, 571, 617, 561, 516, 623, 608, 532, 445, 526, 610, 545, 479, 530, 541, 532, 487, 471, 607, 599, 519, 406, 501, 511, 466, 425, 490, 558, 482, 597, 580, 522, 503, 550, 617, 558, 553, 608, 561, 541, 508, 594, 580, 583, 645, 629, 616, 543, 495, 610, 625, 655, 648, 673, 641, 593, 564, 587, 565, 639, 719, 628, 646, 540, 531, 602, 588, 517, 581, 581, 582, 483, 488, 556, 545, 517, 517, 451, 547, 508, 527, 576, 527, 574, 529, 548, 432, 464, 585, 607, 427, 491, 608, 625, 527, 521, 598, 612, 531, 514, 612, 500, 451, 453, 553, 585, 485, 508, 496, 529, 484, 417, 537, 563, 518, 485, 518, 521, 458, 472, 608, 621, 564, 446, 485, 556, 525, 599, 637, 632, 589, 528, 545, 510, 544, 556, 526, 585, 518, 556, 534, 788, 958, 1059, 869, 727, 684, 918, 1010, 2628, 5108, 6062, 3636, 1528, 3067, 5764, 5259, 3999, 9284, 11201, 6546, 2021, 5514, 10529, 9395, 2784, 6783, 8157, 4775, 1472, 3929, 7206, 6332, 1114, 2599, 3117, 1930, 767, 1658, 2828, 2423, 715, 1802, 1986, 1178, 703, 1224, 1855, 1498, 803, 1762, 2107, 1413, 731, 1233, 2080, 1925, 1064, 2483, 3112, 1958, 742, 1740, 3080, 2722, 1411, 2862, 3569, 2232, 1010, 2079, 3806, 3420, 1186, 2871, 3497, 1953, 919, 2004, 3855, 3365, 744, 1715, 2050, 1289, 679, 1309, 2338, 2024, 708, 1224, 1293, 907, 616, 887, 1140, 870, 813, 1230, 1287, 756, 563, 828, 960, 802, 922, 1541, 1592, 892, 642, 946, 1310, 1099, 856, 1405, 1667, 1109, 667, 1074, 1529, 1411, 842, 1523, 2002, 1295, 767, 1097, 2079, 2012, 1042, 2284, 2486, 1345, 906, 1342, 2279, 2102, 1523, 2906, 2680, 1155, 1076, 1586, 2211, 1443, 2251, 5294, 5102, 2153, 1609, 2643, 4010, 2594, 2736, 6775, 6741, 2910, 1669, 3530, 5587, 3866, 4118, 9733, 9065, 3553, 1985, 5073, 7634, 4915, 4327, 9446, 8310, 2815, 2076, 4872, 7143, 4232, 2520, 5557, 4971, 1890, 1311, 3075, 4413, 2538, 1902, 4002, 3589, 1437, 1085, 2226, 3140, 1981, 1521, 2821, 2536, 1170, 797, 1463, 2231, 1596, 1203, 2158, 2105, 1196, 793, 1173, 1638, 1315, 1124, 1684, 1865, 1210, 1003, 1399, 1343, 1057, 947, 1490, 1619, 1079, 953, 1458, 1178, 797, 1216, 1744, 1683, 1056, 1060, 1178, 1104, 937, 2079, 2555, 2023, 1371, 1501, 1350, 1321, 1356, 2801, 2842, 1707, 1568, 1698, 1439, 1507, 1758, 2549, 2309, 1546, 1522, 1517, 1467, 1491, 1861, 1543, 2008, 2117, 1484, 1105, 1503, 1368, 1422, 1938, 3343, 2921, 1246, 1296, 1593, 1696, 1079, 2152, 3404, 2782, 1096, 1127, 1473, 1670, 1011, 2159, 3223, 2482, 1036, 1222, 1407, 1611, 1019, 2536, 3545, 2404, 834, 1594, 1623, 1714, 902, 2161, 3120, 2139, 759, 1506, 1519, 1614, 968, 1511, 2160, 1540, 725, 1143, 1228, 1381, 887, 1117, 1624, 1199, 790, 892, 1078, 1405, 995, 1034, 1557, 1326, 800, 890, 977, 1360, 1033, 856, 1129, 1073, 710, 720, 657, 922, 862, 811, 906, 848, 793, 629, 605, 805, 745, 739, 948, 952, 774, 642, 667, 807, 686, 652, 774, 834, 745, 622, 686, 777, 638, 630, 673, 693, 612, 559, 646, 669, 683, 716, 795, 773, 616, 597, 643, 683, 716, 820, 906, 911, 782, 760, 778, 785, 795, 1052, 1246, 1075, 888, 1024, 1118, 1074, 984, 1050, 1343, 1227, 911, 1071, 1123, 1121, 1032, 902, 1169, 1065, 950, 1039, 922, 944, 895, 797, 978, 861, 885, 990, 851, 832, 776, 822, 917, 804, 826, 1015, 885, 794, 718, 701, 854, 759, 777, 877, 797, 756, 699, 580, 838, 862, 716, 625, 664, 832, 754, 692, 772, 841, 739, 641, 593, 718, 744, 766, 655, 707, 744, 595, 569, 637, 794, 778, 561, 526, 694, 673, 637, 752, 866, 902, 829, 745, 985, 780, 752, 883, 837, 1037, 804, 751, 1097, 949, 741, 903, 975, 1361, 1088, 803, 1262, 1168, 1028, 1208, 1289, 1344, 1028, 883, 1308, 1066, 1047, 1257, 1308, 1040, 800, 1123, 1326, 921, 887, 1138, 1099, 1179, 730, 895, 1103, 793, 701, 876, 1070, 819, 711, 561, 682, 632, 639, 716, 728, 864, 612, 644, 754, 715, 645, 649, 854, 1019, 738, 742, 851, 823, 653, 873, 1063, 941, 788, 721, 860, 792, 670, 860, 964, 815, 709, 703, 761, 697, 684, 850, 920, 888, 675, 678, 789, 661, 601, 740, 959, 983, 1102, 1091, 1090, 845, 847, 1094, 1135, 1180, 1658, 2277, 1851, 1122, 1115, 2265, 2346, 1280, 1667, 2276, 1863, 1151, 1125, 2502, 2574, 1055, 1077, 1077, 932, 775, 888, 1487, 1508, 1278, 992, 1270, 995, 768, 917, 1644, 1906, 1499, 956, 1401, 1082, 968, 931, 1876, 2299, 1205, 1375, 1543, 1288, 1050, 1322, 2091, 1972, 1471, 1636, 1333, 1321, 1229, 1509, 1782, 1458, 1386, 1209, 1164, 1182, 1058, 1137, 1347, 1247, 999, 1148, 1200, 963, 775, 1000, 1395, 1232, 1205, 1167, 1223, 1131, 958, 1153, 1560, 1515, 941, 867, 919, 903, 740, 812, 1075, 1001, 808, 888, 727, 729, 803, 811, 936, 812, 950, 766, 855, 940, 810, 788, 1021, 1108, 1211, 843, 1175, 1141, 803, 683, 1068, 1448, 866, 809, 907, 755, 588, 661, 994, 1054, 706, 696, 819, 716, 559, 637, 946, 957, 622, 694, 806, 657, 590, 690, 936, 904, 670, 650, 647, 605, 547, 606, 689, 738, 644, 691, 627, 614, 573, 676, 689, 618, 673, 645, 607, 619, 611, 609, 668, 716, 618, 633, 604, 563, 557, 580, 612, 633, 524, 551, 558, 540, 546, 595, 531, 569, 410, 517, 593, 541, 489, 498, 541, 487, 515, 527, 520, 488, 472, 533, 522, 509]"
-0.7120609283447266,0.29065027832984924,-1.1305460929870605,-1.0268638134002686,0.4302193224430084,-0.5112968683242798,-0.7405102252960205,-0.45798826217651367,-0.71868896484375,21.25,-0.38846540451049805,-0.7042407989501953,17.25,-0.38002538681030273,-0.7709026336669922,18.0,-0.3482680320739746,-0.59051513671875,24.0,-0.2345423698425293,-0.39124488830566406,20.0,"[572, 615, 692, 700, 608, 696, 696, 615, 537, 546, 647, 687, 652, 635, 683, 629, 437, 496, 595, 554, 523, 584, 586, 511, 535, 459, 497, 461, 513, 465, 421, 562, 470, 483, 496, 465, 427, 413, 412, 485, 510, 475, 481, 454, 465, 442, 459, 532, 566, 494, 483, 555, 495, 465, 544, 549, 586, 469, 478, 573, 534, 509, 565, 612, 528, 466, 384, 464, 476, 517, 506, 461, 484, 510, 437, 440, 482, 474, 489, 486, 619, 543, 462, 453, 483, 482, 463, 529, 622, 514, 464, 534, 550, 524, 462, 533, 544, 530, 561, 524, 461, 526, 554, 574, 498, 509, 603, 555, 491, 533, 584, 559, 517, 497, 595, 551, 470, 471, 490, 549, 478, 492, 496, 492, 518, 487, 522, 527, 463, 528, 515, 451, 507, 477, 486, 458, 602, 649, 626, 610, 571, 609, 649, 592, 677, 633, 672, 555, 496, 552, 603, 658, 560, 650, 714, 600, 531, 652, 685, 589, 616, 615, 585, 522, 651, 667, 621, 558, 631, 563, 507, 522, 597, 631, 647, 625, 692, 679, 546, 542, 615, 580, 608, 671, 684, 682, 602, 599, 558, 532, 580, 646, 477, 562, 549, 457, 510, 559, 509, 480, 591, 611, 499, 496, 603, 620, 480, 509, 668, 629, 507, 542, 578, 544, 500, 536, 626, 591, 534, 541, 583, 542, 580, 625, 680, 522, 500, 593, 597, 509, 591, 684, 682, 654, 583, 605, 599, 592, 693, 652, 570, 619, 561, 533, 575, 599, 602, 547, 534, 629, 579, 610, 645, 602, 651, 554, 859, 1346, 1301, 720, 768, 901, 878, 711, 2791, 6045, 5475, 2123, 1619, 2765, 4029, 2165, 4278, 9809, 8951, 3271, 2235, 4282, 6619, 3663, 3072, 7038, 6391, 2284, 1708, 2743, 4441, 2551, 2057, 4448, 4065, 1462, 1297, 1847, 2483, 1481, 2381, 5623, 5393, 2053, 1654, 2383, 3308, 2139, 1994, 5041, 5132, 2317, 1243, 2362, 3616, 2661, 2106, 5412, 5413, 2537, 1161, 2935, 4708, 3267, 1807, 4655, 4666, 2123, 948, 2513, 4149, 2994, 1331, 2796, 2810, 1382, 707, 1688, 2563, 1947, 1235, 1868, 1780, 1028, 823, 1211, 1593, 1355, 810, 1339, 1377, 860, 654, 953, 1452, 1278, 1037, 1810, 1639, 879, 887, 1175, 1474, 985, 1861, 3478, 2910, 1007, 1289, 1846, 2158, 1055, 2158, 4185, 3578, 1194, 1482, 2167, 2597, 1273, 1677, 3078, 2662, 1173, 1250, 1814, 2050, 1162, 2017, 2963, 2268, 958, 1076, 1585, 1880, 1149, 4274, 6695, 4962, 1553, 2149, 3028, 3829, 1781, 5308, 8969, 7004, 2219, 2855, 4255, 5218, 2560, 3660, 6442, 5438, 2108, 2224, 3266, 3680, 2180, 1835, 3029, 2639, 1330, 1347, 1794, 1781, 1166, 1318, 1770, 1412, 879, 1071, 1083, 1092, 863, 860, 947, 757, 637, 713, 677, 599, 619, 1249, 1577, 1230, 701, 1146, 1266, 924, 681, 1889, 2791, 2344, 1050, 1994, 2337, 1310, 869, 1709, 2546, 2205, 1018, 1875, 2204, 1281, 943, 1341, 1624, 1403, 857, 1121, 1350, 1045, 906, 2583, 3596, 2929, 1489, 1772, 2215, 1839, 1294, 5568, 7736, 6513, 2950, 3584, 4710, 3630, 2315, 6141, 8697, 7843, 3914, 4174, 5937, 4218, 2821, 3682, 5653, 5315, 2518, 2621, 3881, 2647, 1918, 1761, 2609, 2328, 1160, 1212, 1594, 1353, 1000, 1445, 2048, 1671, 926, 964, 1279, 1197, 690, 1431, 2083, 1671, 971, 1066, 1309, 1155, 767, 1224, 1814, 1532, 826, 805, 1087, 1109, 726, 1134, 1608, 1281, 730, 889, 1009, 1068, 772, 1055, 1138, 817, 602, 782, 796, 841, 781, 919, 850, 609, 654, 670, 736, 731, 672, 871, 887, 736, 668, 688, 830, 825, 681, 1017, 1040, 807, 733, 737, 803, 822, 799, 885, 876, 753, 702, 609, 674, 719, 722, 759, 741, 751, 703, 674, 671, 683, 661, 681, 789, 887, 825, 722, 643, 645, 683, 686, 666, 857, 757, 560, 658, 674, 726, 693, 723, 793, 647, 544, 626, 662, 670, 769, 803, 782, 626, 672, 711, 634, 636, 787, 964, 984, 823, 825, 803, 760, 701, 1006, 1024, 913, 991, 1057, 934, 843, 814, 1055, 1254, 1047, 918, 1110, 961, 830, 846, 872, 1097, 1061, 844, 861, 929, 890, 801, 834, 1024, 966, 811, 745, 998, 895, 688, 1033, 1131, 1062, 809, 764, 1069, 986, 736, 991, 1047, 1077, 866, 774, 908, 975, 810, 937, 1104, 1119, 914, 765, 990, 1090, 844, 967, 1031, 984, 924, 763, 1056, 1063, 775, 871, 904, 904, 834, 689, 825, 869, 777, 755, 714, 758, 685, 598, 628, 704, 759, 716, 707, 793, 835, 666, 732, 815, 766, 705, 773, 787, 722, 631, 674, 708, 641, 689, 800, 772, 740, 786, 803, 788, 750, 557, 678, 667, 654, 677, 632, 659, 616, 1144, 968, 875, 1051, 1011, 786, 1035, 1163, 2642, 1664, 1114, 2054, 1793, 1482, 2152, 2749, 2877, 1692, 1267, 2010, 1661, 1780, 2407, 3015, 1569, 918, 870, 1010, 1044, 1090, 1410, 1757, 959, 691, 693, 854, 763, 754, 999, 1082, 726, 661, 620, 735, 755, 675, 894, 891, 865, 750, 734, 737, 713, 707, 760, 861, 778, 833, 883, 683, 701, 735, 838, 826, 773, 727, 801, 658, 627, 882, 977, 894, 952, 976, 887, 695, 777, 1008, 905, 660, 1186, 1405, 1404, 1007, 704, 1076, 1230, 1126, 1582, 1355, 1904, 1371, 881, 1163, 2149, 2365, 2161, 1563, 2514, 1756, 1020, 1261, 3142, 3857, 1925, 1800, 2529, 1624, 1037, 1589, 3475, 3798, 1293, 1199, 1514, 1115, 917, 1404, 2409, 2312, 1064, 807, 1110, 945, 859, 901, 1192, 1287, 1052, 849, 1290, 1019, 802, 848, 1331, 1611, 861, 1048, 1273, 959, 814, 876, 1414, 1508, 774, 1093, 1277, 852, 690, 787, 1356, 1325, 877, 1153, 1310, 760, 650, 856, 1406, 1326, 951, 1252, 1215, 816, 793, 938, 1277, 1200, 884, 1074, 1037, 754, 797, 934, 1073, 979, 1188, 925, 1277, 1294, 950, 827, 1061, 1313, 1383, 932, 1404, 1552, 1001, 904, 1195, 1449, 1178, 1193, 1309, 1236, 880, 942, 1383, 1245, 1009, 1161, 1383, 1144, 774, 814, 1378, 1399, 1073, 1078, 1301, 1191, 813, 698, 1194, 1309, 1135, 893, 1089, 1092, 756, 549, 865, 1174, 879, 721, 956, 897, 588, 651, 787, 970, 720, 700, 706, 755, 607, 889, 929, 718, 565, 613, 601, 596, 485, 686, 730, 525, 513, 504, 606, 526, 438, 512, 532, 507, 479, 451, 577, 550, 470, 442, 510, 535, 461, 485, 580, 507, 462, 520, 491, 482, 415, 439, 528, 502, 429, 461, 451, 435]"
-0.7610073089599609,0.20590263605117798,-1.4324586391448975,-0.933165967464447,0.29235753417015076,-0.8124456405639648,-0.5208094120025635,-0.5674824714660645,-0.8224010467529297,21.25,-0.5660519599914551,-0.8166790008544922,19.5,0.5430235862731934,-0.13589859008789062,16.75,0.5799307823181152,-0.20227432250976562,15.0,1.468278408050537,1.9610881805419922,15.0,"[544, 592, 656, 677, 677, 677, 652, 591, 526, 562, 668, 760, 676, 638, 681, 567, 556, 494, 519, 553, 537, 514, 552, 598, 419, 444, 489, 584, 520, 461, 456, 458, 435, 489, 424, 491, 540, 457, 429, 390, 520, 541, 484, 554, 540, 458, 467, 410, 549, 467, 406, 565, 556, 507, 442, 522, 542, 462, 428, 509, 523, 464, 458, 503, 462, 517, 487, 480, 449, 499, 526, 458, 496, 535, 563, 569, 511, 481, 529, 531, 490, 470, 516, 564, 497, 569, 621, 552, 499, 605, 615, 610, 541, 552, 653, 589, 528, 534, 543, 538, 492, 481, 514, 559, 663, 647, 597, 544, 533, 579, 588, 620, 697, 659, 546, 528, 586, 634, 520, 556, 506, 614, 545, 453, 548, 589, 527, 525, 562, 478, 443, 470, 493, 491, 513, 570, 510, 493, 500, 521, 491, 465, 495, 545, 488, 500, 471, 508, 521, 434, 449, 488, 505, 454, 538, 610, 474, 450, 472, 532, 478, 494, 558, 615, 512, 507, 544, 505, 521, 544, 572, 592, 574, 531, 562, 534, 573, 613, 638, 577, 651, 664, 662, 610, 576, 583, 616, 530, 574, 614, 660, 631, 514, 621, 536, 495, 577, 600, 582, 556, 510, 638, 583, 484, 674, 736, 654, 568, 559, 542, 570, 548, 549, 534, 559, 569, 498, 534, 558, 472, 550, 598, 576, 542, 480, 573, 580, 483, 550, 621, 561, 539, 543, 748, 638, 564, 576, 519, 582, 573, 565, 614, 523, 547, 574, 521, 601, 625, 517, 562, 567, 474, 461, 475, 537, 573, 1063, 1690, 1451, 703, 652, 745, 1012, 721, 3205, 5484, 4322, 1334, 1553, 2377, 3089, 1323, 4030, 7099, 5511, 1434, 1892, 3286, 4342, 1700, 2576, 4493, 3366, 821, 1268, 2208, 2906, 1141, 1451, 2747, 2350, 850, 942, 1278, 1739, 938, 1544, 3264, 3110, 1389, 1027, 1711, 2367, 1656, 2548, 5322, 5003, 2143, 1477, 2617, 3865, 2550, 2566, 4837, 4383, 1870, 1566, 2480, 3734, 2379, 1639, 3337, 3085, 1455, 1048, 1988, 3123, 2067, 958, 1871, 1841, 1058, 636, 1260, 1883, 1283, 816, 1331, 1187, 805, 671, 1004, 1135, 752, 792, 1298, 1163, 637, 623, 847, 1053, 770, 737, 1203, 1051, 589, 660, 699, 816, 627, 818, 1408, 1287, 717, 765, 690, 792, 753, 835, 1491, 1258, 677, 772, 747, 846, 691, 949, 1516, 1245, 661, 866, 785, 888, 629, 919, 1257, 1074, 695, 838, 872, 838, 583, 1071, 1770, 1492, 757, 817, 1086, 1285, 804, 1090, 1869, 1701, 804, 828, 1132, 1379, 990, 924, 1247, 1101, 734, 722, 897, 1003, 897, 680, 710, 718, 653, 530, 641, 789, 786, 1219, 1368, 881, 714, 1084, 946, 711, 777, 2724, 3570, 2288, 1009, 2271, 2020, 1203, 1006, 3684, 4798, 3051, 1271, 2756, 2385, 1634, 1302, 2499, 3085, 2081, 1203, 1799, 1566, 1325, 1252, 1965, 3153, 2569, 989, 1580, 1873, 1724, 1019, 4104, 5653, 4417, 2000, 2817, 3450, 3230, 1759, 4968, 6356, 4773, 2846, 3835, 4349, 3667, 2779, 3619, 4016, 2950, 2553, 2898, 2753, 2206, 2229, 2083, 2474, 1653, 1435, 1686, 1528, 1281, 1101, 1169, 1805, 1536, 822, 978, 1054, 855, 603, 1012, 1519, 1321, 618, 821, 868, 796, 665, 1044, 1176, 919, 520, 756, 808, 800, 774, 906, 1063, 795, 551, 681, 741, 783, 611, 795, 945, 756, 636, 704, 675, 684, 669, 654, 762, 687, 597, 652, 641, 634, 567, 583, 647, 576, 597, 623, 637, 613, 517, 753, 939, 763, 543, 725, 696, 706, 650, 807, 979, 806, 625, 850, 849, 699, 670, 861, 909, 862, 747, 783, 862, 805, 692, 622, 733, 703, 663, 604, 594, 782, 665, 651, 754, 700, 652, 604, 772, 868, 683, 764, 920, 778, 566, 640, 894, 871, 625, 835, 895, 723, 647, 692, 700, 642, 686, 921, 853, 738, 680, 666, 638, 585, 759, 947, 860, 744, 693, 728, 833, 668, 712, 738, 715, 637, 623, 667, 643, 515, 598, 635, 674, 655, 725, 663, 578, 665, 642, 702, 800, 756, 734, 765, 733, 681, 660, 882, 1015, 992, 790, 690, 737, 772, 824, 592, 849, 958, 706, 628, 706, 805, 776, 600, 701, 903, 879, 650, 734, 813, 698, 759, 746, 807, 847, 717, 790, 766, 747, 652, 761, 869, 768, 657, 842, 812, 720, 755, 837, 818, 826, 657, 835, 800, 730, 827, 850, 702, 739, 656, 801, 877, 763, 650, 789, 802, 705, 570, 771, 873, 772, 565, 698, 728, 692, 621, 664, 755, 670, 766, 753, 759, 557, 572, 667, 729, 746, 655, 620, 663, 615, 534, 531, 635, 724, 608, 780, 787, 629, 528, 603, 838, 684, 728, 999, 1015, 671, 543, 885, 1074, 845, 725, 1038, 1039, 778, 759, 991, 1065, 792, 793, 899, 763, 697, 745, 901, 833, 643, 802, 717, 720, 653, 578, 722, 675, 697, 759, 799, 748, 569, 499, 727, 764, 674, 812, 710, 673, 611, 588, 617, 698, 850, 700, 631, 674, 614, 518, 619, 673, 701, 640, 727, 705, 644, 577, 636, 796, 733, 674, 624, 646, 653, 652, 683, 796, 728, 740, 693, 718, 685, 626, 656, 818, 824, 1170, 1127, 900, 713, 804, 955, 939, 985, 1445, 1467, 1359, 818, 968, 1192, 1095, 1245, 1595, 2353, 2665, 1099, 1088, 1469, 2710, 2805, 2005, 3196, 3831, 1631, 1231, 2098, 4437, 4401, 1680, 2496, 2857, 1512, 1215, 1945, 3252, 3216, 1230, 1228, 1254, 1293, 1125, 1197, 1486, 1461, 1082, 835, 1206, 1230, 933, 1123, 1413, 1396, 1278, 780, 1403, 1417, 868, 1057, 1358, 1635, 949, 894, 1667, 1396, 919, 855, 1239, 1566, 650, 1079, 1449, 1130, 719, 1077, 1205, 1018, 1032, 908, 1080, 1017, 724, 1085, 1494, 1409, 1037, 654, 812, 910, 675, 776, 1065, 1219, 1107, 772, 1056, 1046, 795, 908, 987, 1246, 991, 949, 1216, 1001, 770, 771, 1237, 1444, 889, 993, 947, 912, 817, 940, 1286, 1132, 697, 917, 764, 685, 669, 808, 986, 643, 790, 986, 1098, 849, 654, 728, 952, 1014, 680, 806, 965, 731, 589, 745, 737, 790, 573, 681, 744, 636, 638, 727, 643, 597, 509, 603, 647, 575, 555, 684, 637, 571, 471, 578, 638, 532, 491, 580, 604, 548, 561, 471, 514, 511, 427, 497, 531, 531, 475, 429, 485, 477, 413, 385, 411, 487, 439, 433, 545, 537, 413, 428, 456, 474, 415, 532, 579, 497, 378, 378, 504, 466]"
-0.7956082820892334,0.2446194738149643,-1.5977556705474854,-0.8124020099639893,0.3209436535835266,-0.9154087901115417,-0.29041165113449097,-0.6382443904876709,-0.7903575897216797,17.75,-0.16045355796813965,-0.8066654205322266,29.0,-0.0408627986907959,-0.7185459136962891,29.25,2.07185959815979,0.8600234985351562,18.25,2.232362985610962,0.4932403564453125,17.75,"[536, 581, 678, 651, 525, 659, 681, 580, 584, 595, 599, 618, 629, 687, 682, 585, 577, 576, 596, 507, 593, 639, 568, 519, 516, 577, 520, 493, 527, 527, 522, 438, 549, 538, 503, 416, 501, 529, 455, 506, 560, 563, 540, 566, 575, 507, 520, 584, 616, 639, 588, 591, 578, 581, 569, 594, 539, 531, 519, 554, 521, 486, 506, 471, 492, 566, 507, 494, 550, 589, 540, 472, 527, 582, 553, 527, 654, 703, 624, 509, 585, 496, 568, 571, 559, 588, 584, 581, 582, 573, 596, 559, 580, 619, 567, 571, 516, 568, 580, 509, 527, 598, 545, 477, 516, 560, 640, 573, 482, 550, 550, 503, 606, 616, 672, 618, 561, 631, 580, 517, 603, 636, 617, 532, 587, 670, 591, 488, 573, 616, 592, 527, 573, 688, 554, 473, 541, 677, 582, 504, 568, 630, 522, 402, 497, 629, 560, 433, 574, 644, 539, 454, 479, 545, 571, 552, 540, 626, 576, 488, 495, 598, 583, 501, 516, 562, 565, 534, 515, 586, 538, 524, 535, 621, 586, 515, 562, 553, 483, 591, 575, 542, 501, 512, 506, 559, 587, 561, 535, 541, 510, 531, 504, 501, 560, 582, 513, 519, 538, 501, 556, 482, 459, 491, 509, 495, 461, 516, 579, 496, 502, 473, 498, 574, 511, 554, 635, 568, 467, 499, 513, 524, 494, 509, 558, 555, 485, 451, 502, 547, 507, 510, 547, 528, 504, 517, 479, 430, 572, 587, 556, 523, 499, 539, 577, 563, 554, 564, 667, 577, 575, 653, 633, 568, 462, 549, 1071, 1394, 1063, 604, 783, 1014, 932, 502, 2713, 3647, 2348, 696, 1317, 2086, 2099, 749, 3232, 4130, 2403, 618, 1448, 2399, 2251, 704, 3350, 5156, 3773, 1297, 1463, 2795, 3341, 1590, 8825, 15099, 11878, 3925, 3451, 7407, 10124, 5145, 10436, 17845, 13987, 4512, 4135, 8585, 12031, 6291, 5536, 8998, 6872, 2249, 2323, 4313, 5955, 3351, 2658, 4102, 3079, 1119, 1248, 2322, 2658, 1323, 1328, 1783, 1255, 649, 698, 1082, 1243, 642, 859, 997, 735, 591, 676, 540, 635, 595, 701, 758, 704, 611, 708, 645, 699, 699, 1097, 1599, 1297, 610, 897, 946, 966, 618, 1791, 2921, 2241, 757, 1196, 1427, 1654, 726, 1585, 2510, 2050, 849, 1197, 1461, 1576, 793, 2174, 3522, 3161, 1746, 1309, 1851, 2339, 1749, 3294, 5745, 5168, 2462, 1520, 3030, 4209, 2809, 2109, 3192, 2872, 1526, 1243, 2031, 2584, 1910, 964, 1119, 962, 673, 916, 948, 810, 725, 1776, 2387, 1597, 740, 1409, 1264, 953, 756, 2959, 4265, 2834, 720, 2230, 1975, 1508, 827, 2233, 3394, 2471, 635, 1832, 1629, 1269, 761, 1368, 1959, 1624, 676, 1238, 1155, 948, 869, 1236, 1735, 1475, 684, 1068, 1003, 919, 902, 1600, 2084, 1506, 692, 1254, 1116, 759, 781, 2206, 2874, 1793, 714, 1591, 1236, 766, 810, 1704, 2564, 1922, 744, 1474, 1490, 1069, 689, 1560, 2363, 1976, 756, 1165, 1447, 1274, 835, 1866, 2609, 1994, 875, 1378, 1285, 1124, 897, 1661, 2746, 2372, 986, 1439, 1546, 1242, 888, 1527, 2562, 2295, 1019, 1348, 1392, 1226, 898, 1247, 1764, 1600, 801, 1058, 1077, 864, 711, 1035, 1262, 1070, 704, 816, 836, 720, 688, 831, 894, 712, 747, 813, 752, 685, 682, 879, 853, 698, 779, 798, 780, 700, 691, 875, 825, 821, 787, 718, 780, 720, 737, 712, 723, 715, 591, 651, 681, 648, 656, 665, 758, 666, 577, 636, 533, 603, 667, 727, 803, 675, 561, 673, 707, 707, 667, 575, 742, 726, 585, 581, 587, 679, 670, 645, 781, 758, 593, 605, 623, 556, 585, 683, 888, 855, 598, 698, 675, 569, 552, 822, 1191, 1103, 760, 985, 996, 817, 708, 1007, 1483, 1320, 1019, 1268, 1209, 998, 956, 1031, 1266, 1145, 752, 1013, 1105, 914, 922, 792, 871, 824, 648, 643, 788, 882, 801, 694, 693, 700, 651, 591, 664, 691, 723, 731, 669, 781, 660, 638, 756, 714, 800, 710, 753, 829, 728, 660, 792, 801, 803, 780, 866, 847, 774, 626, 776, 904, 767, 702, 934, 914, 782, 707, 839, 866, 695, 672, 715, 717, 577, 573, 642, 665, 674, 655, 832, 779, 662, 644, 678, 695, 708, 638, 716, 709, 612, 692, 801, 749, 612, 722, 822, 773, 604, 734, 836, 759, 607, 692, 762, 727, 597, 684, 848, 686, 591, 716, 802, 751, 608, 669, 888, 744, 583, 663, 697, 643, 602, 595, 707, 662, 578, 717, 633, 629, 669, 631, 669, 633, 664, 760, 695, 744, 680, 668, 668, 663, 702, 686, 767, 623, 554, 626, 625, 573, 551, 529, 649, 590, 464, 553, 587, 598, 526, 601, 656, 618, 609, 605, 646, 692, 577, 664, 710, 602, 523, 584, 598, 591, 588, 768, 655, 587, 588, 563, 639, 567, 702, 804, 578, 617, 597, 561, 625, 662, 858, 830, 600, 575, 522, 560, 618, 713, 930, 657, 721, 663, 682, 641, 553, 593, 654, 659, 815, 760, 663, 754, 789, 705, 511, 579, 783, 774, 613, 563, 680, 674, 531, 699, 886, 941, 751, 643, 771, 829, 700, 747, 845, 910, 767, 683, 795, 793, 727, 730, 853, 880, 696, 580, 774, 926, 800, 798, 869, 893, 686, 591, 755, 968, 902, 1645, 1191, 1883, 1203, 708, 913, 2314, 2800, 2755, 2115, 3761, 2170, 1060, 1775, 4894, 5651, 2507, 2228, 3408, 1855, 1174, 1956, 4966, 5455, 1756, 1547, 1901, 955, 901, 1339, 3126, 3451, 1047, 1062, 1227, 850, 693, 906, 1421, 1495, 577, 922, 1067, 772, 670, 810, 1089, 1060, 807, 808, 798, 744, 701, 694, 828, 830, 866, 928, 823, 680, 653, 720, 843, 872, 970, 1008, 828, 700, 660, 749, 871, 897, 1243, 1184, 934, 899, 669, 794, 1012, 1053, 1071, 907, 836, 698, 522, 761, 1030, 1148, 832, 715, 871, 724, 631, 760, 1144, 1244, 790, 568, 636, 709, 718, 794, 897, 1055, 965, 911, 881, 736, 719, 1006, 869, 787, 770, 822, 895, 662, 635, 840, 767, 647, 629, 669, 643, 742, 589, 671, 709, 611, 723, 852, 900, 835, 678, 717, 775, 645, 756, 770, 1056, 1056, 677, 587, 729, 874, 741, 769, 959, 992, 693, 706, 819, 773, 626, 612, 636, 565, 406, 644, 632, 546, 551, 626, 536, 466, 446, 554, 563, 430, 501, 615, 556, 464, 416, 524, 563, 434, 465, 523, 530, 435, 401, 521, 520, 452]"
-0.8920329809188843,0.34967806935310364,-1.781038522720337,-0.8451024889945984,0.44561630487442017,-1.0466279983520508,-0.2571072280406952,-0.43357783555984497,1.1435508728027344,25.0,-0.28480464220046997,-0.8540153503417969,20.25,1.9485098719596863,2.3657798767089844,18.0,2.425442397594452,1.7369270324707031,17.75,2.842007339000702,-0.2490520477294922,18.0,"[535, 542, 640, 639, 575, 642, 641, 542, 495, 577, 660, 582, 504, 624, 645, 535, 519, 553, 563, 577, 617, 485, 454, 533, 494, 498, 550, 495, 507, 543, 549, 538, 505, 508, 538, 575, 536, 537, 548, 555, 411, 470, 500, 480, 457, 535, 531, 410, 467, 525, 510, 454, 463, 552, 564, 517, 522, 541, 567, 484, 475, 485, 507, 546, 572, 541, 527, 467, 529, 524, 496, 557, 618, 602, 571, 523, 516, 542, 537, 590, 512, 559, 466, 483, 464, 609, 601, 473, 509, 537, 524, 477, 486, 618, 607, 476, 520, 536, 492, 475, 529, 575, 523, 458, 486, 517, 579, 642, 577, 563, 573, 517, 506, 618, 655, 625, 553, 690, 696, 530, 578, 634, 634, 515, 567, 704, 669, 575, 615, 571, 570, 548, 551, 616, 574, 565, 688, 634, 589, 544, 552, 645, 589, 604, 575, 474, 596, 562, 617, 604, 492, 615, 543, 505, 518, 520, 644, 635, 495, 553, 530, 510, 546, 549, 614, 557, 500, 586, 458, 564, 567, 611, 540, 505, 610, 560, 487, 523, 546, 603, 535, 494, 641, 583, 467, 523, 539, 517, 414, 473, 526, 417, 537, 519, 533, 582, 508, 533, 538, 456, 587, 553, 622, 571, 530, 593, 611, 553, 579, 521, 587, 581, 546, 582, 563, 561, 555, 565, 592, 571, 563, 540, 518, 485, 431, 521, 660, 573, 498, 561, 574, 479, 445, 532, 621, 579, 559, 600, 585, 491, 429, 497, 539, 518, 474, 539, 640, 569, 936, 1263, 1044, 636, 689, 838, 897, 749, 2398, 4065, 3192, 1096, 1326, 2205, 2878, 1614, 3211, 5581, 4507, 1501, 1591, 3080, 4086, 2394, 5850, 11248, 9265, 3049, 1876, 6324, 8679, 4483, 8067, 17204, 14648, 4899, 2238, 9208, 13258, 6824, 5009, 11060, 9648, 3403, 1519, 4946, 7875, 4303, 2643, 4881, 4293, 1681, 1498, 2379, 3001, 1906, 1736, 2829, 2398, 1115, 1177, 1836, 1988, 1213, 1184, 1804, 1571, 882, 1004, 1337, 1369, 767, 1418, 2246, 1820, 826, 1004, 1126, 1347, 670, 1560, 2427, 1925, 919, 1021, 1230, 1477, 890, 1490, 2540, 2023, 766, 928, 1399, 1729, 971, 3814, 6085, 4412, 978, 2137, 2917, 3459, 1255, 9527, 14081, 9502, 1679, 4547, 6286, 7287, 1916, 12723, 18610, 12490, 2219, 5439, 8365, 9801, 2675, 7857, 11399, 7624, 1638, 3214, 5077, 6060, 1951, 2275, 3004, 1977, 826, 1132, 1427, 1615, 1037, 978, 1081, 801, 636, 687, 739, 711, 661, 718, 863, 839, 645, 673, 720, 794, 688, 1196, 1641, 1402, 815, 904, 945, 919, 704, 2084, 3096, 2309, 834, 1636, 1539, 1286, 716, 2041, 3063, 2259, 734, 1605, 1461, 1395, 845, 1147, 1784, 1527, 801, 1108, 1100, 1056, 882, 1346, 2244, 1966, 939, 1258, 1310, 1113, 910, 2829, 4200, 3336, 1060, 2270, 2336, 1531, 1201, 2537, 4113, 3542, 1177, 2432, 3056, 1745, 978, 1562, 2101, 1942, 1046, 1403, 1983, 1480, 801, 1659, 2202, 1733, 934, 1261, 1314, 1189, 880, 2934, 4714, 3691, 1232, 2052, 2116, 1769, 1152, 3679, 5591, 4179, 1360, 2508, 2340, 1789, 1161, 2100, 2911, 2143, 972, 1424, 1237, 1024, 912, 853, 1114, 924, 628, 853, 953, 779, 656, 708, 836, 797, 719, 794, 843, 784, 695, 776, 808, 782, 776, 817, 856, 770, 685, 867, 1072, 973, 694, 806, 944, 878, 701, 787, 1038, 879, 617, 755, 879, 789, 615, 618, 725, 730, 597, 583, 662, 716, 588, 570, 582, 603, 600, 617, 553, 527, 582, 616, 657, 651, 633, 668, 626, 535, 524, 665, 668, 687, 682, 661, 673, 656, 633, 622, 590, 607, 633, 583, 567, 654, 638, 630, 634, 785, 691, 540, 617, 674, 704, 604, 668, 807, 683, 524, 655, 674, 612, 748, 769, 637, 587, 545, 662, 668, 597, 878, 870, 786, 731, 720, 725, 712, 742, 882, 914, 797, 743, 784, 738, 648, 766, 771, 761, 730, 630, 648, 675, 675, 701, 566, 534, 666, 713, 552, 543, 714, 688, 554, 609, 661, 738, 610, 523, 664, 676, 584, 680, 678, 580, 534, 601, 638, 589, 692, 817, 797, 640, 596, 661, 764, 683, 699, 696, 638, 609, 646, 641, 665, 698, 659, 743, 667, 623, 668, 639, 653, 601, 688, 828, 791, 596, 734, 794, 738, 638, 834, 903, 869, 728, 789, 840, 834, 801, 889, 907, 765, 802, 716, 786, 873, 759, 837, 890, 779, 659, 642, 858, 918, 718, 738, 785, 710, 660, 631, 801, 766, 709, 549, 586, 591, 638, 604, 601, 638, 593, 670, 746, 648, 593, 640, 578, 666, 696, 644, 663, 704, 637, 580, 492, 580, 668, 586, 573, 628, 565, 518, 573, 539, 534, 632, 561, 605, 548, 521, 563, 646, 640, 622, 543, 597, 579, 560, 578, 587, 654, 859, 732, 629, 610, 774, 772, 636, 767, 1032, 861, 737, 578, 833, 911, 770, 933, 1220, 1052, 781, 676, 951, 1108, 851, 982, 1026, 1098, 855, 620, 866, 932, 771, 767, 840, 990, 749, 582, 708, 715, 668, 573, 754, 826, 607, 585, 593, 587, 697, 583, 755, 768, 621, 613, 596, 645, 732, 694, 777, 777, 763, 725, 672, 800, 730, 721, 636, 627, 731, 730, 777, 704, 594, 628, 639, 760, 770, 780, 796, 741, 802, 776, 829, 991, 1050, 798, 809, 927, 1120, 1059, 1304, 2287, 2671, 1625, 1217, 2068, 2755, 2254, 2137, 4469, 5520, 3342, 1803, 4017, 5598, 4466, 2095, 4681, 5716, 3349, 1516, 4117, 5849, 4610, 1604, 3270, 3541, 1867, 1198, 2767, 3621, 2543, 1192, 2165, 2087, 1215, 984, 1746, 2023, 1346, 1135, 1712, 1753, 1185, 802, 1539, 1690, 1170, 1114, 1606, 1881, 1327, 824, 1408, 1614, 1307, 1334, 1830, 1753, 1194, 894, 1191, 1523, 1367, 1270, 1496, 1188, 874, 903, 1254, 1366, 1109, 1142, 1169, 901, 792, 920, 1183, 1163, 952, 1309, 1282, 788, 742, 944, 1233, 1075, 952, 1227, 1046, 764, 779, 862, 1099, 983, 995, 1016, 710, 850, 777, 779, 899, 1004, 1169, 731, 631, 778, 664, 751, 843, 905, 902, 666, 630, 633, 602, 665, 807, 755, 730, 715, 610, 532, 572, 687, 702, 660, 669, 678, 578, 663, 624, 596, 594, 635, 750, 626, 627, 588, 547, 635, 639, 603, 563, 498, 634, 610, 509, 497, 545, 590, 501, 463, 530, 521, 546, 452, 557, 671, 545, 393, 472, 519, 490, 398, 543, 623, 493, 460, 507, 458, 387, 403, 524, 544, 484]"
-0.9005895256996155,0.521324872970581,-1.5339200496673584,-0.6335309743881226,0.6438445448875427,-0.5425322651863098,0.07288596034049988,0.05570477247238159,-0.7651805877685547,-30.5,0.08274143934249878,-0.7577419281005859,28.75,0.29131001234054565,1.2359619140625,17.5,0.6000143885612488,1.04827880859375,18.75,0.6231886744499207,-0.3716468811035156,18.0,"[521, 578, 654, 585, 467, 585, 654, 578, 554, 561, 602, 646, 572, 619, 648, 592, 566, 492, 569, 570, 574, 661, 589, 533, 618, 533, 531, 521, 548, 585, 558, 589, 490, 475, 502, 485, 482, 532, 555, 532, 485, 492, 486, 536, 574, 531, 525, 490, 491, 520, 507, 559, 576, 491, 490, 479, 522, 509, 573, 620, 536, 441, 490, 557, 550, 477, 536, 580, 525, 457, 411, 536, 572, 536, 517, 515, 601, 552, 488, 576, 468, 531, 537, 500, 579, 560, 491, 453, 494, 540, 598, 559, 575, 530, 549, 540, 603, 518, 530, 494, 485, 464, 477, 628, 624, 609, 553, 550, 619, 653, 594, 637, 539, 571, 530, 567, 683, 624, 549, 526, 488, 603, 656, 625, 570, 563, 548, 464, 555, 516, 591, 666, 626, 485, 494, 557, 609, 522, 524, 597, 496, 446, 506, 606, 710, 664, 568, 562, 616, 556, 565, 624, 661, 689, 535, 500, 515, 518, 506, 543, 560, 610, 521, 447, 524, 438, 453, 549, 506, 475, 496, 571, 458, 466, 562, 595, 557, 464, 457, 549, 485, 514, 611, 601, 604, 575, 542, 507, 545, 646, 618, 584, 612, 550, 469, 437, 525, 531, 499, 582, 577, 566, 494, 457, 582, 581, 479, 535, 579, 583, 513, 474, 513, 542, 473, 546, 482, 451, 521, 501, 540, 557, 579, 555, 533, 522, 586, 534, 444, 517, 611, 607, 531, 508, 535, 478, 435, 516, 548, 537, 736, 1082, 1045, 716, 659, 956, 958, 695, 2151, 4638, 4102, 1442, 1566, 3269, 4188, 2394, 6698, 14701, 12454, 3749, 3120, 9477, 13024, 7195, 11744, 24504, 19768, 5361, 4196, 15017, 20570, 10215, 9423, 18544, 14298, 3476, 3043, 11011, 14776, 6424, 2682, 6075, 5062, 1723, 930, 3560, 5360, 2994, 1502, 3109, 2888, 1318, 858, 1817, 2723, 1849, 1090, 1797, 1595, 892, 728, 1163, 1705, 1409, 813, 1944, 2066, 1092, 682, 1567, 2301, 1783, 1559, 2618, 2249, 1069, 1006, 1693, 2135, 1611, 4154, 5875, 4037, 1347, 2548, 2543, 2783, 1699, 7048, 9636, 6389, 2254, 3692, 3363, 4286, 2870, 6092, 8529, 5748, 1949, 2853, 3501, 4459, 2656, 3349, 4826, 3325, 1086, 1776, 2524, 2779, 1332, 2443, 3776, 2674, 784, 1439, 1770, 1961, 876, 2030, 3217, 2290, 644, 1266, 1439, 1752, 816, 1259, 2040, 1702, 665, 911, 973, 1138, 666, 994, 1271, 1162, 681, 813, 825, 909, 728, 859, 1033, 881, 627, 688, 638, 629, 646, 720, 892, 772, 563, 575, 656, 681, 654, 1040, 1086, 910, 662, 695, 822, 910, 924, 1321, 1679, 1377, 795, 842, 1130, 1288, 1105, 1009, 1341, 1121, 697, 695, 974, 1140, 965, 883, 1126, 1065, 776, 793, 918, 1003, 831, 1286, 2061, 1715, 707, 1165, 1354, 1097, 679, 2837, 4493, 3492, 942, 2281, 2728, 1954, 820, 5378, 8403, 6205, 1534, 4352, 4583, 3076, 1144, 5193, 8137, 6186, 1832, 4465, 4431, 2841, 1487, 3116, 4848, 3943, 1526, 2741, 2682, 1668, 1258, 1843, 2965, 2513, 1052, 1642, 1714, 1243, 987, 1279, 2070, 1767, 867, 1182, 1088, 991, 893, 1286, 1978, 1620, 817, 979, 933, 1018, 821, 1132, 1524, 1180, 723, 807, 762, 769, 638, 939, 1103, 855, 574, 790, 788, 670, 693, 749, 916, 760, 551, 671, 769, 679, 625, 802, 967, 807, 618, 716, 792, 654, 591, 799, 952, 879, 705, 683, 733, 678, 636, 570, 746, 730, 625, 575, 562, 567, 574, 566, 669, 644, 703, 676, 550, 610, 595, 752, 747, 611, 614, 693, 642, 611, 675, 716, 802, 815, 618, 580, 624, 683, 726, 718, 879, 853, 591, 511, 688, 763, 725, 772, 754, 659, 630, 644, 675, 631, 631, 852, 708, 680, 740, 671, 664, 649, 721, 812, 738, 652, 624, 654, 669, 681, 725, 873, 895, 617, 536, 619, 638, 617, 610, 729, 773, 706, 655, 580, 538, 613, 617, 701, 785, 725, 659, 702, 618, 687, 647, 699, 765, 729, 684, 706, 700, 740, 728, 688, 662, 647, 692, 711, 740, 685, 687, 589, 658, 668, 627, 632, 753, 636, 562, 685, 715, 717, 665, 664, 697, 594, 553, 648, 662, 717, 632, 578, 715, 659, 616, 644, 644, 821, 710, 565, 653, 672, 713, 680, 635, 702, 760, 630, 558, 635, 695, 789, 661, 667, 726, 656, 617, 806, 860, 743, 674, 705, 662, 613, 764, 823, 814, 730, 750, 706, 549, 514, 620, 633, 636, 634, 659, 621, 577, 504, 523, 484, 490, 585, 694, 640, 647, 601, 586, 570, 541, 651, 669, 624, 585, 633, 634, 602, 632, 709, 668, 630, 629, 701, 706, 699, 730, 630, 693, 673, 603, 587, 614, 578, 614, 674, 657, 589, 582, 649, 667, 593, 581, 728, 696, 747, 730, 712, 768, 708, 741, 1216, 944, 1048, 919, 789, 1207, 863, 1022, 1562, 971, 1103, 1044, 883, 1309, 930, 1304, 1232, 778, 947, 1008, 831, 1030, 860, 1187, 704, 588, 757, 640, 577, 724, 707, 769, 577, 638, 660, 510, 507, 655, 691, 634, 815, 669, 663, 688, 585, 735, 690, 689, 990, 757, 812, 904, 623, 757, 819, 878, 933, 787, 792, 810, 601, 812, 862, 762, 1067, 867, 833, 897, 667, 1046, 999, 820, 1172, 834, 828, 911, 689, 1059, 883, 892, 1358, 931, 1199, 1044, 685, 1075, 966, 1279, 1727, 1030, 1246, 1225, 789, 957, 1229, 1804, 1303, 758, 1027, 1016, 716, 740, 1283, 1633, 863, 855, 1017, 934, 690, 812, 1002, 1076, 716, 854, 903, 753, 712, 870, 947, 752, 872, 822, 704, 662, 757, 858, 809, 697, 1049, 1254, 946, 645, 714, 768, 823, 763, 955, 1479, 1222, 670, 705, 876, 1160, 976, 642, 1277, 1287, 759, 565, 971, 1264, 902, 682, 1121, 1154, 874, 660, 1038, 1420, 1082, 858, 914, 923, 835, 677, 1085, 1527, 1334, 958, 981, 830, 695, 792, 1086, 1277, 1092, 818, 852, 757, 748, 799, 785, 822, 810, 560, 744, 649, 489, 656, 723, 770, 677, 678, 932, 983, 771, 566, 714, 963, 870, 704, 987, 1158, 849, 425, 717, 977, 966, 801, 894, 948, 768, 502, 746, 718, 710, 809, 766, 742, 692, 612, 744, 634, 611, 666, 686, 702, 675, 622, 629, 593, 580, 424, 538, 594, 560, 387, 473, 565, 505, 448, 485, 564, 554, 479, 504, 573, 507, 405, 486, 535, 496, 433, 525, 605, 497, 447, 424, 522, 517, 457, 490, 503, 469]"
-0.9187477827072144,0.6024704575538635,-1.3531241416931152,-0.500295877456665,0.6739052534103394,-0.1916099488735199,0.24195587635040283,0.16339001059532166,-0.73699951171875,28.75,0.6304520070552826,-0.5136966705322266,28.5,0.6925362050533295,-0.14390945434570312,16.5,0.7307308614253998,-0.4694938659667969,21.75,0.7361668050289154,-0.10957717895507812,26.25,"[730, 634, 517, 509, 511, 509, 519, 639, 649, 701, 602, 588, 658, 609, 574, 546, 439, 590, 578, 525, 523, 558, 551, 477, 432, 431, 560, 543, 462, 448, 479, 480, 469, 379, 483, 522, 497, 469, 489, 526, 519, 442, 485, 593, 524, 498, 456, 513, 522, 585, 569, 458, 487, 543, 523, 518, 491, 462, 501, 457, 410, 479, 522, 533, 444, 388, 448, 465, 456, 472, 495, 480, 504, 474, 478, 543, 561, 494, 439, 527, 518, 586, 543, 514, 584, 526, 461, 456, 544, 570, 595, 521, 597, 597, 558, 525, 506, 573, 565, 562, 670, 618, 503, 512, 474, 547, 590, 541, 623, 584, 510, 513, 524, 564, 529, 524, 587, 546, 533, 521, 561, 528, 561, 627, 593, 452, 550, 634, 572, 574, 563, 545, 557, 515, 618, 656, 573, 591, 549, 558, 596, 571, 635, 617, 560, 616, 609, 584, 576, 568, 663, 656, 517, 517, 591, 535, 528, 518, 648, 635, 484, 564, 556, 505, 554, 569, 525, 522, 497, 469, 538, 561, 564, 585, 569, 575, 471, 531, 597, 508, 488, 568, 522, 448, 553, 545, 496, 549, 522, 477, 433, 490, 624, 525, 498, 626, 572, 510, 492, 547, 582, 524, 556, 555, 518, 526, 571, 598, 575, 536, 589, 646, 587, 523, 555, 596, 638, 642, 540, 616, 595, 511, 557, 591, 598, 581, 550, 527, 502, 514, 583, 564, 814, 1138, 1033, 661, 694, 812, 917, 782, 1797, 3302, 3566, 1674, 1247, 2549, 3642, 2946, 2966, 10059, 10071, 3843, 2929, 7956, 11225, 7607, 6764, 14720, 12545, 4041, 3865, 10642, 13851, 7699, 4900, 8130, 5755, 1462, 2168, 5621, 6767, 2666, 3229, 7358, 6157, 1987, 1918, 5341, 7069, 3735, 2775, 5675, 4634, 1546, 1623, 4092, 5248, 2736, 1458, 2331, 1791, 806, 817, 1392, 1767, 1077, 2939, 4047, 2825, 1109, 1498, 1930, 2087, 1243, 6287, 8975, 6556, 2466, 2901, 4048, 5051, 3211, 6198, 8739, 6615, 2914, 2882, 4123, 5351, 3713, 3526, 4628, 3344, 1721, 1785, 2335, 2914, 2171, 1958, 2593, 1993, 1045, 1058, 1377, 1738, 1207, 2017, 2791, 2223, 1079, 868, 1489, 2041, 1313, 2828, 3877, 2958, 1440, 1128, 2151, 2702, 2064, 1912, 2728, 2551, 1243, 863, 1563, 2201, 1843, 971, 1469, 1442, 786, 757, 863, 1080, 1063, 1012, 1218, 980, 576, 797, 885, 765, 612, 872, 1010, 880, 610, 623, 797, 779, 675, 666, 744, 743, 578, 471, 687, 665, 553, 831, 1009, 871, 582, 623, 633, 588, 607, 1885, 2947, 2233, 710, 1374, 1592, 1342, 753, 3913, 5849, 4102, 1298, 3485, 3326, 1915, 1054, 4045, 5835, 3916, 1701, 3916, 3382, 1680, 1242, 2437, 3435, 2431, 1302, 2348, 2227, 1386, 1038, 1759, 2474, 1863, 994, 1485, 1629, 1133, 767, 1303, 1719, 1476, 796, 1025, 1142, 1030, 838, 1034, 1330, 1130, 708, 822, 912, 799, 685, 790, 1108, 965, 610, 685, 774, 642, 543, 1200, 1602, 1270, 762, 880, 1140, 938, 688, 1853, 2744, 2107, 932, 1352, 1620, 1445, 869, 1687, 2567, 2018, 931, 1281, 1453, 1409, 826, 1275, 1868, 1647, 935, 920, 1105, 1164, 859, 965, 1466, 1321, 746, 748, 807, 969, 808, 872, 947, 772, 669, 699, 669, 668, 725, 771, 1010, 767, 564, 688, 713, 722, 657, 715, 955, 817, 563, 620, 727, 800, 667, 799, 998, 774, 541, 679, 650, 619, 542, 767, 887, 769, 551, 604, 600, 587, 606, 710, 714, 758, 588, 585, 632, 680, 626, 623, 611, 583, 626, 589, 633, 621, 590, 758, 681, 754, 653, 651, 677, 683, 719, 770, 725, 799, 679, 693, 757, 698, 716, 726, 879, 770, 497, 585, 680, 650, 601, 711, 810, 716, 616, 703, 718, 666, 568, 655, 839, 756, 615, 712, 684, 602, 568, 726, 982, 814, 637, 721, 756, 728, 534, 747, 886, 721, 599, 693, 694, 642, 549, 711, 818, 683, 497, 639, 671, 649, 569, 733, 869, 732, 581, 673, 822, 726, 584, 683, 797, 714, 527, 621, 871, 735, 559, 664, 702, 700, 562, 643, 741, 606, 625, 533, 552, 623, 582, 514, 563, 645, 627, 624, 739, 697, 569, 556, 686, 738, 599, 607, 702, 709, 578, 675, 711, 674, 649, 1019, 731, 883, 918, 851, 825, 918, 1068, 945, 944, 956, 880, 735, 904, 1011, 990, 664, 722, 870, 731, 536, 851, 901, 698, 728, 699, 803, 795, 602, 700, 777, 801, 531, 664, 729, 629, 600, 645, 630, 580, 608, 672, 621, 597, 682, 608, 585, 579, 553, 591, 638, 625, 599, 652, 692, 561, 562, 559, 551, 552, 555, 635, 616, 562, 644, 657, 503, 549, 711, 658, 574, 540, 574, 691, 720, 643, 619, 703, 710, 535, 569, 667, 692, 591, 551, 561, 667, 567, 820, 784, 769, 664, 639, 680, 707, 742, 1040, 939, 779, 637, 748, 889, 879, 835, 1272, 1147, 944, 735, 882, 1195, 1147, 1016, 949, 842, 778, 740, 752, 976, 1002, 902, 673, 668, 740, 696, 561, 826, 873, 683, 544, 669, 709, 711, 524, 745, 847, 626, 690, 807, 778, 701, 565, 898, 959, 657, 669, 727, 747, 593, 600, 714, 694, 630, 730, 648, 623, 600, 625, 637, 634, 676, 606, 725, 760, 601, 594, 815, 724, 588, 1085, 987, 1105, 885, 683, 1068, 1106, 1176, 1524, 1370, 1816, 1288, 703, 1478, 1917, 2085, 1599, 1365, 2139, 1570, 678, 1630, 2169, 2377, 1563, 894, 1685, 1585, 811, 1163, 1522, 1964, 1353, 1016, 1094, 1286, 1069, 1097, 1009, 1164, 1001, 977, 1041, 984, 848, 949, 997, 1089, 889, 807, 955, 868, 741, 699, 943, 1163, 745, 850, 807, 670, 648, 769, 886, 745, 870, 932, 860, 700, 700, 862, 1035, 940, 1087, 715, 1025, 852, 592, 783, 1026, 1322, 914, 833, 1187, 850, 624, 915, 1006, 1152, 610, 1046, 1147, 887, 750, 802, 884, 795, 954, 1105, 985, 781, 613, 719, 848, 800, 848, 1122, 939, 638, 616, 913, 903, 662, 708, 947, 870, 646, 580, 725, 751, 658, 647, 736, 697, 666, 572, 604, 643, 611, 684, 760, 761, 736, 649, 673, 767, 788, 644, 584, 795, 751, 592, 611, 710, 770, 637, 659, 877, 843, 551, 527, 650, 793, 616, 559, 618, 616, 505, 538, 521, 663, 603, 528, 552, 614, 502, 559, 533, 607, 550, 520, 530, 546, 452, 488, 471, 528, 474, 462, 486, 514, 468, 458, 445, 468]"
-1.015177607536316,0.6698609590530396,-1.3722851276397705,-0.47610029578208923,0.0,0.0,0.0,0.011740997433662415,-0.91094970703125,25.0,0.011740997433662415,0.7208347320556641,16.0,0.011740997433662415,1.5752792358398438,19.0,0.011740997433662415,1.7091751098632812,20.75,0.011740997433662415,1.8502235412597656,16.5,"[520, 598, 574, 615, 688, 615, 572, 600, 551, 573, 543, 626, 664, 573, 621, 580, 475, 512, 509, 447, 520, 604, 571, 466, 504, 518, 538, 487, 578, 604, 589, 511, 450, 504, 570, 587, 564, 593, 608, 537, 519, 542, 514, 513, 620, 596, 570, 532, 447, 520, 575, 618, 512, 436, 539, 517, 464, 530, 508, 477, 500, 461, 491, 482, 567, 531, 435, 396, 486, 551, 490, 497, 658, 587, 462, 546, 574, 555, 541, 536, 613, 564, 528, 559, 566, 568, 506, 563, 484, 491, 485, 517, 461, 414, 475, 479, 490, 580, 564, 563, 550, 531, 508, 477, 605, 584, 543, 590, 601, 602, 545, 533, 571, 593, 514, 506, 529, 658, 577, 451, 516, 515, 522, 619, 622, 641, 668, 577, 514, 542, 554, 605, 620, 624, 641, 595, 562, 493, 567, 674, 599, 538, 593, 630, 487, 428, 473, 521, 483, 482, 530, 512, 517, 411, 445, 504, 457, 482, 504, 477, 587, 486, 429, 462, 533, 503, 424, 492, 564, 579, 609, 561, 501, 542, 611, 575, 552, 551, 466, 446, 448, 533, 561, 500, 518, 530, 571, 524, 501, 525, 530, 538, 548, 665, 527, 525, 576, 529, 549, 559, 550, 662, 586, 490, 564, 574, 531, 495, 657, 624, 601, 534, 565, 532, 564, 676, 902, 857, 841, 789, 782, 906, 1096, 1064, 1968, 2276, 1458, 729, 1291, 2236, 2141, 1213, 5416, 9038, 6698, 1569, 2552, 6240, 7069, 2722, 8686, 15093, 11179, 2261, 4073, 10153, 11696, 3974, 6245, 9924, 6889, 1418, 3129, 7031, 7517, 2071, 2955, 3928, 2336, 816, 1256, 2593, 2725, 938, 1663, 2420, 1823, 865, 867, 1471, 1638, 767, 1238, 1410, 1185, 763, 709, 1077, 1132, 959, 930, 1321, 1297, 757, 795, 1308, 1630, 1244, 1221, 2006, 1744, 829, 878, 1490, 1842, 1261, 1269, 2422, 2143, 966, 716, 1411, 2026, 1302, 1411, 2494, 2210, 1033, 739, 1249, 1942, 1343, 1264, 1831, 1462, 664, 644, 1005, 1241, 895, 780, 904, 789, 583, 515, 655, 771, 632, 758, 755, 650, 682, 673, 721, 673, 610, 698, 829, 726, 588, 682, 768, 734, 597, 613, 686, 690, 608, 620, 723, 654, 571, 525, 586, 575, 596, 595, 580, 523, 556, 650, 669, 640, 616, 573, 511, 639, 623, 573, 649, 670, 645, 609, 559, 543, 521, 621, 636, 600, 587, 692, 695, 643, 598, 602, 645, 580, 519, 617, 788, 743, 621, 829, 860, 727, 602, 711, 859, 810, 665, 1066, 1229, 866, 719, 972, 902, 798, 572, 2219, 3113, 2238, 841, 1672, 1542, 1497, 644, 4285, 6382, 4671, 1522, 2728, 2527, 2708, 1200, 5235, 7379, 4899, 1847, 3389, 2770, 2817, 1388, 3413, 4650, 2835, 1222, 2494, 1958, 1750, 988, 1788, 2302, 1451, 950, 1493, 1322, 977, 695, 1309, 1526, 956, 814, 1077, 1103, 805, 605, 1054, 1338, 1063, 658, 817, 960, 858, 531, 1038, 1291, 1059, 651, 749, 795, 789, 576, 988, 1140, 905, 689, 653, 735, 739, 603, 855, 940, 871, 590, 566, 676, 717, 671, 719, 825, 806, 577, 655, 722, 698, 667, 700, 774, 713, 592, 667, 681, 652, 669, 776, 775, 691, 658, 697, 692, 575, 633, 652, 616, 562, 596, 607, 579, 608, 631, 595, 593, 519, 476, 559, 559, 595, 614, 580, 721, 617, 445, 464, 697, 646, 437, 898, 1082, 887, 633, 683, 808, 730, 684, 918, 1006, 921, 676, 602, 832, 802, 708, 698, 887, 865, 622, 598, 734, 753, 590, 530, 671, 624, 552, 571, 606, 625, 527, 552, 681, 595, 592, 605, 562, 580, 546, 584, 812, 788, 705, 685, 696, 722, 632, 661, 852, 803, 635, 652, 770, 787, 685, 643, 814, 784, 748, 706, 734, 750, 635, 728, 750, 759, 646, 593, 683, 641, 571, 672, 679, 682, 587, 602, 704, 656, 605, 666, 696, 696, 645, 599, 712, 621, 560, 638, 706, 720, 667, 621, 763, 674, 539, 702, 680, 626, 641, 643, 729, 618, 568, 604, 625, 594, 517, 546, 698, 550, 474, 691, 627, 593, 628, 706, 669, 528, 599, 651, 514, 634, 713, 727, 625, 657, 761, 718, 696, 662, 665, 726, 789, 790, 770, 668, 744, 710, 607, 717, 757, 711, 648, 764, 889, 809, 598, 691, 890, 845, 776, 948, 910, 846, 666, 651, 840, 965, 887, 795, 720, 703, 640, 592, 762, 761, 748, 628, 595, 626, 628, 642, 677, 623, 566, 666, 648, 664, 665, 610, 547, 561, 603, 601, 650, 685, 575, 445, 506, 561, 579, 611, 759, 684, 562, 624, 671, 658, 572, 600, 660, 610, 553, 512, 646, 625, 502, 636, 590, 593, 667, 619, 624, 539, 513, 512, 605, 661, 687, 548, 587, 651, 549, 596, 664, 655, 625, 693, 681, 591, 592, 637, 578, 662, 600, 651, 645, 583, 670, 576, 590, 636, 607, 608, 645, 567, 602, 596, 596, 543, 510, 617, 627, 608, 623, 747, 739, 638, 529, 602, 670, 652, 679, 600, 676, 595, 494, 503, 654, 665, 574, 604, 664, 754, 657, 551, 672, 673, 543, 717, 714, 649, 595, 632, 652, 573, 566, 882, 675, 564, 611, 708, 668, 656, 798, 977, 693, 557, 709, 778, 638, 560, 936, 935, 842, 688, 661, 873, 872, 598, 792, 801, 759, 801, 727, 872, 1029, 857, 755, 771, 891, 883, 709, 740, 904, 969, 897, 1129, 1245, 1636, 1305, 1039, 999, 1545, 1786, 1680, 1478, 2229, 1821, 1176, 1231, 2085, 2677, 1705, 1734, 2443, 1882, 1201, 1476, 2388, 2691, 1386, 1769, 2244, 1561, 941, 1540, 2324, 2197, 1194, 1611, 1740, 1398, 762, 1374, 1898, 1634, 1208, 1288, 1241, 1126, 856, 1200, 1409, 1361, 1132, 1320, 1256, 863, 783, 1184, 1452, 1253, 1175, 1390, 1351, 941, 884, 1220, 1431, 1296, 1317, 1278, 1408, 1107, 842, 1089, 1348, 1446, 1223, 1243, 1451, 1110, 762, 1111, 1413, 1378, 1243, 1296, 1162, 912, 750, 989, 1115, 1027, 1301, 1569, 1079, 714, 594, 1163, 1246, 759, 993, 1154, 908, 811, 558, 984, 1140, 762, 666, 777, 810, 640, 585, 685, 752, 729, 696, 810, 824, 587, 494, 720, 693, 583, 596, 646, 594, 516, 523, 675, 588, 456, 440, 492, 561, 526, 425, 480, 526, 491, 489, 525, 577, 514, 383, 462, 628, 563, 567, 569, 530, 505, 474, 594, 581, 530, 570, 517, 617, 589, 470, 514, 677, 673]"
-1.1103976964950562,0.6698609590530396,-1.3722851276397705,-0.47610029578208923,0.0,0.0,0.0,0.2861980199813843,1.595449447631836,16.0,1.1529449224472046,-0.24461746215820312,18.25,1.2379173040390015,-0.26335716247558594,22.5,1.2476447820663452,-0.33774375915527344,18.75,1.2769702672958374,-0.13360977172851562,25.75,"[502, 557, 570, 540, 613, 540, 571, 561, 497, 527, 554, 632, 645, 573, 609, 592, 506, 563, 560, 630, 570, 622, 574, 549, 526, 485, 463, 501, 528, 508, 456, 527, 548, 536, 438, 461, 545, 450, 427, 509, 557, 564, 489, 533, 559, 491, 442, 509, 476, 536, 433, 437, 442, 416, 443, 442, 509, 536, 479, 494, 516, 503, 505, 477, 446, 532, 478, 427, 492, 584, 564, 436, 485, 576, 626, 514, 517, 573, 558, 546, 551, 552, 519, 547, 640, 570, 544, 599, 505, 537, 569, 594, 543, 478, 614, 597, 473, 493, 585, 501, 457, 469, 558, 562, 441, 554, 613, 485, 465, 460, 482, 528, 491, 548, 634, 531, 514, 560, 543, 528, 531, 509, 545, 574, 497, 567, 609, 585, 600, 662, 586, 429, 516, 588, 551, 551, 518, 576, 600, 507, 514, 561, 548, 527, 575, 542, 514, 493, 574, 609, 617, 509, 612, 580, 488, 583, 607, 581, 528, 515, 577, 587, 509, 478, 515, 490, 494, 542, 563, 556, 462, 513, 516, 514, 480, 542, 662, 630, 553, 543, 554, 536, 552, 624, 597, 620, 629, 612, 622, 613, 589, 572, 660, 574, 582, 617, 623, 577, 556, 600, 1070, 1309, 1076, 820, 950, 1672, 1639, 859, 2163, 3100, 2769, 1791, 2004, 4535, 4440, 1757, 2681, 3531, 3105, 2343, 1832, 4520, 4615, 1890, 5824, 7026, 3546, 1424, 4059, 7458, 6494, 1458, 7696, 9681, 5144, 1016, 5678, 10905, 9608, 1862, 3975, 4901, 2866, 710, 3427, 6076, 5026, 936, 1155, 1442, 1136, 684, 1459, 2438, 2103, 861, 825, 873, 886, 763, 759, 1096, 1120, 854, 1048, 1660, 1395, 742, 781, 1364, 1484, 794, 1389, 2182, 1617, 638, 883, 1521, 1622, 664, 1096, 1601, 1269, 625, 692, 925, 1190, 858, 1032, 1876, 1544, 647, 893, 1282, 1593, 883, 1499, 2361, 1689, 634, 1094, 1920, 2010, 816, 1229, 1422, 946, 675, 971, 1418, 1274, 681, 1103, 1245, 983, 769, 840, 958, 953, 782, 773, 889, 792, 727, 679, 717, 794, 623, 669, 651, 673, 643, 639, 605, 587, 629, 586, 602, 633, 680, 667, 595, 497, 582, 622, 754, 687, 639, 704, 666, 692, 585, 561, 717, 688, 666, 631, 606, 769, 653, 581, 689, 735, 656, 641, 672, 749, 632, 650, 767, 766, 665, 540, 562, 684, 620, 721, 797, 654, 588, 577, 671, 768, 717, 683, 684, 678, 568, 628, 793, 699, 656, 754, 778, 697, 589, 719, 817, 733, 680, 741, 827, 688, 625, 750, 793, 725, 647, 1190, 1315, 733, 758, 889, 788, 799, 637, 2471, 2907, 1620, 1429, 1838, 1313, 1129, 973, 3722, 4486, 2572, 1813, 2839, 2087, 1613, 1281, 2996, 3602, 2219, 1536, 2249, 1828, 1631, 1211, 1574, 2215, 1661, 937, 1308, 1234, 1321, 951, 1019, 1708, 1688, 1135, 1192, 1209, 1207, 987, 1123, 1247, 1200, 1026, 1153, 1302, 1077, 836, 1071, 1173, 998, 743, 934, 1157, 1073, 890, 861, 1100, 960, 640, 795, 985, 940, 743, 616, 755, 681, 592, 690, 748, 724, 565, 642, 633, 604, 635, 581, 636, 734, 612, 733, 716, 582, 482, 549, 676, 740, 667, 807, 749, 622, 531, 641, 653, 635, 727, 673, 793, 722, 534, 641, 692, 646, 594, 631, 816, 735, 549, 641, 689, 635, 545, 717, 859, 790, 650, 647, 725, 674, 654, 729, 863, 782, 653, 666, 746, 726, 619, 749, 852, 769, 644, 674, 802, 738, 563, 748, 781, 653, 535, 603, 742, 756, 663, 702, 711, 737, 604, 653, 798, 696, 667, 689, 683, 673, 538, 655, 731, 628, 601, 583, 646, 619, 557, 549, 560, 551, 564, 714, 655, 589, 543, 647, 715, 574, 599, 711, 768, 690, 588, 671, 644, 583, 646, 642, 750, 722, 620, 712, 717, 698, 686, 616, 573, 537, 557, 615, 631, 631, 608, 720, 599, 635, 666, 728, 765, 683, 674, 657, 650, 639, 605, 656, 664, 668, 729, 564, 654, 834, 656, 545, 641, 632, 692, 605, 734, 848, 721, 687, 658, 710, 671, 640, 866, 816, 704, 699, 799, 798, 594, 792, 912, 947, 874, 853, 1034, 1028, 888, 768, 870, 968, 907, 824, 1015, 1069, 941, 745, 717, 737, 681, 706, 775, 836, 842, 724, 694, 602, 639, 664, 655, 702, 738, 724, 747, 725, 697, 719, 587, 644, 738, 763, 754, 819, 747, 630, 624, 747, 798, 767, 675, 660, 687, 697, 633, 656, 678, 638, 592, 588, 640, 645, 633, 515, 598, 615, 562, 581, 629, 557, 586, 594, 621, 707, 727, 671, 667, 652, 738, 705, 600, 689, 651, 639, 658, 679, 647, 595, 595, 584, 639, 615, 590, 662, 657, 621, 597, 763, 650, 595, 555, 629, 704, 623, 681, 832, 642, 675, 676, 671, 718, 660, 774, 741, 616, 666, 612, 647, 663, 727, 726, 634, 633, 704, 657, 586, 601, 679, 663, 522, 631, 718, 594, 515, 661, 750, 661, 620, 644, 732, 684, 624, 623, 689, 696, 645, 640, 696, 668, 606, 644, 714, 716, 868, 790, 697, 657, 751, 924, 943, 833, 1040, 939, 708, 642, 850, 1156, 1014, 818, 1050, 806, 688, 786, 877, 1023, 840, 916, 731, 682, 769, 709, 761, 832, 757, 777, 726, 650, 697, 671, 659, 711, 660, 721, 963, 735, 662, 718, 812, 708, 654, 918, 870, 755, 652, 722, 841, 732, 712, 855, 843, 835, 823, 690, 775, 772, 896, 954, 951, 823, 913, 889, 807, 693, 1012, 1068, 1000, 844, 1014, 1017, 943, 848, 1169, 1256, 958, 710, 791, 835, 950, 773, 984, 1270, 740, 772, 893, 686, 808, 658, 748, 922, 650, 741, 842, 657, 632, 606, 629, 673, 542, 668, 664, 547, 626, 619, 571, 572, 608, 651, 716, 591, 590, 627, 690, 678, 698, 684, 584, 568, 625, 603, 612, 611, 736, 727, 623, 581, 695, 658, 583, 650, 652, 696, 700, 574, 617, 632, 666, 744, 570, 621, 636, 641, 579, 621, 811, 726, 455, 613, 603, 594, 566, 685, 764, 556, 670, 742, 681, 596, 639, 728, 751, 676, 676, 624, 557, 521, 606, 630, 537, 618, 446, 481, 477, 475, 461, 520, 544, 491, 456, 455, 450, 561, 536, 593, 635, 500, 453, 451, 510, 578, 544, 594, 618, 501, 489, 420, 440, 484, 462, 584, 569, 499, 477, 463, 596, 544, 435, 645, 640, 474]"
-1.1580077409744263,0.6698609590530396,-1.3722851276397705,-0.47610029578208923,0.0,0.0,0.0,0.4234265387058258,1.1820316314697266,19.5,0.4234265387058258,1.2160778045654297,20.0,1.1974762976169586,-0.3692150115966797,15.25,1.221938043832779,-0.4131317138671875,19.5,1.297182947397232,-0.4035472869873047,16.5,"[503, 622, 586, 517, 586, 512, 590, 621, 505, 531, 515, 582, 645, 581, 630, 598, 522, 571, 491, 508, 561, 452, 502, 521, 579, 530, 553, 548, 521, 541, 514, 564, 505, 535, 529, 436, 531, 587, 479, 508, 568, 555, 533, 436, 544, 572, 510, 531, 444, 414, 501, 475, 454, 463, 481, 460, 460, 432, 477, 474, 369, 425, 476, 438, 514, 496, 564, 520, 438, 506, 551, 546, 573, 549, 454, 515, 572, 502, 487, 551, 526, 545, 486, 505, 516, 469, 508, 500, 530, 549, 453, 491, 488, 545, 596, 539, 571, 499, 378, 487, 540, 582, 527, 500, 511, 526, 531, 560, 547, 543, 513, 467, 577, 598, 504, 514, 539, 589, 574, 498, 565, 649, 588, 524, 464, 526, 559, 515, 460, 533, 569, 477, 521, 606, 527, 454, 464, 590, 576, 548, 551, 512, 548, 522, 515, 599, 582, 546, 516, 591, 602, 510, 583, 600, 584, 532, 585, 604, 571, 609, 550, 533, 568, 610, 565, 530, 553, 601, 613, 549, 585, 668, 607, 455, 504, 526, 574, 500, 584, 596, 565, 525, 481, 572, 534, 512, 561, 540, 516, 546, 604, 584, 444, 447, 573, 576, 528, 587, 606, 532, 568, 798, 1178, 1235, 665, 1081, 1539, 1160, 731, 1436, 2424, 2454, 712, 2443, 3252, 1972, 1355, 2185, 2658, 2656, 931, 4156, 5119, 2718, 2076, 4229, 2966, 2558, 1596, 6472, 7965, 4178, 2354, 4987, 3345, 2465, 2225, 7362, 8857, 4673, 1612, 2842, 1841, 1089, 1591, 3996, 4565, 2328, 875, 1127, 1011, 741, 914, 1300, 1331, 942, 973, 1166, 1110, 908, 757, 1119, 1171, 823, 1118, 1548, 1311, 848, 710, 1165, 1275, 738, 1115, 1691, 1530, 976, 721, 1314, 1518, 926, 1722, 4015, 3725, 1836, 987, 2839, 3881, 2261, 3489, 8005, 6950, 2610, 1511, 5335, 7243, 3826, 3707, 7256, 5838, 1837, 1822, 4781, 5975, 2733, 1929, 3170, 2458, 907, 1290, 2179, 2411, 1185, 891, 1272, 1198, 794, 797, 985, 1056, 813, 675, 726, 789, 572, 607, 755, 781, 709, 621, 812, 812, 612, 652, 686, 678, 676, 635, 745, 662, 612, 688, 722, 680, 667, 809, 789, 616, 537, 631, 631, 616, 664, 776, 906, 682, 653, 752, 865, 870, 718, 883, 987, 788, 720, 917, 1022, 963, 833, 720, 805, 766, 712, 704, 785, 813, 649, 613, 721, 703, 587, 592, 693, 694, 558, 587, 625, 624, 523, 457, 562, 608, 523, 609, 630, 644, 536, 542, 550, 593, 606, 660, 947, 925, 628, 666, 775, 817, 683, 702, 987, 1052, 683, 683, 803, 833, 697, 896, 1048, 835, 675, 811, 1010, 1004, 697, 1471, 1718, 1037, 907, 1411, 1584, 1219, 701, 1201, 1358, 1065, 1033, 1177, 1411, 1059, 776, 1003, 1161, 1198, 938, 868, 1081, 903, 841, 1052, 1434, 1327, 862, 986, 1118, 1029, 911, 1235, 1536, 1554, 1189, 1147, 1120, 1160, 1215, 2286, 3146, 2714, 1603, 1547, 1639, 1708, 1630, 2515, 3375, 2783, 1436, 1643, 1821, 1802, 1708, 1364, 1732, 1482, 969, 1047, 1094, 1135, 1026, 936, 1086, 890, 675, 770, 849, 823, 733, 902, 1042, 890, 745, 745, 887, 872, 770, 882, 968, 930, 858, 612, 825, 909, 795, 807, 946, 861, 680, 599, 838, 846, 659, 716, 901, 831, 626, 630, 863, 806, 616, 629, 772, 860, 686, 654, 815, 876, 769, 697, 934, 949, 755, 744, 880, 951, 785, 808, 967, 845, 640, 821, 1024, 909, 714, 777, 838, 822, 641, 765, 1009, 849, 675, 654, 659, 640, 598, 713, 798, 668, 579, 628, 663, 628, 577, 627, 590, 564, 585, 562, 618, 686, 597, 625, 628, 575, 563, 585, 680, 751, 601, 551, 661, 681, 637, 574, 675, 663, 608, 496, 605, 787, 781, 601, 726, 670, 579, 562, 664, 741, 689, 528, 624, 626, 515, 635, 631, 617, 646, 586, 655, 712, 533, 571, 556, 594, 679, 664, 662, 673, 590, 643, 703, 647, 620, 679, 620, 654, 543, 607, 723, 745, 638, 699, 679, 575, 529, 656, 719, 544, 533, 561, 644, 642, 519, 565, 686, 620, 488, 518, 751, 793, 580, 534, 621, 669, 568, 630, 775, 771, 662, 581, 631, 728, 672, 625, 702, 703, 652, 617, 595, 630, 565, 646, 759, 709, 545, 635, 717, 589, 528, 641, 744, 669, 640, 661, 737, 662, 560, 619, 762, 724, 618, 566, 681, 751, 704, 559, 650, 756, 659, 632, 734, 672, 656, 588, 619, 676, 643, 619, 628, 564, 580, 668, 694, 652, 549, 583, 680, 646, 610, 608, 718, 704, 580, 530, 588, 635, 572, 570, 713, 749, 642, 588, 587, 667, 622, 659, 697, 767, 693, 799, 733, 656, 689, 787, 733, 742, 791, 896, 819, 719, 789, 821, 808, 756, 651, 881, 940, 787, 737, 771, 621, 561, 660, 780, 741, 536, 625, 671, 607, 506, 643, 720, 678, 589, 664, 437, 468, 570, 562, 541, 532, 630, 588, 545, 573, 685, 602, 475, 590, 740, 713, 568, 551, 671, 622, 500, 565, 658, 677, 633, 578, 571, 637, 691, 632, 772, 777, 573, 515, 563, 656, 749, 639, 676, 753, 538, 570, 570, 541, 606, 619, 578, 575, 695, 559, 665, 682, 639, 499, 642, 865, 747, 667, 763, 750, 716, 544, 713, 978, 697, 666, 688, 721, 730, 603, 627, 728, 649, 597, 608, 686, 756, 607, 605, 637, 579, 685, 753, 732, 689, 722, 878, 709, 640, 815, 816, 714, 803, 990, 1046, 868, 692, 766, 970, 838, 728, 880, 1068, 1043, 780, 901, 1069, 768, 722, 760, 1186, 1273, 917, 890, 932, 785, 816, 778, 1234, 1304, 906, 844, 853, 677, 642, 760, 1155, 1221, 770, 702, 814, 789, 604, 760, 1020, 1027, 651, 707, 838, 699, 648, 675, 873, 914, 657, 762, 900, 689, 611, 570, 866, 989, 633, 722, 764, 695, 605, 654, 918, 787, 553, 618, 567, 610, 567, 639, 780, 601, 519, 446, 584, 578, 492, 521, 650, 632, 493, 602, 594, 512, 452, 593, 657, 550, 663, 654, 591, 532, 477, 624, 608, 533, 568, 562, 575, 522, 552, 602, 546, 547, 520, 545, 631, 540, 416, 540, 566, 522, 470, 467, 584, 535, 477, 450, 443, 524, 505, 433, 477, 517, 475, 436, 455, 562, 382, 403, 435, 460, 467, 488, 498, 450, 360, 468, 417, 390, 461, 464, 519, 459]"
-0.4434294104576111,0.14237304031848907,0.11511018872261047,-0.34536388516426086,0.6514544486999512,0.9039871692657471,0.7502045631408691,-0.07315289974212646,-0.20012855529785156,19.0,-0.047403693199157715,-0.3543376922607422,22.5,-0.03295552730560303,-0.16965866088867188,24.75,-0.028377890586853027,-0.2414703369140625,25.0,-0.01392972469329834,-0.3650665283203125,18.25,"[621, 582, 549, 537, 548, 539, 549, 582, 535, 582, 535, 527, 557, 619, 571, 528, 436, 537, 567, 509, 480, 537, 596, 507, 506, 544, 487, 480, 494, 542, 570, 500, 625, 648, 514, 483, 515, 539, 529, 493, 498, 584, 558, 481, 489, 481, 521, 493, 469, 516, 514, 495, 574, 571, 538, 558, 559, 536, 551, 538, 567, 587, 532, 548, 594, 549, 520, 579, 492, 528, 560, 520, 598, 521, 504, 525, 511, 509, 473, 518, 535, 466, 475, 526, 499, 476, 473, 590, 524, 489, 398, 434, 460, 466, 512, 525, 429, 438, 401, 473, 447, 488, 548, 428, 434, 453, 564, 579, 537, 575, 606, 493, 557, 549, 508, 546, 561, 633, 570, 494, 495, 535, 543, 562, 645, 574, 574, 593, 512, 625, 602, 436, 546, 598, 610, 596, 605, 629, 628, 535, 520, 574, 575, 553, 577, 550, 542, 557, 582, 612, 576, 559, 563, 493, 543, 595, 571, 545, 501, 582, 544, 420, 500, 543, 475, 474, 542, 591, 559, 538, 586, 517, 474, 557, 564, 609, 580, 626, 595, 582, 560, 601, 598, 475, 590, 567, 553, 608, 639, 619, 608, 595, 559, 486, 494, 514, 549, 590, 616, 585, 581, 525, 543, 541, 549, 654, 570, 492, 593, 579, 626, 613, 514, 502, 604, 644, 821, 914, 1332, 1485, 1023, 971, 1620, 1458, 1756, 2393, 2935, 3104, 2056, 3197, 5030, 4111, 2589, 4173, 4252, 5117, 2937, 6634, 9936, 7338, 2397, 3677, 4795, 5796, 2860, 6942, 10220, 7310, 1978, 2447, 4168, 5056, 2496, 4965, 7650, 5692, 1438, 2112, 3568, 4109, 1765, 3795, 5815, 4117, 1332, 1851, 2378, 2317, 1409, 2997, 3737, 2339, 901, 1322, 1338, 1154, 936, 1599, 1843, 1228, 840, 1369, 1411, 1066, 660, 1187, 1492, 1055, 899, 1565, 1701, 1089, 766, 1308, 1475, 921, 1320, 3149, 2896, 1340, 772, 1976, 2856, 1834, 2083, 4555, 3851, 1426, 821, 2974, 4222, 2358, 1451, 2594, 2264, 1190, 683, 1710, 2374, 1539, 1073, 1604, 1536, 1013, 715, 1523, 1841, 1407, 1149, 1685, 1515, 992, 872, 1411, 1572, 1164, 1043, 1400, 1255, 738, 830, 1319, 1323, 902, 706, 975, 928, 604, 623, 968, 1094, 796, 759, 904, 786, 633, 665, 865, 1030, 784, 883, 1067, 848, 651, 787, 974, 1078, 729, 1070, 1214, 892, 633, 971, 1168, 1008, 646, 998, 1005, 708, 646, 930, 1069, 808, 643, 669, 765, 624, 568, 862, 977, 809, 543, 604, 675, 597, 616, 684, 745, 658, 602, 713, 716, 646, 644, 632, 697, 661, 717, 614, 683, 737, 751, 631, 600, 686, 738, 743, 897, 964, 903, 767, 896, 850, 719, 1208, 1499, 1142, 1061, 1241, 1298, 1116, 831, 1030, 1273, 907, 769, 959, 896, 895, 846, 682, 848, 751, 638, 671, 583, 666, 735, 780, 1034, 1002, 670, 633, 742, 832, 790, 807, 1162, 1111, 775, 694, 752, 848, 732, 822, 1040, 1044, 813, 625, 770, 946, 802, 734, 1170, 1089, 699, 747, 814, 1013, 781, 1026, 1640, 1371, 762, 883, 1042, 1137, 879, 1485, 2135, 1608, 660, 841, 1153, 1273, 744, 1626, 2156, 1520, 637, 773, 1065, 1305, 815, 1261, 1431, 880, 579, 849, 1049, 982, 711, 868, 903, 587, 581, 734, 903, 783, 647, 605, 749, 722, 584, 595, 783, 831, 690, 587, 659, 746, 614, 516, 618, 814, 793, 605, 772, 661, 514, 486, 714, 782, 634, 765, 766, 610, 499, 545, 800, 757, 584, 723, 667, 625, 571, 609, 741, 636, 594, 705, 633, 631, 572, 562, 662, 671, 602, 725, 683, 647, 615, 583, 606, 672, 672, 768, 708, 641, 581, 572, 646, 712, 700, 726, 712, 666, 587, 558, 606, 657, 637, 707, 676, 643, 574, 612, 665, 602, 662, 573, 643, 593, 536, 547, 612, 695, 689, 568, 576, 606, 532, 456, 568, 666, 551, 679, 693, 669, 576, 555, 627, 642, 633, 662, 608, 651, 578, 537, 610, 548, 615, 667, 546, 637, 617, 541, 683, 684, 644, 572, 588, 623, 591, 562, 702, 699, 606, 561, 561, 616, 594, 585, 698, 650, 599, 621, 573, 592, 588, 641, 749, 696, 637, 591, 642, 676, 621, 607, 725, 720, 619, 566, 511, 571, 639, 589, 610, 569, 510, 628, 642, 481, 520, 554, 619, 499, 449, 620, 632, 547, 607, 672, 636, 616, 557, 614, 662, 691, 569, 625, 637, 655, 627, 516, 608, 706, 562, 483, 626, 667, 583, 629, 612, 648, 624, 543, 633, 578, 607, 684, 667, 785, 676, 523, 592, 562, 696, 665, 675, 715, 648, 595, 534, 566, 684, 563, 633, 582, 636, 700, 551, 539, 562, 523, 493, 590, 712, 723, 624, 580, 559, 538, 552, 598, 637, 680, 567, 685, 699, 550, 642, 589, 597, 746, 641, 654, 659, 511, 483, 620, 640, 587, 546, 572, 627, 594, 612, 598, 699, 665, 570, 540, 615, 689, 598, 629, 808, 753, 559, 609, 701, 647, 659, 719, 752, 719, 629, 690, 707, 646, 699, 606, 597, 736, 837, 764, 669, 811, 767, 727, 751, 849, 859, 877, 868, 750, 671, 659, 695, 729, 677, 762, 776, 666, 590, 555, 600, 720, 699, 529, 634, 637, 569, 532, 493, 650, 733, 610, 560, 635, 545, 541, 647, 629, 589, 597, 673, 652, 642, 575, 633, 603, 571, 689, 702, 688, 662, 683, 623, 596, 619, 739, 777, 675, 649, 664, 642, 597, 542, 751, 805, 613, 615, 780, 758, 663, 647, 781, 859, 786, 680, 866, 797, 758, 789, 852, 980, 927, 812, 846, 798, 737, 718, 1035, 1118, 750, 889, 641, 655, 695, 826, 1016, 870, 767, 1054, 785, 591, 678, 876, 1046, 788, 803, 825, 708, 620, 600, 729, 836, 773, 749, 716, 749, 674, 539, 823, 895, 717, 686, 683, 651, 629, 570, 733, 865, 760, 683, 848, 686, 604, 635, 814, 1006, 862, 664, 776, 618, 561, 719, 719, 796, 671, 632, 637, 594, 554, 683, 615, 684, 712, 537, 641, 567, 554, 623, 571, 646, 657, 523, 602, 627, 553, 517, 612, 687, 570, 551, 596, 685, 562, 499, 622, 695, 608, 548, 528, 658, 576, 513, 488, 572, 660, 471, 537, 525, 441, 388, 436, 528, 522, 513, 548, 567, 477, 500, 480, 476, 509, 363, 471, 541, 490, 419, 417, 497, 487, 349, 359, 414, 412, 381, 434, 463, 408]"
-0.43453702330589294,0.41474658250808716,0.2896975874900818,-0.20332057774066925,0.996528148651123,1.083489179611206,0.791558563709259,-0.7235073447227478,0.9505748748779297,20.25,-0.11053317785263062,-0.12259483337402344,15.0,-0.0322842001914978,-0.2549171447753906,19.5,-0.023558080196380615,-0.6381511688232422,15.25,0.0006175637245178223,-0.6484508514404297,17.75,"[688, 610, 582, 597, 633, 595, 582, 612, 578, 544, 578, 723, 742, 660, 627, 601, 486, 540, 557, 591, 549, 511, 504, 511, 494, 426, 378, 476, 539, 490, 424, 471, 507, 430, 457, 465, 464, 430, 426, 537, 556, 466, 478, 582, 599, 553, 493, 536, 584, 504, 465, 554, 595, 502, 502, 598, 547, 524, 500, 536, 557, 480, 476, 516, 487, 465, 400, 496, 521, 477, 530, 510, 554, 456, 447, 525, 566, 502, 540, 638, 470, 478, 509, 492, 498, 528, 521, 539, 400, 546, 536, 404, 477, 547, 547, 456, 444, 508, 487, 459, 499, 481, 601, 556, 624, 508, 499, 658, 662, 504, 547, 594, 480, 468, 538, 573, 618, 533, 503, 552, 439, 524, 535, 517, 591, 599, 530, 516, 492, 522, 518, 495, 583, 586, 499, 507, 563, 512, 541, 538, 588, 589, 572, 582, 505, 465, 494, 491, 503, 481, 464, 453, 598, 558, 463, 479, 530, 520, 435, 517, 576, 535, 545, 429, 510, 538, 437, 549, 534, 554, 626, 497, 551, 649, 609, 560, 506, 580, 644, 605, 579, 598, 632, 576, 534, 584, 591, 553, 547, 540, 612, 607, 532, 510, 521, 537, 435, 584, 614, 518, 510, 492, 527, 538, 594, 664, 591, 575, 479, 552, 613, 533, 543, 602, 626, 617, 523, 512, 568, 557, 562, 516, 532, 567, 594, 441, 491, 552, 479, 513, 519, 568, 738, 595, 774, 951, 776, 629, 888, 853, 851, 762, 1490, 1918, 1201, 1053, 2007, 1675, 1174, 1606, 2328, 3098, 1368, 2993, 5354, 4209, 1175, 1934, 2117, 3010, 1072, 3635, 6054, 4525, 1288, 1265, 1203, 1214, 890, 1773, 2520, 2049, 2086, 3563, 3308, 2214, 1251, 3000, 3574, 1746, 3117, 5594, 4394, 2069, 1786, 5391, 6204, 2759, 2408, 3852, 2627, 938, 1642, 3813, 4226, 1927, 1091, 1658, 1638, 1287, 744, 1400, 1837, 1261, 995, 1689, 2008, 1629, 813, 1786, 2477, 1857, 1198, 2089, 2255, 1733, 939, 2001, 2675, 1921, 1097, 2136, 2177, 1473, 740, 1382, 1904, 1484, 1040, 1749, 1813, 1327, 778, 1363, 1904, 1475, 914, 1108, 1236, 1137, 816, 1001, 1267, 1098, 911, 1221, 1194, 1058, 799, 1202, 1397, 977, 809, 1344, 1254, 979, 803, 1458, 1767, 1061, 712, 1105, 975, 688, 668, 1157, 1368, 852, 916, 1142, 875, 625, 727, 1113, 1131, 675, 1066, 1294, 984, 643, 869, 1277, 1264, 797, 930, 1088, 923, 624, 751, 968, 1006, 819, 682, 740, 676, 632, 741, 792, 781, 760, 1115, 1347, 935, 845, 1163, 1022, 849, 787, 1600, 1857, 1281, 946, 1242, 1084, 841, 832, 1480, 1740, 1253, 794, 1127, 908, 758, 737, 1258, 1537, 1070, 885, 1134, 1050, 770, 634, 1713, 2057, 1309, 957, 1721, 1578, 1023, 735, 1537, 1820, 1238, 942, 1498, 1419, 1023, 820, 920, 878, 776, 772, 934, 827, 767, 719, 805, 718, 804, 753, 667, 791, 833, 866, 1151, 930, 837, 755, 742, 925, 789, 966, 1850, 1551, 1040, 972, 955, 1183, 956, 1285, 2574, 2660, 1964, 1176, 1661, 1927, 1579, 1710, 2199, 2323, 1584, 1051, 1576, 1477, 1485, 1707, 1244, 1282, 879, 715, 945, 827, 811, 986, 872, 970, 853, 818, 855, 794, 730, 643, 822, 863, 675, 750, 799, 788, 719, 705, 749, 778, 649, 656, 815, 896, 795, 659, 671, 737, 791, 664, 618, 822, 895, 672, 670, 843, 928, 686, 545, 733, 870, 744, 787, 778, 914, 797, 666, 710, 788, 772, 777, 778, 721, 653, 662, 687, 599, 635, 724, 626, 596, 652, 656, 691, 636, 636, 562, 569, 539, 598, 584, 671, 701, 583, 637, 622, 635, 649, 584, 685, 665, 604, 576, 679, 769, 667, 424, 672, 752, 552, 577, 706, 779, 608, 474, 643, 696, 626, 630, 651, 663, 557, 625, 599, 613, 656, 573, 619, 571, 556, 570, 605, 630, 623, 560, 593, 547, 599, 619, 661, 578, 556, 567, 661, 669, 643, 571, 644, 684, 579, 588, 637, 666, 577, 581, 612, 694, 691, 631, 659, 601, 620, 691, 679, 620, 626, 549, 653, 620, 495, 553, 614, 618, 573, 606, 666, 652, 592, 567, 602, 691, 707, 614, 531, 725, 670, 570, 616, 715, 795, 638, 551, 657, 658, 619, 572, 663, 719, 658, 617, 624, 600, 668, 578, 611, 788, 617, 624, 574, 459, 591, 572, 479, 546, 503, 591, 629, 599, 556, 527, 621, 615, 577, 555, 614, 608, 594, 546, 573, 653, 642, 664, 662, 628, 568, 594, 602, 600, 680, 750, 604, 625, 605, 643, 645, 615, 660, 616, 625, 700, 625, 558, 589, 623, 622, 559, 569, 660, 609, 579, 577, 607, 699, 589, 608, 645, 642, 711, 707, 765, 658, 548, 570, 622, 631, 648, 646, 707, 561, 492, 599, 600, 569, 585, 546, 609, 550, 418, 566, 504, 521, 564, 611, 693, 537, 491, 690, 688, 641, 568, 634, 670, 566, 527, 629, 617, 574, 554, 551, 592, 579, 566, 625, 569, 578, 623, 651, 664, 624, 652, 637, 642, 537, 679, 747, 630, 615, 588, 638, 703, 681, 581, 634, 632, 560, 620, 619, 615, 632, 627, 600, 621, 677, 677, 615, 623, 685, 650, 666, 754, 606, 644, 659, 640, 661, 633, 694, 659, 673, 699, 642, 580, 666, 622, 649, 693, 601, 707, 649, 632, 704, 676, 633, 568, 642, 603, 530, 602, 597, 616, 609, 613, 655, 536, 511, 522, 580, 639, 646, 616, 560, 483, 657, 784, 613, 643, 719, 670, 506, 570, 658, 753, 625, 628, 804, 635, 553, 498, 600, 723, 611, 618, 760, 660, 558, 554, 690, 774, 692, 701, 751, 647, 655, 686, 831, 795, 734, 785, 816, 811, 702, 821, 837, 731, 672, 823, 893, 810, 721, 880, 840, 772, 715, 784, 804, 666, 610, 687, 689, 634, 587, 680, 674, 566, 604, 598, 626, 571, 626, 661, 586, 553, 576, 687, 549, 479, 628, 688, 632, 417, 507, 675, 598, 605, 611, 691, 737, 541, 591, 592, 631, 641, 692, 583, 567, 545, 587, 507, 632, 692, 578, 524, 538, 509, 501, 489, 633, 645, 449, 513, 706, 672, 479, 454, 548, 652, 491, 520, 706, 635, 408, 490, 465, 465, 490, 445, 471, 410, 351, 436, 425, 429, 455, 503, 443, 286, 449, 447, 388, 420, 413, 478, 428, 352, 400, 475, 405, 339, 380, 429, 393, 316]"
-0.3953072130680084,0.5986193418502808,0.46160033345222473,0.02640043944120407,1.1139752864837646,1.160138726234436,0.9878780245780945,-0.010073423385620117,-0.40297508239746094,15.0,0.008237123489379883,-0.11587142944335938,19.25,0.03398633003234863,0.0,20.0,0.05129551887512207,-0.20856857299804688,17.5,0.23554539680480957,0.0835418701171875,16.75,"[711, 690, 637, 620, 680, 620, 637, 695, 591, 612, 629, 691, 614, 606, 737, 752, 570, 485, 607, 700, 637, 558, 640, 687, 478, 462, 547, 582, 477, 480, 651, 549, 474, 509, 461, 453, 478, 531, 570, 511, 487, 521, 442, 474, 584, 567, 513, 444, 502, 497, 507, 592, 541, 512, 614, 568, 570, 512, 584, 591, 527, 513, 606, 624, 539, 510, 534, 547, 517, 491, 528, 600, 611, 622, 561, 579, 595, 575, 558, 618, 501, 491, 567, 555, 526, 587, 593, 579, 428, 485, 481, 446, 472, 563, 575, 462, 503, 460, 466, 496, 528, 594, 581, 523, 514, 499, 467, 553, 523, 510, 507, 517, 476, 481, 463, 419, 543, 578, 578, 549, 474, 536, 553, 389, 480, 616, 555, 498, 482, 519, 537, 502, 550, 589, 592, 533, 565, 567, 484, 564, 600, 500, 436, 415, 614, 536, 571, 659, 638, 496, 435, 576, 620, 471, 469, 688, 665, 458, 570, 699, 594, 490, 501, 589, 538, 497, 552, 638, 573, 471, 526, 561, 509, 524, 545, 567, 576, 505, 527, 516, 548, 578, 540, 569, 508, 465, 482, 492, 545, 594, 667, 587, 455, 475, 459, 460, 531, 539, 543, 521, 598, 505, 494, 563, 618, 549, 469, 569, 561, 418, 468, 541, 531, 510, 564, 610, 594, 561, 540, 540, 560, 571, 567, 576, 526, 593, 527, 593, 610, 509, 519, 514, 456, 560, 577, 549, 569, 587, 580, 460, 663, 596, 614, 672, 656, 566, 653, 620, 715, 585, 841, 1012, 846, 742, 1032, 918, 775, 845, 1594, 2107, 1299, 1325, 2360, 1798, 1144, 1407, 2725, 3484, 1549, 2963, 5046, 3718, 1218, 1787, 2527, 3031, 1096, 3478, 5490, 3949, 1372, 1500, 2147, 2330, 1578, 2306, 3226, 2543, 1901, 1771, 3676, 4251, 2737, 2674, 4594, 3896, 2015, 2290, 3045, 3251, 2516, 2587, 4017, 3641, 2471, 4246, 3297, 2711, 2298, 5662, 7613, 5140, 2529, 4101, 3178, 2660, 2289, 5480, 7139, 4658, 2417, 3611, 2608, 1422, 1871, 3822, 4323, 2194, 2368, 3702, 2718, 1221, 1714, 3873, 4359, 1978, 1535, 2373, 1752, 879, 1287, 2781, 3103, 1536, 911, 1196, 894, 569, 949, 1519, 1406, 786, 570, 820, 737, 755, 624, 947, 1018, 742, 721, 963, 776, 701, 622, 871, 1004, 697, 969, 1140, 726, 572, 782, 1054, 989, 657, 862, 954, 655, 551, 825, 1215, 1099, 703, 571, 748, 732, 493, 663, 922, 943, 684, 564, 763, 801, 582, 623, 780, 807, 709, 636, 758, 711, 603, 718, 800, 727, 618, 640, 837, 764, 511, 655, 901, 809, 492, 879, 932, 777, 729, 824, 851, 750, 669, 1850, 2142, 1297, 1051, 1513, 1283, 1016, 968, 2442, 3165, 2039, 1201, 2133, 1883, 1407, 936, 2323, 2918, 1933, 1147, 2018, 1869, 1325, 947, 2588, 3360, 2347, 1017, 2173, 2298, 1469, 980, 2854, 4253, 3178, 951, 2187, 2576, 1781, 919, 1593, 2185, 1847, 845, 1304, 1408, 981, 896, 1275, 1608, 1285, 841, 937, 1238, 1289, 1004, 1698, 2225, 2091, 1053, 1165, 1347, 1711, 1830, 1818, 2352, 2051, 1000, 1533, 1386, 1553, 1889, 1442, 1643, 1308, 731, 1156, 1233, 1106, 1171, 1091, 1281, 1171, 888, 772, 1035, 1058, 936, 1006, 1031, 935, 711, 813, 970, 897, 884, 1164, 1098, 849, 768, 1210, 1325, 985, 863, 987, 993, 946, 658, 1132, 1334, 949, 705, 726, 801, 793, 652, 726, 745, 732, 668, 608, 671, 665, 584, 561, 687, 732, 623, 717, 655, 608, 614, 591, 716, 655, 621, 653, 656, 694, 626, 644, 718, 681, 639, 806, 762, 742, 740, 787, 862, 848, 744, 796, 829, 700, 625, 698, 880, 884, 772, 651, 625, 607, 647, 599, 710, 705, 587, 604, 579, 579, 651, 669, 606, 583, 632, 612, 651, 692, 659, 652, 656, 724, 735, 575, 684, 628, 516, 521, 582, 643, 636, 564, 732, 619, 527, 613, 644, 767, 642, 570, 593, 597, 572, 619, 700, 715, 633, 662, 577, 595, 673, 670, 611, 636, 655, 568, 545, 623, 692, 621, 553, 611, 609, 569, 630, 685, 649, 592, 551, 575, 591, 559, 652, 684, 666, 600, 607, 647, 610, 607, 682, 655, 579, 576, 694, 659, 567, 484, 582, 698, 588, 544, 614, 607, 527, 520, 562, 608, 541, 572, 512, 512, 533, 596, 467, 498, 639, 642, 520, 575, 627, 662, 558, 547, 737, 654, 585, 583, 585, 601, 609, 565, 579, 536, 542, 622, 524, 585, 659, 621, 596, 525, 516, 625, 533, 541, 515, 555, 609, 476, 478, 519, 562, 601, 680, 687, 551, 560, 607, 597, 606, 544, 621, 602, 611, 649, 645, 619, 601, 622, 580, 573, 547, 618, 653, 511, 511, 509, 498, 555, 567, 493, 460, 599, 643, 584, 602, 583, 588, 538, 459, 538, 650, 521, 503, 548, 562, 576, 525, 529, 548, 580, 545, 621, 617, 541, 573, 607, 581, 551, 624, 586, 573, 584, 495, 568, 625, 622, 628, 649, 586, 642, 586, 603, 657, 597, 624, 663, 647, 587, 607, 614, 586, 615, 632, 680, 642, 624, 627, 624, 566, 595, 698, 677, 697, 724, 611, 583, 542, 618, 632, 617, 556, 541, 556, 560, 561, 705, 612, 528, 529, 582, 575, 491, 601, 634, 583, 578, 559, 528, 514, 499, 597, 627, 632, 695, 575, 537, 602, 577, 625, 590, 583, 653, 554, 589, 637, 548, 603, 615, 640, 556, 505, 526, 572, 514, 559, 607, 676, 596, 599, 632, 590, 621, 606, 516, 511, 601, 654, 554, 541, 665, 608, 519, 551, 519, 408, 518, 626, 631, 502, 603, 671, 564, 514, 601, 645, 567, 503, 654, 663, 624, 608, 604, 614, 603, 606, 649, 690, 580, 578, 556, 612, 634, 616, 590, 647, 665, 567, 583, 663, 632, 554, 602, 665, 642, 556, 599, 663, 535, 534, 653, 636, 602, 567, 653, 623, 598, 641, 536, 603, 540, 504, 588, 650, 713, 613, 527, 704, 618, 560, 599, 828, 940, 703, 492, 666, 559, 494, 548, 677, 743, 610, 518, 600, 568, 511, 443, 488, 576, 510, 486, 517, 467, 440, 487, 493, 494, 478, 468, 489, 510, 519, 539, 569, 554, 523, 433, 539, 546, 446, 472, 446, 448, 447, 436, 475, 496, 520, 460, 395, 525, 503, 442, 437, 452, 414, 423, 410, 477, 504, 442, 383, 428, 444, 441, 418, 434, 460]"
-0.29454565048217773,0.6903414726257324,0.5893047451972961,0.3949633240699768,1.0287487506866455,1.0837862491607666,1.3734321594238281,-1.0910322666168213,1.4086246490478516,20.25,-1.0910322666168213,1.7479419708251953,16.75,-0.05777382850646973,0.08082389831542969,18.75,-0.022440195083618164,0.0,24.75,0.013465642929077148,-0.08325576782226562,25.75,"[596, 693, 687, 637, 655, 637, 689, 689, 553, 628, 545, 552, 645, 661, 599, 494, 535, 553, 594, 482, 609, 617, 518, 534, 534, 566, 524, 470, 487, 472, 463, 510, 505, 540, 490, 427, 473, 521, 513, 525, 493, 538, 498, 436, 543, 572, 415, 443, 469, 450, 525, 592, 551, 438, 390, 441, 522, 467, 510, 575, 495, 411, 482, 519, 488, 494, 495, 526, 528, 474, 446, 467, 502, 532, 480, 455, 469, 581, 547, 485, 501, 533, 541, 516, 515, 639, 596, 450, 477, 498, 554, 593, 577, 620, 566, 507, 487, 456, 506, 584, 596, 600, 544, 526, 505, 570, 560, 548, 567, 571, 540, 555, 528, 553, 521, 543, 502, 449, 449, 506, 604, 556, 578, 573, 549, 506, 496, 579, 601, 520, 533, 581, 541, 522, 478, 548, 571, 577, 530, 545, 593, 561, 509, 556, 594, 602, 595, 618, 613, 602, 621, 586, 555, 563, 484, 534, 596, 486, 520, 537, 587, 631, 588, 563, 628, 483, 509, 489, 570, 593, 547, 483, 515, 593, 592, 491, 582, 575, 580, 532, 502, 621, 645, 631, 608, 537, 545, 572, 512, 614, 709, 672, 457, 504, 505, 509, 516, 572, 562, 507, 561, 586, 485, 447, 555, 534, 534, 548, 547, 563, 534, 524, 578, 569, 600, 609, 486, 519, 545, 502, 548, 576, 573, 542, 578, 694, 641, 630, 607, 574, 577, 489, 566, 589, 634, 645, 608, 551, 517, 563, 565, 578, 600, 575, 445, 479, 552, 547, 631, 648, 637, 654, 521, 558, 597, 572, 568, 487, 539, 588, 543, 554, 566, 562, 629, 603, 747, 945, 724, 677, 1122, 1060, 1587, 1039, 2715, 4095, 2402, 2230, 5063, 4468, 2454, 2055, 5795, 8053, 4103, 4898, 10092, 8286, 1952, 2600, 6244, 8158, 3629, 6001, 10908, 8308, 1569, 3311, 5355, 6835, 2747, 6581, 10726, 7698, 2729, 4164, 4938, 6645, 3410, 7768, 11878, 8651, 3475, 4826, 4903, 6485, 4080, 8824, 12464, 8803, 2733, 3433, 4031, 4764, 2899, 6499, 9168, 6669, 2031, 1413, 1995, 2156, 1812, 1401, 1723, 2572, 2418, 3732, 2465, 1765, 1839, 4864, 5200, 2054, 1739, 2548, 1845, 1462, 1451, 3405, 3801, 1800, 1219, 1196, 784, 712, 1133, 1355, 1263, 1021, 1813, 2085, 1314, 1141, 1560, 2767, 2570, 1285, 1602, 2035, 1475, 1274, 1355, 2784, 2907, 1478, 839, 1188, 1087, 1057, 793, 1450, 1784, 1194, 661, 892, 736, 679, 629, 861, 1122, 864, 598, 850, 707, 560, 709, 918, 968, 735, 715, 777, 716, 646, 801, 1005, 915, 692, 876, 1093, 902, 595, 937, 1474, 1408, 793, 826, 1101, 897, 645, 956, 1639, 1678, 980, 689, 877, 736, 537, 609, 940, 1029, 759, 571, 545, 546, 563, 582, 672, 640, 611, 656, 604, 578, 614, 648, 633, 550, 581, 761, 770, 688, 716, 649, 683, 657, 676, 1766, 2124, 1543, 1023, 1143, 1339, 1305, 1050, 2778, 3357, 2454, 1381, 1455, 2052, 2070, 1464, 2319, 2879, 2398, 1493, 1310, 1629, 1818, 1487, 4661, 5045, 4286, 2434, 1966, 3316, 2816, 3260, 7136, 7426, 5597, 3213, 3073, 5122, 4455, 4745, 4678, 4649, 3316, 2107, 2174, 3115, 2898, 3291, 1570, 1337, 901, 759, 1076, 1018, 858, 1189, 853, 904, 865, 758, 758, 747, 747, 792, 888, 791, 835, 1064, 1056, 892, 792, 903, 610, 692, 789, 854, 723, 584, 644, 613, 679, 858, 929, 839, 754, 641, 588, 695, 536, 786, 795, 689, 616, 607, 567, 646, 662, 637, 602, 592, 670, 664, 602, 598, 624, 571, 613, 666, 692, 660, 735, 733, 663, 729, 637, 607, 714, 713, 772, 678, 639, 749, 639, 563, 685, 746, 752, 619, 652, 744, 720, 595, 609, 775, 797, 650, 618, 760, 769, 564, 663, 668, 604, 639, 625, 668, 761, 682, 558, 653, 661, 573, 538, 623, 709, 639, 587, 655, 606, 565, 576, 532, 674, 732, 614, 573, 645, 620, 623, 653, 618, 591, 583, 640, 676, 643, 667, 604, 614, 657, 592, 678, 759, 658, 605, 566, 592, 610, 592, 625, 621, 588, 659, 667, 704, 698, 657, 555, 616, 657, 680, 555, 610, 671, 565, 540, 617, 680, 667, 555, 516, 605, 623, 662, 639, 689, 647, 560, 620, 641, 618, 647, 617, 672, 656, 548, 595, 641, 661, 575, 491, 640, 614, 573, 648, 740, 728, 658, 652, 686, 562, 575, 656, 702, 629, 666, 720, 660, 550, 524, 582, 575, 521, 611, 620, 563, 629, 596, 583, 616, 572, 578, 494, 526, 594, 468, 678, 663, 521, 546, 632, 672, 534, 473, 438, 497, 480, 527, 540, 539, 568, 550, 504, 542, 558, 605, 572, 555, 609, 554, 653, 605, 596, 568, 580, 699, 580, 585, 603, 516, 622, 568, 571, 633, 593, 599, 556, 543, 597, 550, 536, 548, 559, 557, 621, 646, 614, 576, 561, 544, 603, 650, 677, 688, 569, 519, 520, 594, 636, 710, 713, 607, 539, 504, 612, 648, 552, 559, 586, 615, 582, 610, 644, 598, 602, 548, 520, 579, 525, 551, 677, 607, 576, 581, 573, 565, 486, 621, 736, 632, 617, 540, 573, 606, 656, 628, 586, 606, 585, 593, 619, 612, 630, 537, 622, 649, 637, 612, 520, 472, 557, 524, 531, 582, 650, 600, 520, 474, 585, 621, 556, 631, 585, 509, 525, 532, 552, 578, 531, 606, 560, 514, 529, 609, 537, 499, 540, 529, 534, 582, 590, 614, 590, 584, 633, 628, 595, 563, 594, 608, 638, 657, 663, 690, 650, 667, 661, 562, 699, 699, 622, 695, 604, 611, 727, 642, 581, 633, 726, 723, 644, 548, 626, 670, 595, 484, 691, 774, 626, 691, 627, 640, 612, 611, 689, 682, 737, 647, 626, 642, 549, 544, 570, 704, 710, 651, 667, 646, 603, 611, 506, 678, 587, 510, 554, 567, 568, 520, 519, 607, 585, 599, 604, 555, 550, 535, 492, 609, 537, 554, 593, 564, 512, 592, 621, 577, 587, 571, 588, 571, 574, 671, 739, 672, 525, 569, 559, 556, 503, 595, 605, 524, 494, 558, 546, 530, 489, 451, 499, 512, 437, 456, 454, 421, 486, 484, 483, 440, 486, 455, 484, 432, 456, 494, 492, 498, 353, 382, 333, 340, 431, 468, 440, 413, 423, 368, 338, 415, 457, 464, 345, 369, 383, 396, 377, 393, 465, 498, 418, 369, 394, 399, 433, 359, 420, 486, 434, 398]"
0.5442593097686768,-0.2255353182554245,-0.4777769148349762,-0.39091676473617554,-0.2778562009334564,-0.4508435130119324,-0.724478542804718,-0.5478473901748657,1.0581493377685547,26.5,-0.4309746026992798,0.9560108184814453,30.0,-0.32440149784088135,0.9176731109619141,25.5,-0.24429285526275635,0.8929252624511719,25.0,-0.10095560550689697,0.6833553314208984,27.0,"[500, 591, 682, 671, 672, 666, 681, 596, 525, 532, 573, 618, 625, 681, 688, 601, 569, 491, 585, 615, 584, 538, 606, 689, 491, 531, 531, 585, 518, 437, 545, 530, 525, 473, 433, 489, 507, 500, 535, 545, 518, 475, 482, 506, 498, 523, 518, 493, 541, 548, 535, 601, 553, 516, 563, 558, 528, 506, 576, 561, 474, 538, 561, 519, 459, 543, 590, 515, 500, 544, 549, 467, 576, 550, 563, 558, 602, 711, 597, 564, 598, 591, 569, 575, 630, 645, 606, 583, 636, 578, 560, 627, 664, 603, 573, 581, 453, 530, 606, 578, 527, 550, 484, 467, 575, 634, 663, 588, 569, 592, 530, 620, 632, 546, 516, 462, 539, 509, 461, 552, 587, 545, 505, 520, 553, 531, 542, 566, 616, 598, 544, 572, 598, 561, 535, 589, 662, 633, 636, 637, 652, 696, 603, 636, 667, 620, 550, 667, 699, 692, 605, 566, 537, 644, 527, 498, 628, 628, 512, 494, 531, 572, 514, 533, 469, 518, 548, 469, 571, 562, 593, 549, 444, 504, 594, 549, 537, 635, 589, 481, 437, 580, 624, 527, 597, 597, 518, 465, 543, 586, 532, 529, 566, 603, 626, 537, 533, 539, 551, 550, 567, 661, 544, 568, 633, 591, 558, 488, 554, 550, 529, 642, 663, 567, 563, 570, 564, 532, 559, 572, 555, 555, 622, 623, 477, 480, 532, 556, 480, 446, 450, 460, 561, 565, 529, 531, 460, 502, 539, 509, 543, 538, 531, 554, 602, 563, 545, 542, 552, 513, 624, 544, 564, 570, 619, 605, 553, 504, 557, 635, 550, 527, 583, 563, 554, 548, 575, 585, 588, 494, 556, 628, 495, 527, 454, 456, 481, 474, 519, 492, 569, 574, 551, 500, 561, 555, 503, 539, 515, 582, 500, 553, 648, 624, 573, 536, 591, 633, 542, 565, 650, 671, 610, 558, 644, 647, 592, 518, 537, 668, 557, 517, 606, 632, 525, 413, 429, 612, 562, 456, 516, 566, 518, 436, 438, 548, 570, 519, 409, 484, 467, 482, 602, 601, 568, 518, 495, 607, 592, 615, 645, 587, 496, 523, 495, 560, 577, 549, 510, 518, 585, 545, 1071, 1186, 1607, 1742, 956, 1383, 2939, 2753, 4459, 2955, 5240, 6410, 3954, 3938, 10935, 11087, 6961, 4114, 7668, 9384, 6060, 5478, 15910, 16480, 4054, 3151, 5001, 5788, 3555, 4089, 10488, 10384, 4408, 4033, 5631, 4358, 3090, 4617, 10156, 10100, 8017, 6323, 10719, 8526, 5524, 7003, 17099, 17882, 8241, 4917, 10160, 8399, 5620, 5513, 16081, 17727, 5571, 3932, 6953, 5602, 3530, 3469, 10208, 11363, 3400, 5080, 6475, 3824, 2086, 3093, 7181, 7175, 2440, 4685, 5684, 3123, 1444, 3274, 6782, 6218, 2032, 5969, 7356, 4315, 1375, 4712, 9055, 7906, 2859, 11793, 14631, 8313, 1811, 8803, 17012, 14615, 1735, 11388, 13488, 7249, 1260, 8386, 15832, 13052, 825, 4040, 4550, 2458, 786, 3456, 6061, 4737, 594, 1481, 1589, 1058, 596, 1495, 2242, 1691, 742, 947, 804, 581, 605, 861, 1087, 860, 716, 715, 704, 674, 643, 604, 759, 759, 721, 644, 718, 723, 635, 673, 743, 729, 734, 636, 626, 751, 669, 630, 771, 826, 580, 667, 715, 731, 693, 537, 667, 720, 778, 980, 868, 790, 592, 610, 708, 536, 982, 1170, 1085, 951, 776, 753, 803, 722, 979, 1446, 1521, 1044, 794, 1061, 1016, 935, 1728, 2552, 2302, 1201, 1165, 1688, 1599, 1051, 1593, 2504, 2121, 991, 1092, 1492, 1545, 940, 1768, 2337, 1873, 1043, 1107, 1593, 1679, 1016, 2887, 3141, 2432, 2015, 1810, 2390, 2288, 1674, 2747, 2957, 2360, 2146, 1782, 2110, 2116, 1747, 1298, 1774, 1510, 1183, 987, 1345, 1595, 1022, 1048, 1279, 1192, 963, 973, 1007, 1201, 1144, 1157, 1359, 1295, 1266, 985, 1010, 1205, 1148, 921, 1082, 1197, 1006, 809, 837, 1011, 1066, 815, 920, 872, 663, 625, 767, 815, 818, 761, 842, 724, 703, 805, 795, 777, 752, 984, 946, 716, 680, 859, 1011, 827, 835, 1123, 1123, 817, 747, 942, 1061, 913, 875, 744, 805, 723, 747, 784, 807, 861, 802, 579, 667, 661, 760, 809, 616, 791, 814, 693, 710, 685, 810, 804, 679, 768, 802, 673, 737, 633, 748, 743, 705, 796, 733, 588, 604, 659, 761, 687, 666, 714, 645, 598, 656, 771, 751, 693, 718, 783, 696, 497, 725, 788, 678, 589, 752, 766, 644, 671, 760, 739, 617, 702, 733, 711, 730, 663, 756, 667, 693, 690, 652, 783, 729, 515, 670, 790, 759, 600, 640, 810, 704, 593, 649, 823, 740, 529, 561, 655, 723, 712, 658, 690, 671, 653, 580, 666, 766, 657, 607, 616, 658, 617, 584, 593, 703, 550, 644, 685, 600, 585, 666, 748, 703, 575, 595, 668, 605, 573, 630, 782, 750, 658, 513, 638, 691, 662, 603, 769, 886, 630, 578, 664, 655, 610, 570, 793, 847, 620, 572, 632, 600, 602, 520, 567, 712, 701, 514, 637, 657, 548, 568, 585, 693, 680, 526, 587, 598, 585, 641, 565, 595, 695, 675, 592, 566, 601, 661, 658, 681, 735, 660, 685, 719, 666, 674, 698, 760, 671, 575, 610, 683, 624, 579, 659, 652, 570, 510, 636, 808, 634, 573, 942, 901, 668, 582, 750, 838, 627, 667, 907, 817, 771, 577, 788, 758, 685, 579, 605, 883, 713, 597, 834, 808, 692, 594, 850, 1001, 751, 635, 716, 790, 627, 621, 839, 884, 684, 562, 823, 802, 650, 624, 982, 1084, 727, 641, 889, 821, 664, 586, 876, 1033, 830, 847, 1166, 956, 627, 664, 1059, 1185, 728, 787, 1068, 826, 666, 750, 1145, 1197, 724, 758, 952, 834, 707, 668, 1029, 1079, 654, 659, 756, 785, 682, 574, 721, 773, 647, 681, 792, 754, 705, 684, 1001, 969, 653, 709, 668, 773, 860, 821, 1102, 975, 732, 757, 580, 619, 725, 745, 926, 868, 668, 758, 648, 624, 619, 781, 908, 702, 613, 655, 582, 521, 653, 646, 619, 614, 640, 685, 584, 579, 594, 751, 757, 592, 653, 645, 540, 615, 560, 708, 752, 595, 634, 576, 668, 652, 617, 620, 546, 590, 647, 608, 636, 684, 606, 524, 649, 702, 441, 421, 526, 545, 471, 464, 566, 553, 514, 463, 485, 454, 520, 446, 507, 530, 435, 410, 411, 417, 464, 480, 441, 429, 460, 475, 538, 513, 444, 460, 473, 480, 431, 465, 497, 485, 417, 377, 490, 525]"
0.6089938282966614,-0.18932463228702545,-0.607106626033783,-0.18204206228256226,-0.14465506374835968,-0.5334099531173706,-0.3608086407184601,-1.2064067125320435,1.2969017028808594,15.75,-1.2064067125320435,1.3099193572998047,25.5,-0.49529945850372314,1.011800765991211,27.5,-0.30918991565704346,0.7925033569335938,18.75,-0.28057968616485596,0.8211135864257812,22.0,"[547, 624, 668, 665, 689, 665, 665, 624, 576, 675, 707, 654, 671, 707, 740, 628, 530, 559, 528, 558, 555, 587, 570, 523, 497, 537, 556, 540, 554, 546, 475, 513, 421, 541, 547, 472, 556, 468, 416, 431, 493, 549, 522, 473, 529, 498, 474, 481, 547, 511, 558, 546, 543, 492, 443, 558, 589, 557, 475, 519, 539, 487, 478, 551, 531, 570, 478, 487, 439, 467, 507, 472, 517, 617, 569, 515, 571, 518, 561, 541, 497, 509, 486, 566, 547, 472, 530, 536, 519, 461, 513, 631, 563, 492, 517, 586, 495, 500, 535, 589, 522, 503, 619, 571, 484, 562, 508, 464, 537, 578, 609, 561, 452, 509, 559, 479, 483, 521, 582, 552, 557, 573, 639, 609, 539, 520, 617, 594, 520, 511, 492, 476, 449, 460, 526, 571, 538, 554, 563, 450, 451, 511, 585, 586, 476, 511, 608, 545, 588, 613, 595, 591, 540, 614, 593, 523, 659, 667, 674, 634, 576, 612, 554, 561, 579, 569, 621, 629, 590, 692, 635, 553, 596, 544, 618, 664, 499, 598, 627, 526, 485, 632, 728, 601, 587, 570, 545, 575, 558, 619, 676, 590, 524, 559, 613, 598, 587, 667, 612, 532, 615, 619, 711, 608, 596, 682, 605, 597, 621, 557, 553, 512, 540, 584, 522, 579, 571, 502, 550, 543, 472, 548, 593, 561, 532, 543, 514, 543, 583, 545, 526, 534, 577, 529, 559, 564, 582, 589, 581, 575, 585, 511, 411, 497, 586, 573, 540, 524, 500, 624, 598, 454, 527, 594, 622, 549, 467, 570, 563, 422, 373, 491, 466, 472, 536, 596, 641, 576, 423, 471, 525, 468, 641, 540, 541, 524, 474, 544, 581, 602, 566, 545, 558, 586, 586, 562, 566, 578, 512, 549, 555, 522, 492, 477, 536, 543, 559, 520, 598, 608, 515, 498, 538, 641, 500, 510, 499, 567, 585, 529, 529, 503, 510, 531, 530, 585, 574, 520, 504, 463, 476, 487, 469, 533, 558, 504, 487, 446, 633, 621, 588, 584, 603, 674, 685, 606, 1203, 1517, 1951, 1759, 1050, 1809, 3387, 3099, 3773, 3541, 5390, 5029, 3033, 4193, 10409, 10252, 5012, 3908, 6434, 6124, 3917, 4741, 12544, 12719, 2986, 1991, 3305, 3459, 2391, 2463, 6343, 6624, 2716, 1467, 2861, 2425, 1778, 1525, 3998, 4756, 1642, 2109, 3127, 2534, 1332, 2145, 4427, 4246, 1657, 1495, 1932, 2079, 1222, 1648, 2481, 2372, 1711, 1993, 3531, 3013, 1340, 1660, 3334, 3438, 1808, 4889, 5088, 2642, 1284, 3526, 5123, 3613, 2461, 6383, 6351, 2853, 1411, 4177, 6101, 4055, 2049, 4205, 5145, 2963, 1095, 2643, 4974, 4643, 1262, 4769, 5781, 3302, 1254, 3223, 6070, 5191, 2781, 6207, 6863, 3971, 1811, 3887, 6828, 5740, 3262, 8006, 8520, 4559, 1636, 5404, 9225, 7727, 2166, 6307, 6670, 3436, 1138, 4446, 7437, 6029, 1373, 3034, 3156, 1710, 790, 2169, 3478, 2740, 981, 1475, 1439, 1048, 761, 1038, 1390, 1242, 701, 1007, 1093, 906, 659, 770, 975, 917, 730, 683, 945, 883, 634, 693, 956, 934, 754, 755, 873, 824, 699, 668, 714, 826, 806, 870, 797, 795, 796, 707, 771, 829, 817, 999, 851, 749, 754, 643, 789, 763, 1057, 1304, 1050, 680, 871, 948, 774, 639, 1413, 2104, 1769, 924, 1163, 1316, 1174, 745, 1326, 2347, 2095, 963, 1297, 1628, 1350, 805, 1489, 1735, 1642, 1198, 1174, 1492, 1330, 1057, 1500, 2532, 2681, 1695, 963, 1063, 1441, 1378, 2951, 4724, 3688, 2020, 1914, 1973, 2288, 1877, 3550, 4853, 3667, 2195, 2546, 2805, 3153, 2321, 3263, 3363, 2617, 2093, 2232, 2899, 2549, 2420, 2327, 1736, 2328, 2270, 1859, 2239, 1455, 2101, 1361, 1293, 2061, 1604, 1074, 1521, 1110, 1397, 1194, 1299, 1524, 1154, 899, 1246, 1122, 1084, 951, 1112, 1048, 854, 972, 1169, 1057, 715, 789, 792, 735, 733, 810, 956, 971, 867, 861, 820, 902, 868, 850, 951, 759, 743, 749, 967, 1070, 940, 855, 861, 808, 703, 750, 961, 956, 942, 908, 895, 746, 566, 677, 704, 767, 807, 740, 645, 763, 695, 750, 730, 771, 716, 637, 685, 836, 846, 836, 794, 906, 788, 611, 751, 905, 905, 733, 827, 832, 672, 597, 701, 771, 659, 735, 812, 907, 699, 584, 647, 726, 741, 823, 728, 742, 684, 642, 623, 631, 756, 708, 612, 660, 708, 590, 594, 564, 690, 752, 724, 821, 802, 647, 604, 684, 764, 677, 717, 694, 647, 625, 738, 676, 682, 705, 725, 622, 575, 672, 703, 662, 650, 700, 746, 717, 664, 753, 693, 601, 644, 690, 742, 687, 633, 657, 648, 573, 587, 610, 627, 591, 551, 602, 607, 565, 533, 667, 754, 684, 626, 624, 640, 593, 605, 662, 638, 571, 521, 606, 551, 521, 623, 612, 579, 634, 652, 611, 600, 534, 621, 513, 505, 583, 623, 496, 597, 624, 592, 541, 539, 678, 699, 577, 565, 738, 687, 638, 681, 799, 693, 582, 558, 674, 674, 604, 583, 689, 674, 556, 505, 581, 643, 652, 610, 629, 703, 608, 524, 617, 653, 664, 667, 620, 690, 600, 619, 763, 712, 541, 663, 678, 659, 579, 648, 715, 606, 471, 604, 755, 638, 602, 666, 712, 701, 569, 572, 693, 686, 643, 673, 686, 668, 724, 547, 673, 732, 685, 634, 715, 853, 863, 563, 612, 760, 705, 625, 638, 874, 753, 556, 716, 785, 681, 678, 816, 883, 806, 920, 1033, 815, 642, 857, 1075, 969, 899, 1061, 1069, 835, 733, 950, 1189, 1154, 823, 932, 1078, 864, 671, 661, 1092, 1163, 881, 939, 914, 855, 675, 715, 1058, 1059, 801, 742, 798, 815, 706, 694, 958, 1010, 700, 743, 799, 769, 648, 695, 919, 824, 612, 836, 804, 697, 625, 722, 827, 673, 609, 840, 882, 728, 648, 745, 864, 697, 547, 713, 769, 673, 554, 601, 874, 794, 647, 702, 750, 702, 608, 669, 715, 632, 662, 621, 640, 698, 521, 556, 680, 634, 633, 576, 552, 608, 515, 585, 729, 686, 465, 539, 502, 535, 541, 524, 547, 457, 478, 617, 569, 569, 593, 552, 556, 522, 438, 522, 572, 522, 533, 527, 535, 545, 443, 503, 487, 428, 427, 477, 431, 431, 452, 513, 516, 443, 369, 464, 455, 364, 434, 467, 467, 430, 398, 344, 365, 413, 411, 469, 445, 408, 419, 434, 374, 367, 430, 456, 469, 459, 428, 463, 478, 454]"
0.5421026945114136,-0.25594955682754517,-0.4682583212852478,-0.3353017270565033,-0.19104084372520447,-0.2179458737373352,-0.48488694429397583,-1.2067277431488037,1.1768817901611328,28.25,-1.2067277431488037,1.222372055053711,25.75,-0.2232511043548584,0.5669116973876953,17.75,0.334362268447876,0.36377906799316406,19.75,0.34108567237854004,0.4298686981201172,24.75,"[583, 635, 630, 652, 744, 654, 631, 635, 578, 654, 660, 657, 671, 563, 640, 663, 562, 523, 550, 530, 557, 563, 537, 559, 591, 529, 584, 580, 537, 544, 549, 596, 545, 506, 450, 559, 590, 493, 469, 502, 535, 494, 551, 575, 572, 595, 536, 531, 477, 543, 570, 476, 467, 577, 579, 490, 557, 557, 572, 582, 506, 629, 668, 597, 563, 470, 412, 495, 570, 527, 501, 564, 630, 544, 465, 545, 636, 536, 454, 554, 474, 488, 480, 481, 502, 441, 465, 543, 481, 518, 620, 564, 516, 486, 506, 578, 520, 560, 620, 522, 583, 518, 529, 619, 523, 591, 630, 550, 521, 573, 641, 598, 546, 566, 563, 534, 514, 539, 578, 564, 613, 601, 506, 577, 646, 577, 519, 574, 454, 569, 530, 503, 554, 478, 532, 511, 515, 545, 493, 496, 593, 560, 575, 585, 635, 658, 546, 509, 630, 582, 505, 560, 572, 550, 502, 568, 563, 471, 463, 538, 593, 613, 557, 506, 466, 515, 548, 517, 482, 541, 590, 521, 526, 571, 577, 496, 526, 573, 601, 546, 546, 521, 521, 567, 641, 589, 526, 541, 508, 583, 601, 567, 530, 555, 459, 440, 495, 523, 543, 549, 496, 559, 613, 595, 499, 550, 623, 547, 582, 656, 531, 596, 622, 611, 623, 499, 585, 634, 592, 558, 534, 533, 601, 565, 478, 549, 557, 498, 459, 546, 598, 520, 521, 511, 486, 485, 458, 579, 587, 498, 491, 623, 674, 550, 556, 627, 606, 538, 490, 597, 631, 564, 579, 587, 551, 512, 495, 534, 521, 498, 565, 530, 494, 530, 568, 513, 565, 548, 570, 515, 467, 546, 555, 479, 549, 618, 576, 474, 447, 535, 537, 453, 436, 507, 595, 537, 461, 478, 624, 536, 463, 408, 562, 584, 437, 505, 622, 663, 555, 506, 593, 618, 556, 549, 582, 600, 621, 633, 609, 612, 625, 619, 1174, 1452, 1801, 1371, 828, 1568, 2790, 2616, 3412, 4360, 6072, 4246, 2436, 4640, 10143, 9685, 4670, 5313, 7929, 5630, 3232, 5606, 13043, 12805, 2249, 2691, 3927, 2857, 1664, 2658, 5919, 5818, 1655, 778, 1412, 1547, 1260, 735, 1630, 2273, 3416, 1665, 4231, 3395, 1900, 1106, 4683, 6150, 3944, 2693, 6115, 4665, 1970, 1898, 6537, 7988, 3570, 3043, 5850, 4256, 1985, 2608, 7471, 8253, 3443, 3570, 5823, 3679, 2096, 3486, 8758, 8988, 2640, 2569, 4281, 2896, 1716, 2326, 5942, 6256, 1361, 1410, 1717, 1243, 1017, 972, 1919, 2080, 976, 2184, 2594, 1476, 653, 1549, 3014, 2677, 1739, 4006, 4353, 2374, 1074, 3335, 5980, 5147, 2099, 6507, 7825, 4380, 1390, 5071, 9362, 7897, 2624, 11955, 14143, 7496, 1685, 7409, 14032, 11676, 2680, 11131, 12694, 6547, 1426, 6916, 12494, 10063, 1545, 4708, 5535, 3032, 1046, 3293, 5953, 4975, 1116, 1764, 2347, 1549, 873, 1534, 2755, 2616, 836, 1577, 1851, 1233, 658, 1219, 2143, 1991, 805, 1073, 1268, 943, 687, 874, 1286, 1258, 677, 797, 841, 705, 650, 700, 895, 859, 556, 643, 719, 665, 565, 663, 722, 652, 624, 645, 665, 634, 644, 746, 769, 637, 701, 640, 608, 677, 727, 692, 558, 635, 820, 1039, 972, 712, 925, 841, 582, 647, 1261, 1673, 1360, 829, 1055, 1024, 795, 855, 1124, 1476, 1284, 868, 968, 1025, 961, 935, 1472, 2564, 2677, 1642, 1457, 1832, 1693, 1556, 3100, 4466, 4677, 2926, 2446, 2975, 2611, 2378, 3582, 4570, 4820, 3319, 2568, 3624, 2829, 2560, 2327, 3483, 4354, 2810, 1740, 2736, 2469, 2071, 2299, 3353, 3756, 2254, 1226, 2536, 2480, 1808, 1881, 2411, 2749, 2112, 1154, 2325, 2177, 1403, 1132, 1341, 1824, 1550, 825, 1523, 1455, 1035, 694, 904, 1135, 950, 699, 1029, 1081, 792, 637, 857, 924, 802, 720, 945, 967, 723, 693, 895, 851, 603, 689, 851, 766, 552, 674, 749, 714, 675, 668, 682, 679, 610, 752, 778, 838, 912, 717, 713, 888, 824, 768, 785, 890, 843, 676, 748, 825, 832, 751, 796, 843, 768, 608, 736, 807, 695, 749, 740, 790, 830, 742, 740, 785, 672, 845, 706, 741, 809, 805, 762, 752, 803, 910, 790, 751, 823, 769, 764, 791, 829, 835, 774, 726, 773, 716, 722, 722, 765, 707, 795, 807, 744, 697, 663, 654, 682, 621, 696, 759, 711, 671, 650, 690, 676, 634, 626, 651, 687, 683, 711, 682, 622, 659, 609, 735, 642, 644, 672, 668, 625, 573, 598, 725, 679, 638, 657, 666, 631, 625, 657, 706, 633, 547, 595, 658, 690, 681, 753, 795, 749, 758, 745, 668, 674, 757, 743, 901, 947, 861, 876, 1060, 994, 824, 747, 887, 913, 810, 822, 1086, 1089, 735, 680, 823, 862, 824, 788, 906, 914, 738, 632, 677, 756, 889, 839, 716, 771, 703, 637, 605, 711, 860, 765, 702, 742, 644, 597, 512, 531, 654, 672, 585, 591, 556, 543, 557, 614, 661, 662, 745, 714, 593, 583, 573, 660, 642, 632, 795, 728, 693, 585, 539, 658, 586, 588, 666, 736, 575, 723, 768, 634, 530, 560, 630, 631, 670, 718, 890, 923, 716, 670, 822, 755, 817, 800, 1090, 1230, 942, 713, 1166, 1241, 1019, 816, 1245, 1302, 976, 684, 1408, 1630, 1132, 899, 1217, 1221, 892, 749, 1571, 1860, 1385, 804, 1154, 1458, 1236, 716, 1638, 2107, 1201, 845, 1120, 1191, 978, 785, 1135, 1495, 997, 1112, 1243, 1023, 873, 951, 1345, 1306, 955, 875, 1072, 833, 963, 937, 1215, 1395, 805, 607, 712, 837, 913, 760, 800, 991, 692, 764, 809, 833, 718, 702, 866, 852, 721, 855, 864, 723, 639, 689, 864, 828, 680, 854, 995, 790, 613, 687, 1029, 1073, 716, 730, 851, 848, 698, 720, 1070, 1102, 734, 598, 649, 731, 661, 606, 836, 854, 698, 653, 713, 686, 655, 649, 715, 750, 742, 710, 793, 730, 532, 681, 733, 714, 691, 699, 729, 641, 599, 621, 762, 817, 619, 698, 688, 676, 654, 574, 814, 856, 570, 618, 551, 639, 599, 625, 803, 692, 555, 576, 619, 581, 491, 584, 662, 558, 518, 592, 591, 547, 510, 569, 520, 488, 529, 541, 563, 538, 508, 650, 643, 510, 520, 598, 520, 551, 530, 588, 591, 500, 432, 487, 468, 454, 474, 432, 462, 462, 460, 533, 569, 501, 461, 577, 527, 514, 445, 454, 519, 557, 447, 501, 573, 548, 424, 410, 432, 545, 469, 410, 406, 367]"
0.4743165969848633,-0.3801060914993286,-0.4360242486000061,-0.4679992198944092,-0.37880825996398926,-0.1733931452035904,-0.6030594110488892,-0.24464952945709229,0.3544807434082031,17.0,-0.2123199701309204,0.4493236541748047,17.0,-0.19658434391021729,0.8132457733154297,18.5,-0.1329265832901001,0.7171154022216797,22.5,0.13872754573822021,0.4856586456298828,16.5,"[488, 557, 611, 586, 495, 584, 612, 559, 525, 522, 530, 545, 584, 604, 599, 545, 578, 449, 500, 536, 601, 557, 521, 611, 536, 519, 550, 509, 568, 530, 493, 587, 448, 481, 501, 551, 585, 523, 428, 487, 484, 512, 553, 520, 553, 577, 520, 496, 533, 414, 388, 487, 556, 526, 423, 471, 536, 447, 373, 488, 505, 441, 383, 483, 480, 469, 442, 415, 464, 506, 493, 475, 533, 528, 565, 582, 493, 567, 557, 494, 538, 516, 567, 559, 499, 558, 566, 503, 561, 542, 513, 491, 521, 617, 628, 586, 482, 461, 480, 562, 509, 499, 605, 591, 528, 579, 469, 539, 617, 568, 517, 450, 589, 523, 486, 530, 535, 556, 532, 466, 533, 566, 485, 434, 482, 509, 412, 415, 471, 444, 503, 487, 458, 469, 451, 447, 588, 576, 633, 535, 552, 592, 553, 582, 503, 552, 566, 547, 558, 560, 543, 523, 524, 515, 565, 606, 581, 538, 527, 542, 436, 477, 533, 558, 541, 542, 530, 472, 496, 505, 560, 577, 593, 534, 534, 571, 517, 470, 587, 616, 495, 425, 533, 564, 631, 560, 571, 575, 474, 566, 637, 689, 647, 576, 511, 593, 517, 585, 531, 533, 480, 471, 601, 647, 525, 598, 672, 523, 429, 466, 569, 540, 470, 487, 488, 478, 426, 461, 574, 586, 456, 529, 575, 479, 507, 558, 590, 525, 444, 584, 577, 489, 537, 684, 558, 456, 522, 626, 620, 523, 599, 588, 617, 580, 537, 576, 573, 564, 565, 576, 651, 600, 544, 561, 631, 574, 571, 459, 491, 537, 481, 505, 544, 576, 610, 578, 571, 623, 610, 607, 622, 614, 589, 577, 575, 522, 576, 617, 566, 565, 534, 584, 620, 634, 573, 535, 556, 552, 705, 579, 655, 674, 537, 476, 677, 750, 1427, 1065, 1561, 1366, 994, 870, 1636, 1973, 2181, 1598, 2803, 2167, 1219, 1237, 3208, 3854, 1796, 1891, 3112, 2251, 1201, 1496, 3630, 3926, 1313, 1854, 2764, 1981, 954, 1520, 3243, 3204, 959, 1388, 1723, 1228, 832, 1200, 2259, 2136, 1128, 1171, 1512, 1135, 774, 1277, 2052, 1891, 3846, 5163, 7042, 4494, 2174, 4611, 9003, 8599, 7232, 10568, 15255, 9487, 3793, 8924, 19261, 18924, 6222, 9344, 14268, 8872, 3200, 7666, 17793, 17843, 2671, 4096, 6438, 4122, 1472, 3282, 7787, 7889, 1626, 2180, 3144, 2213, 1084, 1669, 3495, 3650, 1562, 2392, 2563, 1556, 1027, 1637, 2633, 2308, 1215, 3042, 3273, 1659, 934, 1881, 3183, 2574, 794, 2392, 2673, 1450, 700, 1503, 2586, 2217, 1924, 4202, 4264, 2109, 1293, 2029, 3350, 2610, 5543, 11036, 9624, 3333, 3210, 4763, 7244, 4149, 7071, 13028, 11427, 4286, 3831, 5797, 9176, 5951, 4705, 9395, 8729, 3886, 2329, 4868, 7852, 5896, 2594, 6462, 6908, 3621, 1236, 3564, 6434, 5261, 1694, 3465, 3433, 1778, 1066, 1964, 3082, 2379, 1008, 2201, 2254, 1209, 799, 1307, 1849, 1473, 724, 1157, 1227, 823, 641, 955, 1308, 1006, 864, 1334, 1168, 782, 755, 994, 1230, 944, 858, 1133, 1078, 748, 606, 881, 1184, 989, 770, 1003, 961, 681, 666, 860, 975, 860, 813, 1173, 1015, 666, 841, 933, 861, 747, 1444, 1845, 1474, 996, 1460, 1254, 892, 885, 2496, 3182, 2271, 1543, 2207, 1944, 1499, 1303, 3360, 3978, 3105, 2021, 2608, 2801, 2272, 1662, 2824, 3524, 2900, 1739, 2262, 2684, 2229, 1573, 2427, 3396, 3563, 2372, 1517, 2438, 2476, 1762, 2434, 3814, 4037, 2743, 1492, 2465, 2575, 1869, 2077, 2813, 2886, 2021, 1151, 1676, 1662, 1481, 1377, 1936, 1769, 1084, 882, 1143, 1138, 1032, 1377, 2240, 1895, 765, 1035, 1205, 1170, 826, 1193, 1682, 1497, 803, 903, 998, 937, 771, 941, 1039, 858, 795, 833, 805, 791, 747, 806, 1066, 1015, 679, 697, 887, 803, 701, 723, 903, 1071, 796, 620, 771, 849, 780, 763, 862, 872, 844, 735, 796, 976, 889, 887, 875, 962, 961, 806, 857, 957, 925, 1511, 1206, 1003, 1378, 1197, 1022, 1002, 1116, 1827, 1355, 1100, 1683, 1479, 1221, 1256, 1359, 1408, 916, 1049, 1489, 1179, 977, 1133, 1256, 1086, 818, 947, 1083, 872, 734, 841, 983, 987, 862, 850, 884, 893, 700, 715, 885, 1067, 1029, 957, 936, 1015, 781, 737, 848, 1068, 1217, 1159, 950, 971, 957, 804, 917, 974, 1030, 991, 837, 1007, 877, 797, 893, 961, 1220, 1030, 911, 1073, 921, 743, 791, 833, 1008, 896, 871, 1113, 950, 762, 731, 805, 841, 809, 799, 906, 737, 595, 705, 1130, 1001, 814, 822, 954, 803, 799, 1041, 1398, 1084, 843, 945, 1066, 856, 1003, 1328, 1040, 703, 795, 1054, 976, 733, 982, 1181, 836, 693, 866, 1033, 855, 768, 1014, 1048, 840, 819, 839, 805, 766, 741, 906, 899, 681, 634, 655, 809, 701, 512, 726, 731, 825, 717, 652, 725, 657, 579, 695, 754, 781, 784, 677, 632, 665, 596, 690, 761, 718, 638, 733, 821, 794, 652, 753, 741, 846, 677, 671, 844, 902, 774, 705, 831, 816, 677, 816, 964, 829, 739, 828, 905, 821, 704, 835, 856, 710, 653, 731, 818, 727, 857, 875, 747, 630, 740, 805, 742, 778, 982, 991, 805, 654, 955, 1179, 935, 1259, 1261, 1639, 1297, 936, 1190, 2254, 2222, 1430, 1494, 2069, 1694, 1122, 1264, 2670, 2784, 1099, 1290, 1655, 1364, 954, 1006, 1853, 1945, 1115, 1389, 1527, 1061, 789, 1047, 1714, 1641, 1392, 1287, 1526, 1252, 922, 1070, 2081, 2228, 1105, 950, 1212, 1038, 865, 881, 1698, 1875, 1060, 876, 1134, 1005, 871, 860, 1391, 1543, 1231, 1289, 1463, 1176, 955, 1097, 1714, 1569, 1223, 1460, 1618, 1143, 858, 1118, 1724, 1615, 1014, 1211, 1275, 977, 854, 846, 1176, 1236, 849, 928, 1018, 1009, 801, 773, 1047, 1061, 875, 834, 936, 930, 792, 775, 1108, 1159, 822, 763, 812, 763, 715, 795, 917, 851, 793, 749, 694, 675, 673, 750, 795, 854, 949, 855, 666, 678, 593, 712, 774, 787, 1046, 1054, 702, 616, 620, 732, 702, 687, 759, 885, 745, 626, 615, 634, 746, 664, 546, 656, 656, 495, 411, 545, 584, 563, 527, 610, 669, 568, 511, 546, 607, 594, 582, 619, 675, 638, 611, 546, 588, 630, 440, 484, 594, 541, 416, 485, 553, 561, 480, 405, 483, 480, 415, 417, 464, 513, 487, 434, 402, 496, 491, 376, 491, 526, 514, 509, 484, 464, 424, 411, 488, 498, 430, 433, 421, 404, 394, 451, 517, 459]"
0.34958702325820923,-0.3351978063583374,-0.39692607522010803,-0.7097001075744629,-0.22883686423301697,-0.05888618528842926,-0.8041070699691772,-0.06513011455535889,0.18897056579589844,15.0,-0.025791049003601074,0.1446247100830078,22.5,0.01698124408721924,0.1457691192626953,24.75,0.1450120210647583,-0.2891063690185547,20.5,0.1454411745071411,0.19583702087402344,17.25,"[624, 622, 512, 594, 658, 596, 506, 620, 529, 599, 556, 540, 642, 615, 546, 504, 496, 502, 579, 550, 550, 532, 469, 521, 421, 468, 540, 523, 453, 465, 528, 443, 476, 459, 456, 493, 514, 525, 545, 471, 561, 548, 450, 554, 576, 578, 568, 573, 586, 515, 491, 633, 617, 599, 602, 631, 495, 548, 537, 487, 522, 563, 569, 508, 491, 554, 499, 471, 501, 484, 520, 499, 509, 583, 513, 509, 489, 475, 566, 528, 538, 560, 536, 503, 485, 499, 540, 556, 567, 500, 535, 607, 535, 518, 506, 510, 520, 418, 507, 558, 460, 523, 571, 534, 557, 496, 523, 625, 567, 494, 506, 549, 669, 595, 575, 631, 586, 502, 492, 617, 636, 576, 475, 613, 648, 534, 503, 566, 511, 555, 656, 588, 515, 485, 511, 594, 522, 541, 610, 670, 648, 513, 555, 605, 468, 499, 568, 607, 622, 568, 580, 569, 475, 578, 617, 528, 482, 555, 554, 475, 461, 589, 587, 527, 504, 554, 481, 457, 620, 537, 495, 522, 589, 596, 565, 566, 509, 519, 587, 530, 492, 530, 648, 623, 617, 625, 598, 572, 605, 572, 552, 601, 578, 544, 556, 614, 570, 511, 515, 557, 575, 523, 513, 557, 524, 514, 605, 624, 507, 515, 488, 486, 538, 532, 568, 551, 586, 541, 506, 558, 567, 494, 486, 537, 533, 592, 534, 547, 528, 555, 600, 487, 581, 584, 540, 553, 577, 528, 616, 551, 491, 547, 474, 498, 565, 485, 512, 515, 486, 518, 563, 604, 569, 515, 516, 466, 527, 499, 452, 453, 533, 591, 520, 473, 604, 563, 538, 473, 543, 634, 523, 527, 551, 576, 632, 556, 547, 648, 497, 574, 746, 819, 710, 602, 599, 689, 750, 719, 852, 1919, 2026, 1068, 674, 992, 1403, 1177, 928, 2498, 2826, 1591, 766, 1276, 1886, 1583, 985, 2117, 2434, 1415, 763, 1134, 1847, 1667, 1077, 1963, 2303, 1344, 752, 1099, 1852, 1767, 1690, 2101, 3035, 2237, 1022, 1248, 2735, 3043, 4196, 5255, 7947, 5616, 1978, 3132, 7606, 8393, 5925, 8654, 12447, 8375, 2638, 5675, 12566, 13014, 3905, 7072, 9149, 5667, 1910, 4896, 9703, 9230, 1495, 3297, 3584, 1962, 920, 2238, 3713, 3002, 914, 1999, 2115, 1291, 809, 1358, 1981, 1603, 787, 1390, 1656, 1108, 617, 991, 1614, 1495, 1006, 1111, 1426, 1082, 694, 878, 1297, 1509, 1422, 2256, 2669, 1707, 994, 1368, 2597, 2617, 2428, 4189, 4040, 2029, 1147, 2531, 4038, 3214, 2735, 4378, 3871, 1777, 1558, 3093, 3490, 2380, 2568, 4750, 4525, 1883, 1836, 3253, 3161, 1977, 3310, 7212, 6526, 2581, 1959, 4089, 5439, 3299, 2856, 7098, 6906, 3267, 1570, 3810, 5801, 4212, 2112, 5956, 5948, 2726, 1256, 3138, 4895, 3451, 1400, 3393, 3220, 1363, 1142, 1885, 2658, 1731, 1053, 1629, 1451, 790, 827, 1145, 1177, 799, 986, 1463, 1451, 876, 729, 1105, 1291, 1051, 1217, 2087, 1806, 816, 992, 1326, 1451, 991, 1776, 2852, 2210, 755, 1588, 1814, 1412, 862, 2179, 3088, 2383, 899, 1932, 2182, 1466, 917, 2203, 2884, 2189, 970, 1805, 2012, 1368, 885, 3077, 4174, 3230, 1591, 2269, 2262, 1500, 1237, 3780, 4973, 3773, 2235, 2922, 2819, 1774, 1690, 2154, 2715, 2429, 1558, 1890, 2212, 1601, 1379, 1700, 2712, 2691, 1454, 1616, 2223, 1540, 1219, 2158, 3141, 2944, 1660, 1535, 2261, 1782, 1514, 1717, 2983, 3087, 1735, 1136, 1916, 2006, 1562, 1195, 2469, 2650, 1519, 858, 1636, 1865, 1419, 1239, 2136, 2146, 1221, 835, 1373, 1684, 1337, 1221, 1965, 1804, 914, 808, 1321, 1638, 1193, 992, 1545, 1482, 859, 692, 1226, 1501, 1115, 897, 1341, 1283, 877, 645, 1063, 1220, 900, 921, 1101, 951, 742, 772, 890, 857, 740, 811, 892, 833, 708, 781, 777, 761, 702, 698, 776, 792, 745, 723, 748, 793, 646, 671, 774, 752, 735, 708, 708, 703, 581, 647, 783, 851, 771, 599, 739, 768, 605, 596, 771, 784, 660, 611, 732, 760, 653, 606, 690, 649, 658, 718, 762, 764, 676, 721, 786, 705, 705, 722, 671, 756, 705, 868, 980, 853, 771, 1022, 889, 749, 752, 946, 1187, 973, 857, 1207, 1087, 729, 757, 1033, 1202, 979, 872, 1226, 1062, 754, 681, 1091, 1069, 742, 864, 1112, 981, 685, 752, 890, 877, 747, 730, 910, 939, 798, 723, 736, 847, 853, 648, 781, 908, 812, 579, 684, 648, 789, 742, 625, 732, 715, 672, 649, 589, 649, 760, 610, 622, 745, 705, 647, 659, 590, 604, 648, 614, 626, 613, 691, 733, 654, 596, 670, 714, 627, 581, 746, 738, 726, 724, 807, 754, 698, 728, 830, 663, 718, 881, 803, 660, 771, 895, 1020, 836, 751, 994, 921, 872, 932, 902, 1169, 888, 687, 1025, 832, 879, 978, 1047, 1011, 743, 718, 959, 772, 614, 848, 1016, 922, 678, 796, 941, 786, 631, 787, 947, 910, 698, 784, 798, 682, 623, 730, 876, 801, 733, 826, 790, 627, 620, 806, 872, 917, 932, 900, 884, 808, 773, 857, 894, 974, 1086, 907, 843, 816, 776, 922, 862, 969, 965, 831, 848, 948, 866, 887, 910, 920, 896, 889, 947, 887, 840, 844, 826, 970, 1035, 1059, 922, 812, 900, 1060, 1014, 1007, 1298, 1629, 1418, 869, 999, 1608, 1530, 1339, 1359, 1972, 1960, 1150, 1262, 2160, 2056, 1413, 1090, 1553, 1589, 1062, 1172, 1983, 1989, 1186, 1052, 1214, 1053, 833, 1035, 1636, 1590, 1155, 1183, 1062, 837, 792, 943, 1220, 1244, 1083, 970, 1207, 1078, 832, 836, 1109, 1170, 1328, 1144, 1207, 1162, 1053, 1087, 1359, 1458, 1531, 1238, 1253, 1319, 1045, 1142, 1631, 1660, 1577, 1231, 1234, 1288, 1002, 1066, 1588, 1716, 1239, 1031, 1204, 1158, 923, 824, 1124, 1353, 1020, 946, 1124, 1077, 795, 774, 1031, 1105, 751, 775, 1062, 1110, 796, 754, 884, 930, 573, 674, 922, 874, 640, 701, 775, 650, 721, 571, 825, 845, 581, 656, 862, 877, 658, 719, 756, 707, 568, 757, 856, 716, 839, 836, 614, 695, 644, 622, 787, 693, 841, 808, 603, 648, 628, 733, 871, 744, 740, 755, 748, 783, 810, 798, 815, 764, 528, 591, 792, 684, 565, 601, 718, 691, 683, 645, 802, 716, 570, 519, 630, 728, 672, 531, 654, 606, 448, 516, 590, 680, 514, 567, 633, 533, 398, 560, 595, 639, 511, 491, 446, 447, 467, 455, 453, 455, 472, 489, 395, 426, 515, 535, 463, 366]"
0.2745964825153351,-0.35808148980140686,-0.40281468629837036,-0.7901108264923096,0.0,0.0,0.0,0.01734316349029541,-0.09412765502929688,27.5,0.03837168216705322,-0.2613544464111328,23.5,0.04538118839263916,-0.18939971923828125,26.75,0.06512224674224854,-0.3338813781738281,16.75,0.06969988346099854,0.0,16.75,"[600, 608, 613, 731, 837, 731, 614, 606, 665, 691, 655, 735, 789, 731, 593, 632, 606, 649, 610, 523, 567, 645, 569, 533, 551, 493, 453, 497, 551, 513, 447, 512, 512, 581, 536, 450, 539, 532, 487, 496, 493, 562, 548, 457, 512, 557, 477, 478, 440, 534, 502, 477, 509, 524, 487, 417, 509, 617, 630, 519, 521, 621, 611, 564, 552, 589, 576, 542, 601, 589, 458, 442, 555, 551, 547, 612, 616, 539, 494, 530, 521, 578, 528, 484, 539, 502, 491, 551, 505, 502, 534, 539, 543, 545, 516, 485, 454, 558, 628, 538, 522, 571, 566, 487, 472, 589, 622, 582, 554, 609, 631, 587, 478, 558, 614, 630, 659, 590, 555, 528, 525, 683, 651, 675, 658, 704, 690, 475, 557, 581, 562, 591, 563, 560, 582, 499, 581, 531, 511, 608, 621, 591, 540, 497, 558, 529, 544, 640, 630, 579, 571, 556, 546, 454, 528, 578, 550, 447, 455, 517, 525, 511, 457, 487, 460, 397, 457, 456, 468, 553, 543, 440, 482, 533, 570, 506, 487, 511, 444, 412, 480, 488, 496, 518, 579, 541, 487, 531, 635, 531, 417, 499, 505, 521, 516, 503, 508, 567, 539, 488, 549, 495, 468, 513, 512, 602, 626, 496, 485, 440, 493, 542, 455, 518, 542, 513, 532, 498, 548, 610, 614, 599, 599, 626, 543, 545, 627, 626, 596, 579, 579, 601, 541, 507, 642, 604, 481, 596, 600, 547, 523, 522, 639, 662, 507, 533, 587, 580, 549, 464, 466, 520, 545, 542, 504, 520, 535, 471, 457, 434, 566, 608, 511, 523, 521, 435, 470, 505, 538, 555, 462, 494, 535, 518, 514, 524, 608, 614, 493, 533, 679, 644, 564, 527, 587, 626, 582, 636, 1047, 2008, 2432, 1530, 869, 1514, 1160, 802, 1497, 5208, 6996, 4241, 1315, 3401, 2436, 2301, 1100, 5826, 8126, 5076, 1042, 3515, 2765, 3000, 1907, 3371, 3787, 2422, 1153, 2365, 2461, 1664, 4955, 12212, 11552, 4458, 2830, 6292, 9017, 5186, 5877, 16777, 16977, 7411, 3101, 8356, 12159, 7559, 2644, 9779, 10848, 5415, 1356, 4788, 7159, 5046, 1108, 3385, 3887, 2175, 887, 1853, 2595, 2008, 975, 1720, 1691, 903, 834, 1005, 1126, 830, 677, 1244, 1284, 872, 640, 864, 1157, 980, 920, 1868, 1934, 1167, 786, 1301, 1856, 1372, 1086, 1946, 1963, 1252, 755, 1245, 1647, 1285, 1093, 2021, 1985, 1131, 754, 1304, 1767, 1352, 2147, 3955, 3331, 1216, 1396, 2046, 2505, 1383, 4358, 8206, 6922, 2232, 2742, 4153, 4775, 2139, 4491, 8408, 7443, 3135, 2858, 4611, 5172, 3009, 4903, 8702, 7414, 3518, 2306, 4191, 5969, 3697, 3316, 6865, 6538, 3001, 1876, 3030, 4762, 3375, 1616, 3697, 3711, 1741, 1023, 1775, 2685, 2065, 875, 1510, 1586, 901, 765, 1077, 1297, 1047, 862, 1009, 913, 668, 640, 791, 867, 693, 1105, 1518, 1419, 985, 872, 1059, 959, 701, 1592, 2519, 2311, 1265, 1485, 1689, 1245, 873, 1655, 2565, 2433, 1382, 1593, 1726, 1100, 917, 1508, 1936, 1776, 1427, 1861, 1846, 1148, 876, 1805, 2699, 2520, 1166, 2660, 3058, 1924, 1135, 1587, 2029, 2115, 1069, 1863, 2462, 1571, 1082, 1653, 2191, 1958, 1166, 1277, 1617, 1071, 935, 3202, 5388, 4628, 1925, 1882, 2186, 2577, 1623, 4881, 9653, 8720, 3051, 2889, 3503, 4445, 2338, 4608, 9084, 8049, 2726, 2612, 3372, 4101, 2027, 2479, 4854, 4332, 1506, 1470, 2049, 2268, 1276, 1127, 2086, 1952, 837, 904, 1184, 1344, 949, 892, 1228, 1028, 649, 760, 931, 864, 684, 823, 1096, 1048, 683, 727, 864, 816, 615, 976, 1176, 1037, 736, 790, 933, 829, 637, 820, 914, 831, 661, 726, 762, 823, 738, 804, 925, 857, 664, 743, 776, 809, 727, 850, 896, 782, 660, 703, 743, 702, 691, 745, 742, 593, 549, 724, 797, 625, 586, 616, 671, 631, 513, 675, 768, 582, 541, 646, 829, 795, 574, 660, 709, 590, 663, 614, 770, 847, 689, 709, 627, 601, 720, 796, 882, 905, 858, 796, 719, 691, 775, 769, 974, 937, 835, 784, 784, 700, 653, 864, 986, 819, 943, 982, 898, 698, 844, 807, 930, 844, 745, 831, 936, 867, 714, 715, 837, 731, 614, 631, 909, 901, 646, 753, 799, 665, 610, 631, 728, 717, 550, 691, 776, 707, 620, 691, 695, 629, 606, 888, 1005, 892, 636, 715, 844, 771, 737, 850, 909, 851, 725, 693, 843, 774, 716, 704, 760, 779, 666, 557, 705, 777, 704, 648, 773, 724, 600, 682, 657, 708, 729, 685, 790, 828, 701, 673, 625, 708, 761, 565, 703, 708, 646, 605, 572, 598, 598, 504, 583, 604, 543, 531, 595, 564, 507, 637, 628, 555, 515, 598, 639, 654, 604, 1011, 882, 678, 850, 873, 869, 903, 951, 1218, 997, 727, 969, 944, 1093, 1127, 1136, 878, 753, 707, 799, 811, 809, 876, 890, 710, 648, 760, 740, 680, 670, 653, 730, 727, 708, 632, 541, 643, 670, 595, 649, 704, 796, 734, 647, 691, 808, 829, 725, 961, 954, 738, 657, 834, 1005, 983, 888, 1121, 1043, 683, 639, 796, 880, 840, 883, 964, 830, 714, 750, 718, 813, 705, 795, 710, 737, 803, 731, 664, 698, 652, 650, 673, 888, 1079, 890, 661, 821, 1037, 978, 1084, 1366, 1584, 1437, 937, 1213, 1811, 1722, 1359, 1693, 1966, 1557, 992, 1375, 2105, 2118, 942, 1348, 1642, 1128, 705, 1090, 1726, 1648, 982, 1222, 1035, 858, 726, 993, 1316, 1185, 884, 1059, 852, 713, 763, 1087, 1161, 953, 875, 911, 787, 894, 763, 842, 948, 832, 1179, 974, 1025, 1328, 1016, 925, 1205, 1028, 1162, 1022, 1073, 1417, 961, 981, 1414, 1126, 1173, 963, 899, 1258, 943, 900, 1223, 1053, 1137, 954, 1054, 1210, 885, 715, 972, 1159, 1468, 1173, 1350, 1606, 1064, 991, 1295, 1456, 2110, 1411, 1637, 2067, 1325, 1236, 1720, 1914, 1965, 1297, 1536, 1843, 1103, 1145, 1546, 1773, 1199, 914, 1232, 1415, 898, 985, 1269, 1308, 808, 778, 946, 991, 668, 842, 1056, 840, 668, 785, 882, 780, 607, 706, 936, 813, 596, 647, 707, 625, 522, 633, 710, 720, 603, 552, 566, 522, 496, 575, 585, 661, 682, 563, 664, 661, 480, 537, 564, 708, 575, 519, 640, 612, 475, 469, 541, 650, 514, 463, 529, 517, 461, 465, 636, 677, 517, 473, 480, 470, 432, 510, 649, 599, 351, 484, 550, 448, 378, 418, 581, 523]"
0.19558539986610413,-0.35808148980140686,-0.40281468629837036,-0.7901108264923096,0.0,0.0,0.0,0.04203200340270996,0.37250518798828125,23.25,0.6677377223968506,2.879476547241211,15.5,1.0752904415130615,2.4863719940185547,19.75,1.5167462825775146,1.9703865051269531,20.0,1.6094434261322021,1.8542289733886719,22.0,"[514, 524, 505, 548, 622, 546, 507, 528, 512, 577, 556, 566, 692, 668, 522, 492, 500, 531, 514, 529, 632, 626, 606, 531, 526, 522, 556, 458, 572, 599, 631, 661, 487, 574, 563, 451, 507, 582, 652, 603, 514, 504, 537, 518, 505, 511, 562, 568, 439, 512, 542, 557, 499, 456, 536, 504, 568, 533, 515, 517, 531, 576, 466, 512, 530, 546, 476, 452, 454, 476, 546, 587, 531, 556, 579, 548, 534, 525, 654, 620, 510, 516, 496, 457, 485, 572, 576, 514, 499, 434, 486, 570, 513, 484, 521, 512, 481, 455, 464, 495, 442, 459, 486, 481, 586, 530, 530, 521, 500, 532, 552, 557, 601, 544, 576, 582, 483, 496, 557, 589, 660, 530, 516, 575, 538, 581, 534, 601, 561, 595, 576, 575, 563, 585, 557, 521, 510, 627, 617, 496, 590, 678, 585, 498, 532, 523, 519, 398, 554, 598, 504, 487, 568, 514, 515, 509, 511, 482, 505, 615, 577, 499, 484, 506, 536, 530, 493, 533, 570, 538, 563, 606, 586, 578, 512, 567, 537, 511, 530, 579, 546, 563, 529, 543, 691, 618, 552, 612, 596, 581, 592, 656, 486, 589, 618, 505, 481, 571, 609, 510, 435, 570, 694, 604, 493, 544, 574, 514, 521, 486, 535, 607, 609, 592, 547, 567, 572, 563, 521, 480, 642, 557, 510, 611, 523, 585, 533, 502, 550, 536, 434, 425, 590, 594, 479, 444, 516, 591, 540, 486, 552, 617, 522, 479, 555, 630, 613, 512, 567, 607, 627, 577, 583, 633, 660, 568, 526, 619, 597, 551, 490, 502, 609, 550, 577, 547, 567, 519, 545, 566, 550, 589, 574, 459, 500, 544, 617, 553, 527, 622, 623, 534, 587, 622, 637, 537, 526, 644, 656, 654, 545, 635, 645, 667, 593, 547, 660, 714, 694, 657, 718, 725, 671, 633, 741, 1835, 2259, 1317, 890, 1513, 1146, 865, 2299, 6655, 7114, 3036, 2072, 3706, 2768, 1969, 3590, 10462, 10978, 4550, 2980, 5182, 4716, 3312, 2424, 7529, 7988, 3441, 1950, 3507, 3898, 2846, 955, 2390, 2452, 1160, 864, 1431, 1681, 1088, 731, 1076, 1169, 848, 682, 945, 919, 659, 582, 1119, 1314, 828, 710, 956, 952, 730, 694, 1148, 1295, 872, 694, 904, 988, 845, 718, 1046, 1203, 924, 624, 890, 1087, 910, 1499, 2560, 2187, 799, 1266, 1403, 1462, 868, 4938, 8740, 6877, 1682, 3564, 4029, 4472, 1523, 8349, 14927, 11944, 3641, 5595, 6938, 7859, 3178, 7190, 12810, 10755, 3927, 4701, 6409, 7228, 3535, 3481, 6300, 5554, 2192, 2344, 3272, 3812, 2001, 1607, 3107, 2986, 1309, 1570, 1891, 1739, 1122, 1890, 3983, 3742, 1350, 1613, 2045, 1876, 1143, 1334, 2497, 2397, 1150, 1015, 1367, 1473, 1006, 938, 1188, 1091, 798, 884, 887, 787, 785, 1128, 1429, 996, 804, 1205, 1041, 768, 651, 1662, 2243, 1434, 974, 1761, 1499, 905, 635, 1851, 2326, 1501, 1201, 1987, 1663, 995, 888, 2309, 2918, 1955, 1540, 2515, 2236, 1224, 1131, 2798, 3550, 2231, 2013, 3302, 2695, 1333, 1419, 2688, 3376, 2272, 1829, 2761, 2214, 1188, 1316, 2256, 3095, 2499, 1208, 1756, 1798, 1269, 994, 2237, 3271, 2794, 1124, 1627, 1768, 1512, 956, 2489, 3619, 2669, 1114, 1902, 1838, 1667, 1129, 1856, 2567, 1871, 973, 1516, 1454, 1199, 883, 1552, 2010, 1463, 899, 1277, 1247, 895, 738, 1354, 1686, 1293, 799, 1040, 1091, 725, 727, 915, 1335, 1183, 677, 928, 991, 776, 611, 743, 1021, 965, 643, 754, 794, 687, 576, 723, 795, 645, 640, 624, 616, 615, 576, 679, 794, 710, 595, 599, 642, 680, 549, 745, 848, 706, 774, 965, 879, 655, 696, 935, 983, 807, 815, 1116, 1063, 760, 776, 743, 831, 783, 689, 897, 832, 654, 670, 545, 692, 731, 617, 712, 708, 667, 613, 726, 911, 789, 749, 869, 697, 731, 738, 864, 999, 779, 890, 1034, 864, 766, 771, 820, 968, 859, 698, 902, 867, 715, 674, 723, 833, 882, 693, 652, 751, 747, 695, 619, 582, 657, 698, 617, 603, 631, 696, 562, 612, 669, 684, 599, 540, 671, 693, 689, 722, 636, 538, 626, 700, 634, 640, 666, 647, 570, 507, 647, 795, 695, 561, 707, 676, 610, 634, 690, 739, 798, 660, 748, 827, 748, 681, 742, 809, 745, 626, 710, 810, 688, 616, 736, 751, 655, 634, 664, 776, 734, 625, 639, 723, 778, 678, 594, 638, 635, 745, 714, 606, 665, 596, 714, 688, 657, 720, 712, 530, 472, 634, 703, 714, 698, 650, 630, 596, 561, 607, 706, 664, 727, 753, 641, 651, 690, 669, 690, 589, 590, 681, 619, 575, 673, 687, 655, 573, 648, 674, 594, 582, 606, 706, 589, 648, 802, 632, 528, 565, 687, 682, 650, 609, 688, 664, 522, 601, 727, 742, 842, 742, 682, 781, 782, 764, 884, 912, 813, 835, 659, 730, 781, 835, 933, 885, 636, 716, 560, 555, 674, 756, 766, 663, 556, 564, 549, 531, 606, 621, 605, 628, 696, 696, 643, 716, 798, 775, 574, 561, 859, 850, 714, 762, 878, 854, 730, 704, 847, 838, 685, 719, 779, 793, 694, 675, 718, 826, 708, 661, 723, 808, 796, 698, 700, 823, 784, 636, 654, 865, 1000, 843, 974, 2184, 2371, 1449, 983, 1907, 2852, 2376, 2355, 5903, 6413, 3476, 2125, 4505, 7291, 6056, 3071, 7221, 7808, 4215, 2616, 5702, 9411, 7832, 2431, 5323, 5675, 3077, 1864, 4442, 7221, 5976, 1658, 3852, 3822, 1867, 1340, 2997, 4581, 3541, 1156, 2195, 1985, 961, 980, 1597, 2140, 1587, 965, 1355, 1129, 804, 668, 1028, 1389, 1078, 809, 940, 797, 815, 663, 863, 1040, 801, 903, 902, 1065, 936, 725, 808, 900, 1015, 1173, 846, 1057, 1090, 818, 746, 1038, 1377, 1168, 1061, 1148, 1082, 833, 799, 990, 1195, 1142, 1138, 1030, 914, 815, 956, 961, 1040, 997, 983, 913, 844, 770, 913, 938, 933, 884, 894, 853, 727, 694, 980, 947, 715, 823, 861, 927, 854, 715, 999, 1050, 805, 846, 904, 914, 848, 698, 858, 857, 764, 838, 822, 782, 772, 622, 722, 739, 676, 628, 632, 768, 702, 531, 638, 697, 651, 553, 677, 730, 574, 486, 631, 642, 601, 545, 565, 597, 526, 500, 601, 581, 516, 535, 515, 546, 580, 560, 545, 571, 535, 575, 643, 579, 496, 554, 598, 511, 460, 470, 551, 559, 444, 470, 479, 520, 511]"
0.11657431721687317,-0.35808148980140686,-0.40281468629837036,-0.7901108264923096,0.0,0.0,0.0,0.0182265043258667,-0.60882568359375,23.0,0.04097163677215576,-0.4135608673095703,21.5,0.06099879741668701,-0.4631996154785156,25.25,1.4394396543502808,1.9861221313476562,15.5,1.7304056882858276,1.6107559204101562,17.0,"[557, 611, 628, 661, 648, 662, 627, 611, 590, 607, 566, 580, 583, 593, 723, 636, 482, 583, 582, 564, 531, 533, 544, 475, 424, 510, 530, 498, 471, 509, 544, 472, 425, 548, 556, 413, 445, 474, 436, 409, 420, 504, 555, 408, 428, 457, 464, 476, 567, 614, 553, 468, 523, 487, 472, 547, 624, 664, 586, 539, 572, 586, 623, 572, 450, 500, 472, 509, 468, 506, 522, 453, 463, 511, 539, 525, 471, 470, 617, 516, 456, 559, 587, 589, 513, 492, 549, 520, 508, 508, 547, 533, 539, 556, 540, 575, 529, 489, 516, 550, 551, 587, 575, 509, 537, 553, 606, 643, 524, 569, 635, 557, 549, 576, 561, 496, 537, 546, 512, 542, 647, 615, 586, 561, 542, 494, 510, 628, 496, 570, 584, 509, 485, 513, 561, 584, 583, 562, 548, 565, 503, 493, 548, 622, 596, 517, 620, 606, 486, 449, 568, 676, 652, 575, 542, 553, 557, 583, 578, 555, 564, 520, 531, 548, 540, 508, 492, 471, 569, 576, 559, 613, 578, 556, 560, 517, 562, 563, 589, 565, 543, 596, 582, 570, 539, 507, 447, 441, 495, 581, 529, 494, 500, 510, 628, 516, 471, 587, 584, 539, 603, 510, 555, 608, 520, 548, 648, 688, 636, 457, 511, 587, 553, 478, 528, 650, 533, 543, 546, 624, 569, 496, 516, 498, 602, 516, 523, 564, 554, 565, 567, 529, 577, 519, 547, 569, 656, 568, 474, 571, 637, 555, 615, 598, 582, 625, 658, 679, 568, 605, 556, 555, 525, 558, 640, 630, 504, 469, 478, 451, 527, 494, 504, 572, 666, 557, 514, 574, 620, 587, 529, 660, 593, 570, 508, 516, 549, 580, 488, 546, 543, 612, 558, 472, 561, 495, 511, 561, 534, 622, 524, 450, 571, 566, 526, 520, 510, 613, 582, 401, 483, 652, 631, 466, 1120, 2035, 1852, 1109, 987, 1243, 1360, 751, 2620, 6201, 6405, 3138, 1917, 2954, 3241, 1947, 2889, 8774, 9718, 4697, 1982, 4059, 4053, 3025, 1823, 6601, 7615, 3786, 1473, 3101, 2776, 2517, 1007, 3287, 4039, 2202, 866, 1786, 1585, 1469, 977, 1539, 1650, 1071, 746, 1138, 1220, 835, 1540, 2361, 1847, 762, 1318, 1581, 1433, 681, 3776, 7243, 6343, 2001, 3002, 3684, 3668, 1890, 5096, 10983, 10015, 3194, 4014, 5185, 5537, 2877, 3251, 6907, 6436, 2432, 2610, 3261, 3656, 2243, 1928, 4239, 4315, 2056, 1275, 2133, 3422, 2602, 1789, 4580, 4833, 2417, 987, 2505, 4144, 3152, 1250, 3171, 3797, 2331, 1029, 1994, 3037, 2521, 911, 1889, 2173, 1384, 776, 1204, 1556, 1495, 652, 1164, 1372, 907, 565, 811, 1013, 950, 599, 920, 1038, 769, 585, 764, 793, 702, 713, 896, 807, 667, 583, 692, 671, 535, 1050, 1333, 1188, 840, 1056, 1154, 833, 735, 2070, 3275, 2565, 1336, 2578, 2517, 1293, 927, 2482, 3929, 3147, 1427, 2878, 2887, 1472, 997, 1878, 2855, 2436, 1294, 1878, 1886, 1230, 877, 1759, 2776, 2338, 1222, 1798, 1944, 1248, 753, 1534, 2157, 1798, 1059, 1644, 1866, 1199, 770, 1384, 1605, 1217, 1078, 1421, 1496, 1060, 876, 1276, 1366, 990, 1005, 1319, 1102, 842, 764, 1185, 1275, 1029, 939, 1256, 1085, 795, 873, 978, 1190, 1008, 755, 953, 928, 708, 753, 676, 734, 696, 657, 660, 725, 668, 638, 560, 575, 587, 557, 556, 704, 643, 562, 541, 566, 615, 612, 530, 591, 693, 586, 601, 668, 719, 651, 497, 624, 728, 596, 706, 738, 746, 688, 636, 597, 625, 654, 686, 666, 637, 610, 661, 698, 636, 645, 667, 695, 547, 585, 774, 788, 602, 556, 693, 774, 578, 533, 615, 672, 513, 480, 631, 673, 676, 626, 633, 626, 623, 655, 637, 715, 779, 569, 634, 668, 705, 661, 657, 776, 801, 705, 744, 749, 686, 648, 718, 777, 684, 699, 838, 764, 696, 694, 741, 797, 737, 657, 761, 775, 687, 729, 621, 798, 871, 741, 627, 683, 698, 674, 637, 802, 830, 657, 600, 776, 766, 615, 666, 770, 718, 653, 662, 777, 787, 586, 772, 809, 748, 699, 651, 685, 761, 707, 632, 645, 711, 713, 681, 643, 640, 567, 668, 700, 659, 595, 618, 666, 671, 623, 612, 563, 541, 561, 555, 595, 600, 604, 705, 766, 658, 572, 502, 628, 719, 614, 636, 712, 727, 624, 615, 587, 678, 694, 733, 791, 738, 580, 642, 574, 622, 723, 679, 805, 720, 591, 618, 719, 675, 556, 680, 783, 771, 696, 727, 707, 686, 624, 630, 727, 699, 628, 582, 594, 609, 580, 712, 750, 743, 675, 676, 725, 659, 595, 636, 720, 703, 548, 596, 768, 693, 560, 737, 739, 662, 612, 658, 780, 712, 678, 675, 683, 572, 563, 562, 686, 653, 569, 532, 618, 501, 511, 528, 518, 507, 446, 618, 664, 550, 664, 612, 540, 631, 523, 660, 606, 554, 637, 669, 591, 576, 618, 595, 655, 568, 526, 648, 727, 689, 646, 587, 711, 709, 577, 665, 722, 738, 659, 638, 676, 568, 573, 658, 683, 647, 598, 770, 728, 584, 617, 627, 721, 623, 584, 683, 611, 589, 670, 545, 570, 545, 640, 639, 662, 651, 633, 674, 668, 638, 629, 810, 879, 728, 580, 651, 697, 699, 689, 848, 820, 883, 653, 609, 679, 841, 940, 1044, 1566, 2133, 1502, 984, 1563, 2298, 2165, 1419, 2806, 3685, 2458, 1554, 2715, 4394, 3985, 1496, 2408, 3099, 2200, 1406, 2324, 3768, 3512, 1225, 1174, 1318, 1228, 1019, 1090, 1343, 1474, 1114, 1364, 1304, 1036, 964, 1058, 1300, 1274, 1281, 1721, 1493, 1133, 1069, 1135, 1249, 1206, 1292, 1657, 1357, 1025, 1000, 1115, 1078, 1028, 1033, 1370, 1273, 851, 873, 1157, 1022, 868, 1256, 1428, 1359, 1046, 962, 1309, 1124, 976, 1351, 1465, 1253, 1038, 884, 1145, 1055, 923, 960, 979, 936, 848, 761, 971, 954, 831, 935, 815, 839, 891, 849, 945, 1010, 888, 638, 737, 931, 750, 660, 851, 882, 666, 644, 903, 951, 681, 693, 852, 915, 704, 749, 927, 756, 649, 797, 858, 888, 676, 785, 785, 755, 722, 691, 757, 820, 722, 568, 683, 763, 579, 600, 766, 691, 564, 466, 689, 814, 662, 662, 745, 737, 549, 455, 637, 677, 662, 608, 587, 696, 521, 500, 532, 607, 629, 508, 521, 678, 555, 386, 439, 560, 535, 401, 521, 607, 555, 474, 491, 485, 400, 455, 502, 522, 508]"
-0.041447848081588745,-0.35808148980140686,-0.40281468629837036,-0.7901108264923096,0.0,0.0,0.0,-0.9483449459075928,-1.3175010681152344,17.75,-0.20376372337341309,-0.8382797241210938,17.75,-0.16428160667419434,-0.8038043975830078,17.0,-0.13810324668884277,1.9331932067871094,18.75,0.12782883644104004,1.7819881439208984,19.0,"[652, 664, 578, 661, 703, 660, 582, 662, 639, 620, 640, 764, 747, 699, 703, 677, 590, 587, 611, 671, 632, 609, 639, 579, 511, 517, 529, 518, 501, 546, 565, 511, 529, 486, 450, 480, 500, 534, 518, 485, 480, 489, 526, 480, 501, 524, 532, 499, 581, 560, 555, 552, 662, 638, 586, 603, 492, 494, 556, 518, 513, 565, 590, 557, 466, 488, 568, 530, 440, 506, 544, 501, 503, 473, 489, 536, 457, 482, 546, 500, 540, 576, 498, 468, 474, 531, 546, 506, 556, 557, 449, 455, 460, 482, 558, 546, 551, 543, 447, 399, 532, 587, 579, 543, 567, 521, 505, 491, 556, 585, 604, 601, 562, 491, 471, 485, 590, 586, 484, 487, 498, 538, 529, 545, 524, 508, 526, 509, 464, 498, 504, 512, 468, 497, 523, 504, 549, 530, 582, 548, 611, 642, 544, 538, 649, 664, 597, 613, 664, 629, 504, 594, 506, 504, 582, 608, 549, 482, 491, 538, 465, 458, 540, 609, 540, 472, 491, 476, 536, 535, 538, 543, 586, 636, 536, 474, 507, 527, 538, 481, 549, 621, 569, 500, 530, 565, 546, 455, 545, 590, 506, 509, 450, 563, 543, 463, 455, 422, 520, 456, 560, 565, 502, 537, 600, 505, 478, 474, 650, 606, 556, 612, 653, 537, 460, 510, 556, 644, 607, 588, 603, 648, 600, 540, 529, 468, 504, 574, 511, 529, 550, 486, 515, 498, 583, 557, 497, 521, 550, 537, 569, 583, 630, 576, 527, 610, 665, 601, 566, 602, 555, 531, 494, 565, 570, 572, 593, 589, 545, 540, 438, 502, 552, 563, 582, 579, 606, 609, 530, 483, 501, 593, 528, 420, 478, 534, 548, 514, 467, 560, 563, 625, 564, 551, 567, 561, 587, 585, 689, 1093, 1066, 720, 827, 926, 856, 644, 1373, 2696, 2778, 1250, 1603, 2129, 1448, 866, 1721, 4071, 4457, 1911, 2309, 3429, 2156, 1079, 1680, 3777, 4002, 1662, 2015, 3119, 1970, 965, 1522, 2694, 2321, 938, 1489, 1852, 1384, 714, 1100, 1571, 1395, 769, 1135, 1124, 865, 725, 924, 1454, 1431, 710, 1052, 1261, 802, 620, 943, 1172, 1176, 821, 913, 906, 753, 841, 1124, 1583, 1884, 1510, 1017, 1181, 1065, 1073, 1587, 2851, 3208, 2092, 1671, 2197, 1468, 1065, 1465, 2196, 2356, 1644, 1534, 1760, 1123, 916, 991, 1113, 1145, 1019, 1054, 991, 731, 643, 788, 824, 854, 780, 787, 777, 702, 745, 799, 1363, 1470, 985, 796, 1057, 1065, 906, 957, 1792, 1870, 1145, 914, 1183, 1327, 936, 848, 1315, 1318, 981, 921, 1078, 1056, 804, 725, 938, 890, 777, 757, 743, 692, 667, 768, 932, 869, 678, 747, 820, 697, 596, 557, 686, 778, 711, 671, 713, 657, 568, 1480, 1832, 1444, 1179, 1626, 1538, 991, 924, 3497, 4357, 3031, 2686, 4332, 3932, 1946, 1957, 4229, 5387, 3807, 3261, 5825, 5512, 2936, 2072, 3264, 4503, 3405, 2458, 5433, 5431, 2715, 1400, 1771, 2676, 2079, 1208, 3311, 3605, 1900, 827, 1334, 1789, 1415, 1052, 1946, 2093, 1243, 754, 1172, 1459, 1157, 1189, 1519, 1434, 932, 725, 726, 895, 821, 690, 853, 904, 725, 518, 603, 698, 643, 606, 714, 786, 713, 538, 612, 644, 597, 565, 675, 678, 652, 611, 612, 705, 690, 545, 557, 678, 661, 623, 702, 740, 671, 681, 648, 658, 635, 595, 659, 649, 604, 687, 641, 576, 554, 486, 544, 601, 590, 595, 567, 625, 625, 566, 607, 666, 650, 639, 607, 649, 615, 655, 622, 720, 719, 691, 680, 669, 680, 663, 551, 785, 767, 634, 613, 683, 732, 611, 520, 651, 690, 608, 658, 684, 661, 579, 546, 622, 682, 591, 668, 783, 665, 550, 676, 555, 596, 655, 692, 716, 640, 698, 754, 590, 518, 775, 788, 689, 616, 733, 689, 671, 605, 745, 825, 724, 658, 704, 661, 723, 708, 665, 746, 793, 668, 558, 667, 689, 674, 704, 775, 757, 699, 633, 570, 598, 588, 541, 588, 559, 540, 526, 589, 601, 589, 584, 612, 611, 531, 567, 545, 599, 607, 618, 564, 537, 594, 567, 575, 518, 470, 516, 591, 585, 575, 600, 576, 554, 517, 547, 548, 573, 502, 494, 636, 573, 512, 530, 580, 545, 488, 498, 631, 607, 563, 544, 664, 629, 511, 602, 620, 594, 632, 664, 633, 652, 594, 610, 603, 698, 855, 688, 575, 620, 656, 633, 488, 562, 841, 742, 485, 576, 646, 570, 556, 618, 770, 715, 510, 626, 666, 622, 502, 523, 635, 683, 551, 524, 592, 590, 667, 634, 619, 702, 690, 512, 535, 627, 530, 589, 613, 664, 672, 558, 517, 609, 480, 637, 736, 688, 670, 638, 628, 572, 591, 683, 701, 630, 625, 607, 674, 685, 590, 595, 654, 657, 612, 561, 616, 643, 609, 635, 534, 535, 542, 444, 459, 579, 675, 641, 532, 645, 627, 496, 470, 540, 601, 557, 577, 558, 584, 634, 643, 629, 636, 562, 633, 651, 533, 620, 645, 631, 530, 547, 689, 614, 508, 499, 596, 613, 514, 682, 751, 522, 421, 484, 591, 574, 614, 665, 704, 629, 580, 674, 683, 657, 673, 687, 702, 747, 693, 747, 665, 610, 606, 561, 556, 602, 623, 690, 636, 596, 597, 550, 537, 624, 722, 688, 657, 674, 727, 737, 838, 747, 692, 755, 832, 880, 843, 1201, 1428, 1166, 703, 827, 1289, 1248, 1034, 1515, 1872, 1547, 855, 907, 1492, 1467, 963, 1310, 1554, 1230, 976, 980, 1298, 1308, 950, 1340, 1233, 1190, 1168, 1031, 1248, 1127, 710, 851, 818, 836, 804, 697, 715, 638, 714, 670, 885, 846, 614, 656, 687, 733, 860, 658, 1087, 1144, 760, 797, 844, 851, 691, 821, 1353, 1276, 773, 793, 936, 944, 833, 795, 1357, 1392, 885, 770, 978, 1069, 919, 711, 1025, 1218, 860, 829, 904, 838, 700, 673, 697, 806, 686, 766, 858, 614, 718, 855, 787, 674, 653, 754, 780, 537, 693, 745, 700, 612, 690, 730, 690, 621, 573, 650, 572, 486, 470, 585, 637, 543, 514, 553, 549, 551, 460, 527, 625, 522, 500, 557, 611, 640, 524, 567, 640, 492, 470, 563, 621, 542, 481, 528, 556, 482, 499, 498, 504, 498, 460, 471, 471, 468, 549, 548, 486, 484, 428, 502, 491, 431, 510, 583, 532, 443, 456, 597, 637, 505, 387, 433, 469, 444, 356, 457, 542, 411]"
-0.7407240271568298,-0.6199168562889099,-0.14642617106437683,-1.345556378364563,-0.23152989149093628,0.16648846864700317,-0.4249381422996521,0.039103925228118896,-0.46334266662597656,16.25,0.05784362554550171,-0.423431396484375,16.75,0.13494819402694702,-0.5046844482421875,16.25,0.18043845891952515,-0.560760498046875,19.0,0.2626928687095642,-0.30684471130371094,16.25,"[471, 661, 665, 656, 801, 651, 664, 666, 483, 605, 546, 706, 784, 633, 658, 580, 458, 492, 552, 582, 516, 496, 549, 511, 468, 574, 523, 476, 449, 456, 484, 532, 420, 555, 555, 505, 508, 524, 539, 493, 484, 512, 488, 586, 518, 493, 554, 476, 502, 470, 569, 593, 534, 525, 571, 510, 543, 491, 547, 589, 573, 518, 588, 629, 526, 436, 476, 473, 501, 525, 592, 632, 557, 451, 450, 445, 526, 582, 589, 597, 511, 480, 469, 477, 505, 490, 544, 590, 522, 564, 455, 467, 460, 521, 525, 489, 559, 529, 499, 518, 491, 448, 476, 487, 618, 647, 646, 613, 596, 558, 564, 558, 480, 554, 593, 560, 546, 560, 504, 458, 500, 482, 536, 593, 557, 536, 521, 541, 514, 507, 498, 534, 437, 459, 498, 490, 614, 537, 541, 582, 495, 466, 595, 628, 558, 634, 623, 598, 576, 598, 646, 586, 593, 541, 558, 537, 553, 575, 593, 667, 607, 587, 554, 542, 518, 530, 582, 629, 658, 630, 527, 566, 601, 548, 470, 541, 629, 535, 527, 553, 525, 492, 521, 590, 517, 480, 488, 595, 608, 537, 523, 532, 492, 511, 521, 551, 531, 512, 516, 515, 523, 566, 548, 521, 560, 565, 493, 460, 471, 581, 542, 478, 572, 642, 600, 476, 529, 496, 519, 536, 598, 568, 616, 649, 576, 564, 493, 477, 607, 486, 502, 635, 499, 489, 573, 546, 550, 520, 490, 567, 581, 549, 566, 590, 507, 556, 579, 525, 592, 528, 560, 642, 556, 606, 580, 596, 527, 501, 534, 543, 524, 568, 587, 533, 451, 474, 499, 524, 479, 459, 529, 489, 514, 534, 541, 463, 507, 546, 558, 457, 618, 1242, 1454, 906, 715, 1354, 1443, 919, 922, 2777, 3476, 2008, 1197, 3354, 3535, 1891, 974, 2990, 3699, 2059, 1273, 3362, 3355, 1863, 853, 1575, 1707, 1044, 989, 1711, 1516, 968, 1048, 1154, 1264, 1011, 844, 1378, 1452, 998, 1073, 1192, 1461, 1179, 954, 1736, 1677, 1001, 914, 1436, 1778, 1167, 1068, 1896, 1718, 853, 907, 1707, 1998, 1253, 1139, 1850, 1568, 905, 1490, 3837, 4290, 2080, 1668, 2871, 2161, 1336, 2682, 6982, 7436, 3203, 2940, 4821, 3509, 2100, 2320, 5301, 5479, 2424, 2595, 3915, 2865, 1517, 942, 1269, 1414, 1134, 1024, 1169, 1113, 900, 656, 1134, 1296, 883, 617, 818, 889, 728, 736, 1189, 1176, 742, 803, 1019, 1020, 670, 777, 1305, 1255, 783, 860, 1098, 1038, 725, 635, 1114, 1085, 704, 845, 980, 850, 607, 678, 771, 740, 614, 669, 720, 682, 683, 628, 602, 699, 738, 676, 599, 690, 719, 534, 625, 647, 583, 573, 512, 634, 580, 529, 643, 655, 636, 529, 550, 540, 523, 571, 762, 784, 570, 589, 717, 678, 575, 776, 922, 874, 711, 949, 1009, 819, 713, 1360, 1578, 1283, 957, 1335, 1406, 1047, 1010, 1800, 1989, 1524, 1197, 1606, 1658, 1281, 1403, 1434, 1825, 1599, 1237, 1522, 1809, 1423, 1180, 1144, 1340, 1188, 1056, 1307, 1332, 1144, 820, 1403, 1280, 835, 1270, 1436, 953, 745, 994, 1235, 1239, 992, 1114, 1234, 1059, 825, 921, 942, 1013, 1145, 940, 1082, 1133, 905, 897, 802, 1106, 1162, 820, 952, 1132, 922, 685, 665, 910, 839, 624, 631, 763, 757, 568, 547, 700, 764, 619, 500, 653, 688, 552, 713, 593, 632, 652, 579, 591, 682, 711, 692, 647, 664, 703, 683, 672, 702, 630, 629, 702, 670, 587, 713, 783, 682, 571, 687, 688, 609, 592, 624, 649, 597, 604, 701, 773, 702, 619, 558, 636, 638, 613, 789, 773, 714, 669, 654, 646, 553, 603, 716, 784, 652, 660, 655, 574, 617, 621, 731, 766, 644, 571, 625, 601, 685, 659, 758, 744, 618, 572, 616, 709, 632, 586, 655, 648, 569, 590, 616, 613, 617, 662, 623, 677, 702, 657, 678, 696, 713, 684, 490, 706, 670, 566, 611, 643, 737, 603, 559, 653, 565, 549, 600, 658, 661, 591, 568, 602, 588, 632, 576, 576, 596, 548, 641, 667, 707, 741, 742, 790, 728, 646, 547, 641, 680, 660, 661, 738, 695, 574, 686, 708, 705, 671, 557, 729, 737, 660, 592, 725, 692, 548, 659, 913, 924, 626, 825, 866, 722, 705, 930, 951, 884, 784, 790, 745, 622, 720, 830, 675, 647, 782, 700, 537, 637, 789, 714, 544, 609, 734, 629, 582, 724, 645, 586, 677, 776, 754, 764, 758, 775, 813, 750, 759, 812, 862, 791, 685, 601, 774, 749, 675, 775, 801, 702, 596, 641, 709, 657, 583, 651, 736, 643, 549, 518, 585, 671, 606, 471, 604, 587, 491, 504, 537, 654, 627, 536, 634, 493, 535, 588, 619, 684, 717, 707, 565, 609, 590, 648, 658, 681, 737, 616, 615, 605, 701, 667, 512, 653, 737, 615, 605, 664, 718, 603, 551, 647, 698, 681, 660, 682, 714, 651, 569, 640, 629, 666, 656, 691, 849, 635, 532, 644, 667, 657, 672, 537, 680, 624, 615, 568, 613, 652, 551, 504, 582, 578, 558, 553, 634, 628, 567, 508, 536, 589, 604, 613, 585, 645, 652, 686, 606, 685, 674, 644, 525, 605, 719, 658, 652, 651, 706, 680, 566, 690, 678, 697, 631, 670, 953, 804, 616, 810, 845, 730, 590, 649, 780, 689, 688, 709, 808, 753, 699, 619, 717, 728, 780, 720, 662, 894, 678, 748, 790, 815, 715, 795, 1000, 1559, 968, 1102, 1226, 1309, 861, 1251, 1742, 1816, 1035, 1164, 1469, 1464, 777, 1503, 2116, 1446, 935, 1082, 1265, 1157, 791, 1382, 1662, 1022, 744, 805, 968, 1008, 624, 946, 1232, 748, 707, 608, 758, 918, 683, 656, 770, 631, 694, 543, 633, 723, 625, 620, 602, 549, 706, 791, 634, 611, 708, 695, 671, 504, 980, 1273, 933, 702, 905, 1096, 869, 612, 1118, 1384, 940, 779, 956, 1031, 982, 605, 1123, 1247, 724, 588, 823, 962, 775, 615, 1031, 1205, 891, 619, 758, 973, 739, 563, 695, 869, 730, 578, 679, 796, 682, 554, 571, 613, 551, 468, 497, 496, 575, 515, 494, 521, 508, 509, 529, 465, 452, 505, 501, 407, 521, 496, 523, 575, 481, 569, 508, 425, 506, 451, 454, 512, 535, 465, 528, 556, 520, 428, 446, 498, 462, 464, 464, 507, 545, 492, 393, 494, 518, 487, 445, 493, 518, 458, 467, 532, 560]"
-0.7453913688659668,0.2685393691062927,0.46739786863327026,-0.12542104721069336,0.7716755270957947,0.38520514965057373,0.9229438900947571,-0.1041407585144043,-0.6733417510986328,19.25,-0.07581663131713867,-0.6608963012695312,20.75,-0.06322813034057617,-0.09627342224121094,15.5,-0.04663419723510742,-0.3911018371582031,19.5,-0.04291486740112305,-0.5475997924804688,20.75,"[420, 520, 587, 573, 539, 572, 585, 523, 417, 544, 591, 633, 572, 537, 596, 514, 411, 545, 564, 502, 481, 479, 541, 502, 468, 505, 523, 454, 486, 442, 511, 540, 524, 581, 538, 480, 498, 530, 529, 516, 527, 526, 582, 598, 494, 491, 590, 546, 502, 569, 562, 506, 484, 451, 530, 554, 534, 544, 559, 491, 480, 461, 522, 594, 446, 509, 486, 435, 503, 571, 523, 498, 546, 528, 472, 424, 547, 558, 428, 510, 533, 606, 485, 441, 561, 563, 534, 494, 622, 605, 548, 500, 562, 648, 666, 605, 534, 538, 581, 519, 522, 553, 623, 628, 527, 499, 618, 602, 557, 574, 615, 645, 517, 540, 576, 562, 602, 618, 608, 593, 488, 544, 536, 515, 534, 534, 565, 521, 503, 553, 526, 561, 608, 596, 527, 492, 498, 512, 503, 502, 571, 638, 600, 485, 482, 551, 564, 504, 538, 558, 567, 522, 556, 588, 511, 504, 486, 477, 525, 509, 653, 660, 540, 544, 549, 597, 582, 520, 634, 598, 569, 582, 517, 510, 622, 630, 558, 561, 592, 532, 513, 515, 591, 603, 565, 530, 565, 626, 599, 553, 599, 574, 574, 514, 404, 482, 534, 519, 445, 513, 619, 554, 524, 474, 477, 486, 504, 599, 715, 575, 598, 626, 585, 579, 581, 672, 617, 511, 562, 631, 620, 583, 535, 540, 521, 506, 599, 665, 540, 503, 562, 581, 542, 606, 582, 630, 624, 560, 574, 568, 491, 513, 572, 659, 608, 505, 537, 509, 575, 554, 560, 600, 581, 544, 577, 594, 538, 578, 545, 591, 601, 571, 568, 500, 621, 587, 628, 676, 619, 601, 619, 562, 604, 611, 553, 518, 532, 556, 519, 527, 587, 593, 497, 581, 605, 564, 571, 525, 571, 543, 575, 594, 581, 588, 562, 525, 630, 518, 578, 606, 571, 567, 570, 656, 618, 572, 520, 597, 591, 510, 505, 561, 552, 523, 534, 576, 600, 617, 665, 668, 729, 608, 830, 903, 719, 957, 1356, 1248, 1006, 1203, 2188, 2254, 1110, 2300, 3405, 2586, 1439, 2447, 3742, 3321, 1901, 4330, 5384, 3405, 1824, 3456, 4338, 3167, 2214, 5439, 6082, 3374, 2453, 3566, 4035, 3003, 2269, 5489, 6284, 3953, 2296, 3092, 3903, 3165, 1927, 4691, 6092, 4487, 1120, 2461, 3550, 2766, 1180, 3647, 4673, 3215, 808, 1637, 2084, 1434, 1077, 2389, 2569, 1516, 861, 1294, 1356, 837, 850, 1424, 1351, 761, 847, 1020, 1084, 820, 841, 1068, 982, 702, 680, 872, 958, 779, 751, 916, 858, 709, 797, 1027, 1137, 809, 701, 1122, 1080, 791, 765, 1239, 1265, 817, 717, 1159, 1163, 786, 831, 1168, 1075, 684, 740, 1056, 1065, 760, 656, 807, 854, 650, 578, 741, 784, 686, 631, 705, 796, 661, 556, 643, 686, 625, 744, 736, 711, 646, 654, 717, 760, 679, 697, 660, 620, 701, 680, 715, 728, 648, 500, 505, 534, 521, 522, 625, 658, 607, 605, 563, 559, 527, 568, 587, 569, 560, 709, 653, 598, 655, 691, 635, 569, 686, 738, 641, 758, 803, 827, 655, 708, 843, 793, 837, 952, 863, 893, 888, 922, 853, 878, 1441, 1463, 986, 1087, 1345, 1183, 747, 1072, 2393, 2697, 1564, 1380, 2482, 2282, 1059, 894, 1838, 2267, 1435, 918, 2262, 2326, 1209, 661, 940, 1172, 906, 797, 1382, 1385, 884, 588, 624, 831, 740, 754, 990, 926, 670, 562, 632, 745, 708, 555, 558, 633, 648, 524, 554, 589, 603, 629, 584, 638, 636, 629, 546, 586, 674, 614, 591, 625, 581, 700, 664, 734, 818, 588, 641, 812, 705, 536, 565, 612, 590, 488, 526, 671, 613, 633, 583, 632, 757, 634, 473, 604, 656, 694, 651, 695, 751, 718, 670, 621, 632, 676, 643, 703, 769, 747, 686, 634, 621, 488, 498, 544, 654, 626, 597, 558, 554, 586, 574, 616, 592, 622, 614, 609, 642, 717, 709, 644, 577, 607, 677, 638, 762, 623, 783, 750, 638, 590, 593, 641, 648, 538, 641, 595, 554, 580, 604, 639, 584, 471, 607, 597, 501, 577, 647, 622, 496, 478, 554, 643, 545, 499, 520, 588, 610, 490, 570, 671, 607, 510, 504, 581, 542, 506, 615, 677, 671, 598, 532, 527, 502, 612, 626, 589, 652, 657, 605, 507, 536, 716, 607, 488, 632, 604, 582, 558, 635, 671, 584, 569, 643, 690, 585, 607, 703, 555, 529, 572, 591, 575, 598, 601, 634, 528, 509, 522, 649, 603, 562, 630, 627, 645, 579, 644, 665, 625, 542, 604, 680, 648, 606, 726, 736, 581, 568, 693, 710, 499, 555, 617, 547, 542, 568, 620, 626, 542, 641, 659, 575, 578, 609, 547, 561, 560, 640, 632, 511, 553, 569, 600, 549, 557, 575, 597, 568, 549, 522, 501, 568, 645, 611, 642, 732, 681, 650, 682, 686, 672, 710, 747, 745, 712, 704, 678, 636, 677, 623, 651, 560, 570, 629, 517, 636, 635, 496, 506, 517, 556, 606, 529, 578, 526, 516, 538, 585, 519, 589, 572, 575, 524, 462, 520, 639, 636, 518, 549, 613, 498, 590, 644, 715, 593, 625, 682, 601, 502, 476, 607, 708, 663, 697, 730, 577, 519, 517, 632, 630, 572, 624, 622, 545, 493, 575, 698, 686, 568, 579, 608, 545, 584, 680, 704, 698, 581, 574, 611, 546, 677, 625, 596, 639, 602, 519, 573, 701, 577, 558, 560, 598, 608, 500, 554, 539, 582, 555, 648, 695, 640, 512, 466, 544, 756, 567, 789, 891, 762, 572, 664, 770, 652, 636, 759, 820, 723, 565, 622, 727, 617, 590, 616, 642, 646, 569, 583, 721, 683, 603, 829, 777, 700, 654, 716, 834, 761, 635, 843, 791, 670, 630, 717, 810, 597, 625, 748, 691, 567, 533, 687, 705, 577, 513, 618, 612, 569, 495, 508, 644, 627, 459, 533, 608, 627, 632, 644, 736, 667, 484, 509, 509, 557, 625, 675, 710, 557, 603, 536, 502, 489, 525, 608, 550, 503, 544, 568, 515, 444, 460, 517, 491, 544, 432, 484, 577, 530, 434, 482, 584, 494, 537, 441, 390, 441, 489, 501, 462, 422, 414, 416, 504, 449, 404, 479, 475, 414, 441, 514, 422, 378, 482, 494, 437, 370, 453, 573, 479, 334, 354, 358, 408, 354, 438, 480, 384, 381, 425, 457, 417, 418, 418, 500, 454, 420, 466, 467, 474]"
-0.6878206729888916,0.27232077717781067,0.23858529329299927,0.06853588670492172,0.6290743947029114,-0.025262773036956787,1.0470821857452393,-0.0025033950805664062,0.09870529174804688,20.25,0.028252601623535156,-0.3012657165527344,21.25,0.03955364227294922,-0.199127197265625,23.5,0.04527568817138672,-0.09942054748535156,24.25,0.048422813415527344,0.14820098876953125,21.0,"[518, 601, 632, 600, 597, 601, 628, 603, 450, 596, 663, 633, 648, 695, 737, 663, 556, 645, 625, 569, 606, 636, 679, 645, 555, 557, 590, 543, 515, 540, 543, 554, 469, 564, 599, 525, 461, 512, 500, 406, 512, 577, 591, 600, 578, 512, 550, 547, 460, 499, 531, 559, 434, 491, 574, 508, 485, 504, 523, 543, 460, 445, 519, 460, 436, 496, 497, 530, 498, 547, 522, 457, 478, 492, 500, 572, 562, 546, 537, 482, 519, 503, 573, 500, 404, 553, 604, 534, 587, 554, 554, 556, 608, 571, 499, 495, 547, 568, 571, 524, 508, 609, 513, 455, 568, 588, 585, 551, 458, 576, 659, 537, 449, 478, 606, 580, 464, 571, 692, 530, 556, 521, 597, 577, 525, 537, 598, 629, 581, 558, 550, 567, 531, 520, 549, 584, 640, 650, 539, 447, 568, 617, 495, 529, 708, 581, 523, 594, 576, 593, 450, 602, 603, 468, 459, 470, 584, 531, 382, 600, 464, 505, 540, 560, 495, 497, 489, 499, 519, 597, 583, 578, 557, 616, 546, 451, 584, 609, 512, 572, 670, 655, 528, 505, 541, 574, 540, 551, 648, 691, 600, 505, 433, 497, 512, 511, 508, 526, 636, 571, 494, 543, 537, 514, 512, 501, 592, 549, 489, 547, 513, 509, 565, 521, 551, 530, 564, 539, 532, 553, 543, 460, 478, 601, 645, 485, 506, 511, 431, 510, 538, 662, 534, 489, 586, 530, 483, 545, 533, 588, 485, 488, 517, 508, 538, 444, 468, 544, 499, 570, 632, 596, 522, 484, 518, 513, 518, 548, 534, 493, 558, 494, 492, 531, 576, 499, 488, 484, 481, 532, 632, 680, 619, 569, 587, 528, 548, 627, 660, 648, 569, 515, 491, 536, 523, 556, 501, 466, 537, 525, 523, 518, 473, 437, 441, 505, 505, 524, 512, 512, 467, 546, 522, 499, 582, 656, 669, 618, 605, 660, 611, 570, 502, 600, 650, 547, 519, 620, 561, 486, 619, 593, 561, 559, 499, 496, 578, 631, 1148, 1121, 1658, 1493, 931, 1064, 1736, 1740, 2300, 3817, 6071, 4905, 2263, 3917, 5492, 4354, 2805, 5983, 9137, 6901, 3281, 6589, 8240, 5745, 2097, 4326, 6442, 4901, 2525, 5011, 6351, 4394, 1666, 2179, 3342, 3241, 1865, 2451, 3605, 3060, 1286, 1346, 1634, 1949, 1655, 1552, 2299, 2076, 726, 995, 1013, 1007, 1163, 929, 1092, 1057, 789, 1635, 1861, 1081, 935, 1445, 1036, 755, 862, 2137, 2623, 1645, 1027, 1855, 1672, 1043, 819, 1595, 1874, 1195, 974, 1578, 1408, 928, 907, 951, 1016, 898, 1002, 1417, 1269, 760, 734, 875, 965, 741, 877, 1319, 1174, 732, 736, 779, 823, 799, 814, 1092, 1012, 656, 710, 851, 834, 673, 744, 1082, 1008, 611, 758, 790, 677, 592, 695, 796, 690, 626, 608, 640, 636, 620, 655, 686, 671, 572, 616, 660, 679, 652, 655, 672, 652, 598, 556, 608, 586, 598, 639, 615, 555, 563, 616, 638, 653, 642, 687, 750, 690, 593, 670, 659, 676, 734, 763, 757, 797, 687, 700, 730, 718, 716, 809, 721, 672, 710, 678, 782, 714, 574, 671, 789, 720, 579, 791, 888, 842, 781, 906, 1026, 906, 718, 859, 1227, 1336, 1048, 1204, 1646, 1377, 934, 847, 1294, 1650, 1280, 1014, 1634, 1652, 1045, 657, 988, 1426, 1188, 682, 1327, 1483, 1016, 606, 527, 894, 914, 571, 845, 1050, 815, 653, 627, 639, 603, 622, 685, 668, 620, 692, 635, 630, 585, 694, 696, 581, 625, 614, 646, 751, 632, 704, 830, 671, 566, 589, 619, 644, 666, 821, 909, 746, 563, 598, 576, 555, 584, 719, 700, 576, 569, 603, 623, 543, 536, 582, 543, 583, 624, 609, 606, 597, 576, 548, 549, 643, 665, 628, 664, 712, 620, 547, 646, 733, 668, 639, 648, 672, 623, 599, 688, 684, 614, 625, 625, 607, 601, 580, 623, 650, 645, 606, 669, 639, 613, 695, 624, 614, 675, 640, 718, 633, 662, 759, 728, 621, 548, 583, 648, 673, 608, 582, 666, 716, 573, 643, 696, 717, 651, 572, 708, 745, 711, 681, 587, 647, 698, 640, 567, 731, 771, 709, 643, 603, 699, 686, 625, 636, 704, 674, 722, 612, 610, 610, 639, 610, 592, 635, 785, 648, 589, 612, 708, 754, 538, 605, 646, 670, 712, 639, 580, 769, 705, 511, 551, 585, 679, 679, 601, 635, 672, 465, 521, 594, 593, 586, 558, 554, 578, 537, 620, 639, 582, 608, 552, 548, 525, 561, 536, 668, 683, 628, 681, 693, 604, 546, 765, 900, 712, 533, 783, 821, 664, 623, 1058, 1113, 819, 723, 885, 831, 715, 517, 933, 1058, 855, 697, 667, 794, 819, 598, 646, 675, 608, 537, 572, 640, 684, 672, 506, 571, 681, 575, 572, 575, 634, 617, 498, 628, 651, 567, 572, 629, 719, 636, 576, 714, 708, 594, 641, 785, 827, 597, 536, 524, 586, 632, 555, 562, 668, 591, 489, 486, 608, 628, 524, 584, 638, 635, 579, 647, 582, 653, 565, 537, 567, 570, 578, 607, 639, 678, 614, 522, 523, 463, 551, 642, 628, 553, 534, 603, 520, 573, 614, 757, 702, 549, 623, 672, 668, 625, 564, 701, 727, 558, 505, 600, 664, 586, 514, 533, 623, 589, 573, 572, 579, 599, 675, 568, 541, 593, 586, 591, 533, 671, 599, 557, 500, 547, 560, 538, 584, 491, 544, 590, 615, 552, 569, 604, 543, 658, 765, 862, 782, 698, 630, 699, 730, 846, 778, 938, 986, 881, 639, 805, 937, 994, 856, 856, 1020, 1061, 731, 861, 1021, 642, 788, 832, 868, 858, 734, 807, 731, 696, 714, 769, 777, 676, 566, 795, 852, 687, 631, 609, 788, 649, 565, 644, 621, 620, 656, 591, 696, 648, 624, 749, 651, 588, 556, 501, 603, 670, 536, 667, 716, 528, 505, 581, 639, 601, 561, 665, 594, 575, 507, 563, 625, 525, 492, 571, 564, 501, 595, 598, 544, 494, 426, 482, 493, 471, 421, 444, 556, 517, 440, 486, 498, 550, 483, 401, 613, 653, 464, 490, 546, 519, 505, 450, 561, 586, 497, 469, 506, 394, 486, 521, 500, 451, 407, 425, 453, 376, 485, 583, 551, 466, 460, 542, 495, 429, 399, 384, 417, 425, 414, 410, 426, 444, 440, 365, 352, 400, 391, 406, 456, 411, 445, 365, 329, 389, 424, 387, 365]"
0.2325659692287445,0.062266044318675995,0.1340762972831726,0.232243612408638,0.06997941434383392,0.15850093960762024,0.27238112688064575,0.33380502462387085,1.2980461120605469,22.5,0.3382396101951599,2.208995819091797,16.75,0.5755614638328552,1.2210845947265625,26.25,0.6317805647850037,1.1052131652832031,15.25,0.699586808681488,1.1355400085449219,15.75,"[666, 602, 543, 589, 663, 587, 544, 601, 597, 580, 481, 481, 640, 683, 559, 463, 497, 507, 556, 539, 641, 666, 532, 473, 559, 603, 536, 584, 639, 624, 568, 468, 483, 500, 503, 446, 477, 438, 427, 515, 452, 549, 617, 563, 495, 527, 601, 592, 470, 623, 702, 567, 505, 556, 578, 617, 499, 558, 665, 611, 506, 572, 663, 589, 573, 576, 582, 611, 588, 528, 544, 532, 598, 540, 525, 536, 504, 505, 558, 564, 560, 547, 606, 651, 564, 523, 591, 604, 515, 572, 617, 556, 588, 592, 602, 604, 505, 549, 536, 511, 547, 538, 577, 505, 651, 598, 588, 681, 575, 546, 655, 663, 593, 639, 575, 614, 584, 534, 629, 624, 590, 570, 637, 702, 606, 528, 594, 612, 599, 570, 602, 677, 562, 538, 614, 611, 611, 657, 547, 561, 526, 554, 574, 532, 495, 550, 515, 484, 516, 549, 604, 519, 502, 569, 576, 499, 524, 533, 571, 571, 489, 572, 547, 487, 534, 447, 493, 502, 514, 529, 517, 513, 519, 502, 527, 517, 558, 495, 535, 582, 560, 502, 515, 552, 582, 563, 610, 637, 569, 571, 566, 580, 529, 533, 556, 537, 527, 565, 573, 573, 517, 536, 531, 634, 661, 513, 536, 625, 632, 581, 463, 562, 557, 448, 541, 570, 670, 663, 484, 452, 474, 504, 574, 574, 587, 602, 530, 460, 553, 605, 580, 514, 539, 562, 590, 546, 557, 543, 601, 639, 600, 593, 661, 687, 628, 599, 640, 642, 538, 574, 627, 682, 608, 492, 617, 642, 540, 542, 558, 602, 635, 557, 514, 478, 632, 566, 589, 573, 556, 482, 500, 599, 584, 552, 550, 514, 574, 620, 637, 590, 525, 621, 607, 468, 541, 634, 580, 465, 411, 512, 520, 388, 419, 512, 513, 490, 508, 510, 484, 465, 508, 493, 535, 532, 529, 578, 537, 532, 531, 535, 560, 539, 528, 710, 663, 505, 572, 706, 698, 597, 551, 558, 582, 525, 518, 601, 535, 586, 609, 543, 528, 542, 507, 531, 597, 611, 550, 492, 492, 570, 520, 523, 515, 527, 579, 615, 578, 575, 593, 622, 545, 490, 599, 612, 624, 612, 593, 594, 633, 616, 620, 667, 608, 550, 543, 609, 601, 574, 610, 603, 579, 560, 580, 596, 558, 554, 554, 578, 624, 585, 603, 619, 619, 536, 518, 609, 632, 571, 565, 575, 602, 527, 475, 584, 648, 607, 582, 577, 616, 508, 564, 527, 586, 628, 638, 601, 596, 603, 591, 673, 607, 493, 522, 595, 614, 498, 584, 610, 655, 546, 498, 639, 690, 643, 507, 496, 583, 523, 435, 628, 677, 569, 518, 684, 767, 652, 550, 815, 979, 869, 909, 1186, 1404, 1297, 797, 1372, 2309, 2048, 1364, 1398, 1778, 1809, 1228, 1659, 3473, 3281, 1706, 1973, 2398, 2210, 1488, 2175, 3790, 3482, 5314, 5409, 7699, 5644, 3608, 5865, 12793, 12616, 8540, 6647, 11082, 8053, 5719, 6986, 17967, 19084, 5117, 2975, 6158, 4946, 3373, 2871, 9135, 10455, 1177, 1366, 2141, 2144, 1141, 1572, 3181, 2978, 1004, 1175, 1785, 1561, 882, 1144, 2439, 2370, 1084, 1071, 1772, 1330, 726, 965, 2069, 2203, 1319, 1646, 2500, 1793, 877, 1215, 2637, 2784, 1260, 1522, 2336, 1758, 920, 1375, 2640, 2651, 1067, 1104, 1799, 1341, 816, 991, 2136, 2305, 752, 1075, 1372, 983, 651, 907, 1665, 1646, 522, 697, 752, 580, 485, 636, 864, 777, 575, 587, 684, 665, 557, 641, 696, 694, 471, 605, 654, 597, 627, 710, 793, 720, 537, 648, 687, 604, 522, 717, 904, 684, 820, 854, 720, 683, 773, 997, 856, 646, 905, 959, 884, 715, 834, 1050, 853, 719, 964, 1113, 940, 821, 955, 1079, 992, 948, 986, 1073, 869, 866, 1016, 962, 846, 930, 771, 721, 767, 835, 779, 638, 664, 811, 623, 1083, 1535, 1375, 790, 722, 1056, 1132, 1560, 3834, 4303, 2768, 1301, 1569, 2654, 2258, 3352, 6680, 6554, 3818, 1868, 3183, 4480, 3139, 3689, 4927, 5321, 4001, 2204, 3060, 3787, 3126, 2874, 2518, 3615, 3533, 2247, 2289, 2175, 2465, 1968, 1948, 2658, 2325, 1726, 1938, 1566, 1801, 1155, 1771, 1929, 1192, 1037, 1221, 1362, 1304, 981, 1629, 1589, 1061, 939, 1019, 1626, 1350, 1029, 1480, 1373, 1120, 912, 1004, 1380, 1093, 865, 1076, 1139, 1004, 865, 944, 953, 826, 1168, 1417, 1089, 932, 1038, 1075, 1030, 951, 1088, 1411, 1084, 851, 829, 1128, 1232, 895, 1188, 1200, 1318, 1061, 838, 1256, 1288, 1194, 1244, 1210, 1136, 1007, 1050, 1108, 1171, 1325, 1118, 941, 798, 958, 891, 766, 762, 1119, 801, 742, 855, 817, 702, 676, 669, 844, 711, 754, 812, 792, 684, 663, 722, 779, 983, 866, 756, 724, 673, 716, 682, 892, 874, 801, 635, 687, 699, 654, 648, 848, 733, 718, 590, 603, 648, 677, 614, 661, 565, 590, 575, 632, 587, 602, 696, 637, 629, 631, 667, 672, 550, 621, 809, 826, 815, 653, 677, 724, 710, 702, 911, 923, 716, 652, 679, 615, 639, 724, 761, 689, 621, 635, 661, 626, 749, 689, 726, 779, 722, 708, 604, 667, 852, 776, 805, 792, 784, 695, 726, 747, 748, 743, 859, 962, 828, 622, 608, 570, 576, 582, 723, 879, 879, 727, 638, 491, 620, 695, 640, 836, 855, 773, 893, 748, 604, 778, 869, 973, 649, 696, 928, 758, 528, 749, 925, 891, 747, 615, 768, 728, 460, 618, 852, 939, 879, 510, 686, 818, 546, 577, 854, 1041, 810, 638, 863, 835, 676, 591, 914, 1066, 837, 696, 868, 794, 688, 747, 1011, 1077, 989, 731, 841, 853, 780, 737, 989, 1205, 820, 649, 770, 812, 802, 687, 889, 988, 665, 529, 585, 689, 700, 659, 686, 752, 699, 620, 574, 674, 642, 737, 678, 632, 555, 523, 633, 642, 585, 595, 665, 668, 610, 527, 591, 703, 733, 597, 709, 697, 808, 503, 875, 899, 687, 569, 711, 988, 667, 896, 1219, 972, 585, 771, 1109, 1187, 631, 787, 875, 732, 572, 801, 1014, 916, 596, 470, 624, 633, 546, 644, 667, 708, 466, 449, 462, 568, 545, 484, 552, 550, 466, 486, 499, 539, 476, 500, 589, 494, 498, 551, 592, 532, 483, 612, 555, 464, 535, 588, 619, 545, 556, 581, 463, 458, 562, 477, 634, 638, 580, 639, 541, 492, 541, 461, 554, 613, 453, 454, 453, 496]"
0.2325659692287445,0.062266044318675995,0.1340762972831726,0.232243612408638,0.06997941434383392,0.15850093960762024,0.27238112688064575,-0.5770016312599182,2.691364288330078,17.0,0.49702638387680054,1.3063430786132812,16.25,0.6829928755760193,1.854085922241211,16.25,0.8829783797264099,0.9057998657226562,21.5,1.0237407088279724,0.6418704986572266,20.25,"[608, 590, 525, 574, 663, 572, 524, 591, 607, 595, 545, 562, 685, 629, 684, 649, 476, 602, 587, 475, 516, 573, 617, 495, 480, 451, 524, 475, 439, 508, 544, 581, 486, 509, 490, 425, 506, 576, 537, 507, 449, 534, 516, 486, 612, 586, 514, 498, 409, 504, 511, 504, 550, 531, 468, 452, 465, 512, 476, 527, 500, 508, 529, 445, 557, 571, 554, 577, 585, 505, 552, 526, 574, 626, 611, 566, 573, 535, 528, 598, 553, 573, 600, 568, 569, 518, 540, 531, 530, 484, 587, 576, 560, 488, 469, 547, 467, 481, 521, 589, 588, 481, 446, 517, 574, 553, 619, 645, 628, 514, 548, 596, 524, 542, 577, 522, 531, 522, 505, 554, 527, 587, 580, 474, 431, 455, 566, 603, 540, 529, 545, 528, 449, 487, 582, 606, 475, 479, 560, 591, 507, 488, 519, 514, 534, 507, 446, 550, 532, 524, 533, 580, 573, 604, 546, 592, 589, 507, 609, 636, 489, 594, 550, 528, 488, 490, 515, 441, 588, 574, 537, 571, 553, 515, 507, 531, 606, 568, 494, 569, 551, 561, 600, 572, 558, 573, 522, 534, 559, 499, 531, 540, 545, 535, 479, 487, 464, 487, 453, 450, 521, 568, 587, 601, 525, 469, 514, 508, 527, 665, 627, 525, 560, 538, 493, 495, 546, 683, 633, 566, 548, 570, 573, 488, 512, 556, 617, 562, 421, 504, 551, 531, 616, 546, 599, 555, 515, 577, 582, 665, 516, 499, 524, 512, 512, 520, 552, 487, 478, 414, 502, 519, 456, 458, 480, 508, 579, 579, 579, 495, 477, 503, 444, 516, 698, 661, 665, 647, 553, 567, 573, 628, 609, 615, 655, 665, 651, 683, 569, 569, 572, 600, 668, 617, 594, 646, 605, 536, 627, 652, 615, 612, 591, 646, 639, 505, 651, 570, 615, 706, 638, 564, 535, 642, 544, 565, 553, 510, 527, 547, 660, 627, 614, 645, 604, 532, 611, 645, 555, 583, 510, 537, 482, 493, 583, 613, 504, 453, 515, 519, 515, 521, 504, 599, 581, 498, 537, 485, 503, 588, 555, 525, 600, 629, 592, 567, 569, 632, 552, 551, 560, 556, 520, 550, 644, 672, 543, 554, 569, 527, 598, 642, 681, 650, 538, 579, 659, 564, 685, 654, 632, 625, 525, 694, 816, 776, 625, 847, 815, 728, 506, 1099, 1477, 1071, 673, 852, 841, 788, 545, 1239, 1673, 1290, 562, 630, 685, 673, 512, 849, 1104, 896, 537, 561, 616, 610, 566, 586, 686, 587, 669, 949, 954, 977, 716, 1076, 1867, 1559, 1190, 1600, 1926, 1811, 1082, 1893, 3849, 3361, 1486, 1779, 2362, 2007, 1215, 1960, 4174, 3895, 1300, 2299, 2280, 1964, 1024, 2563, 4465, 3578, 2238, 4783, 4823, 4552, 1742, 6040, 9802, 7310, 3097, 6382, 7055, 6285, 2189, 7741, 13074, 10370, 3173, 4729, 5809, 4634, 2123, 5310, 9867, 8623, 2424, 2392, 3525, 2857, 1673, 2639, 5487, 5414, 1615, 1497, 2210, 1855, 1240, 1537, 2884, 3039, 1158, 1068, 1534, 1331, 904, 1042, 1955, 2021, 1029, 1200, 1863, 1427, 706, 1040, 2253, 2291, 1307, 1460, 2427, 1786, 926, 1179, 2859, 3039, 1367, 1979, 3082, 2070, 1009, 1443, 3553, 3690, 921, 1757, 2350, 1434, 677, 1382, 2814, 2703, 709, 1064, 1291, 869, 562, 839, 1421, 1349, 652, 949, 1020, 790, 673, 655, 881, 779, 613, 865, 977, 768, 660, 708, 871, 840, 597, 823, 830, 627, 535, 664, 814, 712, 611, 744, 749, 782, 763, 738, 736, 701, 638, 710, 723, 683, 704, 717, 667, 566, 602, 711, 744, 686, 702, 784, 733, 584, 611, 695, 773, 693, 662, 750, 732, 605, 575, 650, 717, 675, 586, 658, 658, 530, 881, 1130, 1119, 992, 755, 871, 1053, 859, 2340, 3506, 3308, 2218, 1364, 2432, 2961, 1733, 4407, 6746, 7008, 5224, 2713, 4827, 5703, 3483, 4583, 6551, 7618, 6317, 3625, 4645, 5489, 4424, 3550, 4631, 5769, 4609, 2989, 3593, 3526, 3515, 2176, 3436, 4116, 3109, 1655, 2420, 2334, 2099, 1811, 2608, 2681, 1811, 1011, 1831, 1870, 1465, 1674, 1910, 1926, 1429, 961, 1269, 1218, 1425, 1261, 1501, 1504, 1066, 856, 1019, 1055, 1053, 1073, 1460, 1512, 996, 819, 1057, 1152, 940, 1035, 1888, 1935, 1126, 832, 1323, 1570, 1233, 1158, 1850, 1863, 1132, 928, 1243, 1481, 1231, 1340, 1377, 1269, 973, 995, 1106, 1112, 957, 1194, 1124, 1089, 1057, 1072, 1041, 815, 937, 924, 1060, 888, 852, 904, 834, 772, 875, 779, 1050, 891, 595, 719, 803, 920, 779, 681, 860, 817, 606, 576, 767, 905, 773, 628, 754, 757, 685, 582, 706, 742, 663, 661, 544, 591, 704, 635, 561, 653, 661, 792, 627, 618, 681, 656, 619, 753, 842, 782, 669, 643, 705, 694, 620, 724, 806, 667, 615, 605, 587, 580, 622, 791, 754, 623, 691, 651, 613, 557, 586, 660, 644, 685, 742, 720, 722, 740, 684, 604, 577, 643, 721, 645, 641, 685, 699, 668, 607, 692, 936, 801, 653, 897, 801, 697, 646, 681, 956, 856, 702, 929, 813, 687, 659, 770, 858, 765, 709, 695, 737, 750, 646, 714, 648, 729, 708, 644, 717, 830, 810, 720, 582, 756, 818, 696, 687, 850, 890, 902, 596, 642, 774, 650, 670, 682, 919, 868, 653, 802, 935, 763, 736, 828, 860, 911, 774, 846, 1130, 989, 720, 1054, 1086, 927, 748, 862, 1146, 1015, 751, 1118, 1221, 949, 683, 702, 872, 887, 791, 944, 1068, 962, 697, 764, 909, 944, 748, 848, 1041, 819, 679, 799, 930, 869, 700, 948, 995, 860, 745, 1001, 1158, 891, 723, 1357, 1415, 966, 835, 1230, 1290, 941, 771, 1573, 1694, 827, 983, 1224, 1049, 776, 915, 1301, 1214, 949, 1151, 1114, 983, 785, 1035, 1090, 990, 1082, 804, 1089, 1147, 773, 743, 869, 1160, 1268, 734, 1101, 1069, 955, 852, 1201, 1647, 1058, 811, 1097, 1044, 992, 954, 1488, 1669, 684, 689, 898, 857, 719, 750, 1283, 1251, 559, 625, 759, 786, 678, 759, 876, 749, 558, 680, 803, 725, 506, 736, 884, 741, 656, 709, 950, 718, 504, 666, 1025, 1026, 583, 581, 792, 680, 484, 525, 807, 878, 629, 601, 629, 633, 569, 559, 678, 739, 553, 535, 538, 616, 552, 629, 732, 563, 541, 470, 571, 578, 515, 495, 528, 602, 494, 479, 559, 519, 415, 374, 609, 669, 512, 463, 409, 489, 396, 404, 614, 582]"
0.2325659692287445,0.062266044318675995,0.1340762972831726,0.232243612408638,0.06997941434383392,0.15850093960762024,0.27238112688064575,0.20749086141586304,1.0771751403808594,16.0,0.2698611617088318,1.0990619659423828,21.75,0.36770814657211304,1.0555744171142578,24.75,1.5681933760643005,1.183319091796875,21.25,1.6078185439109802,1.0099411010742188,16.25,"[562, 548, 665, 642, 540, 642, 662, 549, 538, 593, 659, 631, 560, 700, 709, 510, 467, 633, 645, 539, 530, 558, 557, 481, 460, 497, 527, 531, 545, 508, 494, 485, 547, 469, 519, 533, 509, 558, 546, 558, 575, 471, 416, 486, 529, 491, 507, 593, 615, 604, 542, 611, 534, 532, 552, 589, 567, 559, 558, 557, 536, 601, 622, 542, 526, 550, 519, 587, 620, 597, 561, 552, 491, 524, 527, 607, 605, 556, 533, 535, 480, 490, 503, 534, 496, 486, 595, 625, 605, 513, 514, 644, 634, 513, 535, 581, 493, 483, 527, 552, 519, 481, 519, 554, 446, 509, 537, 578, 529, 548, 593, 541, 511, 504, 519, 531, 489, 586, 578, 528, 531, 581, 515, 521, 569, 693, 653, 522, 531, 569, 596, 479, 557, 705, 695, 564, 655, 604, 610, 610, 515, 561, 644, 592, 687, 618, 551, 644, 659, 672, 568, 615, 560, 577, 618, 590, 581, 537, 611, 625, 517, 553, 572, 552, 534, 538, 603, 593, 498, 520, 533, 477, 514, 489, 629, 621, 555, 500, 546, 583, 560, 529, 510, 601, 473, 574, 601, 571, 562, 573, 593, 535, 506, 573, 550, 503, 492, 559, 555, 513, 577, 538, 576, 613, 628, 638, 662, 694, 582, 535, 487, 489, 532, 604, 672, 678, 633, 561, 561, 518, 518, 577, 584, 591, 591, 483, 508, 566, 571, 545, 574, 610, 556, 584, 553, 540, 606, 662, 581, 529, 482, 510, 510, 529, 569, 592, 529, 524, 540, 545, 526, 575, 637, 568, 582, 621, 453, 552, 653, 716, 606, 492, 589, 534, 507, 567, 696, 683, 589, 540, 618, 553, 470, 614, 680, 607, 528, 548, 625, 576, 591, 610, 620, 607, 570, 571, 594, 595, 565, 569, 485, 537, 528, 551, 552, 544, 522, 611, 568, 519, 504, 580, 559, 487, 524, 583, 608, 557, 544, 604, 576, 582, 588, 506, 596, 570, 486, 517, 498, 542, 478, 484, 567, 571, 532, 518, 455, 501, 474, 509, 669, 629, 560, 495, 521, 556, 577, 516, 693, 654, 594, 664, 590, 615, 599, 661, 741, 678, 643, 845, 813, 726, 688, 1030, 947, 684, 641, 1203, 1485, 1198, 1028, 1303, 1515, 1181, 760, 1483, 2288, 2061, 1585, 1732, 2525, 2011, 910, 1835, 3464, 3425, 2329, 3026, 4420, 3281, 1477, 3332, 6677, 6286, 2896, 4445, 6067, 4301, 2079, 4935, 9956, 9095, 2297, 3513, 4588, 3257, 1788, 3909, 7865, 7127, 1437, 2092, 2430, 1727, 1178, 2518, 4241, 3622, 2278, 4366, 5094, 3377, 1731, 5058, 8684, 7208, 4041, 8586, 10410, 7071, 2794, 9273, 16407, 13592, 4237, 7657, 9509, 6803, 2896, 8072, 13525, 11433, 2187, 3668, 4754, 3748, 1620, 3911, 6163, 5283, 1008, 2021, 2411, 1991, 750, 2250, 3325, 2558, 1015, 1333, 1530, 1200, 750, 1330, 1840, 1587, 969, 1553, 1994, 1339, 800, 1266, 2219, 2121, 995, 1820, 2378, 1619, 775, 1512, 2590, 2300, 2819, 5634, 5655, 2820, 1266, 3243, 5342, 4222, 5504, 12295, 11610, 4925, 1990, 7173, 11396, 7754, 5222, 11739, 11647, 5227, 2022, 7211, 11653, 8243, 2471, 6012, 6696, 3561, 1372, 3757, 6449, 5167, 1119, 2174, 2614, 1844, 864, 1633, 2878, 2548, 724, 1163, 1309, 1038, 705, 880, 1391, 1316, 678, 727, 746, 621, 711, 665, 655, 740, 558, 603, 557, 518, 623, 536, 619, 681, 598, 708, 674, 596, 626, 716, 677, 582, 606, 658, 696, 612, 571, 789, 820, 691, 820, 822, 896, 719, 746, 909, 819, 774, 998, 1142, 1107, 860, 889, 1021, 929, 841, 1909, 2132, 1863, 1539, 1129, 1568, 1871, 1329, 6510, 7257, 6549, 5955, 3495, 6026, 6767, 3949, 10648, 11682, 10800, 10023, 5372, 11016, 11592, 6585, 7469, 8220, 9397, 8112, 3998, 8891, 9218, 5376, 3679, 4826, 5675, 4233, 2261, 4330, 4196, 3155, 2396, 3474, 3345, 2145, 1724, 1770, 1924, 1612, 1526, 2250, 2169, 1470, 1096, 1222, 1389, 1265, 1135, 1460, 1361, 1026, 801, 882, 1021, 997, 1046, 1459, 1193, 683, 665, 768, 832, 741, 969, 1074, 967, 921, 792, 765, 858, 874, 923, 1143, 1167, 1025, 846, 845, 958, 877, 1030, 1394, 1369, 962, 847, 985, 1075, 909, 934, 1394, 1420, 955, 752, 1087, 1283, 1022, 805, 894, 985, 878, 677, 717, 857, 869, 791, 1152, 1192, 921, 713, 867, 1136, 993, 907, 1541, 1600, 1004, 815, 1061, 1196, 946, 1074, 1698, 1639, 953, 899, 1053, 1124, 872, 844, 1203, 1184, 726, 930, 908, 808, 776, 781, 1046, 1103, 837, 782, 814, 812, 856, 689, 915, 990, 812, 669, 657, 735, 743, 690, 793, 868, 759, 708, 679, 680, 681, 799, 694, 626, 598, 744, 676, 650, 816, 927, 713, 663, 703, 743, 588, 752, 1055, 892, 758, 692, 684, 675, 670, 676, 844, 751, 722, 649, 721, 671, 615, 630, 636, 634, 742, 628, 573, 676, 722, 769, 662, 778, 792, 601, 656, 710, 727, 819, 733, 818, 749, 665, 753, 661, 656, 756, 733, 837, 697, 638, 714, 762, 713, 671, 788, 882, 683, 617, 681, 766, 666, 686, 865, 787, 658, 696, 737, 722, 665, 656, 839, 593, 704, 692, 657, 621, 641, 670, 600, 720, 730, 908, 822, 710, 765, 854, 832, 704, 749, 864, 815, 788, 748, 839, 882, 891, 637, 892, 970, 840, 754, 1178, 1347, 881, 801, 1013, 1155, 851, 921, 1402, 1306, 957, 803, 1027, 1131, 780, 876, 1160, 1100, 1012, 772, 927, 1075, 832, 757, 1191, 1263, 981, 838, 964, 994, 843, 848, 1182, 1207, 734, 737, 796, 796, 655, 738, 1059, 1014, 647, 716, 745, 642, 559, 608, 835, 875, 734, 687, 690, 713, 656, 658, 752, 794, 1010, 670, 837, 920, 761, 684, 999, 1305, 910, 718, 828, 907, 809, 780, 955, 1114, 722, 963, 978, 846, 922, 1054, 1086, 772, 795, 1098, 1296, 996, 766, 938, 1142, 1047, 632, 993, 1203, 826, 587, 744, 938, 876, 566, 852, 1002, 801, 595, 670, 927, 908, 578, 896, 945, 718, 623, 646, 815, 749, 504, 793, 991, 744, 545, 702, 888, 836, 441, 626, 895, 747, 578, 644, 755, 739, 547, 549, 755, 762, 535, 634, 703, 645, 450, 554, 634, 616, 449, 528, 707, 631, 518, 454, 452, 456, 460, 472, 510, 546, 706, 581, 457, 570, 559, 480, 463, 619, 692, 581, 460, 522, 501, 542, 539, 582, 677, 595, 513, 488, 495, 511, 568, 631]"
0.2325659692287445,0.062266044318675995,0.1340762972831726,0.232243612408638,0.06997941434383392,0.15850093960762024,0.27238112688064575,0.3455352187156677,0.771331787109375,19.0,0.39488786458969116,0.7802009582519531,19.0,0.41391366720199585,0.3922462463378906,20.0,0.7034491896629333,0.09741783142089844,19.5,0.7101725935935974,0.09641647338867188,18.5,"[664, 662, 697, 600, 548, 613, 702, 662, 686, 654, 671, 595, 567, 628, 627, 676, 646, 631, 531, 478, 574, 605, 526, 564, 513, 564, 531, 429, 464, 575, 511, 414, 428, 492, 513, 497, 534, 552, 493, 437, 475, 501, 617, 532, 460, 473, 494, 525, 588, 570, 517, 464, 500, 475, 451, 537, 624, 561, 553, 508, 539, 533, 571, 647, 514, 549, 542, 440, 412, 547, 592, 497, 519, 512, 578, 556, 544, 542, 525, 551, 567, 652, 565, 541, 524, 532, 586, 501, 611, 614, 616, 599, 494, 570, 578, 523, 480, 490, 624, 585, 498, 536, 610, 573, 492, 512, 575, 554, 526, 567, 584, 486, 602, 627, 554, 508, 522, 540, 579, 578, 570, 648, 611, 462, 535, 600, 601, 506, 523, 558, 548, 492, 484, 546, 555, 541, 528, 521, 626, 559, 463, 539, 555, 560, 510, 461, 531, 620, 646, 528, 397, 496, 555, 498, 511, 488, 604, 596, 516, 532, 560, 609, 524, 477, 566, 600, 593, 570, 596, 602, 555, 505, 545, 584, 565, 550, 492, 553, 518, 496, 503, 457, 488, 481, 496, 603, 569, 516, 539, 563, 548, 470, 654, 631, 566, 535, 547, 623, 613, 580, 627, 624, 591, 535, 590, 640, 575, 552, 540, 611, 607, 510, 585, 687, 648, 545, 565, 500, 516, 631, 645, 626, 716, 704, 568, 512, 511, 647, 584, 561, 626, 625, 527, 495, 532, 548, 485, 437, 440, 501, 614, 590, 523, 517, 559, 511, 469, 503, 561, 580, 461, 562, 568, 557, 573, 533, 606, 619, 543, 603, 674, 586, 541, 561, 609, 1011, 1061, 767, 567, 685, 903, 824, 608, 1364, 1618, 1062, 588, 834, 1255, 1107, 660, 968, 1008, 746, 598, 675, 930, 908, 1156, 986, 1208, 960, 771, 980, 1654, 1791, 2354, 2803, 3981, 2534, 1241, 2538, 5531, 5602, 2858, 5155, 6938, 4055, 1654, 4154, 8720, 8357, 1773, 4682, 5421, 2954, 1033, 3758, 6721, 5710, 971, 2523, 2703, 1407, 709, 1906, 3226, 2540, 3185, 5615, 7286, 4514, 1648, 3588, 7429, 7204, 4836, 10098, 12327, 7129, 2204, 6708, 13054, 11875, 3841, 8241, 10035, 5687, 1827, 5818, 11165, 9942, 2118, 4565, 5649, 3207, 1424, 3671, 7345, 6658, 1942, 4532, 5621, 3169, 1440, 3941, 8083, 7315, 1658, 3099, 4080, 2443, 1216, 2720, 5815, 5454, 1193, 1238, 1378, 1043, 947, 1241, 1939, 1885, 979, 1074, 947, 733, 724, 840, 874, 798, 785, 836, 904, 762, 672, 812, 954, 935, 683, 869, 897, 700, 629, 767, 850, 783, 1429, 2033, 1740, 903, 1039, 1233, 1365, 947, 4710, 8517, 7045, 2335, 2428, 3772, 5293, 2775, 7573, 14935, 12669, 3950, 3708, 6789, 9699, 4772, 6174, 13888, 12990, 5179, 2947, 7015, 10384, 6290, 3556, 9630, 9632, 4250, 2079, 5276, 8051, 5538, 1766, 3973, 3715, 1658, 1068, 2486, 3369, 2179, 1284, 2493, 2321, 1084, 884, 1680, 2044, 1225, 1116, 2049, 1841, 865, 841, 1263, 1468, 906, 1023, 1560, 1413, 817, 820, 1085, 1216, 976, 897, 1310, 1304, 921, 907, 1140, 1339, 1040, 1575, 1774, 1780, 1533, 1167, 1441, 1391, 1154, 2201, 2151, 2506, 2239, 1300, 2013, 1811, 1644, 2347, 3127, 3002, 1905, 1565, 2099, 2093, 1455, 2888, 4670, 4476, 2423, 2019, 3096, 2891, 1768, 2412, 3587, 3769, 2238, 1775, 2942, 2672, 1784, 1443, 2431, 2355, 1316, 1146, 1698, 1980, 1342, 1481, 2371, 2146, 1150, 1103, 1545, 1754, 1220, 1914, 3247, 2926, 1019, 1527, 2134, 1751, 1036, 1949, 3326, 3035, 1161, 1675, 2153, 1614, 1064, 1569, 2310, 2109, 1067, 1170, 1406, 1210, 1104, 1314, 1592, 1369, 833, 818, 1170, 1176, 989, 1300, 1892, 1685, 1157, 925, 1111, 1545, 1133, 1548, 2448, 2165, 1271, 1054, 1560, 2024, 1546, 1226, 1978, 1677, 1023, 1079, 1468, 1711, 1248, 971, 1380, 1332, 919, 846, 1048, 1144, 930, 876, 1120, 1042, 812, 790, 769, 882, 799, 769, 890, 913, 800, 733, 636, 778, 825, 649, 761, 807, 700, 693, 686, 743, 754, 925, 906, 834, 796, 832, 794, 858, 914, 1031, 947, 833, 840, 947, 904, 963, 1026, 1160, 1008, 830, 889, 956, 952, 923, 978, 1432, 1485, 1237, 1038, 1107, 1135, 1043, 1156, 1472, 1762, 1447, 1074, 1274, 1179, 892, 995, 1196, 1449, 1124, 1027, 1225, 1055, 827, 847, 1018, 1058, 823, 826, 1033, 908, 724, 765, 865, 861, 805, 899, 957, 863, 654, 811, 922, 909, 760, 786, 872, 825, 737, 769, 894, 898, 746, 746, 733, 777, 822, 794, 983, 916, 861, 925, 712, 928, 902, 861, 1112, 823, 932, 932, 798, 979, 790, 966, 1287, 1050, 942, 922, 962, 1049, 1027, 1221, 1065, 950, 928, 1014, 759, 856, 1182, 1146, 897, 838, 867, 864, 708, 848, 982, 840, 742, 812, 844, 799, 754, 911, 903, 787, 853, 805, 927, 937, 741, 782, 961, 959, 949, 656, 766, 935, 794, 734, 782, 940, 995, 642, 808, 1053, 789, 687, 777, 918, 837, 741, 838, 1001, 772, 664, 852, 904, 851, 732, 668, 801, 763, 713, 921, 908, 942, 695, 739, 1027, 854, 841, 1029, 956, 972, 674, 734, 978, 868, 805, 805, 865, 891, 807, 719, 742, 767, 709, 799, 912, 1003, 1210, 1403, 1179, 920, 858, 1248, 1310, 1666, 1922, 3003, 2721, 1445, 1421, 2816, 3100, 2173, 2184, 3655, 3202, 1624, 1496, 3847, 4297, 1911, 1889, 2918, 2394, 1213, 1362, 3086, 3485, 1283, 1429, 1996, 1767, 1066, 1186, 2202, 2249, 1709, 1262, 1722, 1663, 1159, 1035, 2160, 2682, 1417, 1230, 1666, 1417, 1074, 1233, 2207, 2326, 749, 953, 1310, 1341, 858, 1073, 1536, 1412, 1485, 1119, 1728, 1731, 1008, 1141, 1867, 2064, 1846, 1384, 2011, 2053, 1269, 1203, 2286, 2555, 1883, 1488, 1990, 1950, 1234, 1358, 2520, 2609, 1664, 1416, 1585, 1394, 954, 1101, 1817, 2027, 1376, 1391, 1483, 1305, 1032, 979, 1406, 1362, 977, 1180, 1596, 1248, 779, 880, 1337, 1379, 780, 1093, 1431, 1127, 680, 809, 1161, 1167, 784, 867, 1098, 1021, 683, 757, 1037, 1041, 890, 761, 1010, 988, 733, 940, 1379, 1279, 784, 698, 940, 883, 601, 824, 1293, 1167, 649, 836, 851, 688, 603, 756, 1033, 920, 679, 802, 889, 770, 641, 644, 975, 1012, 606, 733, 882, 691, 489, 610, 1011, 1015, 532, 653, 813, 667, 514, 609, 830, 839, 511, 484, 664, 522, 383, 522, 683, 714, 513, 520, 555, 519, 531, 499, 497, 538, 494, 490, 481, 476, 543, 536, 431, 428]"
0.2325659692287445,0.062266044318675995,0.1340762972831726,0.232243612408638,0.06997941434383392,0.15850093960762024,0.27238112688064575,0.49902909994125366,-0.04420280456542969,19.5,0.5066108107566833,-0.09112358093261719,22.5,0.543947160243988,0.09226799011230469,19.25,1.873750627040863,1.7266273498535156,15.5,1.8907737135887146,1.5948772430419922,16.0,"[409, 536, 504, 542, 609, 540, 507, 534, 500, 526, 602, 594, 572, 518, 582, 617, 502, 541, 549, 540, 450, 468, 567, 577, 521, 550, 517, 521, 510, 577, 581, 518, 525, 505, 459, 541, 590, 558, 531, 485, 559, 514, 491, 567, 581, 521, 518, 539, 488, 496, 537, 573, 565, 529, 480, 501, 546, 532, 559, 531, 537, 581, 510, 504, 474, 417, 512, 480, 446, 524, 551, 547, 572, 478, 509, 495, 464, 564, 602, 638, 641, 545, 490, 475, 454, 587, 598, 595, 590, 528, 516, 495, 514, 599, 553, 511, 513, 549, 527, 479, 523, 561, 454, 457, 515, 520, 460, 493, 523, 549, 482, 446, 540, 480, 482, 530, 579, 472, 504, 580, 567, 429, 556, 624, 566, 612, 624, 638, 467, 483, 537, 480, 502, 586, 604, 573, 624, 521, 500, 578, 497, 530, 549, 513, 572, 555, 603, 566, 484, 549, 618, 609, 653, 650, 584, 628, 590, 588, 591, 613, 661, 609, 555, 529, 500, 528, 661, 679, 503, 460, 484, 535, 487, 513, 613, 611, 631, 557, 555, 604, 584, 530, 511, 629, 621, 646, 506, 541, 558, 539, 514, 612, 539, 535, 555, 636, 617, 585, 557, 570, 542, 554, 620, 603, 565, 617, 572, 535, 619, 591, 596, 523, 555, 664, 593, 605, 646, 656, 657, 629, 573, 580, 557, 602, 511, 551, 603, 537, 502, 503, 522, 525, 491, 555, 560, 515, 511, 537, 564, 511, 529, 528, 513, 494, 480, 511, 502, 514, 524, 558, 564, 473, 455, 547, 567, 521, 531, 480, 507, 510, 511, 535, 539, 538, 518, 684, 681, 538, 502, 510, 667, 587, 1052, 2101, 2244, 1324, 765, 1197, 1681, 1341, 2376, 5639, 5785, 2897, 1272, 3013, 4482, 3264, 2944, 7497, 7508, 3376, 1527, 3843, 5643, 3869, 2706, 6348, 6239, 2779, 1546, 2833, 4017, 2562, 2580, 5444, 5330, 2525, 1850, 3058, 3802, 2276, 4577, 10056, 9386, 4037, 2692, 5844, 7804, 4336, 5050, 12808, 12564, 5204, 2961, 6988, 9389, 5665, 3370, 8525, 8289, 3344, 2169, 4553, 5910, 3668, 2172, 4462, 4159, 1767, 1507, 2741, 3192, 1722, 2443, 4481, 4472, 2131, 1419, 2539, 3430, 2570, 2283, 4521, 4470, 2102, 1226, 2278, 3752, 2899, 2016, 3915, 3695, 1640, 1260, 2164, 3332, 2496, 2105, 3360, 3073, 1667, 1213, 2033, 2867, 2211, 1490, 2206, 2200, 1371, 854, 1370, 1960, 1680, 919, 1069, 1024, 764, 625, 863, 949, 862, 885, 1082, 945, 698, 714, 814, 843, 729, 4807, 7739, 5744, 1357, 3165, 3103, 3733, 1320, 13446, 22121, 16327, 2894, 8231, 8507, 10622, 3208, 15316, 25389, 18905, 3366, 9010, 9890, 12412, 3958, 8501, 14129, 10616, 2220, 4914, 5568, 7062, 2669, 4317, 7370, 5765, 1474, 2759, 3070, 3694, 1608, 3021, 5180, 4131, 1196, 1974, 2137, 2518, 1184, 1926, 3230, 2745, 1246, 1431, 1842, 1754, 1000, 2565, 3451, 3216, 1846, 2200, 2820, 1779, 1370, 2638, 3331, 3286, 1984, 2230, 2963, 1730, 1465, 1452, 1876, 1727, 1019, 1215, 1512, 1105, 926, 1592, 1710, 1460, 1178, 1288, 1588, 1372, 1067, 2012, 2672, 2635, 1728, 1908, 2395, 1801, 1352, 2004, 2657, 2470, 1422, 1732, 2003, 1655, 1113, 1489, 1984, 1712, 909, 1112, 1238, 1167, 824, 1365, 2055, 1709, 849, 1082, 1033, 935, 762, 2930, 4296, 3068, 1199, 2234, 1822, 1475, 1082, 3715, 5458, 3883, 1319, 2729, 2300, 1724, 1270, 3487, 4746, 3066, 1351, 2640, 2186, 1415, 1272, 2858, 3525, 2074, 1349, 2221, 1737, 1057, 1113, 1763, 2164, 1499, 957, 1333, 1277, 920, 877, 1159, 1378, 1035, 731, 953, 919, 754, 744, 1014, 1177, 964, 726, 919, 851, 746, 725, 851, 1081, 990, 686, 712, 673, 674, 661, 822, 1002, 916, 688, 619, 732, 737, 601, 857, 883, 856, 796, 704, 774, 915, 771, 790, 878, 944, 841, 670, 834, 885, 805, 851, 918, 839, 759, 716, 818, 864, 772, 941, 913, 764, 881, 782, 842, 883, 884, 818, 862, 868, 906, 806, 938, 933, 786, 1144, 1316, 1087, 1269, 1495, 1291, 954, 970, 1431, 1593, 1179, 1438, 1786, 1387, 964, 1041, 1204, 1302, 876, 1082, 1405, 1139, 827, 883, 945, 968, 814, 824, 990, 981, 786, 774, 1083, 1054, 902, 911, 925, 1158, 1055, 904, 1090, 1176, 1232, 1095, 932, 1259, 1289, 945, 1222, 1467, 1435, 1205, 844, 1366, 1433, 912, 1387, 1557, 1297, 1102, 1041, 1501, 1511, 986, 1056, 1176, 960, 847, 827, 1139, 1203, 906, 709, 855, 771, 621, 597, 739, 901, 765, 753, 884, 737, 658, 635, 777, 812, 734, 749, 709, 735, 819, 699, 743, 882, 784, 697, 672, 676, 650, 619, 655, 692, 668, 682, 607, 570, 674, 650, 613, 614, 639, 966, 788, 662, 682, 803, 876, 948, 952, 1615, 1418, 957, 836, 1033, 1286, 1503, 1538, 1968, 1826, 1248, 1062, 1179, 1643, 1957, 1897, 1750, 1568, 1153, 1068, 1129, 1412, 1752, 1779, 1383, 1135, 1109, 1294, 1012, 1144, 1543, 1556, 1128, 866, 1025, 1080, 818, 933, 1180, 1269, 878, 966, 1092, 936, 824, 921, 992, 924, 926, 1075, 1051, 798, 848, 1066, 1098, 930, 1059, 1146, 1092, 852, 869, 1054, 1194, 1103, 1382, 1192, 1198, 916, 1105, 1289, 1300, 1387, 1318, 1086, 935, 717, 961, 1276, 1408, 1367, 1102, 1310, 1270, 715, 832, 1245, 1888, 1786, 2374, 2468, 3585, 1932, 1053, 2325, 5450, 5739, 3695, 3482, 5308, 2896, 1248, 3470, 8081, 8598, 3517, 3650, 5133, 2708, 1233, 3656, 7952, 8160, 2997, 3341, 3810, 1945, 1281, 3275, 5833, 5384, 2075, 2441, 2564, 1587, 1496, 2350, 3402, 2800, 1769, 2134, 2070, 1748, 1285, 1926, 2518, 2155, 1983, 2045, 1985, 2056, 1213, 1484, 2354, 2156, 1739, 2138, 1871, 1424, 988, 1534, 2147, 1590, 1681, 1753, 1521, 1085, 1058, 1453, 1807, 1552, 2037, 1798, 1709, 1761, 1349, 1687, 2002, 2083, 2037, 1832, 1711, 1831, 1395, 1788, 2027, 1939, 1890, 1671, 1670, 1789, 1316, 1838, 2020, 1635, 1753, 1500, 1390, 1526, 1095, 1723, 1826, 1447, 1463, 1340, 1056, 949, 879, 1391, 1589, 1309, 1210, 1209, 976, 1015, 912, 1129, 1383, 1214, 1028, 991, 1010, 1024, 812, 916, 1139, 1048, 955, 913, 1086, 1057, 704, 935, 1086, 927, 863, 823, 981, 925, 612, 882, 987, 842, 703, 733, 806, 708, 552, 757, 890, 819, 552, 696, 743, 564, 507, 643, 745, 592, 503, 735, 806, 549, 543, 679, 743, 658, 660, 658, 652, 563, 536, 622, 609, 623, 624, 649, 590, 486, 516, 578, 507, 510]"
0.2325659692287445,0.062266044318675995,0.1340762972831726,0.232243612408638,0.06997941434383392,0.15850093960762024,0.27238112688064575,-0.5770016312599182,1.8819808959960938,17.75,-0.025396406650543213,-0.6335735321044922,19.5,-0.016527235507965088,-0.6422996520996094,30.25,0.09347909688949585,-0.5320072174072266,-31.0,1.4769267439842224,0.2682209014892578,17.75,"[583, 636, 584, 583, 644, 583, 582, 640, 569, 622, 577, 568, 567, 551, 592, 575, 453, 597, 622, 548, 507, 616, 633, 490, 492, 498, 605, 623, 578, 582, 616, 582, 514, 473, 551, 612, 561, 522, 530, 541, 414, 508, 504, 510, 428, 482, 577, 550, 601, 648, 643, 533, 547, 601, 573, 607, 497, 552, 585, 586, 598, 587, 570, 570, 415, 443, 506, 525, 494, 539, 519, 451, 536, 516, 613, 606, 475, 514, 528, 548, 493, 487, 525, 449, 477, 490, 513, 554, 491, 534, 543, 486, 568, 540, 592, 548, 546, 472, 576, 577, 604, 538, 529, 619, 469, 566, 643, 689, 629, 522, 531, 572, 600, 602, 576, 581, 501, 539, 535, 599, 541, 533, 542, 540, 469, 517, 577, 561, 483, 539, 473, 461, 494, 429, 569, 530, 613, 605, 536, 556, 570, 492, 563, 610, 646, 681, 631, 561, 486, 560, 488, 435, 599, 623, 572, 517, 612, 614, 545, 485, 629, 566, 615, 683, 595, 606, 603, 602, 556, 545, 666, 641, 501, 489, 623, 624, 625, 585, 541, 573, 576, 553, 548, 580, 573, 614, 484, 560, 586, 583, 635, 608, 574, 445, 483, 543, 505, 479, 482, 545, 589, 506, 545, 553, 558, 520, 503, 571, 561, 538, 610, 590, 637, 593, 590, 637, 481, 548, 567, 582, 673, 641, 605, 612, 518, 567, 556, 523, 599, 642, 516, 518, 505, 563, 652, 614, 529, 583, 535, 456, 693, 768, 611, 584, 598, 594, 622, 563, 2778, 5163, 4209, 1012, 2106, 2311, 2608, 1151, 9398, 17891, 14542, 2922, 6410, 6490, 8487, 3182, 12775, 24070, 19508, 4109, 7970, 8010, 11659, 4264, 7843, 14334, 11396, 2468, 4438, 4979, 7274, 2570, 2134, 3799, 3085, 997, 1305, 1883, 2260, 1012, 2542, 4579, 3926, 1287, 1930, 2172, 2119, 1117, 4720, 8349, 6935, 2097, 3022, 3861, 4311, 2000, 4519, 8693, 7627, 2517, 2785, 3757, 4448, 2420, 3282, 7121, 6691, 2517, 2025, 3306, 4094, 2461, 2761, 5750, 5282, 1980, 1883, 3215, 3603, 2180, 2866, 5787, 5387, 1879, 2946, 4380, 3373, 1517, 2844, 5993, 5890, 1943, 3844, 5441, 3407, 1019, 2062, 4234, 4022, 1409, 2873, 3864, 2431, 835, 1369, 2420, 2209, 946, 1617, 2056, 1364, 672, 1556, 2888, 2865, 1515, 1631, 2164, 1518, 980, 1786, 3148, 3069, 1782, 1659, 2177, 1722, 1241, 1449, 2279, 2322, 1531, 1261, 1459, 1599, 1211, 1624, 2609, 2132, 1133, 1178, 1422, 1624, 875, 2662, 4465, 3540, 1267, 1806, 2270, 2591, 1381, 3106, 5413, 4507, 1595, 2418, 3040, 3173, 1866, 2197, 3954, 3611, 1570, 1884, 2457, 2348, 1605, 1235, 1947, 1811, 1019, 1140, 1312, 1190, 988, 1766, 2310, 1622, 1130, 1824, 1537, 846, 984, 3756, 5007, 3280, 2126, 4076, 3340, 1421, 1474, 3997, 5224, 3184, 2403, 4455, 3437, 1370, 1520, 3391, 3852, 2288, 2242, 3186, 2483, 1499, 1392, 4207, 4809, 4625, 3166, 3525, 4728, 3133, 1907, 5352, 7120, 7121, 4638, 5015, 6591, 4124, 2927, 4523, 6713, 6476, 3963, 4217, 5170, 3341, 2592, 2955, 4686, 4136, 2177, 2641, 2932, 2225, 1602, 2179, 3412, 2751, 1212, 1693, 1725, 1719, 1104, 1585, 2228, 1709, 840, 1238, 1199, 1179, 884, 1116, 1492, 1188, 713, 1148, 1214, 875, 715, 949, 1258, 1104, 649, 894, 985, 764, 564, 750, 1097, 962, 570, 675, 800, 700, 472, 740, 974, 852, 641, 746, 712, 696, 688, 739, 898, 864, 659, 772, 796, 731, 635, 792, 941, 857, 700, 808, 832, 718, 599, 708, 929, 802, 679, 754, 794, 785, 663, 603, 759, 777, 667, 595, 665, 778, 680, 666, 704, 671, 633, 579, 664, 685, 644, 860, 951, 819, 716, 827, 874, 645, 645, 947, 1046, 918, 781, 1040, 1101, 752, 722, 932, 1004, 1033, 913, 997, 1104, 996, 843, 822, 954, 924, 849, 832, 984, 1082, 898, 784, 908, 855, 799, 792, 827, 863, 757, 958, 1087, 897, 795, 1075, 967, 693, 756, 1005, 1212, 1249, 910, 1144, 1354, 999, 748, 809, 997, 1010, 864, 875, 958, 825, 689, 730, 781, 701, 665, 641, 638, 658, 687, 686, 720, 691, 602, 600, 712, 622, 521, 638, 851, 797, 621, 572, 802, 843, 593, 858, 1029, 950, 682, 803, 1217, 1105, 702, 1503, 1440, 1190, 969, 981, 1716, 1393, 913, 2531, 2081, 1508, 1523, 1296, 2243, 1650, 1398, 2401, 1862, 1384, 1497, 1280, 2014, 1558, 1574, 1208, 985, 810, 922, 854, 1100, 894, 965, 687, 647, 676, 698, 644, 718, 702, 593, 701, 738, 687, 655, 645, 724, 646, 607, 621, 754, 739, 609, 572, 768, 726, 504, 652, 645, 604, 633, 688, 658, 602, 617, 648, 606, 603, 603, 577, 539, 484, 600, 629, 563, 485, 518, 512, 578, 523, 514, 747, 632, 514, 607, 629, 586, 533, 628, 767, 747, 711, 622, 663, 781, 748, 688, 819, 824, 680, 625, 737, 849, 813, 752, 801, 1030, 946, 665, 756, 995, 955, 751, 1229, 2113, 1848, 889, 935, 1402, 1670, 893, 1864, 3866, 3393, 1286, 1135, 2179, 2873, 1496, 1582, 3294, 2947, 1215, 962, 1940, 2556, 1402, 1047, 1971, 1800, 864, 719, 1392, 1779, 1060, 1011, 1268, 1159, 696, 887, 1206, 1341, 1067, 1558, 1393, 900, 682, 1223, 1421, 1368, 1427, 1562, 1335, 868, 811, 1187, 1296, 1321, 1486, 1289, 898, 991, 1031, 925, 991, 1348, 1559, 1084, 894, 1220, 1224, 844, 1004, 1337, 1366, 1062, 936, 1454, 1375, 784, 1043, 1175, 1318, 992, 1020, 1578, 1236, 743, 1027, 1241, 1366, 953, 1004, 1375, 1029, 900, 1141, 1291, 1318, 1068, 963, 1188, 909, 890, 1123, 1277, 1328, 1194, 892, 1113, 1038, 801, 888, 924, 1271, 919, 884, 1156, 1006, 680, 791, 921, 1007, 753, 1015, 1159, 898, 779, 1072, 1147, 949, 846, 1130, 1228, 821, 768, 1201, 1160, 877, 705, 1034, 1163, 933, 764, 1014, 1152, 888, 987, 851, 942, 1051, 888, 823, 1202, 1250, 1025, 1062, 985, 791, 966, 986, 1022, 1034, 928, 966, 867, 834, 768, 974, 920, 735, 1095, 1259, 936, 876, 886, 1120, 1081, 900, 901, 1144, 1137, 744, 780, 980, 900, 710, 811, 1078, 1051, 729, 655, 859, 830, 687, 622, 818, 776, 570, 663, 790, 716, 611, 552, 683, 718, 522, 567, 724, 760, 767, 531, 621, 708, 635, 513, 579, 698, 671, 533, 658, 715, 634, 451, 581, 740, 601, 527, 590, 635, 526, 461, 641, 728, 622, 509, 430, 526, 488, 524, 522, 593, 577]"
0.2325659692287445,0.062266044318675995,0.1340762972831726,0.232243612408638,0.06997941434383392,0.15850093960762024,0.27238112688064575,-0.1954842209815979,-0.7328510284423828,15.5,-0.1558590531349182,-0.7025241851806641,21.25,0.022954881191253662,-0.5530357360839844,25.75,0.08790010213851929,-0.48007965087890625,23.5,0.5581092238426208,-0.20928382873535156,16.75,"[602, 638, 646, 580, 621, 577, 643, 641, 556, 586, 584, 622, 687, 642, 648, 608, 508, 548, 524, 536, 566, 549, 497, 441, 543, 517, 559, 498, 470, 545, 541, 516, 484, 515, 464, 415, 455, 504, 522, 491, 601, 524, 498, 519, 509, 481, 530, 598, 644, 545, 606, 576, 539, 611, 600, 634, 593, 509, 506, 561, 510, 573, 505, 476, 546, 544, 488, 427, 415, 479, 422, 488, 493, 502, 493, 438, 466, 462, 466, 462, 427, 496, 596, 536, 484, 533, 571, 506, 507, 481, 478, 508, 528, 518, 507, 538, 557, 516, 481, 551, 536, 504, 566, 565, 566, 526, 555, 523, 526, 627, 611, 557, 474, 515, 467, 498, 544, 636, 639, 531, 547, 527, 499, 569, 499, 581, 582, 587, 473, 520, 521, 512, 511, 518, 503, 493, 496, 560, 628, 613, 540, 446, 506, 568, 518, 448, 573, 664, 564, 499, 520, 534, 609, 581, 563, 566, 597, 554, 491, 602, 718, 614, 590, 562, 610, 507, 475, 654, 664, 556, 537, 588, 584, 549, 524, 586, 573, 597, 628, 609, 579, 600, 528, 468, 459, 523, 632, 549, 471, 540, 534, 470, 513, 566, 708, 683, 488, 482, 611, 554, 583, 682, 638, 529, 411, 532, 619, 514, 545, 658, 637, 585, 478, 546, 694, 585, 549, 699, 701, 586, 597, 614, 581, 513, 1224, 2565, 2501, 959, 1281, 1848, 1189, 713, 3760, 8257, 7754, 2338, 3694, 4985, 2879, 1532, 5363, 11112, 10145, 3095, 4865, 6101, 3755, 2063, 3605, 6984, 6223, 2068, 3135, 3593, 2481, 1544, 2142, 3677, 3066, 949, 1934, 2177, 1437, 801, 2922, 4519, 3359, 773, 2594, 3138, 2390, 714, 4465, 7993, 6306, 1459, 3123, 4021, 4647, 1668, 3842, 7752, 6629, 1911, 2573, 3404, 4436, 2031, 2112, 4667, 4269, 1512, 1450, 2061, 2782, 1536, 1635, 2819, 2394, 1038, 1367, 1611, 1687, 971, 1677, 2566, 1880, 766, 1563, 1640, 1326, 690, 1130, 1829, 1611, 892, 1026, 1247, 1105, 777, 686, 1058, 1036, 636, 641, 815, 731, 588, 673, 1021, 952, 581, 643, 707, 757, 572, 1615, 2419, 1960, 1063, 1490, 1404, 1240, 903, 3372, 5449, 4107, 1391, 3140, 2977, 2097, 1020, 8710, 15446, 12106, 2230, 6987, 7156, 6450, 1834, 13990, 24930, 19508, 3229, 10468, 10622, 10744, 3122, 10171, 17775, 13766, 2433, 7537, 7380, 7423, 2327, 3006, 5381, 4293, 1121, 2459, 2556, 2378, 1097, 1049, 1501, 1279, 789, 1064, 1102, 855, 695, 861, 1120, 869, 670, 974, 949, 664, 610, 913, 1121, 930, 669, 886, 895, 593, 622, 1128, 1255, 826, 837, 1138, 1066, 789, 741, 1269, 1650, 1207, 960, 1460, 1387, 877, 778, 1439, 1964, 1452, 942, 1588, 1450, 891, 734, 1882, 2349, 1445, 1358, 2149, 1683, 862, 886, 3135, 3696, 2088, 2236, 3573, 2724, 1285, 1212, 3731, 4339, 2716, 2567, 4101, 3572, 1703, 1567, 2765, 3216, 2103, 1805, 3018, 2843, 1522, 1343, 1851, 2348, 1622, 1090, 1791, 1678, 1135, 976, 1402, 1669, 1422, 940, 1187, 1099, 932, 852, 1218, 1508, 1163, 824, 932, 879, 830, 789, 1245, 1680, 1394, 778, 1009, 921, 951, 787, 1172, 1563, 1250, 613, 1034, 1011, 840, 783, 871, 1037, 829, 558, 736, 751, 710, 769, 963, 1168, 960, 499, 864, 871, 679, 636, 1384, 2011, 1602, 737, 1356, 1326, 849, 686, 1631, 2185, 1609, 781, 1560, 1427, 851, 731, 1125, 1324, 998, 664, 1038, 946, 662, 623, 767, 870, 750, 625, 657, 687, 677, 563, 568, 728, 718, 655, 613, 670, 767, 574, 652, 685, 681, 658, 683, 714, 718, 628, 659, 637, 756, 764, 740, 746, 722, 702, 671, 788, 729, 718, 838, 751, 562, 537, 621, 709, 711, 658, 587, 614, 582, 597, 926, 1053, 858, 836, 1123, 1050, 735, 794, 1238, 1599, 1072, 1219, 1833, 1556, 894, 913, 1042, 1290, 968, 1045, 1514, 1331, 778, 734, 695, 750, 717, 726, 854, 918, 712, 614, 635, 617, 633, 656, 709, 793, 669, 531, 558, 621, 568, 618, 528, 616, 651, 553, 488, 632, 716, 692, 545, 638, 802, 662, 494, 674, 796, 685, 586, 658, 827, 734, 660, 612, 726, 730, 514, 568, 667, 671, 812, 675, 836, 814, 687, 902, 828, 724, 1015, 800, 885, 873, 859, 1048, 799, 676, 1085, 900, 992, 966, 908, 1140, 931, 811, 839, 815, 817, 840, 687, 878, 759, 586, 745, 761, 682, 729, 668, 856, 769, 610, 949, 943, 745, 741, 744, 987, 859, 694, 826, 885, 796, 747, 788, 874, 831, 636, 820, 773, 773, 764, 727, 835, 783, 697, 742, 760, 694, 609, 706, 730, 664, 638, 669, 593, 487, 557, 686, 759, 649, 598, 624, 698, 675, 551, 637, 745, 663, 570, 700, 830, 748, 613, 695, 830, 734, 553, 804, 791, 758, 675, 758, 800, 755, 665, 720, 751, 662, 513, 633, 684, 619, 681, 734, 639, 683, 718, 607, 583, 668, 696, 649, 596, 688, 712, 534, 693, 844, 687, 801, 840, 869, 760, 733, 779, 838, 711, 875, 914, 975, 829, 743, 801, 793, 738, 798, 729, 949, 955, 677, 737, 903, 809, 730, 807, 801, 756, 698, 802, 862, 706, 780, 862, 766, 671, 785, 961, 765, 701, 691, 804, 704, 525, 709, 872, 751, 665, 750, 693, 781, 730, 724, 776, 860, 879, 792, 817, 1026, 1070, 918, 1116, 1264, 1013, 893, 991, 1200, 1181, 899, 1042, 1163, 1106, 842, 929, 1268, 1217, 872, 928, 1226, 1162, 964, 1279, 1273, 1127, 913, 1366, 1638, 1150, 1175, 1113, 918, 879, 802, 1118, 1188, 1013, 893, 926, 841, 695, 770, 982, 863, 766, 833, 1178, 1129, 888, 774, 1239, 1291, 920, 1075, 1261, 1493, 1250, 824, 1419, 1552, 1107, 1009, 1178, 1177, 985, 695, 1174, 1525, 1348, 1078, 1618, 1444, 825, 795, 1407, 1860, 1452, 1249, 1586, 1276, 658, 852, 1264, 1328, 910, 1099, 1062, 935, 675, 730, 1005, 782, 819, 1120, 799, 852, 865, 736, 833, 854, 1129, 1034, 885, 1180, 1144, 730, 811, 1001, 1196, 845, 812, 1076, 970, 619, 751, 734, 843, 686, 717, 920, 793, 589, 798, 790, 753, 650, 695, 696, 669, 681, 689, 687, 655, 666, 875, 771, 765, 806, 715, 681, 656, 600, 759, 813, 749, 694, 676, 676, 712, 616, 680, 732, 648, 585, 670, 607, 531, 467, 561, 602, 534, 513, 610, 571, 408, 504, 472, 505, 556, 588, 596, 560, 463]"
0.08734264969825745,-0.28680485486984253,0.2920551300048828,-0.21301700174808502,-0.483517587184906,0.2778053283691406,-0.36717480421066284,-0.6611465215682983,-1.801443099975586,16.0,0.036084771156311035,-0.59051513671875,25.5,0.07985842227935791,-0.5581855773925781,29.5,0.09702455997467041,-0.6145477294921875,17.75,0.1267791986465454,-0.5258560180664062,25.75,"[461, 621, 646, 571, 608, 573, 650, 620, 449, 554, 623, 616, 600, 499, 643, 591, 505, 502, 575, 674, 589, 453, 589, 622, 508, 500, 536, 550, 538, 480, 534, 538, 537, 545, 499, 537, 597, 551, 507, 525, 470, 514, 504, 517, 560, 482, 510, 511, 498, 571, 508, 461, 597, 599, 548, 459, 575, 651, 525, 447, 521, 582, 515, 376, 535, 543, 585, 575, 471, 493, 518, 464, 553, 550, 642, 603, 561, 538, 557, 531, 519, 506, 454, 478, 528, 603, 499, 405, 535, 665, 585, 484, 455, 581, 572, 448, 581, 599, 657, 547, 535, 505, 582, 624, 534, 569, 648, 515, 503, 592, 601, 597, 533, 530, 565, 538, 458, 568, 548, 543, 604, 602, 595, 533, 517, 601, 629, 590, 459, 464, 525, 501, 446, 554, 702, 623, 558, 546, 588, 596, 456, 459, 598, 605, 463, 452, 504, 549, 496, 435, 447, 499, 500, 527, 584, 515, 549, 589, 518, 484, 584, 560, 545, 567, 564, 619, 574, 502, 688, 657, 564, 670, 647, 641, 662, 576, 632, 578, 502, 545, 532, 629, 691, 545, 554, 586, 592, 640, 552, 609, 676, 592, 563, 718, 663, 554, 572, 683, 678, 598, 602, 644, 601, 567, 636, 611, 649, 591, 529, 611, 654, 540, 604, 667, 589, 538, 1119, 1560, 1305, 912, 1397, 1358, 798, 631, 1657, 2550, 2027, 1198, 2193, 2155, 1121, 784, 1339, 1892, 1574, 971, 1552, 1560, 937, 717, 944, 2040, 2099, 1065, 1104, 1416, 1133, 923, 4128, 10887, 11068, 4121, 4113, 6203, 3950, 2542, 6982, 19363, 20058, 7650, 6521, 10197, 6163, 4600, 5196, 15668, 16750, 6996, 4570, 7339, 4954, 4391, 2438, 7065, 7688, 3570, 2004, 2797, 2739, 2602, 2048, 4492, 4349, 1806, 1493, 1949, 2168, 1527, 1554, 3877, 3948, 1643, 1358, 1883, 1769, 1352, 942, 2331, 2451, 1088, 886, 1232, 1191, 1059, 833, 1234, 1235, 631, 658, 844, 819, 705, 1994, 3258, 2441, 801, 2036, 2233, 1501, 779, 5474, 8956, 6497, 1237, 5768, 5783, 2846, 948, 6573, 10349, 7285, 1789, 6732, 6548, 3224, 1134, 3453, 5527, 4089, 1410, 3296, 3315, 1993, 1083, 1301, 1807, 1344, 828, 1211, 1277, 1062, 852, 898, 1032, 988, 833, 851, 1105, 959, 694, 931, 1273, 1201, 997, 1125, 1171, 1133, 720, 1373, 1886, 1239, 1237, 1861, 1619, 1120, 829, 1525, 2372, 1677, 1226, 2099, 1911, 1291, 887, 1349, 2320, 1883, 1118, 1504, 1652, 1515, 974, 1163, 2058, 1809, 1099, 1152, 1448, 1551, 1097, 940, 1499, 1367, 1179, 1276, 1405, 1230, 1018, 1065, 1349, 1035, 1064, 1695, 1632, 966, 919, 1579, 2093, 1363, 1051, 2097, 1966, 1061, 796, 2887, 3842, 2467, 1577, 3082, 2849, 1665, 850, 3416, 4553, 2966, 1828, 3653, 3411, 1935, 1003, 1842, 2403, 1837, 1152, 2044, 2145, 1255, 813, 1133, 1511, 1294, 854, 1302, 1374, 862, 654, 1058, 1242, 956, 800, 1083, 994, 740, 667, 918, 968, 721, 779, 987, 801, 657, 699, 596, 824, 749, 625, 752, 811, 690, 558, 569, 809, 777, 609, 693, 876, 799, 554, 598, 538, 592, 575, 558, 714, 705, 605, 612, 618, 572, 540, 703, 740, 572, 519, 611, 699, 580, 620, 739, 699, 651, 538, 713, 754, 690, 643, 677, 649, 599, 628, 851, 805, 655, 631, 703, 634, 616, 706, 691, 779, 675, 647, 764, 723, 626, 601, 613, 788, 674, 576, 655, 639, 550, 470, 607, 651, 606, 621, 627, 544, 567, 534, 691, 676, 602, 686, 666, 629, 641, 657, 893, 784, 632, 774, 841, 698, 617, 742, 785, 872, 798, 779, 766, 729, 645, 638, 684, 824, 790, 764, 717, 694, 695, 609, 788, 944, 817, 776, 844, 809, 704, 624, 615, 678, 620, 543, 659, 764, 715, 613, 552, 695, 707, 617, 667, 755, 807, 656, 598, 613, 627, 598, 681, 657, 725, 724, 622, 635, 619, 595, 625, 515, 606, 732, 613, 710, 710, 633, 640, 660, 672, 706, 717, 790, 716, 676, 717, 660, 667, 660, 664, 693, 610, 614, 701, 679, 594, 600, 761, 735, 592, 591, 675, 660, 555, 509, 737, 788, 678, 693, 765, 718, 518, 535, 621, 692, 610, 731, 882, 803, 608, 573, 610, 671, 550, 818, 937, 821, 630, 569, 682, 776, 728, 875, 958, 815, 703, 655, 700, 677, 641, 731, 795, 728, 693, 611, 629, 675, 707, 607, 613, 674, 718, 626, 578, 599, 593, 529, 563, 619, 621, 562, 506, 566, 629, 545, 570, 691, 693, 615, 586, 602, 587, 587, 531, 552, 632, 573, 586, 550, 465, 486, 601, 588, 528, 547, 501, 500, 525, 478, 458, 522, 543, 568, 685, 638, 575, 582, 534, 584, 696, 662, 673, 612, 587, 554, 661, 791, 769, 649, 720, 696, 716, 617, 813, 988, 876, 737, 824, 764, 632, 658, 838, 932, 891, 826, 996, 949, 619, 621, 1035, 1110, 808, 784, 1085, 1021, 708, 773, 1034, 976, 793, 803, 918, 760, 681, 787, 732, 733, 723, 729, 684, 665, 643, 686, 674, 739, 660, 613, 661, 594, 626, 744, 725, 670, 585, 610, 590, 696, 729, 741, 637, 648, 650, 546, 722, 737, 749, 748, 717, 837, 747, 644, 655, 725, 799, 689, 783, 985, 764, 638, 781, 788, 819, 815, 825, 1159, 1254, 948, 1024, 1803, 2123, 1665, 1365, 1976, 2625, 2105, 1175, 1902, 2288, 1822, 1389, 1848, 2521, 2251, 974, 1095, 1304, 1025, 813, 926, 1271, 1323, 1135, 1146, 1509, 1559, 1280, 1379, 1330, 1221, 1291, 1130, 1520, 1647, 1225, 1135, 1236, 1376, 1209, 1072, 1226, 1369, 946, 1182, 1374, 1207, 844, 994, 1025, 759, 667, 904, 975, 921, 880, 1355, 1241, 756, 835, 1242, 1347, 970, 1012, 1592, 1313, 926, 1075, 1530, 1747, 1140, 1023, 1609, 1281, 1021, 1109, 1436, 1721, 1268, 1334, 1776, 1278, 930, 1445, 1591, 1644, 1194, 1103, 1498, 1372, 834, 1105, 1453, 1193, 826, 564, 892, 1051, 767, 567, 792, 760, 567, 804, 1015, 876, 588, 641, 680, 739, 614, 868, 1036, 775, 505, 656, 690, 747, 691, 648, 657, 651, 619, 642, 621, 802, 818, 500, 567, 607, 568, 557, 613, 748, 639, 601, 709, 596, 544, 551, 634, 602, 467, 492, 600, 577, 517, 508, 505, 531, 447, 507, 585, 548, 501, 545, 540, 440, 412, 585, 639, 636, 648, 619, 650, 535, 421, 493, 538, 508, 572, 523, 523, 490, 471]"
0.0682147741317749,-0.47254809737205505,0.279145747423172,-0.297240287065506,-0.7680805325508118,0.15766645967960358,-0.4931855797767639,-0.2514411211013794,0.8749008178710938,18.5,1.7329643964767456,1.975393295288086,19.0,1.9272278547286987,1.8480777740478516,17.25,2.1935890913009644,0.9932041168212891,15.75,2.7178715467453003,0.0,16.0,"[563, 583, 510, 588, 705, 587, 511, 578, 514, 545, 604, 711, 625, 578, 634, 600, 506, 551, 585, 535, 557, 578, 587, 590, 515, 523, 553, 533, 528, 540, 514, 502, 515, 435, 462, 489, 483, 555, 500, 502, 467, 455, 500, 597, 603, 547, 545, 507, 590, 530, 491, 594, 558, 548, 595, 536, 534, 547, 509, 531, 510, 512, 585, 556, 542, 548, 524, 467, 445, 489, 551, 567, 460, 448, 511, 552, 451, 489, 538, 547, 447, 420, 564, 614, 523, 424, 429, 476, 472, 491, 620, 590, 473, 428, 513, 518, 527, 549, 626, 657, 545, 468, 532, 595, 578, 569, 488, 538, 558, 480, 463, 491, 520, 505, 499, 548, 560, 482, 496, 567, 517, 492, 579, 591, 470, 465, 459, 480, 427, 525, 578, 534, 521, 476, 516, 517, 589, 622, 582, 615, 644, 563, 586, 615, 716, 727, 546, 504, 634, 656, 548, 555, 622, 687, 591, 702, 705, 584, 602, 467, 536, 557, 559, 638, 481, 503, 618, 548, 513, 463, 589, 610, 506, 559, 605, 579, 549, 530, 637, 595, 542, 523, 614, 654, 524, 601, 635, 584, 510, 478, 596, 564, 575, 610, 634, 595, 559, 505, 613, 619, 646, 762, 809, 759, 901, 905, 718, 703, 1320, 1917, 1602, 1050, 2608, 2704, 1267, 998, 1932, 3405, 2872, 1287, 4250, 4548, 2058, 1227, 1333, 2337, 2093, 813, 2673, 2958, 1476, 860, 781, 942, 1050, 1035, 1474, 1429, 1039, 835, 2147, 2663, 1692, 2396, 4212, 3464, 1479, 1290, 3887, 5912, 3670, 2707, 6790, 6082, 2126, 1289, 3077, 5154, 3731, 1424, 4919, 4755, 1813, 927, 1330, 2686, 2741, 1238, 1893, 2204, 1281, 790, 946, 1993, 2209, 1207, 948, 1528, 1206, 820, 761, 1059, 1257, 953, 691, 761, 831, 782, 1035, 1189, 744, 810, 1089, 934, 680, 630, 2059, 2643, 1722, 1709, 2339, 1787, 981, 889, 2237, 3149, 2095, 1988, 3001, 2377, 1021, 993, 1252, 1664, 1266, 1320, 1786, 1285, 647, 827, 722, 927, 865, 760, 852, 732, 674, 653, 938, 1281, 1014, 667, 818, 962, 981, 661, 1342, 2269, 2065, 1040, 1057, 1440, 1549, 1016, 1347, 3073, 2950, 1331, 1491, 1926, 2035, 1449, 1273, 2108, 1787, 1352, 2263, 1885, 1276, 1117, 1510, 2255, 1672, 1505, 2597, 2465, 1413, 967, 1955, 2649, 1733, 1955, 3097, 2689, 1436, 1471, 2675, 3219, 1790, 2353, 4059, 3272, 1246, 1632, 2298, 2645, 1515, 1940, 3353, 2823, 1101, 1423, 1675, 1761, 1026, 1929, 2921, 2358, 967, 1256, 1576, 1746, 951, 2407, 3560, 2654, 940, 1340, 1184, 1405, 916, 1804, 2789, 2255, 930, 925, 1535, 1779, 1098, 1475, 2233, 1908, 953, 933, 1251, 1578, 1179, 1164, 1757, 1746, 973, 793, 880, 1063, 914, 910, 1419, 1324, 800, 731, 795, 939, 806, 747, 1125, 1048, 703, 671, 754, 834, 667, 681, 892, 832, 660, 620, 723, 850, 729, 656, 915, 829, 584, 633, 788, 907, 834, 833, 943, 695, 592, 644, 734, 704, 727, 737, 754, 678, 536, 577, 689, 728, 603, 686, 725, 673, 480, 519, 678, 664, 619, 710, 785, 724, 546, 542, 635, 553, 628, 731, 819, 687, 584, 597, 611, 444, 616, 746, 659, 578, 600, 720, 582, 560, 730, 707, 623, 603, 602, 656, 594, 604, 616, 602, 621, 549, 427, 497, 616, 662, 620, 666, 666, 633, 497, 477, 568, 616, 643, 635, 664, 652, 527, 537, 621, 618, 539, 636, 655, 596, 548, 569, 720, 759, 587, 565, 798, 746, 567, 629, 773, 764, 554, 586, 789, 778, 583, 594, 714, 748, 614, 729, 768, 674, 614, 636, 735, 769, 631, 666, 763, 633, 600, 698, 864, 837, 701, 699, 791, 645, 595, 715, 779, 690, 632, 693, 694, 662, 675, 692, 712, 624, 626, 746, 682, 647, 692, 756, 620, 622, 667, 636, 558, 559, 635, 686, 554, 635, 626, 634, 599, 633, 637, 623, 562, 600, 536, 641, 664, 597, 617, 603, 661, 709, 540, 594, 705, 659, 580, 598, 643, 633, 650, 758, 673, 583, 617, 566, 604, 607, 706, 683, 541, 535, 618, 668, 678, 677, 714, 706, 633, 602, 624, 669, 654, 585, 747, 861, 813, 579, 608, 623, 626, 667, 858, 916, 746, 658, 616, 572, 641, 742, 748, 769, 707, 736, 769, 592, 640, 669, 695, 706, 538, 747, 854, 715, 713, 598, 576, 697, 619, 639, 694, 677, 587, 591, 595, 601, 558, 600, 572, 550, 588, 657, 596, 588, 626, 643, 709, 658, 763, 649, 604, 661, 752, 669, 655, 730, 689, 640, 590, 633, 754, 646, 602, 695, 622, 661, 560, 550, 615, 582, 509, 517, 589, 645, 620, 577, 522, 552, 548, 531, 624, 766, 808, 580, 672, 723, 646, 544, 834, 963, 841, 789, 1058, 1231, 1000, 644, 979, 1110, 905, 922, 1180, 1334, 1060, 749, 991, 1001, 758, 918, 1061, 1072, 834, 707, 884, 822, 628, 810, 831, 810, 729, 734, 914, 835, 606, 653, 843, 963, 841, 793, 827, 766, 598, 679, 763, 763, 667, 669, 677, 611, 676, 827, 756, 643, 654, 673, 771, 746, 875, 958, 778, 668, 769, 642, 816, 912, 1018, 1071, 845, 832, 907, 765, 722, 809, 768, 831, 801, 823, 836, 686, 830, 1659, 1782, 1198, 918, 1380, 1897, 1515, 2112, 4738, 5923, 4001, 2361, 3725, 5819, 5176, 3091, 5854, 7804, 5529, 3066, 4471, 7378, 6993, 2157, 3341, 4731, 3457, 1871, 2556, 4389, 4397, 1124, 1969, 2673, 1789, 935, 1521, 2723, 2636, 679, 976, 1212, 928, 581, 745, 1143, 992, 824, 1048, 848, 642, 702, 1019, 1291, 949, 784, 1135, 924, 686, 694, 1122, 1428, 897, 759, 1088, 870, 576, 736, 906, 955, 634, 814, 1027, 783, 637, 834, 870, 792, 651, 770, 640, 940, 999, 905, 884, 1069, 1056, 557, 1039, 1470, 1091, 694, 880, 1321, 1220, 564, 990, 1123, 806, 598, 745, 979, 958, 597, 649, 691, 489, 493, 649, 605, 572, 695, 655, 775, 666, 571, 603, 581, 645, 618, 693, 802, 712, 508, 592, 595, 543, 659, 806, 760, 625, 495, 597, 614, 517, 576, 733, 662, 516, 463, 606, 675, 527, 538, 508, 511, 516, 469, 534, 588, 620, 543, 499, 528, 517, 477, 552, 516, 515, 503, 477, 450, 457, 469, 507, 403, 454, 463, 438, 566, 455, 420, 543, 520, 519, 487, 428, 450, 453, 411, 452, 422, 446]"
0.11979212611913681,-0.7818955779075623,-0.26732927560806274,-0.2190994769334793,-0.9158027172088623,-1.1211978197097778,-0.3447127938270569,-0.33216768503189087,0.7511615753173828,23.75,-0.2842455506324768,0.7166862487792969,18.0,-0.04477792978286743,0.5410194396972656,21.75,-0.006011068820953369,-0.35834312438964844,18.0,0.014874398708343506,-0.19083023071289062,24.75,"[501, 550, 612, 596, 501, 595, 615, 549, 497, 508, 603, 655, 579, 569, 635, 581, 535, 528, 581, 587, 523, 621, 587, 507, 523, 510, 467, 552, 559, 513, 563, 498, 474, 451, 436, 498, 555, 546, 426, 428, 508, 475, 495, 546, 545, 515, 538, 567, 457, 498, 599, 587, 515, 530, 582, 545, 529, 488, 561, 576, 547, 463, 494, 517, 544, 455, 534, 568, 553, 472, 515, 615, 546, 543, 622, 582, 558, 546, 552, 574, 518, 549, 580, 521, 549, 573, 549, 547, 460, 486, 576, 600, 561, 534, 522, 537, 606, 563, 592, 600, 656, 645, 578, 551, 585, 586, 614, 623, 648, 693, 579, 546, 497, 549, 644, 584, 496, 535, 504, 498, 560, 614, 667, 545, 519, 565, 545, 536, 522, 551, 552, 563, 510, 527, 551, 499, 576, 559, 583, 635, 540, 575, 581, 484, 513, 483, 572, 585, 565, 672, 670, 557, 545, 530, 529, 571, 566, 548, 546, 544, 531, 583, 525, 588, 606, 582, 556, 582, 686, 856, 911, 837, 940, 963, 769, 612, 2040, 4329, 4248, 1737, 3522, 4566, 2707, 766, 3767, 8238, 7690, 1572, 6933, 9152, 5198, 878, 2844, 6027, 5458, 902, 5643, 7199, 3983, 876, 1738, 2770, 2371, 1118, 2208, 2763, 1910, 1059, 4836, 8889, 7358, 2296, 6281, 7619, 4876, 2036, 9589, 18575, 15524, 2815, 13253, 15770, 8747, 2211, 8145, 15783, 13249, 2264, 11613, 13544, 6900, 1404, 3574, 7324, 6673, 1738, 5017, 6030, 3203, 869, 1816, 3591, 3254, 1031, 2324, 2794, 1606, 713, 884, 1257, 1162, 869, 1034, 1151, 866, 658, 693, 843, 778, 685, 768, 806, 662, 540, 757, 986, 868, 650, 678, 679, 500, 512, 805, 887, 830, 719, 712, 742, 743, 744, 674, 944, 968, 726, 866, 865, 677, 738, 792, 1169, 1118, 663, 1218, 1187, 736, 615, 726, 1130, 1039, 579, 1099, 1218, 780, 576, 686, 826, 743, 610, 766, 800, 693, 633, 634, 652, 627, 593, 659, 667, 595, 557, 734, 794, 706, 676, 711, 743, 627, 632, 802, 956, 849, 617, 707, 765, 615, 607, 726, 888, 804, 708, 693, 660, 688, 636, 728, 751, 589, 692, 761, 592, 575, 638, 763, 886, 776, 612, 883, 909, 653, 628, 792, 1021, 1123, 698, 1025, 1401, 980, 619, 657, 737, 845, 761, 951, 1124, 762, 554, 594, 708, 818, 712, 649, 814, 720, 567, 615, 730, 792, 709, 691, 652, 615, 578, 1090, 969, 780, 1137, 1409, 1001, 756, 948, 1554, 1741, 1058, 1536, 2492, 2010, 1001, 1126, 1505, 1840, 1213, 1136, 2304, 2204, 1122, 903, 975, 1141, 1007, 959, 1393, 1393, 967, 765, 879, 1112, 859, 1046, 1399, 1164, 722, 702, 1051, 1276, 872, 969, 1499, 1237, 683, 685, 1044, 1237, 855, 935, 1464, 1219, 727, 816, 832, 829, 712, 803, 952, 864, 667, 677, 815, 851, 641, 775, 930, 784, 650, 638, 759, 834, 680, 755, 849, 797, 692, 632, 635, 646, 771, 819, 747, 850, 739, 669, 703, 838, 880, 751, 823, 992, 869, 629, 714, 741, 647, 638, 778, 836, 752, 687, 537, 437, 512, 593, 595, 646, 565, 546, 519, 591, 597, 564, 575, 588, 510, 496, 573, 594, 611, 616, 638, 601, 584, 551, 559, 663, 616, 653, 796, 651, 539, 537, 536, 725, 776, 675, 767, 743, 629, 583, 666, 813, 761, 713, 884, 801, 656, 666, 723, 793, 664, 633, 889, 788, 575, 656, 738, 803, 716, 620, 845, 764, 640, 676, 713, 662, 678, 674, 782, 713, 640, 710, 580, 586, 580, 604, 641, 620, 534, 541, 550, 643, 628, 589, 575, 588, 563, 506, 594, 588, 633, 609, 782, 779, 671, 628, 633, 603, 682, 653, 687, 731, 614, 647, 632, 660, 705, 690, 711, 701, 677, 669, 564, 634, 582, 568, 662, 643, 594, 537, 562, 664, 596, 531, 546, 576, 651, 582, 627, 652, 704, 744, 724, 666, 698, 681, 627, 742, 714, 655, 723, 692, 648, 580, 638, 741, 629, 534, 674, 709, 651, 620, 752, 751, 759, 648, 677, 746, 833, 789, 803, 753, 660, 586, 871, 1097, 950, 673, 769, 788, 711, 669, 902, 1218, 1029, 640, 819, 956, 879, 699, 800, 1187, 1035, 558, 773, 933, 1048, 776, 752, 1132, 1034, 618, 823, 859, 865, 644, 728, 970, 893, 622, 807, 648, 597, 662, 743, 771, 712, 641, 776, 650, 644, 802, 789, 617, 534, 646, 685, 725, 645, 541, 716, 693, 574, 588, 688, 702, 729, 608, 700, 678, 767, 757, 596, 655, 650, 572, 623, 709, 673, 637, 591, 657, 631, 609, 656, 696, 706, 626, 660, 673, 623, 635, 580, 676, 741, 707, 772, 802, 684, 609, 762, 740, 790, 796, 925, 974, 776, 703, 867, 822, 670, 733, 729, 737, 867, 762, 576, 701, 640, 673, 706, 723, 832, 898, 692, 692, 742, 732, 747, 753, 640, 674, 732, 681, 672, 653, 681, 650, 535, 533, 606, 625, 604, 630, 510, 471, 395, 481, 583, 547, 549, 566, 741, 682, 495, 631, 616, 565, 552, 588, 738, 763, 801, 867, 707, 635, 717, 771, 734, 771, 915, 935, 782, 807, 859, 846, 736, 850, 789, 725, 725, 745, 810, 750, 724, 777, 759, 650, 627, 705, 714, 689, 711, 788, 738, 671, 648, 733, 709, 700, 704, 658, 718, 837, 728, 746, 717, 719, 795, 735, 772, 829, 723, 824, 728, 676, 811, 863, 888, 906, 760, 727, 796, 744, 773, 792, 809, 810, 780, 629, 705, 763, 611, 773, 785, 760, 657, 697, 788, 699, 654, 904, 1083, 839, 711, 793, 893, 848, 777, 877, 970, 966, 839, 817, 900, 884, 970, 1162, 1122, 1098, 993, 1002, 920, 738, 1123, 1122, 1021, 1097, 873, 961, 804, 774, 785, 964, 1020, 949, 793, 862, 839, 681, 839, 1112, 1020, 915, 993, 1149, 1026, 658, 819, 1109, 862, 766, 1005, 1120, 1011, 595, 634, 745, 670, 699, 816, 783, 636, 567, 605, 634, 623, 695, 730, 680, 610, 565, 593, 668, 640, 575, 570, 641, 617, 556, 437, 614, 745, 615, 517, 630, 664, 532, 481, 618, 709, 630, 470, 567, 574, 485, 510, 538, 479, 585, 524, 465, 470, 447, 542, 461, 377, 523, 606, 574, 443, 455, 599, 597, 437, 503, 624, 597, 531, 498, 621, 588, 627, 533, 519, 588, 571, 573]"
-0.1717340350151062,-0.905261754989624,-0.337708443403244,-0.9979010820388794,-0.8097308874130249,-0.9481182098388672,-1.2929840087890625,-0.16932767629623413,-0.5383014678955078,16.5,-0.10423940420150757,-0.4666328430175781,19.75,-0.0814942717552185,-0.4753589630126953,20.75,-0.06261152029037476,-0.35033226013183594,17.0,-0.03185552358627319,-0.46520233154296875,17.0,"[606, 695, 601, 622, 699, 627, 598, 698, 566, 555, 581, 628, 681, 649, 639, 655, 628, 608, 595, 610, 628, 633, 588, 616, 594, 516, 518, 555, 544, 598, 528, 569, 533, 502, 436, 439, 464, 511, 432, 498, 568, 467, 434, 526, 522, 460, 369, 464, 526, 510, 498, 530, 516, 489, 466, 483, 557, 485, 519, 519, 479, 517, 517, 520, 471, 475, 488, 508, 522, 510, 454, 470, 570, 536, 442, 445, 571, 509, 498, 585, 613, 623, 560, 498, 524, 450, 546, 597, 572, 506, 477, 498, 516, 439, 513, 575, 510, 503, 433, 496, 553, 473, 461, 435, 506, 451, 461, 483, 535, 565, 502, 562, 419, 393, 488, 489, 520, 573, 515, 485, 457, 558, 551, 544, 517, 520, 562, 502, 455, 580, 564, 500, 464, 497, 540, 490, 561, 607, 496, 532, 497, 482, 483, 503, 601, 562, 583, 614, 605, 498, 545, 624, 612, 624, 587, 555, 587, 544, 564, 647, 602, 572, 620, 605, 612, 677, 825, 836, 1035, 996, 1164, 1053, 1349, 2296, 2404, 1661, 1556, 1793, 2425, 1772, 2435, 4844, 4711, 2266, 1715, 2368, 2931, 1875, 2962, 5459, 4956, 2140, 1492, 2409, 2634, 1489, 2312, 3682, 3242, 1643, 1772, 3589, 3831, 1678, 2080, 3250, 2629, 1268, 1651, 3912, 4251, 2328, 1630, 3165, 3235, 1717, 1141, 2491, 3098, 2233, 974, 2883, 3245, 1751, 1135, 2081, 2429, 1748, 1524, 2674, 2499, 1296, 1051, 1667, 1682, 1135, 1546, 2044, 1658, 1025, 903, 1704, 1855, 1279, 1440, 2053, 1715, 955, 901, 1406, 1661, 1389, 1423, 1878, 1526, 1069, 1046, 1347, 1215, 1024, 1454, 1555, 1021, 951, 990, 1417, 1237, 819, 1088, 1371, 1027, 797, 883, 1191, 1120, 673, 810, 1134, 960, 703, 932, 1439, 1288, 678, 1068, 1156, 992, 778, 873, 1530, 1317, 535, 1092, 1185, 854, 610, 647, 952, 859, 601, 738, 803, 727, 577, 752, 892, 869, 713, 614, 792, 698, 568, 1027, 1080, 1003, 749, 767, 1090, 919, 738, 1019, 1235, 1270, 809, 932, 1448, 1017, 650, 909, 1093, 1278, 813, 811, 1252, 944, 731, 716, 897, 975, 755, 701, 807, 733, 653, 646, 822, 827, 683, 676, 785, 774, 621, 821, 973, 910, 708, 627, 813, 758, 643, 706, 785, 751, 633, 605, 734, 672, 613, 547, 566, 613, 574, 585, 668, 681, 677, 673, 689, 675, 646, 654, 707, 660, 655, 602, 600, 594, 595, 658, 716, 594, 544, 683, 585, 679, 753, 627, 646, 703, 671, 726, 686, 636, 668, 614, 551, 570, 643, 771, 804, 723, 699, 745, 635, 517, 623, 768, 865, 975, 868, 831, 846, 797, 765, 995, 1124, 1123, 1003, 889, 997, 901, 858, 1078, 1315, 1152, 926, 1110, 1326, 993, 759, 1101, 1493, 1316, 832, 1015, 1403, 1086, 724, 1275, 1459, 1460, 1589, 1462, 1283, 1137, 871, 1475, 1414, 1136, 1750, 2018, 1587, 938, 1000, 1107, 1025, 873, 1103, 1489, 1309, 798, 876, 783, 981, 949, 692, 842, 906, 697, 637, 715, 956, 870, 618, 766, 940, 833, 620, 738, 914, 841, 653, 745, 899, 862, 639, 675, 777, 856, 748, 698, 746, 832, 764, 534, 633, 731, 707, 635, 601, 813, 737, 568, 624, 643, 618, 685, 647, 633, 614, 518, 585, 635, 640, 617, 602, 611, 530, 672, 703, 665, 666, 681, 636, 649, 573, 580, 656, 583, 605, 680, 583, 498, 502, 568, 681, 570, 500, 643, 624, 597, 509, 649, 700, 549, 535, 674, 749, 562, 485, 627, 732, 706, 637, 612, 674, 621, 594, 524, 731, 761, 569, 573, 629, 673, 569, 553, 693, 690, 611, 651, 722, 634, 549, 570, 663, 633, 656, 718, 666, 629, 563, 638, 593, 666, 655, 703, 668, 637, 633, 691, 701, 690, 677, 640, 595, 535, 614, 693, 651, 639, 567, 609, 568, 516, 641, 643, 628, 651, 603, 629, 685, 580, 577, 651, 676, 675, 592, 833, 882, 571, 588, 582, 696, 660, 520, 687, 795, 675, 551, 613, 712, 650, 572, 756, 800, 730, 614, 758, 906, 733, 578, 845, 820, 668, 702, 585, 719, 669, 557, 592, 637, 668, 623, 622, 659, 660, 643, 676, 677, 599, 612, 629, 673, 658, 680, 707, 757, 685, 529, 645, 649, 733, 681, 663, 706, 669, 602, 605, 668, 668, 693, 625, 574, 649, 648, 545, 626, 649, 615, 605, 555, 638, 644, 643, 638, 628, 649, 640, 630, 577, 618, 694, 635, 616, 568, 619, 755, 726, 654, 594, 529, 571, 620, 620, 614, 618, 648, 574, 558, 570, 647, 648, 525, 560, 613, 670, 558, 575, 661, 635, 616, 676, 585, 711, 560, 629, 765, 682, 639, 724, 783, 705, 685, 779, 711, 712, 728, 781, 771, 639, 643, 703, 652, 619, 751, 753, 661, 720, 671, 570, 615, 724, 730, 637, 628, 640, 576, 545, 602, 743, 716, 622, 656, 606, 728, 631, 525, 671, 696, 641, 575, 652, 672, 589, 556, 674, 650, 586, 570, 663, 594, 552, 650, 684, 671, 560, 588, 732, 578, 578, 706, 707, 699, 679, 749, 648, 588, 615, 781, 723, 643, 651, 758, 697, 652, 580, 788, 806, 632, 561, 635, 719, 701, 700, 753, 753, 672, 587, 663, 650, 619, 666, 710, 758, 600, 672, 751, 614, 547, 532, 608, 760, 702, 676, 755, 699, 630, 697, 693, 721, 692, 657, 701, 835, 682, 852, 949, 777, 594, 619, 797, 948, 719, 973, 1109, 738, 635, 694, 869, 868, 805, 932, 1005, 739, 792, 802, 864, 672, 707, 696, 798, 756, 785, 727, 669, 578, 603, 756, 770, 605, 696, 863, 711, 693, 556, 839, 1047, 748, 770, 971, 812, 835, 706, 755, 986, 915, 857, 856, 779, 900, 819, 699, 809, 1004, 965, 688, 651, 772, 831, 828, 932, 1127, 1034, 694, 719, 683, 750, 740, 916, 1028, 942, 734, 684, 568, 645, 748, 782, 690, 679, 733, 589, 657, 719, 813, 729, 574, 636, 738, 733, 676, 840, 736, 578, 502, 592, 676, 615, 717, 809, 633, 492, 474, 598, 704, 622, 578, 566, 439, 489, 493, 497, 571, 538, 516, 554, 495, 506, 540, 498, 457, 453, 578, 533, 512, 529, 563, 523, 476, 558, 459, 524, 473, 460, 459, 509, 528, 442, 463, 518, 548, 468, 439, 491, 517, 477, 484, 627, 642, 527, 424, 565, 597, 434]"
-0.28878164291381836,-0.5811266899108887,-0.18495965003967285,-1.1435902118682861,-0.24365019798278809,-0.603804349899292,-1.2935895919799805,-0.7631107568740845,0.8876323699951172,24.75,-0.0009342432022094727,-0.2094268798828125,20.75,0.027389883995056152,-0.1526355743408203,27.0,0.0325397253036499,-0.09312629699707031,28.25,0.15184438228607178,-0.28781890869140625,15.5,"[572, 517, 564, 659, 667, 658, 565, 518, 502, 470, 579, 759, 707, 645, 658, 571, 513, 439, 492, 578, 620, 606, 572, 568, 546, 625, 540, 480, 563, 541, 519, 486, 574, 663, 520, 489, 492, 483, 477, 379, 504, 606, 604, 535, 486, 477, 509, 481, 543, 605, 620, 553, 475, 455, 482, 539, 550, 558, 589, 536, 482, 523, 562, 581, 489, 532, 473, 412, 485, 517, 539, 431, 481, 512, 506, 449, 469, 557, 551, 486, 430, 474, 492, 476, 436, 483, 539, 509, 491, 509, 543, 494, 496, 520, 503, 485, 595, 612, 497, 450, 533, 587, 530, 518, 522, 574, 528, 486, 558, 603, 570, 510, 602, 558, 668, 585, 503, 614, 670, 612, 571, 565, 569, 526, 638, 631, 613, 567, 604, 517, 596, 597, 616, 599, 562, 611, 595, 573, 548, 601, 540, 538, 581, 581, 635, 551, 452, 559, 583, 570, 587, 622, 604, 623, 558, 567, 621, 625, 636, 557, 544, 495, 472, 579, 544, 579, 567, 493, 636, 528, 538, 602, 671, 622, 557, 591, 548, 550, 565, 610, 632, 509, 531, 626, 640, 663, 667, 551, 540, 607, 687, 799, 768, 1609, 1866, 1076, 862, 1672, 1890, 1480, 1517, 4858, 6057, 3387, 2112, 4785, 4653, 2927, 3068, 9887, 12201, 6858, 4139, 9479, 8562, 4367, 4030, 12011, 13753, 6805, 5697, 11595, 9816, 4358, 3303, 8669, 9390, 4200, 5040, 8887, 7207, 3004, 1946, 4265, 4812, 2695, 3040, 5440, 4766, 2118, 1187, 2254, 2365, 1344, 1956, 3116, 2631, 1332, 956, 1216, 1282, 900, 1104, 1505, 1213, 796, 797, 1293, 1572, 1014, 925, 1417, 1197, 791, 802, 2195, 2583, 1364, 1058, 1927, 1716, 1085, 1286, 3431, 3742, 1714, 1449, 2693, 2247, 1243, 2233, 5002, 4922, 1890, 2151, 3433, 2744, 1420, 2389, 4546, 4062, 1282, 2053, 2868, 2347, 1132, 1492, 2278, 1799, 965, 1288, 1412, 1366, 805, 908, 1127, 978, 828, 952, 947, 871, 714, 612, 942, 952, 645, 768, 891, 796, 665, 637, 774, 820, 641, 659, 720, 713, 628, 698, 873, 800, 624, 666, 765, 759, 622, 643, 797, 837, 622, 630, 725, 645, 637, 519, 706, 881, 752, 568, 687, 738, 654, 568, 742, 841, 696, 558, 821, 854, 655, 592, 745, 776, 692, 669, 772, 763, 661, 664, 671, 780, 756, 622, 659, 681, 657, 625, 806, 861, 792, 716, 846, 808, 623, 555, 740, 769, 707, 598, 704, 777, 624, 696, 741, 808, 873, 829, 738, 702, 763, 712, 690, 732, 836, 833, 820, 770, 737, 661, 688, 716, 658, 704, 773, 696, 602, 716, 641, 582, 641, 686, 701, 601, 626, 861, 796, 751, 856, 857, 914, 787, 698, 931, 982, 958, 956, 1103, 1115, 928, 732, 1047, 1052, 987, 1048, 1266, 1206, 1019, 913, 1203, 1048, 907, 1299, 1449, 1173, 891, 1068, 1014, 958, 886, 1003, 1252, 1189, 906, 972, 672, 705, 775, 748, 887, 915, 792, 750, 634, 678, 741, 775, 702, 725, 734, 693, 754, 816, 755, 674, 778, 920, 808, 619, 798, 857, 777, 726, 865, 865, 706, 635, 755, 680, 680, 721, 696, 699, 718, 741, 675, 626, 634, 690, 716, 665, 646, 711, 579, 575, 534, 547, 545, 546, 517, 577, 562, 533, 489, 534, 513, 604, 650, 573, 645, 640, 537, 564, 616, 696, 679, 604, 703, 718, 687, 687, 707, 783, 716, 622, 644, 676, 673, 654, 616, 690, 638, 595, 664, 692, 601, 551, 648, 682, 673, 579, 566, 593, 542, 587, 517, 567, 642, 490, 531, 640, 630, 566, 512, 534, 554, 499, 580, 622, 563, 581, 520, 614, 598, 519, 626, 632, 605, 635, 619, 605, 670, 593, 570, 704, 618, 660, 667, 530, 670, 638, 616, 681, 607, 621, 640, 565, 623, 547, 590, 628, 577, 617, 619, 611, 602, 520, 626, 589, 599, 674, 752, 688, 649, 651, 686, 659, 661, 576, 855, 811, 715, 799, 621, 714, 674, 515, 740, 782, 649, 669, 628, 743, 714, 610, 740, 745, 653, 584, 644, 696, 668, 637, 770, 698, 612, 676, 658, 710, 737, 639, 800, 719, 735, 776, 628, 648, 577, 612, 722, 645, 642, 679, 606, 667, 637, 666, 601, 582, 665, 613, 550, 669, 693, 718, 645, 620, 695, 594, 599, 686, 681, 569, 653, 719, 681, 594, 575, 610, 658, 567, 529, 627, 625, 583, 656, 595, 635, 695, 609, 602, 602, 613, 632, 585, 665, 725, 603, 518, 604, 612, 626, 577, 658, 708, 621, 552, 589, 642, 612, 626, 654, 700, 686, 641, 575, 572, 611, 571, 519, 568, 623, 646, 514, 561, 641, 687, 678, 668, 593, 661, 638, 636, 745, 625, 629, 646, 546, 527, 547, 681, 720, 594, 570, 639, 538, 596, 535, 667, 554, 484, 506, 547, 451, 495, 506, 584, 550, 522, 513, 589, 614, 501, 524, 504, 607, 672, 633, 743, 726, 549, 571, 555, 613, 668, 570, 590, 622, 556, 578, 580, 550, 655, 585, 532, 629, 637, 614, 482, 554, 593, 516, 643, 627, 542, 602, 485, 637, 697, 573, 630, 590, 623, 640, 498, 680, 606, 556, 645, 616, 613, 601, 664, 605, 544, 540, 620, 596, 536, 576, 639, 696, 520, 558, 657, 633, 550, 609, 770, 639, 551, 626, 745, 652, 527, 507, 645, 759, 883, 907, 838, 712, 692, 807, 794, 856, 1273, 1131, 933, 792, 964, 1165, 938, 816, 1283, 1372, 1083, 977, 1153, 1273, 1006, 780, 1084, 1475, 1370, 1057, 1206, 1369, 1158, 756, 769, 963, 862, 797, 1023, 1266, 1143, 613, 569, 735, 744, 617, 641, 922, 841, 601, 529, 673, 747, 602, 576, 724, 767, 669, 632, 747, 712, 631, 600, 640, 677, 740, 845, 907, 791, 597, 628, 691, 654, 622, 929, 1261, 1075, 690, 830, 851, 750, 648, 1053, 1434, 1172, 719, 947, 1013, 844, 607, 948, 1060, 818, 558, 865, 991, 659, 600, 675, 608, 590, 561, 642, 720, 556, 601, 548, 526, 606, 550, 533, 614, 613, 566, 470, 551, 620, 487, 486, 593, 622, 526, 409, 476, 546, 469, 409, 454, 578, 433, 410, 515, 542, 468, 398, 424, 447, 396, 414, 521, 524, 457, 394, 403, 419, 496, 475, 535, 532, 533, 475, 453, 509, 477, 510, 565, 539, 528, 582, 528, 477, 518, 457, 475, 536, 550, 496, 448, 478]"
-0.34669744968414307,-0.4391983151435852,0.1230732798576355,-1.1332725286483765,-0.05548997223377228,-0.03870558738708496,-1.1321327686309814,-0.07836312055587769,0.4225730895996094,26.75,-0.07793396711349487,0.5375862121582031,17.25,-0.04274338483810425,-0.2235889434814453,30.25,-0.006122291088104248,-0.09641647338867188,-31.75,0.04795104265213013,0.13017654418945312,27.25,"[670, 614, 581, 652, 651, 649, 580, 618, 628, 590, 645, 709, 709, 602, 630, 697, 531, 585, 637, 699, 665, 635, 607, 540, 512, 627, 633, 565, 591, 597, 571, 521, 521, 525, 524, 537, 531, 528, 532, 524, 589, 586, 514, 474, 542, 602, 541, 552, 541, 559, 527, 452, 572, 609, 494, 489, 477, 504, 440, 504, 573, 569, 475, 426, 513, 488, 452, 523, 529, 500, 467, 384, 519, 597, 538, 522, 507, 480, 570, 478, 554, 531, 573, 613, 543, 495, 586, 523, 586, 517, 561, 568, 550, 527, 544, 618, 528, 529, 520, 494, 544, 506, 492, 555, 553, 606, 559, 486, 559, 604, 562, 539, 630, 524, 462, 488, 518, 508, 554, 540, 636, 479, 481, 616, 577, 502, 561, 602, 532, 585, 561, 577, 629, 509, 549, 586, 591, 618, 604, 515, 562, 596, 536, 575, 593, 619, 539, 442, 522, 594, 482, 467, 558, 600, 615, 514, 508, 549, 516, 555, 601, 648, 650, 568, 518, 532, 624, 629, 521, 512, 485, 544, 539, 527, 558, 552, 539, 522, 531, 563, 565, 463, 526, 580, 573, 618, 572, 536, 551, 576, 579, 491, 515, 457, 503, 533, 482, 530, 554, 546, 601, 656, 894, 813, 636, 678, 831, 790, 1176, 4178, 5698, 3581, 1570, 5055, 5412, 2999, 2816, 13138, 18391, 11406, 4764, 17318, 17821, 8764, 3752, 15902, 23328, 15257, 5582, 21752, 22659, 11200, 2848, 7765, 12299, 9199, 3151, 11206, 12501, 6893, 1885, 2780, 3779, 3290, 2281, 3843, 4215, 2665, 1311, 1828, 2337, 1809, 1390, 2510, 2439, 1376, 892, 1445, 2018, 1644, 938, 1908, 2039, 1085, 890, 1163, 1162, 957, 1071, 1265, 1099, 812, 1026, 1265, 1244, 793, 1014, 1356, 1131, 892, 736, 1008, 1267, 1026, 763, 1039, 1075, 899, 799, 1706, 1941, 1061, 940, 1582, 1483, 903, 935, 1872, 2083, 1313, 1137, 1992, 1871, 1007, 798, 1194, 1535, 1236, 949, 1573, 1652, 930, 694, 861, 821, 849, 742, 927, 907, 680, 659, 666, 668, 706, 750, 651, 622, 611, 651, 612, 662, 659, 698, 649, 564, 622, 674, 672, 664, 617, 626, 598, 626, 731, 671, 846, 803, 539, 659, 840, 790, 684, 660, 823, 803, 636, 686, 884, 773, 594, 673, 748, 728, 685, 675, 696, 667, 655, 661, 709, 734, 673, 849, 906, 751, 669, 656, 760, 797, 762, 1138, 1279, 935, 721, 773, 803, 769, 974, 1430, 1427, 947, 674, 802, 832, 676, 1034, 1240, 1217, 895, 707, 677, 745, 672, 798, 983, 935, 704, 673, 630, 808, 817, 708, 954, 990, 717, 622, 661, 834, 857, 623, 855, 938, 684, 656, 630, 724, 710, 654, 701, 711, 607, 575, 685, 746, 657, 623, 606, 665, 614, 607, 725, 695, 615, 681, 748, 715, 641, 666, 895, 889, 793, 809, 918, 831, 798, 885, 1091, 1114, 988, 985, 1243, 1180, 959, 1053, 1125, 1123, 910, 922, 1318, 1247, 793, 885, 1008, 964, 754, 858, 1192, 1033, 733, 870, 895, 852, 629, 788, 1012, 909, 767, 718, 703, 746, 619, 747, 906, 853, 680, 610, 649, 734, 765, 722, 765, 793, 710, 603, 684, 648, 727, 745, 676, 704, 604, 659, 639, 572, 696, 691, 585, 658, 592, 616, 628, 650, 679, 591, 560, 652, 644, 608, 665, 614, 622, 641, 621, 636, 638, 612, 573, 647, 667, 624, 614, 721, 632, 619, 565, 609, 620, 602, 580, 633, 621, 571, 652, 683, 677, 751, 668, 603, 721, 682, 702, 632, 597, 788, 767, 649, 616, 657, 690, 752, 722, 667, 667, 672, 683, 666, 625, 781, 656, 551, 614, 593, 540, 593, 674, 678, 679, 625, 572, 618, 618, 627, 709, 730, 672, 681, 513, 538, 593, 619, 767, 693, 619, 547, 478, 576, 613, 660, 717, 587, 548, 536, 575, 601, 618, 715, 704, 609, 463, 472, 618, 666, 537, 571, 714, 638, 557, 540, 569, 694, 546, 508, 654, 566, 559, 679, 681, 637, 614, 657, 686, 600, 564, 633, 622, 634, 650, 648, 657, 635, 702, 721, 576, 608, 612, 631, 693, 699, 694, 724, 638, 580, 672, 585, 678, 732, 661, 708, 735, 698, 613, 494, 652, 675, 659, 725, 672, 619, 637, 625, 521, 545, 638, 645, 577, 561, 580, 595, 483, 544, 578, 560, 527, 608, 666, 564, 523, 519, 578, 668, 560, 529, 634, 632, 459, 567, 572, 592, 479, 403, 588, 546, 436, 578, 606, 537, 560, 557, 636, 610, 547, 569, 632, 606, 552, 507, 590, 659, 587, 536, 662, 678, 603, 579, 556, 648, 517, 593, 701, 733, 559, 501, 614, 613, 674, 655, 658, 723, 678, 629, 718, 686, 596, 587, 675, 607, 597, 648, 706, 669, 561, 542, 574, 548, 609, 608, 580, 599, 667, 605, 546, 558, 611, 597, 539, 647, 692, 625, 606, 682, 710, 585, 575, 687, 715, 647, 710, 799, 670, 611, 714, 739, 663, 616, 624, 761, 772, 672, 638, 643, 626, 582, 463, 581, 710, 684, 486, 505, 507, 574, 592, 513, 581, 675, 605, 482, 551, 540, 547, 541, 573, 634, 562, 558, 652, 674, 597, 582, 629, 685, 615, 522, 602, 618, 665, 693, 612, 569, 600, 569, 654, 616, 641, 715, 593, 527, 487, 630, 655, 596, 589, 600, 519, 563, 519, 549, 625, 626, 661, 722, 639, 549, 697, 699, 833, 766, 885, 1333, 1188, 637, 1285, 1346, 850, 707, 1079, 1499, 1176, 690, 1258, 1282, 665, 692, 1037, 959, 611, 626, 784, 870, 676, 691, 871, 786, 651, 610, 885, 956, 589, 613, 680, 723, 587, 600, 786, 747, 603, 583, 597, 663, 597, 591, 703, 674, 683, 707, 703, 586, 608, 724, 673, 631, 782, 815, 742, 663, 630, 727, 696, 683, 770, 705, 657, 672, 712, 728, 645, 716, 704, 643, 638, 716, 809, 826, 624, 682, 750, 736, 764, 765, 850, 775, 641, 690, 781, 841, 918, 884, 818, 773, 841, 805, 633, 716, 784, 750, 584, 613, 755, 690, 542, 592, 658, 630, 517, 662, 679, 613, 449, 612, 752, 676, 470, 660, 657, 482, 524, 540, 628, 615, 515, 634, 651, 585, 466, 453, 521, 497, 500, 529, 560, 511, 464, 505, 467, 440, 405, 461, 511, 454, 444, 498, 520, 511, 481, 492, 521, 537, 427, 453, 545, 486, 431, 469, 541, 545]"
-1.111890196800232,0.5642609000205994,-0.32404401898384094,-0.7186039686203003,-0.034962065517902374,-0.03215644508600235,0.05195021629333496,-0.8399955034255981,1.0515689849853516,22.0,-0.6235591173171997,0.8548736572265625,22.5,-0.4473201036453247,0.7661819458007812,25.5,-0.40697968006134033,0.7204055786132812,27.75,-0.07309830188751221,0.48580169677734375,21.0,"[582, 560, 547, 608, 682, 607, 543, 553, 580, 549, 627, 650, 696, 671, 653, 649, 497, 538, 577, 559, 615, 623, 614, 580, 544, 435, 484, 508, 476, 466, 510, 599, 485, 436, 562, 555, 488, 508, 577, 596, 631, 559, 513, 572, 576, 562, 560, 604, 581, 522, 503, 612, 563, 505, 495, 549, 517, 536, 537, 590, 554, 531, 528, 495, 555, 517, 529, 508, 480, 459, 515, 547, 565, 496, 518, 537, 483, 515, 539, 557, 455, 495, 533, 474, 534, 591, 523, 475, 613, 574, 553, 543, 571, 577, 498, 563, 533, 579, 565, 462, 446, 470, 510, 534, 566, 630, 572, 476, 453, 580, 588, 584, 657, 529, 507, 550, 622, 656, 614, 696, 563, 536, 470, 446, 550, 549, 548, 595, 542, 517, 420, 484, 494, 484, 534, 509, 574, 509, 422, 537, 531, 459, 520, 569, 585, 577, 558, 506, 514, 509, 551, 622, 628, 538, 590, 541, 521, 546, 570, 655, 569, 596, 539, 404, 527, 568, 525, 522, 585, 607, 541, 576, 531, 497, 584, 590, 534, 564, 562, 528, 556, 450, 542, 600, 528, 574, 584, 581, 618, 573, 604, 641, 559, 606, 570, 555, 660, 580, 548, 538, 675, 637, 552, 612, 641, 542, 590, 618, 502, 593, 559, 543, 516, 505, 590, 611, 597, 500, 578, 634, 535, 513, 618, 686, 601, 545, 575, 556, 519, 608, 601, 589, 563, 551, 571, 582, 519, 511, 516, 443, 515, 488, 478, 593, 592, 510, 513, 506, 508, 460, 438, 508, 513, 447, 420, 507, 530, 508, 482, 493, 489, 563, 495, 535, 541, 555, 575, 544, 582, 585, 546, 613, 522, 549, 587, 536, 516, 577, 566, 560, 462, 490, 476, 478, 525, 524, 529, 537, 444, 525, 511, 507, 540, 465, 467, 511, 566, 608, 523, 481, 587, 562, 464, 521, 624, 621, 605, 567, 469, 487, 574, 635, 642, 610, 652, 604, 505, 508, 608, 684, 547, 569, 602, 559, 546, 445, 505, 615, 575, 580, 546, 572, 587, 537, 516, 569, 494, 531, 553, 629, 584, 594, 593, 568, 533, 627, 701, 691, 624, 691, 780, 725, 986, 1137, 1590, 1692, 1005, 1428, 2763, 2553, 3248, 1881, 3622, 4369, 2816, 2535, 7142, 7436, 3674, 1740, 3464, 4587, 3360, 2177, 7050, 7718, 4113, 4546, 6932, 4778, 2665, 4568, 11056, 11083, 5646, 6147, 9986, 6670, 3955, 5953, 14582, 14836, 4135, 4392, 7000, 4971, 3078, 4254, 10155, 10342, 2234, 3222, 4268, 2768, 1785, 3235, 6780, 6341, 2096, 5101, 6058, 2968, 1357, 5059, 9787, 8492, 2210, 6480, 7842, 3874, 1328, 5903, 11556, 10053, 1804, 5256, 6651, 3557, 1104, 4300, 8734, 7828, 1157, 3245, 4216, 2443, 818, 2633, 5160, 4664, 838, 1429, 1992, 1388, 712, 1384, 2239, 2123, 726, 1542, 1832, 1169, 672, 1035, 1549, 1407, 821, 2013, 2086, 1132, 737, 1161, 1752, 1417, 836, 1649, 1736, 973, 697, 941, 1455, 1243, 742, 1043, 1072, 764, 703, 713, 897, 811, 590, 766, 710, 591, 643, 586, 638, 587, 560, 633, 634, 633, 611, 617, 615, 634, 602, 506, 579, 637, 605, 610, 604, 707, 660, 484, 575, 641, 596, 567, 607, 671, 529, 484, 591, 708, 656, 524, 624, 637, 704, 564, 660, 963, 822, 568, 844, 790, 802, 689, 770, 877, 804, 630, 759, 775, 1624, 2118, 1684, 1111, 796, 1331, 1623, 1136, 3122, 4489, 3735, 2263, 1420, 3117, 3385, 1822, 3058, 4571, 3992, 2306, 1594, 3834, 3691, 1465, 1713, 2737, 2107, 1044, 1303, 2655, 2546, 937, 1489, 2100, 1644, 1011, 1134, 1382, 1433, 1065, 2015, 2463, 2490, 2232, 1727, 1586, 1379, 1619, 1905, 2251, 2584, 2283, 1721, 1854, 1372, 1676, 1351, 1537, 1981, 1784, 1303, 1340, 1047, 1277, 1091, 1261, 1433, 1117, 816, 947, 937, 914, 914, 955, 1037, 879, 786, 692, 880, 970, 1168, 1334, 1245, 893, 968, 909, 946, 1076, 1010, 1319, 1225, 877, 862, 995, 880, 807, 1063, 1519, 1274, 784, 864, 907, 884, 722, 1057, 1430, 1247, 791, 816, 807, 799, 738, 903, 1120, 1035, 802, 695, 837, 829, 687, 719, 992, 1014, 803, 650, 717, 867, 715, 696, 964, 963, 741, 719, 798, 872, 770, 667, 925, 983, 815, 688, 930, 1175, 1070, 644, 1005, 1303, 1063, 682, 932, 1219, 1207, 618, 859, 1045, 792, 621, 788, 892, 846, 628, 771, 791, 648, 588, 752, 777, 645, 660, 722, 697, 686, 656, 738, 724, 600, 593, 535, 560, 666, 585, 600, 605, 565, 631, 680, 750, 770, 614, 554, 678, 613, 555, 690, 723, 630, 544, 460, 578, 583, 560, 658, 627, 569, 558, 553, 619, 555, 621, 624, 636, 529, 577, 664, 636, 620, 558, 573, 603, 555, 548, 666, 662, 597, 640, 628, 570, 571, 598, 580, 626, 658, 523, 458, 476, 556, 587, 517, 471, 535, 637, 607, 567, 581, 634, 636, 490, 581, 593, 631, 533, 614, 679, 626, 596, 580, 614, 763, 723, 624, 701, 682, 617, 644, 681, 632, 682, 617, 681, 598, 632, 708, 742, 620, 511, 601, 673, 670, 619, 642, 700, 704, 654, 663, 724, 695, 679, 678, 646, 659, 696, 768, 694, 603, 672, 638, 675, 749, 619, 664, 694, 584, 572, 574, 767, 733, 583, 653, 731, 593, 644, 658, 659, 665, 672, 693, 646, 624, 776, 768, 591, 790, 807, 704, 540, 646, 951, 897, 641, 670, 768, 723, 587, 698, 874, 825, 716, 610, 700, 680, 630, 647, 601, 775, 739, 802, 1165, 887, 648, 649, 845, 1053, 664, 851, 1018, 828, 617, 824, 1079, 1050, 676, 842, 839, 738, 645, 796, 967, 798, 678, 739, 775, 717, 698, 711, 764, 778, 629, 775, 853, 586, 536, 664, 817, 808, 680, 964, 1117, 734, 509, 612, 1036, 1050, 699, 942, 1065, 748, 573, 596, 1019, 975, 681, 865, 887, 669, 634, 739, 938, 864, 569, 594, 598, 626, 583, 587, 703, 714, 596, 543, 615, 587, 608, 534, 663, 776, 518, 473, 548, 524, 474, 440, 553, 571, 438, 410, 402, 468, 436, 450, 529, 484, 495, 463, 541, 595, 522, 469, 560, 604, 450, 445, 522, 541, 452, 541, 609, 489, 360, 426, 444, 487, 447, 419, 417, 378, 463, 537, 560, 486, 424, 489, 515, 478, 420, 554, 483, 416, 446, 429, 514, 455, 482, 566, 551, 493, 403, 438, 496, 463]"
-1.1416467428207397,0.45676368474960327,-0.5370965003967285,-0.6132340431213379,-0.07244274765253067,-0.21987783908843994,0.16146442294120789,-1.3881789445877075,1.2810230255126953,22.25,-0.46135056018829346,0.8535861968994141,24.25,-0.2959834337234497,0.7236957550048828,29.0,-0.2916918992996216,0.7339954376220703,-28.25,0.0071419477462768555,0.6902217864990234,23.0,"[634, 638, 818, 781, 617, 783, 816, 641, 606, 781, 767, 761, 665, 741, 760, 572, 500, 572, 598, 563, 508, 615, 620, 534, 517, 550, 539, 560, 449, 494, 590, 550, 572, 565, 435, 510, 473, 508, 534, 536, 583, 569, 584, 615, 576, 573, 606, 605, 574, 558, 598, 613, 570, 505, 537, 573, 532, 557, 563, 507, 517, 490, 514, 504, 473, 501, 446, 455, 475, 413, 409, 428, 561, 562, 563, 518, 542, 505, 447, 549, 556, 568, 627, 549, 527, 566, 514, 574, 585, 541, 498, 537, 553, 550, 421, 495, 572, 587, 471, 431, 493, 504, 482, 484, 565, 624, 562, 521, 575, 548, 642, 582, 628, 547, 526, 538, 564, 570, 622, 682, 564, 652, 620, 572, 578, 543, 498, 549, 615, 689, 587, 566, 589, 485, 538, 601, 588, 619, 530, 559, 612, 550, 582, 550, 519, 489, 455, 512, 563, 575, 560, 518, 551, 452, 505, 555, 547, 556, 544, 557, 555, 469, 473, 571, 513, 547, 611, 575, 569, 543, 536, 539, 496, 564, 640, 548, 521, 515, 585, 638, 572, 572, 549, 484, 586, 556, 595, 566, 549, 540, 623, 638, 549, 516, 607, 557, 485, 503, 499, 532, 655, 696, 591, 538, 621, 670, 569, 493, 627, 667, 534, 475, 576, 598, 491, 490, 514, 535, 583, 604, 540, 502, 557, 592, 494, 511, 619, 605, 576, 553, 517, 543, 492, 523, 625, 551, 497, 495, 481, 463, 579, 676, 599, 542, 474, 462, 565, 524, 486, 616, 585, 506, 508, 510, 561, 524, 433, 497, 556, 497, 414, 611, 638, 497, 493, 537, 610, 554, 483, 531, 584, 547, 583, 612, 597, 604, 597, 493, 522, 616, 562, 542, 551, 643, 629, 478, 620, 666, 582, 520, 482, 520, 478, 476, 515, 517, 609, 711, 621, 552, 533, 585, 655, 583, 527, 565, 567, 544, 529, 570, 619, 533, 493, 520, 552, 546, 555, 569, 510, 554, 467, 528, 648, 521, 524, 608, 660, 639, 810, 1247, 1442, 1351, 711, 1453, 2486, 2165, 2375, 2624, 3859, 3877, 1992, 3375, 7485, 7006, 3429, 3366, 4855, 5308, 2986, 4292, 9725, 9257, 5911, 8666, 11061, 7386, 3875, 8204, 16304, 15189, 11036, 19568, 27155, 16148, 5869, 17013, 35860, 33969, 9769, 18819, 26985, 15825, 5272, 15897, 35419, 33883, 5118, 6085, 9811, 5999, 3108, 5213, 13981, 14452, 3798, 3457, 3708, 2715, 2282, 3113, 4776, 5126, 2802, 8439, 9064, 4537, 1581, 7688, 13006, 10083, 1962, 10054, 10137, 4526, 1092, 8829, 14148, 10007, 2171, 6827, 6432, 2842, 1135, 5650, 8566, 5692, 1627, 3982, 3998, 2042, 929, 2885, 4376, 3146, 1100, 2656, 2688, 1385, 746, 1845, 2744, 1905, 1068, 2146, 2180, 1182, 859, 1393, 1741, 1277, 982, 2613, 2809, 1419, 822, 1395, 1843, 1360, 708, 1809, 1989, 1095, 700, 1051, 1433, 1147, 567, 972, 1171, 866, 580, 746, 915, 828, 446, 793, 921, 712, 596, 748, 840, 685, 569, 603, 649, 725, 643, 679, 783, 639, 614, 654, 710, 695, 626, 668, 715, 683, 697, 701, 737, 697, 731, 659, 763, 768, 622, 549, 567, 659, 712, 667, 634, 665, 857, 728, 632, 679, 724, 755, 803, 860, 1044, 961, 860, 912, 965, 858, 931, 914, 1422, 1556, 1242, 970, 1133, 1171, 1218, 1144, 2128, 2890, 2604, 1309, 1510, 2524, 2080, 1358, 3255, 4672, 4030, 1666, 1983, 3459, 2716, 1461, 3644, 4975, 3804, 1742, 2081, 2886, 2599, 1557, 2981, 3908, 3410, 2519, 1922, 2320, 2392, 1545, 2568, 3773, 4411, 3718, 2259, 2547, 2907, 1933, 2139, 3021, 3464, 2796, 1777, 2079, 2333, 1677, 2036, 2417, 2305, 1905, 1328, 1835, 1821, 1418, 1803, 2014, 1784, 1536, 1339, 1668, 1502, 1284, 1644, 2236, 1818, 1066, 1261, 1527, 1525, 1187, 1371, 2123, 1874, 931, 1201, 1298, 1197, 907, 1239, 1865, 1736, 1003, 1139, 1265, 1087, 892, 1240, 1662, 1419, 808, 974, 1078, 970, 856, 916, 1101, 1009, 730, 776, 921, 865, 851, 940, 894, 719, 768, 852, 871, 858, 873, 751, 848, 767, 588, 648, 690, 722, 708, 761, 795, 861, 731, 602, 729, 808, 756, 609, 796, 803, 715, 623, 698, 813, 728, 679, 730, 753, 754, 706, 702, 846, 834, 639, 741, 778, 730, 684, 747, 902, 809, 699, 868, 799, 585, 617, 664, 799, 704, 661, 819, 724, 494, 569, 569, 690, 704, 678, 794, 753, 569, 685, 650, 647, 705, 499, 535, 685, 608, 581, 540, 529, 566, 506, 522, 587, 601, 612, 639, 540, 469, 506, 519, 599, 635, 576, 630, 598, 477, 541, 642, 644, 565, 560, 602, 666, 614, 595, 603, 609, 553, 501, 516, 613, 622, 564, 667, 738, 701, 603, 567, 730, 679, 545, 693, 693, 637, 605, 621, 681, 629, 624, 592, 610, 598, 531, 531, 566, 574, 666, 685, 606, 563, 575, 499, 469, 637, 625, 712, 647, 590, 613, 577, 559, 600, 593, 545, 539, 564, 533, 534, 520, 539, 545, 614, 721, 735, 533, 515, 627, 583, 631, 638, 725, 718, 551, 722, 790, 691, 642, 618, 657, 692, 697, 747, 747, 677, 593, 585, 682, 765, 758, 715, 847, 878, 833, 686, 782, 868, 831, 726, 1161, 1251, 942, 804, 1002, 1048, 787, 787, 1514, 1646, 980, 904, 1191, 1027, 792, 885, 1537, 1598, 756, 817, 1167, 935, 670, 756, 1002, 1073, 627, 670, 961, 856, 566, 710, 908, 861, 699, 712, 800, 800, 549, 694, 865, 826, 737, 861, 978, 828, 643, 914, 1201, 1022, 715, 1163, 1240, 861, 577, 931, 1284, 1116, 627, 961, 1039, 848, 604, 788, 1141, 1027, 611, 676, 802, 720, 641, 722, 845, 835, 695, 870, 1017, 805, 698, 770, 990, 1031, 787, 1026, 1236, 1038, 718, 764, 1198, 1277, 782, 1005, 1280, 1019, 663, 785, 1098, 1119, 642, 886, 1061, 831, 623, 767, 887, 842, 691, 833, 870, 777, 683, 754, 834, 819, 623, 622, 719, 699, 582, 660, 679, 754, 697, 590, 759, 639, 535, 602, 760, 862, 631, 504, 693, 541, 470, 566, 796, 859, 559, 472, 549, 582, 548, 583, 664, 750, 512, 495, 482, 586, 561, 500, 617, 632, 507, 526, 542, 506, 497, 514, 561, 540, 463, 513, 478, 388, 391, 503, 561, 476, 470, 510, 508, 521, 479, 556, 650, 475, 477, 419, 456, 520, 536, 464, 479, 505, 482, 469, 488, 394, 436, 417, 437, 499]"
-1.0149976015090942,0.5857507586479187,-0.5109341740608215,-0.4076656997203827,-0.005097627639770508,-0.16100312769412994,0.2517331838607788,-1.3428581953048706,1.1906147003173828,18.5,-1.3428581953048706,1.201772689819336,27.5,-0.440205454826355,0.7265567779541016,19.0,-0.4184616804122925,0.7892131805419922,22.25,-0.3605259656906128,0.7447242736816406,17.5,"[427, 565, 714, 690, 661, 689, 711, 566, 445, 579, 690, 642, 613, 668, 733, 621, 544, 651, 643, 579, 556, 641, 592, 507, 526, 606, 582, 617, 538, 557, 632, 545, 500, 551, 534, 543, 411, 487, 611, 531, 486, 464, 511, 549, 446, 421, 532, 557, 547, 562, 481, 491, 462, 496, 550, 478, 500, 526, 455, 457, 521, 516, 532, 485, 544, 507, 392, 430, 556, 529, 484, 510, 522, 533, 462, 490, 549, 555, 507, 446, 479, 480, 463, 447, 536, 530, 548, 537, 518, 466, 481, 503, 508, 541, 549, 547, 469, 490, 511, 536, 572, 576, 467, 436, 558, 547, 515, 539, 590, 573, 484, 498, 539, 567, 527, 507, 520, 586, 547, 481, 551, 520, 525, 461, 578, 672, 612, 565, 565, 482, 486, 501, 535, 622, 532, 539, 581, 491, 461, 484, 592, 575, 506, 570, 509, 534, 515, 481, 488, 555, 565, 573, 470, 516, 573, 517, 440, 493, 554, 483, 514, 563, 489, 438, 427, 541, 622, 541, 561, 585, 543, 543, 434, 583, 693, 580, 583, 685, 646, 577, 503, 509, 658, 596, 546, 595, 601, 590, 655, 578, 632, 593, 467, 468, 499, 541, 628, 567, 445, 483, 602, 548, 537, 545, 558, 509, 525, 631, 559, 501, 504, 498, 465, 486, 541, 620, 515, 552, 498, 461, 513, 471, 393, 458, 513, 544, 563, 511, 525, 583, 531, 504, 591, 598, 530, 585, 605, 533, 626, 622, 503, 494, 529, 611, 557, 476, 603, 581, 509, 492, 583, 587, 485, 471, 539, 550, 544, 536, 522, 521, 472, 478, 495, 433, 582, 620, 540, 486, 613, 516, 521, 653, 538, 582, 528, 519, 532, 486, 573, 597, 526, 557, 535, 476, 520, 551, 530, 485, 564, 611, 558, 610, 540, 635, 714, 683, 1093, 2132, 2503, 2025, 870, 2486, 4421, 3669, 3337, 5480, 7349, 5209, 2379, 6125, 12510, 11267, 3959, 5823, 8094, 5921, 2846, 6453, 13546, 12484, 1911, 2577, 3273, 2534, 1522, 2653, 4854, 4468, 2002, 2722, 3395, 2410, 1540, 2627, 4479, 4126, 5180, 6482, 9848, 6619, 2936, 6015, 13402, 13342, 6149, 8787, 13790, 9370, 3685, 8302, 19096, 18680, 3222, 5999, 8453, 5768, 2121, 6027, 12687, 11588, 1378, 2546, 3008, 2384, 1144, 2827, 5353, 4638, 1958, 6039, 6105, 3291, 1282, 6355, 10584, 8089, 2318, 9569, 8821, 3929, 1693, 9893, 14814, 10031, 2547, 7311, 6326, 2770, 1672, 7452, 10300, 6158, 1791, 4683, 4132, 1813, 1299, 4176, 5743, 3396, 1529, 3677, 3518, 1628, 1133, 2556, 3551, 2271, 2953, 7169, 7019, 3062, 1847, 3416, 5183, 3311, 3703, 9818, 9575, 3898, 2039, 4791, 7436, 4644, 2271, 6154, 6023, 2585, 1259, 3243, 4947, 3157, 1066, 2189, 2160, 1202, 812, 1462, 1986, 1361, 893, 1106, 966, 824, 795, 902, 922, 656, 730, 783, 843, 832, 700, 753, 769, 658, 677, 791, 781, 779, 740, 740, 795, 719, 751, 841, 738, 763, 685, 733, 788, 690, 805, 879, 829, 798, 645, 662, 780, 713, 653, 651, 665, 686, 600, 549, 683, 652, 621, 784, 801, 710, 615, 591, 769, 664, 740, 1038, 910, 769, 817, 886, 991, 770, 1152, 1488, 1227, 929, 1252, 1280, 1167, 986, 2844, 3341, 3156, 2655, 2337, 2743, 2528, 2014, 5604, 6303, 6839, 6105, 4177, 5102, 4980, 4095, 5761, 6256, 7339, 6629, 4404, 5403, 4684, 4562, 2945, 2899, 3827, 3622, 2463, 2175, 2103, 2793, 2086, 2685, 2344, 1590, 1420, 1687, 1823, 1487, 1641, 1981, 1766, 1305, 1153, 1468, 1356, 1015, 2778, 4854, 4106, 1623, 1780, 2392, 3187, 1652, 4448, 8251, 6752, 2038, 2740, 3758, 5111, 2431, 3721, 6687, 5396, 1672, 2280, 3278, 4207, 1942, 1916, 3114, 2425, 1093, 1262, 1807, 2134, 1175, 943, 1270, 1164, 778, 762, 896, 1018, 707, 872, 881, 801, 787, 773, 804, 870, 787, 709, 875, 857, 675, 717, 859, 803, 664, 953, 1226, 1142, 827, 869, 962, 1007, 865, 1012, 1296, 1140, 861, 951, 1020, 1064, 894, 907, 1112, 959, 739, 854, 907, 864, 684, 713, 791, 851, 829, 731, 841, 894, 682, 708, 867, 810, 829, 711, 844, 965, 742, 665, 940, 857, 726, 671, 717, 918, 762, 671, 793, 821, 772, 731, 685, 764, 773, 629, 724, 716, 719, 736, 664, 669, 669, 583, 747, 745, 629, 615, 681, 780, 681, 521, 657, 706, 684, 539, 682, 806, 632, 606, 696, 701, 634, 542, 636, 822, 701, 794, 835, 740, 716, 741, 697, 827, 762, 835, 815, 752, 841, 907, 718, 837, 958, 684, 739, 837, 780, 726, 557, 653, 767, 659, 714, 758, 748, 701, 626, 629, 632, 609, 640, 602, 534, 562, 546, 557, 599, 633, 625, 557, 574, 597, 621, 645, 615, 529, 533, 684, 681, 601, 578, 649, 664, 608, 474, 593, 668, 574, 572, 662, 713, 602, 554, 637, 541, 477, 584, 686, 726, 623, 635, 655, 618, 569, 666, 745, 637, 693, 688, 612, 635, 648, 695, 684, 639, 617, 682, 660, 703, 688, 725, 751, 701, 659, 590, 676, 642, 651, 708, 738, 695, 694, 633, 774, 709, 597, 621, 787, 831, 742, 614, 879, 895, 748, 614, 932, 1006, 904, 632, 1023, 1230, 1007, 690, 1247, 1359, 650, 554, 784, 840, 681, 581, 685, 837, 1032, 767, 1056, 981, 810, 846, 1062, 1263, 1266, 1446, 1895, 1445, 807, 1055, 1550, 1660, 1106, 2050, 2506, 1647, 862, 1258, 2200, 2051, 927, 1508, 1733, 1162, 833, 1137, 1719, 1626, 959, 1021, 1156, 869, 851, 769, 1241, 1450, 895, 1131, 1195, 912, 760, 868, 1395, 1356, 825, 948, 857, 813, 773, 878, 1044, 868, 688, 804, 820, 789, 641, 737, 793, 764, 774, 796, 935, 908, 632, 603, 923, 902, 840, 1040, 1137, 949, 666, 802, 1120, 1007, 772, 1081, 1102, 799, 657, 958, 1157, 840, 699, 881, 915, 666, 664, 809, 930, 794, 597, 560, 672, 664, 618, 691, 679, 729, 632, 770, 774, 698, 596, 539, 603, 672, 580, 714, 717, 593, 600, 620, 614, 577, 598, 697, 671, 552, 540, 626, 654, 523, 568, 760, 670, 500, 463, 564, 665, 517, 442, 565, 589, 589, 514, 496, 589, 524, 518, 639, 600, 545, 559, 621, 570, 517, 479, 569, 580, 494, 478, 600, 611, 530, 502, 524, 505, 492, 497, 673, 700, 530, 465, 509, 495, 588, 557, 494, 521, 468, 526, 490, 433, 535, 502, 451, 478, 510]"
-0.9129206538200378,0.6499834060668945,-0.6545173525810242,-0.11658677458763123,0.11782276630401611,-0.33297836780548096,0.5218873023986816,-0.6503140926361084,0.7903575897216797,27.25,-0.48222899436950684,0.5839347839355469,22.0,-0.3410375118255615,0.4799365997314453,26.25,-0.0472104549407959,-0.4527568817138672,20.5,0.6548845767974854,1.164865493774414,15.75,"[645, 632, 616, 578, 641, 579, 615, 636, 585, 622, 558, 529, 585, 643, 655, 600, 434, 532, 512, 414, 439, 511, 570, 511, 537, 538, 514, 473, 521, 538, 533, 554, 566, 472, 463, 517, 536, 546, 546, 585, 623, 498, 493, 588, 624, 479, 594, 715, 509, 533, 514, 634, 595, 440, 583, 602, 491, 452, 504, 604, 562, 448, 514, 582, 476, 482, 454, 513, 520, 461, 527, 563, 572, 493, 517, 572, 508, 440, 556, 693, 510, 541, 608, 549, 564, 604, 577, 577, 529, 608, 623, 508, 462, 543, 591, 590, 471, 539, 585, 471, 452, 549, 521, 445, 485, 498, 571, 515, 419, 476, 528, 513, 595, 487, 417, 539, 602, 501, 525, 614, 640, 507, 470, 570, 549, 485, 548, 643, 549, 563, 549, 503, 517, 510, 500, 532, 603, 641, 617, 556, 584, 627, 591, 546, 544, 552, 527, 592, 647, 539, 567, 615, 601, 534, 541, 626, 581, 568, 605, 656, 575, 626, 647, 593, 539, 637, 684, 611, 524, 603, 627, 585, 560, 630, 614, 554, 482, 514, 560, 514, 534, 581, 615, 593, 513, 492, 592, 558, 514, 497, 517, 533, 621, 492, 494, 508, 514, 552, 467, 545, 565, 539, 544, 536, 539, 536, 506, 561, 633, 633, 492, 538, 625, 500, 479, 578, 584, 596, 510, 491, 570, 524, 499, 523, 601, 567, 459, 458, 463, 455, 413, 485, 677, 623, 540, 566, 525, 588, 524, 524, 507, 548, 550, 554, 618, 598, 542, 462, 720, 711, 662, 702, 681, 652, 664, 661, 1814, 1696, 1959, 1385, 1229, 1569, 2704, 2809, 3409, 3422, 4733, 3095, 2218, 3279, 6826, 6860, 4164, 5468, 7852, 4913, 2702, 5204, 11438, 11101, 2799, 5139, 6968, 4392, 1898, 4861, 10195, 9365, 1535, 2809, 3753, 2654, 1142, 2824, 5565, 5011, 1421, 1517, 2248, 1800, 919, 1216, 2760, 2964, 2007, 3113, 4086, 2719, 1188, 2414, 4532, 4328, 2588, 5063, 5918, 3367, 1356, 3589, 6351, 5435, 2110, 4838, 5677, 3214, 1021, 3107, 5666, 5045, 1298, 3054, 3592, 2304, 932, 1995, 3627, 3221, 1100, 1823, 2144, 1476, 756, 1341, 2211, 1961, 1113, 2485, 2491, 1314, 860, 2293, 3554, 2715, 1212, 3258, 3036, 1583, 974, 3305, 4743, 3221, 1343, 3440, 3844, 2168, 1093, 2598, 3425, 2606, 1223, 3695, 4412, 2495, 1115, 2192, 2906, 2491, 2882, 5705, 5020, 1668, 2371, 2786, 2821, 1754, 8221, 14880, 11840, 2428, 6228, 6108, 5608, 2029, 11044, 20540, 16662, 3372, 7719, 8124, 7979, 2826, 7211, 14589, 12547, 3467, 4641, 5577, 6538, 3173, 3668, 7385, 6566, 2453, 2385, 3390, 4570, 2777, 1964, 3482, 3020, 1268, 1185, 1699, 2227, 1457, 918, 1451, 1402, 760, 665, 967, 1090, 841, 933, 1396, 1191, 726, 819, 1105, 1172, 866, 998, 1376, 1119, 741, 872, 1230, 1171, 889, 847, 908, 829, 629, 784, 961, 913, 772, 786, 747, 629, 584, 587, 626, 661, 680, 962, 1077, 878, 660, 813, 712, 791, 756, 1793, 2475, 1717, 814, 1680, 1410, 1124, 848, 2774, 3558, 2455, 1309, 2456, 1969, 1327, 1206, 3952, 4146, 3487, 2864, 3041, 3098, 2295, 2253, 6684, 6670, 6700, 5216, 4303, 6348, 4884, 4325, 7881, 8131, 8227, 5814, 4999, 8180, 5755, 4858, 6574, 8633, 7924, 4390, 4433, 6550, 4264, 3553, 4868, 7848, 7085, 3015, 3613, 4579, 2819, 2482, 2443, 4364, 4080, 1639, 2116, 2555, 1606, 1528, 1259, 1781, 1806, 968, 1238, 1547, 861, 940, 1190, 1772, 1837, 1067, 1246, 1611, 1223, 926, 1510, 2345, 2168, 1187, 1397, 1511, 1452, 1229, 1657, 2899, 2596, 1161, 1274, 1781, 2212, 1479, 1625, 3179, 2902, 1150, 1275, 1779, 2220, 1378, 1265, 2226, 2122, 997, 928, 1167, 1528, 1113, 1532, 2423, 1961, 833, 1070, 1184, 1455, 893, 1578, 2348, 1732, 747, 1127, 1211, 1285, 632, 1267, 1770, 1398, 797, 997, 1092, 1043, 709, 978, 1162, 980, 694, 732, 913, 978, 849, 919, 889, 864, 723, 706, 891, 900, 852, 819, 848, 851, 729, 732, 854, 837, 751, 795, 793, 921, 857, 699, 820, 845, 796, 686, 670, 682, 714, 514, 610, 697, 748, 681, 658, 706, 610, 537, 660, 719, 726, 563, 673, 739, 669, 632, 583, 702, 683, 669, 746, 801, 814, 679, 612, 832, 809, 703, 848, 805, 748, 678, 815, 871, 712, 712, 784, 798, 689, 576, 776, 803, 655, 668, 711, 673, 609, 709, 785, 685, 550, 650, 640, 637, 663, 614, 714, 746, 693, 694, 696, 658, 662, 713, 703, 693, 686, 729, 759, 754, 831, 855, 800, 815, 855, 751, 725, 612, 673, 796, 797, 782, 737, 684, 747, 636, 631, 751, 771, 704, 596, 698, 761, 644, 707, 645, 596, 621, 626, 683, 666, 702, 779, 688, 575, 730, 716, 670, 684, 775, 811, 703, 679, 847, 881, 661, 696, 696, 725, 702, 658, 746, 731, 728, 695, 587, 604, 627, 580, 642, 677, 737, 738, 667, 639, 595, 613, 746, 760, 694, 782, 772, 704, 651, 555, 736, 779, 637, 857, 876, 691, 605, 628, 813, 798, 685, 857, 867, 701, 585, 672, 830, 786, 745, 813, 824, 685, 612, 713, 839, 806, 1007, 1018, 1405, 1285, 916, 888, 1680, 1748, 1920, 1587, 2701, 2171, 1526, 1330, 3543, 3873, 1781, 1819, 2625, 1976, 1261, 1479, 3222, 3383, 930, 1315, 1812, 1450, 848, 1103, 1665, 1632, 1250, 1199, 1416, 1420, 1007, 1009, 1634, 1670, 1503, 1921, 1822, 1474, 1125, 1564, 2581, 2184, 1379, 1923, 1686, 1269, 940, 1585, 2260, 1725, 1520, 1847, 1560, 1262, 1026, 1852, 2036, 1538, 1317, 1384, 1348, 1046, 902, 1502, 1556, 1372, 929, 995, 1019, 792, 773, 891, 1164, 1153, 1069, 983, 1042, 851, 945, 839, 991, 1298, 1131, 878, 925, 922, 978, 877, 791, 1232, 832, 839, 913, 781, 625, 650, 785, 851, 846, 1005, 1061, 756, 593, 794, 970, 995, 849, 1030, 1233, 911, 747, 924, 1089, 1063, 750, 992, 1134, 926, 582, 861, 1108, 828, 704, 804, 943, 694, 609, 876, 1229, 1076, 757, 662, 711, 623, 593, 803, 1057, 1019, 723, 768, 733, 642, 596, 801, 1033, 898, 686, 587, 689, 639, 584, 623, 855, 908, 638, 469, 503, 463, 492, 473, 544, 685, 499, 514, 561, 439, 495, 497, 427, 481, 380, 431, 514, 495, 434, 416, 540, 520, 465, 520, 602, 575, 474, 517, 558, 525, 451, 533, 594, 511, 421, 518, 485, 485, 527, 585, 608, 589, 501, 487, 558, 542]"
-0.5177199244499207,0.7767395973205566,-0.5383099913597107,0.42071765661239624,0.1561267375946045,-0.1723370999097824,0.8509390354156494,-0.4038006067276001,0.13375282287597656,18.75,-0.35516321659088135,0.0,24.75,-0.34600794315338135,-0.06880760192871094,24.75,-0.3420025110244751,0.0,20.25,-0.1680523157119751,-0.7103919982910156,18.25,"[657, 596, 593, 554, 491, 553, 593, 592, 572, 629, 655, 603, 575, 689, 679, 566, 521, 579, 703, 625, 500, 568, 624, 584, 458, 580, 633, 516, 446, 505, 555, 513, 535, 511, 624, 624, 517, 524, 522, 510, 573, 535, 560, 526, 546, 581, 545, 551, 501, 464, 545, 528, 539, 478, 484, 550, 577, 466, 387, 533, 572, 479, 414, 526, 535, 446, 487, 617, 537, 399, 504, 511, 636, 590, 574, 595, 598, 562, 561, 648, 630, 541, 486, 518, 581, 518, 584, 678, 554, 599, 611, 559, 506, 518, 539, 557, 509, 504, 512, 532, 490, 484, 484, 513, 447, 504, 528, 521, 447, 521, 514, 432, 529, 551, 571, 524, 551, 542, 439, 425, 582, 537, 500, 484, 589, 653, 534, 503, 562, 472, 475, 502, 501, 522, 426, 491, 504, 526, 571, 487, 462, 542, 572, 562, 512, 495, 472, 549, 604, 496, 531, 534, 602, 469, 462, 549, 616, 524, 511, 599, 643, 555, 457, 580, 626, 506, 556, 623, 582, 640, 557, 585, 585, 647, 669, 613, 518, 514, 564, 589, 600, 614, 703, 654, 532, 593, 679, 650, 651, 585, 647, 640, 474, 546, 559, 564, 478, 551, 581, 541, 594, 591, 590, 667, 568, 536, 555, 601, 518, 511, 542, 553, 559, 584, 573, 606, 744, 1087, 974, 672, 682, 800, 969, 783, 2293, 4601, 4546, 2211, 1449, 2483, 3860, 2931, 3853, 8729, 9225, 4512, 2196, 4513, 7414, 5881, 3844, 8735, 9240, 4582, 2219, 4871, 7925, 6181, 2560, 5677, 5742, 2790, 1505, 3220, 4930, 3659, 1207, 2632, 2788, 1561, 831, 1442, 2315, 1883, 849, 1427, 1728, 1109, 591, 926, 1501, 1413, 1501, 3218, 3570, 2065, 961, 1884, 3168, 2660, 2775, 7335, 7916, 4095, 1653, 4459, 7063, 5593, 3211, 10057, 10522, 4817, 1809, 5826, 9307, 6957, 2881, 8111, 7872, 3164, 1755, 4573, 6838, 4557, 1882, 4295, 4202, 1975, 1235, 2498, 3249, 2131, 1408, 2752, 3012, 1718, 926, 1767, 2376, 1887, 1321, 2422, 2562, 1492, 993, 1460, 1848, 1559, 1785, 3666, 3881, 2107, 1045, 2084, 3067, 2425, 1961, 4034, 4103, 2012, 1050, 2307, 3176, 2408, 1341, 2809, 2862, 1407, 845, 1692, 2093, 1580, 1072, 2025, 1859, 898, 711, 1155, 1334, 926, 2959, 6063, 5479, 1530, 2749, 3838, 2852, 1250, 7237, 14618, 13060, 3456, 6584, 9280, 6128, 2213, 10445, 20962, 18052, 4490, 8393, 11645, 11379, 4203, 11966, 24889, 21421, 5612, 8086, 10454, 14005, 6099, 6259, 13754, 12177, 3723, 3674, 5009, 7973, 4014, 1297, 2876, 2699, 1163, 753, 1344, 2073, 1366, 791, 1025, 808, 564, 677, 968, 1028, 690, 811, 967, 730, 569, 753, 918, 902, 601, 801, 880, 681, 602, 697, 810, 751, 648, 752, 821, 825, 700, 579, 682, 753, 739, 1222, 1562, 1380, 923, 1079, 1225, 1028, 1015, 2546, 3391, 2872, 1576, 2439, 2857, 1958, 1739, 2828, 4044, 3712, 2123, 2756, 3662, 2372, 2054, 3574, 3789, 4068, 2701, 2883, 4451, 2903, 2448, 4956, 4949, 5507, 3550, 3592, 5512, 3622, 3260, 4443, 5906, 5438, 2631, 3965, 5259, 3102, 2580, 4006, 5669, 4514, 1883, 3505, 4445, 2813, 1720, 3064, 4473, 3767, 1771, 2608, 3383, 2434, 1498, 2593, 3842, 3109, 1472, 2091, 2275, 1581, 1374, 1744, 2216, 1787, 1102, 1396, 1408, 1159, 1072, 1399, 1537, 1230, 919, 1120, 1289, 1163, 894, 1193, 1426, 1235, 831, 937, 1229, 1051, 839, 1087, 1151, 971, 747, 878, 873, 737, 736, 873, 906, 825, 705, 778, 831, 721, 701, 904, 949, 821, 648, 758, 787, 663, 703, 907, 949, 753, 646, 879, 892, 700, 656, 831, 782, 661, 582, 683, 820, 690, 678, 684, 825, 747, 686, 670, 673, 676, 519, 760, 849, 761, 728, 832, 769, 642, 619, 728, 878, 699, 602, 749, 780, 673, 562, 701, 828, 739, 638, 645, 763, 766, 632, 806, 834, 718, 740, 714, 715, 760, 738, 851, 945, 918, 835, 827, 726, 811, 884, 948, 1054, 1052, 953, 821, 697, 793, 892, 864, 880, 873, 808, 754, 740, 796, 830, 761, 712, 746, 841, 765, 713, 817, 794, 783, 722, 736, 826, 872, 808, 782, 750, 932, 967, 751, 811, 923, 928, 770, 734, 935, 966, 839, 870, 795, 785, 880, 818, 835, 819, 738, 696, 705, 744, 739, 668, 884, 846, 690, 656, 755, 756, 720, 758, 723, 768, 729, 699, 689, 597, 674, 776, 557, 667, 717, 643, 637, 562, 559, 591, 567, 787, 773, 576, 579, 594, 656, 603, 778, 679, 881, 894, 628, 651, 815, 914, 986, 660, 913, 1085, 760, 641, 763, 969, 864, 750, 813, 974, 802, 714, 822, 851, 846, 696, 836, 810, 717, 786, 834, 947, 1131, 810, 983, 913, 753, 626, 852, 1198, 979, 744, 854, 872, 754, 767, 863, 1037, 742, 661, 681, 602, 701, 794, 664, 697, 836, 707, 770, 818, 724, 817, 753, 802, 1126, 891, 730, 955, 828, 888, 913, 879, 1046, 937, 875, 933, 891, 824, 905, 938, 1002, 1120, 1029, 870, 781, 837, 952, 786, 905, 1244, 1099, 867, 811, 834, 958, 656, 1037, 1183, 1041, 864, 799, 801, 974, 837, 810, 774, 837, 838, 729, 786, 852, 790, 1008, 1096, 1270, 1126, 837, 1066, 1408, 1349, 1541, 1654, 1864, 1841, 1320, 1410, 2294, 2395, 1475, 1683, 1666, 1684, 1257, 1563, 2377, 2166, 1065, 1326, 1459, 1461, 959, 1202, 1882, 1687, 1124, 1009, 1292, 1393, 973, 1106, 1740, 1585, 1151, 1205, 1017, 1237, 1065, 1336, 1725, 1267, 1222, 1402, 1083, 1065, 1122, 1410, 1809, 1521, 1240, 1220, 859, 1075, 1036, 1194, 1291, 1205, 1247, 1144, 1213, 1347, 972, 1240, 1827, 1706, 1246, 1510, 1819, 1591, 955, 1431, 2430, 2182, 1265, 1822, 2652, 1917, 947, 1478, 2677, 2654, 1772, 1857, 3252, 2515, 1003, 1399, 2819, 3264, 1816, 1335, 2716, 2270, 870, 1219, 2218, 2884, 1379, 1074, 2042, 1664, 763, 1052, 1574, 2065, 1097, 1008, 1184, 1030, 687, 955, 1166, 1262, 910, 811, 900, 858, 683, 779, 1031, 1091, 816, 817, 941, 761, 571, 634, 892, 1030, 776, 766, 801, 561, 559, 723, 792, 774, 803, 793, 684, 587, 664, 777, 799, 805, 736, 755, 652, 590, 542, 684, 639, 638, 511, 522, 550, 452, 459, 543, 601, 596, 513, 493, 514, 447, 412, 550, 616, 574, 610, 507, 542, 557, 521, 465, 543, 634, 509, 444, 545, 501, 485, 513, 528, 561, 517, 459, 540, 485, 444, 479, 523, 566]"
-0.7031583786010742,0.7173141241073608,-0.6797352433204651,0.1338830590248108,-0.17476069927215576,0.029951199889183044,0.48033833503723145,-0.38823211193084717,-0.6571769714355469,20.5,-0.2869518995285034,-0.5002498626708984,21.75,-0.24918639659881592,-0.5488872528076172,17.75,1.902445912361145,1.1022090911865234,15.75,2.490386128425598,0.24504661560058594,15.75,"[588, 566, 563, 653, 704, 654, 565, 565, 650, 700, 558, 679, 713, 744, 687, 587, 604, 632, 583, 543, 540, 591, 533, 517, 518, 548, 544, 566, 545, 464, 513, 517, 579, 514, 547, 661, 624, 440, 543, 587, 529, 465, 466, 563, 543, 484, 489, 532, 527, 499, 510, 574, 556, 483, 544, 575, 502, 571, 535, 543, 540, 517, 489, 480, 519, 586, 519, 584, 532, 475, 477, 425, 489, 554, 578, 607, 519, 527, 546, 467, 519, 569, 568, 554, 523, 486, 545, 508, 496, 506, 598, 548, 507, 467, 529, 570, 537, 517, 497, 599, 540, 414, 490, 551, 600, 539, 581, 557, 552, 486, 520, 596, 603, 544, 508, 534, 549, 524, 488, 561, 532, 421, 426, 577, 593, 557, 492, 559, 543, 470, 547, 555, 481, 514, 560, 545, 534, 526, 500, 574, 533, 577, 643, 613, 601, 609, 632, 624, 514, 572, 672, 606, 607, 537, 518, 528, 508, 572, 624, 627, 573, 482, 509, 613, 542, 506, 594, 619, 536, 466, 537, 587, 595, 547, 617, 640, 568, 508, 574, 605, 561, 581, 650, 672, 603, 616, 571, 548, 485, 548, 571, 587, 642, 680, 578, 464, 550, 554, 530, 518, 726, 1115, 1127, 709, 844, 853, 785, 653, 2243, 6131, 6352, 2677, 1834, 3033, 2861, 1874, 4201, 13295, 14463, 6448, 3317, 6609, 6040, 4373, 3123, 10722, 11996, 5742, 2355, 4795, 5285, 4176, 2463, 5571, 5838, 2675, 2171, 3180, 3243, 2250, 2124, 4783, 4744, 1828, 2084, 3163, 2397, 1462, 1521, 3204, 3190, 1424, 1594, 2145, 1469, 982, 1253, 2056, 1894, 985, 953, 1291, 996, 876, 1597, 3207, 2989, 1284, 1156, 1614, 1460, 988, 2139, 5137, 5115, 2169, 1414, 2660, 2584, 1534, 1760, 4112, 4202, 1976, 1168, 2225, 2440, 1539, 1630, 3253, 3042, 1321, 1044, 1554, 2046, 1365, 2034, 3806, 3357, 1413, 1259, 1670, 2171, 1402, 1906, 3493, 3068, 1328, 1255, 1463, 1737, 1233, 1566, 2735, 2414, 1006, 1069, 1121, 1342, 839, 1524, 2302, 1866, 895, 1129, 1153, 1271, 719, 2004, 3000, 2512, 1144, 1375, 1645, 1897, 931, 2138, 3363, 2765, 1005, 1480, 1995, 2012, 1023, 6795, 10914, 7836, 907, 5268, 5064, 4298, 1005, 19001, 30523, 21814, 1621, 14148, 12786, 11485, 1514, 21343, 34291, 24935, 3490, 15859, 14785, 12554, 2402, 10958, 18617, 14702, 3561, 8866, 9136, 6423, 2121, 3902, 7116, 6221, 2223, 3706, 3994, 2418, 1308, 1959, 3261, 2728, 1099, 1951, 1881, 1324, 856, 1102, 1615, 1360, 646, 1156, 1157, 841, 621, 764, 986, 940, 616, 711, 815, 639, 590, 1136, 1173, 790, 803, 1029, 1051, 653, 709, 2231, 2341, 1729, 1590, 1762, 2006, 1354, 919, 2851, 3295, 2540, 1921, 2271, 2774, 1891, 852, 1548, 2174, 2020, 1281, 1499, 1932, 1360, 636, 3054, 4034, 2961, 1391, 2483, 2576, 1269, 1402, 4621, 6406, 4730, 1906, 3718, 3881, 2011, 1859, 3465, 5138, 4018, 1463, 2758, 3025, 1849, 1390, 3100, 4130, 2825, 1286, 2198, 2128, 1408, 1148, 3065, 3709, 2238, 1284, 2059, 1670, 1195, 1149, 2448, 3071, 1909, 966, 1681, 1385, 1037, 908, 2428, 2806, 1498, 1077, 1605, 1280, 943, 985, 1734, 1999, 1297, 974, 1179, 1027, 887, 964, 1249, 1311, 936, 783, 891, 834, 680, 759, 941, 936, 824, 750, 722, 727, 672, 673, 879, 1044, 898, 772, 768, 729, 720, 639, 887, 940, 877, 744, 728, 768, 702, 727, 949, 835, 811, 805, 668, 660, 636, 778, 810, 681, 601, 724, 704, 659, 675, 706, 797, 907, 779, 697, 606, 684, 739, 600, 715, 881, 722, 684, 725, 666, 558, 601, 764, 819, 759, 747, 803, 729, 710, 676, 686, 713, 684, 591, 693, 734, 736, 704, 737, 941, 832, 677, 790, 825, 822, 725, 910, 1022, 817, 759, 905, 844, 704, 717, 997, 1237, 926, 762, 1065, 972, 801, 697, 1084, 1268, 867, 814, 1167, 977, 742, 774, 926, 1060, 719, 782, 970, 968, 821, 723, 695, 780, 755, 707, 867, 895, 766, 637, 788, 947, 902, 895, 950, 1045, 901, 691, 791, 1053, 929, 911, 912, 816, 798, 715, 827, 1017, 979, 894, 750, 854, 926, 750, 906, 947, 842, 725, 808, 1023, 894, 681, 951, 1061, 1099, 799, 977, 1256, 1130, 755, 990, 1069, 1278, 974, 994, 1476, 1288, 814, 847, 884, 1067, 952, 887, 1061, 883, 727, 701, 829, 781, 645, 669, 840, 798, 589, 651, 755, 700, 670, 625, 739, 706, 549, 747, 729, 713, 710, 675, 661, 626, 627, 683, 725, 762, 794, 719, 637, 665, 675, 681, 707, 637, 759, 710, 616, 688, 613, 830, 847, 676, 705, 715, 647, 717, 688, 879, 885, 691, 666, 745, 956, 989, 896, 1191, 1172, 935, 729, 1063, 1348, 1339, 1124, 1803, 1679, 1117, 847, 1456, 1918, 1785, 1482, 1612, 1563, 1146, 814, 1307, 1683, 1528, 1245, 907, 1041, 870, 692, 840, 1062, 896, 744, 639, 687, 590, 627, 616, 767, 789, 658, 769, 807, 830, 796, 731, 825, 815, 690, 817, 940, 934, 892, 909, 896, 822, 727, 811, 879, 947, 944, 895, 977, 901, 721, 684, 857, 941, 791, 712, 995, 981, 697, 767, 767, 809, 716, 768, 925, 883, 730, 774, 762, 732, 715, 631, 766, 782, 691, 899, 1254, 1357, 1052, 865, 1096, 1355, 1170, 1948, 3106, 3894, 2966, 2125, 2609, 3937, 3730, 2906, 4186, 5630, 4491, 2866, 3269, 5320, 5362, 2388, 2540, 4062, 3469, 1896, 1767, 3248, 3715, 2010, 1802, 2548, 2482, 1647, 1648, 2496, 2600, 1474, 1358, 2008, 2093, 1265, 1263, 1556, 1601, 1392, 1221, 2173, 2124, 1222, 1192, 1331, 1745, 1439, 1341, 2144, 2007, 1115, 1519, 1840, 1817, 1332, 1452, 1666, 1469, 1181, 1688, 1889, 1615, 1773, 1839, 1693, 1536, 1392, 1876, 2073, 1747, 1835, 1754, 2182, 1904, 1094, 1804, 2136, 1886, 1754, 2025, 2443, 1791, 1086, 2063, 2008, 1589, 1669, 2052, 2073, 1383, 1094, 2123, 2097, 1384, 1246, 1540, 1642, 1218, 942, 1631, 1648, 1112, 894, 1058, 1374, 1157, 827, 1081, 1192, 993, 873, 886, 1080, 970, 760, 985, 845, 853, 780, 909, 936, 816, 674, 756, 759, 728, 632, 887, 864, 688, 747, 777, 840, 811, 636, 770, 892, 821, 714, 857, 1142, 1051, 652, 763, 816, 772, 572, 750, 987, 937, 500, 706, 831, 714, 493, 677, 757, 672, 603, 626, 722, 726, 629, 686, 661, 625, 563, 685, 707, 592, 613, 688, 672, 555, 493, 562, 621, 552, 546, 644, 551, 492]"
-0.6945549249649048,0.48416757583618164,-0.9322084784507751,0.08752141892910004,-0.47568047046661377,-0.12764114141464233,0.29992812871932983,-0.21833676099777222,-0.6149768829345703,25.0,-0.07499951124191284,-0.5297183990478516,15.25,0.026566803455352783,0.7686138153076172,17.0,0.08807879686355591,-0.31371116638183594,16.5,0.37203532457351685,0.2799510955810547,18.25,"[556, 555, 587, 630, 635, 630, 589, 550, 593, 572, 564, 630, 691, 662, 584, 596, 503, 468, 495, 551, 570, 538, 486, 528, 523, 454, 429, 495, 436, 402, 452, 538, 524, 600, 473, 374, 503, 623, 485, 418, 549, 512, 516, 473, 525, 600, 548, 492, 545, 502, 478, 494, 537, 516, 492, 607, 473, 540, 557, 506, 490, 539, 585, 537, 470, 504, 482, 431, 461, 461, 497, 500, 581, 548, 503, 536, 547, 535, 503, 559, 520, 526, 497, 499, 563, 477, 472, 577, 480, 512, 534, 545, 521, 450, 521, 500, 499, 582, 574, 598, 570, 471, 581, 527, 577, 663, 601, 560, 578, 487, 514, 484, 554, 571, 570, 550, 519, 511, 422, 472, 557, 513, 519, 527, 515, 500, 474, 487, 520, 544, 564, 416, 424, 483, 485, 513, 583, 508, 574, 533, 475, 533, 467, 552, 688, 538, 433, 517, 555, 531, 465, 637, 683, 605, 535, 586, 603, 555, 505, 573, 566, 571, 509, 526, 579, 551, 517, 562, 658, 630, 549, 544, 580, 579, 543, 533, 613, 620, 510, 546, 638, 667, 592, 540, 571, 605, 580, 570, 590, 588, 556, 492, 458, 516, 512, 457, 518, 577, 524, 436, 720, 826, 595, 731, 1182, 1064, 611, 566, 1803, 2689, 1754, 1622, 3707, 3494, 1379, 955, 2224, 3684, 2653, 1499, 4436, 4522, 2002, 949, 2346, 3344, 2735, 1887, 3086, 3025, 1657, 1146, 6956, 10135, 6879, 4418, 9160, 7934, 2868, 2178, 7828, 11512, 7669, 4388, 10007, 8505, 2981, 2116, 3921, 5937, 3969, 1583, 4640, 4166, 1737, 1093, 1259, 2188, 2061, 1034, 1306, 1447, 1006, 652, 936, 1308, 1249, 915, 1188, 1123, 824, 551, 791, 1043, 940, 652, 807, 842, 710, 617, 885, 1376, 1245, 743, 791, 873, 725, 622, 976, 1629, 1586, 903, 890, 844, 801, 711, 1286, 2081, 1857, 882, 1326, 1262, 1074, 817, 2197, 3278, 2284, 1213, 2696, 2463, 1230, 768, 2537, 3593, 2289, 2085, 3710, 3084, 1299, 912, 2081, 2846, 1900, 1880, 3075, 2482, 1113, 890, 1024, 1576, 1433, 1112, 1374, 1219, 801, 741, 869, 1070, 1077, 911, 969, 854, 708, 669, 821, 922, 825, 692, 851, 993, 792, 638, 738, 959, 895, 695, 857, 993, 738, 522, 682, 780, 726, 642, 814, 864, 674, 540, 1227, 1273, 746, 1260, 2043, 1778, 761, 871, 1954, 2230, 1109, 2155, 3603, 2871, 987, 1264, 2229, 2448, 1148, 2338, 3583, 2692, 920, 1394, 1899, 2085, 1382, 1813, 2638, 2106, 1065, 1265, 1362, 1729, 1290, 1586, 2299, 2118, 1128, 1015, 1519, 2174, 1440, 1818, 2722, 2328, 1167, 832, 2464, 3047, 2041, 2628, 3538, 2860, 1552, 1231, 2350, 2798, 1747, 2512, 3226, 2452, 1375, 1336, 1374, 1666, 1103, 1350, 1931, 1533, 872, 815, 954, 1223, 823, 825, 1385, 1126, 659, 622, 886, 1231, 957, 743, 1178, 1038, 661, 642, 1038, 1319, 1097, 826, 1122, 969, 610, 685, 934, 1093, 872, 794, 1071, 836, 615, 729, 697, 816, 716, 698, 729, 680, 604, 634, 693, 691, 740, 738, 664, 726, 698, 655, 674, 765, 775, 752, 873, 807, 705, 627, 712, 678, 687, 651, 845, 879, 688, 656, 740, 673, 623, 692, 847, 783, 648, 648, 611, 628, 654, 688, 710, 729, 631, 538, 646, 617, 680, 670, 680, 676, 645, 626, 608, 628, 571, 556, 678, 626, 606, 613, 646, 684, 595, 670, 723, 579, 617, 630, 629, 773, 724, 606, 715, 767, 740, 509, 638, 687, 744, 671, 667, 735, 704, 612, 641, 824, 779, 695, 689, 728, 693, 588, 709, 740, 668, 772, 849, 729, 627, 612, 649, 694, 689, 759, 772, 721, 668, 582, 679, 730, 716, 693, 767, 705, 564, 592, 595, 653, 716, 734, 706, 606, 594, 602, 628, 627, 623, 668, 730, 605, 539, 504, 712, 568, 526, 553, 611, 618, 509, 586, 674, 601, 619, 599, 705, 811, 686, 634, 617, 746, 733, 614, 698, 798, 706, 625, 730, 712, 643, 577, 663, 746, 619, 528, 633, 606, 564, 591, 640, 588, 492, 533, 655, 757, 646, 555, 581, 648, 607, 544, 595, 680, 696, 730, 671, 692, 669, 581, 700, 721, 619, 659, 693, 646, 603, 601, 689, 762, 636, 748, 810, 765, 631, 533, 803, 788, 851, 1030, 1038, 1083, 901, 653, 817, 629, 811, 1065, 1005, 853, 856, 730, 730, 769, 739, 711, 695, 731, 674, 595, 697, 771, 645, 627, 619, 681, 665, 543, 823, 813, 656, 632, 740, 759, 609, 573, 650, 620, 704, 600, 674, 794, 694, 639, 665, 728, 611, 687, 804, 702, 614, 616, 573, 630, 553, 720, 826, 692, 610, 573, 549, 647, 645, 612, 736, 700, 610, 545, 771, 811, 727, 737, 828, 859, 835, 696, 969, 1130, 885, 879, 1201, 1168, 1106, 859, 853, 988, 860, 950, 1261, 1240, 1014, 804, 706, 855, 760, 969, 1222, 1171, 896, 642, 697, 834, 670, 850, 1062, 1044, 873, 671, 612, 785, 691, 699, 959, 989, 892, 650, 712, 784, 611, 738, 861, 839, 756, 578, 763, 726, 799, 1011, 973, 799, 792, 620, 721, 770, 771, 1047, 1038, 838, 861, 645, 725, 776, 750, 880, 973, 793, 693, 626, 699, 701, 704, 665, 630, 713, 602, 608, 675, 726, 658, 741, 854, 703, 707, 729, 781, 908, 1239, 1318, 1100, 1024, 1155, 1123, 916, 1461, 2229, 1821, 1046, 1358, 1892, 1749, 973, 1475, 2034, 1451, 922, 1359, 1782, 1656, 793, 1373, 1540, 1158, 952, 1254, 1482, 1442, 819, 1213, 1242, 984, 873, 1392, 1617, 1293, 831, 1081, 1232, 1265, 725, 1312, 1630, 1058, 876, 911, 884, 915, 656, 1001, 1066, 745, 721, 895, 928, 771, 790, 818, 799, 676, 648, 1013, 1173, 863, 878, 1094, 1015, 645, 827, 995, 982, 689, 820, 1205, 986, 760, 822, 982, 1111, 886, 810, 1163, 1129, 920, 667, 965, 1094, 926, 814, 1071, 1143, 870, 701, 789, 920, 708, 683, 831, 774, 792, 561, 671, 756, 605, 552, 582, 690, 764, 483, 741, 828, 697, 544, 599, 699, 678, 580, 733, 784, 655, 668, 780, 823, 791, 557, 651, 612, 526, 508, 673, 661, 496, 509, 550, 568, 647, 596, 658, 591, 497, 494, 503, 548, 636, 580, 538, 543, 466, 434, 466, 607, 631, 565, 526, 481, 474, 545, 424, 530, 628, 516, 465, 456, 522, 526, 499, 535, 536, 443, 458, 555, 555]"
-0.6152282953262329,0.2653060555458069,-0.7576629519462585,0.1869676411151886,-0.7192782759666443,0.13839463889598846,0.22982223331928253,-0.45418864488601685,-1.023244857788086,17.75,0.07367008924484253,1.210784912109375,15.25,0.09741657972335815,0.6713390350341797,20.75,0.14591091871261597,-0.5280017852783203,17.75,0.3410326838493347,0.6867885589599609,17.75,"[516, 604, 704, 672, 611, 668, 705, 606, 470, 542, 592, 665, 630, 639, 650, 574, 413, 538, 647, 580, 530, 602, 646, 529, 437, 434, 496, 478, 491, 525, 521, 496, 527, 473, 414, 472, 548, 492, 450, 464, 524, 524, 427, 464, 562, 543, 470, 451, 522, 551, 549, 494, 507, 482, 524, 571, 636, 587, 539, 543, 540, 543, 565, 602, 573, 440, 491, 578, 588, 535, 509, 555, 468, 495, 534, 527, 542, 542, 476, 434, 560, 528, 565, 503, 584, 572, 489, 510, 511, 446, 538, 543, 522, 534, 612, 559, 546, 522, 557, 517, 468, 418, 579, 589, 571, 563, 601, 560, 538, 523, 613, 680, 524, 572, 641, 612, 528, 629, 633, 532, 598, 607, 631, 510, 542, 596, 512, 534, 519, 498, 580, 559, 544, 553, 538, 628, 576, 450, 511, 561, 546, 488, 557, 669, 592, 526, 493, 553, 564, 536, 593, 561, 571, 505, 461, 529, 508, 521, 565, 577, 457, 416, 513, 566, 578, 535, 521, 543, 529, 471, 549, 613, 591, 565, 609, 582, 648, 545, 478, 542, 600, 585, 487, 579, 570, 498, 585, 577, 566, 560, 507, 616, 681, 528, 530, 569, 526, 515, 463, 563, 622, 579, 616, 675, 561, 467, 552, 618, 692, 582, 556, 640, 551, 552, 599, 685, 1552, 1598, 1038, 1246, 1383, 1195, 983, 993, 2531, 3779, 3705, 2770, 2782, 3107, 2171, 1512, 2193, 4929, 5616, 3084, 2950, 4707, 3185, 1283, 1694, 3548, 4122, 2253, 2807, 4123, 2974, 1151, 1378, 2399, 2325, 1522, 2326, 2848, 1968, 951, 1721, 3091, 2684, 1149, 2644, 3292, 2038, 933, 1077, 1725, 1622, 1107, 1611, 1844, 1211, 876, 1673, 2730, 2053, 1604, 2946, 2825, 1394, 1047, 4304, 6709, 3984, 3400, 8557, 7636, 2487, 1822, 5350, 7851, 4372, 4104, 9649, 8242, 2437, 2036, 3221, 4442, 2545, 2538, 5117, 4245, 1459, 1233, 1226, 1625, 1307, 1048, 1597, 1516, 911, 778, 1126, 1282, 1127, 947, 1121, 1132, 823, 818, 1103, 1210, 1013, 997, 1260, 1178, 798, 810, 914, 1003, 756, 874, 1125, 921, 674, 625, 812, 807, 667, 694, 976, 957, 723, 628, 673, 660, 637, 698, 925, 928, 673, 657, 666, 671, 519, 687, 928, 882, 602, 636, 606, 715, 631, 594, 863, 781, 613, 651, 587, 597, 686, 655, 758, 737, 576, 638, 641, 692, 620, 591, 809, 847, 579, 523, 658, 767, 612, 641, 806, 843, 642, 529, 755, 892, 823, 861, 974, 874, 794, 724, 1123, 1147, 942, 1342, 1700, 1324, 868, 947, 1200, 1258, 1121, 1582, 2048, 1692, 1000, 1002, 884, 1081, 911, 1334, 1577, 1288, 813, 663, 771, 888, 739, 864, 1173, 1011, 594, 621, 734, 850, 792, 800, 1012, 888, 658, 634, 601, 713, 655, 763, 774, 665, 619, 577, 523, 640, 569, 559, 695, 602, 629, 578, 611, 693, 762, 591, 624, 673, 653, 701, 558, 670, 723, 546, 511, 653, 666, 590, 710, 604, 576, 638, 629, 709, 693, 637, 608, 531, 566, 596, 626, 682, 661, 636, 635, 692, 708, 566, 643, 760, 713, 645, 518, 616, 625, 668, 735, 731, 661, 523, 607, 637, 547, 568, 691, 669, 624, 516, 561, 682, 616, 476, 593, 724, 567, 453, 666, 666, 606, 528, 623, 716, 560, 516, 633, 635, 617, 654, 654, 608, 546, 559, 618, 687, 654, 585, 625, 664, 580, 522, 631, 721, 677, 614, 660, 732, 632, 561, 687, 695, 698, 631, 718, 839, 757, 754, 649, 694, 660, 604, 629, 681, 701, 637, 595, 624, 568, 498, 567, 676, 650, 547, 611, 612, 630, 559, 588, 662, 628, 615, 602, 654, 666, 650, 671, 670, 653, 589, 585, 714, 683, 600, 660, 751, 640, 556, 571, 705, 719, 584, 692, 730, 668, 646, 561, 625, 670, 628, 606, 640, 657, 596, 601, 579, 589, 635, 709, 620, 578, 650, 568, 472, 582, 634, 637, 586, 609, 657, 623, 701, 599, 513, 599, 725, 724, 661, 669, 778, 630, 539, 645, 687, 642, 578, 658, 704, 713, 608, 672, 653, 563, 591, 591, 697, 655, 640, 683, 634, 619, 497, 550, 630, 614, 613, 655, 602, 618, 561, 585, 541, 593, 605, 618, 543, 525, 580, 669, 686, 586, 700, 774, 634, 545, 603, 631, 645, 575, 645, 638, 533, 541, 534, 600, 625, 605, 640, 603, 603, 531, 453, 681, 619, 642, 722, 711, 667, 564, 569, 708, 646, 714, 828, 805, 669, 639, 676, 547, 544, 612, 656, 738, 613, 543, 583, 571, 555, 590, 729, 742, 561, 620, 626, 568, 550, 574, 645, 540, 606, 669, 571, 621, 705, 556, 591, 553, 660, 676, 505, 587, 634, 574, 482, 553, 721, 646, 572, 621, 570, 580, 565, 582, 534, 570, 673, 624, 593, 612, 612, 592, 599, 581, 602, 612, 602, 576, 607, 662, 696, 575, 550, 591, 597, 556, 579, 613, 586, 565, 569, 623, 616, 604, 683, 635, 515, 546, 606, 611, 657, 683, 691, 626, 680, 653, 524, 700, 661, 679, 731, 683, 753, 641, 639, 656, 630, 641, 570, 616, 663, 547, 549, 623, 727, 748, 605, 645, 742, 682, 606, 639, 625, 762, 735, 549, 657, 645, 538, 627, 594, 667, 724, 611, 687, 654, 581, 671, 576, 611, 705, 674, 648, 655, 690, 762, 610, 710, 865, 656, 593, 700, 725, 705, 592, 937, 1094, 631, 714, 819, 630, 855, 692, 826, 948, 735, 843, 857, 771, 734, 682, 669, 723, 665, 616, 663, 677, 689, 661, 716, 622, 587, 618, 704, 724, 602, 738, 733, 656, 613, 649, 794, 756, 613, 680, 755, 722, 569, 669, 797, 687, 725, 697, 788, 755, 636, 768, 762, 640, 707, 727, 720, 721, 845, 896, 726, 667, 735, 812, 789, 666, 680, 896, 837, 661, 706, 723, 714, 690, 757, 721, 698, 637, 685, 711, 673, 635, 756, 729, 645, 691, 610, 593, 654, 689, 626, 634, 650, 654, 496, 503, 490, 545, 556, 559, 556, 533, 501, 560, 526, 536, 543, 541, 549, 521, 458, 593, 550, 490, 505, 524, 525, 445, 578, 658, 611, 540, 564, 658, 564, 475, 499, 560, 490, 448, 541, 599, 584, 438, 473, 541, 572, 519, 527, 593, 445, 442, 449, 464, 493, 513, 472, 499, 469, 479, 443, 485, 534, 501, 424, 517, 562, 466]"
-0.6321987509727478,-0.0746239498257637,-0.13760444521903992,-0.06253234297037125,-1.2259595394134521,0.9000607132911682,-0.31847667694091797,-0.07918822765350342,-0.9272575378417969,19.25,0.040831685066223145,-0.7005214691162109,17.25,0.11307251453399658,0.8391380310058594,18.0,0.20677101612091064,-0.5185604095458984,21.0,0.21978867053985596,-0.5139827728271484,18.5,"[392, 452, 518, 521, 531, 521, 521, 454, 521, 532, 576, 537, 511, 581, 564, 485, 513, 519, 547, 465, 479, 584, 562, 563, 549, 553, 518, 439, 536, 573, 524, 549, 516, 539, 438, 470, 469, 459, 480, 530, 501, 579, 548, 521, 557, 545, 579, 513, 677, 623, 513, 599, 622, 564, 570, 602, 563, 549, 540, 600, 626, 584, 610, 597, 470, 527, 551, 574, 561, 526, 615, 602, 463, 515, 512, 490, 478, 477, 535, 544, 483, 507, 446, 425, 497, 531, 479, 487, 553, 533, 502, 503, 569, 613, 531, 522, 549, 516, 480, 527, 532, 479, 492, 548, 614, 600, 534, 567, 626, 550, 553, 551, 518, 574, 529, 531, 544, 674, 625, 479, 546, 544, 498, 536, 478, 610, 660, 515, 491, 527, 508, 457, 485, 488, 528, 522, 563, 630, 577, 560, 593, 493, 476, 544, 554, 579, 542, 613, 650, 552, 528, 484, 441, 526, 579, 462, 480, 536, 477, 433, 527, 597, 673, 609, 499, 463, 554, 571, 523, 601, 674, 715, 591, 534, 632, 563, 531, 589, 617, 614, 584, 603, 670, 526, 511, 541, 576, 536, 495, 525, 556, 538, 442, 459, 553, 504, 459, 547, 600, 502, 558, 542, 530, 509, 464, 527, 548, 562, 527, 501, 631, 614, 586, 598, 540, 572, 495, 455, 627, 669, 527, 510, 603, 541, 658, 1151, 1672, 1268, 793, 1431, 1429, 889, 1406, 3862, 5022, 2748, 2138, 4805, 3987, 1655, 2012, 5508, 6669, 3181, 3462, 6842, 5370, 1765, 1599, 3775, 4343, 2101, 2403, 4289, 3401, 1380, 1108, 1706, 1697, 1074, 1128, 1520, 1225, 786, 1704, 2401, 1842, 1192, 2083, 2363, 1707, 1030, 2562, 3601, 2444, 1268, 3058, 3749, 2750, 1314, 2172, 2922, 2186, 1214, 2648, 3557, 2672, 1290, 1227, 1749, 1530, 1004, 1678, 2277, 1633, 865, 832, 1073, 1208, 802, 1089, 1437, 1084, 668, 689, 937, 865, 670, 907, 876, 727, 629, 729, 916, 1063, 946, 799, 844, 810, 694, 902, 1810, 2076, 1356, 1257, 1763, 1343, 773, 1269, 2511, 2817, 1342, 1878, 2768, 2000, 896, 1190, 1983, 2111, 940, 1646, 2281, 1670, 772, 933, 1247, 1238, 820, 1313, 1426, 1135, 828, 1000, 1157, 952, 1268, 1588, 1264, 978, 923, 1308, 1605, 1053, 1665, 2685, 2161, 1091, 1114, 1178, 1382, 948, 1343, 2097, 1824, 884, 955, 855, 900, 697, 928, 1200, 945, 571, 755, 782, 880, 709, 726, 957, 833, 635, 672, 731, 882, 838, 701, 748, 937, 789, 578, 681, 681, 701, 838, 876, 970, 756, 597, 741, 785, 743, 831, 911, 944, 687, 659, 925, 1003, 898, 857, 1029, 949, 778, 696, 1266, 1453, 1262, 1233, 1457, 1434, 1034, 782, 1430, 1652, 1514, 1492, 1668, 1699, 1204, 928, 1158, 1397, 1317, 1115, 1261, 1381, 1117, 955, 1077, 1123, 1000, 973, 1290, 1345, 1041, 939, 857, 862, 690, 759, 1171, 1210, 901, 753, 742, 745, 645, 672, 989, 1047, 632, 554, 710, 743, 605, 693, 809, 788, 598, 565, 571, 786, 731, 554, 751, 751, 653, 558, 625, 826, 701, 729, 907, 865, 672, 556, 586, 758, 756, 586, 762, 821, 720, 612, 626, 771, 720, 517, 743, 915, 767, 602, 632, 673, 582, 483, 621, 713, 576, 465, 568, 667, 713, 579, 639, 668, 638, 537, 562, 709, 706, 589, 657, 665, 592, 577, 623, 760, 683, 537, 660, 717, 562, 495, 587, 638, 682, 648, 617, 568, 569, 702, 600, 595, 638, 629, 624, 537, 565, 671, 605, 712, 661, 586, 673, 696, 689, 598, 682, 785, 712, 604, 669, 673, 597, 645, 586, 656, 619, 525, 548, 653, 592, 511, 624, 720, 683, 603, 651, 681, 685, 634, 731, 814, 646, 656, 841, 767, 592, 580, 727, 783, 523, 658, 908, 766, 560, 593, 466, 516, 566, 621, 636, 645, 611, 460, 619, 640, 582, 489, 590, 658, 534, 512, 592, 634, 656, 582, 556, 539, 542, 614, 540, 561, 503, 530, 547, 530, 490, 510, 637, 647, 641, 628, 659, 610, 589, 567, 661, 700, 652, 610, 714, 704, 640, 610, 602, 677, 663, 615, 643, 684, 641, 567, 609, 631, 614, 621, 784, 808, 604, 527, 536, 595, 651, 657, 724, 803, 711, 581, 559, 689, 696, 754, 743, 681, 711, 648, 618, 602, 712, 808, 668, 608, 663, 662, 716, 614, 624, 819, 780, 621, 671, 741, 710, 712, 609, 699, 766, 672, 638, 725, 673, 658, 646, 729, 782, 617, 623, 699, 758, 563, 812, 957, 806, 615, 693, 818, 776, 730, 905, 998, 853, 720, 789, 774, 623, 601, 835, 869, 654, 755, 828, 722, 519, 634, 712, 599, 554, 702, 756, 633, 582, 596, 505, 526, 534, 568, 637, 591, 660, 638, 578, 637, 563, 553, 622, 660, 547, 545, 579, 613, 625, 517, 511, 593, 692, 579, 724, 794, 679, 556, 564, 742, 766, 670, 726, 700, 604, 586, 560, 714, 722, 772, 739, 634, 778, 824, 750, 681, 556, 629, 648, 679, 584, 505, 596, 626, 586, 580, 668, 642, 578, 501, 632, 644, 652, 625, 681, 649, 715, 669, 601, 648, 766, 732, 621, 709, 842, 839, 665, 675, 702, 691, 737, 696, 838, 794, 589, 633, 717, 647, 795, 880, 982, 921, 713, 766, 673, 652, 715, 748, 1035, 1060, 687, 627, 581, 712, 706, 679, 895, 978, 739, 575, 624, 727, 710, 689, 789, 838, 764, 585, 731, 800, 838, 897, 851, 897, 937, 745, 861, 920, 1041, 1033, 779, 884, 952, 788, 835, 827, 1083, 1106, 738, 885, 938, 674, 727, 802, 1256, 1305, 749, 852, 917, 704, 707, 817, 1145, 1084, 696, 843, 901, 729, 720, 732, 672, 782, 740, 746, 810, 745, 624, 734, 739, 672, 699, 589, 650, 660, 656, 686, 691, 673, 694, 571, 529, 594, 862, 744, 590, 826, 789, 651, 617, 624, 860, 929, 780, 903, 919, 835, 787, 742, 785, 997, 827, 703, 653, 850, 910, 665, 776, 853, 696, 689, 633, 755, 800, 648, 662, 662, 691, 730, 615, 607, 754, 681, 522, 574, 637, 673, 581, 515, 616, 534, 448, 533, 612, 561, 463, 475, 627, 585, 553, 529, 507, 588, 518, 526, 590, 517, 461, 555, 571, 564, 500, 598, 684, 517, 392, 465, 599, 604, 445, 468, 547, 475, 470, 457, 655, 634, 579, 535, 522, 468]"
-0.5505138635635376,-0.21705590188503265,0.5314000844955444,0.07099105417728424,-1.3459028005599976,1.5918810367584229,-0.24038676917552948,0.18951648473739624,-0.4855155944824219,15.25,0.21197551488876343,-0.29196739196777344,22.5,0.2278541922569275,-0.3962516784667969,17.0,0.22971385717391968,-0.5633354187011719,15.5,0.24044269323349,-0.33931732177734375,15.5,"[562, 632, 610, 630, 682, 630, 609, 630, 591, 691, 602, 674, 730, 661, 602, 593, 557, 674, 627, 561, 677, 731, 572, 487, 521, 571, 540, 552, 610, 622, 551, 491, 471, 446, 417, 513, 548, 531, 537, 446, 528, 434, 439, 534, 534, 503, 542, 541, 462, 462, 480, 488, 493, 460, 499, 506, 498, 442, 439, 487, 535, 532, 463, 460, 413, 475, 444, 443, 475, 485, 448, 375, 517, 533, 528, 561, 542, 522, 512, 506, 626, 557, 646, 609, 560, 563, 671, 733, 596, 549, 568, 531, 544, 506, 505, 624, 505, 402, 439, 507, 596, 531, 482, 547, 554, 523, 555, 532, 536, 524, 559, 603, 492, 593, 658, 544, 453, 521, 611, 527, 549, 627, 603, 477, 480, 566, 608, 547, 562, 601, 582, 557, 493, 526, 618, 579, 585, 557, 524, 557, 591, 561, 564, 564, 584, 601, 531, 561, 518, 474, 621, 577, 580, 600, 585, 583, 509, 590, 641, 553, 538, 492, 461, 480, 417, 415, 452, 485, 535, 546, 541, 534, 477, 493, 593, 535, 478, 457, 508, 495, 437, 469, 617, 650, 600, 541, 517, 495, 530, 529, 557, 591, 516, 664, 640, 534, 591, 641, 610, 483, 540, 601, 611, 580, 611, 580, 536, 524, 461, 532, 563, 523, 440, 515, 573, 520, 455, 521, 530, 519, 490, 503, 482, 425, 516, 535, 490, 414, 381, 498, 496, 527, 677, 771, 837, 756, 546, 701, 780, 686, 1045, 2477, 3382, 2135, 1534, 3923, 3946, 1947, 1731, 5435, 7707, 4501, 3596, 8936, 8339, 3355, 1456, 5078, 7327, 4439, 3068, 7703, 7110, 2769, 916, 2386, 3322, 2343, 1633, 3113, 2940, 1596, 1251, 3455, 4167, 2235, 1718, 3624, 3248, 1762, 2075, 4932, 5491, 3046, 1833, 4609, 4475, 2247, 2667, 4675, 4348, 2324, 1961, 3976, 4072, 2004, 2083, 2906, 2468, 1386, 1731, 2858, 2950, 1823, 1343, 1884, 1738, 1002, 1183, 1693, 1534, 1290, 914, 1168, 1150, 834, 1020, 1181, 990, 894, 685, 717, 726, 682, 709, 721, 604, 636, 579, 706, 762, 602, 604, 712, 717, 561, 594, 666, 708, 662, 702, 742, 676, 646, 811, 783, 823, 850, 897, 898, 867, 897, 1160, 1190, 1648, 1659, 1170, 1574, 2097, 1866, 1137, 1639, 2289, 2117, 1298, 2395, 3093, 2294, 955, 1363, 1709, 1450, 1019, 1917, 2187, 1474, 845, 793, 820, 898, 964, 1046, 925, 860, 746, 745, 683, 756, 873, 708, 651, 682, 606, 692, 657, 724, 713, 628, 644, 667, 568, 722, 731, 611, 728, 701, 678, 619, 626, 761, 758, 722, 971, 922, 696, 675, 704, 883, 797, 773, 1056, 1002, 743, 643, 982, 1117, 894, 730, 1035, 1128, 780, 685, 880, 1070, 963, 822, 1053, 1180, 843, 660, 803, 1023, 985, 758, 807, 1081, 1016, 700, 985, 1172, 1152, 1000, 1058, 1195, 1123, 881, 1209, 1122, 1174, 1451, 1582, 1352, 1168, 1180, 885, 966, 1016, 1230, 1359, 1127, 1172, 1163, 639, 778, 851, 892, 915, 806, 781, 774, 598, 673, 730, 704, 629, 697, 675, 609, 671, 677, 815, 693, 651, 724, 711, 673, 677, 723, 724, 646, 660, 673, 605, 585, 685, 776, 733, 578, 620, 699, 646, 607, 615, 659, 649, 533, 484, 606, 614, 529, 577, 584, 657, 688, 565, 624, 635, 546, 575, 695, 720, 624, 506, 700, 654, 501, 622, 615, 532, 531, 732, 806, 625, 570, 581, 679, 696, 582, 616, 735, 562, 479, 661, 672, 641, 574, 650, 724, 601, 598, 599, 591, 754, 720, 667, 693, 637, 653, 640, 689, 751, 665, 578, 700, 656, 599, 587, 653, 682, 628, 540, 614, 626, 630, 571, 655, 691, 665, 684, 646, 563, 578, 568, 561, 621, 660, 690, 675, 586, 545, 514, 617, 639, 572, 557, 591, 539, 499, 591, 560, 669, 658, 524, 592, 669, 633, 664, 564, 627, 642, 626, 713, 662, 684, 559, 595, 697, 588, 585, 617, 513, 623, 584, 552, 656, 596, 627, 575, 571, 675, 602, 601, 643, 682, 728, 613, 551, 681, 592, 663, 655, 616, 659, 643, 624, 656, 582, 657, 680, 565, 549, 601, 695, 651, 613, 721, 708, 659, 662, 593, 585, 605, 580, 613, 596, 560, 636, 678, 730, 662, 713, 715, 627, 689, 708, 682, 725, 699, 671, 726, 690, 602, 803, 893, 665, 635, 748, 724, 679, 621, 766, 812, 697, 722, 585, 646, 695, 657, 643, 626, 672, 732, 623, 556, 666, 717, 673, 613, 661, 732, 644, 588, 556, 671, 581, 614, 648, 646, 688, 641, 638, 674, 582, 657, 751, 662, 717, 622, 677, 676, 559, 618, 660, 706, 690, 653, 631, 663, 654, 652, 633, 596, 617, 636, 575, 550, 697, 705, 551, 520, 582, 573, 594, 574, 569, 623, 556, 532, 557, 508, 457, 487, 478, 506, 486, 504, 521, 575, 629, 634, 568, 578, 581, 550, 539, 689, 646, 593, 607, 556, 569, 549, 574, 659, 583, 531, 639, 604, 657, 662, 710, 558, 537, 557, 543, 591, 619, 713, 611, 612, 677, 604, 626, 614, 605, 609, 595, 591, 648, 615, 587, 603, 527, 549, 681, 664, 636, 606, 717, 759, 576, 574, 726, 866, 717, 679, 968, 936, 625, 579, 731, 959, 758, 775, 959, 902, 709, 655, 690, 745, 748, 849, 849, 652, 666, 739, 759, 657, 656, 779, 780, 604, 775, 896, 745, 601, 661, 717, 647, 616, 759, 838, 755, 923, 961, 808, 742, 1012, 1103, 850, 1101, 1448, 1412, 1112, 1082, 1650, 1958, 1369, 1232, 1669, 1842, 1640, 1373, 1970, 2310, 1732, 1173, 1438, 1849, 1669, 1121, 1461, 1736, 1463, 1093, 1067, 1467, 1372, 843, 1063, 1171, 1125, 774, 719, 988, 852, 613, 821, 802, 784, 581, 692, 726, 555, 697, 764, 673, 629, 532, 671, 700, 597, 736, 784, 688, 507, 611, 831, 914, 699, 713, 801, 747, 567, 694, 797, 744, 668, 682, 649, 631, 549, 699, 749, 671, 610, 629, 743, 739, 620, 664, 697, 742, 583, 508, 763, 752, 543, 682, 753, 597, 548, 517, 554, 563, 513, 622, 664, 603, 610, 614, 605, 558, 498, 570, 540, 580, 698, 653, 611, 627, 641, 450, 512, 544, 584, 557, 558, 614, 593, 410, 483, 506, 492, 513, 559, 599, 490, 407, 461, 473, 504, 513, 510, 512, 549, 449, 442, 508, 443, 458, 465, 439, 505]"
0.0009393393993377686,0.05691692233085632,-0.21067343652248383,0.2290981113910675,0.35249459743499756,-0.20543432235717773,0.34029412269592285,-0.6581145524978638,1.1043548583984375,19.5,-0.5704241991043091,0.9076595306396484,25.25,-0.472148060798645,0.9036540985107422,-30.25,-0.42694389820098877,0.7920742034912109,-28.25,-0.10336220264434814,1.1708736419677734,15.75,"[772, 606, 485, 573, 603, 573, 485, 605, 637, 644, 644, 667, 669, 593, 472, 485, 607, 714, 657, 563, 580, 608, 478, 432, 566, 606, 604, 557, 523, 511, 443, 517, 519, 521, 531, 517, 499, 490, 488, 522, 515, 511, 475, 445, 521, 558, 500, 414, 538, 571, 517, 476, 568, 601, 568, 557, 591, 586, 490, 565, 635, 515, 519, 589, 581, 555, 507, 563, 589, 499, 524, 579, 706, 613, 472, 520, 618, 527, 485, 688, 578, 593, 546, 454, 566, 648, 625, 529, 668, 643, 578, 563, 532, 568, 583, 506, 605, 618, 533, 475, 535, 574, 498, 445, 562, 596, 579, 525, 495, 595, 538, 541, 603, 479, 558, 635, 554, 515, 506, 614, 610, 429, 508, 666, 620, 577, 540, 606, 611, 580, 551, 506, 624, 603, 548, 615, 553, 666, 593, 480, 546, 509, 568, 558, 544, 609, 611, 541, 534, 548, 564, 586, 592, 549, 605, 576, 635, 524, 516, 642, 568, 540, 589, 589, 524, 473, 523, 581, 527, 532, 543, 539, 545, 526, 514, 537, 402, 439, 556, 584, 494, 559, 669, 522, 570, 643, 571, 541, 556, 601, 674, 558, 576, 610, 506, 526, 554, 548, 573, 528, 529, 548, 440, 497, 518, 508, 542, 481, 656, 539, 536, 556, 491, 512, 603, 703, 568, 510, 471, 494, 485, 553, 567, 529, 599, 516, 495, 473, 563, 569, 507, 536, 534, 452, 476, 527, 465, 453, 552, 572, 512, 521, 599, 549, 512, 522, 489, 502, 531, 584, 576, 556, 591, 592, 485, 443, 553, 506, 542, 542, 492, 564, 579, 539, 523, 506, 513, 574, 532, 521, 543, 521, 518, 517, 549, 553, 524, 491, 600, 650, 633, 542, 540, 522, 507, 517, 585, 662, 572, 500, 535, 579, 613, 498, 545, 641, 583, 605, 569, 641, 668, 644, 597, 581, 637, 525, 572, 634, 656, 586, 551, 611, 512, 490, 611, 607, 504, 538, 613, 612, 562, 485, 501, 629, 553, 542, 575, 608, 670, 612, 514, 596, 582, 558, 536, 588, 617, 485, 629, 698, 654, 561, 580, 653, 626, 589, 603, 613, 599, 603, 696, 700, 763, 929, 1057, 1133, 730, 1137, 1879, 1671, 2577, 2123, 3437, 3695, 2239, 2659, 6660, 6599, 4291, 2643, 4966, 5123, 3588, 3005, 9257, 9866, 3076, 3099, 3440, 2852, 2490, 2977, 5433, 5190, 13877, 12696, 18594, 13039, 8866, 12757, 29111, 30001, 22680, 16580, 28688, 22175, 14603, 16152, 42595, 46723, 14826, 8542, 17389, 15122, 9684, 7793, 23845, 27929, 3514, 1300, 4002, 4477, 2615, 1145, 4384, 5626, 1699, 1887, 1947, 1859, 1296, 2169, 3853, 3434, 2774, 3404, 5018, 3228, 1430, 3179, 7177, 7145, 1951, 4055, 5653, 3518, 1384, 3561, 7433, 6924, 2218, 3466, 5617, 4404, 1723, 2549, 4566, 4730, 3405, 4712, 8870, 6952, 2018, 2517, 6655, 7826, 2182, 3456, 6177, 4711, 1424, 1810, 4750, 5463, 919, 1374, 2039, 1574, 768, 915, 1747, 1875, 679, 959, 965, 804, 733, 812, 816, 720, 634, 816, 792, 704, 678, 722, 657, 591, 657, 783, 872, 776, 707, 742, 642, 703, 730, 602, 786, 823, 728, 658, 683, 771, 651, 587, 823, 823, 671, 718, 783, 683, 702, 682, 625, 580, 511, 679, 636, 592, 672, 740, 667, 601, 724, 718, 769, 713, 646, 689, 700, 716, 824, 621, 814, 845, 539, 566, 639, 651, 658, 671, 918, 852, 687, 834, 839, 697, 668, 775, 840, 728, 2618, 3597, 2953, 1816, 1474, 2101, 2434, 1774, 4992, 7398, 6338, 3541, 2417, 4160, 4943, 3324, 3975, 6717, 6572, 3663, 1840, 3647, 4487, 3283, 1720, 3598, 4030, 2291, 1056, 2085, 2533, 2025, 1734, 2983, 2800, 1409, 1442, 1849, 1924, 1189, 1382, 2586, 2614, 1649, 1332, 1323, 1290, 1206, 1035, 1636, 1943, 1381, 981, 1011, 1008, 1126, 821, 1003, 1208, 812, 804, 862, 935, 1117, 988, 944, 810, 1022, 1166, 887, 1125, 1210, 1000, 1038, 819, 1035, 1077, 968, 1102, 980, 891, 1071, 877, 856, 1019, 1084, 1071, 776, 762, 743, 759, 766, 833, 951, 863, 778, 644, 760, 931, 722, 492, 676, 822, 749, 586, 820, 1001, 836, 461, 766, 914, 801, 628, 812, 951, 718, 528, 737, 864, 834, 851, 689, 751, 793, 815, 670, 746, 886, 769, 718, 731, 906, 884, 654, 685, 768, 698, 640, 588, 748, 772, 609, 533, 586, 710, 652, 640, 713, 663, 652, 719, 765, 738, 613, 651, 658, 645, 670, 733, 764, 842, 672, 612, 625, 751, 661, 666, 808, 782, 728, 735, 760, 638, 604, 713, 791, 715, 708, 747, 680, 587, 650, 812, 758, 612, 586, 673, 667, 699, 709, 664, 705, 506, 496, 681, 724, 622, 702, 785, 675, 543, 495, 558, 586, 527, 622, 609, 528, 575, 556, 538, 543, 601, 625, 559, 541, 563, 638, 504, 419, 546, 582, 555, 499, 675, 741, 673, 546, 571, 607, 614, 614, 629, 689, 589, 610, 646, 626, 666, 622, 580, 574, 465, 567, 598, 595, 697, 659, 607, 545, 518, 553, 591, 692, 677, 655, 610, 644, 590, 551, 619, 647, 686, 678, 626, 637, 588, 548, 585, 695, 609, 555, 629, 637, 590, 642, 646, 626, 673, 675, 644, 529, 620, 717, 562, 650, 687, 608, 551, 584, 709, 649, 648, 823, 779, 513, 613, 612, 646, 618, 625, 787, 761, 603, 653, 678, 694, 655, 575, 593, 735, 748, 686, 684, 780, 802, 605, 632, 660, 648, 701, 520, 863, 933, 661, 722, 718, 826, 894, 668, 952, 960, 643, 739, 859, 994, 825, 667, 849, 822, 691, 730, 942, 1025, 633, 651, 693, 670, 603, 580, 719, 749, 600, 824, 941, 663, 610, 588, 920, 960, 645, 789, 915, 600, 606, 696, 1130, 1216, 681, 613, 787, 653, 602, 651, 717, 836, 629, 496, 676, 652, 589, 502, 625, 806, 613, 587, 765, 735, 641, 663, 830, 846, 578, 462, 542, 686, 622, 514, 598, 628, 460, 409, 479, 508, 477, 444, 475, 552, 524, 504, 598, 532, 361, 470, 493, 492, 573, 564, 530, 533, 525, 548, 561, 579, 481, 527, 528, 546, 501, 479, 636, 563, 467, 484, 593, 538, 496, 511, 578, 577, 385, 427, 448, 430, 479, 432, 415, 475, 439, 410, 380, 414, 492, 457, 412, 450, 479, 443, 353, 479, 494, 413, 357, 411, 466, 517, 436, 436, 467, 483, 483, 409]"
-0.010378045961260796,0.1908053606748581,-0.0996345728635788,0.18414971232414246,0.5179876685142517,-0.14777572453022003,0.25553369522094727,-1.5851298570632935,1.4641284942626953,21.5,-0.8228102922439575,0.9685993194580078,25.0,-0.6737509965896606,0.9713172912597656,28.75,-0.40367043018341064,1.0929107666015625,21.25,0.6077011823654175,0.8232593536376953,17.25,"[580, 593, 663, 642, 559, 640, 665, 590, 529, 591, 609, 572, 518, 566, 668, 575, 494, 575, 629, 534, 464, 631, 674, 552, 524, 546, 556, 511, 460, 585, 656, 597, 511, 545, 540, 474, 460, 517, 546, 524, 511, 552, 580, 515, 494, 521, 525, 535, 607, 560, 520, 652, 635, 476, 472, 653, 512, 508, 545, 576, 550, 462, 579, 648, 481, 465, 470, 463, 581, 547, 452, 512, 625, 505, 514, 588, 602, 559, 516, 568, 543, 484, 550, 595, 543, 563, 598, 596, 527, 470, 528, 644, 621, 515, 596, 614, 586, 569, 509, 590, 602, 543, 494, 583, 606, 534, 538, 608, 618, 613, 587, 572, 550, 550, 590, 605, 540, 574, 675, 575, 554, 558, 622, 619, 570, 597, 591, 523, 527, 573, 599, 550, 539, 556, 589, 538, 567, 575, 674, 618, 586, 605, 603, 611, 542, 563, 532, 630, 630, 619, 558, 572, 621, 561, 521, 555, 624, 650, 535, 545, 532, 569, 519, 530, 556, 532, 516, 486, 548, 644, 667, 563, 524, 579, 615, 565, 545, 607, 563, 564, 595, 588, 523, 580, 593, 608, 529, 487, 586, 622, 535, 550, 597, 649, 542, 515, 589, 568, 483, 520, 636, 666, 629, 580, 677, 659, 623, 572, 671, 635, 537, 485, 561, 561, 506, 557, 637, 642, 558, 504, 527, 494, 510, 584, 542, 615, 537, 479, 500, 497, 506, 480, 562, 603, 663, 642, 610, 579, 486, 582, 528, 527, 536, 548, 657, 591, 479, 519, 554, 618, 610, 502, 513, 567, 508, 436, 505, 624, 585, 521, 517, 422, 459, 433, 537, 632, 593, 612, 544, 489, 557, 517, 500, 531, 483, 466, 448, 534, 556, 487, 599, 604, 537, 537, 577, 652, 684, 606, 651, 644, 577, 555, 608, 633, 555, 552, 598, 584, 580, 562, 562, 595, 565, 558, 614, 554, 511, 605, 650, 636, 608, 614, 641, 570, 468, 589, 606, 634, 577, 595, 599, 593, 543, 541, 581, 640, 592, 478, 535, 615, 641, 588, 594, 635, 660, 528, 689, 1073, 1221, 1047, 629, 1340, 2126, 1739, 2223, 2331, 3402, 3168, 1752, 2899, 6609, 6282, 3994, 2880, 5055, 4692, 3170, 3317, 9331, 9708, 3828, 2568, 4426, 3523, 2675, 2712, 7296, 7976, 7269, 7873, 10977, 7155, 4471, 7825, 16628, 16503, 12571, 12404, 19273, 13282, 7749, 12232, 28578, 29245, 9643, 8442, 14341, 10860, 6228, 8104, 20285, 21525, 3947, 3148, 5810, 4886, 2782, 2664, 6802, 7706, 1976, 1596, 2865, 2440, 1277, 1461, 3152, 3452, 1540, 3469, 3962, 2330, 1083, 3439, 5599, 4470, 1511, 6818, 7531, 3529, 954, 5898, 10132, 8003, 1634, 5944, 6574, 3190, 948, 4673, 8077, 6421, 1476, 3526, 4004, 2218, 838, 2534, 4383, 3655, 1204, 2213, 2558, 1661, 865, 1714, 2625, 2236, 995, 1330, 1560, 1189, 742, 1125, 1599, 1508, 810, 833, 977, 934, 705, 777, 1114, 1062, 654, 604, 669, 701, 624, 754, 876, 801, 639, 687, 668, 618, 673, 721, 698, 676, 656, 651, 627, 647, 761, 690, 560, 615, 705, 650, 578, 680, 707, 579, 578, 674, 647, 599, 753, 729, 624, 582, 670, 781, 710, 765, 835, 701, 712, 632, 694, 825, 628, 626, 674, 672, 668, 580, 785, 807, 658, 814, 942, 908, 734, 641, 763, 698, 601, 742, 866, 836, 620, 646, 751, 664, 933, 1119, 935, 798, 669, 949, 998, 798, 1979, 2442, 2060, 1735, 1315, 2020, 2286, 1414, 3129, 4234, 3854, 2411, 1945, 3159, 3234, 2015, 2892, 4489, 4354, 2681, 1782, 2795, 2520, 1759, 3274, 3677, 5334, 4793, 1747, 2960, 3020, 2521, 3814, 3405, 6712, 6728, 2589, 2965, 3296, 3547, 2929, 3246, 4882, 4712, 2368, 2029, 2148, 2735, 1643, 2687, 2859, 1921, 1223, 1197, 1549, 1374, 1165, 1826, 1870, 1307, 1042, 927, 1194, 1083, 1003, 1338, 1443, 1164, 842, 820, 1115, 1186, 776, 837, 961, 966, 785, 766, 908, 954, 784, 749, 855, 902, 636, 701, 818, 791, 738, 897, 797, 632, 638, 808, 836, 688, 805, 741, 633, 655, 755, 768, 776, 769, 840, 906, 961, 921, 796, 874, 825, 833, 878, 1007, 1056, 971, 858, 761, 849, 763, 828, 928, 945, 898, 775, 665, 783, 764, 750, 615, 682, 703, 623, 580, 712, 756, 650, 639, 704, 716, 597, 619, 795, 745, 707, 683, 639, 683, 622, 558, 767, 744, 749, 759, 792, 722, 599, 523, 756, 821, 756, 769, 847, 747, 690, 587, 701, 819, 675, 667, 653, 723, 753, 600, 670, 658, 621, 642, 786, 629, 603, 592, 665, 687, 687, 663, 778, 724, 606, 644, 660, 623, 657, 588, 739, 646, 605, 635, 630, 723, 548, 590, 677, 672, 617, 549, 585, 656, 704, 654, 711, 685, 640, 669, 768, 813, 695, 654, 660, 664, 635, 646, 710, 759, 629, 592, 647, 616, 489, 549, 652, 660, 644, 615, 590, 607, 638, 546, 625, 706, 655, 634, 520, 541, 612, 560, 611, 652, 685, 625, 599, 696, 688, 600, 636, 698, 689, 692, 558, 577, 629, 659, 647, 634, 777, 759, 775, 655, 598, 644, 678, 691, 702, 643, 642, 623, 619, 647, 665, 781, 752, 564, 623, 788, 781, 517, 744, 995, 772, 570, 653, 783, 648, 476, 698, 942, 587, 686, 731, 654, 572, 537, 749, 711, 643, 711, 814, 691, 651, 665, 857, 842, 847, 759, 717, 609, 649, 632, 760, 852, 1006, 775, 747, 849, 789, 703, 874, 1016, 739, 745, 874, 899, 712, 762, 1058, 1006, 823, 876, 810, 719, 633, 863, 1157, 1040, 1000, 829, 762, 697, 682, 761, 1057, 1134, 797, 664, 794, 741, 664, 662, 909, 1052, 704, 729, 814, 784, 641, 675, 836, 840, 690, 665, 702, 714, 637, 626, 852, 828, 633, 595, 756, 731, 560, 698, 1087, 1112, 660, 625, 818, 722, 592, 712, 1024, 1066, 618, 687, 652, 607, 626, 704, 786, 719, 660, 726, 702, 596, 570, 744, 768, 635, 516, 665, 660, 654, 571, 609, 670, 618, 517, 573, 585, 513, 543, 441, 498, 518, 589, 559, 649, 571, 478, 486, 569, 657, 526, 563, 709, 627, 467, 507, 672, 674, 517, 568, 545, 532, 509, 487, 517, 481, 515, 512, 527, 469, 462, 481, 432, 473, 465, 480, 517, 499, 507, 509, 474, 494, 460, 513, 561, 466, 442, 450, 506, 485, 442, 417, 465, 452, 434, 380, 436, 486]"
-0.1509789079427719,0.11190780997276306,-0.22448699176311493,-0.08867886662483215,0.35335326194763184,-0.2148493081331253,-0.030940890312194824,-1.5031952857971191,1.373291015625,24.75,-1.5031952857971191,1.3814449310302734,30.75,-0.6297249794006348,0.9371280670166016,22.0,-0.627007007598877,0.8934974670410156,22.75,-0.551476001739502,0.8760452270507812,26.5,"[724, 765, 706, 667, 707, 663, 709, 765, 634, 651, 594, 591, 625, 655, 695, 687, 504, 562, 596, 564, 568, 603, 575, 581, 525, 500, 491, 496, 484, 461, 461, 535, 414, 493, 492, 438, 427, 513, 508, 410, 541, 586, 537, 395, 523, 651, 535, 445, 546, 572, 517, 433, 484, 593, 421, 405, 653, 601, 500, 480, 622, 603, 431, 445, 605, 495, 505, 503, 554, 576, 422, 569, 554, 493, 479, 493, 552, 557, 474, 504, 502, 563, 557, 532, 560, 582, 600, 519, 480, 547, 574, 549, 487, 574, 610, 478, 530, 571, 589, 492, 534, 606, 574, 499, 498, 489, 426, 399, 522, 553, 489, 482, 478, 515, 480, 563, 571, 509, 517, 502, 585, 529, 506, 581, 598, 581, 515, 539, 549, 476, 493, 561, 570, 505, 434, 596, 568, 555, 595, 665, 622, 584, 526, 565, 655, 603, 597, 715, 665, 608, 537, 589, 707, 587, 489, 647, 712, 639, 519, 595, 601, 548, 491, 568, 660, 518, 477, 589, 617, 539, 496, 568, 605, 564, 505, 569, 613, 517, 495, 554, 576, 577, 570, 610, 573, 567, 608, 621, 536, 479, 530, 627, 503, 561, 650, 552, 467, 552, 616, 554, 568, 640, 668, 612, 515, 567, 684, 668, 539, 533, 638, 753, 678, 608, 675, 637, 652, 505, 531, 614, 597, 510, 446, 627, 607, 534, 580, 542, 537, 532, 526, 578, 536, 568, 609, 535, 521, 599, 603, 567, 535, 523, 503, 590, 590, 535, 537, 521, 432, 547, 513, 449, 546, 595, 550, 439, 508, 547, 506, 553, 554, 465, 519, 492, 666, 642, 593, 589, 577, 501, 539, 599, 658, 633, 495, 505, 671, 637, 538, 599, 670, 582, 543, 563, 639, 636, 533, 632, 574, 482, 503, 591, 547, 489, 483, 558, 554, 506, 488, 566, 568, 490, 516, 480, 616, 625, 544, 587, 563, 514, 503, 531, 746, 998, 1091, 947, 598, 1054, 1731, 1498, 2823, 3555, 4871, 4327, 2242, 4258, 9313, 8612, 6674, 6279, 9442, 9069, 5466, 7516, 18346, 17946, 6199, 4680, 7225, 8487, 5436, 5930, 14880, 14889, 3435, 3468, 4676, 4760, 3165, 3816, 7232, 6860, 6016, 7672, 10417, 7376, 4166, 7320, 14193, 13589, 9610, 10950, 16216, 12020, 6563, 10315, 22170, 22142, 8036, 7430, 11483, 9540, 5954, 6925, 16061, 16817, 4018, 2198, 3964, 3743, 2965, 1948, 5581, 6765, 1475, 1408, 1872, 1531, 1182, 1321, 2738, 2762, 1296, 1701, 2146, 1451, 904, 1745, 3480, 3306, 1330, 2114, 2369, 1203, 982, 1989, 3890, 3657, 1645, 2330, 3130, 2267, 1190, 2047, 3851, 3584, 1646, 2798, 3951, 2878, 1148, 2066, 3777, 3614, 1127, 2825, 3641, 2312, 756, 1824, 3312, 2985, 783, 1823, 2276, 1452, 696, 1215, 1919, 1795, 662, 1011, 1093, 841, 728, 809, 1054, 1039, 491, 638, 688, 650, 603, 636, 711, 666, 474, 547, 762, 745, 571, 652, 801, 745, 612, 663, 774, 659, 588, 585, 736, 729, 715, 736, 761, 616, 571, 616, 708, 748, 697, 655, 596, 494, 583, 699, 683, 670, 593, 658, 697, 644, 551, 664, 707, 685, 666, 673, 729, 777, 745, 699, 713, 721, 694, 531, 546, 780, 772, 673, 592, 729, 643, 628, 677, 817, 763, 625, 585, 681, 719, 842, 876, 742, 670, 712, 755, 748, 1581, 2309, 2608, 1776, 989, 1898, 2004, 1523, 3960, 5816, 6187, 3730, 1937, 4480, 4410, 2956, 4779, 7532, 7409, 4038, 2140, 4765, 4817, 3247, 2632, 4414, 4216, 2403, 1197, 2125, 2561, 1794, 1253, 1161, 1301, 1062, 1083, 1064, 1113, 1249, 1323, 1814, 1902, 1499, 1015, 1177, 1401, 1388, 1752, 3238, 3135, 1411, 1159, 1669, 1918, 1234, 1919, 3765, 3444, 1283, 1270, 1688, 2044, 1302, 1432, 2316, 2202, 1079, 908, 1043, 1525, 1411, 954, 1636, 1885, 1210, 779, 1088, 1697, 1600, 668, 1377, 1499, 1140, 766, 1122, 1662, 1262, 779, 1016, 1118, 1061, 872, 871, 1141, 990, 900, 1004, 979, 1054, 925, 886, 972, 808, 845, 767, 836, 1001, 840, 809, 832, 822, 853, 555, 635, 800, 705, 504, 601, 818, 828, 743, 748, 859, 726, 620, 734, 803, 667, 797, 681, 685, 689, 654, 798, 745, 621, 700, 710, 581, 626, 735, 763, 670, 643, 664, 730, 653, 667, 730, 638, 634, 773, 670, 661, 739, 779, 726, 607, 795, 687, 599, 579, 726, 808, 660, 645, 765, 574, 625, 691, 741, 712, 688, 712, 717, 590, 599, 677, 591, 605, 712, 800, 771, 563, 596, 734, 666, 591, 761, 843, 718, 689, 699, 816, 777, 635, 635, 862, 870, 567, 612, 753, 836, 748, 612, 709, 732, 621, 647, 579, 597, 643, 662, 618, 663, 681, 693, 616, 629, 606, 587, 643, 762, 575, 666, 657, 684, 645, 505, 630, 685, 653, 556, 723, 767, 614, 489, 594, 762, 525, 521, 678, 707, 605, 569, 650, 580, 501, 622, 681, 651, 559, 582, 670, 579, 649, 644, 764, 815, 657, 559, 737, 726, 711, 651, 746, 834, 763, 607, 731, 837, 620, 585, 727, 677, 649, 643, 668, 729, 708, 629, 721, 725, 633, 673, 722, 763, 741, 642, 567, 703, 697, 649, 688, 791, 753, 654, 730, 767, 691, 648, 736, 800, 632, 594, 702, 745, 570, 553, 660, 755, 801, 579, 796, 824, 692, 673, 763, 913, 837, 603, 841, 843, 708, 644, 863, 1002, 980, 684, 752, 827, 786, 738, 692, 1025, 1012, 681, 857, 909, 779, 666, 829, 1090, 911, 845, 982, 830, 763, 830, 1053, 1182, 841, 888, 968, 766, 644, 831, 890, 902, 919, 974, 998, 808, 716, 829, 964, 914, 876, 787, 749, 831, 776, 673, 747, 844, 840, 699, 605, 686, 727, 681, 568, 704, 680, 646, 712, 670, 593, 613, 639, 626, 636, 550, 697, 611, 524, 480, 665, 732, 556, 531, 541, 525, 504, 589, 639, 651, 807, 770, 866, 767, 625, 786, 972, 995, 798, 795, 920, 841, 642, 787, 939, 1003, 739, 759, 777, 726, 680, 720, 782, 806, 579, 624, 652, 634, 582, 661, 688, 594, 504, 512, 534, 522, 487, 553, 618, 569, 480, 461, 469, 474, 505, 498, 469, 468, 446, 477, 521, 487, 461, 425, 539, 541, 478, 523, 540, 453, 484, 467, 495, 512, 416, 452, 482, 435, 445, 480, 512, 469, 486, 565, 570, 481, 397, 423, 499, 476, 495, 616, 552, 395, 423, 450, 530, 432]"
-0.1946904957294464,0.02527354657649994,-0.32757478952407837,-0.16050943732261658,0.2132161557674408,-0.2815493643283844,-0.10126939415931702,-1.4357693195343018,1.2215137481689453,23.0,-1.1219151020050049,1.0535717010498047,26.25,-0.7547028064727783,0.9106636047363281,15.5,-0.43712925910949707,0.7428646087646484,17.0,-0.32368969917297363,0.49910545349121094,17.25,"[560, 609, 555, 542, 602, 543, 555, 607, 540, 566, 555, 550, 642, 693, 600, 546, 581, 569, 489, 484, 598, 604, 504, 486, 547, 579, 498, 461, 523, 504, 518, 522, 469, 488, 506, 513, 496, 500, 492, 491, 571, 521, 563, 601, 521, 551, 547, 490, 594, 572, 503, 542, 530, 577, 565, 484, 603, 573, 558, 538, 531, 594, 579, 573, 521, 543, 520, 592, 596, 520, 422, 475, 612, 571, 555, 583, 621, 576, 418, 576, 661, 546, 539, 598, 565, 533, 512, 603, 563, 490, 580, 626, 539, 484, 518, 649, 572, 480, 513, 527, 538, 545, 535, 604, 633, 524, 534, 556, 563, 565, 516, 602, 519, 542, 516, 501, 545, 514, 531, 533, 630, 596, 607, 634, 563, 525, 567, 593, 633, 531, 613, 664, 603, 543, 591, 705, 597, 527, 580, 507, 473, 574, 611, 609, 581, 567, 596, 581, 488, 502, 620, 642, 545, 538, 585, 674, 583, 514, 498, 546, 528, 532, 595, 690, 633, 570, 629, 563, 619, 570, 585, 658, 666, 679, 656, 557, 579, 537, 637, 690, 599, 561, 584, 600, 541, 497, 569, 629, 547, 488, 534, 572, 673, 628, 580, 556, 559, 584, 551, 619, 654, 568, 681, 650, 587, 635, 583, 707, 600, 533, 649, 636, 597, 554, 638, 679, 542, 581, 565, 509, 551, 530, 504, 516, 440, 477, 499, 494, 441, 479, 479, 446, 535, 498, 515, 575, 543, 529, 571, 558, 589, 533, 539, 593, 631, 503, 551, 619, 607, 610, 510, 463, 490, 573, 523, 522, 560, 571, 574, 502, 417, 481, 481, 483, 555, 544, 610, 536, 459, 570, 535, 523, 532, 570, 583, 598, 522, 547, 586, 536, 590, 610, 663, 630, 534, 557, 623, 615, 938, 1117, 1268, 1140, 773, 1219, 2057, 1811, 2476, 2949, 4204, 3678, 1954, 3436, 7575, 7086, 3776, 4079, 6049, 5227, 2848, 4807, 11067, 10588, 2698, 3047, 4407, 3559, 2080, 3426, 7533, 7207, 1317, 1585, 2253, 1791, 1056, 1606, 3245, 3140, 1368, 1406, 1823, 1792, 1179, 1742, 2917, 2718, 4215, 4293, 5920, 5082, 3294, 5281, 11305, 10742, 8314, 7457, 11595, 8754, 5341, 8655, 19718, 20021, 6761, 5591, 9672, 7098, 4066, 5991, 15144, 15983, 2219, 2120, 3488, 2925, 1547, 2121, 5134, 5228, 1273, 2562, 3217, 2111, 1013, 2407, 4349, 3872, 1815, 5884, 6614, 3321, 1085, 5738, 10707, 8912, 2136, 6741, 7594, 3485, 1100, 6912, 12828, 10706, 1895, 3669, 4476, 2560, 1123, 3967, 7532, 6625, 948, 1702, 2104, 1497, 796, 1568, 2650, 2323, 881, 2162, 2392, 1343, 676, 1356, 2239, 1807, 1010, 2886, 3035, 1460, 863, 1863, 3044, 2376, 1089, 2391, 2395, 1191, 931, 1743, 2352, 1675, 1087, 1828, 1764, 1108, 882, 1367, 1680, 1207, 822, 1365, 1402, 889, 695, 988, 1219, 1019, 816, 851, 933, 846, 770, 758, 924, 985, 918, 987, 924, 907, 887, 936, 946, 914, 939, 1181, 898, 778, 959, 1207, 1165, 807, 857, 971, 831, 646, 664, 953, 973, 719, 597, 649, 701, 679, 640, 652, 628, 641, 599, 725, 827, 774, 775, 799, 815, 798, 606, 663, 706, 689, 769, 742, 717, 715, 857, 854, 718, 631, 743, 821, 706, 674, 1184, 1529, 1349, 922, 1113, 1257, 1155, 1059, 3080, 3179, 3074, 2515, 2176, 3034, 2657, 2261, 4904, 4700, 4628, 4194, 3184, 3990, 3483, 3486, 4567, 4763, 4617, 4136, 3130, 3584, 3043, 3039, 3147, 3702, 3317, 2475, 2129, 2693, 2497, 1857, 1922, 2304, 1901, 1322, 1202, 1711, 1647, 1059, 1893, 2318, 1521, 985, 1153, 1311, 1293, 875, 2528, 3570, 2475, 937, 1502, 1470, 1591, 894, 2436, 3982, 3156, 995, 1539, 1535, 1872, 994, 1761, 2873, 2373, 831, 1265, 1376, 1577, 973, 1632, 2439, 1938, 856, 1164, 1289, 1309, 939, 1217, 1804, 1566, 778, 936, 988, 1132, 880, 852, 1229, 1161, 687, 638, 717, 868, 839, 778, 980, 925, 749, 746, 794, 769, 722, 728, 852, 822, 805, 687, 673, 685, 605, 615, 718, 779, 774, 689, 632, 743, 659, 689, 768, 791, 678, 694, 856, 814, 777, 765, 832, 831, 730, 735, 860, 828, 807, 607, 727, 795, 687, 586, 771, 802, 666, 752, 790, 775, 645, 634, 643, 693, 687, 657, 679, 653, 606, 629, 662, 621, 620, 648, 639, 571, 615, 733, 699, 586, 613, 717, 644, 630, 637, 758, 704, 651, 803, 990, 841, 853, 791, 765, 766, 951, 1180, 984, 768, 912, 934, 843, 757, 1026, 1236, 718, 623, 731, 839, 801, 694, 839, 900, 677, 620, 662, 750, 735, 696, 768, 786, 694, 571, 649, 754, 639, 606, 702, 772, 567, 542, 663, 629, 512, 611, 633, 594, 583, 642, 695, 641, 561, 580, 637, 541, 552, 641, 604, 686, 601, 608, 735, 693, 574, 567, 641, 646, 611, 586, 648, 645, 569, 571, 666, 667, 530, 499, 577, 613, 508, 507, 659, 679, 558, 521, 627, 658, 577, 514, 637, 636, 639, 589, 627, 786, 701, 674, 677, 593, 650, 692, 734, 767, 674, 653, 621, 655, 629, 669, 703, 736, 659, 666, 658, 647, 614, 550, 712, 764, 563, 615, 712, 678, 514, 619, 944, 839, 1054, 708, 1015, 1025, 867, 678, 1423, 1668, 1074, 555, 899, 907, 662, 561, 997, 1376, 807, 537, 849, 1061, 761, 699, 1142, 1198, 1424, 893, 1464, 1573, 1015, 924, 1954, 2230, 1169, 1249, 1767, 1485, 1013, 1235, 1937, 1897, 813, 1101, 1554, 1238, 756, 1208, 1710, 1427, 796, 1018, 1270, 1175, 788, 1179, 1539, 1235, 704, 854, 938, 919, 796, 884, 1182, 1100, 643, 662, 799, 720, 624, 593, 756, 780, 690, 806, 806, 602, 532, 707, 849, 818, 616, 794, 803, 671, 510, 731, 963, 872, 635, 810, 780, 666, 588, 623, 908, 743, 595, 708, 870, 729, 622, 779, 860, 785, 546, 673, 931, 784, 617, 714, 984, 920, 624, 693, 653, 652, 687, 655, 742, 692, 598, 602, 579, 559, 587, 611, 575, 622, 602, 613, 559, 573, 539, 538, 568, 575, 643, 597, 649, 673, 603, 545, 529, 596, 605, 532, 619, 586, 521, 566, 545, 639, 530, 453, 487, 525, 540, 480, 431, 485, 410, 400, 502, 530, 480, 518, 539, 506, 453, 472, 439, 422, 427, 485, 562, 495, 565, 594, 544, 489, 509, 570, 659, 646, 516, 538, 477, 485, 404, 505, 612, 497, 566, 538, 462, 431, 464, 566, 498, 473]"
-0.32386982440948486,0.21567505598068237,-0.630081057548523,-0.3579540550708771,0.578139066696167,-0.7435599565505981,-0.24748675525188446,-1.310166597366333,1.1219501495361328,20.25,-1.0978786945343018,0.986480712890625,16.5,-0.5374042987823486,0.6227016448974609,18.75,-0.49477505683898926,0.8296966552734375,15.75,-0.3912060260772705,0.4932403564453125,15.5,"[593, 582, 568, 630, 663, 623, 569, 588, 492, 474, 518, 526, 671, 702, 603, 585, 597, 537, 585, 571, 599, 607, 537, 597, 572, 604, 599, 624, 549, 475, 552, 592, 494, 508, 507, 558, 521, 423, 484, 512, 582, 612, 608, 519, 536, 521, 573, 618, 590, 602, 549, 538, 539, 611, 625, 539, 500, 564, 610, 500, 510, 555, 556, 498, 507, 529, 539, 495, 532, 465, 421, 437, 567, 569, 532, 546, 485, 479, 473, 553, 528, 504, 509, 580, 619, 551, 532, 541, 530, 501, 586, 588, 490, 559, 510, 504, 484, 576, 546, 541, 540, 542, 571, 529, 576, 581, 584, 594, 548, 543, 565, 517, 532, 577, 532, 479, 567, 562, 475, 498, 543, 551, 532, 562, 654, 544, 494, 515, 562, 565, 436, 508, 587, 525, 567, 566, 630, 627, 546, 502, 514, 529, 552, 554, 574, 683, 691, 578, 504, 542, 603, 561, 467, 501, 539, 472, 449, 469, 449, 445, 417, 478, 605, 536, 492, 540, 589, 507, 464, 642, 605, 584, 539, 572, 605, 498, 574, 647, 594, 516, 567, 589, 570, 541, 634, 624, 509, 516, 606, 615, 527, 585, 492, 584, 556, 493, 566, 602, 565, 517, 617, 618, 570, 524, 586, 560, 560, 651, 541, 570, 600, 611, 582, 487, 521, 494, 482, 554, 528, 534, 577, 549, 490, 448, 506, 482, 483, 533, 577, 542, 471, 495, 602, 483, 541, 589, 504, 512, 522, 628, 454, 466, 553, 473, 417, 551, 660, 602, 472, 497, 579, 499, 501, 621, 587, 494, 663, 952, 1157, 895, 610, 994, 1498, 1353, 1496, 2456, 3183, 2151, 1180, 2409, 4627, 4245, 2101, 3308, 4453, 3038, 1533, 3242, 6388, 5868, 2183, 2856, 3926, 2901, 1682, 2759, 5530, 5277, 1700, 1734, 2475, 1981, 1397, 1705, 3574, 3586, 1293, 992, 1717, 1667, 1178, 1083, 2345, 2520, 3297, 2236, 4312, 3513, 2241, 2190, 5772, 6544, 4980, 5885, 9600, 6583, 3137, 5042, 12323, 12608, 4068, 8382, 11781, 7097, 2549, 7157, 15760, 14774, 1977, 6108, 8160, 5012, 1470, 5006, 10074, 9012, 1589, 4552, 6425, 4273, 1156, 2967, 5928, 5595, 1363, 4220, 5109, 3043, 1037, 3233, 5311, 4236, 1480, 2917, 3040, 1730, 885, 2386, 3461, 2657, 2084, 2476, 3353, 2047, 1093, 2421, 5159, 5050, 1691, 4715, 5413, 2678, 921, 4680, 8547, 7168, 1199, 3533, 3943, 1955, 777, 3256, 5776, 4746, 3621, 6830, 6150, 2544, 1450, 3411, 5085, 3308, 6398, 14208, 13015, 5148, 2785, 6830, 10774, 6753, 6014, 13397, 12175, 4558, 2815, 6575, 10174, 6372, 3425, 7394, 6653, 2446, 1864, 3609, 5530, 3371, 1485, 2680, 2472, 1154, 930, 1549, 2107, 1405, 1027, 1505, 1477, 1031, 813, 1219, 1490, 1152, 936, 1135, 1034, 882, 777, 953, 1050, 810, 904, 874, 881, 827, 693, 714, 761, 857, 769, 830, 758, 700, 713, 795, 775, 710, 655, 714, 700, 699, 665, 773, 749, 652, 590, 646, 778, 704, 622, 729, 749, 605, 607, 722, 743, 703, 651, 616, 618, 622, 1028, 1318, 956, 599, 880, 948, 752, 618, 1953, 2210, 1240, 808, 1305, 1448, 1132, 904, 4043, 3865, 3320, 2912, 3030, 2925, 2026, 2336, 7001, 6901, 6207, 5497, 4952, 5149, 3775, 4198, 6246, 6497, 5359, 4418, 4017, 4108, 3224, 3670, 4175, 5409, 5187, 3169, 2524, 3275, 2823, 2282, 3534, 4683, 4560, 2818, 2169, 3294, 2542, 2244, 2082, 2704, 2538, 1675, 1547, 2011, 1450, 1366, 1266, 1532, 1440, 1105, 1058, 1070, 841, 1042, 985, 1047, 1045, 812, 737, 814, 935, 999, 890, 1473, 1553, 937, 765, 1057, 1239, 1092, 1174, 2109, 2108, 987, 881, 1169, 1501, 1262, 1416, 2499, 2228, 1004, 1166, 1352, 1476, 981, 1289, 2379, 2061, 825, 1095, 1363, 1497, 913, 1026, 1855, 1660, 818, 914, 1302, 1377, 852, 1025, 1247, 1108, 835, 826, 1051, 1050, 864, 822, 978, 921, 696, 707, 837, 947, 905, 769, 1010, 903, 702, 809, 817, 842, 841, 983, 1016, 753, 752, 855, 811, 683, 706, 868, 790, 701, 769, 935, 977, 844, 827, 981, 819, 910, 1058, 943, 1073, 1106, 1016, 1101, 931, 1041, 1241, 1033, 1025, 1101, 1013, 963, 887, 808, 1039, 1061, 869, 765, 820, 752, 745, 771, 864, 903, 816, 830, 827, 653, 650, 770, 761, 724, 734, 770, 728, 777, 782, 723, 670, 765, 759, 811, 825, 935, 836, 660, 660, 761, 709, 744, 878, 954, 854, 739, 722, 675, 650, 856, 917, 1049, 774, 825, 847, 728, 656, 874, 1101, 863, 810, 862, 761, 657, 768, 921, 990, 839, 848, 882, 844, 686, 771, 964, 1022, 954, 811, 830, 866, 787, 652, 854, 997, 830, 846, 859, 723, 827, 886, 828, 848, 858, 922, 961, 779, 864, 969, 896, 810, 758, 861, 947, 831, 858, 862, 717, 746, 686, 721, 804, 768, 712, 660, 708, 743, 696, 589, 660, 667, 685, 626, 646, 764, 740, 567, 680, 772, 754, 670, 774, 917, 667, 607, 780, 745, 701, 790, 822, 754, 680, 656, 818, 759, 745, 645, 780, 921, 801, 814, 936, 886, 800, 683, 866, 958, 672, 818, 827, 747, 704, 768, 807, 742, 742, 914, 1084, 991, 656, 888, 1370, 1167, 1257, 1078, 1643, 1738, 1131, 1160, 2615, 2633, 1595, 936, 1778, 2014, 1233, 1032, 2380, 2585, 1084, 907, 1137, 1215, 864, 751, 1032, 1154, 711, 757, 946, 891, 960, 784, 899, 1090, 847, 645, 868, 1045, 1202, 914, 966, 1175, 767, 683, 680, 974, 1005, 759, 740, 858, 962, 692, 722, 954, 1025, 641, 832, 1145, 1474, 1209, 978, 1082, 1125, 1014, 1479, 1711, 1816, 1972, 1839, 1335, 990, 1532, 2158, 2085, 1595, 2403, 2226, 1467, 813, 1543, 2116, 1651, 1237, 1904, 1766, 1222, 981, 1152, 1527, 1079, 952, 1251, 1119, 922, 853, 906, 993, 847, 897, 891, 910, 819, 846, 869, 1100, 1007, 888, 899, 924, 789, 764, 941, 1219, 1160, 931, 1088, 930, 766, 738, 892, 945, 836, 1057, 1138, 949, 817, 831, 663, 722, 947, 928, 944, 1062, 1006, 837, 708, 1197, 1281, 701, 793, 898, 866, 661, 660, 1111, 1099, 699, 641, 782, 850, 665, 528, 719, 793, 764, 739, 630, 767, 725, 544, 591, 679, 579, 637, 541, 582, 597, 582, 622, 614, 482, 487, 379, 456, 530, 495, 523, 536, 459, 483, 481, 526, 536, 561, 574, 529, 494, 462, 483, 473, 474, 549, 515, 448, 562, 473, 516, 574, 415, 455, 536, 541]"
-0.31128114461898804,0.5785906314849854,-0.7536725997924805,-0.254713773727417,0.9892252683639526,-0.8819150924682617,-0.08758747577667236,-0.5715091228485107,1.7950057983398438,17.25,-0.36522936820983887,0.3075599670410156,25.75,-0.30114245414733887,1.6470909118652344,16.25,0.8178036212921143,0.4119873046875,18.0,0.857285737991333,0.27637481689453125,19.75,"[559, 541, 472, 561, 626, 563, 472, 536, 511, 552, 538, 479, 600, 595, 526, 550, 604, 560, 545, 548, 550, 536, 614, 622, 559, 515, 523, 537, 535, 584, 565, 520, 500, 551, 514, 419, 436, 533, 573, 512, 616, 672, 537, 475, 476, 595, 572, 533, 533, 560, 494, 547, 528, 619, 576, 505, 489, 531, 549, 538, 546, 525, 540, 536, 494, 517, 535, 539, 487, 460, 446, 480, 497, 559, 549, 449, 458, 558, 591, 530, 482, 629, 600, 478, 504, 539, 558, 486, 427, 568, 583, 488, 566, 578, 613, 551, 579, 583, 531, 427, 570, 544, 530, 560, 558, 691, 643, 549, 580, 547, 518, 515, 630, 604, 530, 558, 655, 574, 536, 592, 612, 520, 487, 575, 594, 538, 507, 584, 552, 579, 430, 449, 554, 567, 455, 435, 529, 636, 570, 477, 553, 621, 585, 502, 546, 610, 552, 463, 488, 593, 566, 451, 628, 690, 583, 441, 507, 578, 568, 549, 626, 597, 567, 512, 578, 621, 555, 595, 581, 639, 581, 509, 490, 564, 575, 589, 603, 608, 586, 506, 526, 527, 600, 604, 592, 605, 601, 564, 622, 615, 620, 589, 542, 546, 504, 489, 524, 647, 612, 487, 640, 609, 492, 560, 562, 698, 671, 581, 915, 1723, 1849, 1049, 836, 1314, 1128, 817, 1554, 4900, 5709, 2896, 1504, 3020, 2556, 1966, 1965, 6764, 7871, 4216, 1637, 4109, 5033, 4093, 2883, 7873, 8264, 4362, 2018, 7018, 11302, 8719, 3479, 8527, 8797, 4573, 2345, 9071, 15405, 12248, 2655, 6373, 7089, 4053, 1864, 6839, 12269, 10117, 1517, 3794, 4263, 2774, 1183, 4126, 7419, 6078, 1954, 1719, 2949, 2899, 1369, 1908, 2818, 2725, 3981, 5596, 9711, 6984, 2370, 3720, 9836, 10582, 3837, 8370, 12105, 7474, 2144, 6300, 14064, 13531, 2131, 7069, 8700, 4640, 1071, 5643, 10457, 9025, 1098, 3834, 4238, 2235, 771, 2958, 4787, 3792, 784, 2078, 2216, 1248, 661, 1730, 2477, 1790, 777, 1299, 1363, 947, 618, 1016, 1514, 1272, 635, 936, 1010, 826, 627, 864, 1208, 1060, 984, 1507, 1456, 889, 711, 1154, 1483, 1246, 1579, 3215, 3136, 1505, 967, 2982, 4336, 3206, 1406, 4112, 4033, 1878, 994, 4289, 6735, 4917, 2202, 3634, 3053, 1318, 1390, 3606, 5101, 3816, 6267, 10155, 7715, 2094, 3119, 3928, 5298, 3025, 9858, 17535, 14293, 4427, 4693, 6273, 9853, 5360, 9336, 18040, 15470, 5345, 4413, 6900, 11009, 6396, 5906, 12201, 10635, 3569, 2943, 4933, 7807, 4390, 2621, 5514, 4802, 1561, 1642, 2578, 3689, 2083, 1377, 2372, 1999, 896, 1080, 1401, 1773, 1095, 1100, 1583, 1366, 902, 945, 1013, 1228, 960, 915, 917, 836, 731, 695, 776, 854, 807, 1216, 1647, 1338, 715, 1136, 1179, 896, 668, 2589, 3894, 2779, 715, 2355, 2324, 1343, 651, 3092, 4481, 3068, 823, 2779, 2612, 1458, 724, 2586, 3848, 2713, 837, 2377, 2372, 1435, 827, 2214, 3306, 2791, 1203, 2360, 2884, 1851, 1263, 3351, 3811, 4125, 2894, 2916, 4259, 3298, 2599, 6622, 6060, 7911, 6305, 4684, 8049, 6118, 4832, 7840, 6490, 8908, 7072, 5309, 9673, 6937, 5644, 3988, 3941, 4908, 3679, 3212, 5489, 3863, 3093, 2262, 2858, 2454, 1553, 1863, 2408, 1958, 1503, 2040, 2747, 2182, 1380, 1466, 1559, 1360, 1198, 1519, 1949, 1614, 1006, 1103, 1059, 877, 986, 1120, 1554, 1397, 798, 946, 1162, 983, 799, 1005, 1360, 1249, 869, 956, 1222, 1212, 1010, 955, 1254, 1142, 805, 1008, 1065, 1086, 967, 891, 1095, 1055, 773, 786, 929, 1082, 875, 853, 1091, 1028, 798, 661, 976, 1116, 803, 840, 1170, 1035, 849, 614, 808, 952, 648, 973, 1373, 1205, 778, 726, 801, 919, 804, 1080, 1769, 1711, 967, 838, 1014, 1156, 954, 988, 1820, 1673, 828, 886, 1094, 1129, 791, 1072, 1807, 1557, 781, 1024, 1158, 1074, 739, 1064, 1454, 1355, 1019, 1011, 1049, 1117, 816, 1185, 989, 1129, 1346, 1080, 1004, 1268, 1231, 1199, 963, 1189, 1399, 1146, 1072, 1434, 1474, 1038, 1063, 1160, 1084, 957, 900, 1241, 1175, 805, 1005, 924, 773, 752, 883, 887, 684, 964, 943, 841, 664, 782, 813, 757, 867, 904, 912, 791, 768, 708, 662, 764, 882, 798, 703, 744, 805, 690, 653, 815, 842, 764, 805, 852, 813, 642, 631, 865, 921, 692, 741, 788, 710, 591, 698, 816, 850, 646, 732, 816, 756, 724, 803, 841, 800, 725, 856, 845, 777, 777, 883, 941, 753, 701, 735, 773, 687, 767, 852, 848, 763, 628, 732, 837, 756, 626, 597, 797, 733, 1382, 1168, 1079, 1322, 1069, 867, 1236, 1364, 1824, 1265, 1016, 1491, 1309, 899, 1227, 1758, 1323, 772, 939, 1223, 915, 798, 983, 1300, 1053, 647, 1049, 1204, 746, 883, 1038, 1067, 1139, 800, 1011, 1180, 1003, 998, 1072, 1054, 1114, 725, 887, 1174, 1046, 871, 1017, 1112, 909, 663, 747, 1042, 915, 760, 874, 1020, 1020, 779, 748, 926, 760, 729, 760, 908, 1274, 896, 925, 984, 751, 822, 740, 1184, 1293, 823, 1005, 1130, 776, 783, 914, 1274, 1066, 792, 856, 1046, 839, 882, 1067, 984, 760, 703, 826, 893, 699, 881, 933, 765, 692, 611, 778, 757, 621, 724, 738, 763, 795, 755, 872, 872, 709, 771, 752, 797, 1083, 1009, 1470, 1453, 936, 840, 1377, 1404, 1233, 1324, 2074, 2129, 1309, 1086, 2431, 2329, 1415, 1316, 1764, 2043, 1295, 1281, 2478, 2233, 1428, 1209, 1260, 1400, 1203, 1353, 2119, 2000, 1236, 1232, 1546, 1446, 1142, 1368, 2163, 2064, 1367, 1641, 2083, 1584, 1058, 1385, 2855, 2626, 2015, 2355, 2091, 1458, 1126, 1516, 2439, 1832, 2249, 2305, 2082, 1600, 1388, 1318, 1869, 1636, 1645, 1726, 1796, 1521, 1275, 1227, 1673, 1588, 1574, 1551, 1435, 1225, 1072, 1248, 1509, 1572, 1446, 1353, 1276, 1186, 1041, 1190, 1603, 1682, 1038, 1118, 1099, 933, 812, 857, 1066, 1064, 1067, 1116, 1050, 866, 740, 913, 1058, 1035, 998, 889, 918, 923, 718, 638, 865, 1032, 888, 741, 707, 731, 725, 616, 819, 947, 873, 925, 907, 719, 651, 800, 1014, 947, 742, 899, 899, 724, 680, 793, 977, 913, 787, 851, 830, 656, 655, 786, 981, 932, 774, 927, 957, 662, 696, 778, 897, 753, 718, 842, 744, 616, 607, 758, 896, 759, 641, 667, 607, 589, 537, 639, 789, 720, 533, 507, 465, 461, 390, 509, 570, 521, 490, 433, 512, 519, 501, 553, 573, 586, 418, 553, 644, 552, 512, 577, 652, 633, 468, 502, 521, 476, 523, 580, 606, 547]"
-0.7211726903915405,0.40557706356048584,-0.9867346286773682,-1.0930601358413696,0.48671942949295044,-0.7901694774627686,-0.9861419200897217,-0.20789164304733276,-0.4341602325439453,25.0,-0.1016046404838562,-0.20384788513183594,18.25,-0.04910486936569214,0.21200180053710938,23.0,1.7946813702583313,1.2386798858642578,16.0,1.9255731701850891,0.8713245391845703,15.75,"[472, 619, 622, 582, 626, 579, 624, 619, 508, 543, 603, 657, 713, 640, 631, 612, 512, 526, 508, 515, 600, 586, 570, 551, 527, 413, 509, 566, 509, 444, 525, 582, 535, 483, 537, 608, 519, 422, 473, 528, 606, 542, 579, 572, 583, 561, 498, 576, 545, 535, 556, 537, 560, 516, 540, 561, 511, 522, 566, 554, 532, 457, 504, 559, 413, 549, 542, 482, 425, 432, 507, 494, 535, 651, 666, 571, 534, 493, 576, 600, 593, 666, 627, 545, 560, 626, 586, 582, 587, 634, 628, 574, 456, 566, 619, 612, 541, 523, 501, 457, 463, 485, 518, 508, 587, 546, 549, 552, 554, 545, 545, 559, 607, 592, 642, 603, 601, 584, 583, 594, 554, 541, 613, 601, 557, 590, 565, 567, 550, 545, 469, 499, 555, 495, 445, 468, 554, 692, 595, 468, 546, 583, 558, 492, 524, 664, 685, 441, 536, 632, 571, 468, 627, 583, 577, 552, 594, 636, 548, 530, 638, 589, 530, 533, 573, 618, 527, 509, 721, 612, 480, 583, 584, 549, 463, 577, 626, 637, 569, 509, 535, 549, 491, 563, 641, 644, 497, 522, 612, 584, 551, 555, 560, 556, 559, 501, 581, 625, 534, 491, 533, 600, 723, 624, 568, 605, 640, 677, 762, 1967, 2430, 1522, 756, 1396, 1650, 1512, 1092, 4411, 5302, 3118, 716, 2933, 3496, 2694, 1928, 5155, 5884, 3374, 828, 3294, 3897, 3070, 1921, 4089, 4700, 2783, 1186, 2849, 4347, 3648, 2674, 7772, 7845, 3626, 1565, 4520, 7605, 5421, 4586, 13758, 13510, 5480, 2434, 7630, 12350, 8178, 5407, 14197, 13310, 4987, 2609, 8374, 12119, 7431, 3846, 8575, 7578, 2750, 1960, 5910, 7701, 4227, 2182, 4120, 3486, 1365, 1200, 2725, 3524, 2060, 1719, 3433, 3198, 1462, 896, 1737, 2555, 1792, 1668, 2917, 2791, 1476, 913, 1521, 2229, 1767, 1750, 3462, 3347, 1689, 1063, 2032, 2939, 2043, 1413, 2472, 2340, 1207, 874, 1491, 2138, 1592, 964, 1336, 1308, 794, 676, 997, 1210, 1022, 700, 872, 828, 666, 650, 766, 816, 747, 987, 1472, 1261, 715, 827, 949, 1181, 795, 3774, 6873, 5619, 1639, 2422, 3076, 4188, 1824, 8507, 15136, 11822, 2770, 4840, 6370, 8628, 3247, 8702, 14832, 11209, 2685, 4753, 6060, 8157, 3076, 6483, 11708, 9199, 2132, 3758, 4563, 6112, 2518, 4470, 7806, 6071, 1523, 2702, 3095, 4023, 1726, 2063, 3380, 2805, 1103, 1510, 1751, 2028, 1180, 1013, 1390, 1143, 789, 921, 1076, 1066, 858, 876, 1063, 1056, 795, 615, 704, 827, 784, 912, 1213, 1065, 739, 746, 837, 963, 818, 694, 926, 809, 645, 746, 770, 803, 668, 782, 957, 816, 654, 832, 910, 715, 601, 1274, 1917, 1692, 820, 1105, 1421, 1050, 816, 2062, 2765, 2363, 1209, 1443, 1894, 1331, 1210, 3798, 4676, 4022, 2476, 2840, 3521, 2062, 2026, 6597, 7871, 6848, 4071, 4690, 5861, 3121, 3273, 5437, 6109, 5632, 3407, 3334, 4369, 2480, 2875, 2958, 3627, 2736, 1740, 2229, 2188, 1512, 1579, 4534, 5784, 3774, 2027, 3761, 3238, 1864, 1734, 4562, 5865, 3996, 1958, 3451, 3137, 1959, 1646, 2582, 3540, 2582, 1164, 1854, 2036, 1724, 1186, 1685, 2711, 2091, 759, 1429, 1547, 1449, 834, 1363, 2198, 1764, 680, 1109, 1194, 1173, 802, 746, 1158, 1113, 585, 784, 983, 841, 650, 1020, 1282, 1072, 648, 993, 1031, 774, 669, 1079, 1366, 1026, 736, 974, 904, 888, 711, 1082, 1399, 1070, 833, 898, 987, 1068, 862, 797, 991, 949, 738, 653, 697, 1011, 934, 746, 890, 852, 597, 670, 730, 878, 791, 910, 1040, 869, 662, 803, 817, 806, 769, 880, 1026, 903, 750, 776, 805, 826, 858, 831, 1141, 1135, 951, 768, 744, 856, 735, 845, 977, 996, 961, 807, 777, 732, 675, 737, 843, 962, 915, 763, 783, 811, 784, 762, 954, 937, 791, 829, 798, 785, 776, 792, 1120, 984, 818, 975, 954, 815, 744, 935, 1048, 862, 787, 889, 791, 777, 743, 842, 1008, 904, 756, 824, 857, 851, 742, 935, 982, 945, 946, 839, 927, 997, 838, 1044, 1167, 969, 984, 900, 1088, 1274, 987, 986, 1277, 1027, 995, 974, 1176, 1342, 904, 794, 1021, 838, 851, 818, 953, 1014, 737, 817, 838, 760, 715, 823, 875, 817, 788, 745, 843, 844, 766, 755, 814, 769, 776, 753, 822, 805, 768, 654, 728, 825, 745, 871, 891, 804, 807, 833, 930, 888, 756, 915, 954, 811, 770, 834, 886, 862, 772, 708, 858, 883, 773, 733, 791, 820, 701, 662, 691, 779, 754, 642, 593, 613, 604, 703, 644, 657, 617, 584, 651, 616, 658, 898, 922, 805, 785, 778, 803, 959, 852, 1392, 1376, 1130, 1098, 1047, 1150, 1513, 1424, 1677, 1436, 1161, 1258, 1263, 1344, 1587, 1567, 1322, 1089, 1013, 1074, 915, 1026, 1099, 1173, 971, 754, 882, 1071, 756, 632, 894, 980, 757, 713, 876, 795, 652, 785, 840, 904, 1089, 1131, 1028, 770, 745, 1180, 1155, 1127, 1134, 1199, 1107, 810, 689, 1083, 1063, 984, 809, 925, 964, 769, 616, 912, 1089, 911, 906, 917, 1020, 941, 730, 1055, 1293, 1123, 997, 979, 1007, 809, 684, 904, 1029, 1027, 988, 1038, 1123, 968, 765, 837, 1031, 1070, 1110, 1103, 1035, 1017, 871, 1048, 1147, 1102, 1369, 1523, 1667, 1380, 961, 1429, 2004, 1696, 1843, 1888, 2786, 2286, 1137, 1643, 2871, 2927, 2308, 1960, 3222, 2307, 1090, 1579, 3536, 4204, 2899, 2933, 4063, 2392, 1384, 2940, 6449, 6494, 3068, 2678, 3663, 2551, 1517, 2873, 6186, 6309, 2414, 1616, 2298, 1904, 1252, 1691, 3329, 3932, 1629, 1378, 1714, 1550, 1141, 1192, 1776, 2087, 1269, 1065, 1190, 1155, 852, 965, 1319, 1327, 1629, 1114, 1372, 1381, 1081, 1047, 1296, 1701, 1755, 1229, 1826, 1779, 1198, 1269, 1943, 2293, 1545, 1488, 2067, 1826, 1087, 1414, 2518, 2568, 1626, 1708, 2156, 1812, 1185, 1515, 2461, 2370, 1488, 1640, 2006, 1516, 1047, 1354, 2039, 2160, 1270, 1383, 1750, 1305, 763, 1198, 1662, 1693, 929, 1076, 1310, 1062, 666, 1041, 1359, 1197, 729, 910, 916, 660, 485, 871, 1062, 895, 740, 822, 882, 809, 581, 734, 874, 745, 732, 774, 833, 768, 588, 647, 794, 804, 703, 739, 775, 679, 599, 643, 770, 820, 596, 665, 748, 600, 503, 672, 847, 827, 529, 575, 639, 599, 460, 545, 745, 704, 563, 542, 631, 602, 508, 593, 669, 680, 568, 468, 619, 614, 484, 601, 765, 708, 542, 503, 598, 602, 466, 596, 799, 678]"
-0.8141831159591675,0.45438864827156067,-1.1362828016281128,-1.1476417779922485,0.4884660542011261,-0.8619706630706787,-0.9387386441230774,-0.8316970467567444,-0.881195068359375,18.25,-0.8316970467567444,-0.8774757385253906,-31.75,-0.8316970467567444,-0.8276939392089844,-31.75,-0.8316970467567444,1.2608528137207031,16.5,-0.280950129032135,0.9268283843994141,15.5,"[675, 628, 672, 647, 587, 649, 675, 622, 619, 625, 610, 560, 540, 678, 762, 644, 510, 528, 548, 507, 509, 541, 543, 509, 470, 518, 538, 436, 451, 487, 467, 464, 544, 502, 532, 496, 485, 523, 546, 539, 545, 502, 474, 528, 507, 442, 515, 562, 521, 548, 492, 545, 540, 511, 481, 476, 458, 459, 396, 486, 524, 475, 421, 385, 475, 442, 373, 423, 491, 508, 416, 425, 483, 562, 527, 501, 561, 635, 542, 494, 583, 547, 561, 525, 452, 581, 514, 455, 558, 546, 556, 543, 490, 520, 521, 489, 384, 473, 547, 601, 567, 508, 613, 553, 547, 566, 588, 585, 539, 516, 468, 502, 596, 588, 583, 555, 573, 503, 542, 576, 494, 518, 486, 491, 477, 554, 510, 438, 583, 575, 515, 436, 563, 565, 529, 532, 579, 645, 648, 605, 626, 659, 689, 607, 601, 551, 567, 506, 581, 616, 580, 602, 532, 461, 508, 516, 575, 528, 501, 595, 485, 522, 526, 463, 458, 544, 521, 537, 540, 617, 605, 605, 567, 546, 613, 514, 565, 612, 554, 552, 491, 513, 592, 576, 566, 614, 576, 552, 509, 503, 536, 531, 627, 630, 517, 555, 509, 496, 499, 463, 584, 544, 487, 565, 554, 462, 459, 512, 698, 742, 629, 636, 630, 647, 695, 635, 3131, 4605, 3333, 1254, 1450, 2404, 2870, 1606, 9873, 15946, 12175, 3700, 3937, 7964, 10186, 5092, 13495, 23666, 19043, 5823, 5607, 10881, 14773, 7584, 11406, 23606, 20473, 6092, 6146, 9229, 13135, 7049, 7483, 18155, 16936, 5459, 5250, 7145, 9099, 5365, 4039, 10051, 10099, 4211, 3743, 5773, 5314, 3390, 5169, 10919, 10629, 4677, 5553, 7299, 5215, 3269, 5847, 11429, 10430, 4138, 6237, 7187, 4524, 2820, 3933, 7240, 6394, 2559, 3880, 4609, 3235, 2145, 2070, 3614, 3135, 1388, 1737, 2052, 1975, 1466, 1608, 2830, 2555, 1156, 1194, 1492, 1749, 1353, 1543, 2587, 2421, 1170, 1132, 1441, 1631, 1302, 1214, 1820, 1523, 816, 916, 1032, 1108, 868, 1973, 3112, 2481, 823, 1344, 1527, 1597, 814, 8799, 15871, 12589, 2602, 5211, 5356, 6861, 2261, 15931, 30578, 25075, 5957, 9364, 9482, 13988, 5648, 12522, 22829, 18836, 5952, 7441, 7099, 10732, 6061, 9705, 13923, 9615, 2804, 6430, 5814, 5513, 2979, 8488, 12916, 8915, 1597, 6046, 5650, 4906, 1450, 3778, 5881, 4307, 1169, 3052, 2917, 2295, 1105, 1291, 1658, 1431, 740, 1145, 1209, 945, 861, 753, 889, 909, 725, 688, 847, 698, 600, 799, 835, 773, 744, 803, 827, 782, 639, 876, 873, 818, 811, 949, 969, 778, 700, 992, 1094, 995, 669, 1016, 1120, 839, 816, 2155, 2552, 1625, 1133, 2267, 2015, 1133, 1269, 3382, 3962, 2270, 1785, 3308, 2687, 1463, 1692, 2769, 3291, 2154, 1519, 2558, 2232, 1480, 1391, 1867, 2260, 1472, 941, 1537, 1450, 1115, 819, 1350, 1737, 1321, 685, 1100, 1073, 911, 659, 1330, 1710, 1289, 657, 1087, 1112, 836, 615, 1265, 1599, 1239, 700, 1054, 1026, 761, 619, 1305, 1536, 1076, 652, 1105, 1102, 746, 742, 1252, 1472, 1027, 774, 1159, 1120, 846, 776, 997, 1277, 1002, 678, 947, 894, 634, 581, 794, 904, 811, 642, 762, 739, 576, 656, 682, 881, 770, 649, 735, 716, 672, 663, 777, 929, 828, 744, 740, 693, 686, 638, 832, 885, 732, 743, 745, 741, 688, 741, 898, 966, 773, 669, 881, 895, 687, 681, 611, 890, 927, 607, 662, 733, 659, 677, 667, 848, 817, 731, 746, 716, 660, 736, 832, 967, 830, 699, 821, 849, 747, 750, 759, 903, 830, 678, 840, 901, 766, 591, 817, 908, 723, 582, 783, 893, 831, 680, 757, 816, 755, 704, 787, 815, 750, 708, 872, 1032, 809, 864, 1090, 892, 724, 699, 1075, 1265, 871, 1025, 1368, 1176, 748, 636, 1014, 1076, 862, 915, 1221, 1013, 760, 750, 858, 966, 797, 855, 908, 786, 699, 706, 827, 945, 831, 865, 893, 977, 758, 626, 741, 779, 728, 737, 744, 793, 676, 579, 598, 764, 739, 566, 626, 689, 672, 540, 603, 695, 646, 519, 581, 587, 594, 559, 647, 663, 722, 659, 684, 687, 646, 677, 711, 751, 741, 665, 676, 750, 744, 763, 724, 791, 858, 696, 683, 840, 798, 732, 997, 953, 873, 833, 787, 893, 885, 848, 993, 950, 752, 830, 802, 809, 763, 758, 846, 847, 763, 785, 755, 763, 688, 758, 697, 700, 716, 647, 618, 729, 659, 704, 705, 654, 611, 600, 615, 732, 658, 611, 685, 658, 626, 592, 657, 797, 750, 674, 722, 671, 592, 554, 686, 707, 709, 729, 694, 860, 845, 619, 688, 751, 747, 711, 622, 948, 997, 688, 573, 717, 825, 725, 1255, 1056, 1054, 903, 778, 1165, 1026, 1004, 2927, 2187, 1964, 1528, 1459, 2856, 2178, 1866, 3603, 2709, 2520, 1875, 1728, 3397, 2442, 2189, 2335, 1828, 1728, 1297, 1287, 2128, 1581, 1488, 1032, 1038, 1065, 791, 729, 1165, 1123, 897, 976, 883, 951, 1012, 740, 1027, 1089, 852, 881, 817, 906, 1041, 940, 1173, 1206, 889, 790, 885, 1121, 1110, 987, 1400, 1406, 922, 898, 1021, 1117, 1130, 851, 1271, 1374, 801, 1024, 1099, 1097, 1095, 768, 1433, 1471, 818, 1030, 1070, 1060, 902, 836, 1152, 1138, 928, 982, 1170, 1096, 812, 864, 1053, 1001, 886, 1617, 1487, 1696, 1359, 983, 1492, 1884, 1990, 2390, 2157, 3196, 2193, 1317, 2429, 3827, 4118, 1795, 2021, 2877, 1733, 1152, 2102, 3526, 3631, 1036, 1251, 1526, 1161, 832, 1250, 1882, 1755, 1351, 1218, 1691, 1433, 955, 1273, 1697, 1698, 1509, 1255, 1943, 1876, 1063, 1242, 1831, 1932, 1425, 1310, 1621, 1528, 953, 1211, 1638, 1693, 1380, 1506, 1376, 1225, 898, 1502, 1511, 1003, 1516, 1414, 1470, 1265, 1087, 1749, 1714, 1505, 1188, 1141, 1244, 943, 966, 1367, 1558, 1511, 958, 977, 1034, 904, 1007, 1256, 1096, 1070, 1302, 1160, 1113, 826, 982, 1447, 1573, 1475, 1104, 1269, 1295, 871, 749, 1078, 1208, 1118, 1306, 1433, 1174, 933, 850, 943, 992, 1123, 1121, 1149, 1045, 922, 702, 796, 1026, 1186, 987, 930, 944, 855, 671, 750, 865, 959, 915, 1027, 1011, 827, 699, 850, 850, 813, 751, 995, 914, 610, 599, 712, 884, 778, 667, 912, 766, 537, 527, 688, 834, 652, 674, 762, 753, 645, 503, 591, 582, 623, 596, 729, 798, 724, 544, 599, 630, 590, 702, 672, 772, 753, 565, 535, 610, 667, 749, 757, 698, 658, 565, 616, 623, 506]"
-0.9800429940223694,0.34486889839172363,-1.4379730224609375,-1.424757957458496,0.26208436489105225,-1.0572991371154785,-1.207795262336731,-0.5959906578063965,-0.9874820709228516,26.0,-0.5959906578063965,-0.9057998657226562,17.25,-0.5080142021179199,-0.72784423828125,20.75,2.325972080230713,1.746225357055664,15.5,2.714928150177002,1.0037899017333984,15.25,"[600, 513, 575, 664, 712, 664, 577, 510, 544, 539, 555, 635, 629, 615, 585, 497, 506, 551, 557, 478, 454, 547, 567, 488, 501, 503, 506, 501, 448, 422, 366, 435, 489, 519, 512, 496, 518, 495, 497, 513, 519, 506, 535, 561, 535, 586, 651, 586, 596, 494, 507, 550, 501, 548, 595, 655, 470, 429, 555, 573, 547, 577, 605, 552, 498, 517, 551, 585, 486, 485, 538, 538, 504, 509, 557, 542, 495, 551, 591, 529, 516, 545, 485, 436, 524, 558, 504, 494, 520, 584, 571, 523, 579, 529, 496, 476, 486, 514, 589, 580, 546, 526, 506, 518, 548, 527, 569, 551, 632, 580, 470, 561, 518, 424, 492, 577, 573, 455, 467, 574, 559, 478, 508, 556, 508, 481, 561, 652, 627, 540, 537, 547, 585, 507, 498, 613, 552, 569, 554, 584, 572, 494, 549, 570, 568, 505, 524, 555, 506, 503, 466, 540, 548, 600, 605, 576, 539, 555, 569, 587, 537, 541, 535, 497, 464, 556, 634, 575, 645, 557, 579, 602, 559, 567, 577, 644, 567, 617, 620, 553, 593, 547, 593, 551, 524, 598, 562, 487, 573, 552, 537, 511, 597, 569, 448, 478, 551, 542, 526, 570, 723, 641, 583, 498, 527, 522, 485, 673, 619, 613, 566, 534, 483, 555, 549, 518, 463, 432, 450, 557, 495, 442, 500, 459, 1072, 1552, 1224, 567, 1025, 962, 1012, 648, 4805, 8147, 6234, 1017, 3455, 3556, 3502, 1041, 8551, 15289, 12188, 2258, 5664, 6043, 6695, 2039, 6541, 11724, 9627, 2461, 4277, 4591, 5134, 2285, 4651, 6294, 4212, 1301, 2841, 3210, 2675, 1267, 3741, 5080, 3326, 947, 2010, 2595, 2458, 1066, 2531, 3482, 2654, 1334, 1497, 2046, 2324, 1417, 1814, 2521, 1885, 1133, 1369, 1748, 1746, 1154, 1448, 2051, 1681, 1072, 1536, 1528, 1009, 794, 2655, 4286, 3328, 1301, 2545, 2530, 1472, 864, 3904, 6792, 5380, 1252, 3682, 3770, 2506, 980, 3649, 6546, 5280, 1239, 3434, 3565, 2544, 1041, 2269, 3859, 3036, 1005, 2027, 2015, 1637, 788, 1153, 1804, 1569, 818, 1064, 1123, 1086, 795, 968, 1154, 993, 737, 927, 915, 785, 763, 914, 995, 670, 613, 795, 758, 649, 644, 772, 806, 638, 618, 731, 749, 607, 572, 957, 1116, 982, 808, 863, 754, 776, 647, 1115, 1506, 1176, 772, 1014, 1052, 763, 560, 1532, 2214, 1734, 1262, 1891, 1799, 1072, 772, 2937, 4046, 2882, 2826, 4286, 3495, 1535, 1338, 3758, 4922, 3295, 3499, 5135, 3875, 1749, 1664, 2644, 3000, 2080, 2555, 3153, 2267, 1394, 1521, 1900, 1787, 1190, 1613, 1799, 1343, 1181, 1269, 2011, 2801, 2177, 1167, 1708, 1805, 1368, 1043, 2707, 4310, 3366, 1311, 2661, 2739, 1762, 1167, 2546, 3643, 2589, 1177, 2250, 2143, 1320, 1078, 1465, 1751, 1142, 812, 1132, 1046, 900, 828, 991, 1055, 804, 703, 833, 842, 664, 676, 881, 1006, 729, 611, 804, 762, 651, 603, 819, 880, 715, 688, 902, 826, 610, 673, 831, 1004, 963, 802, 960, 1005, 814, 783, 681, 703, 738, 572, 770, 913, 726, 675, 710, 707, 658, 650, 756, 840, 667, 568, 694, 819, 729, 641, 722, 770, 673, 568, 688, 850, 778, 660, 647, 738, 660, 548, 721, 821, 630, 589, 658, 643, 597, 506, 733, 805, 706, 626, 724, 675, 595, 607, 737, 749, 704, 590, 591, 620, 587, 658, 823, 746, 588, 664, 722, 591, 535, 667, 670, 657, 648, 638, 607, 491, 612, 672, 652, 714, 646, 606, 623, 594, 620, 667, 664, 666, 629, 607, 671, 674, 636, 614, 868, 977, 791, 638, 810, 863, 691, 557, 874, 1009, 806, 689, 755, 857, 693, 565, 670, 649, 626, 708, 716, 675, 605, 574, 731, 762, 662, 613, 657, 638, 622, 637, 675, 833, 851, 692, 684, 727, 698, 621, 639, 710, 651, 610, 650, 733, 701, 622, 731, 765, 722, 637, 784, 943, 877, 765, 687, 744, 778, 723, 823, 924, 835, 763, 584, 646, 633, 608, 643, 645, 703, 602, 663, 607, 596, 622, 638, 654, 629, 667, 616, 520, 620, 667, 680, 598, 609, 652, 646, 590, 601, 664, 648, 602, 597, 629, 693, 692, 660, 585, 606, 593, 519, 539, 699, 775, 669, 612, 626, 673, 590, 533, 802, 863, 721, 636, 679, 854, 753, 669, 876, 933, 823, 680, 707, 833, 772, 732, 755, 779, 689, 708, 695, 767, 742, 645, 633, 612, 619, 589, 598, 631, 666, 579, 602, 606, 577, 640, 617, 559, 733, 683, 630, 581, 659, 661, 622, 615, 652, 655, 759, 728, 645, 657, 675, 614, 630, 657, 709, 736, 646, 631, 621, 572, 597, 623, 650, 723, 718, 677, 635, 630, 611, 638, 925, 877, 999, 960, 701, 985, 903, 776, 1714, 1335, 1453, 1339, 1035, 1912, 1433, 1010, 1845, 1340, 1317, 1328, 954, 1733, 1275, 1112, 979, 985, 1078, 883, 741, 1056, 889, 766, 822, 851, 852, 778, 707, 954, 963, 844, 692, 652, 754, 685, 627, 812, 784, 837, 778, 793, 794, 667, 627, 791, 792, 782, 750, 755, 804, 705, 745, 893, 776, 725, 801, 841, 787, 704, 755, 796, 782, 659, 888, 926, 818, 776, 814, 791, 806, 770, 662, 848, 842, 643, 584, 751, 853, 635, 926, 1090, 1228, 977, 674, 1006, 1152, 1033, 1867, 2249, 3238, 2519, 1153, 2622, 3214, 2748, 2733, 3377, 4893, 3689, 1750, 3925, 5102, 4463, 2216, 3432, 4242, 2618, 2047, 4135, 5307, 4204, 1583, 3223, 3429, 1730, 1453, 3617, 4752, 3388, 1168, 1492, 2249, 1655, 812, 1585, 2471, 2335, 1484, 1133, 1424, 1459, 1101, 1079, 1333, 1695, 1348, 1219, 1236, 1344, 1099, 1027, 1136, 1362, 1188, 1136, 1184, 1315, 770, 1050, 1260, 1235, 1261, 1049, 1069, 1139, 674, 1018, 1309, 1434, 948, 791, 977, 814, 679, 810, 1078, 1215, 843, 1049, 994, 725, 767, 966, 964, 834, 1241, 1202, 975, 946, 979, 1107, 881, 867, 1596, 1170, 791, 1214, 900, 926, 960, 1316, 1267, 887, 788, 1088, 715, 864, 1066, 1117, 944, 688, 604, 776, 715, 820, 777, 807, 756, 751, 647, 681, 709, 754, 740, 656, 620, 724, 751, 650, 562, 765, 889, 700, 664, 646, 770, 732, 590, 765, 852, 777, 650, 585, 630, 615, 625, 606, 619, 693, 531, 533, 582, 533, 511, 580, 537, 554, 571, 471, 544, 594, 546, 618, 537, 507, 508, 495, 526, 531, 479, 478, 540, 530]"
-1.1098815202713013,0.477283239364624,-1.4028823375701904,-1.144758939743042,0.0,0.0,0.0,-0.29626694321632385,-0.954437255859375,15.0,-0.29626694321632385,-0.9152412414550781,-28.75,-0.29626694321632385,-0.9068012237548828,27.5,-0.29626694321632385,0.9166717529296875,27.5,-0.29626694321632385,0.936126708984375,24.0,"[570, 560, 539, 481, 453, 478, 537, 558, 565, 555, 554, 508, 514, 552, 542, 520, 444, 517, 585, 608, 501, 512, 584, 500, 466, 603, 566, 539, 571, 500, 497, 483, 530, 494, 514, 544, 600, 541, 509, 561, 519, 567, 600, 591, 538, 582, 537, 518, 425, 482, 548, 519, 506, 511, 559, 568, 513, 495, 534, 493, 477, 443, 495, 579, 571, 543, 483, 458, 515, 472, 481, 557, 569, 550, 468, 485, 526, 547, 586, 571, 530, 541, 554, 628, 541, 555, 577, 533, 593, 563, 591, 565, 584, 592, 557, 507, 506, 475, 566, 588, 524, 586, 510, 504, 552, 516, 590, 498, 459, 600, 589, 575, 577, 555, 552, 611, 505, 473, 528, 590, 518, 555, 529, 538, 516, 522, 570, 473, 492, 578, 645, 592, 461, 493, 587, 552, 573, 573, 645, 604, 521, 643, 613, 539, 637, 617, 582, 608, 605, 676, 588, 511, 648, 677, 595, 500, 586, 643, 549, 530, 639, 520, 476, 507, 574, 589, 565, 624, 701, 576, 511, 662, 594, 495, 629, 695, 661, 558, 453, 602, 614, 490, 461, 540, 628, 596, 519, 562, 657, 650, 517, 553, 1199, 1471, 998, 681, 972, 946, 803, 605, 9885, 13499, 8426, 1090, 6272, 6468, 5469, 1316, 24833, 34038, 21337, 2792, 15033, 14956, 13579, 3055, 23874, 31918, 19922, 5035, 13817, 12864, 12296, 5137, 11302, 13931, 8119, 3191, 6362, 5616, 4819, 3414, 8572, 11055, 5959, 3206, 7018, 5141, 3259, 2407, 9972, 12591, 6705, 4507, 8244, 5383, 3272, 2856, 4862, 7440, 5789, 3711, 4799, 3703, 2292, 1938, 3400, 6486, 5647, 2471, 4067, 4341, 2282, 1170, 3152, 5146, 4022, 1828, 3315, 3377, 1937, 1139, 1929, 2909, 2289, 1248, 2033, 1974, 1315, 1020, 1077, 1582, 1323, 732, 1151, 1262, 865, 703, 681, 888, 801, 523, 773, 805, 625, 589, 673, 856, 757, 561, 765, 747, 651, 633, 794, 886, 639, 631, 789, 711, 573, 540, 740, 777, 634, 611, 673, 637, 618, 537, 543, 740, 661, 592, 622, 604, 615, 515, 953, 1195, 1128, 739, 761, 779, 709, 681, 1493, 2204, 1796, 995, 1294, 1126, 966, 818, 1808, 2982, 2337, 1121, 1923, 1725, 1319, 867, 1950, 3031, 2262, 1266, 2069, 1767, 1285, 851, 1575, 2229, 2104, 1597, 1590, 1627, 1163, 781, 1358, 2376, 2541, 1695, 1936, 2343, 1547, 846, 1050, 1690, 1753, 1279, 1701, 2005, 1414, 726, 954, 1225, 1077, 828, 1096, 1155, 913, 697, 1150, 1408, 916, 868, 1295, 935, 727, 730, 957, 1136, 825, 674, 924, 842, 654, 582, 709, 869, 762, 512, 690, 856, 680, 496, 685, 864, 829, 552, 777, 916, 672, 473, 788, 874, 663, 537, 824, 849, 565, 539, 809, 907, 743, 531, 753, 831, 615, 600, 801, 896, 764, 563, 739, 734, 607, 516, 818, 948, 826, 578, 782, 801, 608, 453, 885, 1091, 901, 696, 814, 840, 641, 553, 864, 969, 874, 784, 829, 824, 689, 661, 775, 870, 832, 748, 831, 879, 702, 638, 786, 921, 705, 666, 682, 675, 622, 613, 689, 808, 706, 581, 662, 695, 560, 517, 655, 723, 653, 584, 698, 736, 611, 526, 601, 677, 663, 600, 677, 716, 612, 515, 607, 660, 580, 570, 610, 606, 565, 536, 665, 718, 697, 560, 543, 606, 607, 634, 622, 637, 613, 557, 551, 514, 528, 622, 732, 625, 602, 645, 708, 617, 550, 764, 723, 620, 557, 627, 752, 672, 536, 712, 736, 693, 566, 637, 756, 654, 470, 590, 730, 625, 682, 662, 651, 689, 645, 693, 759, 708, 610, 599, 706, 708, 676, 725, 732, 786, 705, 725, 667, 668, 694, 636, 810, 876, 680, 657, 792, 727, 651, 548, 790, 919, 791, 588, 727, 739, 696, 601, 771, 806, 748, 631, 746, 759, 654, 657, 748, 679, 672, 617, 758, 784, 586, 635, 787, 809, 777, 619, 678, 808, 646, 607, 850, 863, 718, 626, 635, 698, 583, 576, 707, 751, 709, 721, 658, 653, 654, 613, 605, 613, 615, 622, 650, 612, 543, 586, 708, 633, 594, 659, 635, 618, 597, 595, 728, 723, 674, 682, 646, 672, 630, 769, 908, 1057, 959, 860, 954, 1226, 1173, 1049, 1024, 1198, 1090, 905, 965, 1262, 1203, 1048, 697, 761, 745, 681, 629, 752, 902, 821, 700, 742, 709, 797, 806, 736, 783, 696, 795, 760, 612, 748, 749, 805, 772, 704, 800, 778, 605, 707, 768, 716, 750, 656, 767, 831, 628, 627, 667, 700, 630, 597, 733, 726, 640, 627, 668, 651, 570, 639, 675, 628, 621, 605, 640, 689, 701, 655, 674, 647, 695, 642, 666, 763, 743, 633, 575, 553, 646, 615, 645, 682, 638, 617, 735, 854, 833, 732, 839, 1001, 927, 731, 1126, 1294, 1027, 1132, 1142, 1485, 1439, 1086, 1181, 1418, 1135, 1289, 1353, 1701, 1555, 1051, 1016, 1274, 1079, 907, 883, 1234, 1161, 799, 945, 1057, 1006, 936, 602, 867, 905, 808, 789, 800, 934, 852, 577, 719, 717, 745, 675, 616, 806, 764, 624, 787, 746, 770, 753, 708, 853, 791, 848, 929, 859, 873, 819, 880, 817, 648, 801, 1119, 999, 627, 999, 1119, 992, 814, 976, 1260, 1134, 706, 1253, 1219, 937, 974, 1149, 1239, 1195, 1059, 1268, 1158, 859, 1001, 1009, 975, 1086, 1204, 1630, 1729, 1391, 1280, 1315, 1600, 1554, 1413, 2847, 3761, 4032, 2888, 1419, 3775, 3959, 2708, 3786, 4276, 5184, 4114, 1367, 4423, 4901, 4115, 2382, 2506, 3091, 2559, 1504, 2397, 3079, 2899, 1777, 2485, 1921, 1221, 1918, 2931, 2889, 1609, 1931, 2357, 2238, 1471, 1952, 2884, 2651, 1792, 1844, 1608, 1779, 1549, 1374, 1691, 1623, 1865, 1100, 1436, 1414, 919, 858, 1093, 1171, 1140, 1367, 1688, 1440, 945, 852, 1303, 1326, 1001, 1472, 1325, 1164, 985, 839, 1111, 1009, 1121, 1507, 1174, 1222, 1068, 945, 1317, 1074, 1120, 1845, 1587, 1453, 1266, 1008, 1627, 1412, 1202, 1786, 1640, 1329, 1253, 1024, 1543, 1399, 1291, 1315, 1080, 854, 927, 915, 1120, 844, 984, 815, 746, 575, 605, 682, 697, 623, 655, 687, 636, 580, 629, 600, 665, 658, 560, 573, 573, 611, 627, 576, 615, 612, 570, 665, 620, 577, 665, 702, 631, 477, 481, 680, 638, 639, 624, 666, 711, 562, 566, 744, 752, 689, 626, 643, 734, 698, 590, 664, 611, 664, 685, 584, 676, 605, 621, 670, 587, 591, 685, 599, 504, 578, 660]"
-0.9344086647033691,0.31515446305274963,-0.9864782094955444,-0.5578166246414185,-0.1468154788017273,0.45856115221977234,0.6148053407669067,-0.34568917751312256,0.7616043090820312,16.0,-0.34568917751312256,0.8191108703613281,-28.0,-0.34568917751312256,0.821685791015625,-26.5,0.13968336582183838,0.3689289093017578,20.25,0.18431532382965088,-0.1773834228515625,25.0,"[708, 637, 580, 638, 657, 642, 577, 637, 690, 721, 613, 663, 780, 709, 666, 688, 567, 582, 552, 531, 660, 702, 632, 558, 509, 576, 478, 422, 506, 595, 513, 417, 508, 492, 501, 560, 535, 502, 496, 454, 553, 585, 545, 484, 457, 475, 433, 450, 500, 541, 512, 462, 567, 568, 498, 494, 503, 450, 420, 452, 526, 509, 480, 542, 523, 524, 538, 555, 479, 427, 500, 518, 595, 593, 562, 573, 525, 564, 553, 541, 530, 527, 552, 535, 542, 517, 514, 565, 643, 706, 601, 519, 601, 552, 474, 495, 548, 602, 551, 521, 471, 472, 525, 485, 536, 544, 581, 596, 475, 454, 530, 562, 535, 561, 562, 548, 519, 530, 539, 567, 604, 551, 519, 552, 664, 648, 541, 539, 595, 625, 571, 541, 502, 613, 599, 550, 520, 500, 572, 564, 452, 485, 558, 552, 589, 574, 620, 559, 555, 565, 603, 643, 655, 686, 602, 582, 550, 615, 643, 594, 613, 691, 558, 534, 608, 622, 590, 519, 862, 934, 657, 637, 831, 881, 694, 641, 8171, 10964, 6865, 1837, 6218, 5710, 3528, 1851, 25668, 36682, 24167, 2578, 19290, 18798, 12742, 3188, 29290, 43983, 30509, 1578, 21282, 21635, 16233, 2066, 12178, 19824, 15645, 3961, 7992, 8546, 8204, 3380, 9187, 11373, 6725, 4559, 6462, 4556, 3272, 3867, 7546, 10108, 6410, 3025, 5585, 4456, 3446, 2299, 3740, 5372, 3692, 1183, 2542, 2872, 2635, 997, 2996, 4136, 2661, 1116, 2516, 2518, 1880, 880, 2910, 3956, 2633, 1683, 2548, 2207, 1564, 1154, 2342, 3671, 3248, 1809, 2199, 2348, 1558, 1195, 1376, 2408, 2275, 1178, 1399, 1666, 1151, 856, 772, 1022, 987, 754, 809, 823, 755, 639, 588, 688, 760, 713, 626, 699, 775, 669, 586, 676, 718, 658, 692, 739, 715, 587, 550, 451, 501, 642, 667, 643, 551, 542, 557, 612, 556, 622, 692, 693, 587, 508, 617, 733, 660, 613, 637, 652, 607, 568, 922, 1239, 1032, 717, 684, 689, 832, 616, 1015, 1322, 1098, 726, 805, 674, 696, 631, 999, 1472, 1432, 894, 1120, 1382, 1009, 726, 1484, 2204, 1958, 1106, 1893, 2259, 1456, 858, 1364, 2049, 1755, 881, 1582, 1970, 1311, 740, 1268, 1815, 1673, 944, 1179, 1391, 1013, 780, 1017, 1363, 1306, 928, 1053, 1120, 875, 811, 848, 994, 863, 707, 894, 870, 735, 715, 827, 1016, 1023, 800, 967, 916, 715, 668, 869, 1175, 1035, 838, 1209, 1100, 667, 693, 1018, 1182, 890, 886, 1343, 1052, 607, 702, 1085, 1269, 852, 785, 1169, 970, 625, 623, 990, 1061, 813, 660, 897, 831, 610, 622, 986, 1047, 837, 757, 865, 741, 619, 647, 844, 916, 833, 798, 794, 573, 616, 600, 771, 827, 718, 677, 693, 608, 589, 614, 825, 809, 684, 748, 789, 740, 620, 688, 713, 754, 671, 607, 735, 782, 719, 681, 792, 860, 727, 670, 775, 774, 777, 718, 749, 857, 638, 699, 784, 726, 659, 559, 659, 751, 563, 636, 747, 730, 595, 519, 658, 757, 677, 595, 708, 690, 635, 654, 602, 639, 565, 526, 686, 557, 561, 619, 674, 667, 650, 632, 683, 606, 514, 590, 687, 592, 586, 634, 593, 600, 530, 580, 659, 649, 647, 647, 616, 603, 585, 609, 767, 795, 806, 740, 705, 738, 684, 638, 809, 898, 726, 671, 658, 637, 673, 603, 729, 863, 668, 508, 630, 641, 657, 561, 588, 740, 652, 481, 610, 680, 605, 499, 572, 681, 707, 570, 614, 609, 594, 583, 634, 692, 708, 623, 685, 752, 616, 558, 647, 771, 739, 580, 794, 872, 598, 532, 646, 654, 685, 636, 652, 712, 675, 575, 619, 664, 591, 559, 595, 730, 661, 569, 641, 717, 623, 659, 746, 679, 614, 572, 643, 750, 647, 635, 763, 665, 523, 543, 615, 622, 675, 639, 678, 597, 586, 623, 640, 650, 650, 604, 608, 622, 574, 627, 604, 623, 581, 549, 690, 668, 570, 575, 719, 662, 566, 581, 651, 649, 652, 698, 986, 1024, 855, 744, 812, 914, 963, 946, 1454, 1269, 1076, 1097, 1177, 1236, 1135, 1288, 1499, 1297, 1208, 1145, 1003, 1203, 1055, 1234, 1318, 1199, 1121, 857, 1006, 1296, 827, 974, 1261, 1101, 1074, 945, 1210, 1333, 846, 961, 1061, 1020, 962, 893, 998, 1174, 856, 824, 818, 824, 773, 765, 717, 786, 732, 720, 770, 795, 683, 620, 667, 691, 707, 619, 881, 839, 662, 679, 803, 734, 687, 713, 892, 826, 598, 681, 810, 812, 576, 630, 887, 867, 709, 765, 838, 773, 680, 694, 672, 649, 614, 600, 579, 578, 595, 694, 541, 588, 682, 688, 665, 589, 550, 590, 588, 548, 661, 726, 670, 724, 663, 649, 722, 768, 783, 835, 826, 891, 887, 765, 788, 843, 867, 877, 757, 886, 965, 889, 763, 702, 818, 895, 759, 690, 775, 805, 756, 653, 737, 871, 799, 705, 777, 816, 799, 805, 918, 984, 779, 731, 852, 792, 960, 1020, 944, 1086, 1002, 1114, 1104, 964, 1175, 1210, 956, 1080, 1220, 1412, 1379, 1225, 1235, 1106, 946, 961, 1000, 1165, 1247, 1340, 895, 783, 852, 759, 693, 815, 790, 953, 754, 756, 739, 663, 831, 860, 663, 727, 938, 796, 980, 998, 856, 859, 947, 1049, 1090, 700, 934, 1146, 1012, 841, 987, 1170, 1419, 1513, 1490, 1373, 1135, 1486, 1526, 1314, 2646, 2623, 2893, 2392, 1563, 2941, 3002, 2458, 2527, 2014, 2350, 1843, 1549, 2888, 2293, 2045, 1514, 1766, 2653, 1661, 994, 1730, 1685, 2161, 1493, 2867, 2959, 1610, 786, 1591, 2838, 2344, 2008, 2821, 2365, 1552, 1121, 1819, 2581, 2040, 1275, 1322, 1181, 1097, 1186, 1247, 1335, 1340, 1321, 1225, 811, 1009, 958, 944, 875, 945, 1418, 1446, 1112, 900, 1112, 1623, 1327, 748, 1747, 1837, 1591, 991, 1419, 2417, 1887, 968, 2578, 2093, 1660, 1501, 1585, 2604, 1850, 1405, 2316, 1673, 1446, 1541, 1260, 1742, 1294, 1694, 1456, 1049, 1273, 1221, 788, 925, 976, 1389, 1034, 920, 1230, 980, 548, 707, 993, 1261, 751, 739, 980, 702, 541, 681, 809, 969, 791, 700, 849, 662, 646, 735, 701, 864, 601, 785, 883, 585, 673, 765, 780, 694, 692, 768, 808, 679, 613, 721, 748, 753, 515, 675, 770, 628, 498, 578, 728, 678, 550, 540, 646, 610, 460, 622, 686, 627, 532, 530, 476, 584, 450, 593, 641, 480, 519, 613, 593, 612, 512, 618, 724, 548]"
-0.7852027416229248,0.36435896158218384,-0.6354838609695435,-0.10841313004493713,-0.06281331181526184,0.7715637683868408,1.0104615688323975,-0.39251020550727844,-0.6045341491699219,26.25,-0.39251020550727844,0.6374359130859375,22.25,-0.39251020550727844,0.7460117340087891,31.75,-0.39251020550727844,0.9263992309570312,16.5,-0.021721631288528442,-0.4546165466308594,16.75,"[658, 580, 554, 706, 799, 705, 556, 577, 628, 667, 647, 681, 809, 768, 600, 551, 516, 616, 677, 675, 670, 634, 565, 553, 475, 533, 579, 508, 535, 610, 523, 470, 409, 429, 414, 462, 464, 448, 438, 403, 571, 478, 477, 559, 482, 485, 533, 563, 634, 609, 547, 538, 515, 533, 545, 590, 544, 570, 557, 512, 514, 578, 591, 526, 547, 612, 514, 512, 537, 570, 562, 475, 492, 612, 610, 508, 556, 554, 564, 563, 567, 509, 550, 608, 548, 536, 544, 514, 542, 556, 622, 555, 515, 610, 629, 564, 528, 588, 652, 548, 584, 539, 529, 594, 556, 664, 671, 530, 583, 584, 579, 580, 544, 521, 545, 491, 562, 612, 544, 549, 564, 532, 567, 501, 615, 684, 585, 514, 458, 553, 559, 491, 657, 742, 551, 479, 503, 576, 617, 543, 664, 700, 524, 491, 548, 584, 585, 528, 493, 499, 516, 531, 804, 844, 700, 742, 652, 621, 642, 613, 6185, 7371, 4203, 3005, 4774, 3293, 2367, 2331, 17040, 21654, 11924, 5662, 13902, 10265, 6020, 4302, 18152, 22958, 12198, 5862, 15693, 12026, 6755, 4534, 12655, 14567, 8532, 6413, 9397, 6446, 5136, 5750, 10906, 12348, 8387, 6212, 6111, 2628, 4993, 6245, 7524, 10039, 7460, 4057, 3614, 2903, 4674, 4172, 4407, 5795, 4004, 1979, 2233, 3207, 3086, 2206, 2515, 4771, 4026, 1143, 2515, 3412, 3032, 1428, 5539, 9558, 7210, 1039, 4357, 4280, 4049, 1350, 5312, 8762, 6450, 1211, 3789, 3046, 3241, 1283, 3183, 4777, 3389, 1133, 2426, 1796, 1374, 908, 1469, 2108, 1500, 702, 1431, 1250, 693, 589, 840, 978, 782, 693, 778, 727, 659, 535, 678, 855, 723, 590, 568, 540, 630, 547, 787, 1151, 1025, 585, 660, 732, 708, 591, 1139, 1748, 1503, 821, 1101, 1152, 784, 594, 1165, 1605, 1268, 708, 1065, 1017, 750, 611, 716, 962, 802, 623, 767, 731, 641, 523, 1028, 1362, 1120, 665, 961, 971, 858, 693, 1231, 1476, 1152, 636, 984, 966, 863, 739, 900, 1002, 838, 665, 720, 787, 677, 609, 993, 1144, 943, 802, 810, 875, 907, 706, 1229, 1626, 1319, 868, 926, 1015, 1062, 877, 1065, 1455, 1328, 867, 874, 1072, 1086, 892, 869, 1003, 999, 754, 860, 965, 893, 833, 694, 814, 875, 794, 866, 822, 807, 784, 714, 788, 731, 719, 790, 720, 655, 653, 692, 765, 851, 748, 672, 652, 599, 706, 860, 1040, 915, 685, 752, 726, 692, 654, 840, 909, 867, 726, 806, 968, 841, 660, 876, 897, 768, 847, 1204, 1160, 839, 788, 1106, 1179, 904, 979, 1325, 1133, 810, 907, 974, 1123, 1001, 883, 1037, 908, 805, 870, 980, 1245, 1344, 937, 954, 871, 870, 1024, 1235, 1403, 1306, 908, 1092, 1053, 874, 963, 1146, 1257, 1074, 934, 1005, 1052, 793, 785, 936, 907, 871, 879, 852, 837, 660, 772, 803, 840, 727, 722, 774, 735, 634, 628, 783, 753, 618, 676, 735, 650, 683, 611, 728, 891, 738, 635, 714, 633, 598, 608, 697, 734, 633, 605, 631, 560, 485, 610, 673, 644, 607, 578, 645, 609, 600, 698, 681, 600, 543, 534, 612, 601, 487, 613, 777, 832, 719, 609, 700, 661, 632, 644, 770, 831, 706, 594, 659, 677, 573, 582, 772, 872, 727, 618, 843, 911, 690, 584, 662, 688, 682, 694, 861, 799, 593, 595, 623, 607, 661, 715, 802, 641, 552, 645, 710, 723, 694, 685, 866, 742, 658, 724, 635, 708, 670, 631, 767, 698, 688, 698, 785, 914, 711, 576, 747, 633, 566, 667, 965, 1102, 841, 751, 910, 785, 592, 729, 1074, 1205, 913, 886, 965, 884, 710, 698, 863, 980, 797, 741, 778, 725, 626, 564, 721, 782, 664, 549, 657, 631, 565, 534, 707, 770, 672, 665, 665, 583, 619, 587, 724, 753, 614, 627, 665, 681, 583, 626, 821, 867, 756, 701, 796, 848, 724, 593, 983, 1082, 835, 710, 921, 1012, 729, 736, 1341, 1344, 962, 791, 982, 1063, 789, 892, 1278, 1391, 1029, 749, 828, 951, 892, 856, 1162, 1341, 976, 736, 919, 973, 972, 682, 972, 1138, 959, 696, 946, 1127, 878, 662, 1024, 1091, 910, 858, 1046, 1162, 904, 767, 1094, 1223, 942, 837, 1012, 1122, 891, 783, 968, 1015, 841, 673, 924, 1019, 844, 727, 751, 908, 913, 701, 782, 983, 976, 750, 741, 802, 784, 645, 825, 941, 809, 739, 695, 653, 566, 562, 713, 686, 666, 652, 689, 633, 563, 689, 772, 689, 540, 607, 722, 718, 762, 797, 745, 602, 603, 670, 727, 881, 970, 756, 726, 798, 743, 641, 788, 857, 842, 661, 704, 792, 705, 710, 939, 909, 796, 751, 762, 804, 790, 758, 1052, 953, 707, 801, 829, 783, 770, 907, 1009, 892, 776, 775, 693, 821, 896, 1011, 872, 834, 727, 669, 627, 781, 948, 934, 995, 961, 827, 706, 649, 754, 777, 850, 1098, 958, 924, 867, 761, 890, 802, 945, 904, 781, 876, 854, 746, 853, 896, 949, 657, 806, 874, 721, 767, 1040, 1054, 794, 766, 941, 1007, 883, 921, 1314, 1268, 1011, 950, 1088, 969, 900, 900, 1181, 1193, 936, 1020, 987, 751, 863, 783, 771, 857, 810, 1080, 962, 781, 876, 767, 836, 860, 1014, 1155, 1102, 854, 945, 873, 763, 858, 984, 1736, 2223, 2138, 1652, 1230, 2025, 2289, 1705, 2635, 3602, 3859, 2846, 1971, 3746, 4359, 3083, 2165, 2941, 2809, 1928, 1661, 3355, 3614, 2175, 1591, 1391, 884, 787, 1118, 1945, 1618, 801, 1774, 1085, 1094, 1189, 1327, 1435, 1013, 1596, 1940, 948, 1254, 1472, 1278, 1076, 1215, 2047, 2041, 1004, 943, 1458, 1188, 999, 1003, 1863, 1281, 1040, 868, 763, 1157, 1484, 1227, 1076, 916, 1177, 1176, 861, 1215, 1886, 1644, 901, 1433, 1056, 1131, 1307, 1300, 1649, 1430, 1210, 1429, 1039, 1012, 1213, 1248, 1213, 855, 1175, 1031, 1186, 1094, 781, 876, 1051, 875, 759, 697, 950, 940, 640, 731, 1044, 996, 642, 683, 774, 751, 639, 769, 918, 832, 597, 673, 736, 762, 692, 761, 856, 678, 558, 629, 719, 726, 602, 718, 768, 632, 537, 725, 721, 638, 619, 616, 663, 604, 560, 913, 753, 614, 689, 539, 576, 616, 732, 900, 771, 547, 662, 527, 589, 553, 724, 793, 695, 431, 541, 614, 665, 536, 594, 617, 601, 465, 468, 574, 614, 613, 589, 609, 641, 505, 454, 619, 688, 606, 518]"
-0.7909917235374451,0.35807764530181885,-0.5583274960517883,-0.007366970181465149,0.0,0.0,0.0,-0.3328196406364441,0.4765033721923828,28.0,-0.3328196406364441,0.6189823150634766,21.75,-0.3328196406364441,0.6265640258789062,29.25,-0.07146519422531128,0.4124164581298828,24.5,-0.019680678844451904,0.4048347473144531,20.0,"[507, 543, 605, 662, 616, 662, 605, 549, 545, 608, 647, 687, 622, 672, 665, 623, 483, 609, 661, 627, 538, 583, 592, 500, 600, 615, 551, 511, 526, 585, 498, 524, 528, 549, 567, 531, 543, 577, 511, 512, 486, 568, 612, 542, 495, 540, 526, 552, 563, 498, 462, 534, 537, 540, 513, 554, 540, 463, 497, 548, 582, 622, 568, 551, 537, 490, 506, 510, 556, 520, 520, 575, 637, 595, 588, 519, 567, 606, 513, 606, 676, 582, 488, 556, 596, 637, 537, 538, 596, 568, 492, 593, 683, 570, 496, 568, 529, 599, 505, 592, 593, 496, 582, 499, 591, 663, 528, 563, 543, 512, 588, 544, 588, 592, 559, 556, 520, 439, 598, 574, 588, 610, 647, 618, 498, 488, 606, 640, 477, 485, 606, 593, 465, 455, 529, 531, 1021, 872, 697, 836, 1028, 1010, 705, 772, 6842, 6857, 2476, 3322, 5485, 4594, 2438, 2802, 15087, 16724, 7366, 6175, 11452, 9293, 5833, 4840, 12846, 14942, 7429, 5391, 9530, 7323, 5470, 3868, 7108, 8500, 4447, 2927, 5886, 4633, 3120, 2459, 8181, 10278, 5890, 2145, 4611, 5974, 5328, 2659, 11149, 14295, 8501, 2684, 5096, 7214, 7192, 3516, 8499, 10603, 6233, 2433, 3826, 4895, 4831, 2998, 3064, 3849, 2432, 1123, 1903, 2378, 2132, 1326, 1960, 3042, 2212, 891, 1851, 2186, 1839, 841, 1708, 2677, 2135, 851, 1748, 2256, 1884, 843, 1466, 2272, 1809, 765, 1398, 1638, 1344, 703, 1267, 1785, 1381, 654, 991, 958, 950, 644, 1057, 1311, 1010, 704, 930, 941, 769, 638, 771, 1020, 857, 609, 845, 869, 686, 544, 666, 804, 681, 671, 830, 764, 643, 604, 696, 808, 606, 609, 740, 677, 543, 534, 583, 663, 596, 518, 596, 604, 587, 539, 665, 667, 600, 471, 555, 652, 595, 591, 1044, 1357, 1160, 768, 1005, 1007, 791, 767, 2060, 3245, 2896, 1543, 1806, 1904, 1578, 1284, 2407, 3927, 3630, 1991, 1954, 1987, 1627, 1533, 1487, 2070, 2050, 1357, 1153, 1074, 924, 1165, 940, 1034, 947, 762, 776, 781, 756, 762, 1210, 1748, 1396, 702, 793, 792, 816, 649, 1402, 1982, 1617, 851, 862, 883, 955, 777, 982, 1058, 920, 657, 633, 717, 775, 757, 669, 724, 688, 490, 498, 659, 643, 592, 688, 733, 710, 621, 753, 768, 656, 597, 713, 616, 693, 668, 729, 866, 674, 569, 710, 626, 716, 668, 719, 851, 663, 626, 912, 1038, 954, 916, 1045, 980, 739, 721, 2193, 2540, 1604, 1558, 2158, 1726, 1166, 1117, 2669, 3233, 1987, 1520, 2447, 2108, 1501, 1231, 1594, 1945, 1383, 1161, 1494, 1394, 1199, 989, 895, 1169, 941, 658, 839, 817, 766, 670, 842, 1086, 848, 629, 713, 849, 800, 570, 916, 915, 716, 647, 757, 843, 669, 619, 809, 904, 792, 650, 616, 734, 635, 534, 759, 860, 765, 554, 703, 730, 597, 637, 710, 905, 769, 561, 777, 706, 676, 751, 671, 920, 769, 511, 758, 845, 733, 732, 744, 984, 930, 609, 688, 999, 841, 730, 656, 884, 920, 802, 762, 901, 837, 734, 686, 803, 799, 774, 809, 857, 864, 679, 714, 812, 757, 633, 636, 712, 753, 650, 808, 895, 814, 640, 778, 860, 722, 643, 824, 914, 853, 679, 881, 932, 765, 709, 923, 1068, 855, 790, 936, 879, 797, 839, 929, 1012, 807, 619, 859, 877, 727, 676, 837, 975, 743, 625, 868, 875, 651, 545, 791, 843, 693, 741, 793, 698, 596, 568, 728, 767, 599, 600, 663, 681, 562, 487, 732, 665, 560, 564, 636, 649, 569, 576, 726, 743, 633, 573, 637, 674, 646, 624, 656, 816, 663, 519, 674, 736, 649, 531, 802, 905, 729, 574, 682, 795, 630, 617, 942, 1044, 954, 734, 917, 1008, 856, 781, 1224, 1408, 1184, 838, 960, 1012, 949, 935, 998, 1056, 879, 778, 812, 808, 776, 786, 765, 823, 764, 711, 754, 795, 724, 704, 766, 831, 761, 711, 831, 834, 745, 693, 844, 848, 753, 681, 802, 828, 760, 739, 1034, 923, 884, 872, 922, 948, 721, 791, 947, 922, 857, 872, 879, 868, 754, 689, 880, 950, 813, 702, 841, 922, 773, 697, 909, 965, 776, 641, 859, 1004, 835, 609, 873, 926, 790, 707, 795, 824, 799, 682, 860, 962, 810, 660, 698, 855, 722, 620, 713, 819, 843, 666, 637, 765, 670, 536, 669, 743, 872, 706, 664, 770, 734, 632, 564, 746, 816, 587, 667, 771, 648, 589, 651, 731, 692, 644, 718, 717, 629, 667, 726, 695, 644, 547, 617, 627, 638, 722, 697, 676, 628, 614, 741, 721, 618, 711, 671, 673, 639, 506, 643, 634, 696, 782, 911, 837, 833, 731, 725, 836, 990, 1051, 986, 905, 922, 813, 822, 994, 1044, 1087, 621, 710, 861, 682, 601, 745, 699, 666, 767, 717, 618, 638, 559, 648, 647, 650, 947, 994, 719, 699, 648, 872, 861, 685, 864, 884, 785, 784, 649, 924, 889, 703, 939, 875, 826, 756, 667, 815, 619, 828, 872, 809, 901, 831, 813, 896, 637, 814, 877, 867, 786, 758, 899, 1047, 719, 675, 1175, 943, 892, 877, 763, 837, 870, 1064, 1161, 936, 838, 928, 788, 729, 865, 1164, 912, 847, 753, 828, 713, 697, 725, 888, 973, 1000, 849, 752, 654, 818, 1088, 1019, 1495, 2744, 2667, 1707, 1356, 2599, 3348, 2247, 2985, 5073, 5559, 3980, 2695, 4774, 6520, 4967, 3189, 4847, 5109, 3776, 2705, 4564, 6007, 4437, 2193, 2963, 2031, 1099, 1282, 2802, 3000, 1230, 2236, 2137, 1814, 1687, 731, 2000, 2359, 2053, 1895, 1889, 1932, 1648, 832, 1642, 2107, 2004, 769, 771, 812, 798, 675, 716, 906, 932, 634, 1104, 1238, 841, 621, 1015, 1294, 989, 776, 1407, 1304, 758, 681, 1313, 1602, 1043, 975, 1392, 978, 698, 854, 1338, 1452, 813, 1134, 1562, 1155, 774, 752, 1194, 1437, 889, 990, 1355, 1045, 784, 706, 770, 1131, 795, 800, 1143, 927, 669, 589, 603, 866, 643, 815, 1057, 922, 754, 574, 703, 891, 687, 833, 843, 719, 689, 598, 643, 798, 669, 816, 760, 677, 709, 612, 741, 751, 656, 548, 612, 611, 559, 499, 582, 650, 553, 547, 597, 625, 589, 505, 550, 599, 596, 588, 544, 501, 500, 427, 692, 647, 446, 654, 596, 562, 586, 512, 722, 687, 562, 636, 605, 559, 506, 565, 619, 571, 579, 684, 582, 528, 492, 452, 506, 542, 667]"
-0.7917284369468689,0.35807764530181885,-0.5583274960517883,-0.007366970181465149,0.0,0.0,0.0,-0.27698689699172974,0.5015373229980469,-26.75,-0.27698689699172974,0.5119800567626953,-29.5,-0.27698689699172974,0.5784988403320312,27.75,-0.27698689699172974,0.5875110626220703,16.0,-0.27698689699172974,1.3309478759765625,15.25,"[517, 674, 709, 669, 703, 667, 711, 670, 550, 566, 643, 761, 691, 655, 722, 693, 536, 564, 597, 612, 575, 556, 568, 543, 511, 510, 500, 478, 458, 513, 470, 501, 512, 467, 484, 575, 525, 542, 524, 558, 536, 515, 521, 503, 444, 484, 558, 599, 528, 521, 468, 496, 491, 537, 608, 531, 592, 567, 472, 564, 634, 581, 617, 584, 617, 581, 486, 524, 558, 580, 532, 516, 527, 501, 504, 564, 508, 456, 526, 543, 571, 551, 484, 526, 578, 542, 507, 505, 469, 495, 510, 539, 575, 582, 535, 506, 471, 523, 519, 506, 554, 511, 510, 544, 578, 537, 496, 472, 558, 480, 529, 576, 552, 554, 512, 522, 537, 528, 533, 521, 633, 785, 639, 570, 592, 599, 607, 522, 3553, 5477, 3862, 1112, 1549, 2525, 3362, 1578, 16194, 24087, 16085, 3077, 6203, 11928, 14468, 5132, 26605, 38945, 25561, 4423, 9962, 19660, 22954, 7135, 20282, 28757, 18654, 3785, 8179, 13801, 15573, 5510, 11119, 13881, 8153, 2390, 5825, 6140, 5807, 3123, 6230, 7484, 4079, 1467, 3418, 3773, 3047, 1602, 3395, 4247, 3001, 2052, 2252, 2071, 2446, 1840, 1792, 3396, 3434, 2139, 1758, 2213, 2909, 2108, 2725, 4883, 3998, 1395, 2098, 2438, 2719, 1240, 2252, 3462, 2523, 936, 1684, 1575, 1636, 736, 2113, 2557, 1568, 1017, 1575, 1498, 1131, 1032, 3483, 4405, 2945, 1480, 2785, 1977, 1504, 1377, 3050, 3576, 1736, 1425, 2542, 1788, 965, 1166, 2501, 3224, 1946, 931, 2179, 1737, 851, 882, 1661, 2165, 1440, 785, 1427, 1163, 665, 717, 899, 1117, 791, 661, 950, 813, 608, 573, 877, 985, 827, 644, 790, 718, 600, 614, 875, 978, 813, 578, 682, 702, 567, 582, 761, 774, 604, 571, 616, 653, 632, 591, 749, 683, 583, 697, 676, 653, 589, 700, 797, 910, 940, 730, 703, 779, 682, 649, 1018, 1348, 1251, 838, 926, 1160, 951, 707, 1035, 1139, 923, 801, 800, 1016, 893, 713, 980, 1118, 949, 797, 914, 766, 751, 769, 882, 1083, 1092, 760, 1067, 1337, 1039, 666, 762, 1502, 1520, 817, 1046, 1263, 1038, 744, 931, 1562, 1386, 752, 951, 1004, 881, 659, 846, 1134, 921, 611, 758, 827, 821, 703, 888, 1103, 915, 669, 714, 820, 821, 731, 888, 962, 757, 647, 765, 786, 714, 760, 815, 932, 795, 678, 814, 735, 691, 749, 669, 827, 788, 637, 718, 759, 656, 609, 930, 1292, 1081, 738, 1079, 1071, 717, 522, 2016, 2804, 1909, 784, 2044, 1968, 1054, 720, 3087, 4329, 2760, 1213, 3354, 2944, 1357, 912, 2341, 3312, 2209, 938, 2520, 2272, 1182, 866, 1119, 1481, 1103, 704, 1285, 1258, 897, 735, 842, 938, 870, 656, 808, 919, 823, 736, 811, 918, 932, 697, 853, 1064, 791, 646, 786, 844, 748, 688, 807, 797, 710, 640, 724, 808, 762, 710, 752, 682, 652, 617, 630, 795, 798, 765, 817, 722, 733, 788, 679, 769, 802, 811, 819, 708, 620, 699, 715, 692, 838, 873, 739, 727, 652, 697, 671, 653, 676, 755, 854, 842, 770, 668, 694, 641, 529, 605, 699, 652, 600, 690, 826, 867, 631, 571, 705, 676, 634, 661, 761, 864, 688, 617, 775, 845, 799, 646, 783, 1005, 989, 788, 705, 733, 848, 763, 949, 1134, 1046, 747, 755, 839, 808, 789, 1004, 1040, 706, 592, 819, 1010, 813, 619, 817, 712, 701, 731, 728, 924, 823, 681, 638, 708, 659, 551, 588, 715, 755, 578, 665, 682, 556, 504, 553, 620, 631, 532, 543, 636, 610, 572, 471, 615, 681, 554, 639, 547, 622, 709, 598, 558, 701, 758, 700, 701, 702, 630, 625, 681, 743, 656, 840, 914, 832, 632, 658, 803, 795, 726, 854, 926, 795, 619, 649, 851, 863, 728, 739, 850, 730, 601, 686, 826, 826, 643, 717, 749, 664, 592, 645, 689, 671, 690, 636, 670, 650, 588, 623, 623, 582, 569, 717, 794, 749, 538, 528, 706, 703, 675, 791, 859, 799, 662, 712, 761, 797, 719, 748, 745, 656, 630, 748, 653, 592, 685, 788, 704, 794, 724, 718, 820, 630, 728, 698, 752, 834, 644, 727, 792, 609, 698, 620, 734, 835, 623, 668, 716, 617, 658, 626, 706, 598, 618, 709, 700, 639, 630, 681, 704, 653, 584, 692, 698, 615, 650, 707, 835, 742, 579, 682, 844, 778, 592, 773, 823, 778, 758, 697, 735, 730, 573, 647, 775, 810, 791, 655, 629, 666, 540, 715, 866, 791, 662, 638, 635, 654, 632, 697, 734, 646, 586, 598, 631, 628, 620, 653, 684, 652, 634, 644, 665, 688, 630, 678, 595, 676, 736, 637, 652, 619, 693, 811, 679, 704, 706, 639, 606, 582, 704, 966, 786, 637, 788, 801, 840, 717, 743, 842, 767, 646, 656, 778, 775, 654, 791, 742, 754, 638, 515, 687, 732, 541, 597, 654, 675, 600, 554, 635, 674, 588, 509, 655, 663, 649, 637, 631, 686, 609, 524, 739, 692, 588, 615, 597, 649, 565, 537, 740, 754, 649, 705, 784, 783, 665, 595, 778, 815, 786, 747, 809, 883, 797, 679, 877, 863, 660, 627, 844, 927, 660, 670, 799, 790, 680, 661, 795, 757, 726, 675, 858, 779, 559, 551, 645, 703, 679, 682, 872, 671, 610, 704, 570, 668, 731, 764, 747, 878, 807, 757, 790, 872, 964, 861, 1138, 1676, 1674, 1360, 1388, 1901, 2312, 2013, 1314, 1927, 1986, 1511, 1426, 2284, 3043, 2589, 937, 1275, 1243, 790, 655, 1353, 2022, 1767, 1117, 2186, 2251, 1571, 1328, 2337, 3180, 2418, 1784, 2738, 2554, 1794, 1454, 2670, 3365, 2411, 1367, 1849, 1858, 1374, 927, 1701, 2135, 1641, 1342, 1504, 1759, 1482, 1054, 1636, 2003, 1667, 1229, 1300, 1543, 1469, 1073, 1452, 1699, 1529, 1051, 1467, 1995, 1543, 879, 1196, 1657, 1688, 1028, 1877, 2514, 1618, 690, 1222, 2333, 2373, 1207, 2033, 2621, 1683, 697, 1075, 2180, 2399, 1002, 1347, 1789, 1299, 841, 838, 1447, 1806, 1163, 1686, 1365, 776, 695, 1134, 1390, 1046, 842, 1157, 995, 649, 583, 927, 978, 612, 668, 711, 747, 578, 459, 686, 870, 796, 686, 687, 713, 580, 610, 669, 750, 681, 667, 651, 639, 591, 556, 567, 543, 594, 600, 704, 674, 562, 564, 575, 517, 534, 473, 577, 617, 577, 549, 571, 538, 459, 480, 496, 522, 462, 502, 519, 557, 516, 511, 641, 597, 441, 391, 581, 642, 456]"
-0.7924651503562927,0.35807764530181885,-0.5583274960517883,-0.007366970181465149,0.0,0.0,0.0,-0.22115415334701538,0.5344390869140625,23.5,-0.22115415334701538,0.5445957183837891,27.0,-0.22115415334701538,0.5556106567382812,25.0,-0.22115415334701538,0.6852149963378906,15.5,0.3650694489479065,0.17309188842773438,16.0,"[518, 607, 595, 588, 655, 590, 597, 607, 566, 616, 655, 671, 684, 585, 615, 643, 449, 501, 526, 545, 535, 546, 531, 499, 523, 530, 473, 533, 570, 566, 504, 495, 534, 464, 472, 559, 608, 529, 453, 508, 524, 463, 452, 567, 621, 535, 428, 499, 480, 480, 486, 519, 563, 496, 385, 466, 486, 402, 462, 501, 515, 470, 519, 515, 502, 545, 503, 535, 551, 522, 525, 519, 564, 584, 557, 592, 538, 503, 544, 536, 458, 539, 561, 498, 441, 412, 458, 491, 488, 494, 565, 490, 464, 480, 491, 511, 501, 587, 609, 550, 477, 547, 500, 454, 579, 648, 551, 524, 583, 668, 612, 502, 625, 598, 507, 549, 571, 594, 594, 550, 576, 569, 515, 427, 466, 499, 544, 537, 1576, 2170, 1534, 687, 855, 1145, 1271, 838, 5426, 7660, 5191, 1797, 2358, 4253, 4923, 2351, 8508, 12046, 8175, 2759, 3448, 7055, 8015, 3618, 7041, 9824, 6664, 2094, 2647, 5695, 6334, 2853, 3059, 4450, 3211, 1083, 1432, 2372, 2740, 1620, 1056, 1796, 1716, 840, 950, 1107, 1594, 1368, 2163, 2657, 1987, 982, 1339, 1986, 2265, 1755, 3337, 3987, 2536, 1187, 1849, 2019, 2322, 2046, 3529, 4385, 3120, 1114, 2159, 2157, 2454, 1571, 3062, 4431, 3323, 999, 2030, 2260, 2397, 1132, 2728, 4180, 3052, 861, 1831, 2100, 2166, 811, 2215, 3008, 1976, 769, 1741, 1724, 1361, 687, 1293, 1464, 949, 713, 1120, 1180, 809, 674, 1177, 1162, 739, 607, 853, 1006, 708, 709, 962, 1005, 765, 640, 727, 787, 610, 632, 742, 713, 592, 654, 720, 711, 615, 582, 547, 490, 541, 557, 545, 501, 484, 614, 662, 524, 531, 565, 582, 586, 521, 599, 554, 624, 597, 483, 495, 609, 593, 552, 505, 565, 633, 558, 553, 692, 695, 581, 681, 695, 655, 631, 637, 678, 730, 633, 819, 1004, 848, 685, 675, 669, 756, 639, 811, 926, 686, 630, 715, 717, 721, 586, 812, 842, 722, 576, 746, 771, 739, 684, 740, 792, 731, 701, 786, 796, 717, 710, 726, 710, 758, 712, 749, 850, 760, 730, 1060, 1112, 860, 606, 713, 948, 946, 827, 1155, 1515, 1261, 833, 763, 960, 1079, 859, 1007, 1340, 1106, 834, 904, 972, 926, 701, 910, 1131, 945, 834, 1003, 865, 729, 611, 826, 1009, 880, 836, 999, 881, 770, 785, 818, 984, 904, 952, 1069, 943, 795, 720, 1122, 1244, 784, 921, 1087, 859, 775, 710, 1488, 1537, 868, 770, 1043, 1004, 829, 942, 998, 930, 821, 686, 768, 932, 774, 749, 722, 793, 629, 717, 797, 743, 610, 598, 758, 847, 621, 567, 713, 683, 612, 607, 737, 943, 797, 597, 727, 769, 742, 610, 674, 724, 661, 551, 614, 693, 643, 624, 796, 732, 610, 592, 621, 615, 542, 614, 717, 785, 613, 620, 654, 640, 608, 543, 634, 647, 590, 605, 643, 614, 552, 535, 632, 681, 573, 564, 638, 619, 524, 527, 751, 809, 678, 659, 671, 667, 630, 643, 578, 661, 553, 629, 634, 577, 618, 606, 672, 754, 602, 518, 566, 672, 705, 588, 670, 762, 776, 664, 563, 653, 664, 589, 732, 747, 745, 799, 718, 557, 705, 722, 683, 698, 660, 612, 582, 570, 687, 694, 682, 702, 699, 619, 490, 628, 728, 652, 510, 664, 725, 612, 516, 610, 647, 589, 644, 690, 670, 560, 590, 660, 610, 598, 687, 712, 584, 499, 577, 590, 564, 599, 655, 625, 594, 555, 619, 679, 586, 609, 624, 544, 574, 617, 625, 593, 618, 624, 527, 487, 566, 602, 553, 500, 537, 548, 633, 491, 580, 636, 491, 528, 529, 640, 752, 768, 634, 604, 736, 659, 567, 639, 833, 779, 631, 664, 735, 701, 642, 740, 759, 729, 591, 622, 640, 652, 651, 667, 619, 604, 540, 661, 649, 551, 532, 561, 536, 603, 595, 583, 627, 632, 653, 576, 730, 639, 701, 586, 730, 815, 616, 721, 1017, 748, 748, 679, 904, 1107, 742, 860, 1096, 841, 794, 725, 1002, 1161, 764, 866, 784, 764, 719, 592, 755, 916, 768, 652, 706, 676, 647, 621, 672, 763, 723, 618, 679, 731, 737, 682, 693, 684, 693, 739, 643, 776, 768, 642, 703, 723, 710, 704, 712, 764, 755, 655, 716, 739, 702, 686, 685, 713, 703, 737, 723, 682, 667, 690, 541, 693, 718, 631, 574, 578, 606, 577, 721, 603, 543, 624, 589, 524, 474, 580, 686, 572, 617, 561, 632, 745, 608, 606, 615, 626, 579, 547, 546, 692, 615, 466, 570, 671, 634, 595, 595, 760, 709, 569, 654, 663, 634, 574, 549, 687, 700, 641, 732, 762, 765, 657, 589, 691, 691, 713, 762, 743, 673, 649, 596, 639, 655, 724, 868, 906, 710, 603, 604, 667, 670, 720, 814, 809, 784, 656, 607, 711, 744, 784, 746, 732, 660, 547, 540, 594, 713, 705, 962, 907, 638, 675, 751, 760, 686, 749, 1059, 1028, 812, 756, 885, 929, 795, 914, 982, 848, 709, 649, 840, 900, 723, 926, 957, 765, 628, 684, 841, 826, 733, 881, 911, 741, 747, 652, 692, 758, 825, 849, 828, 726, 788, 721, 600, 699, 851, 842, 775, 660, 713, 666, 668, 627, 603, 758, 850, 770, 771, 687, 718, 805, 714, 772, 850, 986, 826, 639, 725, 870, 770, 683, 844, 827, 934, 738, 749, 830, 774, 840, 1295, 918, 1230, 1106, 1004, 1133, 1807, 1953, 2046, 1652, 1602, 1802, 1655, 1701, 2448, 2899, 1951, 1737, 1931, 2152, 1758, 1634, 2121, 2342, 1826, 1313, 1429, 1607, 1310, 1342, 1801, 2053, 1697, 1429, 1326, 1226, 1278, 1206, 1480, 1677, 1286, 1154, 1153, 1005, 997, 971, 1066, 1227, 1079, 978, 898, 986, 951, 968, 1005, 1021, 1278, 803, 951, 1207, 932, 907, 1310, 1546, 1451, 1098, 975, 1223, 1023, 1127, 1218, 1333, 1556, 1477, 1470, 1402, 989, 1563, 1527, 1136, 1225, 1308, 1170, 1241, 960, 1398, 1455, 921, 804, 1143, 1142, 984, 823, 1148, 1302, 969, 631, 1164, 1162, 750, 827, 1208, 1207, 795, 741, 831, 807, 702, 779, 1031, 1012, 794, 608, 738, 810, 658, 603, 885, 790, 565, 605, 702, 738, 633, 567, 698, 635, 488, 612, 703, 711, 610, 535, 589, 682, 594, 593, 631, 659, 582, 604, 547, 730, 779, 617, 523, 622, 571, 495, 527, 674, 751, 654, 496, 564, 573, 481, 491, 618, 758]"
-0.7932018637657166,0.35807764530181885,-0.5583274960517883,-0.007366970181465149,0.0,0.0,0.0,-0.16532140970230103,0.533294677734375,18.5,-0.16532140970230103,0.5759239196777344,29.25,-0.07276731729507446,0.43087005615234375,-31.5,0.03065866231918335,0.391387939453125,-29.5,0.0655631422996521,0.3795146942138672,22.25,"[574, 622, 659, 538, 506, 541, 662, 621, 607, 565, 555, 614, 620, 572, 631, 614, 612, 615, 585, 579, 627, 640, 550, 547, 646, 630, 538, 490, 488, 528, 502, 588, 592, 534, 495, 560, 577, 531, 491, 535, 633, 571, 562, 655, 695, 554, 513, 576, 541, 543, 552, 601, 515, 515, 580, 570, 544, 469, 469, 559, 583, 481, 476, 540, 446, 445, 472, 446, 475, 487, 502, 457, 583, 592, 567, 567, 565, 621, 564, 509, 709, 639, 570, 570, 605, 667, 536, 539, 650, 602, 501, 541, 562, 510, 472, 494, 645, 665, 515, 483, 563, 620, 496, 513, 586, 540, 535, 570, 551, 631, 618, 572, 586, 499, 543, 583, 625, 583, 565, 635, 660, 577, 590, 652, 637, 591, 617, 727, 668, 916, 743, 530, 734, 712, 663, 543, 4879, 7327, 5241, 1549, 3314, 3730, 3646, 1638, 16574, 23625, 15785, 3082, 11162, 13138, 11598, 3382, 21453, 29685, 19184, 3494, 14942, 17244, 14235, 3735, 12242, 16459, 10551, 2972, 9268, 9820, 7245, 2773, 4698, 5309, 2827, 2262, 4327, 4265, 2584, 1931, 2787, 3162, 1803, 1159, 2045, 2535, 2231, 1084, 3029, 3952, 2410, 1042, 1859, 2668, 2550, 1074, 2342, 3480, 2609, 1439, 1608, 2424, 2483, 1193, 2433, 2840, 2240, 1967, 2112, 1643, 1778, 1530, 2831, 3249, 1791, 1551, 2287, 1525, 1053, 1335, 2106, 2512, 1492, 1008, 1772, 1365, 1042, 958, 1251, 1545, 1112, 705, 1125, 1120, 953, 752, 1136, 1215, 962, 782, 878, 959, 797, 678, 849, 879, 638, 716, 780, 727, 619, 582, 635, 612, 584, 579, 576, 580, 590, 588, 539, 657, 645, 597, 579, 618, 608, 471, 597, 671, 643, 588, 615, 558, 538, 511, 550, 594, 601, 589, 526, 458, 519, 526, 652, 627, 658, 685, 608, 521, 526, 566, 624, 766, 805, 700, 589, 541, 574, 579, 742, 1074, 997, 776, 812, 726, 732, 731, 800, 1047, 987, 734, 826, 776, 712, 701, 733, 971, 883, 691, 692, 864, 895, 664, 1371, 1726, 1456, 949, 904, 1539, 1587, 1163, 2064, 2203, 1696, 1240, 966, 1699, 1857, 1549, 1748, 1729, 1306, 991, 1004, 1518, 1432, 1229, 1066, 1121, 1081, 808, 856, 1164, 1048, 930, 928, 990, 1037, 866, 833, 910, 822, 870, 977, 1183, 1005, 787, 847, 826, 736, 880, 847, 835, 768, 722, 806, 718, 629, 773, 1022, 1041, 872, 982, 1174, 1098, 819, 832, 1407, 1648, 1019, 1353, 1841, 1459, 928, 770, 1287, 1541, 1241, 1417, 1764, 1300, 791, 876, 971, 1036, 1042, 1054, 1095, 944, 733, 793, 700, 799, 750, 757, 705, 695, 692, 663, 540, 721, 746, 637, 660, 684, 673, 584, 679, 694, 634, 622, 696, 746, 615, 546, 785, 764, 700, 664, 702, 681, 540, 626, 666, 769, 738, 541, 637, 686, 596, 597, 534, 655, 687, 626, 670, 694, 636, 484, 695, 753, 747, 729, 760, 711, 588, 576, 682, 809, 719, 582, 678, 720, 693, 638, 684, 776, 724, 649, 564, 639, 776, 715, 645, 609, 608, 684, 662, 664, 670, 644, 807, 713, 593, 699, 742, 730, 651, 732, 694, 787, 681, 628, 584, 637, 690, 601, 673, 680, 577, 579, 577, 607, 721, 677, 645, 752, 604, 562, 571, 647, 705, 585, 681, 683, 652, 673, 598, 619, 679, 657, 747, 605, 512, 649, 642, 528, 541, 680, 743, 782, 701, 638, 624, 579, 536, 658, 587, 711, 674, 552, 615, 522, 567, 608, 680, 638, 571, 492, 513, 514, 570, 648, 732, 637, 603, 622, 632, 647, 550, 587, 640, 698, 702, 604, 554, 615, 592, 620, 601, 614, 676, 688, 690, 622, 641, 650, 566, 652, 697, 715, 657, 612, 651, 571, 709, 673, 581, 623, 638, 695, 733, 682, 609, 594, 601, 738, 654, 599, 637, 680, 591, 554, 696, 813, 717, 551, 579, 695, 653, 658, 701, 632, 603, 611, 635, 645, 735, 580, 612, 578, 690, 698, 563, 711, 712, 644, 705, 641, 730, 737, 588, 665, 782, 743, 647, 655, 737, 728, 600, 642, 770, 854, 737, 651, 720, 772, 667, 576, 854, 735, 755, 668, 810, 794, 702, 809, 771, 714, 765, 737, 652, 585, 634, 816, 636, 715, 679, 655, 630, 631, 667, 686, 618, 648, 564, 555, 613, 668, 569, 555, 646, 689, 679, 656, 644, 629, 642, 624, 608, 687, 640, 631, 651, 620, 531, 579, 588, 665, 602, 581, 526, 573, 577, 516, 657, 660, 588, 647, 635, 568, 561, 546, 711, 698, 526, 489, 523, 646, 583, 529, 745, 671, 563, 630, 684, 728, 559, 576, 637, 679, 610, 655, 639, 559, 534, 557, 603, 708, 643, 543, 526, 560, 616, 612, 862, 816, 643, 694, 736, 725, 713, 801, 1210, 1083, 763, 764, 833, 921, 885, 992, 1017, 976, 842, 732, 706, 807, 821, 860, 664, 701, 592, 511, 557, 645, 695, 651, 678, 809, 603, 534, 650, 691, 699, 592, 729, 765, 581, 626, 786, 726, 668, 669, 679, 734, 631, 642, 808, 827, 631, 554, 783, 736, 586, 625, 573, 607, 592, 651, 886, 647, 616, 765, 733, 684, 690, 843, 728, 645, 772, 819, 772, 664, 814, 898, 601, 641, 682, 646, 596, 586, 706, 700, 679, 712, 726, 698, 639, 714, 782, 749, 631, 687, 731, 691, 776, 672, 632, 694, 674, 817, 704, 600, 693, 786, 672, 518, 653, 692, 677, 696, 680, 753, 699, 598, 967, 702, 879, 967, 871, 929, 1075, 1151, 1680, 1413, 1542, 1351, 1394, 1475, 1282, 1532, 1720, 1827, 1872, 1490, 1621, 1768, 1467, 1461, 1300, 1463, 1511, 1267, 1348, 1376, 1204, 1286, 1381, 1121, 1143, 1145, 1145, 899, 999, 1521, 1255, 1017, 1117, 1202, 1079, 910, 1122, 1349, 1163, 923, 1322, 1315, 908, 822, 1060, 1368, 924, 1301, 1540, 1219, 785, 974, 1338, 1212, 1146, 1386, 1342, 1137, 897, 1040, 1224, 934, 1222, 1178, 1183, 1095, 846, 968, 1116, 1292, 913, 1079, 1283, 939, 728, 1032, 1260, 1209, 929, 812, 923, 870, 616, 816, 774, 805, 986, 690, 785, 972, 698, 768, 854, 831, 727, 597, 740, 774, 544, 625, 713, 759, 546, 604, 733, 645, 488, 478, 668, 786, 509, 649, 650, 458, 410, 479, 597, 600, 588, 608, 500, 517, 545, 504, 499, 529, 621, 566, 542, 526, 545, 499, 495, 596, 514, 539, 571, 524, 487, 455, 461, 551]"
-0.7939385771751404,0.35807764530181885,-0.5583274960517883,-0.007366970181465149,0.0,0.0,0.0,0.03513605147600174,0.4403114318847656,19.5,0.22467882186174393,0.30498504638671875,29.5,0.2547195628285408,0.25992393493652344,28.25,0.2904823496937752,0.28095245361328125,21.0,0.3328254893422127,0.11587142944335938,23.0,"[624, 625, 607, 611, 672, 609, 603, 629, 530, 541, 585, 645, 691, 653, 525, 553, 562, 513, 488, 498, 629, 595, 404, 526, 532, 541, 534, 529, 572, 515, 472, 535, 505, 517, 476, 537, 507, 492, 495, 474, 522, 608, 517, 512, 607, 622, 518, 431, 534, 563, 572, 536, 529, 573, 567, 539, 563, 573, 589, 483, 525, 631, 504, 448, 486, 496, 548, 534, 584, 605, 512, 514, 520, 530, 514, 496, 558, 609, 612, 510, 538, 538, 618, 553, 461, 548, 560, 517, 637, 677, 613, 599, 545, 623, 593, 541, 638, 661, 515, 549, 589, 532, 441, 466, 683, 628, 531, 576, 563, 456, 439, 563, 588, 680, 684, 637, 556, 483, 461, 526, 504, 643, 578, 440, 502, 561, 486, 434, 500, 544, 571, 513, 512, 501, 427, 481, 612, 563, 570, 601, 578, 591, 540, 539, 1125, 1251, 1082, 748, 805, 803, 895, 901, 6671, 8479, 5752, 2652, 4078, 3332, 3771, 3065, 14662, 18278, 11726, 5045, 8500, 7682, 8577, 5887, 13000, 15866, 9840, 3939, 6861, 7968, 8048, 5010, 4800, 5838, 3667, 1495, 2688, 3920, 3441, 1809, 3718, 3829, 2317, 2116, 3140, 2946, 1696, 1949, 7384, 8262, 4471, 3236, 5070, 3637, 2530, 2953, 6300, 7322, 4214, 3263, 4424, 3052, 2281, 2571, 2764, 3390, 2233, 2112, 2710, 2233, 1393, 1251, 1259, 1619, 1324, 1161, 1419, 1505, 1114, 757, 804, 1109, 1036, 697, 735, 845, 789, 587, 720, 914, 807, 586, 656, 755, 707, 592, 904, 986, 735, 628, 815, 803, 716, 660, 694, 818, 674, 547, 633, 727, 739, 552, 571, 665, 549, 458, 502, 595, 621, 493, 634, 640, 579, 555, 573, 636, 598, 563, 727, 631, 645, 686, 678, 555, 541, 697, 563, 636, 619, 522, 551, 522, 569, 626, 581, 631, 585, 623, 665, 636, 602, 595, 700, 675, 686, 705, 707, 559, 572, 705, 676, 794, 742, 641, 643, 660, 669, 657, 658, 834, 822, 698, 651, 759, 687, 589, 877, 1207, 1053, 653, 672, 953, 1051, 734, 1645, 2222, 1632, 831, 1059, 1909, 2030, 1220, 1985, 2459, 1712, 1043, 1279, 2292, 2310, 1408, 1603, 1955, 1459, 883, 1132, 1862, 1811, 1175, 1074, 1584, 1399, 790, 972, 1387, 1439, 996, 744, 1099, 1051, 571, 768, 1003, 998, 684, 898, 957, 761, 584, 762, 909, 808, 642, 807, 873, 758, 669, 682, 845, 847, 619, 711, 769, 780, 701, 694, 753, 741, 680, 667, 822, 841, 809, 822, 861, 808, 679, 633, 845, 837, 756, 808, 904, 890, 694, 676, 921, 802, 740, 802, 891, 903, 640, 692, 842, 701, 713, 711, 728, 705, 592, 621, 722, 731, 697, 649, 645, 693, 610, 637, 801, 835, 696, 630, 654, 638, 643, 671, 832, 782, 691, 715, 618, 635, 737, 693, 707, 633, 649, 647, 591, 596, 622, 880, 966, 827, 660, 670, 694, 685, 618, 961, 934, 756, 604, 729, 793, 680, 677, 796, 951, 792, 700, 850, 792, 667, 636, 708, 900, 849, 678, 723, 762, 665, 566, 713, 921, 863, 664, 609, 621, 704, 560, 666, 672, 644, 625, 660, 616, 670, 616, 568, 568, 542, 597, 668, 591, 476, 496, 577, 525, 409, 561, 643, 574, 507, 550, 647, 623, 509, 538, 559, 621, 584, 511, 708, 722, 562, 548, 611, 617, 593, 577, 753, 781, 671, 587, 686, 667, 589, 679, 605, 796, 760, 604, 637, 607, 578, 580, 724, 762, 739, 693, 750, 690, 642, 718, 715, 623, 482, 536, 640, 656, 606, 629, 783, 752, 519, 581, 696, 648, 580, 585, 679, 636, 617, 624, 650, 637, 643, 597, 602, 639, 583, 601, 598, 567, 594, 574, 629, 610, 625, 657, 567, 588, 584, 510, 674, 659, 588, 618, 600, 573, 641, 623, 634, 638, 565, 622, 633, 581, 563, 584, 615, 662, 576, 642, 734, 708, 600, 620, 593, 599, 648, 686, 715, 687, 659, 679, 648, 650, 650, 625, 657, 622, 634, 654, 604, 645, 659, 536, 563, 510, 677, 761, 610, 651, 755, 651, 653, 597, 692, 817, 633, 627, 710, 690, 590, 542, 667, 760, 706, 648, 709, 666, 531, 448, 621, 711, 663, 680, 706, 656, 515, 568, 628, 659, 638, 700, 753, 629, 596, 585, 603, 680, 671, 699, 706, 642, 692, 665, 652, 748, 660, 681, 799, 730, 686, 725, 750, 666, 530, 626, 740, 612, 467, 660, 717, 603, 574, 668, 789, 644, 656, 643, 630, 725, 579, 705, 750, 651, 683, 609, 700, 729, 517, 658, 662, 656, 589, 560, 725, 605, 526, 638, 587, 514, 531, 539, 642, 613, 596, 634, 594, 632, 607, 556, 603, 614, 603, 567, 529, 617, 671, 513, 479, 619, 572, 584, 591, 604, 583, 620, 648, 617, 563, 574, 520, 557, 638, 706, 638, 589, 573, 591, 511, 561, 706, 722, 649, 619, 756, 668, 586, 665, 755, 763, 670, 660, 682, 612, 601, 644, 673, 645, 698, 676, 694, 596, 546, 625, 661, 628, 655, 648, 725, 685, 627, 612, 611, 612, 686, 702, 705, 740, 750, 669, 559, 629, 786, 737, 698, 662, 669, 577, 591, 555, 544, 669, 636, 630, 626, 592, 618, 666, 582, 560, 627, 662, 619, 601, 642, 680, 649, 599, 611, 666, 694, 721, 703, 710, 655, 576, 636, 628, 672, 715, 678, 705, 724, 700, 646, 655, 589, 600, 652, 759, 698, 655, 739, 741, 724, 656, 693, 763, 801, 691, 930, 729, 800, 938, 844, 871, 1162, 1175, 883, 770, 845, 921, 811, 890, 1251, 1118, 974, 889, 875, 876, 916, 893, 923, 1013, 989, 764, 977, 1230, 1151, 750, 963, 1323, 816, 828, 945, 1073, 988, 889, 1057, 1004, 951, 917, 726, 767, 812, 869, 764, 747, 771, 842, 772, 672, 703, 795, 779, 714, 763, 973, 924, 743, 708, 830, 894, 730, 672, 677, 772, 788, 802, 744, 784, 856, 908, 745, 736, 810, 780, 671, 700, 941, 869, 801, 801, 816, 759, 731, 757, 898, 728, 665, 923, 955, 738, 717, 982, 1028, 724, 664, 803, 839, 707, 718, 795, 843, 656, 601, 634, 725, 674, 615, 609, 658, 524, 582, 684, 539, 541, 590, 521, 504, 465, 491, 615, 534, 371, 446, 532, 534, 453, 370, 375, 442, 428, 408, 421, 451, 493, 517, 503, 533, 489, 494, 518, 476]"
-0.571319580078125,-0.15263931453227997,-0.44968655705451965,0.33752989768981934,0.10819599032402039,-0.5490450263023376,0.3582969307899475,-1.527425765991211,1.3496875762939453,25.5,-0.6383628845214844,0.8681774139404297,28.0,-0.570556640625,0.8355617523193359,24.75,-0.37929725646972656,0.739288330078125,30.5,-0.261566162109375,0.45604705810546875,25.0,"[565, 583, 594, 665, 732, 666, 592, 584, 575, 627, 634, 712, 726, 656, 673, 658, 548, 527, 519, 644, 666, 577, 527, 588, 585, 577, 501, 473, 494, 512, 483, 529, 513, 509, 501, 451, 446, 428, 445, 469, 537, 483, 463, 473, 468, 509, 555, 547, 634, 522, 488, 546, 580, 591, 517, 604, 576, 516, 511, 521, 504, 495, 459, 549, 583, 535, 523, 543, 494, 538, 598, 583, 520, 487, 523, 534, 518, 543, 578, 561, 539, 556, 515, 498, 549, 488, 448, 518, 559, 530, 482, 610, 589, 467, 484, 527, 557, 545, 481, 499, 509, 506, 486, 507, 524, 637, 599, 532, 535, 602, 614, 542, 518, 549, 541, 543, 595, 559, 500, 498, 451, 520, 519, 496, 567, 620, 545, 469, 517, 473, 479, 499, 484, 526, 557, 563, 559, 562, 567, 600, 555, 596, 586, 547, 498, 582, 540, 562, 584, 532, 553, 498, 547, 607, 579, 578, 590, 563, 583, 572, 439, 487, 529, 502, 572, 581, 595, 518, 521, 572, 693, 636, 569, 598, 593, 525, 518, 583, 705, 611, 566, 541, 623, 628, 564, 476, 595, 683, 600, 482, 598, 694, 649, 585, 624, 642, 614, 540, 693, 752, 741, 756, 693, 590, 519, 712, 746, 689, 626, 636, 506, 510, 550, 609, 552, 511, 558, 589, 515, 462, 533, 600, 586, 533, 579, 613, 529, 524, 557, 600, 561, 523, 708, 673, 543, 583, 575, 521, 537, 650, 641, 599, 502, 532, 487, 511, 476, 580, 528, 586, 611, 622, 514, 567, 687, 595, 499, 550, 602, 556, 465, 519, 600, 558, 545, 579, 568, 466, 493, 551, 562, 535, 587, 605, 623, 541, 520, 527, 586, 611, 653, 648, 630, 687, 714, 644, 609, 609, 498, 543, 590, 590, 555, 551, 546, 510, 520, 604, 606, 559, 494, 540, 538, 480, 563, 502, 519, 617, 587, 488, 495, 590, 621, 580, 527, 637, 599, 524, 587, 601, 549, 517, 492, 536, 536, 576, 513, 492, 558, 567, 563, 577, 624, 554, 538, 584, 512, 515, 550, 636, 682, 639, 577, 624, 641, 568, 581, 609, 579, 539, 586, 677, 643, 653, 600, 672, 616, 624, 676, 668, 1208, 1291, 1794, 1928, 1202, 1491, 2948, 2779, 4741, 2384, 4950, 6091, 4155, 2979, 9708, 10447, 7449, 2042, 6120, 8593, 6590, 2728, 12065, 14184, 6240, 4552, 7336, 7681, 5598, 4336, 8589, 9781, 8658, 7887, 13035, 9582, 5600, 7533, 18455, 19476, 6964, 5126, 9736, 7505, 4373, 4827, 13966, 15388, 1962, 1639, 2826, 2235, 1372, 1637, 4275, 4534, 774, 1615, 1888, 1262, 769, 1382, 2142, 1791, 1229, 1502, 1912, 1697, 1085, 1424, 2355, 2300, 919, 849, 1049, 1178, 752, 1032, 1629, 1603, 1228, 1133, 1844, 1485, 795, 920, 1941, 2246, 1104, 2342, 2985, 1755, 820, 1493, 2896, 2772, 791, 1662, 2004, 1242, 673, 1174, 2039, 1829, 748, 1039, 1176, 807, 656, 815, 1203, 1133, 602, 696, 721, 599, 566, 625, 707, 648, 617, 572, 545, 555, 536, 548, 564, 589, 684, 665, 692, 643, 585, 576, 636, 671, 763, 635, 611, 618, 647, 665, 596, 672, 692, 668, 596, 653, 696, 725, 587, 658, 748, 750, 709, 625, 706, 577, 687, 856, 848, 829, 769, 749, 644, 758, 991, 934, 728, 691, 865, 892, 621, 664, 805, 768, 733, 844, 967, 861, 725, 793, 771, 769, 1211, 1408, 1137, 795, 818, 939, 963, 867, 2307, 3104, 2123, 967, 1397, 1571, 1682, 962, 2443, 4127, 3178, 1158, 1519, 1790, 2228, 1181, 2146, 4145, 3479, 1186, 1250, 1312, 2099, 1325, 1967, 3474, 2959, 1092, 1320, 1289, 1663, 1153, 1329, 1815, 1982, 1030, 1132, 1831, 1321, 809, 1841, 1715, 2416, 2136, 1203, 2022, 1535, 1188, 1512, 1499, 2101, 1804, 1158, 1455, 972, 1139, 951, 1222, 1202, 870, 680, 762, 822, 839, 878, 1081, 1005, 780, 686, 792, 870, 813, 862, 1013, 929, 722, 655, 753, 752, 701, 807, 926, 838, 765, 800, 797, 664, 721, 748, 820, 773, 814, 879, 797, 780, 791, 719, 781, 763, 765, 686, 643, 708, 751, 579, 591, 654, 648, 591, 596, 668, 690, 535, 554, 638, 649, 645, 552, 597, 628, 644, 574, 618, 718, 694, 613, 612, 614, 683, 764, 960, 811, 721, 700, 770, 806, 668, 780, 1132, 977, 704, 767, 842, 889, 611, 737, 908, 865, 670, 743, 839, 729, 680, 600, 648, 759, 644, 609, 778, 742, 531, 511, 605, 618, 567, 599, 730, 647, 549, 551, 749, 725, 539, 572, 705, 691, 606, 612, 699, 705, 471, 527, 650, 670, 570, 568, 574, 629, 630, 544, 440, 464, 603, 545, 523, 646, 629, 606, 546, 516, 654, 571, 664, 635, 536, 560, 515, 618, 672, 608, 663, 683, 642, 638, 662, 622, 533, 480, 454, 541, 604, 569, 593, 555, 554, 596, 627, 585, 573, 622, 652, 600, 602, 670, 637, 511, 604, 614, 510, 464, 585, 667, 646, 634, 643, 619, 641, 591, 648, 588, 614, 690, 613, 508, 593, 689, 618, 531, 620, 592, 594, 572, 649, 701, 491, 596, 570, 501, 641, 617, 600, 573, 593, 537, 537, 595, 650, 608, 543, 632, 604, 546, 573, 586, 603, 594, 644, 620, 621, 578, 664, 699, 611, 672, 727, 623, 563, 547, 555, 718, 667, 492, 593, 622, 606, 538, 553, 631, 619, 545, 525, 607, 540, 552, 534, 659, 679, 560, 570, 600, 476, 567, 628, 624, 655, 604, 557, 550, 574, 545, 727, 633, 548, 575, 721, 773, 920, 968, 1371, 1029, 693, 685, 1173, 1457, 756, 1346, 1784, 1171, 758, 906, 1592, 1656, 598, 1128, 1144, 806, 587, 933, 1323, 1025, 612, 791, 722, 595, 552, 687, 819, 659, 614, 603, 617, 472, 533, 559, 592, 646, 527, 575, 524, 474, 549, 573, 473, 453, 568, 651, 561, 466, 563, 638, 598, 529, 496, 635, 599, 538, 578, 505, 536, 503, 596, 531, 548, 544, 536, 590, 542, 585, 620, 562, 433, 519, 499, 506, 504, 515, 533, 577, 518, 584, 519, 525, 641, 553, 449, 416, 465, 437, 553, 487, 599, 653, 479, 364, 427, 417, 418, 449, 468, 589, 504, 425, 412, 434, 432, 468, 443, 487, 489, 411, 455, 513, 525, 489, 488, 513, 489, 431, 433, 457, 517, 510, 490, 457, 489, 466, 415, 445, 468, 463, 392, 389]"
-0.5533947348594666,0.08307646214962006,-0.403197705745697,0.33928075432777405,0.3288799524307251,-0.4820929765701294,0.33503100275993347,-0.5428438186645508,0.991058349609375,18.0,-0.4502897262573242,0.7832050323486328,27.75,-0.13872432708740234,0.7437229156494141,16.25,0.6722326278686523,1.268148422241211,16.75,0.8677835464477539,0.9349822998046875,15.75,"[559, 593, 585, 558, 573, 558, 583, 591, 619, 532, 473, 566, 623, 589, 576, 607, 587, 488, 539, 627, 658, 620, 607, 691, 485, 519, 570, 519, 457, 453, 477, 560, 417, 469, 428, 469, 469, 482, 443, 390, 484, 515, 473, 564, 556, 506, 550, 490, 549, 507, 450, 519, 543, 488, 480, 560, 516, 443, 437, 503, 522, 478, 511, 576, 506, 518, 505, 481, 504, 535, 545, 562, 525, 567, 527, 519, 540, 528, 573, 551, 516, 537, 562, 626, 576, 542, 535, 524, 498, 482, 510, 594, 528, 553, 549, 454, 455, 466, 583, 539, 447, 430, 489, 526, 576, 543, 558, 537, 560, 533, 485, 554, 541, 534, 603, 587, 601, 622, 540, 565, 474, 544, 571, 539, 500, 621, 585, 526, 530, 509, 522, 509, 550, 573, 552, 564, 534, 513, 525, 562, 608, 600, 573, 564, 533, 535, 559, 637, 622, 562, 586, 567, 594, 562, 546, 606, 597, 510, 450, 535, 485, 544, 589, 524, 558, 617, 473, 459, 524, 590, 621, 615, 555, 538, 546, 552, 609, 538, 510, 554, 564, 558, 611, 616, 670, 572, 585, 547, 564, 582, 597, 669, 624, 630, 570, 470, 543, 550, 542, 569, 628, 675, 524, 416, 538, 658, 606, 526, 557, 547, 508, 493, 578, 519, 461, 531, 501, 512, 563, 584, 541, 515, 510, 509, 481, 489, 589, 599, 449, 461, 513, 529, 487, 537, 560, 604, 490, 466, 578, 542, 504, 535, 510, 524, 507, 532, 619, 574, 555, 452, 482, 591, 536, 505, 587, 609, 499, 467, 489, 529, 541, 504, 440, 500, 556, 501, 540, 540, 507, 506, 515, 545, 491, 543, 582, 487, 549, 598, 541, 491, 561, 554, 514, 540, 534, 540, 560, 480, 548, 476, 487, 541, 559, 545, 594, 537, 508, 587, 528, 576, 505, 540, 587, 497, 532, 505, 538, 547, 525, 571, 563, 557, 524, 544, 545, 516, 529, 588, 592, 561, 541, 460, 528, 558, 542, 585, 547, 538, 622, 610, 580, 532, 536, 589, 549, 541, 583, 576, 586, 532, 607, 612, 596, 601, 599, 596, 614, 557, 622, 604, 535, 600, 975, 973, 1271, 1347, 1013, 1124, 1835, 1828, 2716, 1386, 2656, 3339, 2549, 1663, 4608, 5092, 3385, 851, 2483, 3718, 3157, 1019, 4477, 5562, 1989, 2581, 3527, 2706, 1799, 2664, 4520, 4244, 6133, 4716, 8536, 6746, 3998, 4747, 12578, 13508, 5818, 3211, 7268, 6265, 3723, 2990, 9627, 11276, 1758, 1087, 2527, 2366, 1255, 932, 2336, 2908, 1154, 1667, 1813, 1186, 769, 1380, 1845, 1582, 1222, 2468, 3104, 2184, 835, 1883, 2926, 2323, 1192, 3147, 4329, 2740, 881, 1974, 3886, 3682, 1217, 2728, 3679, 2318, 794, 2160, 4158, 3840, 1125, 1249, 1873, 1489, 654, 1113, 1888, 2027, 787, 1357, 1608, 1045, 621, 688, 1190, 1247, 646, 1102, 1199, 739, 599, 752, 1050, 908, 650, 714, 733, 644, 626, 688, 705, 658, 718, 669, 626, 621, 693, 642, 556, 692, 625, 562, 571, 618, 579, 567, 585, 636, 624, 608, 626, 625, 560, 597, 711, 635, 664, 553, 534, 563, 577, 596, 531, 601, 621, 602, 588, 595, 600, 659, 636, 566, 564, 615, 704, 672, 614, 697, 654, 557, 603, 517, 743, 854, 672, 620, 726, 667, 607, 553, 772, 877, 733, 561, 714, 708, 627, 932, 964, 673, 611, 612, 676, 685, 2280, 3170, 2122, 922, 1116, 1654, 1846, 925, 3935, 5174, 3253, 1674, 1719, 2555, 2716, 1401, 2847, 3485, 2622, 2002, 1461, 1431, 1883, 1485, 1735, 2569, 2816, 1945, 1063, 980, 1693, 1517, 1936, 2543, 3661, 3147, 1620, 882, 1879, 2477, 3398, 3044, 4431, 5007, 3190, 1845, 1493, 3396, 2969, 2538, 3693, 4391, 2943, 1832, 949, 2636, 1232, 1491, 2046, 2182, 1523, 1026, 955, 1281, 893, 1186, 1219, 1000, 764, 843, 913, 735, 998, 1230, 1166, 898, 772, 851, 836, 883, 908, 1074, 1179, 1115, 792, 662, 676, 881, 682, 798, 1043, 1080, 793, 718, 801, 763, 629, 626, 688, 760, 734, 695, 640, 670, 694, 705, 660, 647, 654, 779, 847, 737, 767, 742, 792, 758, 690, 669, 825, 857, 790, 720, 655, 705, 679, 551, 696, 829, 670, 755, 632, 676, 637, 635, 719, 666, 636, 835, 761, 566, 611, 701, 873, 723, 521, 821, 810, 586, 635, 722, 983, 825, 537, 728, 564, 652, 760, 675, 739, 659, 490, 671, 655, 599, 625, 695, 807, 685, 622, 623, 605, 508, 623, 639, 628, 616, 603, 536, 597, 556, 561, 563, 566, 633, 644, 500, 561, 624, 606, 570, 632, 737, 627, 671, 697, 677, 612, 607, 721, 751, 660, 578, 614, 682, 641, 595, 630, 705, 586, 501, 559, 652, 595, 553, 600, 694, 484, 496, 495, 518, 469, 494, 566, 545, 429, 472, 488, 496, 494, 451, 515, 484, 553, 549, 538, 504, 633, 592, 553, 633, 632, 606, 514, 496, 559, 505, 507, 597, 549, 606, 608, 500, 474, 586, 646, 580, 561, 520, 546, 512, 528, 547, 620, 629, 498, 552, 591, 553, 640, 687, 629, 576, 558, 544, 569, 578, 565, 634, 670, 583, 741, 649, 577, 649, 641, 603, 675, 630, 688, 564, 538, 658, 643, 586, 581, 620, 564, 556, 654, 684, 647, 617, 596, 642, 557, 664, 632, 626, 594, 536, 664, 591, 533, 626, 674, 617, 581, 562, 768, 719, 549, 638, 738, 586, 615, 732, 786, 738, 592, 584, 593, 658, 662, 669, 700, 691, 1046, 942, 882, 824, 762, 783, 889, 952, 1237, 1473, 1777, 1308, 812, 1053, 1831, 1900, 770, 1658, 1977, 1245, 653, 1220, 2144, 1914, 553, 1104, 1345, 940, 646, 889, 1244, 1096, 628, 574, 763, 758, 588, 664, 631, 629, 552, 584, 605, 517, 477, 631, 718, 605, 475, 455, 520, 510, 501, 567, 652, 576, 452, 485, 516, 475, 520, 618, 621, 486, 493, 538, 594, 491, 492, 668, 717, 550, 510, 440, 468, 518, 432, 453, 580, 616, 530, 423, 403, 439, 471, 449, 439, 541, 441, 565, 563, 527, 546, 535, 539, 473, 400, 488, 558, 470, 421, 410, 413, 436, 455, 516, 503, 439, 445, 476, 477, 432, 373, 397, 395, 416, 364, 387, 415, 388, 428, 414, 437, 437, 414, 400, 475, 472, 381, 427, 460, 472, 408, 438, 484, 441, 412, 438, 373, 386, 412, 432, 389, 342]"
-0.6007519960403442,0.031879812479019165,-0.5594796538352966,0.23022471368312836,0.25548267364501953,-0.5719058513641357,0.2170746922492981,-1.4302937984466553,1.2873172760009766,21.25,-1.4302937984466553,1.6561031341552734,16.25,-0.49745726585388184,0.8398532867431641,22.75,-0.39188551902770996,0.8083820343017578,27.25,-0.384876012802124,0.7633209228515625,-31.75,"[577, 682, 693, 674, 631, 673, 694, 686, 588, 636, 677, 721, 676, 657, 736, 688, 607, 616, 520, 624, 633, 564, 574, 615, 450, 538, 567, 580, 560, 502, 512, 521, 503, 435, 472, 548, 503, 437, 422, 463, 471, 498, 496, 541, 518, 511, 483, 452, 405, 452, 458, 519, 545, 532, 521, 481, 478, 532, 496, 524, 545, 521, 486, 440, 500, 577, 566, 526, 457, 459, 564, 520, 625, 591, 606, 606, 574, 551, 568, 608, 626, 504, 475, 551, 502, 395, 606, 687, 570, 602, 561, 531, 490, 455, 556, 627, 569, 640, 560, 530, 564, 501, 479, 524, 626, 547, 513, 535, 570, 490, 467, 586, 609, 619, 636, 571, 456, 490, 517, 586, 570, 526, 497, 546, 599, 482, 506, 556, 566, 531, 538, 593, 567, 559, 482, 542, 558, 467, 484, 604, 633, 531, 445, 574, 521, 470, 488, 598, 679, 595, 438, 614, 468, 581, 567, 475, 551, 642, 502, 498, 447, 551, 454, 453, 521, 490, 528, 470, 523, 504, 574, 599, 510, 513, 501, 511, 567, 503, 557, 601, 533, 461, 482, 572, 665, 578, 555, 611, 633, 605, 541, 620, 611, 623, 635, 586, 562, 648, 631, 533, 593, 657, 609, 603, 580, 589, 671, 629, 624, 590, 512, 534, 556, 586, 578, 611, 568, 511, 532, 515, 547, 593, 563, 588, 451, 489, 503, 575, 603, 517, 458, 463, 487, 475, 538, 543, 524, 451, 493, 535, 540, 539, 558, 553, 595, 512, 523, 580, 532, 524, 583, 566, 640, 642, 582, 594, 556, 565, 528, 576, 603, 603, 549, 546, 515, 462, 432, 470, 480, 564, 544, 488, 544, 470, 491, 552, 516, 540, 503, 485, 566, 499, 508, 557, 595, 562, 511, 510, 479, 397, 519, 641, 576, 521, 487, 497, 570, 556, 607, 603, 550, 565, 467, 502, 656, 636, 588, 623, 606, 643, 569, 528, 703, 607, 564, 556, 566, 639, 499, 571, 635, 608, 557, 539, 445, 621, 601, 567, 555, 592, 592, 574, 471, 514, 622, 636, 609, 670, 717, 619, 576, 672, 678, 699, 896, 1108, 1486, 1511, 814, 1337, 2417, 2146, 2703, 1432, 3055, 3903, 2478, 1911, 5712, 6000, 3203, 1867, 3570, 4154, 2828, 2197, 6681, 7120, 5401, 5252, 7847, 5144, 3085, 5278, 12065, 12250, 11054, 8850, 14632, 10523, 6617, 8568, 21074, 22749, 9239, 6350, 11590, 8960, 5680, 5865, 15981, 18145, 3114, 1364, 2949, 2874, 1948, 1005, 3421, 4633, 1408, 1909, 2517, 2023, 1023, 1924, 3523, 3290, 1895, 2621, 3612, 2566, 1227, 2463, 4717, 4581, 2166, 2949, 4072, 2813, 1354, 2693, 4996, 4906, 2091, 1917, 2554, 1900, 1189, 1422, 2925, 3153, 1614, 2343, 2264, 1415, 1016, 1161, 1440, 1327, 1206, 2082, 2211, 1412, 764, 1249, 1882, 1613, 838, 1100, 1109, 815, 566, 754, 908, 788, 719, 763, 791, 684, 649, 663, 745, 774, 704, 725, 664, 659, 708, 675, 724, 805, 636, 623, 629, 606, 579, 498, 536, 607, 642, 627, 703, 602, 593, 655, 557, 579, 694, 665, 553, 624, 687, 752, 682, 692, 810, 726, 662, 691, 641, 661, 834, 858, 651, 768, 914, 862, 561, 619, 896, 844, 561, 635, 893, 966, 633, 602, 895, 882, 723, 716, 776, 784, 752, 625, 843, 826, 543, 585, 703, 717, 647, 601, 741, 687, 906, 797, 998, 1051, 853, 629, 765, 956, 2147, 2510, 1874, 1336, 1444, 1264, 1064, 1107, 3185, 4133, 2978, 1383, 1586, 1975, 1565, 1441, 1991, 2452, 2158, 1341, 1024, 1192, 1008, 1376, 828, 1082, 1730, 1541, 880, 881, 1121, 1227, 1272, 1055, 1797, 1793, 1036, 994, 980, 1317, 1370, 938, 1534, 1579, 1026, 1031, 885, 1209, 973, 837, 938, 944, 744, 866, 741, 772, 933, 1028, 861, 791, 653, 800, 850, 698, 806, 943, 821, 713, 611, 789, 893, 695, 768, 735, 767, 769, 686, 750, 756, 692, 927, 796, 811, 834, 710, 834, 767, 837, 883, 938, 890, 813, 690, 638, 747, 822, 717, 755, 728, 622, 688, 735, 666, 605, 641, 767, 663, 592, 553, 783, 772, 593, 723, 869, 799, 729, 578, 678, 857, 676, 827, 884, 789, 737, 604, 622, 736, 686, 766, 753, 641, 690, 691, 605, 714, 705, 633, 579, 649, 730, 664, 610, 708, 717, 608, 582, 560, 661, 615, 575, 598, 587, 682, 636, 666, 657, 663, 732, 749, 690, 600, 643, 650, 591, 591, 690, 661, 646, 650, 667, 602, 556, 586, 609, 667, 736, 541, 527, 573, 471, 512, 645, 664, 621, 616, 619, 592, 502, 643, 752, 646, 606, 530, 569, 605, 492, 540, 614, 518, 517, 631, 642, 595, 506, 548, 573, 570, 635, 646, 715, 671, 558, 638, 608, 650, 633, 563, 680, 680, 615, 568, 615, 601, 569, 536, 571, 586, 530, 537, 591, 619, 524, 624, 627, 549, 555, 583, 647, 657, 643, 623, 556, 591, 699, 680, 649, 650, 678, 595, 555, 535, 500, 581, 588, 576, 641, 727, 670, 596, 675, 672, 542, 560, 644, 685, 576, 611, 676, 536, 572, 570, 646, 568, 510, 577, 618, 613, 596, 571, 571, 634, 508, 659, 786, 640, 646, 666, 636, 637, 563, 732, 801, 621, 688, 742, 696, 695, 529, 684, 824, 705, 628, 652, 702, 628, 561, 788, 813, 670, 604, 626, 659, 669, 660, 749, 762, 707, 593, 641, 711, 644, 649, 644, 708, 637, 559, 629, 689, 736, 691, 636, 606, 588, 661, 729, 735, 841, 783, 765, 565, 604, 779, 851, 845, 900, 956, 915, 663, 790, 909, 970, 926, 790, 932, 841, 668, 688, 791, 939, 808, 686, 747, 795, 743, 682, 689, 786, 813, 655, 750, 877, 757, 610, 576, 707, 792, 559, 655, 778, 700, 592, 587, 722, 798, 504, 519, 656, 620, 583, 616, 676, 680, 597, 626, 620, 619, 649, 601, 542, 669, 613, 595, 530, 498, 579, 526, 659, 665, 542, 463, 409, 568, 547, 518, 577, 577, 504, 446, 441, 513, 462, 465, 466, 450, 509, 421, 502, 548, 449, 546, 511, 507, 513, 491, 522, 525, 525, 570, 528, 544, 418, 443, 488, 495, 478, 516, 528, 478, 482, 401, 391, 411, 403, 438, 468, 506, 423, 419, 464, 426, 376, 430, 424, 436, 463, 470, 519, 494, 435, 467, 456, 451, 437, 445, 466, 468, 395, 386, 433, 429]"
-0.7662782669067383,0.03262531757354736,-0.6672640442848206,-0.07093170285224915,0.22265735268592834,-0.6014636754989624,-0.04822853207588196,-1.344211220741272,1.3818740844726562,18.5,-0.529248833656311,0.9100914001464844,19.0,-0.44999849796295166,0.9482860565185547,26.25,-0.4162384271621704,0.9226799011230469,18.5,-0.3588749170303345,0.7963657379150391,28.0,"[516, 592, 599, 629, 674, 629, 601, 592, 506, 519, 576, 602, 661, 592, 619, 599, 538, 553, 603, 505, 517, 558, 552, 567, 485, 535, 556, 554, 554, 464, 458, 482, 495, 535, 451, 416, 453, 483, 451, 409, 478, 527, 410, 460, 525, 458, 485, 481, 426, 486, 505, 526, 489, 457, 509, 512, 445, 476, 463, 552, 462, 506, 576, 463, 407, 442, 511, 495, 434, 446, 536, 476, 529, 523, 581, 543, 444, 499, 501, 528, 504, 583, 618, 536, 499, 531, 540, 565, 530, 535, 634, 601, 545, 539, 502, 484, 503, 448, 438, 544, 490, 472, 503, 454, 515, 557, 519, 551, 555, 524, 535, 554, 588, 613, 557, 493, 531, 586, 528, 535, 573, 579, 521, 506, 563, 507, 532, 562, 555, 512, 425, 514, 561, 545, 478, 470, 588, 544, 482, 623, 595, 548, 581, 598, 562, 523, 548, 572, 563, 521, 570, 619, 487, 448, 486, 506, 556, 478, 484, 580, 526, 505, 504, 538, 583, 529, 483, 514, 574, 501, 596, 662, 629, 625, 480, 550, 561, 546, 524, 515, 586, 621, 527, 535, 624, 695, 631, 595, 725, 716, 622, 541, 641, 634, 586, 526, 675, 768, 649, 523, 608, 564, 669, 730, 651, 636, 663, 685, 633, 608, 687, 664, 572, 601, 580, 591, 673, 540, 510, 670, 650, 559, 553, 629, 626, 523, 512, 598, 588, 493, 545, 637, 554, 555, 538, 588, 608, 555, 497, 470, 543, 590, 518, 499, 487, 505, 551, 503, 614, 597, 491, 525, 506, 606, 546, 533, 572, 554, 572, 549, 520, 515, 524, 513, 620, 643, 530, 561, 585, 565, 606, 550, 671, 743, 633, 627, 608, 536, 558, 558, 623, 670, 706, 686, 570, 548, 674, 616, 472, 571, 579, 539, 566, 611, 633, 579, 593, 656, 561, 592, 698, 608, 569, 536, 599, 466, 518, 587, 617, 518, 528, 688, 629, 578, 453, 487, 555, 564, 571, 605, 581, 619, 483, 444, 495, 555, 630, 596, 612, 911, 1099, 1046, 614, 930, 1545, 1340, 1765, 1781, 2579, 2748, 1561, 2144, 4851, 4620, 2977, 1908, 3208, 4236, 2661, 2508, 7046, 7169, 1528, 2041, 2543, 2450, 1593, 2210, 4870, 4395, 5331, 6029, 8527, 5698, 3048, 5875, 12119, 11970, 8493, 7247, 11760, 9187, 5394, 6955, 16262, 17327, 6125, 3495, 6840, 6796, 4389, 3290, 9237, 10791, 3301, 938, 2093, 3118, 2430, 1261, 3642, 4792, 1229, 1653, 1769, 1377, 900, 1910, 2804, 2233, 1006, 2270, 2777, 1717, 674, 2086, 3370, 2815, 1014, 3130, 3835, 2275, 692, 2316, 4144, 3706, 1354, 3862, 3981, 1858, 929, 2379, 3773, 2808, 1620, 3638, 3508, 1518, 947, 1883, 2815, 2020, 1145, 2625, 2792, 1476, 755, 1257, 2087, 1745, 844, 1432, 1677, 1139, 784, 879, 1373, 1420, 695, 822, 961, 777, 774, 783, 992, 1055, 595, 621, 713, 652, 631, 611, 681, 702, 656, 633, 711, 671, 668, 675, 669, 689, 662, 643, 676, 642, 623, 668, 610, 571, 721, 569, 594, 712, 782, 731, 561, 762, 720, 767, 769, 634, 711, 660, 653, 734, 678, 935, 956, 766, 627, 651, 781, 727, 741, 948, 963, 899, 788, 692, 754, 721, 660, 724, 784, 694, 729, 565, 671, 732, 510, 634, 630, 531, 570, 636, 646, 630, 830, 856, 883, 838, 741, 760, 744, 759, 1345, 2065, 2576, 1966, 1033, 1231, 1204, 1099, 2469, 4249, 4107, 2311, 1299, 1473, 1541, 1126, 2598, 4551, 4011, 1805, 1415, 1817, 1848, 1114, 1647, 2782, 2780, 1833, 1295, 1509, 1447, 1115, 1355, 1692, 2031, 1974, 1396, 1101, 903, 1302, 1202, 1310, 1766, 1753, 1202, 1084, 789, 1170, 812, 1083, 1376, 1189, 802, 767, 993, 1047, 1077, 1944, 1925, 1112, 922, 1104, 1568, 1445, 1045, 2029, 1838, 1039, 790, 1148, 1761, 1340, 783, 1347, 1222, 856, 603, 869, 1299, 957, 720, 1001, 982, 737, 639, 842, 1074, 907, 772, 865, 811, 633, 724, 726, 729, 796, 765, 668, 622, 569, 697, 676, 630, 735, 591, 546, 522, 638, 636, 638, 668, 671, 714, 577, 497, 649, 633, 674, 707, 712, 745, 637, 490, 721, 794, 854, 841, 780, 665, 616, 690, 810, 738, 750, 778, 699, 572, 590, 667, 671, 549, 599, 660, 623, 619, 559, 636, 626, 550, 629, 714, 692, 650, 636, 690, 710, 635, 685, 812, 712, 570, 640, 552, 555, 562, 687, 734, 608, 551, 548, 459, 461, 574, 598, 568, 536, 686, 574, 560, 650, 688, 582, 635, 719, 798, 639, 677, 721, 760, 634, 725, 918, 632, 681, 696, 644, 699, 719, 690, 668, 578, 562, 685, 685, 606, 623, 615, 602, 637, 618, 727, 674, 540, 552, 647, 698, 572, 569, 666, 700, 644, 614, 589, 610, 586, 564, 709, 723, 694, 605, 663, 784, 661, 582, 606, 620, 666, 690, 728, 720, 618, 515, 662, 650, 624, 671, 756, 748, 639, 555, 670, 670, 586, 633, 771, 815, 653, 569, 667, 707, 650, 531, 640, 755, 525, 602, 705, 625, 603, 635, 662, 605, 712, 599, 648, 680, 666, 681, 756, 752, 747, 559, 591, 624, 572, 618, 753, 821, 739, 551, 575, 668, 661, 611, 634, 749, 621, 484, 562, 681, 609, 584, 793, 800, 660, 561, 640, 700, 573, 628, 751, 727, 729, 694, 607, 655, 641, 615, 640, 675, 604, 590, 614, 605, 570, 628, 743, 681, 682, 830, 784, 659, 595, 681, 820, 747, 740, 787, 766, 714, 587, 708, 840, 852, 692, 564, 735, 697, 572, 704, 731, 741, 503, 738, 898, 687, 627, 796, 702, 620, 608, 659, 734, 629, 718, 733, 718, 735, 774, 690, 715, 695, 654, 634, 745, 858, 629, 718, 714, 674, 539, 659, 805, 700, 524, 652, 791, 716, 547, 695, 889, 758, 579, 670, 623, 513, 574, 730, 782, 610, 675, 672, 633, 620, 646, 730, 695, 626, 671, 540, 628, 667, 609, 622, 522, 630, 569, 486, 632, 586, 510, 486, 575, 709, 559, 484, 498, 479, 541, 484, 562, 606, 470, 484, 462, 545, 492, 509, 572, 529, 451, 435, 477, 515, 500, 431, 473, 471, 473, 391, 445, 474, 516, 460, 435, 496, 444, 417, 453, 488, 486, 489, 444, 415, 490, 476, 499, 507, 389, 414, 483, 492, 455, 409, 486, 550, 461, 386, 388, 484, 427, 383, 463, 475, 430, 411, 534, 546]"
-0.732577383518219,0.27255624532699585,-0.5137070417404175,-0.025645092129707336,0.38118278980255127,-0.41651666164398193,-0.02115868777036667,-1.3842213153839111,1.1678695678710938,17.0,-0.6216156482696533,0.8490085601806641,18.5,-0.46454548835754395,0.8708953857421875,29.5,-0.40017247200012207,0.8126735687255859,24.75,-0.3762829303741455,0.7714748382568359,24.75,"[501, 632, 702, 632, 559, 634, 703, 633, 519, 574, 649, 701, 639, 678, 732, 634, 437, 473, 535, 558, 531, 510, 606, 556, 489, 564, 615, 582, 529, 505, 548, 516, 519, 545, 528, 527, 538, 465, 458, 545, 549, 522, 602, 608, 623, 612, 614, 629, 573, 464, 534, 541, 582, 588, 597, 686, 581, 555, 535, 546, 497, 481, 512, 563, 559, 535, 490, 532, 530, 520, 488, 566, 524, 523, 569, 621, 550, 567, 528, 461, 556, 553, 537, 506, 573, 713, 605, 448, 561, 536, 508, 503, 527, 531, 503, 528, 467, 496, 596, 622, 606, 552, 577, 552, 471, 492, 515, 497, 556, 527, 580, 557, 509, 556, 545, 488, 531, 502, 486, 512, 531, 552, 571, 555, 608, 590, 608, 569, 548, 561, 631, 587, 683, 611, 667, 624, 594, 604, 701, 654, 645, 604, 663, 664, 595, 639, 627, 628, 653, 551, 567, 654, 581, 680, 658, 635, 676, 570, 592, 626, 509, 595, 599, 555, 588, 618, 541, 514, 544, 540, 600, 582, 554, 593, 500, 523, 563, 545, 495, 601, 651, 594, 487, 487, 516, 523, 517, 598, 617, 508, 479, 467, 483, 603, 612, 532, 532, 543, 511, 490, 547, 589, 556, 498, 455, 577, 614, 518, 561, 559, 455, 472, 486, 536, 472, 476, 562, 546, 532, 550, 527, 559, 567, 537, 547, 472, 464, 536, 578, 521, 537, 581, 429, 464, 544, 525, 552, 572, 552, 462, 526, 546, 555, 509, 497, 560, 517, 514, 544, 547, 550, 555, 545, 535, 494, 460, 623, 535, 514, 572, 583, 531, 562, 556, 731, 734, 627, 588, 591, 585, 576, 595, 488, 638, 574, 510, 492, 548, 575, 478, 423, 571, 606, 510, 449, 603, 654, 427, 502, 559, 568, 515, 527, 560, 579, 541, 700, 601, 668, 724, 688, 500, 500, 735, 689, 678, 575, 571, 681, 662, 609, 624, 774, 956, 1023, 1177, 903, 1151, 1718, 1477, 1577, 1409, 1987, 2318, 1595, 1706, 3972, 3821, 1934, 1275, 2002, 2764, 1972, 1493, 4144, 4293, 1317, 1452, 1832, 1811, 1406, 1319, 2742, 2732, 4149, 5456, 7116, 4494, 2344, 5026, 9813, 9371, 8514, 10678, 15762, 10332, 4835, 9951, 21537, 21294, 7337, 9185, 14294, 9784, 4419, 8725, 19738, 19585, 2286, 3676, 5053, 3875, 1876, 3986, 7856, 7068, 1256, 1379, 1718, 1484, 963, 1415, 2157, 1709, 917, 1062, 1489, 1194, 719, 1065, 1661, 1621, 991, 1105, 1406, 1228, 700, 979, 1427, 1361, 1286, 3320, 3846, 2246, 856, 2041, 3245, 2559, 1826, 6213, 7125, 3657, 998, 3475, 6278, 4990, 1331, 4748, 5380, 2756, 867, 2781, 4886, 3841, 835, 1672, 1696, 1019, 694, 1191, 1754, 1371, 740, 808, 857, 700, 634, 780, 965, 871, 540, 724, 874, 726, 585, 775, 1016, 901, 578, 561, 686, 815, 759, 687, 782, 740, 631, 633, 669, 817, 734, 622, 670, 671, 567, 656, 689, 645, 578, 705, 755, 646, 692, 678, 555, 620, 629, 750, 721, 587, 878, 792, 640, 692, 683, 821, 733, 636, 852, 887, 818, 842, 728, 865, 878, 687, 694, 714, 888, 867, 798, 725, 801, 735, 762, 769, 769, 754, 787, 589, 663, 794, 727, 721, 704, 707, 742, 614, 653, 745, 976, 1543, 1798, 1149, 762, 1022, 1028, 1094, 2304, 5817, 6623, 3675, 1519, 2601, 2865, 2466, 3609, 8874, 9875, 5184, 2199, 4296, 4356, 3415, 3107, 6105, 6528, 3262, 1907, 3743, 3339, 2463, 2185, 2602, 2523, 1476, 1588, 2364, 1855, 1570, 1326, 1477, 1462, 1115, 1169, 1307, 936, 1042, 1212, 1305, 972, 886, 951, 1014, 936, 864, 1158, 1343, 1305, 1093, 903, 748, 737, 973, 1144, 1199, 1269, 1019, 773, 745, 830, 1101, 975, 1042, 1031, 853, 751, 752, 977, 1118, 860, 935, 910, 801, 674, 747, 903, 915, 869, 910, 892, 793, 683, 645, 811, 846, 899, 999, 1019, 788, 804, 871, 874, 983, 664, 695, 736, 683, 801, 761, 728, 761, 708, 671, 654, 651, 688, 608, 565, 736, 787, 756, 760, 676, 560, 620, 721, 784, 712, 696, 678, 679, 616, 664, 722, 691, 632, 701, 787, 717, 637, 671, 652, 657, 757, 755, 913, 863, 621, 617, 668, 772, 658, 766, 789, 656, 583, 560, 782, 761, 687, 759, 714, 606, 580, 574, 597, 623, 616, 603, 736, 686, 676, 569, 616, 726, 649, 611, 685, 672, 640, 659, 645, 689, 639, 582, 567, 640, 619, 581, 614, 673, 543, 523, 619, 657, 601, 590, 671, 688, 549, 603, 598, 557, 557, 617, 656, 608, 675, 669, 641, 615, 634, 658, 714, 719, 520, 483, 510, 520, 558, 537, 522, 570, 551, 566, 575, 635, 584, 622, 699, 656, 598, 649, 553, 565, 591, 606, 732, 670, 625, 742, 577, 594, 731, 710, 708, 634, 564, 626, 540, 564, 663, 646, 631, 616, 594, 598, 518, 585, 688, 551, 568, 619, 630, 634, 629, 576, 704, 594, 634, 757, 656, 641, 724, 625, 652, 629, 822, 841, 659, 702, 692, 645, 706, 653, 747, 835, 697, 687, 743, 718, 728, 717, 911, 887, 697, 666, 588, 674, 723, 669, 740, 781, 624, 737, 723, 745, 717, 685, 792, 715, 646, 674, 667, 659, 685, 710, 822, 745, 627, 635, 678, 644, 615, 753, 835, 790, 638, 741, 710, 625, 716, 749, 708, 647, 748, 615, 645, 621, 704, 799, 645, 688, 831, 617, 613, 703, 682, 606, 629, 802, 976, 831, 917, 836, 790, 737, 804, 952, 883, 874, 931, 763, 751, 707, 937, 1003, 608, 805, 850, 745, 666, 688, 987, 927, 562, 708, 756, 609, 598, 701, 927, 875, 653, 692, 740, 702, 636, 611, 806, 796, 775, 786, 786, 772, 541, 596, 862, 854, 684, 697, 750, 725, 542, 642, 786, 758, 588, 676, 775, 668, 498, 674, 831, 750, 613, 605, 734, 630, 559, 692, 822, 807, 500, 583, 577, 620, 666, 621, 697, 702, 506, 633, 694, 647, 583, 524, 624, 635, 488, 474, 537, 532, 462, 569, 625, 571, 579, 458, 502, 581, 547, 570, 579, 585, 428, 409, 517, 584, 457, 497, 606, 526, 429, 405, 434, 490, 445, 458, 493, 455, 481, 407, 400, 420, 400, 456, 423, 464, 466, 412, 414, 401, 394, 424, 455, 457, 486, 499, 499, 449, 437, 421, 488, 498, 373, 512, 514, 453, 381, 403, 453, 407]"
-0.7352476716041565,0.3106745183467865,-0.5553587079048157,-0.027760960161685944,0.0,0.0,0.0,-0.8288015127182007,1.0073661804199219,20.25,-0.809775710105896,0.9674549102783203,25.0,-0.48376214504241943,0.7092475891113281,21.25,-0.33169877529144287,0.4108428955078125,15.0,-0.2761949300765991,-1.5704154968261719,19.5,"[605, 580, 637, 659, 584, 660, 635, 577, 576, 546, 500, 551, 537, 583, 584, 542, 569, 625, 579, 496, 514, 542, 562, 493, 528, 595, 603, 582, 492, 576, 642, 573, 467, 542, 529, 538, 549, 599, 586, 483, 400, 528, 550, 524, 512, 476, 441, 409, 488, 538, 489, 461, 472, 475, 456, 451, 469, 503, 455, 486, 449, 430, 477, 464, 427, 521, 472, 494, 556, 528, 466, 405, 537, 538, 579, 563, 575, 504, 476, 532, 550, 559, 530, 497, 565, 557, 512, 433, 483, 529, 530, 572, 548, 544, 577, 497, 505, 461, 520, 591, 506, 431, 542, 563, 480, 405, 423, 448, 485, 412, 450, 522, 519, 477, 526, 569, 492, 451, 483, 473, 442, 487, 510, 512, 464, 470, 530, 457, 591, 571, 493, 502, 531, 547, 527, 477, 594, 629, 569, 541, 520, 555, 545, 524, 455, 519, 589, 542, 453, 468, 550, 514, 568, 538, 571, 586, 478, 495, 537, 556, 548, 555, 507, 476, 561, 491, 476, 504, 505, 587, 569, 525, 642, 552, 506, 589, 584, 547, 540, 531, 613, 551, 445, 566, 548, 575, 603, 607, 520, 502, 506, 570, 479, 525, 506, 526, 537, 467, 417, 439, 442, 534, 551, 540, 499, 417, 440, 447, 486, 540, 531, 492, 536, 532, 510, 483, 525, 550, 632, 582, 570, 634, 607, 546, 545, 523, 527, 505, 530, 662, 588, 538, 574, 621, 642, 556, 508, 640, 657, 537, 567, 532, 468, 418, 529, 550, 490, 533, 592, 560, 477, 545, 560, 550, 479, 557, 528, 520, 536, 618, 564, 501, 537, 521, 553, 494, 593, 645, 596, 513, 495, 564, 560, 492, 512, 528, 584, 566, 492, 463, 640, 619, 620, 536, 561, 564, 554, 612, 606, 863, 963, 811, 537, 881, 1136, 958, 1493, 2329, 3040, 2658, 1308, 2723, 5574, 4946, 3206, 3217, 4761, 4545, 2538, 3986, 9588, 9216, 2385, 1850, 2757, 3257, 1927, 2659, 6323, 6123, 1639, 960, 1507, 1749, 1408, 1235, 2838, 3061, 1348, 1436, 1955, 1414, 934, 1450, 2676, 2747, 2084, 2105, 2962, 2151, 1420, 1969, 4184, 4344, 1849, 2216, 3000, 2629, 1427, 2416, 4922, 4664, 1261, 1675, 2042, 1977, 1172, 1972, 4101, 3698, 1001, 1074, 1421, 1456, 948, 1087, 2437, 2292, 1061, 1175, 1693, 1370, 846, 1020, 2188, 2172, 1138, 1477, 2076, 1505, 853, 1225, 2482, 2509, 1179, 2079, 2791, 1836, 896, 1490, 3029, 2970, 1174, 2946, 3955, 2327, 938, 1803, 3603, 3647, 975, 3321, 4013, 2144, 945, 1538, 2749, 2735, 1209, 2303, 2409, 1398, 977, 1355, 2182, 2013, 1049, 2397, 2845, 1635, 891, 1383, 2707, 2589, 943, 1883, 2129, 1288, 764, 1285, 2114, 1820, 782, 936, 858, 691, 621, 792, 826, 756, 653, 694, 610, 595, 640, 702, 725, 693, 723, 734, 812, 828, 660, 647, 783, 867, 831, 936, 992, 791, 769, 767, 753, 841, 795, 984, 852, 686, 817, 841, 761, 714, 769, 818, 697, 677, 744, 801, 837, 692, 685, 683, 755, 739, 661, 789, 835, 762, 691, 710, 735, 709, 692, 666, 636, 624, 698, 767, 755, 696, 722, 739, 778, 651, 874, 1013, 881, 777, 825, 905, 789, 761, 1797, 1918, 1426, 1333, 1171, 2011, 1738, 1151, 2120, 2774, 3698, 2422, 2239, 3966, 2827, 1635, 3468, 6335, 6768, 3943, 3890, 5414, 3596, 2661, 4621, 7266, 8187, 4617, 4077, 5951, 4710, 3242, 4744, 7769, 7524, 3369, 3244, 5276, 4504, 2824, 3757, 6834, 6115, 2110, 2273, 3172, 3372, 1840, 2499, 4286, 3492, 1117, 1582, 2029, 2134, 1005, 1502, 1910, 1414, 801, 1054, 1362, 1235, 878, 926, 1223, 1103, 777, 909, 1030, 958, 787, 957, 1285, 1027, 709, 898, 806, 880, 677, 1029, 1125, 872, 622, 831, 860, 825, 721, 844, 1057, 902, 638, 743, 1000, 1013, 725, 807, 1001, 757, 655, 739, 939, 935, 554, 863, 1128, 895, 685, 671, 942, 847, 623, 917, 1088, 956, 762, 700, 760, 844, 738, 704, 902, 873, 732, 709, 685, 764, 722, 676, 936, 874, 744, 754, 745, 800, 674, 746, 943, 922, 742, 763, 791, 813, 725, 821, 890, 844, 652, 758, 746, 753, 776, 786, 831, 775, 709, 809, 803, 712, 747, 620, 611, 703, 624, 745, 719, 619, 736, 616, 663, 787, 692, 720, 737, 655, 722, 589, 723, 829, 675, 633, 688, 868, 774, 903, 834, 798, 909, 993, 876, 1189, 1168, 1158, 879, 881, 1093, 1192, 903, 1164, 1436, 821, 750, 891, 898, 756, 701, 1003, 1116, 627, 658, 723, 683, 685, 699, 765, 688, 569, 510, 622, 576, 548, 617, 618, 646, 532, 558, 638, 665, 663, 596, 571, 578, 508, 510, 523, 674, 667, 571, 590, 618, 640, 618, 631, 642, 582, 561, 685, 691, 714, 767, 846, 696, 606, 734, 864, 858, 670, 654, 728, 684, 590, 722, 879, 768, 616, 623, 616, 753, 685, 655, 841, 764, 560, 541, 609, 661, 579, 484, 644, 680, 526, 557, 597, 662, 595, 578, 637, 636, 505, 533, 631, 597, 566, 526, 638, 628, 586, 580, 630, 606, 609, 555, 608, 631, 623, 498, 709, 766, 609, 580, 789, 787, 734, 646, 853, 871, 677, 623, 991, 1058, 710, 674, 805, 776, 630, 633, 791, 831, 640, 605, 767, 661, 521, 578, 734, 791, 837, 855, 1034, 872, 704, 715, 884, 978, 818, 990, 1276, 1098, 727, 877, 1084, 1000, 842, 1046, 1205, 1047, 763, 935, 1214, 1114, 746, 969, 1042, 856, 683, 748, 1087, 1045, 668, 780, 793, 857, 703, 643, 1036, 1008, 746, 730, 787, 837, 727, 688, 946, 880, 731, 682, 698, 743, 622, 696, 839, 814, 763, 962, 877, 766, 728, 897, 1196, 1052, 706, 1093, 895, 683, 664, 994, 1273, 925, 517, 820, 811, 633, 510, 804, 1102, 793, 555, 652, 686, 605, 493, 582, 709, 658, 657, 643, 593, 576, 516, 479, 580, 683, 643, 661, 577, 542, 527, 673, 720, 671, 633, 582, 624, 634, 543, 566, 655, 744, 611, 521, 564, 559, 493, 575, 687, 685, 594, 681, 687, 594, 480, 556, 580, 558, 591, 696, 667, 630, 543, 580, 625, 510, 523, 693, 644, 525, 444, 555, 647, 525, 466, 597, 613, 463, 409, 548, 577, 529, 464, 551, 535, 398, 443, 466, 464, 455, 513, 440, 438, 483, 471, 407, 402, 499, 379, 419, 485, 506, 416, 442, 538, 512]"
-0.8745041489601135,0.5383510589599609,-0.6989202499389648,-0.25777533650398254,0.21364063024520874,-0.14311464130878448,-0.1692604124546051,-0.9108277559280396,0.9698867797851562,22.5,-0.655624508857727,0.8853435516357422,18.75,-0.609991192817688,0.817108154296875,18.5,-0.020906567573547363,-0.6726264953613281,20.25,-0.010320782661437988,-0.6234169006347656,22.25,"[580, 602, 615, 616, 671, 617, 614, 600, 539, 525, 559, 542, 698, 670, 611, 607, 540, 536, 558, 587, 724, 716, 554, 505, 526, 490, 443, 485, 594, 528, 535, 598, 450, 362, 381, 466, 512, 447, 513, 522, 465, 509, 512, 489, 520, 593, 605, 545, 475, 444, 562, 557, 534, 606, 614, 555, 593, 512, 549, 571, 480, 559, 622, 674, 517, 484, 526, 536, 537, 512, 530, 540, 535, 499, 527, 579, 544, 521, 497, 494, 624, 540, 544, 615, 620, 571, 539, 634, 632, 615, 538, 530, 657, 638, 479, 551, 583, 584, 569, 533, 561, 514, 464, 531, 599, 591, 591, 642, 574, 602, 597, 620, 473, 526, 526, 556, 581, 595, 617, 592, 599, 519, 483, 510, 550, 566, 551, 563, 542, 479, 454, 484, 571, 531, 466, 533, 540, 510, 517, 518, 602, 603, 642, 617, 476, 503, 511, 571, 568, 521, 576, 580, 531, 565, 589, 461, 516, 584, 572, 574, 505, 552, 571, 487, 444, 436, 523, 522, 630, 610, 591, 603, 568, 455, 533, 596, 531, 593, 596, 517, 550, 548, 506, 543, 512, 438, 553, 477, 529, 563, 503, 592, 476, 480, 522, 507, 478, 510, 539, 529, 562, 538, 511, 556, 505, 524, 578, 503, 542, 579, 573, 480, 472, 597, 583, 476, 563, 495, 519, 523, 452, 537, 532, 483, 518, 482, 499, 495, 473, 478, 510, 552, 519, 520, 513, 477, 489, 552, 456, 483, 496, 506, 540, 463, 482, 595, 548, 537, 594, 580, 597, 652, 717, 667, 655, 636, 529, 584, 617, 644, 607, 635, 686, 611, 562, 676, 841, 854, 674, 754, 1038, 921, 1358, 1681, 2212, 2225, 1157, 2220, 4494, 4028, 2453, 2270, 3601, 3660, 1978, 2921, 7001, 6763, 1725, 1585, 2697, 2671, 1493, 1696, 4299, 4352, 798, 1003, 1339, 1306, 823, 1200, 2205, 1996, 876, 1028, 1394, 1182, 680, 1363, 2330, 2029, 1247, 1314, 1806, 1517, 953, 1450, 2806, 2679, 1126, 1434, 1829, 1491, 1098, 1479, 2612, 2416, 1330, 1810, 1700, 1410, 1096, 1927, 3088, 2532, 1545, 1900, 2002, 1420, 1228, 1992, 3510, 3236, 866, 1226, 1290, 921, 670, 1115, 1613, 1400, 1000, 1087, 1339, 949, 682, 1049, 1675, 1690, 1153, 1204, 1224, 987, 798, 1193, 1502, 1460, 1410, 2427, 2160, 1124, 997, 1740, 1992, 1467, 1992, 4599, 4440, 2157, 1077, 2898, 4417, 3093, 3853, 8948, 8449, 3680, 1494, 5280, 7986, 5189, 5512, 12070, 10797, 4187, 2204, 7000, 10285, 6303, 4818, 9803, 8465, 3170, 2090, 5474, 7828, 4859, 2783, 5060, 4349, 1853, 1230, 2777, 3960, 2569, 1214, 2171, 2034, 1131, 724, 1220, 1736, 1204, 770, 1241, 1288, 904, 664, 1054, 1231, 913, 660, 719, 768, 735, 726, 811, 913, 776, 672, 839, 763, 573, 571, 763, 841, 661, 781, 970, 842, 599, 552, 747, 803, 621, 734, 736, 641, 551, 658, 758, 729, 630, 585, 631, 670, 630, 578, 644, 680, 640, 628, 756, 762, 665, 515, 557, 716, 601, 860, 1021, 916, 699, 717, 807, 881, 699, 1405, 1716, 1194, 851, 1055, 1124, 987, 623, 2128, 2417, 1724, 1276, 1672, 1927, 1369, 1113, 4479, 4559, 3414, 2417, 3244, 3638, 2683, 2929, 6410, 5607, 4559, 3981, 3375, 4174, 3529, 4147, 3943, 4205, 4456, 3161, 1837, 2789, 2363, 2355, 1931, 2744, 2534, 1600, 1604, 1650, 1432, 1249, 1664, 2007, 1958, 1479, 1248, 1635, 1521, 1310, 1204, 1489, 1277, 965, 905, 1096, 1137, 828, 1395, 2360, 2093, 1079, 963, 1242, 1319, 836, 1672, 2486, 2089, 996, 1049, 1250, 1302, 721, 1340, 1788, 1468, 873, 837, 1086, 1033, 721, 1032, 1106, 1012, 803, 826, 1059, 1067, 906, 891, 1155, 1201, 815, 748, 1128, 1192, 929, 1318, 1956, 1580, 784, 1109, 1366, 1239, 925, 1130, 1691, 1350, 722, 1042, 1076, 988, 805, 807, 838, 812, 826, 724, 659, 740, 770, 702, 779, 807, 689, 615, 664, 736, 765, 605, 797, 786, 581, 555, 653, 763, 710, 735, 788, 758, 705, 637, 646, 793, 802, 670, 820, 754, 611, 613, 669, 804, 762, 639, 760, 733, 670, 675, 622, 609, 618, 622, 691, 722, 661, 660, 654, 666, 610, 560, 616, 669, 658, 615, 664, 707, 667, 546, 647, 732, 723, 632, 619, 736, 667, 604, 679, 689, 690, 639, 585, 792, 673, 712, 737, 669, 655, 677, 691, 779, 761, 617, 697, 759, 675, 680, 776, 692, 671, 667, 790, 806, 696, 654, 707, 717, 727, 608, 618, 698, 658, 597, 693, 680, 703, 533, 579, 662, 588, 530, 564, 595, 625, 568, 636, 654, 643, 612, 585, 623, 583, 566, 648, 640, 708, 663, 638, 756, 734, 600, 606, 661, 740, 669, 640, 749, 787, 609, 536, 627, 640, 616, 649, 749, 720, 579, 708, 700, 705, 672, 742, 940, 746, 546, 657, 680, 709, 650, 742, 832, 688, 687, 653, 628, 676, 679, 678, 622, 597, 785, 732, 648, 630, 674, 683, 631, 739, 597, 588, 579, 573, 593, 605, 635, 625, 596, 574, 606, 629, 578, 633, 584, 577, 589, 684, 769, 768, 554, 679, 735, 612, 780, 813, 1061, 937, 647, 735, 1170, 1150, 1164, 881, 1413, 1358, 935, 892, 2086, 2249, 1388, 894, 1582, 1732, 1171, 910, 2334, 2592, 1303, 1148, 2083, 2029, 1136, 1193, 2377, 2423, 1201, 1785, 2775, 2168, 1014, 1474, 2756, 2718, 1113, 1573, 2238, 1684, 1048, 1260, 2604, 2575, 1145, 871, 1201, 1374, 1161, 863, 1757, 1955, 868, 901, 1042, 1166, 1014, 918, 1479, 1409, 819, 1014, 1003, 912, 812, 936, 1205, 1095, 836, 779, 936, 999, 809, 821, 1183, 1080, 886, 869, 859, 837, 765, 851, 1030, 920, 964, 948, 894, 895, 730, 722, 873, 766, 871, 1083, 988, 721, 715, 820, 947, 863, 819, 1030, 1114, 732, 596, 826, 1019, 977, 750, 997, 961, 621, 506, 662, 858, 771, 692, 790, 652, 606, 564, 551, 626, 645, 689, 725, 594, 560, 547, 598, 705, 671, 713, 845, 652, 532, 642, 784, 743, 537, 664, 866, 752, 536, 555, 741, 680, 528, 604, 678, 666, 504, 498, 558, 593, 558, 464, 580, 639, 498, 417, 478, 588, 580, 511, 585, 555, 542, 428, 529, 615, 527, 469, 557, 568, 493, 480, 624, 628, 454, 492, 528, 519, 440, 476, 513, 516, 546, 475, 564, 545, 416, 465, 512, 492, 489, 477, 480, 448, 442, 415, 487, 455, 394]"
-0.8706933856010437,0.5242716670036316,-0.9203426241874695,-0.1911187618970871,0.23441246151924133,-0.3526228070259094,-0.06144888699054718,-0.1961733102798462,0.5393028259277344,24.5,-0.1801515817642212,0.5089759826660156,-31.5,-0.16513121128082275,0.47593116760253906,-31.0,-0.15053999423980713,0.4631996154785156,17.0,-0.12593519687652588,0.40869712829589844,27.0,"[483, 522, 491, 577, 611, 582, 492, 519, 466, 593, 627, 617, 661, 569, 597, 630, 450, 612, 624, 549, 483, 589, 642, 548, 544, 590, 536, 540, 548, 609, 607, 549, 506, 529, 508, 527, 521, 506, 523, 512, 573, 552, 502, 568, 503, 463, 514, 562, 494, 551, 488, 531, 560, 521, 520, 500, 504, 485, 470, 592, 589, 563, 629, 617, 511, 525, 473, 515, 534, 561, 558, 521, 499, 512, 568, 537, 545, 544, 605, 551, 570, 615, 570, 498, 589, 570, 548, 557, 628, 631, 497, 537, 632, 542, 462, 486, 573, 470, 542, 558, 610, 548, 549, 546, 615, 536, 655, 616, 644, 603, 582, 680, 594, 516, 602, 637, 608, 561, 573, 688, 548, 495, 484, 546, 506, 444, 549, 555, 443, 490, 501, 478, 471, 479, 546, 525, 525, 569, 561, 473, 491, 511, 578, 535, 561, 645, 581, 550, 554, 652, 627, 529, 587, 664, 668, 551, 517, 616, 555, 537, 511, 619, 654, 544, 499, 575, 567, 471, 542, 654, 668, 612, 514, 553, 587, 521, 492, 587, 652, 562, 480, 540, 571, 520, 472, 539, 527, 439, 551, 544, 403, 435, 479, 512, 547, 558, 575, 556, 492, 459, 586, 691, 693, 614, 563, 570, 605, 520, 680, 703, 636, 579, 573, 587, 567, 570, 735, 682, 540, 505, 620, 640, 553, 635, 555, 558, 554, 573, 638, 628, 633, 653, 565, 945, 877, 761, 670, 1131, 1400, 968, 1547, 4586, 4405, 3388, 1324, 5835, 9237, 6780, 4146, 10839, 11183, 8600, 3392, 13445, 22923, 17945, 5089, 11380, 12427, 9269, 3989, 13608, 24442, 20047, 2926, 5639, 6575, 4481, 2062, 6556, 12369, 10549, 1592, 1856, 2458, 1983, 1269, 2078, 4557, 4333, 2607, 2296, 3024, 2277, 1545, 2563, 4990, 5057, 6478, 6625, 10290, 6787, 3302, 6109, 13783, 14309, 8230, 12530, 18188, 11222, 4399, 10722, 23649, 23085, 4360, 10425, 13395, 7462, 2547, 9072, 18295, 16478, 1197, 4097, 4502, 2357, 1009, 3792, 6922, 5678, 741, 1454, 1478, 1024, 709, 1474, 2196, 1803, 816, 1098, 1197, 952, 772, 1079, 1552, 1405, 1189, 969, 1318, 1091, 803, 874, 1504, 1698, 1219, 2089, 2462, 1489, 809, 1457, 2519, 2371, 2601, 4230, 3724, 1799, 1099, 2142, 3209, 2604, 12401, 18598, 13320, 3389, 4840, 7755, 10115, 4394, 24869, 39179, 28681, 7131, 10400, 15467, 21463, 9027, 21328, 33869, 24999, 6793, 8937, 12280, 18484, 8980, 8645, 13532, 9874, 3603, 3525, 5085, 8094, 4960, 2185, 3408, 3080, 1808, 1259, 2057, 2972, 2384, 1352, 1988, 1729, 1035, 1061, 1581, 1831, 1382, 909, 965, 748, 712, 776, 889, 952, 797, 650, 882, 926, 707, 601, 683, 902, 809, 703, 840, 867, 721, 680, 688, 765, 793, 635, 716, 742, 681, 740, 614, 676, 707, 990, 1208, 897, 708, 798, 841, 760, 637, 2373, 3179, 1950, 879, 1705, 1482, 1326, 771, 3273, 4313, 2563, 1113, 2333, 1828, 1629, 958, 3108, 4230, 2721, 1041, 2210, 1997, 1576, 939, 4286, 5577, 3476, 1434, 3015, 2393, 1840, 1405, 5856, 6954, 4953, 3278, 4499, 4393, 3113, 2606, 7185, 9107, 7649, 5030, 6507, 7198, 4349, 3317, 6609, 10231, 8969, 4537, 6514, 7539, 4344, 2666, 5060, 8396, 7309, 3241, 4438, 5158, 3172, 1964, 2381, 3990, 3808, 1814, 1882, 2560, 1969, 1352, 1347, 1662, 1705, 1202, 817, 1361, 1426, 1045, 1060, 1383, 1360, 1050, 843, 1150, 1191, 955, 969, 1347, 1181, 788, 766, 988, 949, 711, 1288, 1616, 1237, 862, 958, 1236, 1235, 914, 1334, 1668, 1409, 878, 898, 1320, 1402, 1196, 940, 1443, 1487, 901, 853, 890, 1204, 1166, 1060, 1570, 1485, 844, 894, 1007, 1393, 1238, 1038, 1395, 1149, 651, 819, 1009, 1264, 1035, 809, 968, 897, 681, 825, 886, 950, 879, 665, 756, 821, 796, 690, 576, 801, 830, 718, 658, 846, 809, 645, 650, 922, 929, 831, 787, 937, 779, 720, 761, 929, 1016, 916, 848, 873, 719, 797, 798, 713, 968, 779, 875, 918, 686, 731, 865, 780, 864, 807, 922, 848, 664, 774, 871, 824, 767, 835, 957, 868, 709, 711, 764, 680, 703, 776, 832, 883, 754, 685, 654, 779, 847, 800, 762, 744, 670, 584, 625, 815, 832, 735, 723, 735, 777, 592, 598, 753, 765, 723, 780, 791, 825, 671, 655, 861, 777, 801, 740, 728, 737, 699, 626, 674, 817, 850, 739, 568, 606, 640, 765, 783, 836, 813, 794, 671, 677, 632, 747, 841, 821, 715, 720, 738, 651, 617, 611, 754, 827, 698, 754, 711, 654, 667, 661, 670, 683, 929, 663, 661, 737, 660, 654, 738, 926, 1116, 731, 810, 967, 769, 751, 863, 1024, 771, 730, 848, 828, 668, 707, 855, 924, 780, 772, 921, 787, 756, 820, 794, 821, 875, 740, 869, 820, 693, 756, 759, 915, 692, 697, 832, 735, 583, 669, 802, 813, 584, 718, 734, 662, 614, 666, 783, 672, 715, 780, 774, 723, 692, 690, 796, 763, 712, 579, 717, 646, 641, 703, 738, 859, 638, 615, 605, 622, 677, 678, 739, 790, 677, 671, 576, 642, 711, 684, 713, 692, 761, 666, 731, 794, 694, 701, 820, 829, 710, 734, 953, 948, 667, 881, 1081, 932, 1377, 1196, 2159, 2012, 1032, 1218, 2441, 2570, 2528, 1212, 3153, 2772, 1410, 1080, 3441, 4370, 2697, 1285, 2842, 2393, 1444, 927, 3320, 4379, 2072, 1268, 2469, 2078, 1336, 1108, 3112, 3718, 1223, 1418, 1865, 1748, 1076, 1591, 2986, 2721, 988, 1289, 1144, 1117, 922, 1429, 2077, 1602, 1111, 1214, 865, 891, 993, 1096, 1240, 1051, 1237, 1176, 1118, 1110, 986, 844, 1226, 1428, 877, 1144, 1199, 1137, 887, 678, 1116, 981, 678, 927, 1006, 903, 853, 719, 1055, 1030, 798, 883, 1219, 916, 683, 700, 1230, 1339, 880, 1043, 1293, 1037, 614, 735, 1244, 1338, 914, 875, 935, 875, 801, 705, 975, 1040, 662, 687, 583, 641, 672, 685, 797, 784, 621, 828, 840, 715, 671, 860, 934, 763, 712, 831, 911, 858, 614, 869, 996, 887, 765, 779, 847, 923, 674, 758, 810, 700, 676, 791, 845, 800, 618, 766, 953, 810, 681, 838, 799, 692, 562, 779, 1002, 822, 708, 694, 695, 705, 578, 642, 858, 793, 606, 495, 585, 583, 517, 586, 657, 661, 584, 530, 543, 559, 500, 632, 650, 616, 559, 524, 550, 511, 430, 584, 560, 516, 480, 427, 497, 498, 464, 599, 527, 479, 386, 391, 462, 471, 411, 407, 456, 453]"
-0.8341376185417175,0.6775268316268921,-0.7504372596740723,-0.17073196172714233,0.28271591663360596,-0.1424948126077652,-0.09745899587869644,-1.008603572845459,2.0310401916503906,17.0,-0.5947566032409668,0.8038043975830078,24.25,-0.15630483627319336,0.23260116577148438,21.5,-0.1541590690612793,-0.6021022796630859,18.25,-0.043294429779052734,-0.4385948181152344,19.0,"[445, 561, 641, 635, 630, 633, 641, 557, 461, 492, 604, 640, 641, 615, 602, 623, 505, 469, 546, 560, 541, 596, 544, 524, 466, 476, 537, 477, 452, 499, 497, 476, 482, 370, 424, 435, 456, 486, 387, 432, 537, 512, 486, 417, 490, 589, 510, 486, 550, 508, 479, 484, 439, 524, 514, 475, 511, 520, 584, 568, 497, 540, 527, 537, 554, 507, 548, 500, 510, 548, 596, 607, 559, 578, 565, 559, 532, 564, 611, 591, 550, 633, 609, 463, 482, 523, 534, 534, 554, 511, 552, 529, 536, 499, 499, 575, 506, 477, 498, 473, 536, 557, 479, 511, 536, 625, 605, 516, 548, 586, 580, 566, 444, 573, 628, 592, 489, 521, 546, 413, 455, 516, 546, 526, 467, 573, 512, 451, 522, 430, 533, 542, 489, 562, 563, 558, 594, 507, 597, 603, 538, 568, 638, 644, 645, 587, 504, 555, 535, 532, 481, 561, 563, 567, 517, 536, 578, 541, 526, 553, 578, 572, 545, 528, 627, 622, 605, 548, 676, 583, 596, 552, 609, 698, 688, 697, 543, 573, 526, 516, 574, 672, 587, 538, 573, 553, 460, 520, 547, 528, 493, 513, 538, 545, 455, 468, 565, 529, 593, 577, 617, 689, 633, 576, 617, 655, 615, 554, 647, 585, 611, 555, 577, 657, 628, 606, 937, 1155, 1212, 856, 842, 1229, 1733, 1574, 1723, 3805, 3780, 1910, 1175, 4007, 6712, 5294, 1857, 5930, 5700, 2430, 1238, 6014, 9448, 6928, 1852, 4251, 3791, 2015, 1475, 4474, 6587, 4704, 1866, 2976, 2986, 1992, 1411, 3193, 5188, 3975, 1328, 2629, 3053, 1929, 1014, 2432, 4122, 3491, 2393, 4342, 5804, 3768, 1481, 2539, 5099, 5227, 4458, 11677, 14896, 8735, 2365, 6635, 14198, 13262, 4412, 14330, 16826, 8971, 2181, 9009, 17272, 14732, 2600, 8477, 8913, 4141, 1305, 5833, 9888, 7507, 1211, 2894, 2826, 1413, 823, 2084, 3104, 2224, 1012, 1929, 1894, 1175, 731, 1348, 1989, 1580, 1123, 2432, 2359, 1238, 805, 1601, 2325, 1779, 1135, 2258, 2282, 1221, 758, 1433, 2012, 1512, 1207, 2330, 2233, 1095, 829, 1350, 1738, 1210, 1363, 2863, 2708, 1197, 1116, 1628, 1812, 1175, 2631, 4971, 4155, 1269, 1850, 2576, 2614, 1291, 3201, 6011, 4934, 1581, 2028, 2733, 3396, 1740, 3445, 5098, 4319, 2028, 2115, 3096, 3400, 2350, 7300, 12174, 9349, 2738, 4352, 6354, 7132, 3420, 6476, 10072, 7359, 2180, 3510, 5594, 6076, 2959, 2983, 4798, 3773, 1359, 1933, 2668, 2701, 1617, 2376, 4111, 3458, 1178, 1641, 1923, 2302, 1416, 1442, 2436, 2191, 1007, 993, 1338, 1582, 1123, 882, 1221, 1149, 733, 827, 841, 861, 840, 927, 1187, 994, 737, 885, 979, 1039, 739, 964, 1254, 1045, 750, 854, 1108, 1138, 782, 1279, 1688, 1246, 737, 993, 1117, 970, 686, 1627, 1969, 1388, 783, 1160, 1131, 939, 752, 1661, 1824, 1419, 953, 1299, 1458, 1197, 997, 3094, 3467, 3033, 2008, 2332, 2896, 2185, 2036, 5933, 7113, 7889, 4756, 4330, 6614, 4321, 4342, 6210, 9000, 10257, 5135, 4978, 7682, 4423, 4479, 4801, 7803, 7651, 3234, 3884, 4995, 2621, 2570, 2969, 4686, 4199, 1899, 2377, 2563, 1529, 1535, 1448, 2366, 2234, 1076, 1372, 1789, 1337, 881, 1168, 1713, 1509, 876, 1115, 1472, 1248, 839, 1291, 1717, 1416, 829, 1059, 1330, 1321, 833, 1222, 1549, 1237, 913, 1015, 1265, 1252, 770, 1084, 1218, 1029, 809, 945, 1116, 1036, 830, 1067, 1075, 900, 796, 770, 859, 841, 857, 1095, 1296, 1054, 770, 710, 1021, 1064, 780, 977, 1109, 965, 733, 776, 873, 947, 878, 944, 961, 784, 726, 785, 807, 723, 817, 820, 828, 677, 654, 732, 760, 695, 709, 711, 904, 813, 628, 644, 861, 801, 579, 802, 1010, 961, 775, 784, 911, 932, 679, 813, 978, 863, 695, 739, 907, 872, 595, 800, 989, 868, 735, 820, 899, 803, 630, 780, 964, 933, 789, 904, 902, 924, 842, 839, 932, 943, 863, 847, 922, 1073, 1057, 913, 885, 950, 1028, 883, 739, 1044, 1110, 888, 755, 830, 953, 788, 726, 986, 1039, 820, 783, 747, 783, 750, 799, 813, 727, 1057, 1050, 897, 819, 897, 1042, 988, 914, 1204, 1252, 1157, 1100, 927, 1081, 1185, 1151, 948, 1001, 999, 850, 665, 863, 890, 906, 797, 847, 760, 551, 588, 654, 719, 699, 790, 739, 752, 733, 630, 746, 827, 763, 840, 980, 1068, 995, 807, 832, 911, 796, 724, 865, 931, 750, 651, 739, 909, 812, 693, 780, 828, 708, 566, 640, 759, 679, 648, 715, 818, 735, 621, 674, 634, 587, 832, 763, 729, 674, 706, 685, 670, 787, 812, 768, 787, 761, 688, 696, 880, 929, 886, 931, 814, 711, 685, 740, 966, 927, 834, 837, 676, 686, 711, 730, 830, 843, 602, 659, 806, 674, 530, 635, 727, 711, 694, 707, 899, 826, 622, 664, 704, 768, 681, 721, 821, 812, 664, 661, 697, 696, 687, 875, 894, 817, 628, 688, 788, 643, 711, 764, 821, 754, 707, 741, 815, 776, 923, 905, 896, 809, 780, 824, 991, 993, 1250, 1009, 990, 983, 803, 959, 1282, 1438, 1280, 1077, 945, 955, 926, 981, 1255, 1387, 1044, 1126, 997, 839, 957, 921, 1086, 1094, 937, 1330, 1252, 751, 921, 1015, 1226, 1035, 1356, 1422, 1676, 1107, 942, 1173, 2030, 2115, 1967, 1535, 2184, 1323, 989, 1478, 3341, 3751, 1820, 1806, 2021, 1245, 1246, 1696, 3162, 3211, 1623, 2151, 1970, 1244, 1168, 1559, 2102, 1813, 2026, 1866, 2106, 1559, 1300, 1233, 2397, 2686, 2139, 1578, 2040, 1595, 1194, 927, 2268, 2767, 2211, 1766, 2069, 1480, 985, 936, 1963, 2517, 1530, 1181, 1351, 1102, 798, 896, 1319, 1668, 991, 958, 1273, 1277, 943, 945, 1890, 1917, 1057, 1005, 1532, 1364, 901, 947, 1877, 1952, 1103, 1228, 1510, 1289, 762, 1166, 1827, 1744, 1207, 1071, 1441, 1323, 774, 1076, 1771, 1869, 1100, 799, 941, 968, 774, 932, 1218, 1381, 973, 956, 1225, 1017, 856, 1202, 1476, 1235, 807, 1112, 1150, 862, 668, 1116, 1398, 1049, 777, 1128, 1026, 754, 617, 997, 1184, 874, 709, 850, 856, 555, 610, 817, 969, 876, 693, 701, 635, 529, 628, 671, 857, 802, 669, 645, 698, 628, 564, 571, 661, 686, 598, 710, 816, 691, 453, 611, 769, 716, 553, 632, 759, 658, 450, 468, 704, 736, 622, 523, 494, 496, 490, 552, 579, 623, 475, 495, 455, 427, 423, 442, 576, 531, 474, 473, 488, 421, 404, 477, 552, 506]"
-0.8930034041404724,0.41351959109306335,-0.8218224048614502,-0.7023301720619202,-0.3865410089492798,0.1353835016489029,-0.9536289572715759,-0.771334707736969,1.595306396484375,17.0,-0.771334707736969,1.6711235046386719,16.75,0.10213559865951538,-0.23632049560546875,16.25,0.16293233633041382,-0.4375934600830078,16.25,2.0882577300071716,0.7404327392578125,16.25,"[732, 580, 530, 622, 608, 617, 534, 581, 624, 601, 601, 697, 681, 561, 542, 628, 519, 487, 572, 548, 522, 529, 609, 643, 505, 460, 505, 537, 452, 465, 546, 545, 478, 521, 512, 508, 569, 605, 537, 477, 565, 572, 525, 466, 505, 623, 606, 472, 496, 508, 476, 466, 441, 560, 538, 433, 640, 589, 536, 535, 599, 592, 594, 581, 611, 568, 483, 561, 594, 587, 544, 602, 565, 529, 481, 498, 548, 543, 525, 520, 456, 416, 520, 509, 524, 525, 478, 488, 495, 562, 594, 474, 534, 581, 589, 587, 546, 630, 536, 444, 546, 517, 532, 555, 471, 579, 463, 496, 520, 537, 592, 479, 503, 481, 595, 575, 474, 524, 604, 575, 611, 535, 525, 554, 634, 538, 512, 594, 630, 559, 456, 515, 579, 559, 528, 582, 665, 523, 487, 562, 522, 494, 525, 610, 591, 593, 514, 511, 548, 630, 595, 537, 587, 477, 508, 529, 572, 541, 474, 612, 537, 532, 583, 554, 571, 542, 418, 466, 568, 593, 539, 541, 562, 583, 523, 467, 511, 595, 577, 493, 555, 606, 472, 431, 482, 563, 608, 434, 473, 569, 519, 476, 561, 628, 590, 538, 534, 543, 581, 547, 582, 607, 546, 584, 551, 495, 565, 578, 502, 529, 527, 428, 453, 499, 531, 555, 694, 740, 794, 635, 560, 679, 842, 782, 2013, 3420, 3083, 1438, 756, 2134, 3245, 2551, 6759, 13777, 11996, 4357, 2082, 8240, 12369, 8127, 10290, 20794, 17487, 5851, 3101, 12105, 17704, 10588, 6684, 13030, 10628, 3390, 2198, 7367, 10576, 5937, 2300, 3981, 3203, 1299, 1463, 2958, 3594, 2002, 6034, 9340, 7024, 2251, 2943, 4623, 5585, 2866, 9351, 14256, 10871, 4218, 4273, 7565, 9989, 6277, 7079, 10579, 8250, 3645, 3030, 6207, 8484, 5885, 2527, 3632, 2931, 1414, 1206, 2146, 2946, 2234, 930, 1405, 1304, 763, 766, 974, 913, 829, 916, 1455, 1294, 622, 841, 1049, 849, 615, 1136, 1638, 1499, 770, 1048, 1124, 941, 771, 2050, 3508, 2969, 1311, 2329, 2478, 1492, 1073, 4019, 6878, 5460, 1625, 4145, 4140, 2089, 1139, 5944, 9734, 7295, 1360, 4754, 4662, 3261, 1065, 8106, 12757, 9052, 1371, 4948, 5282, 5520, 1196, 8844, 14041, 10056, 1599, 4661, 5486, 6683, 1630, 5615, 9164, 6801, 1306, 2767, 3418, 4578, 1421, 3255, 5622, 4355, 1170, 2104, 2299, 3032, 1437, 3494, 5906, 4610, 1315, 2036, 2374, 2867, 1358, 2547, 3907, 2868, 926, 1519, 1828, 1824, 794, 1931, 2989, 2197, 715, 1377, 1636, 1644, 778, 1421, 1955, 1415, 675, 1166, 1216, 1159, 799, 1259, 1373, 1049, 749, 1016, 1069, 877, 746, 1658, 1829, 1228, 1140, 1502, 1294, 983, 839, 2737, 3387, 2104, 1481, 2202, 1905, 1512, 1107, 4158, 5423, 3445, 1766, 3710, 3823, 2538, 1501, 5636, 8672, 6692, 2192, 5971, 6377, 3282, 1924, 5362, 8422, 6450, 2054, 5670, 5735, 2419, 1770, 2874, 4208, 3175, 1187, 2830, 2838, 1436, 1064, 1754, 2333, 1802, 904, 1291, 1602, 1328, 887, 1665, 2127, 1682, 916, 1205, 1498, 1401, 899, 1302, 1497, 1165, 798, 1008, 1128, 1062, 804, 1018, 1091, 737, 702, 954, 967, 858, 743, 935, 1295, 1022, 716, 1086, 989, 814, 747, 1120, 1538, 1251, 763, 1330, 1235, 890, 732, 875, 1237, 1069, 742, 1109, 1125, 975, 750, 773, 979, 901, 747, 848, 912, 854, 627, 754, 929, 963, 752, 794, 781, 718, 715, 980, 1332, 1157, 782, 887, 877, 736, 708, 923, 1362, 1131, 708, 916, 892, 806, 645, 688, 953, 873, 715, 762, 795, 751, 612, 772, 839, 863, 700, 712, 736, 643, 684, 856, 926, 809, 743, 887, 752, 658, 705, 925, 1034, 820, 749, 912, 844, 625, 724, 1144, 1254, 998, 851, 1043, 1013, 807, 834, 1078, 1172, 841, 819, 1026, 1008, 814, 719, 928, 975, 791, 782, 800, 760, 687, 772, 728, 717, 742, 782, 695, 638, 698, 767, 765, 768, 731, 681, 612, 684, 647, 656, 665, 743, 720, 703, 707, 624, 503, 489, 843, 885, 720, 768, 752, 712, 601, 635, 801, 821, 778, 687, 694, 703, 642, 591, 670, 773, 873, 720, 696, 751, 655, 657, 754, 811, 779, 651, 645, 730, 843, 799, 849, 775, 790, 853, 805, 706, 917, 857, 971, 845, 783, 939, 809, 737, 861, 835, 859, 868, 817, 833, 753, 765, 853, 825, 689, 763, 690, 798, 790, 690, 719, 724, 620, 632, 670, 720, 645, 601, 656, 664, 659, 673, 704, 627, 517, 600, 680, 712, 795, 817, 826, 710, 600, 666, 696, 743, 622, 691, 732, 731, 663, 688, 763, 700, 627, 577, 623, 741, 667, 616, 747, 741, 689, 667, 627, 604, 628, 678, 704, 706, 713, 754, 673, 659, 622, 756, 796, 646, 644, 692, 746, 657, 570, 679, 839, 737, 660, 695, 681, 632, 582, 595, 711, 770, 645, 814, 781, 665, 531, 616, 828, 718, 761, 889, 809, 705, 609, 793, 885, 708, 730, 693, 800, 753, 623, 715, 706, 663, 674, 683, 697, 670, 650, 713, 678, 710, 745, 734, 604, 495, 610, 691, 655, 632, 754, 835, 729, 496, 642, 678, 650, 671, 877, 894, 815, 751, 760, 810, 711, 757, 864, 787, 789, 770, 696, 867, 787, 747, 774, 729, 715, 715, 594, 741, 728, 667, 1104, 1018, 1218, 981, 592, 937, 1217, 1379, 1996, 1743, 3033, 2178, 641, 1960, 3485, 3776, 2226, 2124, 3683, 2700, 884, 2339, 4336, 4591, 1185, 1436, 2094, 1572, 729, 1574, 2731, 2599, 1369, 1582, 2354, 1702, 839, 1564, 2599, 2657, 1365, 1447, 1762, 1237, 950, 1344, 1988, 1949, 1254, 1730, 2010, 1416, 915, 1825, 3047, 2761, 1359, 1584, 1925, 1430, 915, 1924, 3136, 2808, 1621, 1320, 1932, 1665, 862, 1509, 2116, 2291, 2052, 1913, 2646, 1797, 996, 2366, 3952, 3901, 1411, 1755, 1997, 1147, 966, 2149, 3211, 2800, 1296, 1507, 1524, 1100, 1073, 1683, 2092, 1811, 1461, 1420, 1200, 1071, 1056, 1681, 2021, 1798, 1563, 1054, 1031, 1058, 983, 1362, 1856, 1871, 1165, 836, 1200, 996, 775, 1047, 1573, 1606, 706, 905, 1056, 721, 464, 878, 1129, 1063, 753, 947, 869, 585, 567, 676, 794, 792, 772, 853, 737, 630, 550, 625, 712, 741, 678, 664, 604, 590, 530, 584, 707, 693, 659, 608, 666, 512, 435, 613, 743, 762, 590, 699, 670, 465, 441, 644, 697, 626, 641, 638, 606, 534, 423, 496, 589, 615, 580, 481, 522, 539, 461, 445, 581, 642]"
-0.9420995712280273,0.34686434268951416,-0.7742218375205994,-0.8777483701705933,-0.5001952648162842,0.21108710765838623,-1.1336441040039062,-0.6954684853553772,0.9920597076416016,20.25,-0.6954684853553772,1.073455810546875,24.0,-0.3395572304725647,-0.8648872375488281,18.0,0.2529606223106384,-0.2833843231201172,19.5,1.9857391715049744,-0.6297111511230469,15.25,"[537, 606, 660, 601, 613, 608, 661, 604, 530, 497, 586, 665, 609, 594, 639, 638, 493, 456, 547, 602, 547, 552, 592, 586, 536, 535, 515, 495, 529, 569, 546, 543, 524, 550, 467, 515, 564, 534, 536, 511, 472, 503, 516, 478, 490, 575, 581, 538, 490, 549, 601, 493, 542, 628, 582, 571, 480, 601, 545, 414, 572, 670, 567, 466, 549, 534, 526, 513, 533, 532, 539, 572, 581, 494, 520, 603, 633, 505, 448, 574, 524, 530, 507, 531, 515, 490, 419, 485, 573, 531, 502, 487, 478, 515, 502, 540, 536, 540, 520, 486, 505, 592, 532, 505, 588, 588, 527, 539, 582, 564, 463, 487, 609, 512, 572, 637, 643, 566, 576, 627, 534, 566, 529, 533, 608, 692, 659, 487, 453, 553, 481, 423, 544, 616, 566, 397, 494, 515, 480, 493, 533, 501, 532, 504, 542, 561, 600, 697, 590, 565, 621, 472, 509, 519, 593, 631, 607, 536, 504, 457, 491, 547, 525, 507, 588, 581, 538, 430, 554, 632, 592, 566, 560, 588, 593, 475, 623, 604, 573, 553, 504, 612, 564, 450, 512, 592, 620, 576, 555, 637, 596, 524, 560, 545, 533, 572, 617, 577, 500, 524, 585, 613, 550, 551, 555, 603, 550, 535, 609, 584, 590, 536, 597, 660, 573, 574, 546, 532, 516, 524, 609, 623, 557, 460, 557, 561, 537, 517, 546, 572, 502, 478, 640, 690, 593, 551, 523, 623, 673, 628, 1095, 1567, 1308, 550, 702, 881, 1024, 634, 3676, 6012, 4415, 810, 2134, 2248, 2938, 1035, 6071, 9328, 6459, 1033, 3422, 3217, 4111, 1395, 4227, 6477, 4700, 1258, 2583, 2248, 2826, 1470, 2283, 4727, 4399, 1836, 1747, 2152, 2719, 1878, 2632, 6739, 6652, 2895, 1683, 2959, 4523, 3001, 2130, 5024, 5116, 2776, 1696, 2319, 3712, 3052, 2131, 3413, 2885, 1547, 1520, 1676, 2020, 1709, 1822, 3079, 2497, 997, 1098, 1216, 1527, 877, 2446, 4669, 4021, 1198, 1860, 2154, 2037, 1022, 3248, 5953, 4906, 1152, 2986, 3238, 2110, 871, 2356, 4424, 3813, 1239, 2247, 2511, 1509, 856, 1176, 2093, 1912, 875, 1193, 1353, 898, 654, 923, 1295, 1167, 841, 1001, 1001, 949, 726, 973, 1396, 1270, 795, 982, 1004, 834, 785, 1077, 1411, 1139, 783, 1066, 918, 783, 820, 910, 1029, 888, 694, 800, 751, 676, 789, 915, 1098, 835, 628, 752, 829, 785, 658, 767, 933, 778, 643, 813, 814, 807, 731, 1019, 1210, 854, 882, 1228, 1076, 775, 689, 1300, 1584, 1029, 1123, 1640, 1401, 827, 792, 1276, 1630, 1478, 1217, 1401, 1516, 1116, 1000, 1765, 2327, 2196, 1606, 1640, 1846, 1515, 1292, 2141, 2616, 2264, 1559, 1915, 1977, 1605, 1500, 1744, 1771, 1545, 1399, 1485, 1510, 1439, 1343, 1189, 1349, 986, 986, 1074, 1264, 1211, 941, 953, 1301, 1066, 632, 1013, 1026, 795, 604, 866, 1039, 896, 639, 823, 783, 737, 668, 823, 867, 760, 593, 615, 730, 712, 630, 732, 920, 843, 635, 751, 834, 732, 607, 661, 872, 849, 663, 665, 689, 778, 677, 641, 772, 713, 524, 598, 676, 711, 593, 708, 901, 767, 526, 702, 804, 678, 528, 627, 750, 769, 613, 688, 806, 727, 485, 620, 705, 682, 597, 592, 644, 633, 555, 630, 690, 590, 520, 608, 557, 569, 575, 802, 900, 785, 614, 685, 695, 665, 606, 778, 831, 671, 537, 633, 688, 611, 595, 609, 651, 654, 542, 553, 628, 587, 537, 660, 753, 778, 655, 675, 782, 721, 575, 661, 754, 705, 671, 725, 776, 591, 479, 678, 686, 723, 683, 741, 659, 543, 620, 578, 709, 726, 649, 652, 568, 573, 564, 592, 668, 680, 665, 569, 639, 656, 596, 688, 764, 726, 725, 667, 647, 655, 643, 706, 676, 650, 703, 604, 592, 611, 668, 783, 720, 619, 589, 676, 713, 524, 605, 634, 614, 574, 567, 611, 653, 525, 527, 682, 647, 676, 719, 660, 589, 681, 715, 674, 700, 651, 659, 586, 740, 730, 628, 573, 670, 613, 597, 564, 727, 686, 453, 703, 768, 706, 720, 608, 609, 649, 589, 749, 700, 676, 603, 621, 656, 638, 716, 775, 747, 691, 557, 723, 753, 633, 650, 769, 784, 661, 558, 654, 750, 625, 566, 633, 725, 617, 530, 645, 820, 737, 536, 690, 805, 720, 529, 695, 824, 733, 594, 786, 789, 687, 700, 669, 804, 801, 789, 857, 831, 675, 642, 715, 780, 655, 646, 885, 889, 771, 710, 700, 688, 588, 583, 779, 808, 697, 640, 752, 713, 551, 578, 647, 758, 643, 624, 684, 669, 570, 541, 745, 669, 550, 644, 761, 774, 575, 669, 691, 717, 694, 629, 631, 692, 679, 601, 675, 621, 714, 699, 612, 687, 711, 682, 578, 489, 590, 650, 628, 658, 589, 596, 520, 512, 530, 526, 488, 525, 534, 528, 649, 720, 670, 569, 603, 637, 665, 643, 832, 776, 635, 709, 793, 787, 687, 738, 806, 699, 668, 693, 653, 755, 704, 737, 791, 751, 758, 727, 684, 748, 770, 733, 822, 824, 819, 735, 740, 792, 769, 665, 714, 878, 896, 764, 695, 756, 922, 811, 739, 933, 851, 682, 643, 790, 856, 667, 842, 864, 831, 741, 699, 853, 858, 665, 761, 857, 852, 710, 632, 805, 870, 659, 796, 821, 751, 597, 632, 939, 917, 686, 1205, 1093, 1513, 1330, 659, 1425, 1506, 1281, 2607, 2104, 3475, 3101, 833, 2744, 2806, 3239, 3404, 2798, 4178, 3765, 1069, 3660, 3692, 4094, 2491, 2042, 3230, 2639, 1145, 2832, 3074, 3279, 1407, 1229, 1830, 1539, 938, 1419, 1640, 1748, 1406, 1365, 1349, 1134, 827, 1350, 1303, 1261, 1394, 1411, 1488, 1197, 950, 1084, 1346, 1455, 1161, 1283, 1305, 987, 1047, 1482, 1460, 1234, 1072, 1381, 1346, 1032, 865, 1680, 1761, 1215, 1099, 1288, 1187, 982, 837, 1451, 1548, 1073, 966, 1075, 941, 876, 866, 1111, 1250, 897, 945, 924, 991, 920, 791, 931, 885, 892, 1058, 1051, 1098, 974, 807, 1194, 1086, 943, 1059, 1009, 925, 888, 745, 1032, 1054, 1022, 900, 864, 970, 821, 549, 729, 837, 862, 616, 779, 948, 833, 536, 641, 853, 835, 695, 825, 893, 781, 635, 800, 873, 729, 667, 665, 750, 703, 450, 717, 751, 616, 605, 588, 525, 537, 513, 638, 600, 499, 528, 505, 549, 476, 468, 578, 584, 504, 594, 600, 596, 616, 566, 567, 594, 628]"
-1.2430883646011353,0.04365582764148712,-0.9157732725143433,-0.9938825368881226,0.0,0.0,0.0,-0.265567421913147,0.8335590362548828,19.75,-0.265567421913147,0.9747505187988281,26.0,1.0287593603134155,1.2489795684814453,15.5,2.0512889623641968,2.7678966522216797,17.25,2.2969077825546265,2.0084381103515625,17.25,"[385, 633, 689, 559, 459, 559, 688, 632, 433, 597, 586, 609, 484, 612, 730, 604, 520, 608, 615, 580, 634, 694, 661, 554, 515, 545, 605, 488, 517, 588, 548, 539, 423, 482, 496, 440, 510, 559, 441, 481, 514, 564, 576, 575, 687, 667, 530, 532, 478, 565, 572, 528, 572, 593, 539, 482, 520, 502, 497, 530, 598, 510, 471, 517, 601, 501, 479, 502, 519, 531, 520, 599, 523, 525, 576, 573, 469, 543, 596, 605, 537, 502, 583, 634, 582, 488, 568, 615, 530, 464, 560, 686, 604, 535, 638, 582, 420, 432, 472, 545, 496, 504, 532, 507, 522, 467, 535, 536, 521, 580, 530, 494, 589, 523, 618, 680, 547, 536, 569, 595, 617, 540, 527, 514, 496, 439, 516, 634, 580, 552, 464, 493, 463, 481, 536, 540, 558, 572, 537, 469, 458, 565, 560, 524, 496, 481, 520, 547, 556, 556, 544, 540, 518, 538, 671, 692, 586, 526, 574, 551, 564, 520, 602, 585, 543, 528, 504, 562, 541, 592, 564, 483, 527, 574, 552, 556, 576, 634, 611, 538, 556, 596, 603, 592, 550, 602, 625, 574, 499, 488, 603, 654, 630, 568, 572, 560, 534, 525, 559, 632, 596, 578, 545, 570, 559, 600, 595, 525, 522, 560, 617, 606, 540, 608, 657, 504, 1487, 1318, 724, 1074, 1127, 958, 799, 968, 4993, 5501, 2404, 2356, 3925, 2635, 1690, 1800, 7655, 9179, 4609, 3290, 6906, 5200, 2777, 2158, 8653, 11188, 6225, 2479, 6973, 5810, 3499, 2016, 8347, 11568, 7247, 1757, 5088, 4537, 4374, 1794, 7022, 9889, 6340, 1128, 3994, 4379, 4454, 1205, 4681, 6550, 4206, 929, 2644, 2888, 2995, 1084, 2056, 2763, 1888, 705, 1391, 1371, 1163, 879, 1102, 1373, 1131, 627, 903, 939, 742, 673, 1204, 1300, 904, 726, 961, 765, 548, 686, 1021, 1356, 1203, 735, 951, 936, 802, 803, 1689, 2355, 1771, 645, 1637, 1576, 975, 720, 1500, 1935, 1475, 799, 1458, 1306, 925, 714, 935, 1132, 938, 656, 837, 831, 741, 588, 627, 731, 750, 670, 627, 699, 753, 606, 630, 711, 637, 534, 681, 734, 716, 559, 1521, 2369, 2036, 1105, 1341, 1260, 1259, 1050, 2669, 4469, 3810, 1799, 2230, 2078, 1900, 1500, 1983, 3375, 2909, 1431, 1666, 1706, 1539, 1106, 1180, 1476, 1199, 728, 965, 1146, 954, 663, 1112, 1240, 1008, 820, 824, 849, 736, 699, 2196, 2390, 1758, 2072, 2365, 1733, 1031, 1218, 3381, 3892, 2891, 3322, 3981, 2902, 1498, 1681, 2515, 2908, 2154, 2596, 3127, 2240, 1062, 1352, 1714, 2349, 1795, 1316, 1867, 1699, 1023, 982, 1474, 2070, 1734, 1019, 1411, 1449, 1062, 938, 943, 1198, 987, 679, 911, 970, 805, 681, 788, 881, 667, 714, 814, 780, 652, 657, 747, 708, 684, 791, 644, 601, 656, 675, 726, 626, 595, 633, 600, 543, 560, 693, 675, 588, 633, 718, 633, 565, 602, 668, 676, 760, 775, 682, 667, 746, 682, 623, 648, 761, 768, 613, 690, 659, 580, 500, 656, 757, 679, 627, 644, 684, 698, 580, 721, 740, 595, 576, 674, 735, 686, 568, 587, 633, 589, 448, 641, 736, 644, 516, 671, 646, 637, 587, 634, 651, 570, 590, 649, 566, 521, 627, 711, 661, 573, 616, 639, 578, 563, 591, 684, 645, 560, 594, 676, 638, 730, 601, 653, 720, 637, 684, 536, 626, 675, 666, 601, 649, 717, 622, 623, 635, 559, 640, 608, 568, 604, 512, 635, 709, 656, 643, 615, 630, 664, 600, 725, 700, 642, 700, 577, 594, 705, 660, 767, 675, 641, 738, 624, 559, 653, 649, 776, 590, 583, 739, 744, 553, 587, 728, 755, 777, 665, 658, 715, 622, 743, 695, 713, 742, 666, 634, 676, 755, 846, 702, 770, 666, 671, 679, 662, 745, 683, 689, 691, 575, 653, 634, 631, 685, 636, 678, 759, 737, 730, 695, 668, 681, 601, 682, 570, 661, 678, 728, 717, 605, 534, 530, 582, 618, 607, 724, 748, 613, 622, 574, 580, 664, 664, 700, 751, 667, 631, 572, 645, 639, 725, 706, 689, 666, 709, 737, 706, 727, 704, 677, 710, 525, 561, 694, 738, 740, 618, 600, 691, 590, 535, 593, 834, 808, 704, 673, 773, 828, 700, 731, 835, 777, 790, 821, 741, 774, 722, 774, 894, 784, 643, 681, 833, 884, 781, 744, 876, 791, 654, 647, 858, 877, 728, 731, 848, 760, 601, 719, 813, 753, 712, 787, 743, 614, 651, 751, 779, 675, 646, 779, 673, 730, 793, 661, 678, 690, 635, 649, 638, 582, 677, 633, 609, 706, 651, 618, 591, 628, 620, 585, 527, 577, 565, 573, 712, 716, 601, 545, 546, 513, 528, 589, 907, 882, 653, 557, 712, 709, 578, 637, 1265, 1216, 752, 642, 861, 846, 708, 718, 1303, 1366, 948, 642, 780, 898, 863, 753, 932, 1040, 812, 621, 731, 759, 718, 687, 1061, 946, 668, 701, 867, 807, 708, 782, 1126, 1007, 811, 736, 918, 1012, 842, 838, 1108, 922, 887, 963, 880, 1000, 878, 946, 909, 706, 728, 921, 843, 755, 724, 776, 627, 708, 711, 626, 646, 763, 703, 569, 652, 668, 806, 664, 631, 756, 807, 811, 648, 679, 824, 781, 623, 614, 762, 850, 783, 713, 767, 718, 757, 709, 668, 762, 857, 729, 663, 695, 820, 771, 697, 853, 1363, 1728, 1787, 1328, 876, 1418, 1608, 1433, 3234, 4235, 4908, 3679, 1950, 3897, 4625, 3806, 4146, 5268, 5651, 4312, 2667, 5279, 5625, 4096, 2974, 3678, 2338, 1200, 2315, 4352, 3800, 1166, 2436, 1897, 2297, 2135, 1964, 2668, 2733, 2786, 1786, 1043, 2194, 1936, 1023, 1082, 1836, 2429, 1067, 1056, 1199, 915, 736, 850, 820, 1165, 876, 1094, 1246, 855, 632, 1032, 935, 793, 968, 1041, 1287, 1051, 765, 1084, 1002, 995, 1014, 1113, 1244, 1005, 796, 1026, 1031, 1071, 937, 1015, 1115, 946, 706, 1003, 1007, 954, 689, 837, 869, 732, 615, 700, 710, 695, 708, 712, 695, 634, 633, 766, 674, 576, 705, 767, 784, 720, 680, 717, 714, 662, 858, 824, 802, 772, 743, 816, 844, 750, 903, 764, 702, 704, 593, 790, 737, 796, 638, 708, 617, 517, 582, 692, 633, 537, 479, 640, 602, 444, 482, 640, 612, 433, 473, 640, 608, 451, 565, 639, 660, 553, 460, 619, 650, 514, 459, 527, 618, 562, 481, 544, 572, 511, 498, 551, 555, 530]"
-1.3424766063690186,0.04365582764148712,-0.9157732725143433,-0.9938825368881226,0.0,0.0,0.0,-0.17399010062217712,-0.7455825805664062,15.25,-0.17399010062217712,0.6242752075195312,-28.0,-0.17399010062217712,0.8090972900390625,31.0,-0.17399010062217712,0.9472846984863281,31.75,-0.17399010062217712,0.9786128997802734,25.25,"[506, 573, 653, 651, 543, 650, 649, 578, 504, 555, 588, 639, 546, 577, 651, 588, 484, 570, 635, 597, 546, 614, 601, 532, 496, 525, 520, 538, 565, 534, 486, 498, 467, 457, 432, 518, 546, 478, 517, 512, 548, 484, 432, 503, 573, 466, 536, 613, 579, 484, 502, 584, 531, 474, 571, 609, 565, 564, 528, 539, 576, 602, 600, 509, 557, 581, 540, 543, 567, 496, 492, 507, 590, 669, 599, 556, 515, 450, 527, 504, 559, 574, 619, 545, 493, 519, 569, 560, 569, 514, 536, 501, 468, 479, 421, 546, 427, 472, 499, 479, 467, 483, 507, 467, 511, 590, 578, 517, 552, 584, 612, 580, 594, 583, 555, 513, 633, 582, 515, 591, 569, 558, 480, 535, 615, 592, 620, 514, 570, 605, 567, 537, 482, 529, 578, 539, 548, 543, 510, 515, 607, 578, 511, 566, 573, 581, 577, 557, 647, 576, 547, 535, 635, 708, 591, 528, 695, 688, 634, 527, 506, 510, 449, 461, 595, 573, 517, 474, 502, 451, 440, 440, 553, 567, 506, 532, 495, 473, 523, 499, 475, 598, 610, 480, 480, 473, 585, 552, 441, 515, 555, 544, 442, 491, 502, 520, 446, 477, 476, 486, 3178, 3511, 2040, 1508, 2465, 1798, 1143, 1333, 16112, 20075, 11134, 4792, 12474, 9804, 5701, 4197, 27147, 34660, 19619, 6858, 20791, 16625, 9819, 6101, 16039, 20869, 12470, 4323, 12172, 9984, 6149, 3784, 6790, 9672, 6546, 1749, 4613, 4360, 3585, 1989, 3523, 5205, 3988, 1778, 1791, 1828, 2393, 1967, 1796, 2910, 2217, 936, 1238, 1365, 1496, 1029, 1676, 2581, 1891, 646, 1378, 1331, 1184, 725, 2140, 3487, 2638, 717, 1746, 1660, 1331, 744, 4013, 6290, 4363, 702, 3258, 2813, 2128, 684, 4580, 6465, 4017, 1026, 3589, 2832, 1921, 810, 2962, 3612, 1946, 1131, 2450, 1825, 1098, 951, 1862, 2466, 1791, 852, 1382, 1267, 1065, 785, 1365, 1840, 1380, 617, 965, 973, 872, 653, 825, 1071, 962, 651, 739, 785, 665, 560, 670, 964, 903, 641, 747, 791, 744, 584, 858, 1278, 1210, 725, 946, 949, 887, 738, 1067, 1328, 1092, 750, 967, 944, 764, 713, 1150, 1330, 1139, 827, 962, 1066, 886, 784, 1104, 1570, 1196, 627, 1163, 1175, 757, 568, 1343, 1800, 1230, 712, 1320, 1199, 761, 586, 941, 1282, 977, 725, 983, 895, 727, 566, 918, 1051, 850, 801, 896, 809, 684, 733, 1072, 1449, 1339, 923, 1065, 1221, 899, 734, 1180, 1898, 1707, 853, 1249, 1437, 966, 738, 1290, 1902, 1529, 783, 1368, 1540, 995, 693, 1297, 1849, 1529, 768, 1218, 1365, 857, 627, 1759, 2399, 1801, 862, 1536, 1579, 983, 777, 1290, 1815, 1400, 953, 1478, 1406, 919, 782, 982, 1210, 945, 794, 1170, 1110, 683, 642, 648, 735, 686, 595, 702, 744, 606, 640, 676, 816, 859, 612, 662, 684, 634, 677, 713, 833, 733, 563, 608, 703, 758, 632, 736, 835, 716, 554, 663, 791, 789, 639, 783, 842, 687, 682, 935, 941, 760, 528, 751, 805, 725, 674, 869, 901, 683, 516, 762, 856, 854, 735, 781, 770, 609, 658, 823, 918, 694, 605, 753, 679, 651, 624, 782, 901, 733, 626, 739, 770, 676, 579, 681, 738, 729, 637, 630, 590, 675, 640, 668, 652, 639, 606, 597, 543, 656, 649, 620, 663, 752, 738, 583, 601, 797, 736, 602, 741, 843, 708, 639, 776, 908, 783, 593, 687, 712, 743, 771, 761, 750, 714, 716, 796, 739, 704, 661, 675, 752, 619, 891, 871, 703, 736, 726, 703, 746, 663, 769, 755, 632, 671, 707, 680, 623, 631, 567, 666, 652, 684, 723, 616, 595, 663, 636, 717, 743, 647, 711, 649, 680, 737, 648, 696, 714, 606, 656, 681, 653, 615, 688, 723, 697, 669, 735, 760, 634, 616, 659, 676, 663, 589, 714, 743, 571, 587, 654, 712, 664, 574, 707, 716, 562, 582, 705, 796, 764, 741, 798, 655, 674, 701, 705, 805, 766, 743, 746, 637, 716, 692, 583, 720, 734, 731, 572, 666, 777, 645, 462, 566, 699, 617, 496, 614, 729, 663, 629, 597, 592, 660, 631, 606, 637, 718, 852, 832, 664, 700, 739, 742, 653, 730, 1066, 885, 768, 871, 1014, 1043, 792, 870, 1098, 982, 851, 779, 1005, 1038, 817, 895, 804, 780, 784, 768, 871, 871, 748, 759, 656, 704, 692, 639, 662, 683, 616, 610, 660, 765, 675, 663, 700, 645, 663, 650, 771, 724, 692, 637, 638, 609, 606, 729, 738, 746, 719, 521, 543, 705, 634, 692, 722, 815, 720, 555, 636, 740, 669, 596, 688, 744, 687, 598, 618, 656, 598, 534, 576, 579, 667, 615, 549, 566, 539, 570, 550, 553, 553, 555, 516, 531, 565, 597, 660, 640, 569, 537, 551, 599, 626, 680, 629, 640, 559, 604, 709, 800, 735, 606, 580, 672, 697, 675, 671, 784, 795, 652, 757, 701, 780, 726, 712, 658, 617, 727, 762, 785, 959, 783, 753, 879, 825, 803, 709, 657, 706, 737, 654, 644, 638, 622, 709, 681, 690, 716, 634, 595, 647, 704, 703, 701, 689, 575, 508, 673, 673, 649, 684, 751, 677, 647, 679, 725, 708, 595, 693, 803, 711, 752, 830, 659, 647, 617, 783, 768, 748, 732, 966, 851, 735, 858, 931, 745, 871, 854, 842, 756, 609, 926, 842, 696, 776, 761, 705, 630, 541, 805, 943, 887, 894, 893, 836, 971, 919, 920, 1233, 1332, 1379, 1255, 1239, 1537, 1525, 1255, 1348, 1430, 1745, 1768, 1528, 1737, 1855, 1640, 1315, 1487, 1584, 1516, 1340, 1281, 1317, 1314, 1233, 1294, 1058, 870, 1104, 1119, 762, 805, 943, 1093, 1048, 647, 764, 1075, 884, 655, 884, 1096, 1030, 721, 845, 1148, 1043, 693, 879, 1028, 945, 824, 741, 1136, 1107, 805, 1183, 1104, 981, 966, 873, 1171, 1157, 1051, 1145, 978, 1079, 1040, 912, 1139, 1171, 1141, 913, 844, 893, 712, 822, 866, 763, 926, 862, 832, 574, 525, 796, 939, 796, 704, 705, 731, 731, 650, 664, 767, 813, 779, 675, 688, 791, 643, 551, 685, 730, 764, 566, 705, 733, 593, 623, 661, 635, 611, 566, 552, 600, 682, 562, 577, 576, 575, 589, 564, 580, 630, 530, 553, 494, 472, 554, 540, 526, 514, 483, 553, 522, 482, 523, 489, 454, 461, 430, 489, 526, 487, 443, 539, 505, 466, 463, 515, 491, 456]"
-0.6906245350837708,0.0,0.0,0.0,0.0,0.0,0.0,-0.45144879817962646,0.6358623504638672,27.25,-0.45144879817962646,0.6793498992919922,29.5,-0.45144879817962646,0.8511543273925781,24.25,-0.45144879817962646,0.9211063385009766,15.75,-0.45144879817962646,1.0405540466308594,15.75,"[503, 541, 602, 570, 552, 572, 603, 542, 508, 564, 546, 537, 525, 548, 582, 487, 526, 630, 579, 462, 542, 643, 596, 457, 488, 486, 479, 512, 581, 557, 511, 493, 499, 513, 511, 581, 597, 530, 473, 455, 557, 556, 558, 586, 577, 514, 535, 550, 554, 538, 493, 521, 568, 479, 476, 546, 533, 561, 531, 594, 623, 507, 504, 490, 515, 502, 570, 551, 525, 468, 486, 528, 581, 448, 578, 595, 466, 523, 537, 594, 460, 462, 598, 511, 404, 549, 537, 464, 504, 500, 512, 506, 488, 559, 546, 498, 548, 550, 535, 512, 583, 546, 489, 567, 656, 640, 585, 424, 626, 651, 565, 643, 650, 610, 539, 464, 593, 611, 538, 593, 528, 576, 576, 518, 526, 602, 585, 562, 511, 588, 568, 534, 565, 545, 577, 593, 485, 559, 530, 570, 606, 585, 626, 573, 525, 495, 465, 533, 574, 550, 546, 527, 655, 610, 530, 533, 614, 605, 461, 534, 595, 501, 616, 633, 594, 581, 564, 578, 2184, 2504, 1560, 1087, 1937, 1870, 1069, 1051, 10869, 12940, 7130, 3389, 7795, 7191, 5048, 3296, 18958, 23044, 12649, 4927, 12177, 11278, 9169, 4883, 13822, 17100, 9659, 3361, 8096, 8347, 7210, 3504, 7469, 9452, 5419, 1664, 4753, 8602, 7632, 2039, 7355, 8302, 4441, 1486, 5824, 9833, 7629, 1668, 5459, 6140, 4123, 1474, 4734, 6759, 4699, 2015, 3490, 5598, 4174, 1004, 2616, 3544, 3334, 1456, 4050, 6008, 4065, 814, 2134, 3256, 3466, 985, 4773, 6671, 4225, 800, 2847, 3449, 3237, 944, 4397, 6235, 4084, 1069, 2825, 2540, 2501, 1135, 2461, 3510, 2456, 864, 1642, 1578, 1507, 887, 2413, 2918, 1708, 930, 1791, 1474, 1163, 872, 2229, 2732, 1636, 858, 1728, 1516, 1156, 795, 1648, 1901, 1236, 849, 1287, 1149, 1095, 788, 1113, 1265, 997, 662, 890, 873, 831, 619, 827, 941, 825, 644, 731, 801, 747, 622, 674, 766, 739, 641, 642, 748, 702, 591, 698, 644, 655, 649, 612, 691, 712, 653, 939, 861, 721, 731, 846, 868, 756, 753, 1102, 1193, 984, 834, 972, 922, 769, 820, 933, 1107, 851, 654, 843, 961, 791, 695, 1144, 1324, 1010, 830, 822, 1058, 1043, 793, 1216, 1517, 1272, 978, 884, 1093, 1052, 800, 1150, 1338, 1121, 1077, 1173, 1056, 908, 796, 1168, 1368, 1029, 1002, 1316, 1133, 789, 809, 944, 1056, 990, 944, 1160, 959, 733, 784, 796, 1059, 1016, 875, 1033, 947, 782, 719, 894, 1219, 1202, 930, 1075, 1127, 926, 797, 1058, 1413, 1356, 964, 1315, 1578, 1189, 823, 1065, 1534, 1282, 868, 1423, 1628, 1179, 660, 894, 1286, 1134, 879, 1159, 1306, 1056, 689, 748, 994, 943, 782, 905, 995, 764, 644, 793, 901, 839, 645, 715, 809, 660, 681, 758, 890, 853, 675, 740, 857, 732, 653, 836, 797, 718, 707, 754, 776, 686, 716, 791, 843, 773, 743, 697, 728, 822, 745, 667, 760, 593, 604, 727, 755, 822, 638, 784, 841, 762, 661, 732, 784, 795, 822, 874, 929, 780, 584, 753, 844, 784, 745, 858, 872, 789, 592, 771, 866, 686, 749, 707, 896, 804, 547, 718, 767, 734, 649, 746, 972, 872, 616, 592, 725, 776, 646, 723, 935, 800, 498, 584, 692, 708, 595, 792, 888, 690, 572, 647, 647, 664, 559, 771, 764, 639, 535, 604, 627, 641, 658, 657, 866, 874, 659, 562, 706, 738, 601, 707, 941, 848, 632, 650, 758, 790, 596, 751, 903, 753, 685, 710, 614, 728, 570, 738, 785, 765, 611, 660, 634, 620, 666, 770, 756, 783, 680, 717, 759, 658, 731, 856, 786, 643, 738, 777, 747, 608, 732, 798, 855, 714, 622, 711, 751, 709, 673, 639, 714, 647, 559, 672, 719, 632, 598, 636, 703, 730, 655, 739, 780, 624, 639, 551, 733, 740, 600, 683, 720, 646, 543, 692, 686, 700, 608, 606, 738, 691, 620, 706, 729, 627, 610, 656, 710, 628, 573, 687, 772, 666, 638, 697, 722, 733, 654, 628, 659, 657, 602, 632, 771, 744, 637, 627, 619, 771, 701, 653, 711, 730, 617, 677, 804, 855, 745, 678, 769, 720, 639, 729, 793, 786, 712, 644, 653, 630, 692, 759, 699, 685, 673, 608, 714, 635, 670, 888, 718, 691, 746, 728, 819, 727, 872, 850, 724, 817, 782, 726, 718, 766, 846, 601, 572, 646, 635, 657, 723, 677, 653, 630, 642, 686, 648, 688, 683, 555, 520, 597, 729, 700, 655, 704, 708, 624, 507, 577, 628, 620, 649, 684, 713, 743, 672, 748, 734, 670, 664, 771, 721, 730, 783, 701, 675, 617, 639, 681, 663, 669, 705, 656, 605, 691, 706, 594, 605, 733, 792, 700, 729, 648, 671, 566, 611, 666, 707, 789, 678, 637, 624, 645, 670, 726, 793, 674, 629, 570, 608, 616, 665, 741, 688, 614, 611, 561, 536, 662, 840, 793, 687, 690, 632, 567, 635, 685, 678, 721, 719, 805, 757, 650, 706, 709, 668, 747, 795, 653, 773, 764, 600, 607, 710, 738, 706, 795, 750, 724, 619, 723, 804, 742, 713, 742, 717, 612, 685, 808, 701, 606, 676, 719, 762, 738, 636, 721, 786, 762, 776, 872, 648, 675, 828, 839, 796, 772, 899, 906, 687, 839, 865, 763, 795, 810, 937, 743, 673, 718, 682, 708, 711, 724, 792, 745, 972, 970, 785, 757, 958, 1048, 922, 751, 1197, 1349, 888, 841, 1168, 1364, 1059, 779, 1031, 1078, 757, 728, 956, 1038, 880, 924, 966, 1145, 908, 735, 921, 1067, 1125, 1061, 1076, 1372, 1097, 754, 1028, 1372, 1435, 897, 1106, 1309, 1003, 762, 1131, 1269, 1148, 741, 900, 1049, 882, 769, 1021, 1011, 835, 721, 938, 1035, 772, 680, 914, 953, 768, 722, 884, 1004, 932, 775, 829, 770, 645, 1065, 958, 1206, 1250, 834, 870, 848, 820, 1094, 977, 1105, 1247, 993, 746, 680, 994, 926, 806, 1073, 1130, 962, 807, 867, 1066, 876, 834, 1043, 1063, 853, 865, 972, 1004, 690, 861, 1014, 929, 727, 683, 852, 804, 582, 602, 769, 702, 602, 548, 642, 722, 668, 664, 729, 718, 586, 656, 699, 639, 508, 689, 742, 618, 575, 616, 628, 582, 588, 548, 549, 482, 604, 637, 641, 642, 636, 552, 514, 503, 600, 614, 580, 607, 588, 556, 594, 534, 489, 614, 598, 589, 637, 702, 812, 734, 515, 674, 828, 716]"
0.7885060906410217,-0.5312338471412659,-0.2655879259109497,0.10171723365783691,-0.5819064378738403,-0.10189557075500488,0.10477569699287415,-1.0990357398986816,1.4731407165527344,24.75,-0.2623295783996582,1.0256767272949219,22.25,-0.18808603286743164,1.048421859741211,27.0,-0.18265008926391602,0.9557247161865234,-29.25,-0.04446268081665039,0.839996337890625,-29.5,"[569, 558, 613, 627, 515, 628, 614, 557, 593, 578, 677, 581, 532, 681, 617, 519, 509, 534, 632, 567, 497, 586, 527, 510, 638, 565, 567, 538, 458, 497, 495, 549, 463, 458, 518, 482, 482, 528, 552, 474, 457, 485, 525, 570, 512, 532, 574, 483, 469, 506, 517, 509, 560, 539, 471, 484, 462, 504, 435, 429, 565, 590, 530, 453, 495, 575, 523, 504, 487, 543, 566, 526, 538, 629, 566, 525, 516, 556, 507, 460, 515, 582, 566, 524, 542, 550, 464, 459, 595, 582, 536, 590, 628, 556, 512, 565, 554, 618, 588, 532, 495, 516, 552, 519, 509, 622, 581, 559, 542, 601, 591, 514, 574, 532, 605, 589, 474, 550, 624, 619, 504, 484, 599, 552, 456, 581, 627, 611, 595, 594, 472, 535, 611, 528, 474, 488, 672, 647, 496, 535, 539, 544, 507, 556, 594, 570, 536, 622, 631, 476, 457, 543, 575, 620, 634, 568, 563, 581, 509, 563, 552, 621, 547, 499, 518, 535, 512, 453, 616, 661, 657, 599, 569, 577, 587, 575, 512, 572, 657, 576, 518, 649, 585, 515, 546, 488, 501, 592, 548, 568, 578, 592, 565, 498, 526, 580, 582, 560, 579, 606, 681, 630, 614, 571, 503, 499, 527, 650, 594, 631, 598, 522, 522, 613, 578, 545, 571, 548, 481, 556, 576, 531, 533, 556, 542, 493, 509, 545, 505, 497, 562, 594, 534, 491, 515, 506, 490, 517, 587, 623, 587, 612, 592, 446, 472, 575, 615, 556, 529, 505, 523, 518, 508, 531, 592, 574, 541, 528, 494, 510, 519, 563, 581, 547, 586, 559, 577, 572, 570, 558, 612, 591, 527, 541, 560, 493, 459, 560, 631, 606, 681, 628, 403, 441, 457, 570, 608, 546, 630, 622, 457, 442, 523, 590, 518, 501, 473, 519, 519, 509, 602, 580, 502, 468, 596, 576, 519, 541, 595, 618, 621, 552, 600, 552, 494, 526, 551, 517, 536, 521, 624, 624, 589, 556, 592, 616, 486, 523, 637, 560, 619, 538, 577, 622, 490, 556, 598, 562, 656, 577, 547, 593, 483, 539, 560, 682, 728, 643, 643, 730, 545, 516, 635, 543, 659, 717, 663, 778, 766, 705, 1224, 1068, 1573, 1670, 965, 1325, 2746, 2634, 2745, 2098, 3378, 3660, 2387, 2575, 6920, 6966, 3668, 5231, 6598, 3794, 2396, 5289, 11927, 11257, 12295, 10956, 17957, 12272, 7497, 10668, 26742, 28062, 14264, 10129, 19312, 15557, 9387, 9639, 27159, 29968, 7184, 3926, 8921, 8448, 5119, 3832, 12234, 14070, 2092, 1455, 2595, 2644, 1680, 1261, 3299, 3737, 1063, 1507, 1743, 1274, 843, 1395, 2385, 2146, 1250, 2332, 2989, 1684, 946, 1724, 3467, 3243, 791, 2880, 3011, 1375, 916, 1373, 2635, 2411, 1717, 4605, 5245, 2839, 1180, 1944, 3731, 3427, 1351, 4144, 5236, 2994, 921, 1822, 3945, 3813, 989, 2153, 2839, 1683, 762, 1174, 2408, 2441, 712, 903, 1022, 662, 575, 784, 1051, 986, 635, 631, 680, 624, 569, 670, 637, 557, 563, 577, 633, 652, 515, 626, 652, 544, 552, 571, 641, 658, 621, 668, 713, 664, 687, 555, 595, 614, 590, 697, 704, 700, 631, 661, 671, 600, 597, 672, 800, 710, 531, 610, 611, 640, 629, 657, 664, 595, 726, 799, 774, 679, 723, 660, 616, 710, 955, 1111, 1227, 835, 767, 932, 763, 729, 772, 841, 1001, 883, 773, 836, 761, 762, 2056, 3351, 3282, 2296, 1259, 2343, 2832, 1663, 5639, 8602, 8010, 5057, 2561, 6394, 7048, 3789, 6051, 8407, 6782, 4151, 2379, 6774, 7201, 3386, 3586, 4363, 2249, 1661, 1382, 3316, 3625, 1447, 2315, 2642, 1610, 1501, 1209, 1711, 1896, 850, 1920, 1862, 2334, 2584, 1329, 1622, 1952, 1397, 1610, 1526, 2640, 2729, 1311, 1386, 1823, 1671, 854, 1029, 1593, 1516, 876, 818, 1227, 1146, 708, 914, 986, 897, 759, 705, 1168, 1050, 977, 887, 834, 1212, 1035, 967, 1313, 1226, 1071, 940, 711, 1116, 1138, 951, 810, 1000, 984, 907, 821, 855, 946, 867, 712, 842, 844, 887, 834, 708, 697, 891, 741, 675, 831, 779, 852, 810, 679, 849, 866, 811, 822, 669, 769, 862, 793, 757, 840, 869, 618, 733, 761, 723, 679, 754, 753, 697, 638, 781, 744, 630, 625, 854, 979, 771, 663, 675, 789, 692, 574, 864, 1006, 907, 602, 592, 740, 571, 550, 650, 696, 733, 778, 767, 733, 580, 744, 780, 587, 679, 757, 696, 700, 794, 765, 674, 664, 747, 777, 618, 718, 820, 691, 609, 582, 738, 797, 641, 618, 699, 613, 712, 671, 664, 806, 612, 555, 664, 589, 600, 659, 813, 699, 626, 536, 491, 592, 622, 518, 625, 584, 687, 586, 550, 569, 615, 661, 554, 547, 608, 681, 668, 587, 559, 670, 637, 579, 618, 643, 685, 664, 634, 685, 632, 600, 556, 633, 618, 610, 643, 616, 633, 520, 536, 551, 563, 605, 572, 630, 633, 542, 570, 555, 689, 679, 567, 730, 708, 674, 622, 635, 762, 645, 530, 726, 761, 715, 579, 542, 635, 648, 595, 696, 814, 768, 720, 628, 751, 773, 629, 591, 747, 787, 775, 607, 776, 903, 699, 640, 775, 630, 637, 704, 730, 674, 656, 706, 692, 588, 693, 640, 676, 705, 723, 682, 523, 577, 582, 653, 687, 669, 614, 654, 599, 583, 558, 652, 640, 622, 613, 640, 650, 674, 762, 675, 567, 634, 667, 690, 650, 627, 706, 758, 630, 529, 556, 648, 651, 627, 664, 782, 695, 621, 619, 687, 730, 962, 937, 809, 742, 626, 793, 784, 757, 1224, 1384, 1184, 903, 795, 978, 1072, 1015, 952, 1774, 1892, 1029, 783, 1128, 1911, 1697, 672, 1614, 1838, 983, 689, 1069, 1741, 1579, 652, 1589, 1702, 929, 634, 1050, 1516, 1180, 782, 1185, 1107, 743, 677, 854, 1007, 763, 619, 697, 701, 597, 572, 672, 737, 652, 553, 560, 581, 584, 621, 661, 641, 581, 628, 544, 632, 694, 651, 554, 630, 735, 671, 527, 603, 659, 582, 561, 660, 668, 592, 501, 518, 529, 504, 540, 624, 640, 564, 502, 536, 549, 568, 545, 604, 587, 444, 414, 527, 503, 422, 507, 543, 490, 459, 433, 546, 539, 426, 487, 512, 462, 370, 378, 439, 472, 371, 391, 460, 412, 507, 464, 372, 433, 462, 471, 516, 469, 442, 447, 459, 455, 389, 402, 460, 417, 471, 395, 381, 478, 514, 414, 390, 462]"
0.6113805770874023,-0.43625152111053467,-0.07462827861309052,-0.40179452300071716,-0.3900887966156006,0.15818431973457336,-0.5852152109146118,-1.1491963863372803,1.5571117401123047,20.0,-0.8286187648773193,1.3053417205810547,26.75,-0.12866950035095215,0.9060859680175781,24.5,0.2934744358062744,0.7364273071289062,15.5,0.7648279666900635,0.9527206420898438,15.5,"[535, 526, 670, 655, 565, 656, 667, 524, 586, 594, 619, 641, 589, 618, 653, 568, 566, 601, 623, 569, 539, 509, 569, 532, 510, 452, 513, 508, 405, 445, 463, 480, 525, 411, 457, 517, 522, 499, 438, 500, 521, 496, 397, 481, 530, 553, 515, 477, 487, 487, 441, 481, 462, 458, 481, 470, 511, 458, 509, 551, 575, 505, 530, 592, 539, 453, 513, 582, 594, 498, 488, 600, 538, 485, 505, 508, 479, 472, 471, 506, 516, 551, 519, 568, 586, 531, 561, 525, 539, 633, 614, 533, 496, 493, 545, 507, 552, 585, 677, 649, 623, 574, 647, 656, 549, 569, 681, 629, 533, 544, 588, 591, 629, 596, 525, 565, 620, 524, 518, 584, 539, 607, 658, 648, 631, 565, 603, 578, 508, 483, 554, 615, 528, 497, 528, 564, 540, 527, 560, 573, 564, 518, 523, 515, 518, 549, 546, 591, 579, 539, 636, 572, 518, 548, 514, 560, 559, 525, 624, 574, 558, 481, 422, 573, 606, 443, 472, 534, 538, 517, 544, 575, 569, 493, 590, 640, 504, 615, 623, 507, 481, 602, 569, 548, 487, 520, 517, 458, 501, 559, 575, 576, 567, 553, 549, 466, 517, 530, 554, 610, 524, 639, 613, 475, 472, 516, 538, 569, 624, 570, 614, 587, 560, 481, 569, 654, 639, 578, 577, 574, 581, 504, 536, 654, 626, 513, 500, 627, 603, 544, 539, 586, 523, 473, 513, 537, 466, 457, 566, 559, 549, 528, 566, 540, 490, 527, 534, 543, 578, 594, 535, 538, 525, 536, 528, 548, 483, 561, 577, 429, 537, 632, 552, 539, 635, 592, 617, 580, 581, 612, 555, 593, 597, 625, 556, 539, 507, 497, 541, 575, 574, 547, 517, 562, 517, 386, 554, 618, 513, 539, 595, 576, 529, 456, 543, 571, 528, 560, 622, 596, 584, 551, 562, 551, 580, 631, 553, 507, 615, 628, 552, 505, 591, 628, 519, 523, 659, 645, 541, 551, 762, 761, 636, 662, 867, 785, 608, 613, 703, 819, 688, 715, 902, 829, 702, 628, 589, 632, 731, 640, 600, 641, 586, 632, 740, 768, 907, 843, 677, 855, 1235, 1199, 2138, 1802, 2742, 2780, 1804, 2150, 5483, 5474, 4162, 2987, 4859, 4781, 3497, 3395, 10152, 10527, 2540, 5088, 5641, 2371, 1929, 4575, 9535, 8557, 5346, 7433, 10963, 7863, 3326, 6202, 12575, 12452, 6236, 5056, 9289, 8734, 4904, 4433, 10959, 12003, 4830, 4051, 6017, 5240, 3495, 4367, 10583, 10953, 3772, 7364, 9019, 4430, 2100, 6885, 14187, 13003, 2080, 5663, 6800, 3306, 1189, 5226, 10260, 8997, 1072, 2828, 3339, 1772, 838, 2651, 4571, 3897, 1473, 3823, 4291, 2298, 1084, 2586, 3967, 3357, 1608, 5886, 6622, 3349, 1125, 3152, 5490, 4447, 1181, 4249, 4840, 2511, 805, 2148, 3805, 3124, 803, 1621, 1716, 1123, 630, 1000, 1503, 1169, 625, 790, 753, 701, 537, 630, 772, 660, 600, 768, 727, 657, 656, 680, 746, 658, 669, 827, 713, 628, 730, 708, 705, 662, 709, 734, 661, 553, 626, 689, 510, 625, 717, 709, 687, 625, 645, 646, 606, 670, 632, 602, 597, 600, 609, 637, 696, 698, 511, 492, 567, 527, 559, 539, 576, 590, 643, 686, 665, 554, 570, 625, 647, 674, 605, 755, 804, 710, 640, 714, 807, 768, 616, 658, 781, 704, 586, 686, 842, 804, 912, 965, 1363, 1198, 776, 1101, 1137, 1075, 1335, 2474, 3622, 2607, 978, 2039, 2139, 1738, 1357, 3181, 4041, 2805, 920, 1951, 2184, 1674, 980, 1679, 2048, 1599, 856, 974, 1068, 1023, 1041, 1508, 1390, 856, 1103, 1380, 1216, 881, 1336, 2527, 2832, 1680, 1686, 1964, 1851, 1431, 1696, 2146, 2947, 2277, 1840, 2071, 1975, 1670, 1450, 1597, 2184, 1777, 1354, 1483, 1571, 1502, 746, 1384, 1487, 1084, 767, 873, 1320, 1108, 776, 1150, 1066, 984, 718, 769, 1086, 937, 800, 701, 793, 822, 680, 581, 751, 827, 624, 868, 999, 819, 725, 801, 894, 857, 771, 1041, 1148, 947, 740, 870, 942, 871, 755, 880, 936, 856, 690, 780, 774, 747, 782, 839, 826, 850, 740, 706, 784, 818, 594, 687, 785, 754, 646, 597, 656, 653, 574, 706, 776, 679, 587, 685, 657, 574, 632, 677, 826, 806, 647, 611, 702, 699, 692, 733, 769, 758, 651, 591, 613, 688, 707, 710, 715, 688, 618, 542, 554, 608, 743, 647, 673, 701, 635, 621, 611, 677, 790, 701, 603, 660, 615, 590, 557, 711, 681, 671, 662, 619, 619, 656, 632, 620, 595, 632, 593, 605, 582, 541, 597, 578, 623, 613, 665, 678, 624, 630, 678, 695, 671, 648, 683, 624, 524, 591, 596, 594, 709, 755, 708, 673, 593, 672, 643, 595, 591, 580, 687, 761, 598, 581, 700, 675, 647, 495, 579, 654, 603, 599, 636, 647, 566, 616, 563, 497, 518, 545, 542, 542, 553, 609, 544, 558, 586, 586, 575, 552, 670, 546, 633, 711, 633, 632, 706, 758, 614, 579, 649, 696, 529, 514, 699, 716, 678, 609, 629, 613, 531, 542, 672, 709, 561, 527, 529, 568, 609, 576, 647, 685, 677, 606, 553, 667, 785, 515, 611, 810, 741, 628, 694, 592, 684, 619, 704, 905, 628, 534, 651, 650, 615, 700, 808, 763, 546, 550, 637, 674, 618, 732, 735, 608, 638, 560, 601, 650, 680, 750, 665, 647, 743, 728, 687, 689, 746, 703, 645, 736, 670, 639, 590, 636, 707, 624, 661, 680, 744, 805, 867, 734, 646, 835, 861, 736, 890, 1018, 1155, 930, 698, 694, 1124, 1189, 959, 1228, 1372, 1055, 724, 742, 1473, 1585, 640, 953, 1077, 837, 620, 743, 1169, 1112, 590, 906, 920, 762, 734, 707, 1016, 1020, 610, 1046, 1017, 772, 693, 831, 1099, 856, 628, 850, 808, 654, 627, 751, 794, 733, 575, 606, 616, 504, 580, 617, 699, 685, 576, 657, 572, 494, 551, 639, 681, 565, 550, 523, 536, 497, 504, 616, 704, 574, 549, 453, 607, 610, 523, 581, 607, 547, 557, 537, 653, 608, 483, 571, 528, 519, 597, 556, 652, 620, 503, 604, 571, 549, 498, 502, 518, 529, 494, 498, 475, 404, 464, 477, 488, 511, 459, 402, 488, 488, 486, 404, 415, 484, 466, 397, 465, 488, 488, 383, 492, 513, 448, 418, 491, 505, 450, 463, 449, 394, 392, 525, 483, 365, 441, 426, 394, 375, 367, 482, 465, 434]"
0.5682750940322876,-0.4752604067325592,-0.05880984663963318,-0.4603160321712494,-0.3900887966156006,0.15818431973457336,-0.5852152109146118,-1.1425244808197021,1.3270854949951172,24.25,-0.30438780784606934,0.9856224060058594,30.25,-0.15489935874938965,0.7641792297363281,20.5,-0.10683417320251465,0.7355690002441406,-28.25,-0.021718740463256836,0.6282806396484375,-27.75,"[589, 648, 705, 569, 579, 568, 704, 651, 537, 599, 627, 659, 632, 615, 631, 642, 513, 480, 543, 603, 613, 654, 637, 632, 514, 484, 473, 478, 494, 547, 536, 513, 517, 498, 425, 482, 523, 456, 445, 439, 537, 513, 419, 471, 541, 499, 452, 513, 428, 478, 502, 506, 518, 587, 546, 454, 410, 470, 549, 508, 495, 546, 538, 413, 403, 531, 658, 582, 444, 494, 515, 473, 487, 553, 620, 571, 524, 545, 473, 508, 524, 518, 566, 617, 583, 474, 606, 618, 598, 520, 562, 621, 577, 571, 648, 642, 503, 418, 501, 543, 463, 503, 566, 529, 502, 511, 385, 486, 551, 527, 554, 490, 524, 492, 494, 632, 663, 532, 591, 607, 552, 569, 621, 563, 556, 555, 628, 607, 600, 585, 559, 599, 540, 515, 630, 597, 699, 625, 478, 634, 608, 515, 532, 554, 570, 529, 525, 598, 599, 506, 498, 550, 586, 541, 532, 542, 526, 523, 523, 532, 543, 547, 589, 562, 619, 650, 583, 581, 512, 562, 647, 576, 558, 555, 588, 623, 507, 522, 571, 573, 490, 612, 650, 600, 478, 532, 530, 563, 566, 598, 578, 472, 522, 527, 491, 482, 549, 558, 492, 497, 620, 551, 516, 497, 560, 541, 572, 647, 619, 540, 533, 629, 622, 516, 595, 646, 613, 584, 525, 545, 524, 546, 541, 557, 585, 492, 448, 513, 529, 505, 574, 617, 541, 529, 463, 518, 473, 521, 512, 462, 662, 619, 459, 505, 591, 564, 433, 494, 602, 562, 493, 590, 612, 507, 409, 525, 527, 500, 536, 623, 504, 432, 441, 468, 602, 494, 557, 621, 560, 553, 589, 632, 488, 504, 459, 501, 520, 564, 638, 587, 469, 545, 528, 493, 506, 559, 626, 566, 532, 608, 630, 609, 561, 588, 650, 615, 537, 646, 641, 525, 501, 567, 617, 545, 606, 597, 544, 593, 586, 542, 656, 643, 579, 640, 617, 669, 627, 525, 639, 665, 551, 647, 683, 627, 640, 670, 639, 619, 548, 566, 630, 617, 580, 642, 627, 552, 1126, 915, 1309, 1350, 893, 1059, 2005, 2059, 2653, 2299, 3589, 3363, 2068, 2517, 6030, 6072, 7424, 8994, 12783, 8140, 4649, 8968, 19638, 19020, 15838, 18341, 28131, 18423, 9166, 17191, 39409, 39591, 14969, 15599, 26319, 18939, 8987, 14175, 34929, 36344, 5088, 5296, 9720, 8256, 3827, 5223, 12588, 12813, 1932, 1989, 2670, 2663, 1681, 2307, 4401, 4187, 2024, 2693, 3636, 2101, 1358, 2487, 5371, 5334, 1694, 2755, 3600, 2181, 1101, 2485, 5219, 4947, 1945, 3313, 3573, 1853, 1193, 2008, 3938, 3553, 2210, 5010, 4973, 2342, 1324, 2647, 4400, 3427, 1865, 5013, 5041, 2380, 1132, 2493, 4035, 2943, 1391, 3675, 3745, 1844, 975, 1763, 2788, 2062, 1049, 2021, 1994, 1159, 799, 1183, 1667, 1327, 658, 902, 1027, 729, 576, 700, 956, 882, 624, 553, 666, 670, 574, 599, 630, 641, 564, 615, 630, 652, 660, 644, 683, 630, 640, 662, 703, 718, 670, 752, 689, 617, 655, 659, 701, 655, 674, 677, 609, 691, 918, 881, 650, 581, 844, 807, 673, 796, 1068, 922, 673, 724, 908, 744, 792, 1027, 992, 866, 779, 882, 942, 730, 892, 1069, 787, 668, 661, 862, 882, 636, 863, 954, 682, 777, 873, 973, 835, 741, 823, 738, 1241, 1052, 1620, 1770, 1107, 1238, 1299, 1123, 2408, 2410, 4190, 3741, 1626, 2825, 2516, 2393, 2755, 3188, 4908, 3870, 1540, 3431, 2870, 2559, 2044, 2169, 3025, 2278, 1097, 2304, 1778, 1610, 1597, 1983, 2468, 2107, 1273, 1696, 1299, 1341, 2474, 4292, 4331, 2989, 2086, 2545, 2144, 1848, 2656, 4804, 4561, 2728, 1954, 2489, 2256, 1599, 1502, 2718, 2481, 1516, 1194, 1404, 1582, 1257, 1206, 2324, 2111, 1021, 1043, 1331, 1813, 1274, 1044, 1718, 1579, 975, 953, 1231, 1618, 1219, 877, 1129, 1069, 913, 692, 963, 1099, 884, 757, 908, 1055, 1014, 910, 976, 1027, 929, 716, 930, 918, 950, 992, 1131, 1213, 997, 892, 1005, 814, 766, 850, 1086, 1246, 1025, 1120, 897, 932, 1028, 917, 938, 982, 1116, 1352, 935, 1104, 1292, 1062, 977, 922, 1183, 1241, 894, 1109, 1184, 1008, 826, 846, 1169, 914, 900, 913, 790, 789, 772, 669, 808, 683, 692, 639, 671, 703, 653, 554, 550, 688, 666, 720, 760, 723, 695, 661, 639, 676, 682, 674, 633, 636, 718, 716, 673, 603, 660, 713, 708, 683, 778, 802, 720, 628, 707, 688, 684, 694, 718, 728, 710, 736, 663, 746, 800, 652, 652, 771, 804, 737, 711, 750, 661, 536, 592, 669, 734, 681, 699, 681, 621, 592, 583, 633, 701, 543, 449, 536, 655, 592, 488, 547, 627, 587, 636, 652, 644, 667, 663, 644, 571, 595, 604, 594, 647, 703, 621, 678, 761, 628, 681, 689, 669, 659, 587, 703, 794, 594, 623, 574, 586, 546, 520, 517, 593, 550, 573, 565, 560, 569, 645, 634, 564, 590, 601, 618, 552, 560, 605, 677, 645, 732, 672, 546, 559, 641, 616, 546, 623, 594, 639, 642, 571, 585, 682, 715, 603, 630, 734, 783, 728, 617, 759, 879, 722, 745, 821, 840, 772, 685, 764, 916, 860, 707, 756, 824, 720, 667, 689, 767, 816, 614, 609, 680, 688, 593, 614, 776, 788, 774, 588, 608, 676, 622, 600, 691, 840, 630, 512, 616, 656, 619, 559, 741, 865, 645, 605, 680, 703, 585, 678, 748, 695, 866, 721, 690, 722, 622, 675, 776, 775, 1016, 664, 904, 871, 727, 792, 926, 1100, 953, 856, 1237, 1040, 731, 836, 1224, 1390, 717, 843, 1108, 918, 642, 759, 1221, 1294, 603, 725, 797, 622, 552, 745, 975, 852, 682, 758, 786, 715, 647, 741, 895, 792, 692, 752, 811, 646, 596, 715, 887, 887, 709, 747, 847, 696, 520, 793, 908, 833, 624, 682, 760, 621, 589, 831, 832, 660, 602, 589, 695, 666, 487, 687, 793, 649, 627, 442, 620, 707, 502, 501, 577, 654, 574, 487, 694, 655, 510, 578, 601, 650, 505, 475, 533, 577, 533, 498, 561, 544, 524, 489, 534, 537, 451, 499, 597, 568, 376, 453, 509, 506, 416, 444, 573, 497, 412, 465, 530, 466, 461, 512, 602, 549, 474, 415, 425, 477, 497, 476, 455, 495, 468, 437, 442, 391, 389, 441, 511, 517, 491, 457, 466, 482, 438, 453, 435, 446, 471, 465, 433, 483, 434, 428, 393, 434]"
0.617482602596283,-0.592339038848877,-0.21154311299324036,-0.27969586849212646,-0.524512529373169,-0.10254260897636414,-0.3037935793399811,-1.0807971954345703,1.2273788452148438,18.0,-0.20847129821777344,0.8198261260986328,15.25,-0.13880538940429688,0.8090972900390625,24.5,-0.09646224975585938,0.80108642578125,25.25,0.3345508575439453,0.45990943908691406,20.0,"[652, 697, 701, 545, 457, 551, 703, 692, 529, 688, 689, 543, 561, 652, 672, 607, 508, 596, 565, 483, 568, 542, 516, 443, 535, 614, 529, 470, 539, 535, 513, 530, 478, 468, 567, 597, 483, 423, 493, 587, 487, 535, 573, 588, 539, 570, 535, 493, 557, 544, 488, 478, 493, 464, 531, 558, 543, 518, 548, 512, 534, 562, 557, 547, 505, 498, 456, 502, 482, 517, 546, 537, 535, 533, 456, 543, 591, 510, 516, 531, 501, 531, 528, 472, 558, 548, 463, 509, 465, 447, 495, 464, 432, 496, 529, 536, 532, 551, 548, 554, 473, 594, 643, 544, 614, 651, 587, 565, 604, 656, 562, 589, 513, 517, 515, 577, 644, 630, 554, 476, 629, 635, 558, 636, 665, 646, 578, 510, 557, 640, 569, 531, 576, 593, 621, 518, 635, 650, 488, 573, 540, 563, 592, 522, 600, 624, 509, 545, 538, 547, 547, 515, 536, 556, 520, 560, 520, 505, 491, 463, 565, 584, 602, 645, 668, 611, 520, 579, 501, 515, 491, 544, 586, 562, 640, 580, 476, 530, 570, 568, 559, 512, 563, 586, 566, 623, 620, 589, 642, 607, 558, 577, 516, 572, 562, 521, 482, 500, 556, 549, 535, 604, 635, 552, 501, 499, 586, 533, 557, 519, 583, 542, 571, 537, 492, 557, 620, 526, 516, 538, 635, 637, 530, 570, 490, 490, 487, 517, 541, 571, 548, 510, 537, 581, 557, 546, 583, 614, 548, 533, 457, 579, 585, 500, 524, 605, 615, 525, 540, 541, 586, 490, 551, 642, 586, 551, 536, 616, 585, 552, 599, 565, 638, 596, 547, 533, 548, 592, 547, 560, 696, 646, 553, 490, 508, 562, 545, 578, 606, 583, 598, 607, 520, 551, 538, 530, 531, 519, 615, 532, 588, 696, 696, 545, 565, 655, 558, 646, 652, 719, 780, 690, 676, 635, 547, 529, 542, 618, 643, 559, 571, 609, 523, 775, 810, 720, 511, 809, 1090, 898, 1843, 1663, 2825, 2759, 1727, 1684, 4381, 4462, 3478, 1903, 3881, 4635, 3271, 2109, 6230, 6911, 2670, 3433, 4968, 4296, 2588, 2977, 5580, 5543, 2898, 6430, 8983, 5477, 1805, 5412, 11072, 10293, 3769, 5377, 8482, 5737, 2398, 4449, 10876, 10914, 3034, 2247, 4308, 3331, 2124, 1835, 5818, 6586, 1520, 1505, 2190, 1651, 1218, 1473, 3101, 3233, 784, 1055, 1300, 1006, 752, 1115, 2008, 1876, 1357, 2245, 2596, 1705, 1040, 1618, 3015, 2805, 3690, 8045, 8937, 4866, 2111, 4376, 8104, 7096, 5019, 14770, 16835, 8841, 2735, 7438, 14011, 11891, 3275, 12162, 13738, 6963, 1908, 6111, 11311, 9185, 1187, 4444, 4667, 2161, 897, 2437, 4173, 3170, 813, 1333, 1549, 1012, 676, 1006, 1575, 1387, 851, 1190, 1143, 875, 667, 752, 1106, 987, 703, 952, 890, 751, 621, 692, 812, 727, 632, 734, 659, 609, 545, 609, 663, 631, 583, 762, 733, 553, 599, 699, 696, 601, 528, 746, 730, 530, 555, 650, 678, 582, 588, 619, 643, 612, 563, 654, 710, 584, 694, 577, 720, 857, 869, 740, 809, 837, 880, 646, 937, 1057, 825, 649, 1021, 1085, 818, 780, 821, 757, 685, 758, 919, 873, 716, 813, 785, 705, 648, 760, 713, 539, 958, 1065, 1047, 1057, 962, 981, 888, 719, 3405, 3661, 2592, 2268, 1794, 2865, 2880, 1747, 5297, 6322, 4533, 2770, 2196, 4104, 4233, 2419, 3698, 5059, 4166, 2251, 1445, 2819, 3108, 1898, 1956, 3256, 2882, 1572, 1122, 1813, 1759, 1151, 1750, 2718, 2524, 1544, 933, 1543, 1599, 1005, 1545, 2620, 2588, 1318, 993, 1471, 1344, 849, 2056, 3145, 2673, 1239, 1251, 1617, 1637, 1118, 1364, 2361, 2121, 951, 1040, 1269, 1680, 1239, 1029, 2034, 1968, 969, 822, 1168, 1673, 1364, 965, 1618, 1620, 1003, 871, 1077, 1256, 1086, 874, 1278, 1237, 818, 802, 962, 969, 887, 758, 1106, 1129, 819, 866, 810, 744, 790, 878, 1469, 1542, 1030, 1089, 978, 1196, 1052, 860, 1212, 1193, 857, 986, 959, 1183, 1161, 747, 1110, 995, 758, 837, 853, 1041, 928, 717, 864, 862, 682, 673, 719, 772, 710, 783, 733, 720, 814, 708, 707, 809, 745, 904, 707, 691, 986, 752, 721, 844, 779, 862, 694, 707, 856, 675, 729, 839, 831, 840, 790, 901, 786, 703, 852, 1000, 1023, 700, 747, 954, 816, 727, 826, 1075, 1089, 657, 863, 916, 789, 682, 767, 955, 830, 511, 674, 716, 681, 679, 618, 635, 572, 576, 613, 684, 643, 651, 673, 604, 605, 599, 668, 641, 614, 568, 675, 825, 735, 594, 628, 618, 480, 473, 597, 673, 667, 638, 617, 557, 541, 558, 522, 565, 592, 670, 664, 544, 541, 548, 591, 575, 542, 648, 574, 593, 627, 581, 575, 706, 740, 563, 560, 607, 618, 621, 605, 682, 670, 618, 572, 613, 657, 655, 638, 680, 721, 686, 652, 688, 621, 608, 674, 775, 787, 753, 638, 740, 686, 631, 662, 828, 908, 580, 555, 682, 652, 573, 602, 773, 764, 492, 613, 672, 615, 598, 647, 688, 556, 591, 706, 666, 580, 580, 655, 674, 600, 527, 635, 754, 710, 652, 717, 726, 617, 513, 617, 722, 681, 726, 683, 650, 643, 616, 656, 720, 645, 638, 581, 693, 745, 676, 756, 757, 606, 601, 633, 659, 739, 544, 834, 825, 564, 557, 739, 711, 562, 610, 679, 834, 695, 490, 731, 859, 786, 811, 1035, 1082, 817, 686, 848, 1158, 1125, 831, 1379, 1383, 868, 775, 1011, 1425, 1200, 793, 1138, 1030, 758, 725, 839, 971, 854, 697, 687, 637, 610, 626, 663, 741, 716, 628, 654, 703, 658, 617, 732, 918, 871, 659, 672, 800, 749, 625, 701, 877, 831, 721, 680, 703, 739, 637, 671, 790, 821, 673, 607, 658, 602, 628, 712, 800, 840, 780, 652, 669, 605, 685, 775, 774, 849, 807, 635, 595, 576, 577, 730, 773, 850, 714, 740, 690, 621, 581, 694, 728, 717, 560, 614, 604, 588, 654, 685, 693, 613, 437, 539, 532, 482, 508, 511, 676, 614, 500, 497, 461, 464, 514, 410, 461, 542, 596, 504, 444, 540, 467, 429, 528, 587, 517, 505, 534, 444, 426, 441, 461, 536, 547, 434, 464, 499, 497, 499, 430, 444, 413, 378, 439, 440, 380, 379, 396, 432, 554, 458, 470, 441, 411, 453, 453, 464, 549, 574, 615, 507, 441, 540, 581, 506, 521, 566, 547, 424, 397, 458, 496, 469]"
0.5979726314544678,-0.676609456539154,-0.3815026879310608,-0.30873993039131165,-0.632733166217804,-0.39104393124580383,-0.3516812324523926,-0.6953142881393433,1.0511398315429688,19.0,-0.455560564994812,1.8170356750488281,18.5,-0.354852557182312,0.8823394775390625,24.25,0.15355122089385986,0.9070873260498047,17.25,0.1930333375930786,0.9192466735839844,16.25,"[447, 515, 530, 486, 553, 483, 531, 515, 559, 711, 603, 558, 626, 573, 611, 497, 546, 575, 563, 577, 583, 486, 533, 547, 481, 477, 588, 569, 472, 518, 523, 551, 509, 430, 493, 567, 476, 459, 510, 530, 484, 477, 502, 560, 495, 500, 537, 491, 528, 536, 561, 498, 539, 580, 592, 551, 560, 588, 587, 588, 567, 515, 570, 579, 565, 504, 499, 521, 533, 510, 495, 574, 626, 525, 539, 545, 590, 565, 509, 542, 529, 480, 518, 494, 565, 519, 466, 575, 479, 537, 546, 474, 519, 594, 615, 542, 520, 570, 502, 454, 502, 560, 541, 430, 618, 671, 575, 526, 586, 664, 540, 525, 653, 621, 615, 585, 632, 574, 581, 640, 621, 564, 504, 518, 609, 567, 517, 591, 513, 436, 492, 552, 490, 477, 528, 568, 465, 438, 491, 573, 606, 552, 532, 530, 567, 468, 534, 593, 565, 473, 489, 636, 603, 521, 495, 618, 630, 571, 604, 633, 528, 557, 558, 544, 552, 530, 588, 543, 568, 523, 573, 630, 664, 623, 648, 657, 711, 623, 617, 583, 717, 704, 606, 733, 626, 626, 592, 471, 583, 614, 568, 634, 489, 573, 555, 425, 499, 560, 513, 471, 483, 612, 558, 504, 554, 503, 542, 531, 554, 532, 449, 465, 497, 553, 603, 546, 487, 530, 537, 453, 440, 533, 598, 525, 523, 439, 493, 529, 487, 495, 450, 457, 517, 493, 497, 511, 525, 488, 559, 563, 594, 543, 541, 545, 535, 564, 646, 664, 661, 605, 542, 605, 525, 553, 604, 638, 548, 523, 512, 524, 534, 539, 542, 545, 527, 572, 556, 539, 492, 512, 562, 540, 559, 612, 619, 570, 602, 588, 596, 565, 547, 611, 609, 536, 614, 619, 587, 538, 543, 726, 788, 762, 683, 906, 1186, 1020, 1754, 2165, 3161, 2425, 1312, 2369, 5032, 4819, 3169, 3790, 5982, 4661, 2231, 4015, 9184, 8895, 2849, 3186, 5124, 4115, 1923, 3330, 7293, 7113, 3663, 4387, 6507, 4998, 2463, 3826, 7646, 7648, 4509, 6870, 10649, 7559, 2950, 5813, 12510, 12290, 2962, 5110, 7843, 5218, 1827, 4242, 9504, 9293, 1338, 2133, 3017, 1976, 920, 1996, 3989, 3864, 1441, 1681, 2626, 1829, 943, 1335, 3003, 3254, 1245, 2561, 3455, 2277, 919, 1819, 3530, 3369, 2041, 2962, 3091, 2131, 1234, 2197, 3040, 2621, 2882, 3176, 3754, 2882, 1608, 2548, 3300, 3451, 2404, 4535, 5535, 3358, 1580, 3048, 4674, 4526, 1936, 5994, 6838, 3624, 1427, 3512, 6173, 5326, 1661, 5155, 5640, 2851, 1127, 3053, 5292, 4325, 1364, 3691, 3905, 2099, 867, 2290, 3800, 2985, 886, 1986, 2017, 1082, 696, 1501, 2074, 1606, 671, 1070, 1112, 789, 700, 1012, 1122, 896, 731, 912, 1042, 839, 711, 960, 986, 833, 782, 847, 814, 687, 697, 965, 941, 701, 866, 885, 710, 685, 734, 860, 870, 697, 788, 916, 894, 693, 659, 891, 935, 763, 714, 963, 951, 718, 701, 738, 813, 800, 695, 738, 726, 826, 810, 710, 739, 625, 715, 700, 715, 921, 914, 708, 768, 749, 640, 699, 814, 789, 744, 646, 728, 692, 1034, 1300, 1108, 768, 813, 970, 760, 704, 2173, 2344, 2154, 1587, 1521, 2142, 1664, 1397, 3720, 5435, 6441, 4103, 2923, 4809, 3653, 2856, 5281, 9063, 9719, 5108, 3848, 6484, 4684, 3290, 4476, 6674, 6972, 3545, 3054, 5034, 3487, 2425, 3640, 4185, 4143, 2769, 2472, 3526, 2549, 2085, 3191, 3576, 3480, 2356, 2206, 2292, 2206, 1752, 2085, 2961, 2728, 1557, 1621, 1591, 1636, 1246, 2286, 3842, 3049, 1155, 1487, 1617, 1946, 1126, 2416, 3903, 3026, 1046, 1569, 1703, 1736, 1032, 1913, 2749, 1912, 866, 1441, 1362, 1231, 780, 1289, 1584, 1210, 855, 970, 1029, 1009, 787, 956, 1143, 930, 744, 721, 1058, 1095, 753, 986, 1044, 926, 776, 818, 1064, 1047, 892, 874, 967, 940, 905, 952, 894, 934, 982, 892, 1039, 1174, 1089, 848, 793, 981, 996, 874, 848, 1036, 1028, 769, 683, 899, 1004, 790, 854, 996, 898, 790, 838, 907, 892, 794, 820, 946, 889, 758, 791, 917, 909, 792, 722, 858, 962, 832, 763, 839, 892, 748, 719, 738, 858, 848, 741, 740, 701, 751, 785, 791, 729, 780, 783, 754, 746, 798, 740, 673, 697, 720, 656, 727, 713, 750, 777, 709, 647, 601, 664, 795, 774, 691, 685, 727, 705, 628, 693, 767, 709, 712, 737, 632, 584, 667, 729, 688, 680, 639, 709, 685, 614, 643, 617, 655, 701, 631, 746, 660, 667, 644, 640, 700, 636, 667, 658, 635, 644, 652, 712, 690, 658, 631, 675, 679, 666, 672, 661, 694, 647, 523, 647, 672, 630, 573, 550, 603, 547, 588, 627, 577, 573, 545, 626, 664, 588, 673, 559, 715, 723, 691, 592, 628, 769, 671, 707, 818, 735, 600, 593, 906, 918, 623, 800, 790, 627, 626, 736, 889, 805, 633, 775, 717, 571, 610, 786, 781, 659, 707, 706, 680, 631, 708, 720, 703, 663, 604, 636, 655, 612, 589, 595, 632, 603, 565, 579, 666, 608, 564, 717, 708, 604, 604, 630, 529, 569, 668, 664, 682, 597, 666, 610, 555, 558, 578, 586, 700, 742, 627, 600, 632, 643, 530, 558, 786, 830, 537, 632, 540, 543, 621, 685, 669, 593, 976, 977, 958, 888, 758, 921, 1186, 1185, 1108, 1185, 1304, 1143, 826, 1045, 1511, 1448, 926, 1184, 1216, 1035, 789, 1043, 1403, 1205, 784, 990, 983, 764, 750, 916, 1064, 944, 760, 725, 768, 701, 747, 773, 925, 962, 742, 717, 707, 756, 821, 722, 878, 981, 681, 731, 753, 784, 779, 780, 965, 880, 655, 704, 868, 852, 667, 712, 834, 764, 599, 674, 788, 740, 635, 619, 722, 738, 671, 777, 820, 699, 669, 682, 767, 743, 757, 789, 967, 878, 648, 697, 876, 862, 673, 658, 761, 752, 632, 722, 866, 732, 639, 516, 608, 613, 505, 679, 727, 724, 593, 527, 499, 470, 498, 602, 661, 633, 549, 507, 563, 544, 483, 531, 601, 572, 609, 581, 558, 597, 515, 617, 633, 542, 580, 559, 545, 626, 484, 585, 662, 588, 579, 513, 567, 537, 495, 547, 532, 531, 616, 679, 617, 546, 443, 643, 683, 549, 460, 504, 558, 492, 461, 581, 615, 475, 453, 486, 506, 443, 447, 510, 617, 577, 420, 376, 419, 437, 369, 387, 489, 511, 386, 389, 406, 356, 337, 456, 452, 376]"
0.5382372140884399,-0.783120334148407,-0.5487003922462463,-0.43461719155311584,-0.7627795934677124,-0.6444958448410034,-0.517878532409668,-0.23976880311965942,0.7083892822265625,15.5,-0.044647037982940674,0.4241466522216797,15.75,-0.027910053730010986,0.4337310791015625,22.75,0.010284602642059326,0.437164306640625,22.25,0.05191248655319214,-0.7564544677734375,23.25,"[529, 588, 649, 612, 478, 609, 649, 591, 542, 586, 632, 641, 553, 533, 631, 596, 626, 651, 591, 592, 527, 549, 558, 584, 524, 609, 594, 527, 460, 537, 586, 519, 473, 558, 546, 495, 532, 545, 546, 493, 529, 477, 539, 567, 510, 554, 576, 556, 545, 449, 447, 563, 518, 455, 461, 549, 540, 473, 532, 581, 563, 447, 446, 563, 485, 483, 510, 533, 511, 536, 482, 483, 468, 508, 608, 574, 492, 533, 576, 600, 529, 525, 520, 560, 552, 475, 552, 578, 533, 461, 571, 530, 471, 479, 536, 582, 592, 493, 566, 576, 534, 594, 547, 618, 602, 525, 546, 669, 599, 563, 546, 550, 546, 560, 610, 628, 685, 546, 541, 590, 501, 575, 673, 699, 723, 599, 490, 488, 512, 464, 487, 557, 558, 500, 490, 502, 529, 443, 561, 547, 497, 471, 549, 615, 572, 476, 556, 553, 521, 564, 499, 560, 524, 477, 510, 580, 506, 468, 534, 526, 519, 532, 517, 580, 543, 460, 519, 488, 550, 620, 585, 655, 641, 547, 600, 555, 616, 564, 546, 559, 590, 528, 593, 612, 552, 530, 595, 573, 509, 564, 581, 560, 498, 501, 547, 546, 608, 570, 475, 457, 563, 580, 589, 560, 486, 549, 583, 474, 488, 650, 645, 586, 468, 509, 531, 494, 550, 561, 633, 619, 601, 553, 483, 519, 564, 549, 572, 585, 570, 535, 525, 617, 653, 604, 695, 678, 579, 587, 630, 693, 581, 630, 707, 685, 592, 582, 628, 571, 596, 633, 650, 634, 593, 606, 566, 580, 665, 743, 763, 659, 578, 631, 863, 868, 890, 1156, 1341, 1057, 877, 1222, 2117, 1930, 1424, 1602, 1921, 1471, 1175, 1714, 3295, 3115, 1333, 1090, 1456, 1589, 1244, 1170, 2411, 2476, 1783, 1054, 1990, 1771, 1253, 1300, 2969, 3333, 3825, 2728, 5637, 4102, 2227, 2276, 7067, 8151, 4139, 3994, 7236, 4977, 2405, 3435, 9325, 10067, 2245, 2988, 4394, 2868, 1316, 2572, 5972, 5972, 1147, 2247, 2658, 1684, 799, 1869, 3594, 3186, 894, 2095, 2468, 1574, 690, 1631, 2848, 2466, 902, 1943, 2263, 1449, 723, 1559, 2525, 2151, 941, 2102, 2266, 1400, 905, 1520, 2215, 1873, 2585, 5044, 4632, 1912, 1724, 2247, 2262, 1666, 8362, 14538, 11577, 3193, 4253, 5200, 6922, 2877, 14217, 24137, 18891, 5436, 6809, 9125, 13186, 6113, 12182, 23663, 20374, 7280, 5785, 9935, 15471, 9158, 7323, 15620, 14373, 5798, 3441, 7322, 11594, 7478, 3354, 7409, 6862, 2858, 1789, 3606, 5706, 3776, 1399, 2772, 2545, 1234, 926, 1791, 2467, 1651, 913, 1445, 1307, 828, 898, 1241, 1450, 1023, 752, 1204, 1202, 837, 750, 1087, 1299, 887, 762, 931, 890, 678, 573, 798, 860, 718, 666, 802, 782, 543, 523, 722, 704, 586, 704, 990, 860, 566, 717, 784, 705, 549, 988, 1342, 1036, 598, 721, 831, 832, 660, 1494, 1771, 1257, 779, 1065, 1103, 855, 807, 2209, 2544, 1457, 1199, 1772, 1403, 1050, 1042, 2902, 3436, 1832, 1193, 1989, 1485, 1198, 1095, 2880, 3409, 1951, 1163, 2123, 1691, 1025, 1085, 3673, 4515, 4120, 2974, 3083, 3209, 2323, 2187, 5029, 5139, 5683, 4738, 4321, 5264, 3643, 3459, 4419, 4043, 3739, 3589, 3586, 4229, 2534, 3052, 4196, 4231, 3812, 3156, 3085, 3482, 2475, 2738, 2806, 2834, 2618, 2125, 2118, 2362, 1697, 1958, 1942, 1790, 1335, 1140, 1429, 1530, 1157, 1375, 1464, 1421, 1035, 905, 1082, 1133, 799, 958, 1037, 1316, 1197, 866, 831, 963, 850, 800, 829, 1202, 1145, 790, 741, 918, 892, 753, 997, 1402, 1232, 742, 757, 1055, 1017, 783, 1343, 2052, 1618, 770, 957, 1186, 1313, 833, 1305, 2145, 1839, 844, 894, 1153, 1265, 913, 1009, 1560, 1444, 884, 766, 887, 920, 828, 983, 1166, 1137, 853, 853, 974, 831, 724, 962, 1061, 957, 941, 951, 942, 866, 801, 877, 1067, 958, 853, 854, 720, 777, 756, 800, 901, 975, 872, 793, 753, 691, 611, 688, 881, 969, 779, 669, 727, 771, 742, 702, 749, 855, 831, 686, 664, 830, 789, 671, 646, 688, 801, 733, 550, 744, 799, 627, 655, 686, 703, 651, 541, 709, 744, 692, 763, 659, 678, 788, 609, 705, 779, 832, 826, 660, 668, 885, 705, 626, 785, 716, 681, 612, 644, 710, 649, 524, 544, 711, 683, 646, 636, 669, 711, 676, 646, 661, 688, 640, 596, 590, 658, 736, 753, 760, 782, 823, 756, 615, 590, 850, 922, 788, 933, 950, 799, 781, 700, 874, 850, 764, 788, 761, 848, 803, 752, 875, 857, 728, 657, 685, 849, 737, 647, 797, 783, 643, 695, 656, 652, 623, 555, 731, 702, 542, 629, 592, 545, 582, 602, 559, 555, 611, 608, 648, 604, 623, 659, 589, 491, 634, 860, 858, 644, 597, 665, 678, 616, 698, 835, 870, 737, 708, 652, 727, 743, 735, 708, 710, 626, 671, 687, 665, 698, 729, 678, 601, 571, 652, 712, 638, 758, 658, 612, 590, 625, 630, 661, 663, 718, 636, 588, 610, 600, 543, 583, 572, 589, 591, 608, 712, 688, 533, 566, 672, 677, 609, 736, 754, 648, 569, 641, 621, 591, 857, 1236, 1450, 924, 641, 923, 1450, 1376, 1360, 2263, 2635, 1506, 1011, 1466, 2854, 2685, 1186, 2078, 2390, 1533, 983, 1383, 2576, 2385, 1009, 1089, 1464, 1328, 855, 992, 1767, 1796, 821, 751, 852, 913, 832, 792, 1137, 1193, 854, 863, 769, 705, 819, 879, 1010, 974, 791, 753, 774, 712, 809, 867, 969, 993, 971, 1156, 1115, 893, 896, 935, 1245, 1141, 1380, 1490, 1268, 744, 810, 1037, 1203, 1242, 1151, 1106, 1000, 662, 738, 896, 1073, 1133, 782, 640, 688, 717, 622, 670, 963, 939, 665, 774, 776, 625, 572, 719, 779, 722, 843, 851, 862, 752, 714, 777, 872, 788, 1140, 1112, 1006, 869, 749, 832, 1103, 1052, 896, 929, 926, 783, 758, 780, 878, 856, 691, 641, 609, 661, 643, 601, 653, 675, 644, 544, 588, 609, 597, 568, 628, 634, 816, 647, 740, 828, 824, 665, 733, 948, 788, 667, 854, 1007, 772, 529, 986, 1052, 674, 659, 802, 789, 572, 566, 920, 918, 579, 667, 660, 554, 559, 572, 589, 609, 618, 630, 611, 581, 587, 523, 469, 565, 491, 442, 453, 430, 444, 486, 529, 523, 477, 402, 476, 452, 432, 447, 559, 595, 441, 497, 505, 381, 396, 482, 511, 475, 511, 541, 511, 461, 438, 509, 568, 581]"
0.4904133677482605,-1.045053482055664,-0.7733734846115112,-0.515612006187439,-1.093885064125061,-0.9539549350738525,-0.6155389547348022,-0.18247175216674805,0.5417346954345703,28.75,-0.1738886833190918,0.5292892456054688,-28.75,-0.13798284530639648,0.48766136169433594,27.25,-0.1212458610534668,0.45990943908691406,-28.75,0.06929826736450195,0.14104843139648438,23.0,"[635, 604, 495, 559, 705, 563, 494, 609, 569, 572, 500, 570, 658, 635, 579, 557, 570, 580, 521, 562, 591, 568, 618, 584, 543, 573, 460, 510, 524, 524, 504, 466, 521, 485, 452, 548, 531, 487, 477, 463, 567, 496, 546, 577, 577, 584, 493, 517, 526, 492, 492, 455, 507, 568, 476, 441, 568, 555, 568, 528, 563, 561, 545, 577, 450, 505, 600, 524, 486, 546, 543, 561, 451, 510, 616, 587, 569, 567, 533, 566, 440, 575, 622, 624, 580, 518, 570, 525, 551, 579, 554, 542, 508, 501, 505, 479, 588, 586, 472, 474, 546, 514, 442, 442, 576, 701, 660, 586, 595, 576, 513, 529, 583, 524, 506, 592, 497, 507, 597, 557, 538, 568, 607, 599, 501, 526, 589, 564, 546, 612, 596, 536, 530, 476, 511, 495, 592, 646, 661, 545, 491, 503, 605, 612, 478, 464, 618, 660, 500, 516, 661, 568, 522, 546, 521, 465, 467, 505, 593, 591, 501, 649, 660, 524, 554, 577, 534, 514, 427, 567, 595, 536, 511, 480, 505, 481, 493, 467, 450, 463, 561, 487, 482, 566, 550, 549, 517, 588, 598, 524, 525, 629, 459, 491, 654, 663, 554, 452, 595, 618, 566, 593, 654, 666, 534, 435, 554, 622, 980, 1285, 1300, 855, 643, 1149, 1665, 1439, 4015, 8250, 9620, 5081, 2034, 7243, 12999, 11191, 7719, 18972, 24193, 13220, 4071, 16386, 32229, 28688, 7264, 18104, 24377, 13961, 4089, 15450, 32239, 29450, 4879, 7625, 11233, 7330, 2970, 6870, 15422, 14948, 3634, 5179, 5989, 4069, 2291, 5177, 9577, 8477, 4636, 4722, 6471, 4861, 2488, 3505, 6646, 7304, 8069, 16030, 20617, 12332, 3873, 9569, 20186, 19379, 7832, 20780, 25044, 13555, 3531, 13176, 25927, 22915, 4113, 11666, 12964, 6430, 1882, 7956, 14312, 11649, 1548, 3662, 3511, 1716, 1007, 2905, 4435, 3358, 983, 1483, 1317, 911, 844, 1418, 1787, 1300, 957, 892, 1033, 937, 731, 570, 781, 1023, 981, 1386, 1315, 865, 679, 864, 923, 908, 1122, 1953, 1741, 933, 889, 1202, 1381, 925, 1139, 1728, 1528, 842, 891, 1040, 1128, 773, 4471, 7396, 5560, 1422, 2280, 3156, 4121, 1520, 13846, 24784, 19630, 5199, 6849, 9868, 14326, 6204, 19252, 37330, 31106, 9258, 9454, 14629, 22736, 11509, 15275, 33346, 29394, 9489, 7709, 13280, 21630, 12131, 8696, 19550, 17277, 5395, 4430, 7742, 12509, 6834, 3151, 6418, 5452, 1646, 1644, 2399, 3756, 2019, 1175, 1629, 1440, 854, 789, 912, 1100, 964, 965, 1123, 1119, 1021, 737, 775, 852, 997, 1133, 1439, 1279, 1006, 925, 903, 695, 851, 1237, 1856, 1645, 949, 1176, 1252, 953, 793, 1165, 1817, 1527, 790, 1256, 1358, 1003, 730, 971, 1352, 1224, 780, 893, 1067, 987, 732, 935, 1103, 1001, 744, 675, 843, 810, 649, 1066, 1164, 938, 762, 840, 859, 754, 604, 1371, 1697, 1216, 880, 1247, 1219, 985, 813, 3431, 2828, 2175, 2131, 2543, 2416, 1427, 2602, 8686, 6807, 5201, 4892, 5633, 5645, 2959, 6329, 9541, 8357, 6816, 5593, 6044, 6509, 3706, 6596, 5876, 5633, 5409, 3805, 3666, 4526, 3078, 4081, 2824, 3520, 3862, 2664, 2220, 2912, 2540, 2662, 1312, 1953, 2353, 1647, 1400, 1876, 1795, 1675, 1224, 1460, 1494, 1136, 1031, 1368, 1310, 1114, 1515, 1871, 1519, 944, 905, 1166, 1195, 955, 1608, 2109, 1766, 969, 1167, 1503, 1560, 1080, 1263, 1745, 1435, 837, 1123, 1507, 1578, 969, 1006, 1247, 979, 673, 854, 1121, 1194, 982, 892, 999, 829, 626, 718, 793, 947, 874, 750, 989, 1014, 695, 664, 808, 822, 701, 1083, 1492, 1339, 778, 759, 883, 934, 739, 1190, 1978, 1673, 742, 875, 1039, 1251, 767, 1250, 1893, 1487, 700, 945, 1119, 1241, 788, 1300, 1888, 1517, 748, 974, 1113, 1137, 761, 1121, 1538, 1500, 1093, 1010, 1056, 1111, 904, 1267, 1148, 1332, 1424, 1059, 887, 1159, 1228, 1016, 853, 1079, 1315, 978, 860, 1172, 1138, 687, 690, 733, 811, 620, 574, 838, 791, 785, 716, 872, 778, 654, 639, 696, 807, 892, 911, 878, 873, 832, 644, 685, 678, 871, 939, 807, 766, 753, 718, 779, 701, 804, 982, 832, 712, 729, 752, 839, 754, 714, 836, 800, 588, 657, 709, 849, 789, 675, 791, 722, 642, 668, 692, 734, 732, 734, 815, 702, 637, 650, 685, 762, 738, 709, 695, 713, 618, 555, 627, 737, 732, 749, 830, 754, 659, 755, 737, 727, 664, 874, 922, 832, 819, 800, 750, 881, 762, 874, 806, 849, 940, 850, 712, 799, 850, 982, 744, 725, 990, 901, 690, 722, 960, 847, 701, 688, 786, 806, 670, 640, 833, 865, 696, 649, 751, 750, 646, 738, 909, 732, 575, 696, 796, 673, 552, 719, 832, 690, 706, 854, 902, 741, 721, 917, 835, 733, 667, 835, 900, 763, 711, 912, 845, 646, 749, 841, 797, 747, 644, 773, 727, 686, 684, 703, 637, 670, 682, 689, 760, 890, 762, 689, 723, 737, 794, 765, 848, 944, 828, 714, 764, 793, 768, 756, 851, 756, 678, 671, 575, 616, 683, 733, 843, 675, 738, 651, 600, 687, 726, 678, 680, 714, 762, 771, 656, 572, 552, 805, 857, 913, 898, 1145, 900, 742, 715, 1263, 1417, 1970, 1144, 2066, 2138, 1602, 1028, 2985, 3470, 2241, 1047, 2256, 2723, 1954, 920, 2925, 3562, 1059, 878, 1554, 1701, 1153, 910, 1447, 1536, 1210, 1534, 1520, 1371, 1280, 1164, 1401, 1410, 1665, 2354, 1856, 937, 1102, 1449, 1674, 1228, 1567, 2655, 2133, 942, 904, 1472, 2334, 1678, 1869, 1845, 2032, 1593, 1436, 1150, 2267, 2311, 2234, 1473, 1410, 1550, 1516, 1080, 1527, 2265, 1807, 1267, 959, 1089, 1219, 1244, 1178, 1634, 954, 856, 961, 869, 726, 991, 1047, 978, 730, 730, 924, 747, 582, 708, 806, 806, 742, 732, 830, 714, 662, 591, 658, 790, 652, 794, 900, 722, 616, 716, 800, 790, 751, 850, 997, 785, 626, 751, 980, 1090, 942, 877, 1001, 717, 742, 906, 917, 1058, 768, 773, 828, 720, 695, 734, 825, 857, 631, 623, 711, 681, 684, 741, 723, 697, 646, 623, 759, 583, 571, 700, 745, 726, 650, 610, 697, 633, 550, 556, 636, 685, 689, 497, 590, 612, 483, 483, 627, 796, 666, 529, 588, 562, 518, 545, 630, 664, 527, 437, 539, 513, 431, 549, 550, 602, 481, 520, 602, 551, 569, 601, 587, 552, 496, 533, 466, 371, 472, 510, 496, 464, 460, 528, 463, 385, 435, 532, 535, 415]"
0.2812149226665497,-1.0960404872894287,-0.4854326844215393,-0.8917940258979797,-0.8887377977371216,-0.2859737277030945,-0.8997066020965576,-0.162919282913208,0.11200904846191406,20.25,-0.14088940620422363,0.199127197265625,30.5,-0.06450009346008301,-0.05879402160644531,28.25,-0.043471574783325195,0.0,22.5,0.6590526103973389,0.0,17.25,"[440, 488, 593, 586, 602, 580, 588, 491, 501, 517, 551, 617, 652, 620, 553, 460, 514, 495, 501, 521, 573, 577, 499, 516, 556, 522, 576, 527, 500, 471, 538, 614, 492, 491, 493, 455, 405, 421, 499, 503, 479, 545, 556, 509, 445, 445, 543, 506, 527, 532, 607, 573, 505, 517, 526, 564, 563, 569, 549, 475, 481, 472, 494, 593, 472, 521, 629, 571, 462, 493, 551, 495, 566, 637, 599, 558, 499, 508, 511, 470, 530, 594, 582, 507, 502, 548, 569, 536, 539, 618, 535, 525, 646, 668, 569, 527, 493, 530, 555, 518, 546, 528, 516, 505, 524, 464, 525, 515, 546, 538, 468, 568, 686, 552, 506, 597, 541, 498, 473, 639, 651, 485, 561, 651, 570, 509, 520, 702, 513, 508, 545, 608, 601, 529, 469, 533, 603, 473, 471, 602, 655, 504, 415, 531, 618, 580, 495, 472, 573, 611, 534, 551, 614, 577, 531, 521, 579, 579, 562, 546, 564, 553, 467, 516, 606, 577, 565, 570, 678, 644, 577, 564, 586, 551, 518, 615, 768, 613, 620, 679, 608, 566, 652, 805, 2248, 4138, 5107, 3135, 1097, 2709, 5143, 4847, 5791, 15062, 17056, 9240, 2165, 9573, 16753, 13842, 7402, 19457, 19764, 9598, 2774, 12923, 19987, 13969, 4880, 11542, 11085, 5006, 2297, 8603, 13086, 9126, 2342, 6354, 6254, 2692, 1218, 4219, 6994, 5025, 1408, 3511, 3285, 1448, 883, 2293, 3464, 2253, 2803, 6014, 5335, 2037, 1822, 3231, 4448, 2435, 7679, 17006, 14966, 4661, 4457, 7930, 11773, 5937, 8699, 19443, 17090, 5300, 4519, 9148, 13471, 6598, 4676, 10143, 8785, 2708, 2293, 5211, 7202, 3376, 1761, 3123, 2464, 861, 1058, 2048, 2420, 1141, 968, 1301, 1164, 671, 666, 979, 1113, 865, 998, 1521, 1340, 827, 665, 1118, 1344, 991, 1126, 1718, 1497, 823, 675, 1256, 1567, 1140, 795, 965, 868, 794, 718, 863, 990, 873, 718, 777, 655, 644, 648, 654, 705, 651, 1627, 2524, 2024, 788, 1129, 1216, 1324, 730, 6046, 10358, 7918, 1578, 3787, 3674, 4201, 1344, 10528, 18139, 13884, 2819, 6053, 5876, 7794, 2615, 7567, 12811, 9856, 2608, 4204, 4435, 5872, 2627, 3082, 4823, 3778, 1495, 2173, 2603, 2406, 1567, 2267, 3599, 3157, 1372, 1726, 2218, 1931, 1298, 2468, 4217, 3550, 1159, 1881, 2447, 2358, 1309, 2020, 3076, 2409, 900, 1449, 1792, 1893, 1201, 1168, 1700, 1416, 686, 922, 1145, 1147, 849, 715, 1111, 1132, 760, 722, 899, 994, 810, 837, 1073, 1059, 804, 720, 875, 934, 886, 707, 877, 800, 724, 730, 872, 868, 731, 787, 1097, 1072, 828, 885, 1060, 895, 705, 1243, 1169, 1205, 1157, 981, 1139, 949, 978, 2336, 2237, 2511, 1995, 1744, 2343, 1659, 1678, 2504, 2555, 2867, 2002, 1771, 2422, 1770, 1808, 3402, 3560, 2917, 1978, 2017, 2652, 1940, 1842, 3790, 4852, 3889, 1848, 2289, 3217, 2404, 1858, 4387, 7545, 6695, 2794, 4009, 4613, 3020, 2466, 6082, 10350, 9066, 3510, 5664, 6128, 3435, 2781, 4629, 7458, 6320, 2306, 3980, 4432, 2627, 1944, 2274, 3474, 2926, 1112, 1998, 2382, 1713, 1122, 1483, 2151, 1640, 712, 1359, 1628, 1402, 866, 1381, 2014, 1522, 767, 1261, 1395, 1166, 883, 1062, 1541, 1367, 825, 994, 1256, 1096, 839, 972, 1240, 1077, 765, 891, 1083, 963, 772, 910, 1119, 993, 680, 772, 1019, 938, 726, 724, 980, 821, 567, 702, 868, 702, 511, 677, 850, 793, 633, 610, 677, 619, 582, 788, 963, 788, 596, 665, 753, 664, 564, 807, 1059, 803, 636, 780, 808, 695, 584, 822, 1023, 846, 735, 876, 795, 660, 668, 789, 908, 825, 695, 768, 771, 711, 677, 604, 757, 897, 702, 613, 695, 752, 666, 646, 682, 805, 712, 536, 721, 715, 664, 726, 802, 939, 793, 584, 768, 762, 736, 691, 916, 939, 725, 708, 788, 769, 658, 703, 865, 845, 731, 633, 725, 820, 723, 829, 894, 1155, 1252, 803, 842, 1088, 944, 1077, 1198, 1279, 1394, 1092, 993, 1242, 1097, 877, 1062, 1103, 1113, 986, 892, 967, 777, 677, 780, 762, 723, 750, 755, 689, 604, 562, 698, 699, 647, 688, 755, 713, 597, 612, 726, 773, 728, 719, 861, 840, 712, 711, 731, 684, 651, 652, 722, 675, 712, 574, 655, 641, 507, 572, 649, 786, 763, 706, 633, 660, 635, 623, 710, 750, 744, 714, 706, 707, 604, 624, 742, 686, 709, 589, 690, 723, 578, 645, 748, 757, 647, 801, 820, 709, 606, 679, 776, 799, 779, 1276, 885, 734, 919, 917, 736, 872, 1320, 1431, 982, 783, 952, 875, 752, 1060, 1491, 1175, 878, 666, 698, 828, 789, 807, 1113, 1108, 917, 753, 800, 903, 926, 1017, 1131, 1065, 954, 776, 705, 867, 864, 963, 1051, 939, 881, 728, 662, 695, 755, 665, 821, 1062, 859, 790, 757, 740, 816, 884, 982, 1795, 1222, 649, 785, 1016, 1011, 1116, 1642, 1711, 1235, 685, 766, 976, 1001, 1073, 1531, 994, 926, 609, 640, 694, 695, 740, 792, 758, 697, 658, 582, 586, 690, 707, 689, 652, 630, 668, 625, 598, 597, 634, 689, 656, 686, 681, 695, 671, 663, 670, 711, 559, 712, 812, 665, 621, 635, 792, 769, 923, 1051, 1087, 682, 716, 1027, 1457, 1312, 1590, 1631, 1426, 867, 1141, 1961, 2738, 2310, 1101, 2390, 2636, 1777, 1126, 2485, 3621, 2729, 2203, 2455, 3721, 2362, 1081, 2313, 4766, 4880, 2246, 1992, 2989, 2001, 1005, 2022, 4142, 4474, 1436, 1603, 1893, 1539, 953, 1496, 2492, 2611, 1171, 1108, 1469, 1531, 975, 1022, 1682, 1644, 1320, 1183, 1454, 1449, 869, 1236, 1934, 1795, 1436, 1542, 1447, 1161, 1005, 1567, 2080, 1782, 1380, 1421, 1485, 1348, 1031, 1435, 1963, 1899, 1227, 1264, 1596, 1379, 941, 1081, 1621, 1877, 931, 1201, 1473, 1156, 842, 955, 1440, 1455, 953, 1065, 1131, 832, 763, 850, 1142, 1101, 934, 1074, 954, 682, 789, 951, 1072, 1016, 966, 1015, 861, 634, 822, 956, 986, 1012, 799, 784, 813, 640, 723, 808, 857, 839, 676, 636, 727, 633, 658, 686, 857, 834, 572, 678, 936, 704, 587, 701, 958, 895, 574, 798, 967, 759, 591, 766, 987, 947, 655, 659, 710, 765, 580, 663, 810, 730, 633, 532, 649, 655, 604, 689, 728, 671, 586, 554, 623, 560, 573, 619, 637, 615, 494, 531, 670, 582, 471, 515, 581, 580, 493, 492, 596, 600, 477, 425, 505, 538, 427, 479, 582, 566, 465, 528, 602, 518]"
0.2656126916408539,-1.0242011547088623,-0.6633340716362,-0.7876656651496887,-0.6427109241485596,-0.47326231002807617,-0.6446672677993774,-0.7549053430557251,-0.7133960723876953,28.5,-0.6368881464004517,-0.6421566009521484,18.0,-0.33848345279693604,-0.5284309387207031,26.25,-0.302005410194397,-0.5527496337890625,20.25,0.2883666753768921,-0.68206787109375,17.5,"[618, 653, 600, 671, 757, 665, 596, 655, 662, 537, 593, 667, 639, 605, 642, 698, 591, 585, 643, 621, 609, 669, 622, 546, 556, 523, 511, 486, 473, 536, 421, 506, 489, 534, 539, 480, 452, 474, 475, 491, 500, 538, 547, 488, 453, 535, 494, 516, 510, 520, 484, 488, 516, 522, 450, 478, 537, 575, 540, 447, 450, 506, 453, 472, 525, 576, 523, 504, 529, 518, 494, 530, 463, 535, 560, 520, 529, 542, 507, 522, 539, 539, 445, 514, 624, 599, 544, 552, 533, 544, 535, 579, 552, 518, 534, 538, 514, 531, 554, 565, 570, 507, 505, 548, 480, 542, 585, 577, 626, 611, 533, 522, 590, 569, 511, 598, 598, 522, 451, 510, 520, 545, 493, 518, 462, 545, 528, 490, 538, 496, 482, 467, 460, 545, 536, 503, 545, 528, 603, 584, 477, 488, 564, 575, 486, 574, 596, 602, 585, 506, 529, 477, 532, 622, 614, 599, 562, 530, 588, 550, 528, 530, 590, 585, 536, 551, 556, 501, 624, 664, 656, 636, 606, 677, 689, 582, 858, 1239, 1116, 728, 665, 673, 883, 676, 2109, 4240, 3789, 1431, 1241, 1614, 2108, 1183, 6523, 14634, 13253, 4228, 3871, 5114, 7417, 3864, 9141, 19666, 17342, 5355, 5426, 6640, 10422, 5387, 6222, 11750, 10031, 3500, 3699, 4507, 6429, 3614, 3593, 6766, 6021, 2293, 2458, 3710, 3718, 1888, 3011, 5854, 5181, 1788, 2094, 2883, 3251, 1527, 1748, 3321, 3018, 1039, 1362, 1794, 1965, 1112, 1485, 2794, 2561, 1094, 1120, 1558, 1521, 1070, 1586, 3220, 3037, 1219, 1295, 1762, 1550, 1000, 1620, 3128, 2744, 1025, 1135, 1745, 1738, 922, 1383, 1998, 1522, 739, 782, 1223, 1400, 773, 787, 1043, 868, 545, 681, 826, 864, 617, 713, 925, 826, 573, 633, 725, 633, 550, 715, 847, 773, 633, 591, 602, 623, 595, 672, 681, 610, 600, 562, 631, 648, 543, 551, 618, 621, 555, 545, 638, 658, 575, 1166, 1994, 1586, 551, 1092, 972, 999, 669, 2377, 3975, 2986, 635, 1853, 1802, 1553, 691, 3581, 6083, 4767, 1014, 3105, 3322, 2119, 881, 4270, 7687, 6402, 1411, 4271, 4845, 2462, 900, 2939, 5525, 4876, 1507, 3121, 3578, 1805, 952, 1694, 2771, 2524, 1181, 1606, 1769, 1123, 905, 1072, 1381, 1226, 939, 998, 929, 870, 753, 935, 1331, 1118, 828, 938, 790, 788, 739, 709, 970, 910, 703, 817, 805, 727, 708, 586, 612, 694, 610, 625, 601, 584, 616, 850, 862, 752, 760, 840, 814, 675, 671, 1375, 1739, 1328, 1006, 1602, 1554, 1067, 865, 1873, 2462, 1757, 1187, 2129, 2191, 1365, 1010, 4004, 5128, 3142, 2135, 4390, 4078, 2073, 1676, 6523, 8552, 5124, 3149, 7072, 6144, 2681, 2263, 5505, 7684, 4870, 2443, 6279, 5506, 2351, 1761, 3042, 4638, 3352, 1502, 3988, 3829, 1835, 1234, 1783, 2713, 2276, 1005, 2403, 2601, 1479, 938, 1242, 1619, 1426, 922, 1337, 1262, 773, 725, 1211, 1508, 1086, 831, 1186, 1027, 730, 669, 998, 1231, 1020, 765, 872, 792, 739, 701, 1079, 1175, 990, 782, 912, 922, 790, 771, 971, 1110, 974, 770, 966, 1049, 805, 700, 817, 943, 846, 697, 888, 963, 771, 628, 679, 874, 832, 709, 831, 770, 640, 610, 649, 888, 913, 734, 793, 747, 642, 573, 818, 1056, 1021, 736, 824, 818, 819, 695, 776, 949, 962, 701, 701, 800, 769, 659, 677, 744, 804, 680, 674, 672, 651, 633, 697, 746, 706, 584, 637, 609, 641, 668, 699, 704, 709, 561, 573, 666, 566, 532, 711, 801, 693, 606, 684, 706, 628, 560, 705, 786, 748, 672, 712, 687, 642, 632, 679, 776, 704, 727, 785, 697, 646, 621, 878, 1082, 791, 886, 1222, 1030, 618, 676, 836, 1108, 748, 733, 1112, 980, 609, 515, 648, 733, 656, 629, 729, 644, 511, 532, 694, 717, 556, 603, 727, 629, 506, 557, 680, 709, 653, 654, 749, 711, 574, 563, 705, 725, 679, 686, 639, 605, 642, 593, 596, 644, 607, 680, 671, 568, 711, 642, 661, 733, 727, 676, 670, 671, 730, 665, 753, 1042, 942, 704, 806, 956, 860, 667, 765, 920, 856, 739, 838, 888, 866, 730, 869, 795, 727, 714, 694, 840, 832, 753, 1000, 912, 911, 940, 792, 903, 949, 884, 945, 804, 846, 889, 750, 953, 943, 807, 747, 834, 828, 760, 624, 916, 903, 695, 871, 901, 868, 744, 616, 899, 833, 690, 836, 800, 922, 867, 691, 839, 862, 750, 665, 651, 733, 752, 684, 782, 878, 743, 630, 739, 713, 719, 678, 606, 780, 729, 736, 738, 712, 766, 656, 674, 733, 735, 1416, 1371, 1051, 1237, 860, 1504, 1575, 935, 2629, 2460, 1818, 2148, 1474, 3040, 2986, 1586, 3465, 3011, 2515, 2426, 1936, 3805, 3261, 1956, 4134, 3669, 2789, 2378, 2309, 4027, 3142, 2073, 2798, 2494, 1607, 1471, 1683, 2001, 1498, 1588, 1428, 1437, 1056, 999, 1244, 1350, 1218, 1175, 1029, 1207, 1012, 872, 1142, 1363, 1203, 830, 955, 1106, 950, 926, 1032, 1300, 1154, 730, 1184, 1195, 1130, 1034, 1103, 1574, 1362, 826, 1119, 1146, 1333, 1109, 888, 1482, 1324, 814, 1322, 1349, 1661, 1512, 860, 1878, 1752, 974, 1625, 1456, 1666, 1633, 1048, 1930, 1781, 1184, 1580, 1427, 1381, 1374, 936, 1382, 1224, 1186, 1638, 2374, 2431, 1453, 1281, 2198, 2442, 1920, 2476, 4599, 5832, 3732, 1525, 4491, 5853, 4603, 2955, 5257, 6616, 4388, 1886, 5433, 7321, 5675, 2146, 3764, 4470, 2941, 1974, 4171, 5409, 4180, 1573, 2464, 2698, 1728, 1496, 2624, 3356, 2652, 1271, 1758, 1838, 1211, 999, 1663, 2015, 1693, 1014, 1251, 1444, 1025, 693, 1295, 1447, 1184, 1482, 1598, 1402, 1154, 1106, 1522, 1778, 1480, 1433, 2358, 2374, 1503, 1363, 2354, 2710, 1896, 1783, 2298, 2244, 1349, 1494, 2428, 2378, 1645, 1893, 1802, 1210, 990, 1374, 1710, 1598, 1407, 1347, 1606, 1207, 1052, 1078, 1466, 1563, 1155, 1298, 1456, 1183, 1063, 1155, 1613, 1647, 1189, 1416, 1151, 1229, 1201, 1174, 1394, 1584, 1476, 1029, 1090, 1363, 1059, 870, 1094, 1427, 1394, 673, 998, 987, 702, 624, 826, 911, 717, 825, 1080, 1037, 799, 643, 830, 999, 947, 886, 1168, 1194, 774, 666, 1078, 1355, 1050, 855, 1072, 1182, 794, 589, 880, 1104, 898, 688, 897, 1097, 795, 530, 669, 824, 873, 706, 1134, 1151, 805, 658, 800, 913, 792, 593, 896, 1019, 755, 578, 685, 753, 632, 525, 769, 820, 664, 530, 604, 657, 643]"
0.2472551465034485,-1.2442140579223633,-0.4707743525505066,-0.6985195875167847,-0.8539379835128784,-0.1220865249633789,-0.4432591199874878,-0.7749118804931641,-0.9449958801269531,20.25,-0.7749118804931641,-0.9311199188232422,15.5,-0.7749118804931641,0.9528636932373047,19.0,0.09669876098632812,-1.6744136810302734,18.25,0.20055389404296875,-1.6008853912353516,17.5,"[621, 686, 680, 637, 632, 634, 682, 693, 530, 562, 658, 643, 580, 637, 667, 632, 566, 562, 563, 540, 502, 549, 571, 545, 517, 568, 518, 475, 508, 575, 510, 437, 443, 385, 463, 548, 555, 480, 452, 485, 557, 547, 477, 557, 630, 594, 511, 514, 477, 519, 569, 536, 553, 610, 626, 483, 500, 591, 553, 533, 590, 560, 654, 571, 547, 436, 478, 552, 566, 458, 430, 546, 510, 471, 527, 585, 531, 454, 423, 499, 543, 505, 574, 566, 484, 491, 525, 542, 607, 540, 548, 551, 500, 481, 496, 577, 444, 454, 507, 502, 466, 595, 665, 554, 475, 490, 544, 563, 520, 608, 603, 500, 588, 574, 528, 552, 578, 605, 474, 428, 628, 626, 560, 596, 598, 530, 479, 524, 522, 545, 569, 528, 531, 482, 527, 530, 578, 610, 526, 574, 573, 533, 520, 521, 625, 579, 526, 549, 564, 514, 518, 628, 529, 609, 548, 473, 490, 557, 597, 600, 516, 539, 526, 525, 530, 572, 605, 579, 552, 523, 472, 488, 562, 561, 436, 509, 552, 602, 531, 469, 627, 575, 425, 483, 559, 623, 633, 568, 641, 601, 534, 562, 583, 568, 539, 561, 562, 522, 530, 491, 529, 741, 912, 807, 561, 723, 708, 618, 1407, 3002, 3197, 1897, 1789, 2286, 1627, 1255, 2909, 5920, 5814, 2914, 3349, 4128, 2627, 1887, 2639, 5108, 4825, 2333, 2971, 3479, 2274, 1655, 1341, 2111, 2063, 1258, 1556, 1599, 1174, 1070, 1221, 2143, 2058, 1187, 1405, 1552, 1169, 897, 1479, 2429, 2285, 1413, 1503, 1576, 1013, 916, 1342, 2197, 2146, 1386, 1397, 1428, 931, 877, 1383, 1677, 1435, 1242, 1376, 1307, 1010, 816, 2295, 3361, 2382, 1013, 2089, 1782, 1398, 908, 2081, 3584, 2781, 892, 1842, 1704, 1574, 919, 1279, 2026, 1598, 660, 980, 1037, 1161, 727, 1245, 1448, 1130, 1139, 1549, 1313, 805, 788, 2803, 3922, 2811, 2198, 3752, 3069, 1241, 1310, 2216, 3017, 2089, 1780, 3084, 2590, 1213, 1187, 1298, 1800, 1402, 643, 1094, 1196, 956, 598, 1202, 1682, 1441, 853, 895, 801, 721, 667, 870, 1261, 1182, 802, 674, 770, 728, 614, 704, 976, 1018, 713, 692, 808, 653, 633, 817, 1232, 1215, 809, 935, 1078, 769, 711, 797, 1074, 987, 641, 880, 963, 615, 606, 712, 845, 697, 496, 706, 710, 630, 663, 807, 740, 609, 605, 662, 622, 565, 693, 995, 924, 828, 922, 868, 896, 812, 860, 1485, 1373, 1051, 1493, 1811, 1539, 1109, 1105, 2563, 2829, 1481, 2374, 3530, 2617, 1314, 1488, 3897, 4912, 2929, 3025, 6166, 5283, 2312, 2178, 4208, 5429, 3365, 3052, 6466, 5908, 2674, 2195, 3079, 3793, 2552, 2123, 3910, 3503, 1818, 1621, 1646, 1829, 1533, 1398, 1890, 1671, 1209, 1135, 1082, 1208, 977, 959, 1092, 1138, 961, 804, 834, 921, 829, 790, 907, 1050, 836, 645, 893, 931, 806, 731, 978, 1053, 781, 628, 870, 856, 807, 754, 957, 919, 688, 642, 802, 866, 741, 716, 909, 862, 688, 624, 646, 775, 658, 548, 662, 671, 606, 623, 709, 761, 620, 564, 733, 755, 647, 642, 611, 673, 678, 625, 681, 642, 567, 551, 745, 883, 940, 768, 665, 698, 670, 665, 809, 996, 931, 706, 773, 741, 612, 631, 751, 777, 708, 633, 639, 713, 647, 581, 586, 658, 606, 626, 581, 638, 636, 522, 621, 825, 778, 643, 653, 680, 666, 579, 629, 851, 834, 648, 835, 872, 592, 564, 800, 840, 738, 766, 924, 915, 536, 577, 791, 818, 809, 940, 1051, 1035, 755, 698, 845, 853, 811, 979, 1068, 988, 820, 737, 939, 1025, 952, 896, 1004, 1035, 914, 775, 1084, 1118, 932, 826, 1010, 1089, 898, 821, 810, 756, 802, 765, 829, 878, 660, 686, 733, 773, 741, 758, 800, 832, 701, 636, 672, 713, 644, 606, 581, 650, 708, 644, 695, 759, 699, 603, 658, 737, 779, 678, 680, 740, 657, 637, 679, 714, 650, 546, 789, 848, 679, 737, 851, 835, 656, 561, 593, 580, 660, 743, 747, 668, 593, 585, 537, 555, 640, 709, 745, 660, 599, 533, 567, 643, 650, 691, 674, 723, 680, 534, 615, 750, 743, 609, 700, 818, 835, 697, 807, 790, 732, 751, 726, 814, 813, 771, 853, 705, 681, 796, 842, 907, 878, 820, 640, 707, 812, 761, 839, 1039, 1013, 830, 847, 894, 757, 786, 828, 1012, 1038, 747, 847, 811, 745, 842, 713, 802, 881, 664, 642, 690, 732, 768, 477, 720, 813, 619, 635, 688, 786, 851, 645, 765, 824, 715, 582, 613, 762, 831, 671, 607, 764, 706, 480, 559, 707, 705, 572, 580, 617, 552, 566, 589, 688, 649, 551, 598, 640, 664, 703, 838, 856, 628, 637, 727, 678, 694, 1007, 1706, 1623, 876, 823, 1239, 1139, 757, 1393, 2587, 2442, 1249, 1032, 1813, 1718, 1054, 1441, 2244, 2093, 1368, 1258, 1759, 1646, 1178, 1174, 1408, 1248, 1105, 1023, 1127, 1074, 974, 1040, 895, 639, 839, 990, 898, 747, 809, 711, 782, 691, 733, 861, 994, 941, 751, 747, 866, 943, 809, 841, 1158, 1155, 832, 911, 904, 964, 942, 1024, 1408, 1359, 969, 940, 826, 800, 889, 1027, 1237, 1259, 1003, 1033, 868, 895, 1063, 998, 912, 920, 941, 853, 810, 826, 828, 791, 787, 745, 710, 1251, 1403, 1429, 1345, 863, 1480, 1547, 1233, 1679, 2084, 2797, 2481, 1019, 2611, 2928, 2201, 1533, 1811, 2695, 2513, 1176, 2132, 2530, 2063, 1237, 1157, 1849, 1843, 1140, 1207, 1332, 1440, 1208, 1076, 1511, 1524, 1071, 1172, 1363, 1324, 1127, 1115, 1221, 1189, 1070, 1118, 1283, 1226, 919, 1135, 1045, 913, 712, 993, 1118, 869, 805, 1047, 968, 741, 750, 1018, 1102, 772, 905, 1108, 993, 697, 1044, 1402, 1368, 737, 1238, 1363, 1186, 898, 1206, 1787, 1489, 815, 1240, 1276, 1315, 1114, 1196, 1679, 1413, 957, 1135, 1151, 1109, 1116, 1256, 1416, 1191, 978, 674, 936, 983, 795, 910, 1096, 1010, 714, 660, 960, 979, 698, 748, 1013, 1034, 738, 875, 916, 920, 775, 816, 1029, 1023, 797, 777, 796, 799, 734, 869, 928, 796, 716, 710, 650, 647, 692, 716, 725, 618, 620, 704, 707, 608, 540, 596, 706, 629, 558, 603, 635, 714, 607, 554, 630, 653, 577, 502, 540, 614, 554, 535, 594, 595, 565, 562, 462, 574, 549, 442, 631, 586, 519, 536, 571, 597, 518, 467, 572, 570, 550]"
0.3448898494243622,-1.670785903930664,0.12226629257202148,-0.3248439133167267,-1.2605942487716675,0.8281804919242859,0.11284369230270386,-0.9304935336112976,-1.0097980499267578,-29.5,-0.9304935336112976,-0.991058349609375,19.75,-0.9304935336112976,-0.9778976440429688,30.5,-0.24213141202926636,0.8839130401611328,15.25,-0.057452380657196045,0.6036758422851562,17.75,"[556, 617, 575, 546, 599, 548, 575, 616, 605, 583, 561, 593, 592, 627, 561, 532, 502, 550, 520, 530, 496, 548, 510, 461, 477, 464, 539, 536, 495, 489, 552, 536, 468, 509, 519, 478, 432, 506, 548, 517, 558, 547, 486, 536, 581, 542, 537, 556, 494, 549, 611, 595, 545, 628, 606, 488, 525, 477, 560, 598, 538, 601, 583, 562, 550, 510, 535, 519, 507, 525, 554, 588, 518, 518, 574, 637, 587, 518, 597, 612, 454, 479, 469, 599, 596, 509, 488, 507, 527, 531, 424, 483, 501, 585, 555, 511, 485, 500, 591, 624, 540, 571, 567, 476, 508, 513, 591, 593, 530, 546, 581, 565, 498, 538, 565, 572, 508, 489, 600, 595, 562, 581, 534, 515, 522, 600, 599, 544, 536, 555, 642, 650, 558, 522, 504, 569, 515, 466, 624, 717, 615, 568, 593, 564, 529, 532, 559, 595, 602, 578, 549, 529, 497, 609, 626, 584, 555, 582, 529, 479, 554, 682, 635, 558, 499, 516, 541, 555, 524, 609, 630, 603, 538, 543, 626, 604, 628, 664, 677, 606, 588, 558, 600, 654, 544, 500, 582, 540, 527, 620, 620, 596, 568, 518, 499, 571, 581, 606, 636, 580, 616, 709, 639, 555, 609, 620, 603, 532, 586, 558, 531, 528, 555, 528, 526, 508, 819, 993, 904, 837, 1009, 912, 638, 604, 2247, 3219, 2194, 1629, 3046, 2679, 1255, 898, 3316, 4534, 2679, 2241, 4408, 3552, 1325, 1228, 2406, 3038, 2573, 2377, 3212, 2652, 1626, 1187, 7826, 15167, 15872, 9697, 10704, 11997, 6499, 4651, 18465, 34921, 34444, 19734, 24026, 25612, 12776, 9374, 18231, 32624, 30838, 18467, 23104, 22543, 10617, 8844, 9041, 14100, 12439, 9014, 11657, 9727, 4546, 4553, 2805, 3597, 2504, 2610, 3844, 3036, 1517, 1504, 1118, 1416, 826, 862, 1409, 1183, 771, 613, 1062, 1440, 1059, 722, 1079, 1043, 768, 618, 675, 974, 890, 707, 832, 820, 619, 562, 691, 794, 723, 677, 740, 720, 561, 586, 653, 833, 706, 507, 733, 770, 636, 558, 1038, 1423, 1033, 609, 1122, 1056, 710, 552, 1127, 1634, 1177, 602, 1242, 1063, 632, 576, 944, 1672, 1478, 879, 1432, 1399, 768, 557, 789, 1909, 2050, 968, 1715, 2007, 1095, 719, 1002, 1819, 1873, 799, 1901, 2157, 1123, 869, 1022, 1415, 1291, 780, 1362, 1376, 822, 715, 890, 939, 842, 807, 926, 851, 709, 773, 836, 880, 727, 780, 1158, 1064, 733, 733, 1158, 1303, 832, 1332, 2330, 1998, 856, 910, 1894, 1936, 1294, 2070, 3055, 2601, 1200, 1338, 1819, 1852, 1751, 1949, 2214, 1944, 1236, 1360, 1198, 1333, 1385, 1445, 1287, 1014, 857, 948, 849, 837, 756, 965, 1015, 838, 608, 665, 806, 965, 824, 778, 984, 873, 667, 607, 689, 792, 674, 663, 869, 844, 683, 603, 588, 663, 604, 538, 675, 749, 633, 521, 605, 604, 680, 604, 636, 597, 661, 672, 607, 506, 631, 696, 591, 590, 694, 700, 712, 751, 636, 672, 694, 692, 676, 620, 742, 758, 587, 595, 825, 805, 727, 674, 649, 669, 552, 575, 702, 692, 607, 579, 670, 782, 834, 674, 590, 699, 759, 703, 555, 904, 1108, 806, 607, 845, 906, 764, 592, 702, 824, 672, 671, 775, 749, 664, 576, 614, 705, 752, 668, 656, 561, 564, 614, 741, 673, 748, 880, 858, 613, 570, 683, 692, 710, 827, 985, 813, 633, 731, 623, 674, 621, 643, 721, 723, 644, 638, 649, 712, 601, 704, 990, 872, 578, 594, 756, 788, 667, 694, 827, 736, 630, 617, 625, 682, 672, 704, 729, 509, 715, 713, 733, 773, 690, 742, 809, 713, 734, 690, 764, 763, 698, 797, 766, 593, 660, 701, 703, 775, 674, 676, 735, 618, 590, 686, 682, 749, 614, 592, 667, 616, 619, 677, 630, 686, 614, 624, 636, 598, 584, 551, 751, 720, 677, 757, 697, 676, 618, 587, 586, 696, 779, 740, 661, 674, 668, 530, 720, 774, 740, 648, 636, 729, 718, 621, 836, 813, 684, 663, 649, 644, 641, 775, 756, 715, 700, 717, 687, 590, 630, 712, 807, 709, 794, 850, 799, 709, 655, 732, 722, 697, 713, 805, 787, 652, 644, 702, 603, 633, 623, 600, 640, 756, 779, 661, 734, 751, 810, 771, 745, 894, 983, 865, 768, 760, 746, 795, 850, 767, 740, 778, 849, 904, 829, 771, 868, 945, 791, 643, 744, 815, 708, 711, 729, 763, 716, 528, 698, 712, 617, 733, 663, 649, 743, 700, 615, 622, 670, 621, 542, 611, 726, 701, 685, 665, 711, 677, 613, 594, 664, 678, 794, 893, 857, 720, 731, 727, 727, 629, 859, 1045, 960, 795, 742, 725, 801, 718, 602, 773, 827, 726, 719, 683, 725, 600, 682, 733, 771, 683, 771, 824, 786, 670, 785, 901, 800, 712, 653, 983, 1032, 655, 1198, 1221, 1070, 1093, 764, 1392, 1420, 748, 1342, 1253, 1268, 1389, 962, 1391, 1421, 909, 966, 1170, 1242, 1082, 957, 1145, 1062, 759, 889, 1022, 865, 839, 947, 903, 706, 674, 736, 808, 786, 662, 872, 906, 760, 633, 695, 794, 916, 789, 789, 853, 800, 707, 796, 877, 775, 793, 797, 840, 837, 782, 871, 897, 835, 754, 827, 926, 826, 765, 698, 900, 916, 754, 797, 920, 814, 708, 517, 816, 1016, 793, 691, 893, 736, 565, 853, 1194, 1427, 1045, 773, 1589, 1643, 881, 1998, 2576, 2671, 2119, 1383, 3341, 3330, 1728, 2027, 2633, 2618, 2125, 1479, 3343, 3262, 1703, 1280, 1637, 1468, 1115, 1360, 2199, 1999, 839, 974, 1134, 1021, 1012, 1160, 1518, 1428, 897, 1136, 1281, 1212, 1167, 1291, 1448, 1284, 928, 958, 1115, 1090, 899, 1070, 1074, 870, 751, 847, 1093, 1217, 950, 769, 1026, 913, 642, 959, 1079, 1087, 733, 670, 1020, 858, 779, 966, 931, 785, 758, 897, 1064, 846, 655, 876, 843, 768, 952, 959, 968, 822, 675, 834, 715, 670, 727, 794, 996, 801, 693, 898, 780, 684, 717, 701, 973, 810, 691, 899, 826, 746, 634, 758, 1023, 852, 648, 765, 716, 666, 597, 619, 725, 626, 600, 678, 762, 663, 499, 547, 658, 658, 436, 536, 647, 631, 618, 611, 695, 695, 559, 401, 498, 690, 651, 499, 523, 566, 451, 427, 533, 766, 686, 546, 632, 585, 450, 538, 566, 665, 584, 550, 558, 531, 520, 504, 490, 512, 519, 434, 529, 512, 439]"
0.3936670124530792,-1.7621138095855713,0.21555356681346893,-0.11782464385032654,-1.2085446119308472,0.8357635736465454,0.35946905612945557,-0.9562600255012512,-1.0498523712158203,29.5,-0.9562600255012512,-1.007223129272461,31.25,-0.9562600255012512,-0.9979248046875,25.0,-0.3080952763557434,0.45604705810546875,19.0,0.42189472913742065,1.219797134399414,15.75,"[660, 620, 562, 634, 670, 630, 566, 623, 691, 660, 619, 674, 738, 675, 562, 562, 550, 589, 573, 560, 619, 638, 534, 500, 452, 479, 496, 567, 589, 588, 582, 484, 500, 442, 387, 527, 609, 510, 481, 517, 563, 524, 463, 526, 572, 539, 491, 533, 531, 527, 541, 511, 496, 474, 443, 516, 484, 474, 558, 541, 443, 441, 455, 483, 529, 509, 486, 503, 477, 458, 497, 481, 596, 588, 618, 600, 540, 573, 529, 549, 587, 526, 730, 687, 581, 603, 517, 569, 519, 513, 667, 636, 524, 616, 563, 571, 433, 469, 516, 470, 456, 523, 562, 524, 506, 580, 546, 454, 547, 599, 633, 558, 578, 603, 586, 512, 581, 571, 615, 585, 626, 635, 578, 534, 559, 548, 555, 603, 580, 521, 562, 590, 486, 491, 540, 609, 606, 467, 478, 532, 505, 532, 511, 585, 667, 514, 622, 752, 621, 499, 554, 707, 653, 525, 605, 661, 587, 535, 565, 711, 677, 649, 631, 571, 525, 606, 536, 550, 632, 569, 635, 630, 601, 619, 579, 652, 517, 505, 553, 548, 484, 560, 579, 592, 591, 544, 533, 493, 579, 561, 528, 618, 559, 628, 543, 505, 502, 524, 539, 498, 581, 677, 670, 565, 583, 603, 589, 514, 598, 630, 594, 561, 556, 535, 595, 644, 607, 608, 580, 566, 594, 585, 609, 579, 798, 900, 703, 715, 1101, 1000, 587, 608, 1682, 1938, 1113, 1330, 2474, 2127, 867, 967, 2170, 2341, 2032, 2196, 2682, 2461, 1203, 1644, 6046, 10344, 7856, 5493, 8393, 8350, 3412, 3031, 12839, 22039, 15783, 9853, 18998, 18021, 6363, 4373, 11147, 18781, 13008, 8018, 16084, 14629, 5380, 3370, 4476, 7096, 4639, 3407, 5804, 4697, 2132, 1660, 1092, 1491, 1178, 1440, 1658, 1200, 916, 887, 861, 952, 1068, 1017, 828, 876, 839, 659, 671, 886, 822, 762, 725, 692, 709, 581, 663, 836, 800, 656, 724, 703, 665, 673, 693, 980, 951, 660, 669, 768, 746, 633, 928, 1686, 1459, 619, 960, 904, 784, 606, 1077, 1596, 1235, 613, 986, 910, 836, 684, 986, 1122, 934, 670, 918, 984, 773, 610, 971, 1204, 1149, 681, 1039, 1208, 806, 730, 852, 980, 896, 600, 951, 1030, 720, 658, 672, 786, 680, 527, 694, 709, 659, 593, 593, 754, 714, 585, 635, 609, 586, 566, 608, 637, 563, 484, 584, 576, 517, 521, 697, 825, 626, 718, 1010, 872, 717, 672, 1536, 1974, 1186, 1398, 2324, 1829, 820, 892, 3117, 3873, 2165, 2739, 4427, 3347, 1162, 1294, 3071, 3453, 1929, 2937, 4010, 2738, 1136, 1375, 1496, 1565, 744, 1315, 1651, 1032, 604, 719, 898, 1169, 818, 777, 1290, 1135, 626, 513, 663, 813, 705, 688, 898, 815, 536, 548, 532, 607, 664, 721, 720, 705, 596, 501, 687, 684, 652, 690, 786, 694, 616, 651, 610, 529, 554, 660, 698, 642, 566, 658, 646, 560, 512, 534, 705, 666, 537, 617, 621, 642, 664, 641, 701, 750, 677, 614, 581, 675, 626, 521, 645, 620, 583, 578, 699, 671, 613, 616, 686, 663, 600, 657, 788, 713, 704, 842, 910, 794, 646, 731, 819, 846, 788, 1048, 1130, 887, 805, 780, 734, 812, 652, 738, 841, 836, 741, 573, 704, 779, 534, 567, 753, 768, 685, 585, 634, 660, 570, 695, 824, 745, 616, 624, 647, 718, 578, 595, 731, 668, 600, 635, 549, 569, 562, 571, 588, 511, 556, 617, 655, 588, 482, 494, 651, 589, 506, 655, 743, 673, 508, 564, 689, 716, 618, 579, 693, 631, 499, 531, 675, 703, 579, 590, 705, 646, 523, 538, 692, 671, 489, 562, 749, 707, 726, 631, 636, 747, 665, 735, 716, 750, 677, 569, 619, 708, 693, 703, 689, 621, 637, 672, 626, 659, 709, 716, 672, 724, 770, 660, 634, 688, 586, 590, 760, 934, 856, 624, 756, 764, 661, 588, 702, 720, 691, 634, 666, 656, 562, 591, 551, 591, 605, 685, 700, 629, 608, 629, 549, 565, 570, 667, 611, 595, 601, 601, 660, 639, 642, 639, 673, 700, 593, 592, 610, 650, 579, 560, 695, 720, 595, 557, 654, 649, 539, 563, 659, 691, 631, 446, 622, 677, 622, 660, 717, 728, 667, 599, 658, 829, 879, 807, 823, 836, 748, 572, 650, 628, 667, 813, 794, 715, 707, 695, 697, 691, 673, 657, 844, 863, 767, 665, 698, 685, 678, 695, 744, 814, 819, 785, 738, 673, 656, 727, 669, 608, 609, 661, 631, 608, 554, 664, 661, 600, 555, 546, 689, 715, 561, 654, 754, 758, 623, 531, 833, 805, 622, 691, 819, 700, 533, 609, 965, 906, 762, 847, 1006, 888, 598, 715, 1017, 1123, 845, 817, 1106, 1009, 650, 713, 875, 1102, 855, 686, 1097, 1115, 704, 566, 929, 1158, 926, 703, 1062, 991, 705, 578, 936, 1069, 876, 886, 930, 834, 732, 674, 971, 902, 769, 1091, 1107, 819, 821, 649, 978, 902, 837, 1064, 1106, 855, 718, 675, 730, 839, 823, 824, 874, 748, 663, 625, 665, 712, 718, 759, 746, 653, 565, 576, 592, 658, 666, 715, 774, 657, 549, 558, 632, 696, 660, 735, 858, 767, 651, 626, 680, 644, 617, 750, 897, 773, 699, 663, 726, 695, 709, 914, 1023, 884, 845, 747, 689, 763, 596, 772, 948, 853, 761, 684, 767, 642, 677, 780, 721, 593, 629, 811, 765, 590, 878, 930, 726, 682, 739, 798, 760, 751, 961, 847, 782, 948, 868, 738, 701, 926, 926, 719, 605, 923, 938, 624, 686, 871, 865, 739, 686, 791, 811, 671, 650, 714, 729, 784, 759, 776, 705, 560, 588, 574, 605, 721, 706, 696, 676, 602, 726, 599, 591, 740, 672, 632, 627, 642, 843, 766, 683, 775, 687, 650, 619, 649, 796, 828, 617, 688, 740, 664, 671, 586, 687, 800, 681, 641, 676, 719, 641, 531, 579, 638, 648, 576, 601, 646, 582, 565, 752, 827, 665, 655, 809, 662, 611, 622, 715, 788, 640, 637, 783, 764, 635, 571, 578, 573, 590, 635, 594, 639, 679, 563, 487, 636, 576, 444, 523, 603, 569, 435, 567, 591, 443, 476, 665, 569, 460, 523, 555, 485, 479, 531, 581, 537, 444, 476, 452, 420, 445, 373, 399, 416, 426, 477, 503, 541, 528, 443, 443, 479, 411, 451, 534, 488, 542, 481, 492, 508, 411, 480]"
0.5588681101799011,-1.3397712707519531,-0.10459491610527039,0.30799147486686707,-0.40398669242858887,0.16646981239318848,0.7935632467269897,-0.37494826316833496,-0.4802227020263672,18.0,-0.3553502559661865,-0.9607315063476562,18.25,-0.3308885097503662,0.8663177490234375,16.75,-0.12060332298278809,0.7174015045166016,21.25,-0.04693198204040527,0.6661891937255859,20.5,"[633, 569, 572, 602, 572, 599, 574, 570, 530, 570, 646, 608, 601, 672, 670, 551, 622, 651, 564, 549, 680, 684, 619, 556, 546, 563, 486, 563, 644, 541, 477, 521, 505, 577, 487, 477, 546, 519, 467, 471, 568, 599, 622, 540, 594, 591, 584, 582, 449, 535, 495, 454, 502, 555, 588, 496, 541, 539, 506, 512, 587, 625, 648, 629, 465, 529, 501, 523, 592, 558, 539, 505, 535, 553, 536, 473, 461, 497, 515, 501, 531, 518, 500, 470, 453, 506, 539, 470, 639, 564, 519, 562, 566, 606, 579, 571, 541, 531, 555, 496, 469, 533, 517, 520, 533, 579, 636, 571, 543, 596, 591, 619, 633, 512, 468, 520, 572, 509, 559, 669, 617, 667, 629, 551, 591, 531, 584, 651, 508, 569, 520, 511, 505, 493, 474, 493, 523, 594, 590, 503, 478, 530, 552, 546, 482, 542, 550, 584, 565, 485, 576, 575, 496, 543, 605, 596, 555, 526, 613, 526, 501, 500, 494, 526, 481, 518, 496, 442, 641, 634, 542, 571, 528, 552, 499, 482, 528, 565, 538, 568, 555, 482, 453, 484, 531, 576, 545, 520, 478, 455, 511, 516, 572, 616, 545, 546, 541, 500, 450, 454, 663, 710, 659, 596, 605, 599, 588, 621, 983, 1112, 766, 844, 1201, 1108, 753, 780, 2267, 2695, 1211, 2196, 3642, 2628, 846, 1415, 3577, 4556, 2125, 3128, 5984, 4642, 1224, 1773, 3692, 5105, 3043, 2765, 5574, 4656, 1632, 1389, 3515, 4585, 3122, 2880, 4440, 3636, 1593, 1564, 2417, 2879, 1863, 2125, 3278, 2902, 1390, 1156, 1838, 2017, 1285, 1992, 2743, 2039, 946, 948, 1503, 1707, 1188, 1566, 2059, 1358, 721, 829, 1166, 1398, 1165, 1140, 1400, 1071, 723, 683, 780, 977, 994, 914, 912, 956, 733, 617, 582, 796, 777, 672, 677, 730, 649, 559, 782, 1094, 1056, 791, 865, 752, 688, 650, 1150, 1801, 1673, 794, 1277, 1303, 1019, 710, 1297, 2166, 1950, 951, 1564, 1580, 1021, 696, 1116, 2184, 2096, 876, 1392, 1609, 1095, 775, 1053, 1670, 1707, 920, 1334, 1538, 1061, 739, 954, 1217, 1250, 852, 1059, 1248, 892, 674, 772, 899, 826, 660, 779, 806, 719, 626, 730, 905, 884, 786, 832, 818, 762, 707, 1021, 1095, 1056, 1058, 1055, 944, 797, 830, 781, 881, 785, 793, 847, 826, 665, 661, 630, 648, 595, 666, 644, 635, 658, 663, 724, 692, 651, 745, 970, 859, 547, 711, 925, 1132, 1105, 823, 1060, 1121, 752, 696, 1064, 1377, 1319, 965, 1083, 1189, 873, 779, 1079, 1369, 1380, 968, 1027, 1161, 855, 793, 808, 1162, 1039, 761, 957, 999, 673, 577, 707, 815, 698, 694, 866, 850, 667, 622, 671, 781, 694, 627, 639, 584, 574, 555, 595, 641, 631, 608, 612, 609, 664, 582, 524, 621, 703, 632, 560, 607, 674, 620, 758, 809, 691, 676, 745, 720, 609, 614, 843, 851, 601, 703, 794, 648, 510, 510, 764, 792, 722, 686, 711, 772, 724, 594, 700, 641, 673, 726, 726, 769, 660, 663, 558, 599, 656, 631, 720, 722, 659, 611, 593, 597, 564, 632, 683, 591, 612, 636, 695, 729, 602, 532, 700, 634, 517, 707, 687, 683, 610, 625, 762, 636, 470, 610, 662, 656, 555, 585, 770, 657, 456, 542, 597, 680, 643, 621, 694, 683, 507, 528, 598, 677, 673, 684, 671, 631, 478, 544, 644, 709, 658, 699, 714, 654, 593, 593, 716, 747, 657, 677, 778, 773, 660, 598, 624, 732, 725, 629, 794, 791, 679, 626, 575, 675, 684, 564, 813, 848, 643, 629, 564, 689, 709, 620, 708, 685, 595, 589, 595, 723, 666, 626, 743, 714, 591, 558, 611, 649, 669, 654, 701, 619, 616, 635, 659, 676, 735, 686, 596, 696, 702, 644, 682, 652, 729, 807, 773, 694, 620, 642, 755, 604, 607, 832, 798, 624, 555, 662, 725, 604, 622, 714, 740, 584, 628, 727, 690, 621, 644, 627, 693, 553, 562, 671, 486, 471, 577, 626, 564, 510, 528, 577, 621, 579, 538, 632, 603, 597, 574, 586, 654, 588, 546, 668, 665, 614, 639, 644, 740, 691, 651, 680, 720, 704, 678, 678, 670, 695, 641, 651, 646, 571, 644, 699, 641, 760, 603, 615, 718, 674, 682, 661, 644, 801, 721, 647, 706, 727, 699, 601, 872, 846, 760, 846, 829, 855, 716, 801, 924, 879, 773, 808, 745, 832, 696, 801, 800, 836, 736, 788, 770, 642, 557, 657, 744, 777, 601, 728, 810, 671, 548, 606, 709, 778, 780, 870, 934, 784, 642, 713, 695, 839, 717, 744, 881, 759, 564, 608, 648, 683, 715, 706, 771, 625, 593, 664, 676, 753, 733, 700, 746, 661, 614, 646, 630, 624, 694, 665, 667, 578, 657, 656, 625, 650, 589, 591, 636, 631, 506, 493, 756, 676, 579, 651, 701, 659, 584, 621, 809, 674, 641, 704, 723, 796, 653, 704, 798, 729, 701, 813, 764, 749, 684, 759, 709, 666, 700, 721, 691, 693, 602, 636, 652, 620, 633, 610, 607, 607, 610, 682, 892, 868, 750, 811, 766, 670, 651, 696, 999, 909, 798, 992, 884, 784, 791, 717, 1055, 932, 823, 1046, 986, 911, 841, 752, 1124, 1059, 951, 916, 865, 1082, 899, 685, 938, 814, 744, 791, 876, 1071, 822, 681, 733, 682, 627, 860, 969, 809, 627, 525, 668, 609, 986, 1057, 774, 828, 869, 747, 665, 620, 889, 1074, 841, 938, 1001, 846, 951, 747, 945, 1404, 1032, 797, 930, 857, 1151, 1080, 1132, 1542, 1151, 888, 994, 865, 966, 1082, 1014, 1166, 971, 913, 1020, 699, 814, 980, 826, 891, 836, 885, 879, 655, 792, 769, 816, 875, 852, 813, 838, 796, 707, 740, 761, 704, 862, 928, 852, 685, 845, 985, 799, 790, 813, 955, 912, 607, 972, 1086, 822, 785, 827, 1055, 942, 584, 937, 988, 786, 878, 962, 885, 735, 686, 1002, 921, 779, 958, 1020, 815, 722, 736, 966, 861, 626, 739, 827, 787, 584, 617, 790, 807, 568, 550, 651, 654, 556, 515, 699, 635, 404, 510, 733, 737, 524, 486, 758, 681, 494, 691, 801, 705, 498, 617, 686, 600, 687, 791, 743, 579, 539, 671, 805, 668, 759, 924, 788, 685, 614, 719, 678, 579, 657, 723, 619, 586, 527, 656, 564, 564, 622, 617, 517, 548, 497, 518]"
0.6313691139221191,-1.049493432044983,-0.4022063910961151,0.42333972454071045,0.09104704856872559,-0.3299686312675476,0.7497618198394775,-0.34001392126083374,0.9116649627685547,18.75,-0.29395145177841187,0.8471488952636719,17.25,-0.2720646262168884,-0.49796104431152344,19.75,-0.14088672399520874,0.7023811340332031,16.0,0.18841701745986938,-0.5219936370849609,16.0,"[454, 553, 551, 503, 489, 498, 552, 558, 475, 558, 582, 491, 514, 558, 624, 550, 492, 573, 600, 547, 536, 555, 492, 485, 533, 526, 506, 581, 592, 509, 436, 479, 495, 556, 560, 549, 492, 400, 450, 429, 466, 477, 568, 557, 452, 403, 467, 463, 546, 519, 473, 533, 513, 447, 475, 527, 571, 598, 468, 505, 583, 460, 451, 500, 507, 550, 518, 474, 538, 527, 508, 471, 623, 604, 569, 568, 626, 650, 580, 615, 597, 584, 584, 631, 600, 611, 666, 651, 608, 508, 510, 583, 556, 525, 502, 560, 647, 607, 501, 534, 564, 559, 498, 505, 587, 627, 572, 618, 614, 615, 546, 519, 518, 534, 592, 618, 579, 591, 577, 622, 613, 564, 649, 700, 619, 564, 671, 710, 560, 534, 523, 532, 537, 500, 489, 519, 414, 485, 532, 529, 520, 562, 494, 456, 568, 576, 627, 609, 568, 606, 562, 558, 591, 570, 553, 574, 560, 521, 534, 614, 600, 593, 611, 672, 570, 497, 538, 596, 529, 425, 607, 739, 651, 484, 439, 579, 391, 424, 540, 514, 488, 477, 483, 497, 671, 619, 567, 678, 908, 839, 655, 641, 1061, 1450, 1110, 1288, 2318, 2165, 1033, 814, 1686, 2422, 1609, 1861, 3570, 3224, 1382, 1172, 2401, 2829, 1511, 2459, 4221, 3304, 1098, 1430, 3838, 4425, 2691, 3193, 4946, 3602, 1267, 1917, 4912, 6629, 4241, 2481, 6053, 5520, 2265, 2125, 4234, 6150, 4163, 1935, 5817, 5522, 2270, 1675, 2485, 4066, 3209, 939, 3016, 3187, 1529, 784, 1752, 2984, 2600, 1179, 1862, 1881, 1054, 730, 1246, 1841, 1521, 884, 1340, 1172, 749, 621, 888, 1102, 885, 799, 979, 840, 647, 620, 942, 1397, 1383, 986, 1070, 1133, 774, 679, 1208, 1711, 1453, 1071, 1357, 1349, 875, 724, 1290, 2642, 2619, 1181, 1491, 2036, 1334, 734, 2588, 6151, 6122, 2160, 2969, 4305, 2547, 1285, 2794, 6118, 6083, 2424, 3201, 4384, 2587, 1430, 1749, 3069, 2876, 1454, 2037, 2386, 1480, 940, 1284, 1570, 1315, 1095, 1405, 1363, 928, 739, 1107, 1165, 926, 887, 1103, 978, 651, 714, 707, 673, 685, 695, 757, 648, 569, 688, 574, 562, 694, 606, 536, 581, 602, 551, 567, 584, 598, 584, 562, 618, 564, 433, 609, 757, 773, 743, 710, 677, 543, 544, 671, 785, 660, 651, 715, 753, 631, 487, 740, 748, 547, 598, 804, 734, 598, 595, 828, 809, 710, 688, 1137, 1169, 712, 688, 1193, 1605, 1427, 880, 2221, 2498, 1321, 758, 1358, 2013, 1856, 1042, 2379, 2807, 1607, 907, 1409, 1819, 1667, 1309, 1704, 1779, 1080, 857, 1237, 1236, 957, 1133, 1418, 1137, 622, 786, 1017, 1091, 842, 801, 1040, 970, 665, 719, 947, 963, 741, 735, 895, 874, 653, 608, 842, 917, 788, 745, 829, 765, 647, 624, 735, 699, 712, 684, 715, 672, 588, 642, 614, 659, 589, 637, 751, 671, 564, 560, 642, 529, 488, 654, 691, 553, 583, 590, 575, 577, 559, 711, 649, 584, 685, 558, 586, 703, 673, 716, 622, 540, 662, 588, 573, 610, 559, 677, 683, 660, 558, 561, 607, 645, 633, 526, 717, 773, 576, 557, 607, 572, 673, 641, 607, 569, 645, 656, 570, 524, 619, 587, 531, 511, 634, 659, 654, 629, 649, 598, 642, 664, 608, 670, 616, 621, 616, 599, 689, 689, 561, 573, 612, 599, 556, 635, 792, 766, 587, 597, 764, 645, 661, 675, 755, 813, 663, 750, 726, 714, 745, 651, 713, 890, 801, 722, 794, 780, 735, 679, 953, 966, 679, 638, 656, 711, 735, 624, 846, 922, 648, 623, 781, 771, 636, 638, 835, 801, 544, 618, 671, 693, 731, 711, 798, 701, 491, 601, 663, 692, 702, 619, 705, 746, 696, 653, 667, 639, 637, 633, 706, 687, 641, 654, 523, 642, 643, 541, 631, 677, 620, 562, 579, 650, 662, 594, 696, 677, 542, 516, 565, 575, 608, 645, 742, 688, 506, 570, 557, 583, 647, 609, 590, 589, 518, 587, 623, 625, 646, 599, 621, 630, 586, 625, 678, 672, 640, 646, 691, 662, 606, 662, 764, 680, 641, 829, 894, 783, 601, 666, 862, 724, 669, 1005, 1175, 966, 716, 831, 870, 661, 666, 978, 1214, 1048, 717, 857, 888, 697, 683, 941, 1155, 1015, 803, 793, 815, 856, 627, 878, 1032, 839, 755, 744, 810, 797, 617, 635, 755, 674, 498, 609, 662, 766, 762, 607, 672, 721, 690, 656, 637, 661, 791, 737, 682, 746, 761, 677, 590, 630, 767, 711, 738, 771, 657, 629, 699, 738, 821, 932, 978, 794, 703, 730, 690, 672, 697, 834, 797, 629, 613, 656, 588, 662, 735, 754, 619, 568, 650, 611, 618, 765, 749, 752, 738, 668, 717, 623, 1151, 1132, 823, 1164, 1076, 947, 1083, 816, 1641, 1463, 943, 1632, 1381, 1103, 1220, 936, 1445, 1135, 975, 1410, 1056, 862, 947, 900, 913, 803, 693, 805, 794, 771, 686, 679, 773, 644, 658, 814, 816, 782, 646, 717, 849, 694, 708, 843, 794, 877, 722, 800, 727, 765, 746, 742, 784, 899, 721, 668, 625, 618, 628, 625, 664, 700, 657, 624, 617, 610, 757, 852, 717, 689, 708, 615, 708, 638, 816, 1089, 899, 710, 759, 709, 749, 658, 724, 979, 956, 792, 767, 782, 719, 724, 871, 903, 755, 758, 824, 726, 768, 1083, 1588, 1464, 950, 1230, 1338, 1083, 928, 1508, 2521, 2217, 1185, 1609, 1833, 1564, 1027, 1558, 2730, 2345, 1257, 1622, 1857, 1620, 844, 1248, 1945, 1629, 1029, 1286, 1453, 1361, 849, 849, 946, 897, 874, 928, 1003, 937, 849, 677, 650, 851, 764, 670, 675, 745, 905, 1049, 889, 722, 868, 829, 831, 835, 894, 1060, 803, 719, 840, 869, 746, 652, 800, 885, 832, 841, 872, 826, 685, 734, 827, 736, 912, 1023, 851, 769, 797, 702, 881, 745, 1105, 1199, 915, 847, 746, 816, 758, 777, 1004, 985, 740, 825, 786, 813, 717, 775, 910, 843, 659, 648, 724, 685, 530, 645, 682, 642, 659, 645, 602, 500, 511, 572, 677, 617, 516, 595, 632, 650, 514, 479, 542, 557, 603, 571, 552, 580, 474, 466, 552, 560, 565, 512, 450, 502, 466, 508, 613, 610, 544, 520, 584, 555, 478, 484, 625, 596, 511, 549, 631, 604, 585, 552, 564, 578, 587, 660, 597, 524, 535, 475, 498, 497, 549, 548, 455, 457]"
0.6409421563148499,-0.4760515093803406,-0.5018512010574341,0.35464417934417725,0.9084427952766418,-0.46010681986808777,0.49265244603157043,-0.44200652837753296,-0.5189895629882812,19.0,-0.27520889043807983,-0.4786491394042969,20.75,-0.2178453803062439,0.6686210632324219,19.5,-0.16649001836776733,-0.44302940368652344,19.5,0.06468063592910767,0.4444599151611328,19.5,"[491, 554, 551, 589, 575, 590, 552, 554, 468, 529, 513, 567, 669, 613, 584, 508, 509, 507, 524, 613, 589, 551, 545, 540, 502, 596, 573, 542, 498, 454, 552, 525, 434, 590, 596, 491, 436, 466, 511, 411, 536, 537, 581, 509, 488, 558, 501, 456, 575, 526, 547, 556, 562, 547, 526, 557, 553, 489, 519, 567, 579, 545, 508, 548, 487, 516, 495, 541, 560, 502, 502, 520, 452, 536, 545, 512, 524, 603, 563, 454, 568, 570, 546, 505, 551, 554, 489, 509, 523, 526, 482, 515, 492, 495, 495, 529, 502, 608, 554, 501, 508, 544, 499, 423, 653, 724, 566, 536, 667, 619, 613, 593, 501, 529, 582, 576, 552, 518, 507, 560, 582, 510, 523, 482, 555, 547, 482, 540, 618, 553, 443, 464, 503, 564, 524, 521, 473, 474, 481, 513, 463, 548, 568, 529, 526, 496, 485, 484, 548, 569, 503, 569, 525, 493, 475, 581, 626, 557, 530, 591, 706, 733, 693, 850, 1005, 875, 607, 531, 1946, 2506, 1929, 2115, 2966, 2539, 1413, 878, 3016, 4951, 3842, 2535, 5116, 5058, 2582, 872, 2912, 6042, 5400, 1515, 4866, 5943, 3188, 832, 2352, 5129, 5011, 2276, 4207, 5260, 2952, 1178, 4077, 5683, 3834, 3722, 7363, 6377, 2478, 1609, 4466, 6361, 3720, 2866, 7046, 6378, 2535, 1439, 3035, 4380, 2734, 1677, 4188, 3799, 1832, 975, 1903, 2805, 2066, 1283, 2415, 2190, 1168, 791, 1069, 1677, 1641, 1080, 1232, 1214, 867, 748, 1104, 1834, 1734, 963, 1238, 1187, 844, 805, 1462, 1772, 1384, 1239, 1513, 1127, 826, 963, 1620, 1869, 1442, 1241, 1292, 1138, 932, 1015, 1479, 2244, 1844, 1185, 1328, 1298, 1099, 964, 2477, 5445, 5213, 1888, 2528, 3269, 2061, 1343, 5254, 11429, 10713, 3584, 5435, 6776, 3513, 2371, 5891, 11823, 10783, 3902, 6079, 6907, 3665, 2618, 3786, 6459, 5529, 2603, 3934, 3777, 2152, 1723, 1924, 2554, 2008, 1466, 2029, 1715, 1122, 1084, 1089, 1179, 947, 925, 1081, 879, 792, 826, 740, 711, 659, 597, 659, 667, 623, 685, 720, 624, 635, 697, 658, 579, 627, 689, 658, 604, 655, 652, 643, 619, 673, 698, 619, 658, 735, 610, 653, 633, 625, 689, 642, 717, 617, 700, 699, 502, 541, 604, 675, 647, 618, 724, 756, 523, 590, 686, 631, 612, 567, 589, 569, 522, 539, 566, 643, 657, 703, 615, 549, 600, 552, 603, 657, 700, 851, 768, 797, 761, 606, 680, 999, 968, 998, 1131, 1190, 875, 890, 989, 1689, 2402, 1946, 1367, 1953, 1955, 1266, 1060, 2218, 3404, 2618, 1355, 2913, 2842, 1439, 930, 2407, 3223, 2108, 1142, 2683, 2481, 1258, 834, 2234, 2847, 1724, 1301, 2505, 2176, 1075, 890, 1383, 1649, 1142, 1106, 1676, 1380, 930, 900, 750, 913, 869, 711, 827, 775, 748, 682, 686, 951, 944, 731, 924, 893, 705, 626, 725, 811, 821, 690, 777, 687, 571, 613, 608, 745, 687, 559, 642, 675, 619, 580, 643, 701, 729, 617, 630, 691, 607, 639, 643, 642, 674, 626, 654, 736, 636, 618, 668, 741, 747, 666, 690, 732, 649, 666, 589, 792, 827, 616, 629, 728, 535, 502, 626, 791, 850, 591, 661, 770, 681, 648, 630, 753, 810, 664, 603, 638, 584, 642, 657, 683, 681, 651, 637, 613, 574, 588, 676, 607, 611, 706, 708, 616, 546, 597, 633, 586, 579, 760, 708, 537, 536, 665, 669, 657, 568, 650, 621, 446, 617, 706, 472, 613, 556, 541, 598, 653, 727, 606, 639, 689, 600, 595, 662, 685, 629, 573, 731, 704, 635, 700, 764, 689, 593, 635, 750, 840, 724, 675, 853, 816, 570, 609, 763, 849, 790, 844, 1043, 933, 659, 699, 770, 859, 768, 834, 990, 931, 783, 673, 686, 760, 832, 902, 916, 774, 807, 728, 616, 685, 666, 727, 759, 638, 572, 598, 673, 745, 613, 640, 707, 662, 553, 576, 648, 681, 705, 607, 698, 666, 596, 648, 625, 638, 665, 680, 750, 716, 666, 710, 680, 709, 706, 929, 904, 863, 796, 670, 676, 703, 798, 1085, 1066, 1062, 957, 656, 831, 844, 930, 1283, 1331, 1223, 1015, 724, 847, 799, 830, 1086, 1141, 992, 855, 755, 642, 713, 759, 861, 868, 768, 716, 700, 517, 646, 799, 816, 656, 557, 727, 673, 533, 618, 669, 657, 561, 541, 569, 597, 598, 663, 711, 696, 669, 692, 718, 711, 635, 585, 694, 846, 676, 581, 725, 708, 634, 604, 640, 807, 724, 577, 648, 637, 570, 648, 626, 601, 547, 457, 577, 562, 560, 642, 649, 598, 584, 598, 669, 631, 641, 652, 629, 572, 552, 613, 627, 576, 647, 650, 664, 663, 642, 668, 696, 613, 970, 846, 743, 773, 827, 1011, 895, 708, 926, 898, 785, 912, 891, 998, 857, 668, 669, 670, 612, 769, 771, 642, 672, 573, 670, 742, 799, 886, 894, 889, 803, 547, 853, 904, 1081, 890, 891, 1000, 825, 625, 806, 933, 1020, 856, 750, 906, 764, 662, 774, 919, 924, 782, 825, 929, 898, 626, 1077, 1089, 1033, 1098, 1133, 1145, 994, 658, 1170, 1071, 1191, 1365, 1087, 1136, 992, 725, 954, 859, 1030, 1088, 832, 997, 1013, 781, 805, 750, 1045, 1040, 821, 810, 855, 711, 795, 830, 946, 946, 793, 1006, 958, 768, 984, 1340, 1826, 1565, 1023, 1442, 1671, 1420, 1111, 1753, 2894, 2378, 1226, 1910, 2508, 2164, 849, 1318, 1740, 1439, 1052, 1238, 1572, 1146, 1087, 1178, 1806, 1984, 1315, 965, 983, 927, 952, 1069, 1752, 1622, 1041, 1123, 1034, 1065, 801, 1010, 1139, 797, 831, 1093, 872, 656, 863, 1062, 1099, 899, 808, 1024, 898, 691, 836, 1094, 1114, 904, 815, 1002, 937, 707, 819, 866, 907, 900, 875, 927, 915, 715, 960, 877, 802, 946, 1043, 987, 874, 781, 1094, 925, 813, 1170, 1178, 894, 746, 817, 1092, 812, 807, 1105, 1051, 783, 652, 903, 761, 677, 594, 697, 849, 770, 562, 627, 597, 665, 718, 649, 680, 701, 661, 527, 686, 783, 789, 705, 593, 648, 715, 539, 621, 730, 704, 551, 510, 648, 560, 531, 533, 579, 564, 475, 563, 624, 538, 458, 538, 471, 454, 513, 556, 520, 554, 594, 615, 536, 527, 652, 593, 518, 627, 593, 563, 542, 485, 513, 563, 612, 532, 460, 545, 478, 504, 505, 545, 613, 582, 506, 425, 497, 477, 422, 465, 612, 616, 458]"
0.6599294543266296,-0.03445127606391907,-0.6939506530761719,0.34982365369796753,1.417060375213623,-0.6516983509063721,0.39222991466522217,-0.32745110988616943,0.7531642913818359,19.25,-0.3037046194076538,0.81024169921875,23.75,-0.06366479396820068,-0.3247261047363281,-31.25,-0.032050490379333496,-0.2762317657470703,27.75,0.061791062355041504,0.37479400634765625,29.75,"[567, 644, 667, 610, 548, 609, 669, 646, 558, 557, 636, 581, 636, 624, 620, 688, 516, 500, 578, 576, 560, 587, 502, 574, 491, 539, 582, 590, 594, 570, 492, 477, 481, 582, 548, 505, 551, 604, 583, 414, 527, 505, 601, 649, 577, 601, 615, 518, 471, 468, 587, 615, 504, 497, 560, 604, 581, 608, 632, 580, 515, 435, 519, 597, 459, 475, 508, 465, 523, 479, 424, 470, 535, 579, 578, 586, 550, 573, 539, 510, 486, 489, 478, 456, 449, 463, 604, 531, 579, 517, 450, 519, 536, 454, 474, 536, 578, 524, 463, 533, 513, 411, 465, 508, 600, 505, 439, 556, 474, 405, 457, 509, 597, 570, 580, 508, 564, 618, 550, 576, 539, 598, 603, 530, 596, 616, 630, 632, 585, 595, 614, 576, 515, 583, 568, 559, 522, 560, 647, 602, 545, 552, 512, 508, 1002, 2105, 2487, 1492, 1237, 2129, 1790, 953, 4316, 11546, 12722, 5042, 6487, 11978, 9127, 3113, 8215, 20817, 22184, 7474, 13021, 22618, 16654, 4682, 6444, 14347, 14933, 6058, 10231, 15805, 11367, 3701, 1868, 3261, 3482, 3288, 4456, 4724, 3291, 1838, 5864, 10445, 7888, 2966, 10343, 10960, 5404, 1358, 6668, 11205, 8056, 2738, 10112, 10316, 4802, 1051, 3299, 5612, 4215, 1443, 4960, 5182, 2536, 744, 2447, 4505, 3576, 1310, 3282, 3374, 1796, 875, 1999, 4041, 3639, 1430, 2008, 2175, 1581, 1065, 1136, 2694, 2929, 1513, 1072, 1513, 1420, 1188, 930, 1597, 1619, 948, 955, 1155, 1039, 761, 1048, 1552, 1445, 1034, 1155, 1164, 830, 664, 622, 1250, 1524, 1111, 807, 1090, 810, 658, 1400, 3907, 4314, 1964, 1649, 2819, 1821, 1154, 3085, 7710, 8033, 3371, 3256, 4985, 3039, 1981, 3002, 7057, 7233, 3235, 3024, 4169, 2640, 1987, 1425, 2509, 2466, 1452, 1347, 1474, 1375, 1156, 848, 904, 710, 722, 933, 865, 745, 729, 680, 824, 851, 643, 685, 674, 658, 647, 588, 667, 691, 685, 737, 704, 518, 531, 697, 631, 686, 683, 689, 615, 528, 609, 759, 863, 761, 554, 765, 798, 642, 570, 764, 1003, 892, 567, 852, 1007, 811, 531, 764, 890, 897, 726, 884, 920, 782, 682, 725, 818, 991, 789, 812, 921, 815, 714, 666, 929, 1056, 758, 870, 967, 774, 648, 578, 809, 859, 601, 822, 842, 634, 614, 800, 858, 740, 660, 869, 830, 700, 698, 843, 815, 785, 792, 862, 764, 751, 838, 1050, 1301, 1208, 877, 1076, 1052, 837, 869, 1522, 1866, 1471, 1325, 2091, 1876, 981, 990, 1763, 2192, 1829, 1544, 3115, 3128, 1650, 1114, 1871, 2630, 2458, 1774, 3289, 3695, 2080, 1240, 2123, 2438, 2223, 2231, 2865, 2914, 1589, 1259, 2657, 3886, 3079, 2127, 3853, 3699, 1689, 1064, 2490, 3661, 2688, 1869, 3846, 3610, 1660, 1162, 1650, 2439, 1832, 1171, 2545, 2332, 1259, 863, 831, 1310, 1086, 715, 1439, 1578, 1023, 591, 782, 906, 765, 714, 1127, 1030, 708, 617, 782, 832, 718, 654, 733, 758, 629, 633, 777, 875, 763, 627, 806, 853, 758, 676, 727, 789, 727, 597, 822, 806, 705, 659, 758, 775, 770, 738, 800, 753, 659, 685, 790, 851, 847, 853, 1016, 978, 756, 665, 624, 707, 659, 759, 931, 855, 625, 533, 582, 598, 683, 543, 598, 684, 639, 619, 566, 658, 707, 579, 598, 675, 693, 648, 542, 687, 791, 681, 676, 703, 651, 647, 570, 689, 702, 694, 752, 696, 544, 527, 607, 624, 538, 576, 655, 634, 499, 485, 702, 800, 573, 637, 777, 721, 530, 513, 744, 802, 754, 739, 789, 692, 696, 656, 767, 784, 686, 758, 776, 688, 669, 664, 625, 664, 613, 687, 786, 709, 643, 690, 651, 603, 593, 633, 734, 716, 648, 758, 673, 682, 572, 672, 917, 833, 666, 709, 748, 736, 610, 755, 983, 856, 645, 696, 710, 710, 584, 760, 943, 824, 589, 606, 600, 689, 783, 779, 802, 776, 680, 632, 592, 689, 796, 770, 688, 684, 641, 601, 693, 800, 769, 753, 792, 859, 683, 618, 946, 877, 864, 1028, 1028, 1125, 1038, 873, 811, 731, 792, 1055, 1050, 1026, 899, 709, 630, 697, 752, 767, 724, 706, 719, 617, 743, 846, 688, 706, 713, 746, 825, 597, 788, 751, 676, 631, 729, 756, 717, 666, 783, 785, 735, 601, 780, 827, 726, 799, 579, 741, 723, 539, 635, 639, 601, 631, 578, 697, 653, 626, 668, 723, 729, 678, 570, 642, 678, 710, 657, 648, 748, 663, 611, 680, 718, 796, 730, 701, 695, 608, 688, 722, 634, 682, 659, 583, 566, 576, 717, 710, 613, 734, 778, 700, 666, 734, 951, 1101, 772, 805, 1033, 1052, 925, 760, 1051, 1271, 811, 861, 1250, 1052, 822, 723, 994, 1070, 833, 847, 983, 844, 537, 752, 976, 1099, 815, 811, 928, 872, 622, 668, 839, 822, 622, 680, 719, 739, 591, 647, 898, 676, 551, 791, 736, 586, 551, 707, 922, 752, 614, 1033, 947, 696, 639, 624, 909, 749, 751, 1060, 987, 815, 749, 703, 711, 618, 720, 849, 794, 672, 725, 705, 653, 811, 726, 661, 717, 776, 773, 587, 654, 778, 737, 751, 802, 803, 716, 635, 857, 828, 768, 873, 964, 846, 679, 806, 644, 615, 708, 773, 712, 632, 601, 626, 692, 635, 882, 899, 708, 916, 897, 781, 1219, 1200, 2419, 2241, 1126, 1841, 2177, 1721, 1517, 1709, 3485, 3225, 1339, 2091, 2617, 2284, 1321, 1333, 2584, 2500, 1204, 1483, 1854, 1684, 1014, 898, 1425, 1491, 958, 913, 1006, 1123, 909, 749, 1197, 1120, 798, 845, 872, 973, 841, 968, 1170, 896, 930, 1157, 1198, 1047, 1136, 1379, 1479, 1311, 1275, 1233, 1125, 937, 1186, 1399, 1482, 1344, 1234, 1055, 916, 805, 894, 922, 887, 967, 776, 807, 919, 705, 893, 992, 1229, 1330, 1065, 1067, 1118, 872, 767, 1061, 1277, 1204, 1122, 1227, 1239, 850, 671, 808, 958, 852, 870, 1082, 999, 696, 746, 628, 836, 801, 684, 757, 731, 679, 771, 797, 817, 764, 672, 767, 723, 685, 699, 814, 973, 890, 685, 661, 704, 748, 589, 661, 857, 790, 572, 574, 694, 719, 636, 619, 635, 557, 617, 656, 629, 607, 544, 595, 663, 551, 533, 683, 664, 532, 421, 576, 618, 576, 509, 506, 532, 474, 538, 587, 606, 572, 511, 615, 630, 470, 695, 685, 699, 764, 596, 712, 690, 519, 650, 585, 656, 651, 463, 668, 644, 526]"
0.6968730092048645,0.107254758477211,-0.7591204643249512,0.38904663920402527,1.417060375213623,-0.6516983509063721,0.39222991466522217,0.07493534684181213,0.25391578674316406,17.5,0.10583439469337463,0.19683837890625,16.75,0.226283460855484,0.24590492248535156,17.0,0.2297166883945465,0.30426979064941406,18.0,0.29466190934181213,-0.10399818420410156,15.75,"[503, 589, 650, 650, 689, 649, 650, 595, 508, 515, 576, 647, 631, 634, 587, 538, 638, 527, 532, 618, 553, 491, 496, 616, 636, 508, 503, 416, 427, 471, 464, 556, 573, 614, 544, 420, 411, 524, 478, 475, 590, 551, 453, 529, 498, 526, 488, 502, 545, 507, 403, 478, 523, 469, 483, 484, 484, 551, 500, 559, 475, 499, 589, 450, 450, 427, 460, 482, 480, 403, 426, 480, 456, 445, 477, 464, 435, 428, 408, 451, 434, 513, 548, 548, 551, 536, 537, 476, 543, 575, 558, 586, 641, 601, 589, 579, 603, 570, 566, 574, 665, 659, 496, 539, 697, 620, 529, 590, 628, 527, 509, 621, 558, 570, 482, 597, 510, 478, 558, 460, 627, 623, 479, 602, 621, 641, 568, 474, 657, 544, 422, 463, 551, 587, 539, 526, 635, 582, 564, 584, 593, 579, 536, 526, 540, 665, 621, 598, 619, 584, 615, 533, 701, 1166, 1399, 1019, 742, 1367, 1456, 950, 1041, 2039, 2411, 1373, 1289, 2771, 2713, 1481, 1765, 3424, 3532, 1608, 2470, 3896, 3270, 1730, 2434, 4323, 4094, 1824, 3061, 4615, 3864, 1668, 1755, 3261, 3190, 1420, 1976, 3536, 3201, 1356, 1366, 2224, 1900, 907, 1051, 1784, 1767, 849, 1154, 1635, 1243, 819, 914, 896, 784, 552, 796, 1133, 1313, 988, 833, 985, 888, 765, 733, 1357, 1776, 1263, 700, 1023, 1198, 1005, 726, 1065, 1567, 1353, 781, 917, 1043, 1065, 800, 1042, 1053, 765, 858, 887, 847, 779, 765, 1175, 1172, 776, 814, 1148, 1056, 712, 727, 1320, 1458, 926, 822, 1119, 1105, 807, 1075, 2228, 2221, 1253, 1623, 1776, 1076, 808, 1098, 2213, 2214, 1299, 1876, 2028, 1052, 774, 796, 1366, 1433, 944, 1179, 1247, 817, 609, 593, 918, 993, 828, 797, 739, 757, 615, 532, 772, 861, 749, 777, 725, 631, 635, 610, 677, 700, 632, 784, 821, 618, 540, 592, 668, 743, 661, 653, 743, 640, 552, 763, 740, 817, 769, 733, 770, 664, 716, 863, 890, 835, 722, 880, 853, 711, 716, 893, 993, 866, 747, 944, 907, 725, 693, 1084, 918, 692, 849, 812, 736, 746, 865, 1125, 1074, 899, 987, 953, 1204, 1031, 785, 809, 1053, 967, 864, 1020, 1083, 912, 690, 650, 871, 897, 666, 1024, 1033, 728, 724, 730, 702, 743, 587, 868, 1025, 811, 714, 510, 537, 590, 575, 644, 724, 774, 712, 674, 876, 769, 732, 1025, 958, 780, 747, 1080, 1182, 868, 863, 1492, 1359, 682, 953, 1255, 1481, 1123, 1150, 1773, 1609, 917, 902, 1430, 1965, 2017, 1822, 2056, 2148, 1542, 1029, 1547, 2031, 2319, 2254, 2507, 2497, 1682, 1204, 1261, 1820, 1902, 1681, 2068, 2176, 1415, 1039, 1061, 1497, 1457, 851, 1333, 1599, 1150, 781, 1487, 1724, 1347, 1329, 1646, 1434, 1002, 1064, 1689, 2082, 1613, 1401, 1936, 1839, 1151, 1157, 1268, 1659, 1368, 1078, 1643, 1735, 1020, 885, 844, 1020, 1003, 953, 1030, 1062, 837, 760, 700, 890, 830, 624, 822, 887, 800, 694, 756, 843, 692, 612, 849, 920, 777, 617, 713, 778, 649, 575, 703, 851, 735, 567, 865, 1010, 854, 688, 650, 676, 776, 654, 805, 1047, 938, 654, 698, 713, 685, 608, 518, 748, 802, 664, 639, 671, 680, 592, 516, 653, 695, 657, 616, 682, 675, 574, 633, 691, 701, 572, 589, 623, 642, 662, 584, 674, 665, 616, 662, 670, 644, 573, 571, 599, 626, 680, 674, 667, 727, 609, 551, 589, 548, 679, 731, 675, 684, 562, 642, 702, 607, 581, 678, 709, 638, 554, 739, 891, 736, 525, 742, 788, 668, 547, 691, 775, 670, 511, 637, 707, 602, 595, 683, 579, 573, 631, 677, 663, 592, 673, 583, 715, 775, 671, 672, 737, 687, 680, 685, 721, 729, 696, 705, 701, 692, 692, 629, 712, 673, 627, 746, 751, 685, 663, 696, 893, 743, 781, 995, 840, 731, 676, 746, 830, 668, 728, 946, 852, 601, 669, 842, 784, 715, 739, 963, 945, 712, 769, 725, 756, 760, 732, 836, 800, 728, 747, 670, 715, 792, 818, 771, 802, 788, 745, 529, 707, 848, 754, 603, 757, 787, 559, 505, 622, 766, 765, 604, 755, 819, 599, 622, 629, 660, 591, 705, 733, 679, 628, 613, 653, 708, 714, 792, 704, 689, 717, 668, 708, 769, 679, 750, 750, 687, 674, 669, 721, 720, 740, 723, 731, 722, 721, 657, 661, 636, 730, 725, 731, 760, 698, 581, 654, 582, 602, 604, 641, 708, 538, 602, 717, 657, 610, 713, 657, 658, 584, 684, 758, 753, 879, 930, 725, 748, 743, 683, 788, 818, 878, 836, 752, 917, 828, 805, 769, 820, 789, 823, 806, 938, 944, 635, 688, 790, 636, 701, 733, 725, 692, 634, 744, 779, 658, 720, 794, 656, 620, 735, 730, 591, 652, 789, 744, 550, 569, 654, 619, 613, 778, 680, 550, 691, 622, 756, 663, 732, 811, 787, 696, 608, 647, 802, 706, 774, 786, 747, 754, 741, 780, 823, 654, 757, 711, 655, 668, 748, 871, 732, 627, 821, 834, 678, 739, 769, 770, 557, 627, 762, 759, 628, 628, 707, 585, 704, 667, 632, 699, 777, 720, 694, 665, 733, 680, 626, 721, 746, 662, 612, 596, 709, 591, 760, 813, 742, 714, 638, 695, 847, 871, 1311, 1360, 1020, 857, 928, 931, 796, 952, 1478, 1423, 915, 823, 934, 949, 612, 636, 846, 894, 755, 661, 743, 656, 763, 928, 1235, 1254, 1031, 789, 694, 768, 797, 1086, 1108, 1015, 874, 897, 804, 889, 785, 905, 832, 861, 810, 784, 838, 834, 726, 694, 722, 959, 843, 685, 778, 670, 834, 955, 877, 865, 933, 1003, 987, 758, 942, 1196, 1141, 907, 925, 1221, 1056, 786, 826, 910, 1104, 910, 799, 1074, 987, 761, 831, 924, 886, 889, 874, 872, 772, 646, 760, 756, 724, 667, 684, 655, 694, 675, 766, 700, 734, 714, 675, 725, 736, 679, 726, 672, 618, 737, 706, 686, 642, 625, 668, 648, 612, 690, 679, 550, 561, 559, 682, 645, 725, 735, 680, 608, 521, 611, 574, 513, 563, 598, 592, 585, 462, 536, 639, 588, 621, 511, 586, 673, 494, 562, 589, 473, 433, 481, 561, 544, 445, 541, 464, 478, 448, 470, 545, 513, 505, 488, 454, 474, 432, 410, 462, 507, 507, 478, 496, 514, 500, 433, 480, 583, 528, 459]"
0.7664291262626648,0.5991520881652832,-0.8518236875534058,0.4523693323135376,0.0,0.0,0.0,-0.15282249450683594,0.7760524749755859,15.75,0.3249683380126953,-0.17423629760742188,19.75,0.33841514587402344,0.32830238342285156,16.25,0.34342193603515625,-0.20499229431152344,23.75,0.3527202606201172,0.15649795532226562,21.5,"[573, 629, 635, 586, 573, 584, 638, 632, 469, 533, 577, 595, 549, 611, 632, 468, 562, 550, 590, 545, 594, 641, 554, 556, 579, 554, 574, 535, 606, 606, 530, 557, 489, 490, 536, 515, 515, 532, 511, 528, 459, 479, 470, 495, 468, 485, 484, 478, 470, 485, 529, 496, 437, 460, 437, 505, 474, 500, 556, 494, 487, 462, 480, 487, 590, 533, 502, 486, 469, 428, 471, 561, 642, 551, 606, 592, 536, 494, 565, 716, 565, 503, 531, 588, 545, 501, 561, 621, 586, 608, 521, 523, 561, 526, 507, 534, 595, 638, 545, 483, 504, 470, 519, 569, 621, 680, 616, 535, 587, 609, 518, 517, 464, 483, 496, 497, 509, 535, 460, 420, 560, 519, 558, 558, 538, 488, 496, 539, 466, 506, 565, 569, 572, 468, 523, 557, 546, 517, 557, 578, 587, 552, 521, 536, 611, 651, 636, 614, 601, 579, 530, 587, 718, 668, 639, 680, 678, 677, 797, 858, 1252, 817, 1222, 1190, 934, 1414, 2270, 2183, 1532, 3218, 4686, 3625, 1162, 3424, 5017, 4047, 1939, 6146, 8385, 5421, 1854, 5671, 6530, 4212, 1710, 5377, 6683, 3764, 2049, 4797, 4377, 2304, 1424, 2951, 3779, 2484, 1891, 2936, 2886, 1864, 1088, 2680, 4019, 2936, 1347, 3139, 3457, 2067, 989, 2598, 3037, 1818, 978, 2186, 2305, 1442, 1321, 2224, 1984, 836, 1164, 1376, 1013, 738, 743, 1044, 930, 694, 670, 659, 618, 590, 927, 1634, 1475, 668, 1054, 1184, 924, 630, 1508, 3187, 2938, 927, 1701, 2025, 1252, 752, 1347, 3047, 3013, 1120, 1567, 1899, 1018, 786, 1026, 1866, 1815, 884, 1163, 1399, 911, 651, 842, 1276, 1193, 726, 976, 1014, 716, 575, 867, 1415, 1324, 798, 1026, 1202, 871, 609, 763, 1100, 991, 744, 1068, 1142, 799, 598, 789, 1268, 1195, 605, 858, 1123, 887, 592, 724, 1001, 973, 672, 624, 799, 746, 648, 652, 719, 662, 608, 640, 602, 622, 595, 902, 1064, 791, 608, 893, 861, 639, 632, 942, 1131, 763, 635, 978, 943, 717, 669, 654, 797, 848, 760, 741, 764, 671, 639, 645, 717, 750, 701, 679, 658, 633, 597, 622, 838, 744, 564, 720, 748, 636, 578, 617, 740, 691, 533, 662, 711, 665, 611, 578, 769, 748, 561, 701, 758, 634, 579, 598, 673, 678, 624, 598, 693, 656, 605, 673, 769, 677, 717, 676, 614, 592, 575, 659, 680, 652, 637, 657, 700, 679, 604, 831, 808, 708, 725, 888, 867, 685, 719, 824, 915, 722, 673, 907, 895, 663, 678, 1157, 1248, 883, 1200, 1548, 1397, 901, 888, 2480, 2293, 1704, 2349, 2644, 2181, 1650, 1870, 3233, 3003, 2777, 3432, 3374, 2996, 2462, 1992, 2968, 2890, 2784, 3095, 3145, 2999, 2363, 1506, 2076, 1984, 1656, 1777, 2189, 2356, 1484, 1267, 1131, 1267, 1221, 1106, 1441, 1487, 1195, 1052, 861, 1016, 1126, 969, 926, 1130, 1074, 860, 771, 866, 989, 899, 775, 945, 928, 815, 816, 701, 837, 843, 781, 800, 852, 936, 767, 806, 872, 758, 609, 637, 769, 811, 806, 870, 786, 665, 613, 596, 590, 698, 624, 688, 718, 637, 569, 614, 595, 571, 560, 618, 722, 706, 640, 684, 723, 613, 575, 532, 630, 670, 612, 628, 682, 696, 654, 559, 594, 637, 646, 684, 686, 711, 560, 618, 632, 634, 568, 596, 656, 575, 630, 626, 655, 640, 588, 637, 617, 580, 768, 734, 672, 671, 715, 691, 601, 601, 787, 790, 750, 715, 715, 775, 611, 604, 703, 700, 704, 689, 688, 679, 746, 663, 666, 644, 687, 660, 648, 624, 708, 691, 548, 606, 602, 622, 738, 768, 638, 525, 658, 646, 539, 607, 762, 765, 648, 576, 634, 677, 628, 671, 738, 675, 740, 688, 553, 592, 599, 629, 573, 573, 695, 656, 560, 522, 574, 705, 692, 578, 626, 584, 706, 707, 603, 687, 858, 770, 638, 576, 699, 740, 708, 672, 799, 816, 736, 634, 780, 705, 597, 759, 828, 713, 656, 734, 744, 682, 575, 662, 711, 559, 499, 666, 692, 698, 671, 729, 732, 640, 647, 683, 601, 641, 656, 713, 693, 633, 669, 692, 569, 606, 711, 654, 599, 606, 637, 652, 523, 725, 711, 540, 531, 570, 599, 601, 662, 728, 668, 600, 654, 566, 631, 663, 741, 724, 594, 566, 659, 667, 602, 581, 724, 634, 579, 566, 658, 666, 577, 575, 628, 598, 605, 611, 593, 587, 598, 640, 590, 634, 605, 589, 518, 541, 627, 618, 779, 747, 601, 580, 648, 584, 619, 647, 893, 935, 638, 819, 955, 731, 684, 672, 812, 808, 591, 835, 934, 687, 683, 731, 691, 687, 699, 836, 823, 638, 682, 662, 515, 666, 763, 759, 593, 631, 773, 703, 570, 711, 742, 701, 698, 693, 739, 641, 822, 617, 660, 951, 997, 768, 807, 917, 1009, 696, 719, 1009, 1076, 848, 807, 1009, 769, 623, 705, 766, 806, 730, 614, 773, 537, 531, 712, 680, 581, 674, 771, 668, 539, 620, 628, 582, 643, 706, 567, 468, 619, 633, 655, 612, 605, 647, 569, 565, 547, 651, 592, 550, 583, 560, 602, 527, 765, 700, 590, 594, 583, 647, 649, 581, 666, 630, 534, 620, 550, 615, 596, 565, 649, 632, 634, 663, 500, 637, 728, 648, 877, 787, 821, 828, 776, 790, 1126, 1162, 1426, 943, 907, 1169, 1164, 1022, 1644, 2005, 1476, 967, 817, 1383, 1245, 1067, 1643, 1880, 892, 762, 826, 1223, 1110, 833, 1182, 1181, 1242, 755, 972, 1627, 1427, 779, 995, 1178, 1132, 640, 966, 1419, 1195, 681, 901, 1231, 729, 654, 785, 942, 739, 571, 818, 800, 838, 702, 1053, 1297, 966, 670, 1044, 1063, 1026, 914, 1084, 1439, 1192, 712, 1159, 1203, 1202, 1251, 1784, 1815, 1246, 854, 1337, 1498, 994, 1218, 1764, 1606, 985, 759, 1153, 1306, 788, 1072, 1434, 1212, 727, 734, 946, 977, 625, 738, 1142, 1042, 578, 650, 915, 806, 494, 634, 812, 729, 501, 672, 685, 560, 444, 484, 524, 466, 546, 633, 587, 453, 490, 549, 569, 571, 520, 538, 554, 485, 531, 531, 521, 537, 516, 531, 591, 523, 514, 493, 465, 427, 491, 494, 445, 510, 476, 427, 554, 582, 490, 449, 486, 538, 506, 507, 551, 559, 491, 493, 526, 520, 452, 516, 558, 476, 405, 441, 521, 492, 409, 478, 514, 529, 466, 451, 526, 434]"
0.8116660714149475,0.5991520881652832,-0.8518236875534058,0.4523693323135376,0.0,0.0,0.0,0.4765264391899109,-0.2197265625,23.25,0.5390397906303406,-0.2536296844482422,16.25,0.5477659106254578,-0.11301040649414062,17.25,1.430820643901825,0.9728908538818359,18.5,1.6967527270317078,-0.1835346221923828,20.75,"[461, 656, 690, 618, 620, 620, 695, 661, 536, 594, 637, 642, 619, 620, 608, 594, 569, 506, 545, 678, 653, 618, 513, 616, 568, 533, 569, 532, 531, 574, 576, 579, 503, 555, 508, 517, 499, 559, 592, 455, 477, 539, 493, 519, 579, 465, 504, 511, 483, 554, 552, 576, 572, 523, 620, 586, 591, 628, 565, 494, 510, 538, 631, 610, 476, 427, 522, 484, 366, 492, 605, 570, 589, 565, 533, 499, 501, 587, 595, 564, 560, 543, 560, 543, 523, 580, 556, 576, 536, 510, 530, 526, 541, 536, 526, 546, 507, 537, 531, 553, 602, 624, 529, 477, 473, 504, 457, 510, 609, 516, 455, 482, 591, 587, 569, 649, 660, 519, 504, 568, 588, 606, 582, 654, 656, 541, 613, 655, 537, 489, 441, 473, 548, 503, 497, 517, 529, 516, 547, 548, 516, 586, 595, 555, 503, 393, 594, 658, 481, 525, 634, 622, 443, 437, 550, 562, 570, 517, 560, 539, 538, 494, 495, 569, 555, 450, 480, 540, 720, 644, 808, 714, 642, 770, 1000, 1005, 1626, 1775, 2235, 1691, 1367, 2488, 3552, 3058, 2245, 4979, 6128, 4268, 1903, 5998, 7505, 5179, 2266, 6022, 7797, 5456, 2226, 6812, 7734, 4510, 1852, 2897, 3869, 3286, 1960, 3328, 3521, 2379, 1658, 2777, 3149, 1897, 2014, 3278, 2802, 1383, 1328, 2901, 3409, 2116, 1576, 3222, 3223, 1741, 826, 1828, 2166, 1441, 1022, 1894, 1967, 1173, 738, 1060, 1212, 933, 771, 972, 946, 677, 718, 672, 667, 751, 817, 634, 590, 699, 852, 1351, 1376, 937, 1017, 1185, 1166, 922, 1263, 2639, 2623, 1197, 1498, 2009, 1476, 1028, 1260, 2886, 2958, 1189, 1571, 2265, 1619, 955, 842, 1658, 1802, 928, 995, 1473, 1230, 725, 680, 967, 869, 673, 775, 923, 877, 657, 657, 887, 889, 764, 644, 950, 1037, 743, 760, 1526, 1889, 1202, 838, 1569, 1468, 932, 718, 1561, 1872, 1183, 899, 1585, 1475, 937, 766, 1049, 1146, 916, 777, 1007, 954, 739, 612, 762, 725, 569, 670, 840, 699, 557, 575, 725, 676, 510, 580, 685, 663, 538, 663, 646, 687, 603, 569, 565, 559, 629, 625, 614, 690, 640, 670, 641, 572, 640, 603, 746, 786, 610, 606, 674, 607, 596, 569, 653, 736, 613, 537, 639, 597, 587, 564, 688, 752, 729, 809, 752, 707, 660, 873, 1028, 836, 882, 1344, 1113, 756, 749, 1153, 1475, 991, 1058, 1863, 1515, 705, 734, 1125, 1456, 942, 1116, 1715, 1360, 802, 716, 813, 959, 760, 937, 1249, 1015, 730, 631, 1358, 1692, 1112, 1363, 2109, 1673, 845, 956, 3543, 4127, 2022, 4072, 6055, 4212, 1265, 1661, 3991, 5027, 2112, 5510, 7838, 5085, 1541, 1547, 2604, 3388, 1832, 3729, 5308, 3719, 1355, 1267, 2112, 2194, 1413, 2202, 2954, 2381, 1201, 1372, 1523, 1457, 1045, 1331, 1975, 1777, 1068, 1007, 962, 1121, 946, 941, 1280, 1207, 935, 766, 858, 966, 767, 692, 1033, 969, 824, 735, 734, 805, 606, 594, 791, 800, 689, 611, 627, 678, 677, 642, 627, 656, 697, 608, 623, 655, 751, 661, 635, 758, 711, 695, 636, 636, 731, 656, 654, 725, 702, 673, 649, 770, 778, 661, 674, 774, 715, 597, 618, 650, 703, 614, 655, 767, 670, 591, 642, 593, 635, 658, 696, 729, 644, 694, 647, 645, 630, 679, 613, 560, 684, 691, 643, 614, 518, 594, 597, 568, 554, 560, 586, 548, 488, 623, 680, 610, 559, 567, 704, 745, 568, 508, 655, 637, 582, 609, 647, 685, 607, 546, 597, 667, 646, 609, 712, 769, 656, 585, 602, 690, 674, 599, 692, 726, 625, 619, 615, 680, 576, 562, 708, 753, 686, 633, 750, 727, 533, 540, 588, 692, 615, 571, 703, 792, 595, 459, 567, 658, 622, 580, 605, 717, 665, 535, 601, 602, 636, 651, 678, 729, 755, 604, 717, 715, 768, 695, 866, 854, 891, 836, 680, 640, 667, 613, 754, 762, 769, 773, 656, 665, 751, 670, 614, 717, 676, 663, 737, 693, 619, 647, 673, 642, 600, 628, 669, 712, 596, 600, 641, 592, 590, 654, 648, 630, 680, 717, 655, 599, 648, 635, 632, 620, 630, 724, 746, 645, 547, 577, 555, 683, 685, 712, 666, 692, 676, 575, 519, 647, 641, 555, 577, 697, 678, 625, 643, 654, 582, 673, 761, 639, 566, 688, 729, 643, 539, 575, 714, 684, 540, 628, 606, 591, 552, 546, 658, 699, 557, 538, 565, 537, 670, 710, 711, 684, 653, 655, 649, 550, 625, 825, 834, 660, 695, 708, 591, 683, 615, 680, 675, 619, 651, 623, 711, 662, 635, 739, 669, 655, 683, 645, 771, 649, 560, 905, 848, 636, 673, 646, 723, 646, 573, 778, 739, 653, 713, 677, 725, 667, 600, 745, 701, 561, 647, 728, 626, 631, 590, 733, 623, 483, 609, 577, 609, 587, 591, 621, 623, 650, 707, 642, 631, 584, 590, 630, 681, 640, 637, 659, 636, 586, 533, 545, 621, 596, 522, 588, 632, 546, 587, 670, 716, 607, 534, 608, 716, 666, 650, 662, 642, 589, 598, 698, 665, 645, 636, 668, 669, 591, 582, 658, 728, 595, 657, 698, 687, 556, 549, 773, 633, 613, 727, 638, 539, 532, 544, 652, 574, 682, 756, 602, 599, 642, 625, 634, 1140, 771, 1071, 1046, 867, 855, 731, 1177, 1919, 936, 1647, 1788, 1343, 1004, 1024, 2115, 1867, 861, 1719, 1869, 1439, 985, 1250, 2250, 1228, 786, 1293, 1365, 1207, 857, 1175, 1646, 806, 733, 955, 996, 834, 776, 928, 1081, 756, 599, 883, 995, 797, 728, 836, 935, 774, 703, 730, 942, 968, 919, 922, 945, 899, 857, 827, 1199, 1208, 978, 1130, 1102, 1281, 915, 994, 1905, 1634, 689, 1158, 1289, 1071, 994, 1024, 1514, 1300, 797, 1082, 1031, 690, 857, 952, 847, 723, 796, 873, 784, 729, 720, 1047, 1050, 688, 929, 915, 653, 740, 800, 1145, 1117, 811, 1048, 991, 606, 621, 715, 926, 969, 769, 938, 1042, 617, 593, 715, 726, 654, 595, 664, 719, 612, 587, 769, 762, 588, 545, 625, 660, 618, 643, 723, 810, 799, 624, 486, 557, 627, 605, 587, 545, 601, 560, 541, 510, 519, 535, 470, 459, 488, 488, 462, 456, 529, 460, 505, 480, 475, 491, 498, 495, 418, 557, 531, 509, 527, 539, 504, 512, 579, 536, 559, 497, 462, 526, 550, 425, 465]"
-0.02527064085006714,0.7586603760719299,0.018532857298851013,0.15506085753440857,0.6393089890480042,0.02413717284798622,0.23556721210479736,-1.22690749168396,1.2831687927246094,26.25,-1.0910089015960693,1.2688636779785156,19.25,-1.0855729579925537,1.1539936065673828,27.0,-0.743823766708374,1.0334014892578125,19.5,-0.6941850185394287,0.9618759155273438,22.75,"[480, 522, 619, 612, 603, 611, 618, 524, 597, 606, 636, 671, 689, 658, 604, 562, 594, 622, 633, 587, 630, 652, 494, 427, 640, 587, 552, 536, 550, 536, 435, 557, 494, 472, 538, 517, 496, 440, 424, 479, 530, 553, 488, 554, 572, 548, 482, 483, 492, 538, 514, 520, 550, 561, 566, 484, 483, 543, 535, 486, 472, 558, 574, 492, 551, 565, 547, 525, 629, 697, 556, 504, 641, 546, 467, 477, 602, 637, 506, 570, 612, 550, 566, 618, 705, 608, 501, 552, 565, 560, 529, 542, 567, 512, 506, 493, 488, 508, 503, 514, 552, 567, 551, 463, 567, 599, 490, 494, 549, 573, 601, 582, 573, 593, 532, 520, 492, 538, 547, 504, 556, 525, 489, 501, 471, 458, 526, 520, 556, 588, 413, 393, 432, 525, 560, 493, 602, 553, 473, 520, 550, 497, 473, 507, 664, 636, 591, 557, 569, 594, 571, 602, 554, 498, 558, 585, 579, 490, 518, 600, 537, 480, 576, 584, 514, 545, 592, 575, 537, 517, 574, 543, 481, 583, 554, 551, 636, 523, 443, 488, 501, 514, 439, 561, 479, 524, 573, 575, 567, 552, 488, 487, 579, 525, 473, 520, 560, 475, 464, 549, 638, 621, 532, 478, 563, 528, 462, 542, 572, 625, 535, 514, 535, 537, 501, 499, 532, 578, 555, 564, 534, 524, 530, 524, 479, 518, 532, 525, 536, 474, 466, 493, 558, 563, 595, 582, 615, 593, 550, 577, 499, 518, 575, 599, 554, 523, 537, 521, 565, 529, 517, 516, 502, 518, 517, 535, 547, 503, 526, 542, 456, 536, 554, 545, 542, 472, 508, 543, 503, 474, 523, 564, 524, 540, 520, 497, 488, 458, 530, 560, 526, 597, 558, 484, 484, 545, 537, 493, 481, 491, 506, 530, 626, 641, 540, 493, 595, 571, 504, 605, 610, 570, 548, 576, 590, 600, 557, 532, 540, 569, 581, 526, 641, 655, 556, 584, 617, 598, 615, 583, 571, 613, 529, 474, 574, 589, 502, 518, 675, 695, 640, 553, 554, 664, 574, 557, 632, 489, 533, 610, 688, 651, 571, 633, 578, 457, 628, 653, 535, 616, 622, 650, 622, 585, 569, 633, 544, 545, 625, 565, 628, 618, 596, 591, 565, 516, 516, 592, 610, 553, 612, 576, 549, 550, 588, 635, 525, 563, 633, 597, 552, 666, 667, 575, 588, 633, 612, 596, 645, 638, 593, 601, 612, 622, 658, 639, 630, 643, 660, 593, 570, 584, 690, 632, 631, 685, 679, 686, 599, 644, 704, 655, 594, 629, 698, 671, 648, 630, 607, 596, 592, 590, 670, 654, 609, 573, 569, 555, 513, 549, 617, 602, 603, 596, 594, 564, 558, 598, 658, 694, 815, 930, 958, 834, 697, 927, 1315, 1279, 1367, 1542, 1793, 1471, 1073, 1770, 3203, 2933, 2800, 2641, 3321, 2254, 1834, 2927, 5670, 5738, 6845, 4239, 7040, 4712, 4177, 4445, 11175, 12729, 7787, 4242, 7825, 5897, 5036, 4285, 12031, 14176, 4473, 2716, 4622, 3736, 3035, 2656, 6775, 7894, 1449, 1762, 2220, 1632, 1113, 1620, 2698, 2602, 754, 1298, 1514, 1146, 776, 1149, 1488, 1195, 2911, 4091, 6712, 4912, 1672, 2222, 5708, 6547, 4348, 6476, 11276, 8370, 2418, 3009, 8964, 10465, 2645, 4931, 8225, 5972, 1643, 2305, 6374, 7172, 1006, 1953, 2886, 2068, 785, 1229, 2602, 2594, 604, 721, 961, 854, 598, 647, 924, 984, 565, 555, 635, 618, 570, 529, 567, 614, 584, 653, 658, 637, 625, 614, 637, 616, 555, 623, 595, 623, 540, 603, 663, 582, 585, 591, 554, 645, 593, 539, 592, 541, 600, 557, 582, 660, 558, 461, 479, 595, 575, 568, 712, 844, 731, 612, 706, 655, 704, 635, 757, 896, 812, 678, 890, 907, 705, 650, 881, 930, 726, 494, 884, 1012, 897, 1428, 1796, 1276, 617, 770, 1207, 1282, 1341, 3376, 3779, 2271, 825, 1427, 2491, 1969, 1544, 4110, 4320, 2407, 1082, 1664, 2912, 2055, 1208, 2690, 2790, 1808, 1137, 1283, 1835, 1292, 1232, 1498, 1229, 1130, 825, 934, 1200, 990, 2190, 2112, 1287, 1156, 863, 1734, 1594, 1195, 2599, 2460, 1835, 1544, 1228, 2349, 1955, 1284, 1468, 1482, 1417, 1299, 984, 1554, 1203, 803, 803, 753, 1123, 1112, 711, 943, 1056, 896, 872, 615, 809, 914, 679, 842, 960, 871, 850, 807, 738, 663, 678, 697, 658, 715, 739, 799, 856, 803, 764, 733, 797, 775, 900, 716, 691, 797, 750, 779, 782, 880, 888, 878, 715, 618, 773, 703, 589, 785, 649, 732, 736, 561, 570, 686, 645, 620, 626, 583, 823, 858, 663, 623, 778, 732, 598, 535, 707, 796, 612, 489, 694, 748, 857, 536, 809, 1026, 764, 481, 838, 1052, 889, 612, 973, 1130, 864, 569, 883, 1082, 643, 658, 821, 961, 761, 676, 750, 721, 556, 593, 638, 742, 633, 539, 576, 478, 514, 530, 731, 740, 531, 518, 617, 567, 572, 536, 662, 730, 623, 585, 734, 656, 602, 537, 528, 586, 534, 609, 706, 629, 506, 520, 516, 569, 509, 547, 560, 478, 612, 703, 664, 615, 678, 626, 641, 599, 598, 717, 633, 652, 728, 636, 694, 629, 622, 661, 571, 699, 737, 604, 644, 585, 598, 567, 600, 608, 675, 608, 562, 576, 605, 667, 694, 685, 600, 557, 676, 720, 648, 656, 675, 679, 641, 627, 632, 653, 683, 507, 659, 742, 603, 498, 700, 782, 582, 502, 723, 710, 500, 476, 610, 717, 631, 585, 700, 690, 663, 571, 649, 714, 689, 569, 624, 694, 725, 648, 622, 744, 685, 624, 685, 667, 640, 639, 634, 722, 611, 566, 570, 579, 564, 585, 650, 659, 631, 661, 614, 563, 548, 579, 579, 586, 691, 714, 563, 543, 582, 580, 617, 564, 1043, 776, 786, 888, 642, 734, 808, 947, 1315, 1203, 1597, 1276, 726, 992, 1583, 1814, 940, 1384, 1873, 1106, 586, 1029, 2064, 2130, 477, 986, 1100, 760, 576, 863, 1425, 1272, 409, 589, 552, 605, 562, 637, 777, 626, 534, 592, 646, 574, 497, 514, 548, 540, 616, 617, 713, 636, 518, 458, 538, 715, 480, 447, 540, 530, 432, 397, 360, 485, 539, 447, 433, 486, 495, 515, 442, 490, 520, 429, 410, 478, 471, 472, 420, 481, 622, 505, 498, 452, 430, 478, 490, 576, 564, 471, 424, 481, 548, 458, 441, 560, 439, 403, 383, 350, 436, 409, 380, 465]"
-0.047619808465242386,0.6909935474395752,-0.01663842983543873,0.11213633418083191,0.5258308053016663,-0.015359211713075638,0.17616571485996246,-1.6499347686767578,1.3878822326660156,15.0,-1.26727294921875,1.3564109802246094,22.0,-1.2448139190673828,-1.405191421508789,16.5,-1.2126274108886719,1.3312339782714844,22.25,-0.9870357513427734,1.1864662170410156,21.75,"[682, 662, 692, 665, 583, 662, 686, 665, 597, 628, 665, 687, 616, 673, 744, 599, 507, 563, 606, 582, 460, 551, 649, 622, 496, 520, 550, 543, 541, 522, 519, 478, 592, 550, 509, 558, 547, 544, 478, 482, 582, 578, 477, 543, 622, 615, 469, 462, 571, 583, 538, 536, 545, 555, 564, 534, 492, 548, 652, 606, 550, 537, 523, 513, 459, 487, 518, 516, 495, 462, 438, 454, 550, 583, 562, 604, 591, 585, 543, 506, 545, 538, 576, 576, 538, 536, 536, 576, 611, 599, 617, 592, 500, 563, 599, 622, 536, 540, 557, 559, 556, 580, 619, 652, 582, 477, 502, 531, 522, 541, 567, 642, 547, 504, 550, 579, 511, 465, 576, 639, 558, 496, 528, 566, 532, 490, 531, 576, 556, 506, 475, 526, 561, 537, 503, 487, 590, 528, 457, 538, 554, 479, 498, 515, 505, 495, 425, 560, 541, 413, 472, 484, 412, 434, 501, 567, 515, 462, 480, 434, 493, 462, 500, 454, 469, 536, 530, 532, 565, 524, 505, 580, 583, 474, 451, 570, 575, 470, 553, 604, 662, 530, 530, 613, 596, 543, 514, 561, 587, 520, 459, 576, 596, 538, 491, 580, 560, 514, 473, 560, 605, 592, 542, 549, 533, 457, 531, 575, 539, 539, 506, 553, 589, 564, 566, 543, 505, 601, 601, 513, 564, 587, 569, 479, 507, 580, 512, 420, 496, 516, 533, 473, 530, 614, 526, 485, 587, 507, 541, 580, 589, 538, 589, 571, 575, 569, 598, 677, 608, 503, 488, 577, 608, 571, 554, 593, 528, 532, 593, 592, 602, 570, 541, 584, 506, 542, 668, 639, 596, 643, 602, 490, 530, 522, 580, 636, 536, 553, 601, 558, 482, 498, 509, 564, 500, 413, 467, 491, 494, 551, 474, 499, 531, 532, 594, 530, 525, 527, 508, 588, 667, 614, 595, 574, 456, 569, 609, 512, 563, 627, 561, 522, 428, 498, 677, 625, 578, 618, 602, 458, 494, 657, 682, 562, 513, 532, 565, 512, 498, 638, 697, 540, 456, 574, 605, 540, 610, 729, 660, 484, 554, 608, 619, 578, 619, 648, 587, 567, 569, 650, 578, 554, 536, 601, 542, 513, 562, 584, 532, 491, 679, 654, 615, 563, 622, 616, 625, 659, 665, 707, 686, 546, 539, 571, 613, 690, 698, 684, 608, 520, 566, 550, 601, 677, 525, 567, 513, 470, 596, 611, 580, 554, 579, 561, 549, 659, 670, 597, 473, 555, 582, 648, 594, 577, 587, 594, 505, 539, 575, 548, 585, 622, 638, 606, 492, 512, 567, 545, 543, 568, 593, 584, 510, 591, 557, 627, 721, 624, 571, 578, 753, 729, 928, 1501, 1792, 1363, 805, 1596, 3117, 2746, 2762, 2976, 4056, 3273, 2193, 3284, 7878, 7626, 2684, 2479, 3409, 2834, 1912, 2829, 6959, 6884, 3023, 2729, 3298, 2508, 2098, 3263, 6693, 6600, 3677, 2923, 4414, 3711, 2845, 3200, 7594, 7931, 1521, 1343, 2100, 2045, 1383, 1405, 2719, 2769, 1906, 1814, 2812, 1936, 1192, 1532, 3747, 3991, 2152, 2128, 3148, 2202, 1229, 1720, 3824, 4228, 2109, 1829, 2294, 1679, 919, 1603, 2476, 2801, 2877, 1247, 3079, 2870, 1394, 1187, 2532, 3885, 2198, 2424, 4292, 3290, 1171, 1516, 3452, 4204, 1022, 1906, 2509, 1691, 777, 1174, 1881, 1882, 750, 1071, 1081, 814, 666, 830, 873, 673, 640, 702, 596, 549, 580, 535, 572, 580, 666, 668, 591, 516, 565, 537, 542, 641, 604, 633, 547, 606, 582, 538, 624, 635, 553, 490, 620, 664, 554, 542, 657, 687, 539, 501, 684, 702, 569, 542, 624, 581, 644, 564, 712, 695, 610, 574, 545, 650, 625, 505, 636, 707, 658, 516, 533, 653, 718, 566, 568, 646, 648, 586, 621, 727, 808, 898, 1322, 1188, 768, 1006, 983, 876, 1303, 1427, 2761, 2316, 800, 2058, 1878, 1303, 1528, 1803, 3573, 2855, 817, 2446, 2005, 1646, 833, 1855, 2868, 2091, 699, 1455, 1345, 1312, 1343, 2186, 1743, 1044, 973, 1236, 1321, 952, 1833, 2148, 1115, 928, 1133, 1828, 1780, 1045, 1835, 1877, 1223, 1077, 1166, 1967, 1876, 1209, 1353, 1346, 951, 940, 1020, 1155, 1169, 1192, 1286, 1155, 1059, 934, 948, 1012, 928, 1203, 1054, 850, 905, 976, 903, 803, 806, 1078, 885, 921, 1068, 1124, 916, 776, 836, 958, 1321, 1156, 1141, 1358, 1055, 835, 1107, 1186, 1096, 956, 788, 932, 909, 681, 710, 872, 760, 684, 620, 719, 742, 687, 631, 689, 701, 624, 644, 718, 686, 626, 683, 720, 675, 681, 739, 741, 714, 592, 766, 718, 728, 654, 586, 696, 748, 655, 664, 701, 740, 611, 633, 707, 670, 652, 645, 812, 730, 732, 736, 699, 711, 594, 674, 829, 694, 628, 665, 692, 516, 452, 672, 729, 624, 590, 625, 661, 620, 538, 596, 715, 550, 497, 609, 588, 583, 609, 662, 690, 594, 618, 761, 763, 652, 679, 730, 689, 569, 583, 714, 734, 628, 598, 589, 670, 531, 583, 671, 619, 546, 600, 616, 569, 584, 506, 563, 624, 518, 608, 660, 605, 656, 497, 429, 581, 614, 503, 533, 669, 577, 555, 635, 663, 642, 518, 611, 688, 658, 538, 542, 631, 562, 540, 690, 708, 687, 588, 513, 599, 645, 658, 755, 829, 619, 654, 562, 601, 672, 714, 640, 620, 657, 774, 708, 616, 620, 567, 588, 607, 569, 671, 652, 644, 639, 572, 666, 638, 637, 634, 594, 595, 612, 647, 646, 666, 642, 605, 645, 660, 560, 596, 681, 638, 560, 607, 551, 576, 514, 575, 672, 574, 598, 640, 630, 528, 541, 600, 626, 605, 623, 656, 634, 531, 591, 619, 597, 709, 611, 659, 617, 630, 547, 737, 723, 665, 902, 901, 785, 754, 609, 838, 845, 804, 1394, 926, 890, 923, 736, 850, 870, 1335, 1342, 788, 1109, 971, 804, 775, 1248, 1713, 649, 755, 898, 742, 653, 776, 1035, 1044, 554, 556, 594, 594, 579, 619, 656, 722, 588, 534, 667, 628, 471, 487, 536, 652, 500, 586, 739, 546, 454, 564, 579, 552, 421, 567, 649, 623, 524, 589, 647, 527, 393, 508, 579, 554, 438, 455, 514, 466, 473, 532, 540, 495, 509, 512, 480, 464, 483, 420, 474, 513, 512, 520, 484, 486, 534, 486, 519, 499, 541, 536, 479, 513, 496, 399, 499, 455, 461, 563, 461, 501, 383, 350, 473, 414, 475, 511, 447, 418]"
0.032542914152145386,0.7479022741317749,-0.12511436641216278,0.24837380647659302,0.5603160858154297,-0.18046143651008606,0.28228214383125305,-2.0697877407073975,1.805734634399414,22.5,-1.5934274196624756,1.4446735382080078,27.0,-1.1581227779388428,1.2077808380126953,27.25,-0.7306859493255615,1.114654541015625,15.25,-0.6750390529632568,0.9213924407958984,17.0,"[527, 557, 587, 593, 614, 593, 589, 560, 554, 559, 627, 715, 656, 502, 667, 636, 526, 556, 574, 470, 451, 438, 496, 560, 457, 500, 556, 508, 448, 476, 455, 517, 399, 467, 435, 403, 464, 466, 415, 404, 417, 488, 494, 453, 465, 435, 473, 440, 490, 484, 550, 530, 486, 455, 431, 511, 451, 521, 525, 451, 461, 581, 614, 567, 549, 537, 472, 492, 488, 548, 480, 503, 593, 638, 513, 464, 497, 509, 450, 481, 547, 510, 447, 463, 520, 517, 460, 451, 535, 537, 517, 568, 570, 519, 498, 507, 482, 519, 544, 547, 547, 606, 550, 496, 524, 488, 529, 597, 570, 556, 578, 607, 531, 517, 508, 570, 573, 549, 563, 552, 582, 567, 470, 523, 577, 533, 560, 562, 563, 478, 487, 589, 614, 481, 521, 575, 550, 535, 581, 592, 526, 564, 553, 526, 488, 558, 496, 511, 566, 577, 549, 467, 446, 506, 450, 432, 489, 563, 552, 430, 498, 538, 533, 459, 471, 520, 462, 406, 570, 554, 572, 514, 497, 537, 502, 514, 529, 534, 495, 474, 492, 524, 455, 490, 547, 467, 493, 604, 538, 477, 505, 502, 575, 560, 500, 547, 498, 486, 512, 550, 572, 555, 507, 591, 591, 557, 534, 542, 499, 513, 488, 530, 623, 567, 582, 592, 501, 563, 547, 534, 528, 579, 617, 517, 393, 480, 556, 537, 502, 506, 533, 467, 462, 609, 620, 553, 492, 569, 618, 522, 573, 604, 554, 517, 515, 480, 531, 551, 649, 609, 504, 439, 552, 558, 503, 557, 563, 538, 536, 538, 533, 511, 428, 524, 498, 495, 514, 548, 529, 502, 476, 470, 544, 574, 580, 577, 529, 565, 556, 516, 618, 598, 586, 548, 549, 497, 470, 508, 635, 561, 483, 555, 517, 510, 516, 588, 551, 541, 564, 560, 599, 671, 597, 564, 575, 594, 538, 511, 608, 613, 560, 530, 556, 537, 530, 514, 475, 534, 520, 515, 598, 518, 513, 608, 598, 559, 535, 583, 607, 582, 497, 598, 617, 594, 633, 603, 601, 638, 576, 530, 546, 572, 542, 546, 545, 577, 570, 539, 559, 505, 455, 511, 546, 514, 668, 642, 539, 554, 590, 599, 509, 512, 671, 646, 539, 597, 577, 605, 631, 551, 583, 557, 592, 608, 473, 542, 670, 596, 507, 603, 672, 643, 518, 592, 650, 581, 534, 587, 575, 567, 554, 584, 714, 575, 615, 642, 589, 518, 609, 738, 611, 596, 698, 613, 511, 596, 691, 700, 522, 603, 633, 504, 508, 693, 732, 625, 585, 985, 1089, 883, 555, 1095, 1660, 1378, 2380, 2814, 3836, 3078, 2045, 3059, 7265, 7006, 5414, 4359, 6919, 5586, 4149, 4808, 12770, 13236, 6434, 4590, 7847, 5913, 4370, 4830, 13141, 14155, 6706, 4144, 7782, 6192, 4322, 4317, 12209, 13634, 3624, 2334, 4255, 3464, 2300, 2414, 6648, 7374, 1025, 1047, 1130, 1175, 956, 943, 1406, 1339, 1457, 1598, 1813, 1535, 1075, 1371, 2231, 2119, 1435, 1830, 2627, 1791, 829, 1810, 3644, 3515, 1963, 1963, 3681, 2770, 898, 1683, 3919, 4326, 2461, 4331, 7304, 5374, 1397, 2394, 5623, 6289, 1955, 4917, 7991, 5699, 1212, 2305, 5680, 6230, 1025, 2289, 3750, 2714, 775, 1164, 2538, 2861, 668, 804, 955, 763, 603, 569, 722, 780, 558, 699, 734, 515, 458, 566, 707, 698, 665, 683, 688, 568, 612, 651, 650, 658, 660, 596, 542, 563, 577, 580, 550, 562, 531, 528, 580, 638, 557, 532, 586, 531, 579, 479, 574, 669, 593, 562, 574, 600, 628, 565, 537, 539, 539, 598, 606, 635, 619, 603, 546, 679, 609, 614, 709, 653, 576, 557, 586, 605, 587, 629, 660, 569, 713, 984, 1252, 1053, 674, 880, 958, 700, 1199, 2866, 3649, 2520, 1121, 1193, 1536, 1532, 1935, 4288, 4949, 3041, 1051, 1555, 2236, 1944, 1727, 3184, 3291, 1905, 915, 1320, 1888, 1479, 896, 1287, 1279, 953, 700, 823, 929, 842, 1096, 1732, 1984, 1487, 854, 842, 1092, 984, 1161, 1948, 1873, 1194, 892, 900, 1105, 948, 1004, 1295, 1262, 979, 828, 902, 958, 870, 626, 757, 835, 795, 671, 825, 1025, 905, 711, 864, 907, 730, 553, 841, 960, 816, 822, 774, 824, 816, 645, 820, 824, 878, 662, 771, 893, 730, 658, 832, 773, 796, 609, 672, 898, 792, 569, 613, 785, 805, 808, 696, 968, 1094, 751, 632, 929, 977, 677, 514, 849, 975, 671, 654, 908, 845, 549, 645, 857, 855, 619, 664, 806, 714, 556, 610, 720, 698, 602, 609, 708, 656, 608, 531, 702, 717, 618, 639, 677, 742, 571, 541, 680, 667, 578, 660, 783, 746, 641, 626, 754, 635, 580, 594, 668, 756, 552, 586, 676, 732, 628, 625, 684, 610, 488, 533, 643, 800, 737, 603, 648, 547, 490, 589, 536, 572, 594, 663, 679, 510, 524, 565, 635, 613, 567, 624, 668, 614, 605, 587, 601, 656, 667, 556, 692, 729, 663, 610, 608, 608, 626, 512, 714, 817, 565, 553, 490, 529, 515, 580, 645, 587, 552, 608, 594, 553, 529, 606, 661, 576, 654, 641, 639, 634, 558, 605, 664, 602, 627, 637, 707, 696, 526, 559, 629, 626, 601, 643, 807, 732, 581, 656, 766, 742, 568, 675, 692, 594, 517, 667, 795, 653, 569, 634, 666, 599, 614, 717, 716, 653, 610, 599, 575, 645, 592, 683, 708, 652, 650, 619, 619, 649, 650, 689, 769, 777, 569, 583, 575, 598, 622, 670, 649, 646, 552, 586, 529, 532, 552, 650, 674, 505, 527, 569, 570, 605, 585, 576, 685, 614, 616, 706, 647, 590, 638, 608, 610, 586, 801, 694, 788, 798, 601, 636, 751, 786, 1069, 720, 1074, 971, 669, 803, 968, 1175, 964, 774, 1202, 994, 705, 688, 1153, 1424, 700, 700, 942, 785, 540, 587, 1071, 1197, 618, 686, 776, 782, 606, 598, 935, 967, 580, 616, 625, 572, 509, 571, 667, 679, 554, 634, 568, 582, 571, 605, 664, 610, 515, 564, 617, 632, 554, 560, 740, 745, 530, 529, 522, 553, 505, 514, 657, 640, 556, 526, 452, 447, 438, 467, 477, 537, 554, 505, 490, 425, 473, 501, 433, 446, 621, 537, 574, 572, 485, 564, 537, 587, 608, 524, 566, 629, 494, 510, 502, 521, 482, 441, 507, 454, 439, 441, 408, 455, 469, 462, 468, 456, 486, 486, 443, 407]"
0.10777249932289124,0.7537002563476562,-0.15455766022205353,0.3689914643764496,0.5025710463523865,-0.16520677506923676,0.36714988946914673,-2.0366201400756836,1.4503955841064453,19.25,-1.058579444885254,1.1089324951171875,19.5,-0.8969316482543945,1.011800765991211,24.75,-0.8777627944946289,1.004791259765625,23.75,-0.7121095657348633,1.0336875915527344,17.25,"[545, 539, 530, 536, 566, 537, 525, 539, 529, 555, 587, 585, 595, 660, 556, 516, 566, 653, 576, 526, 538, 621, 584, 491, 564, 644, 591, 457, 453, 624, 568, 430, 517, 620, 543, 479, 451, 511, 446, 419, 463, 514, 437, 442, 445, 420, 450, 441, 510, 505, 571, 563, 454, 504, 591, 576, 484, 510, 543, 506, 515, 485, 520, 543, 440, 393, 500, 501, 474, 420, 421, 471, 511, 592, 619, 565, 573, 573, 520, 502, 549, 646, 617, 516, 511, 572, 544, 512, 531, 526, 619, 569, 588, 607, 471, 499, 540, 567, 513, 582, 632, 574, 460, 445, 568, 490, 502, 577, 515, 533, 553, 562, 494, 526, 554, 531, 501, 586, 574, 472, 444, 537, 633, 610, 507, 513, 589, 592, 458, 506, 571, 502, 504, 522, 474, 453, 479, 460, 581, 574, 516, 535, 502, 538, 506, 610, 659, 626, 544, 541, 507, 512, 590, 575, 590, 624, 576, 547, 522, 582, 624, 545, 526, 596, 607, 538, 569, 620, 652, 692, 547, 598, 677, 527, 518, 615, 614, 623, 529, 533, 526, 482, 476, 552, 580, 540, 516, 589, 648, 551, 517, 533, 553, 548, 590, 618, 652, 634, 619, 564, 525, 522, 585, 626, 584, 523, 538, 539, 535, 596, 628, 597, 495, 574, 601, 498, 507, 471, 612, 660, 496, 545, 657, 575, 476, 494, 514, 609, 606, 551, 570, 554, 554, 532, 606, 638, 567, 565, 604, 632, 577, 665, 612, 533, 614, 640, 592, 519, 547, 600, 519, 502, 598, 571, 488, 513, 483, 526, 464, 500, 527, 513, 465, 475, 577, 566, 518, 474, 544, 588, 582, 554, 500, 483, 518, 456, 487, 544, 538, 496, 502, 496, 543, 571, 511, 546, 584, 502, 440, 488, 546, 519, 480, 534, 613, 553, 474, 472, 494, 497, 457, 445, 534, 581, 589, 582, 496, 485, 620, 648, 609, 595, 542, 540, 565, 534, 533, 582, 572, 577, 532, 570, 556, 571, 502, 468, 582, 560, 541, 465, 555, 582, 550, 363, 539, 653, 599, 522, 579, 644, 575, 590, 602, 651, 694, 598, 568, 702, 624, 603, 656, 750, 646, 652, 555, 575, 622, 690, 653, 582, 553, 538, 615, 652, 581, 633, 672, 595, 588, 564, 581, 622, 637, 553, 519, 607, 624, 569, 543, 520, 638, 652, 556, 648, 534, 533, 543, 530, 572, 623, 680, 593, 464, 555, 675, 519, 431, 629, 761, 632, 580, 842, 952, 728, 529, 976, 1262, 991, 1412, 1617, 2065, 1721, 1247, 1890, 3563, 3374, 2737, 2196, 3206, 2628, 2135, 2350, 5440, 5745, 3219, 2653, 3628, 2952, 2306, 2764, 5771, 6044, 4712, 3997, 5408, 4323, 3391, 4530, 9641, 9772, 5352, 4155, 6350, 5068, 3868, 4605, 11083, 11577, 2551, 1831, 2973, 2759, 2004, 2026, 5320, 5635, 1265, 2023, 2405, 1469, 1018, 2057, 4217, 3863, 2749, 3629, 5718, 3458, 1178, 3105, 7520, 7735, 3002, 3847, 6229, 3998, 1262, 2894, 7184, 7675, 2147, 3491, 5225, 3450, 1191, 2546, 5479, 5592, 1623, 2617, 4025, 2936, 1090, 1877, 3995, 4142, 1048, 1402, 2174, 1646, 739, 969, 2132, 2252, 660, 745, 1025, 917, 594, 595, 803, 869, 462, 618, 797, 771, 579, 588, 670, 650, 589, 699, 821, 697, 526, 595, 717, 745, 527, 638, 809, 623, 530, 572, 692, 709, 562, 608, 586, 567, 594, 512, 498, 602, 591, 655, 529, 546, 564, 541, 587, 554, 616, 597, 539, 632, 625, 571, 697, 612, 737, 622, 656, 863, 734, 579, 906, 921, 838, 663, 774, 1001, 844, 688, 1064, 1079, 837, 660, 779, 836, 736, 682, 787, 925, 908, 935, 971, 915, 798, 776, 806, 787, 1629, 2553, 2909, 2079, 1103, 1203, 1639, 1488, 2191, 3905, 4041, 2286, 1253, 1636, 2119, 1648, 2115, 3024, 2848, 1744, 1355, 1549, 1617, 1346, 2208, 1969, 2647, 2564, 1444, 1612, 1590, 1937, 2907, 2027, 3147, 3100, 1802, 2455, 1582, 2653, 3007, 2129, 2166, 2196, 2132, 2286, 1260, 2309, 1922, 1444, 1094, 1346, 1551, 1183, 1279, 1753, 1160, 1045, 986, 1043, 1009, 919, 1088, 1103, 957, 825, 780, 863, 682, 802, 853, 700, 937, 905, 708, 741, 718, 816, 796, 789, 932, 1031, 1015, 797, 864, 907, 984, 902, 1047, 1385, 1289, 875, 959, 1106, 904, 769, 812, 927, 950, 770, 712, 727, 595, 706, 665, 701, 868, 786, 646, 701, 772, 753, 663, 750, 837, 827, 656, 698, 901, 750, 596, 575, 773, 779, 635, 700, 758, 721, 620, 547, 813, 805, 670, 598, 719, 799, 806, 641, 947, 975, 805, 693, 851, 957, 866, 528, 888, 1010, 942, 599, 879, 1166, 771, 582, 802, 837, 870, 605, 638, 914, 576, 629, 664, 651, 634, 603, 494, 523, 548, 609, 545, 576, 648, 649, 558, 453, 558, 696, 636, 560, 620, 676, 654, 548, 586, 585, 699, 766, 571, 650, 771, 628, 671, 583, 745, 788, 603, 620, 730, 728, 606, 624, 763, 670, 612, 649, 652, 628, 582, 627, 706, 598, 662, 701, 724, 690, 610, 628, 752, 719, 694, 650, 651, 720, 666, 614, 636, 640, 652, 591, 597, 637, 656, 633, 567, 635, 579, 480, 526, 564, 679, 691, 723, 719, 688, 512, 641, 696, 856, 753, 824, 880, 754, 617, 687, 817, 806, 714, 639, 769, 697, 554, 649, 722, 592, 557, 712, 708, 638, 678, 636, 646, 650, 613, 672, 675, 656, 671, 753, 742, 719, 656, 627, 639, 563, 699, 803, 697, 769, 752, 590, 647, 622, 665, 732, 664, 622, 687, 680, 734, 663, 684, 739, 639, 732, 753, 805, 771, 564, 641, 667, 678, 942, 738, 790, 846, 669, 745, 745, 910, 868, 736, 991, 936, 674, 675, 891, 1029, 664, 866, 958, 730, 512, 777, 1009, 904, 600, 758, 799, 681, 513, 644, 887, 825, 519, 467, 654, 597, 499, 580, 741, 763, 518, 636, 694, 634, 463, 593, 614, 559, 598, 737, 774, 660, 575, 557, 704, 706, 587, 582, 577, 536, 531, 479, 570, 662, 584, 583, 490, 484, 546, 597, 574, 533, 568, 534, 525, 558, 598, 693, 639, 498, 611, 522, 608, 650, 603, 704, 609, 513, 552, 489, 516, 526, 504, 576, 496, 450, 496, 477, 485, 404, 497, 550, 484, 479, 444, 459, 408, 421, 427, 373, 377, 413, 368, 460, 487, 385, 382, 386, 432, 415]"
0.20818975567817688,0.5634444952011108,-0.20506489276885986,0.5140748023986816,0.27240854501724243,-0.18112236261367798,0.460670530796051,-2.008638381958008,1.3834476470947266,20.0,-1.463613510131836,1.2501239776611328,16.5,-1.023874282836914,1.0982036590576172,26.5,-1.0235881805419922,0.9159564971923828,18.75,-0.9902572631835938,1.0947704315185547,26.5,"[504, 577, 611, 602, 622, 603, 612, 576, 537, 593, 568, 601, 660, 613, 562, 569, 584, 580, 546, 479, 570, 565, 491, 538, 595, 462, 489, 602, 565, 533, 471, 494, 496, 479, 584, 648, 577, 511, 449, 540, 569, 530, 528, 622, 608, 530, 492, 556, 602, 567, 528, 547, 646, 527, 433, 509, 596, 559, 539, 536, 611, 561, 495, 572, 555, 530, 493, 493, 556, 553, 503, 569, 547, 567, 560, 512, 499, 525, 520, 575, 556, 624, 577, 509, 533, 600, 552, 502, 598, 581, 472, 450, 572, 548, 498, 569, 502, 610, 526, 459, 513, 453, 520, 543, 563, 571, 539, 553, 565, 482, 602, 642, 545, 515, 510, 446, 503, 522, 542, 588, 525, 575, 557, 503, 554, 579, 534, 529, 548, 538, 564, 514, 502, 584, 524, 499, 571, 564, 499, 509, 467, 534, 535, 524, 556, 602, 534, 532, 554, 515, 572, 582, 463, 510, 435, 452, 511, 497, 587, 556, 452, 485, 444, 442, 527, 517, 520, 544, 515, 502, 431, 518, 610, 541, 491, 553, 476, 517, 595, 553, 583, 529, 525, 609, 417, 594, 607, 517, 547, 517, 568, 529, 482, 551, 509, 501, 547, 559, 575, 563, 596, 623, 528, 517, 551, 621, 675, 610, 579, 587, 518, 520, 562, 587, 596, 551, 545, 642, 580, 576, 598, 551, 586, 553, 477, 500, 636, 670, 577, 499, 559, 634, 482, 572, 737, 616, 450, 577, 661, 651, 473, 511, 598, 522, 467, 537, 602, 579, 554, 572, 584, 501, 468, 523, 495, 522, 581, 559, 490, 467, 558, 516, 480, 562, 471, 553, 569, 467, 540, 532, 492, 520, 503, 669, 595, 453, 521, 491, 578, 492, 536, 560, 502, 573, 593, 466, 552, 573, 621, 588, 489, 600, 633, 540, 591, 615, 591, 683, 604, 579, 575, 591, 563, 468, 620, 676, 538, 561, 660, 616, 510, 458, 732, 682, 556, 658, 616, 631, 576, 557, 695, 680, 625, 724, 617, 531, 593, 560, 665, 698, 586, 620, 653, 628, 614, 630, 564, 696, 641, 554, 595, 605, 544, 503, 479, 554, 576, 573, 546, 555, 530, 524, 545, 514, 641, 633, 625, 620, 587, 572, 555, 578, 645, 683, 608, 517, 569, 590, 604, 609, 652, 667, 608, 500, 516, 603, 601, 596, 539, 493, 554, 532, 532, 568, 892, 765, 1178, 1073, 733, 879, 1752, 1761, 2296, 1528, 2745, 2411, 1660, 1505, 4207, 4654, 2990, 1440, 2993, 2638, 2142, 1270, 4572, 5518, 2563, 1841, 2106, 1813, 1964, 2104, 3413, 3800, 5200, 4985, 7159, 5512, 3912, 5463, 11910, 11918, 6659, 5374, 8807, 7120, 4850, 5919, 14621, 15188, 3450, 2735, 4677, 4291, 2711, 3201, 7912, 8095, 1108, 1155, 1828, 1639, 898, 1448, 2684, 2523, 1176, 1282, 2139, 1685, 765, 1230, 2291, 2363, 1173, 1508, 2511, 1924, 781, 1224, 2465, 2664, 1230, 1549, 2488, 1920, 781, 1103, 2160, 2472, 1219, 1780, 2614, 1888, 740, 1291, 2525, 2629, 993, 1648, 2201, 1484, 738, 1258, 2277, 2234, 871, 1042, 1229, 963, 738, 913, 1332, 1310, 596, 663, 767, 620, 587, 726, 879, 825, 540, 658, 637, 569, 646, 664, 739, 725, 579, 641, 573, 537, 616, 653, 608, 598, 572, 617, 646, 574, 565, 675, 656, 602, 578, 688, 707, 626, 607, 636, 574, 576, 591, 642, 640, 574, 580, 530, 589, 628, 642, 696, 650, 565, 598, 652, 652, 681, 583, 645, 694, 681, 561, 713, 799, 673, 612, 646, 788, 771, 558, 614, 820, 809, 560, 644, 807, 754, 607, 713, 799, 659, 880, 2009, 2549, 1665, 705, 1286, 1203, 1167, 2112, 5101, 5651, 3083, 1157, 1887, 2454, 2101, 2994, 5108, 4940, 2861, 1671, 1515, 2352, 1997, 2678, 3129, 2658, 2047, 1840, 2030, 2018, 1728, 1873, 1845, 1962, 1847, 1664, 1998, 1638, 1566, 1564, 2214, 1968, 1481, 1418, 1544, 1274, 1076, 1772, 3276, 2932, 1194, 1342, 1513, 1743, 1189, 1658, 3168, 2981, 1383, 1162, 1443, 1937, 1350, 1101, 1885, 1734, 993, 907, 1181, 1399, 920, 808, 1280, 1568, 1088, 740, 949, 1202, 1045, 849, 1119, 1288, 1013, 689, 698, 923, 956, 901, 1039, 1157, 860, 708, 713, 769, 795, 812, 981, 1091, 967, 719, 813, 716, 739, 697, 933, 941, 737, 692, 751, 670, 689, 630, 943, 819, 549, 761, 809, 758, 624, 675, 884, 720, 577, 646, 714, 799, 692, 691, 649, 847, 811, 664, 608, 714, 820, 754, 625, 890, 947, 703, 599, 800, 817, 634, 630, 728, 746, 612, 596, 711, 688, 596, 590, 681, 663, 611, 631, 628, 674, 596, 575, 663, 771, 733, 637, 562, 637, 629, 622, 738, 647, 669, 675, 603, 636, 773, 772, 686, 584, 790, 750, 470, 613, 744, 670, 597, 566, 700, 641, 459, 638, 612, 583, 533, 548, 575, 573, 640, 577, 625, 683, 512, 526, 658, 674, 677, 603, 640, 634, 566, 639, 760, 708, 548, 583, 615, 631, 553, 640, 709, 627, 568, 617, 590, 596, 558, 632, 758, 682, 645, 639, 684, 671, 590, 657, 688, 644, 694, 748, 582, 576, 570, 655, 663, 647, 650, 625, 676, 636, 631, 704, 685, 617, 713, 726, 784, 623, 670, 746, 722, 650, 721, 784, 758, 608, 662, 791, 720, 721, 835, 884, 681, 589, 722, 823, 717, 652, 808, 812, 707, 667, 703, 863, 746, 588, 784, 853, 595, 566, 725, 763, 630, 561, 793, 878, 592, 547, 581, 574, 547, 523, 718, 732, 642, 709, 630, 551, 550, 630, 675, 579, 723, 651, 729, 671, 621, 752, 740, 741, 746, 631, 776, 725, 740, 753, 633, 846, 777, 807, 865, 743, 713, 693, 990, 1084, 665, 728, 777, 650, 555, 618, 957, 954, 689, 522, 566, 579, 579, 623, 878, 954, 779, 651, 565, 609, 664, 647, 843, 929, 770, 711, 838, 762, 706, 730, 928, 968, 578, 791, 912, 743, 699, 796, 1040, 967, 609, 758, 687, 554, 527, 640, 821, 732, 607, 591, 484, 557, 505, 568, 708, 623, 638, 641, 536, 632, 629, 535, 563, 626, 646, 625, 568, 554, 576, 644, 590, 529, 517, 503, 478, 527, 506, 532, 602, 572, 482, 498, 502, 515, 505, 479, 584, 575, 430, 465, 439, 447, 512, 544, 534, 531, 508, 513, 462, 429, 499, 520, 530, 533, 509, 488, 435, 503, 522, 476, 535, 555]"
0.34057897329330444,0.49368226528167725,-0.23986391723155975,0.7033600807189941,0.18371295928955078,-0.19612258672714233,0.5861760377883911,-1.983924388885498,-2.5011062622070312,15.5,-1.5865283012390137,1.2901782989501953,20.25,-1.5619235038757324,1.2856006622314453,20.75,-0.8844332695007324,0.9213924407958984,19.25,-0.7622675895690918,0.6875038146972656,20.0,"[503, 552, 535, 511, 529, 517, 537, 555, 494, 461, 513, 494, 549, 602, 561, 533, 453, 508, 552, 500, 531, 668, 637, 525, 500, 561, 471, 448, 542, 635, 652, 431, 493, 554, 486, 555, 559, 607, 593, 496, 516, 529, 528, 562, 497, 522, 604, 535, 531, 580, 534, 510, 514, 529, 574, 555, 478, 574, 570, 550, 490, 541, 526, 480, 480, 464, 472, 524, 499, 441, 443, 477, 513, 492, 449, 509, 497, 532, 568, 537, 554, 607, 585, 607, 559, 496, 542, 549, 571, 560, 554, 574, 531, 532, 509, 552, 504, 467, 459, 488, 506, 494, 472, 493, 521, 506, 467, 554, 556, 466, 546, 600, 568, 510, 534, 513, 520, 481, 550, 620, 587, 630, 574, 532, 569, 622, 577, 596, 461, 493, 486, 436, 505, 553, 565, 497, 471, 529, 480, 424, 495, 490, 555, 563, 553, 487, 441, 400, 526, 586, 487, 527, 479, 514, 510, 465, 522, 520, 478, 469, 504, 523, 545, 527, 609, 518, 489, 486, 607, 512, 528, 575, 612, 623, 504, 521, 589, 610, 632, 599, 642, 668, 603, 499, 565, 540, 565, 553, 577, 545, 560, 615, 561, 472, 510, 550, 541, 524, 545, 576, 597, 575, 569, 569, 576, 570, 565, 555, 538, 568, 638, 576, 532, 550, 589, 550, 636, 573, 563, 581, 556, 562, 564, 642, 547, 570, 505, 534, 547, 559, 593, 525, 474, 609, 548, 527, 589, 593, 539, 517, 518, 600, 538, 537, 564, 529, 527, 524, 630, 559, 523, 625, 611, 464, 512, 561, 535, 504, 503, 461, 485, 519, 545, 547, 577, 652, 639, 464, 487, 640, 599, 505, 541, 549, 470, 498, 656, 588, 540, 594, 475, 575, 613, 505, 498, 525, 611, 506, 530, 569, 546, 518, 535, 511, 575, 606, 566, 597, 552, 503, 593, 608, 663, 577, 657, 616, 515, 566, 610, 650, 607, 572, 662, 652, 582, 649, 661, 628, 569, 642, 623, 596, 544, 504, 492, 595, 601, 590, 515, 572, 597, 523, 481, 535, 581, 549, 683, 503, 533, 582, 533, 512, 532, 620, 647, 634, 573, 634, 664, 624, 615, 644, 559, 704, 657, 615, 631, 635, 732, 654, 893, 1388, 1541, 1334, 883, 1559, 2852, 2482, 2150, 2607, 3430, 2881, 1768, 2975, 6458, 6043, 2276, 2565, 3221, 2763, 1889, 2792, 6043, 5751, 1430, 1428, 1459, 1272, 1097, 1457, 2433, 2342, 3003, 3015, 4125, 2998, 1958, 3026, 6086, 6147, 3414, 3852, 5398, 4003, 2317, 3987, 8108, 7891, 1612, 2178, 2724, 2300, 1376, 2302, 4435, 4012, 1002, 1003, 1151, 1060, 838, 1070, 1512, 1482, 981, 915, 1161, 951, 795, 829, 1184, 1352, 1006, 977, 1223, 1108, 770, 817, 1316, 1535, 994, 1610, 2316, 1779, 774, 1288, 2272, 2244, 1269, 2225, 3096, 2266, 872, 1766, 3059, 2915, 1106, 1854, 2570, 1892, 771, 1500, 2397, 2266, 838, 1829, 2312, 1492, 712, 1259, 2340, 2110, 749, 1652, 1884, 1164, 672, 1216, 1968, 1586, 713, 1421, 1497, 845, 637, 1035, 1495, 1254, 809, 1212, 1359, 882, 688, 849, 1225, 1254, 824, 873, 1040, 751, 711, 802, 958, 1069, 690, 716, 766, 709, 710, 794, 887, 883, 545, 631, 621, 656, 642, 672, 721, 652, 683, 556, 469, 618, 623, 521, 645, 823, 726, 562, 640, 785, 695, 642, 787, 775, 683, 630, 707, 735, 618, 544, 707, 746, 621, 640, 624, 626, 553, 574, 678, 695, 629, 800, 740, 625, 657, 657, 687, 591, 1153, 1924, 1911, 1099, 989, 1199, 1092, 784, 2270, 3464, 3719, 2844, 1685, 2156, 2417, 1838, 3313, 4488, 5282, 4488, 2794, 2827, 3632, 3042, 3465, 4566, 4996, 3959, 2555, 3400, 3718, 2733, 2702, 3520, 3319, 2353, 1869, 2637, 2409, 1734, 1873, 2389, 1970, 1388, 1267, 1700, 1726, 1195, 1834, 2778, 2120, 961, 1176, 1442, 1604, 1071, 1808, 3082, 2718, 1314, 1272, 1439, 1719, 1106, 1574, 2662, 2498, 1329, 1265, 1240, 1637, 1120, 1348, 2165, 1913, 969, 1087, 1191, 1320, 860, 1112, 1517, 1419, 893, 1008, 1150, 1106, 740, 788, 979, 930, 877, 880, 787, 789, 698, 588, 719, 871, 911, 744, 593, 778, 785, 589, 815, 926, 851, 590, 691, 826, 813, 734, 779, 768, 682, 590, 673, 676, 750, 694, 752, 708, 643, 593, 550, 661, 616, 567, 737, 765, 709, 708, 653, 704, 626, 642, 713, 725, 710, 739, 730, 758, 709, 582, 747, 786, 708, 640, 692, 792, 631, 781, 810, 851, 810, 674, 635, 730, 725, 830, 667, 703, 758, 698, 577, 628, 759, 830, 658, 689, 707, 708, 770, 749, 781, 675, 554, 717, 694, 743, 750, 726, 717, 675, 598, 663, 659, 669, 719, 679, 724, 582, 528, 603, 695, 558, 528, 588, 627, 629, 655, 729, 677, 579, 628, 697, 629, 579, 657, 645, 584, 599, 694, 705, 654, 649, 592, 646, 711, 729, 657, 694, 714, 602, 589, 608, 644, 626, 579, 622, 580, 534, 625, 648, 599, 550, 550, 602, 599, 466, 590, 687, 578, 508, 545, 633, 601, 586, 696, 783, 781, 571, 632, 801, 702, 643, 669, 677, 738, 633, 608, 796, 793, 708, 662, 753, 762, 656, 641, 805, 789, 629, 715, 689, 644, 563, 611, 690, 607, 561, 616, 611, 596, 530, 523, 541, 591, 669, 591, 631, 649, 591, 584, 669, 728, 808, 694, 670, 763, 633, 671, 1066, 1108, 772, 582, 634, 733, 659, 578, 1002, 1065, 885, 653, 719, 854, 732, 662, 868, 1021, 1012, 826, 956, 1012, 837, 744, 984, 1197, 955, 894, 1037, 987, 805, 798, 1241, 1298, 744, 772, 740, 684, 717, 632, 932, 927, 776, 950, 913, 713, 718, 860, 914, 817, 646, 981, 1163, 877, 641, 863, 1113, 966, 619, 895, 1046, 869, 679, 680, 985, 947, 578, 778, 929, 825, 599, 637, 878, 892, 664, 848, 899, 704, 619, 648, 821, 844, 698, 800, 833, 758, 685, 627, 756, 797, 672, 740, 712, 659, 623, 614, 641, 654, 511, 534, 595, 509, 513, 499, 496, 526, 513, 519, 577, 519, 577, 546, 542, 541, 485, 482, 507, 544, 505, 465, 455, 516, 414, 423, 483, 561, 482, 417, 428, 432, 402, 378, 453, 519, 487, 442, 442, 480, 454, 447, 451, 403, 463, 439, 413, 489, 537, 593, 510, 457, 576, 593, 436, 425, 465, 562, 556, 449, 508, 498, 439, 538]"
0.093650221824646,0.46557360887527466,-0.6526713371276855,0.09814894199371338,0.23823046684265137,-0.7585731744766235,-0.0495305061340332,-1.0827645063400269,0.9723186492919922,16.75,-1.0554417371749878,1.096200942993164,19.0,-0.9574517011642456,0.8474349975585938,18.25,-0.9231194257736206,1.6306400299072266,15.5,-0.8484467267990112,0.8698940277099609,23.25,"[601, 602, 605, 564, 551, 566, 605, 599, 607, 572, 580, 561, 601, 679, 594, 540, 547, 570, 602, 504, 597, 629, 550, 544, 538, 632, 625, 498, 490, 523, 504, 544, 489, 502, 499, 538, 548, 514, 557, 563, 514, 485, 491, 516, 482, 528, 529, 531, 465, 503, 576, 568, 474, 497, 572, 501, 466, 473, 501, 476, 438, 420, 487, 470, 468, 459, 509, 481, 456, 529, 498, 470, 501, 498, 486, 503, 506, 575, 574, 514, 602, 586, 547, 517, 507, 534, 508, 480, 512, 607, 535, 511, 515, 531, 492, 468, 507, 587, 575, 444, 507, 565, 567, 544, 520, 539, 538, 503, 485, 516, 573, 547, 543, 576, 571, 518, 540, 464, 505, 538, 510, 571, 576, 535, 533, 475, 503, 537, 499, 596, 581, 497, 526, 473, 481, 482, 503, 482, 568, 631, 567, 507, 566, 591, 464, 527, 556, 563, 610, 545, 653, 630, 549, 629, 530, 538, 663, 664, 607, 558, 505, 514, 563, 595, 606, 586, 577, 571, 530, 559, 626, 595, 570, 598, 659, 599, 550, 574, 593, 549, 524, 535, 583, 608, 558, 555, 519, 505, 480, 488, 513, 548, 471, 582, 581, 469, 502, 534, 491, 472, 569, 622, 537, 509, 529, 520, 537, 504, 576, 548, 475, 527, 472, 511, 529, 529, 505, 542, 539, 505, 499, 525, 527, 480, 503, 543, 580, 477, 392, 516, 572, 487, 611, 629, 606, 606, 599, 658, 658, 597, 701, 587, 518, 571, 659, 668, 636, 647, 712, 689, 543, 591, 592, 606, 595, 581, 567, 520, 468, 536, 542, 567, 583, 511, 592, 525, 498, 550, 520, 504, 518, 567, 560, 528, 482, 465, 488, 461, 453, 525, 535, 572, 514, 516, 515, 434, 482, 488, 562, 575, 518, 538, 546, 533, 536, 519, 541, 618, 544, 517, 506, 603, 689, 581, 564, 616, 643, 556, 517, 528, 608, 564, 595, 624, 660, 558, 449, 510, 619, 615, 554, 729, 758, 523, 506, 738, 861, 754, 1071, 1450, 1528, 980, 697, 1503, 2483, 2192, 1630, 1875, 2340, 1466, 1036, 1934, 3836, 3707, 1496, 1258, 1648, 1334, 1121, 1482, 2886, 3015, 1485, 839, 1215, 1378, 1130, 1128, 2306, 2613, 2693, 1479, 2621, 1998, 1638, 1637, 4006, 4736, 5578, 3981, 8190, 5824, 2804, 3318, 10342, 11956, 6441, 8401, 14498, 9835, 3112, 5807, 15858, 17136, 4501, 8170, 12736, 8394, 2180, 5298, 12949, 13363, 2218, 3892, 5749, 3905, 1422, 2522, 5432, 5622, 1191, 1947, 2590, 1911, 912, 1305, 2291, 2383, 1107, 2477, 2900, 1769, 999, 1640, 2599, 2363, 1107, 1988, 2582, 1837, 919, 1391, 2384, 2277, 1075, 2505, 3225, 2111, 916, 1588, 2825, 2619, 1933, 4457, 4635, 2459, 1274, 2375, 3778, 2989, 3317, 7086, 6619, 2909, 1831, 3857, 5674, 3776, 2805, 5614, 4933, 1983, 1585, 3122, 4333, 2639, 1520, 2522, 2272, 1189, 980, 1489, 1844, 1402, 990, 1292, 1325, 1063, 769, 1083, 1369, 1334, 817, 870, 782, 689, 686, 709, 797, 794, 697, 755, 776, 690, 707, 622, 743, 813, 736, 650, 685, 696, 708, 658, 789, 799, 619, 661, 673, 649, 625, 588, 688, 687, 511, 491, 606, 606, 605, 577, 558, 605, 499, 443, 551, 501, 473, 509, 578, 575, 600, 644, 577, 524, 591, 568, 565, 574, 953, 1103, 863, 678, 872, 794, 662, 654, 1753, 1968, 1379, 1020, 1155, 990, 976, 931, 3888, 4529, 3169, 2113, 2363, 2442, 2593, 1807, 5669, 5883, 5292, 3869, 3466, 4313, 4084, 3012, 4808, 5189, 5471, 3838, 3229, 3925, 3533, 3253, 3494, 4164, 3934, 2786, 2546, 2253, 2043, 2369, 1979, 2326, 1951, 1340, 1550, 1525, 1361, 1249, 1224, 1527, 1356, 919, 828, 1124, 1177, 990, 1097, 1418, 1294, 899, 805, 941, 1018, 826, 1175, 1575, 1349, 809, 938, 1015, 1087, 841, 964, 1347, 1170, 790, 849, 921, 950, 761, 759, 1060, 1139, 860, 670, 745, 918, 843, 670, 1253, 1451, 1008, 638, 860, 1049, 958, 868, 1224, 1292, 819, 768, 812, 1040, 1059, 712, 826, 882, 858, 713, 649, 825, 876, 695, 807, 885, 823, 719, 698, 810, 742, 760, 1010, 911, 684, 649, 809, 874, 740, 648, 799, 716, 616, 615, 631, 735, 711, 702, 677, 675, 681, 610, 688, 732, 736, 898, 796, 784, 796, 658, 736, 851, 865, 666, 890, 827, 662, 631, 755, 752, 625, 633, 781, 737, 599, 647, 651, 748, 666, 753, 736, 747, 566, 731, 709, 765, 817, 797, 662, 710, 697, 711, 586, 644, 880, 766, 700, 690, 623, 712, 628, 610, 876, 531, 657, 686, 588, 604, 567, 688, 688, 667, 625, 648, 649, 536, 553, 712, 698, 725, 736, 728, 645, 517, 541, 689, 711, 694, 653, 714, 771, 655, 602, 787, 779, 744, 643, 643, 823, 716, 577, 728, 725, 563, 611, 642, 642, 552, 506, 626, 546, 542, 656, 627, 542, 536, 553, 619, 526, 560, 543, 533, 625, 548, 492, 662, 664, 583, 564, 564, 573, 587, 598, 658, 695, 579, 604, 696, 674, 541, 578, 743, 714, 575, 695, 703, 596, 548, 569, 664, 622, 585, 660, 663, 790, 636, 527, 763, 760, 790, 726, 937, 896, 730, 569, 1139, 1303, 1133, 721, 1300, 1199, 903, 617, 1452, 1806, 1297, 685, 1377, 1620, 1188, 685, 1839, 2159, 1030, 808, 1176, 1425, 1031, 864, 1921, 1928, 839, 927, 1073, 1094, 883, 912, 1604, 1571, 862, 910, 1051, 934, 813, 867, 1189, 1176, 882, 876, 1133, 1009, 740, 885, 1153, 1053, 811, 757, 1073, 948, 711, 767, 1049, 1137, 830, 732, 817, 724, 584, 722, 878, 920, 666, 685, 774, 658, 529, 634, 767, 765, 680, 830, 986, 846, 536, 535, 683, 705, 664, 1107, 1127, 708, 515, 765, 992, 782, 664, 1024, 1015, 747, 557, 920, 1130, 906, 683, 710, 860, 750, 513, 694, 912, 933, 768, 840, 950, 698, 551, 705, 1089, 1172, 657, 632, 834, 702, 595, 629, 943, 1020, 640, 651, 725, 725, 644, 597, 754, 718, 637, 741, 742, 712, 661, 621, 722, 666, 729, 787, 684, 657, 677, 653, 849, 760, 588, 682, 631, 548, 515, 534, 575, 592, 601, 589, 620, 569, 550, 547, 645, 646, 524, 550, 504, 485, 480, 452, 526, 473, 524, 591, 518, 450, 502, 549, 545, 484, 569, 599, 588, 454, 513, 596, 605, 545, 602, 486, 497, 522, 570, 515, 430, 607]"
0.1032174676656723,0.4893966615200043,-0.7285286784172058,0.09319589287042618,0.0,0.0,0.0,-1.7425501346588135,1.1940479278564453,17.75,-0.9763681888580322,0.76446533203125,26.25,-0.9596312046051025,0.7525920867919922,16.0,-0.8882486820220947,0.6906509399414062,27.0,-0.8341753482818604,0.59967041015625,29.75,"[520, 592, 675, 686, 633, 684, 673, 593, 489, 503, 605, 600, 746, 737, 694, 600, 597, 607, 593, 557, 644, 660, 636, 519, 591, 648, 649, 539, 673, 687, 608, 590, 476, 562, 533, 477, 550, 575, 525, 429, 479, 447, 492, 582, 557, 435, 442, 479, 485, 465, 466, 503, 520, 423, 466, 476, 495, 503, 507, 481, 496, 539, 490, 489, 451, 477, 505, 444, 464, 517, 487, 471, 514, 488, 602, 626, 587, 495, 538, 596, 543, 498, 535, 637, 559, 402, 506, 546, 532, 524, 574, 573, 618, 511, 468, 573, 583, 535, 542, 554, 540, 455, 495, 629, 584, 459, 515, 579, 521, 538, 596, 638, 479, 507, 511, 548, 526, 501, 564, 604, 620, 640, 529, 582, 618, 517, 598, 686, 606, 560, 474, 546, 556, 467, 462, 560, 639, 595, 541, 550, 567, 599, 569, 597, 575, 641, 573, 435, 424, 540, 646, 601, 605, 588, 617, 562, 594, 628, 665, 668, 623, 572, 533, 559, 569, 616, 511, 514, 550, 563, 568, 570, 592, 660, 578, 485, 490, 538, 536, 585, 586, 602, 572, 461, 462, 548, 487, 517, 539, 478, 475, 494, 442, 531, 532, 495, 500, 510, 475, 534, 612, 598, 461, 464, 634, 596, 406, 438, 514, 536, 495, 550, 592, 544, 588, 565, 570, 558, 513, 586, 630, 574, 536, 560, 590, 545, 524, 566, 536, 514, 508, 554, 643, 611, 651, 567, 557, 505, 554, 676, 586, 660, 533, 578, 603, 486, 634, 604, 530, 585, 455, 547, 649, 559, 501, 484, 431, 511, 583, 547, 492, 539, 549, 465, 530, 561, 551, 496, 582, 612, 550, 543, 656, 658, 607, 559, 595, 671, 672, 621, 1453, 2074, 2330, 1419, 1015, 2059, 3315, 2942, 3816, 5871, 7465, 4652, 2505, 5564, 10631, 9778, 5293, 8767, 11825, 7668, 3448, 8279, 16493, 15247, 3542, 6355, 8793, 5904, 2386, 6030, 12342, 11331, 1365, 2245, 2957, 2036, 1011, 2390, 4374, 3835, 2262, 1576, 3119, 2350, 1297, 1417, 3840, 4469, 3288, 5697, 9057, 5770, 1736, 3777, 9704, 10091, 2736, 8447, 11635, 6704, 1536, 5971, 13067, 12258, 1486, 6257, 7401, 3785, 1051, 4998, 9240, 7643, 1265, 2966, 3215, 1850, 954, 2579, 4042, 2951, 1307, 1933, 2346, 1726, 1062, 1323, 1768, 1757, 1383, 2035, 2271, 1645, 1016, 1377, 1931, 1694, 1198, 2215, 2455, 1444, 879, 1629, 2235, 1827, 1030, 1795, 1946, 1182, 747, 1412, 2065, 1728, 1064, 2894, 3051, 1566, 708, 1824, 2948, 2240, 2832, 6897, 6309, 2311, 1717, 2921, 4887, 3000, 4394, 9821, 8707, 2854, 2691, 3976, 6441, 3647, 2728, 6322, 6039, 2544, 1792, 3185, 4848, 3295, 2891, 7130, 6873, 3088, 1453, 4415, 6648, 4391, 2844, 7068, 6792, 3098, 1544, 4494, 6819, 4549, 1612, 3321, 3302, 1732, 1114, 2401, 3454, 2477, 1036, 1652, 1559, 877, 805, 1180, 1555, 1143, 996, 1327, 1059, 748, 899, 917, 941, 752, 1848, 2394, 1763, 806, 1461, 1323, 1023, 753, 2483, 3212, 2139, 933, 1952, 1686, 1162, 945, 1931, 2363, 1579, 920, 1528, 1306, 948, 923, 1398, 1648, 1141, 953, 1365, 1208, 793, 780, 1680, 2176, 1796, 946, 1734, 1943, 1296, 842, 2647, 3239, 2916, 2033, 2324, 2626, 1837, 2008, 4850, 5165, 5034, 4339, 3167, 3612, 3789, 3837, 7700, 7385, 6410, 5785, 4807, 6202, 5406, 5544, 6011, 5514, 4474, 4331, 3925, 4104, 3392, 4738, 3031, 3181, 2524, 2251, 1684, 2015, 2490, 2390, 2147, 2397, 2490, 1810, 1282, 2316, 2275, 1755, 1362, 1994, 2125, 1387, 940, 1699, 1698, 1230, 886, 1294, 1379, 948, 796, 1062, 1160, 933, 729, 844, 985, 880, 809, 830, 835, 801, 800, 912, 959, 777, 668, 868, 849, 863, 1018, 1299, 1189, 825, 660, 1001, 1198, 1004, 862, 1469, 1522, 850, 647, 1183, 1339, 972, 872, 1532, 1546, 875, 660, 1148, 1336, 968, 998, 1754, 1741, 869, 733, 1035, 1264, 968, 1139, 1709, 1989, 1314, 870, 1042, 1234, 1094, 1403, 1592, 1864, 1499, 1044, 976, 1402, 1391, 1339, 1751, 1788, 1274, 1020, 1036, 1392, 1200, 1075, 1409, 1267, 817, 890, 1082, 1026, 817, 762, 992, 936, 661, 788, 949, 756, 615, 768, 929, 940, 773, 806, 928, 828, 719, 1145, 1338, 1163, 890, 1064, 1144, 946, 782, 1089, 1321, 1022, 847, 1100, 1031, 803, 730, 772, 823, 734, 688, 869, 836, 732, 745, 692, 636, 570, 638, 703, 741, 800, 746, 629, 614, 653, 769, 754, 722, 651, 614, 940, 746, 945, 1118, 975, 771, 1042, 1141, 1432, 1042, 1055, 1369, 1418, 950, 1368, 1600, 1246, 905, 937, 1233, 1245, 919, 1158, 1475, 853, 793, 756, 837, 794, 714, 785, 851, 740, 762, 764, 865, 781, 682, 729, 696, 770, 810, 882, 867, 883, 619, 777, 908, 773, 755, 870, 887, 789, 647, 801, 851, 609, 590, 620, 691, 662, 573, 656, 652, 743, 612, 614, 760, 640, 552, 662, 708, 776, 688, 679, 749, 780, 651, 610, 795, 784, 685, 726, 841, 828, 747, 714, 816, 623, 651, 590, 672, 687, 684, 697, 669, 676, 578, 588, 619, 610, 616, 652, 655, 766, 798, 877, 833, 693, 684, 750, 786, 788, 971, 1125, 924, 673, 804, 916, 885, 1043, 1286, 1767, 1455, 912, 855, 1562, 1708, 1652, 1646, 2538, 2017, 1243, 1109, 2631, 2897, 1122, 1696, 2132, 1611, 991, 1139, 2109, 2058, 1278, 1702, 2103, 1639, 1015, 1309, 2685, 2605, 1639, 1245, 1636, 1679, 1272, 1092, 2483, 2725, 1136, 812, 1073, 1189, 999, 777, 1447, 1648, 970, 772, 841, 913, 824, 822, 1216, 1328, 1085, 904, 970, 907, 773, 851, 1383, 1478, 1232, 1342, 1342, 1051, 851, 978, 1533, 1434, 1143, 1256, 1297, 1104, 935, 877, 1462, 1438, 857, 1051, 1109, 935, 750, 812, 1099, 957, 899, 1110, 1010, 740, 680, 824, 988, 725, 979, 1239, 1167, 842, 642, 933, 1209, 968, 1039, 961, 1058, 956, 730, 795, 1118, 1183, 947, 816, 837, 926, 781, 856, 1120, 1163, 702, 728, 734, 702, 588, 817, 996, 888, 707, 730, 703, 537, 574, 817, 835, 728, 747, 810, 766, 562, 586, 782, 820, 703, 745, 694, 688, 597, 622, 612, 698, 802, 590, 609, 587, 555, 583, 519, 592, 725, 555, 556, 524, 550, 522, 469, 550, 631, 536, 527, 530, 529, 481, 593, 671, 556, 518, 530, 511, 503, 466, 562, 569, 486, 475, 502, 553, 542, 452, 442, 506, 532, 491, 518, 507, 460, 413, 436, 494, 471]"
-0.46258828043937683,0.33950337767601013,-1.0648839473724365,-0.8804569244384766,-0.19629380106925964,-0.23176510632038116,-0.80322265625,-0.4912407398223877,0.3895282745361328,21.75,-0.4623444080352783,0.4815101623535156,17.0,-0.3657848834991455,0.3796577453613281,16.5,0.5717723369598389,0.8455753326416016,17.0,1.2229411602020264,0.9777545928955078,16.0,"[457, 604, 716, 641, 515, 644, 713, 606, 500, 602, 705, 731, 561, 587, 760, 630, 509, 569, 654, 632, 515, 476, 556, 567, 527, 587, 542, 554, 496, 481, 543, 545, 518, 467, 501, 608, 566, 479, 502, 510, 487, 458, 521, 572, 461, 422, 471, 502, 496, 538, 533, 540, 482, 425, 459, 445, 567, 509, 535, 567, 526, 591, 497, 569, 676, 490, 525, 577, 547, 542, 481, 600, 607, 549, 488, 564, 617, 535, 440, 518, 503, 513, 505, 565, 547, 521, 509, 526, 539, 498, 486, 600, 550, 531, 616, 621, 555, 527, 541, 553, 581, 541, 529, 508, 552, 543, 559, 530, 522, 587, 572, 524, 608, 505, 519, 593, 568, 556, 541, 618, 606, 562, 630, 576, 536, 598, 572, 572, 497, 451, 491, 534, 542, 554, 560, 500, 458, 570, 597, 568, 555, 616, 677, 574, 540, 561, 587, 562, 584, 550, 577, 600, 650, 607, 512, 532, 573, 469, 443, 509, 609, 591, 520, 519, 598, 514, 447, 531, 588, 657, 524, 476, 603, 625, 530, 493, 555, 674, 587, 493, 572, 542, 532, 518, 697, 555, 567, 583, 663, 587, 525, 668, 586, 565, 592, 559, 648, 653, 585, 633, 536, 494, 555, 632, 671, 653, 613, 607, 503, 498, 543, 559, 549, 520, 599, 559, 527, 476, 540, 610, 569, 503, 566, 614, 669, 626, 435, 555, 643, 540, 474, 557, 562, 501, 468, 471, 556, 495, 470, 507, 473, 565, 542, 427, 441, 590, 655, 574, 847, 713, 971, 829, 612, 773, 1231, 1297, 1842, 2071, 3294, 2454, 1134, 1799, 3731, 3937, 2398, 4370, 6406, 4231, 1381, 3261, 6765, 6759, 1758, 4788, 6340, 3873, 1120, 3753, 6645, 5914, 978, 3129, 3562, 2061, 806, 2473, 3910, 3103, 1846, 4124, 4330, 2361, 1186, 2671, 4370, 3530, 4034, 8914, 9575, 5080, 1970, 5232, 8986, 7309, 3796, 10044, 10889, 5577, 1806, 5747, 10043, 7983, 1945, 5515, 5857, 2953, 1096, 3015, 5235, 3985, 1215, 2835, 2842, 1372, 813, 1622, 2481, 1795, 1020, 1680, 1594, 864, 678, 1016, 1397, 1131, 1034, 1340, 1182, 822, 723, 1059, 1087, 1063, 974, 1225, 1284, 946, 693, 1099, 1252, 1054, 878, 1273, 1454, 1035, 639, 1045, 1172, 955, 899, 2034, 2546, 1646, 886, 1298, 1422, 1245, 1283, 3277, 3825, 2281, 1026, 1833, 2190, 1792, 5330, 8770, 7010, 2112, 3609, 3751, 4171, 2052, 14689, 22652, 15667, 2226, 9628, 8579, 9768, 2413, 16189, 25242, 17710, 3132, 10398, 9526, 11156, 3415, 8914, 15940, 12608, 4398, 5287, 6389, 8715, 4989, 3826, 8517, 7892, 3286, 2068, 3993, 6141, 3913, 2069, 4885, 4562, 1723, 1330, 2386, 3445, 2118, 1549, 2998, 2810, 1258, 1025, 1643, 2224, 1484, 1101, 1974, 1850, 996, 887, 1282, 1373, 967, 1315, 2277, 1925, 749, 1200, 1428, 1113, 693, 1276, 1949, 1547, 747, 1145, 1267, 1024, 763, 1162, 1300, 1075, 874, 874, 1126, 1105, 991, 1423, 1374, 1437, 1112, 1123, 1476, 1166, 1224, 2062, 2473, 2547, 1543, 1484, 2119, 1613, 1553, 4327, 5003, 4790, 3017, 3302, 4976, 3444, 2459, 5608, 6459, 6487, 3841, 4626, 7192, 4541, 3099, 3937, 4774, 4356, 2440, 3287, 4865, 3225, 1957, 2718, 3616, 3232, 1736, 2119, 3245, 2474, 1234, 2922, 4064, 3782, 1955, 2130, 3468, 2403, 1427, 2895, 3489, 2405, 1384, 1973, 2189, 1419, 1308, 2500, 3103, 2031, 1270, 1953, 1707, 1149, 1281, 1526, 1902, 1365, 919, 1172, 1128, 991, 1087, 1064, 1191, 1027, 744, 739, 938, 909, 929, 1011, 1248, 1101, 756, 797, 961, 1036, 894, 1134, 1573, 1336, 882, 816, 1107, 1188, 881, 832, 1169, 1016, 663, 667, 959, 1090, 762, 672, 919, 857, 722, 586, 702, 839, 687, 684, 843, 841, 766, 654, 742, 746, 737, 792, 909, 800, 676, 685, 701, 660, 657, 772, 972, 870, 723, 749, 676, 643, 586, 775, 907, 827, 716, 709, 652, 688, 655, 837, 1042, 1002, 761, 727, 703, 768, 790, 935, 1003, 996, 957, 871, 796, 844, 947, 960, 1029, 1004, 995, 1006, 871, 880, 898, 930, 1079, 1079, 916, 1016, 886, 767, 809, 1021, 982, 984, 1025, 1126, 937, 726, 987, 1330, 1220, 953, 877, 1099, 972, 938, 1200, 1227, 1091, 902, 925, 1104, 1042, 1015, 1118, 854, 902, 833, 901, 969, 771, 805, 826, 771, 759, 653, 688, 811, 790, 645, 671, 684, 634, 623, 678, 684, 756, 700, 682, 613, 641, 689, 677, 617, 613, 716, 696, 565, 661, 710, 674, 621, 683, 737, 629, 593, 752, 703, 602, 623, 720, 749, 556, 713, 753, 680, 620, 682, 722, 612, 614, 950, 821, 743, 911, 783, 790, 767, 841, 1158, 1090, 853, 1042, 949, 988, 1014, 971, 1310, 1152, 828, 1095, 993, 989, 1201, 1183, 1180, 1017, 785, 992, 1007, 968, 1050, 1173, 971, 802, 642, 760, 801, 796, 832, 942, 820, 645, 577, 668, 667, 717, 671, 756, 732, 779, 732, 742, 820, 818, 736, 769, 623, 669, 819, 758, 584, 707, 799, 705, 575, 648, 703, 734, 563, 759, 837, 634, 694, 618, 633, 684, 553, 699, 702, 582, 756, 791, 777, 811, 629, 638, 775, 786, 815, 1032, 1072, 987, 906, 974, 983, 892, 1068, 1317, 1501, 1149, 869, 1054, 1540, 1540, 2343, 1931, 2507, 2003, 1325, 1684, 3501, 3969, 3377, 2546, 3419, 2717, 1702, 2544, 5269, 5944, 2984, 2403, 3212, 2428, 1456, 2239, 4463, 5047, 2407, 2053, 2577, 1754, 1386, 2049, 3891, 4149, 1844, 1946, 1843, 1518, 1269, 1737, 2740, 2702, 1591, 1699, 1702, 1315, 981, 1287, 1840, 1741, 1552, 1715, 1531, 1263, 1034, 1279, 1739, 1565, 1681, 1497, 1460, 1458, 1003, 1300, 1809, 1833, 1694, 1246, 1355, 1614, 1147, 1241, 1669, 1810, 1557, 1047, 1320, 1600, 1066, 1108, 1479, 1702, 1252, 1160, 1292, 1137, 888, 1091, 1242, 1320, 1238, 1407, 1165, 777, 879, 1244, 1222, 1093, 1048, 1264, 1156, 887, 800, 1176, 1394, 1089, 725, 1175, 1058, 681, 590, 1071, 1357, 959, 619, 1059, 1024, 768, 612, 867, 1147, 895, 616, 840, 942, 789, 607, 704, 953, 819, 688, 769, 751, 624, 529, 521, 704, 790, 674, 777, 697, 551, 606, 676, 741, 723, 592, 746, 736, 525, 600, 655, 827, 789, 608, 651, 592, 514, 562, 582, 711, 700, 545, 634, 609, 509, 528, 601, 624, 542, 526, 515, 581, 501, 416, 535, 570, 532, 447, 439, 491, 522, 468, 548, 646, 510, 481, 532, 525, 498, 440, 428, 531, 499]"
-0.7867385149002075,-0.2758903503417969,-1.5765798091888428,-1.5349311828613281,-0.9311460256576538,-0.4975048899650574,-1.446848750114441,-0.2988903522491455,-0.6953716278076172,22.75,-0.22650647163391113,-0.4809379577636719,24.5,-0.19074368476867676,-0.6249904632568359,18.0,-0.1622765064239502,-0.37250518798828125,30.25,0.0016601085662841797,-0.7520198822021484,18.5,"[397, 576, 660, 628, 684, 627, 659, 572, 474, 561, 635, 588, 654, 576, 584, 559, 503, 552, 627, 578, 571, 616, 479, 513, 522, 500, 551, 504, 521, 593, 516, 464, 603, 482, 462, 462, 519, 575, 491, 505, 532, 502, 443, 423, 514, 521, 429, 512, 392, 404, 499, 495, 498, 522, 471, 467, 419, 451, 545, 583, 490, 470, 571, 508, 492, 468, 515, 573, 507, 458, 509, 550, 423, 555, 554, 480, 500, 561, 534, 400, 529, 535, 623, 617, 565, 578, 581, 530, 509, 543, 603, 537, 499, 612, 576, 607, 490, 456, 482, 579, 508, 494, 591, 577, 553, 495, 505, 658, 615, 470, 517, 599, 614, 521, 494, 606, 595, 580, 500, 556, 605, 530, 449, 535, 508, 525, 520, 547, 517, 444, 407, 496, 466, 478, 490, 533, 447, 502, 561, 478, 496, 591, 559, 530, 577, 529, 538, 549, 544, 519, 544, 581, 548, 555, 536, 613, 613, 576, 510, 551, 543, 678, 585, 518, 618, 638, 573, 525, 632, 608, 629, 679, 623, 612, 629, 669, 611, 579, 546, 573, 641, 558, 525, 626, 603, 557, 535, 591, 570, 545, 482, 587, 610, 489, 534, 584, 545, 482, 466, 585, 612, 532, 496, 569, 598, 549, 586, 647, 606, 553, 528, 566, 524, 471, 639, 643, 650, 640, 578, 548, 551, 554, 629, 643, 526, 492, 517, 537, 553, 531, 522, 479, 589, 603, 648, 606, 593, 582, 581, 589, 1106, 1497, 1333, 790, 668, 872, 1127, 964, 4848, 9411, 8510, 3686, 1775, 4900, 7407, 4960, 9698, 18850, 16869, 7087, 3438, 10127, 15573, 10547, 8410, 15448, 13450, 5532, 2988, 8621, 13214, 9189, 4125, 7240, 6094, 2312, 1810, 4128, 6026, 3963, 4411, 9226, 8093, 2719, 2614, 3406, 5301, 2875, 6526, 14315, 12962, 4673, 3551, 5213, 8750, 4957, 4700, 10504, 9621, 3486, 2390, 3850, 6521, 3835, 1978, 4054, 3706, 1480, 1146, 1511, 2455, 1796, 1386, 2813, 2630, 1281, 875, 1703, 2360, 1690, 1149, 2502, 2424, 1179, 699, 1723, 2479, 1744, 816, 1778, 1827, 977, 634, 1204, 1756, 1390, 673, 974, 995, 697, 684, 858, 905, 744, 567, 686, 844, 715, 516, 686, 709, 552, 1011, 1544, 1366, 728, 749, 934, 993, 642, 5221, 9647, 7833, 1763, 3388, 3659, 4451, 1676, 11912, 22276, 18045, 3928, 7290, 8099, 10654, 3719, 10740, 20317, 16540, 3758, 6434, 7288, 10024, 3835, 4179, 7751, 6281, 1609, 2485, 2900, 3914, 1737, 1325, 2116, 1883, 897, 973, 1056, 1239, 950, 905, 1474, 1469, 828, 774, 895, 1069, 872, 636, 1130, 1038, 632, 695, 846, 894, 684, 569, 754, 692, 619, 667, 683, 701, 606, 1001, 1324, 1149, 787, 857, 885, 676, 707, 2035, 2620, 1945, 1080, 1607, 1378, 771, 966, 2238, 2617, 1861, 1192, 1723, 1460, 789, 1277, 2142, 2504, 1899, 1050, 1647, 1967, 1142, 1037, 3305, 4035, 3534, 1910, 2669, 3776, 2176, 1349, 3010, 3674, 3320, 1908, 2406, 3401, 1937, 1376, 1588, 1759, 1674, 1285, 1171, 1501, 1079, 1093, 1015, 1293, 1261, 965, 869, 870, 840, 818, 1386, 1860, 1622, 962, 1273, 1217, 1015, 837, 1660, 2280, 1757, 932, 1617, 1620, 1143, 954, 1408, 1828, 1441, 860, 1308, 1346, 903, 816, 972, 1148, 1034, 733, 810, 820, 711, 699, 928, 968, 868, 750, 813, 692, 652, 780, 877, 951, 693, 594, 789, 710, 552, 604, 719, 905, 767, 530, 731, 831, 738, 528, 793, 880, 796, 647, 721, 820, 714, 632, 733, 867, 732, 620, 669, 844, 843, 666, 778, 861, 820, 679, 760, 746, 743, 770, 696, 862, 876, 701, 722, 820, 872, 799, 747, 902, 913, 765, 689, 748, 813, 795, 784, 1057, 959, 664, 734, 762, 750, 722, 693, 934, 839, 659, 781, 711, 594, 556, 844, 1019, 857, 702, 905, 907, 737, 617, 883, 973, 919, 839, 951, 984, 796, 784, 1018, 1043, 815, 939, 1138, 1049, 833, 853, 976, 1005, 838, 792, 906, 883, 727, 750, 796, 848, 755, 688, 786, 826, 628, 583, 681, 678, 626, 587, 671, 727, 624, 536, 698, 704, 652, 710, 771, 846, 644, 490, 762, 877, 780, 738, 726, 874, 856, 512, 1019, 1015, 976, 897, 788, 1301, 1208, 667, 1348, 1237, 1365, 1137, 968, 1683, 1492, 954, 1233, 1131, 1124, 1004, 815, 1433, 1304, 837, 884, 849, 879, 764, 744, 1003, 993, 802, 709, 694, 768, 647, 726, 797, 763, 773, 532, 737, 803, 632, 677, 744, 790, 626, 684, 841, 787, 665, 697, 768, 768, 672, 679, 746, 685, 671, 646, 652, 732, 665, 513, 719, 663, 549, 566, 529, 596, 557, 615, 625, 513, 591, 634, 553, 569, 584, 821, 726, 687, 703, 802, 825, 857, 833, 1319, 1213, 988, 735, 1014, 1432, 1599, 1458, 1688, 1519, 1177, 783, 1112, 1704, 1976, 1798, 1240, 1126, 930, 860, 793, 1195, 1275, 1150, 909, 848, 902, 1009, 628, 843, 948, 732, 886, 876, 966, 953, 645, 765, 1016, 906, 789, 873, 872, 652, 719, 842, 904, 811, 913, 1034, 1018, 722, 750, 1146, 1149, 898, 830, 902, 890, 740, 673, 1070, 1167, 938, 889, 915, 863, 835, 633, 922, 1030, 877, 958, 996, 852, 741, 674, 960, 1101, 853, 804, 983, 889, 627, 657, 796, 1005, 857, 988, 1364, 1574, 1048, 824, 1126, 1765, 1739, 1324, 1955, 2291, 1464, 915, 1702, 2776, 2760, 1394, 1998, 2096, 1290, 820, 1870, 2945, 2604, 1426, 1989, 1923, 1288, 792, 1982, 2931, 2396, 1722, 1810, 1956, 1330, 1050, 1638, 2532, 2457, 1615, 1605, 1788, 1263, 1012, 1272, 1773, 1773, 1189, 1201, 1329, 1036, 794, 1152, 1301, 1236, 1212, 923, 1036, 1037, 907, 1091, 1386, 1432, 1116, 998, 893, 866, 817, 1024, 1192, 1244, 1155, 1085, 913, 745, 747, 1027, 1119, 1131, 1097, 997, 846, 799, 778, 1117, 1388, 1265, 1293, 1160, 935, 910, 875, 1059, 1221, 1236, 953, 1039, 1085, 932, 721, 969, 1132, 1062, 1015, 877, 1081, 1181, 716, 898, 1090, 1010, 1291, 898, 1104, 1290, 844, 857, 1064, 1270, 955, 743, 937, 876, 596, 795, 871, 1014, 765, 712, 729, 627, 627, 828, 693, 750, 624, 634, 601, 541, 673, 754, 611, 590, 670, 537, 625, 649, 620, 598, 692, 748, 584, 606, 657, 582, 563, 592, 727, 670, 544, 629, 731, 579, 517, 557, 700, 695, 415, 527, 563, 440, 423, 487, 637, 550, 412, 516, 568, 517, 355, 487, 581, 530]"
-0.8775566220283508,-0.28113460540771484,-1.7554749250411987,-1.5336897373199463,-0.8505743741989136,-0.5889220833778381,-1.292980670928955,-0.6765013337135315,-0.8328437805175781,27.25,-0.5441790223121643,-0.8304119110107422,25.25,-0.31744295358657837,-0.7309913635253906,21.0,-0.3031378388404846,-0.8046627044677734,16.25,-0.18082910776138306,-0.8335590362548828,15.25,"[612, 657, 752, 753, 733, 754, 755, 661, 586, 638, 701, 750, 724, 696, 716, 633, 588, 592, 611, 688, 605, 562, 643, 655, 457, 496, 585, 586, 497, 496, 543, 490, 462, 530, 506, 548, 528, 499, 524, 482, 488, 454, 485, 546, 550, 495, 540, 496, 505, 536, 503, 553, 568, 573, 587, 517, 486, 572, 481, 435, 477, 446, 526, 463, 475, 542, 435, 462, 538, 511, 534, 460, 516, 510, 489, 423, 462, 560, 540, 500, 499, 492, 503, 496, 517, 518, 526, 525, 505, 645, 633, 533, 506, 550, 560, 505, 514, 547, 545, 509, 531, 464, 495, 520, 519, 542, 525, 563, 605, 522, 460, 451, 481, 453, 466, 605, 649, 517, 470, 462, 521, 532, 485, 540, 589, 553, 483, 515, 520, 580, 477, 527, 527, 596, 575, 391, 514, 541, 525, 579, 554, 538, 540, 503, 527, 454, 494, 550, 593, 548, 554, 548, 487, 488, 439, 490, 475, 543, 522, 441, 527, 556, 492, 582, 522, 504, 554, 518, 468, 486, 531, 552, 499, 556, 672, 635, 474, 523, 537, 501, 520, 559, 561, 501, 598, 638, 615, 579, 593, 581, 560, 577, 559, 604, 554, 557, 539, 539, 567, 558, 574, 611, 626, 607, 549, 546, 602, 560, 551, 580, 514, 544, 572, 546, 568, 568, 636, 579, 602, 635, 553, 491, 541, 594, 533, 486, 531, 566, 500, 559, 549, 486, 552, 569, 591, 647, 587, 602, 534, 506, 514, 523, 545, 589, 546, 463, 408, 495, 1721, 2941, 2330, 708, 1092, 1178, 1480, 713, 5706, 10491, 8255, 1690, 3040, 4000, 5761, 1965, 7589, 13076, 9760, 1612, 3885, 5573, 7407, 2114, 4154, 6489, 4586, 968, 2013, 3412, 3936, 1194, 2172, 3754, 2915, 845, 1121, 1587, 2097, 997, 2324, 4959, 4339, 1343, 1341, 1474, 2485, 1294, 1807, 4316, 4080, 1539, 1187, 1653, 2224, 1383, 1449, 2978, 2783, 1291, 991, 1742, 2184, 1397, 1586, 3411, 3010, 1271, 1003, 1834, 2860, 1856, 1247, 2609, 2337, 1125, 847, 1596, 2291, 1569, 935, 1728, 1643, 906, 864, 1142, 1106, 882, 883, 1473, 1446, 718, 832, 1038, 787, 680, 775, 1241, 1131, 643, 790, 900, 684, 602, 1207, 2021, 1722, 737, 1241, 1325, 889, 633, 1848, 3174, 2695, 958, 1906, 2023, 1288, 724, 1717, 3030, 2544, 950, 1708, 1873, 1252, 677, 1370, 2435, 2121, 809, 1413, 1576, 1216, 688, 1186, 1882, 1668, 684, 1089, 1183, 1024, 742, 830, 1114, 966, 560, 728, 737, 675, 646, 604, 626, 676, 573, 576, 568, 573, 609, 811, 825, 695, 643, 786, 695, 614, 705, 1538, 1814, 1148, 772, 1318, 1210, 936, 896, 2013, 2533, 1656, 987, 1856, 1619, 1166, 1001, 1693, 2042, 1352, 861, 1382, 1315, 1048, 957, 1475, 1646, 1124, 908, 1060, 894, 984, 1005, 1377, 1693, 1191, 955, 1301, 1123, 773, 803, 1444, 1813, 1441, 1188, 1612, 1376, 767, 936, 1271, 1443, 1166, 1024, 1297, 1163, 808, 902, 1117, 1383, 981, 816, 1119, 1010, 796, 761, 1221, 1659, 1227, 668, 1123, 1091, 898, 695, 1179, 1504, 1139, 652, 1053, 1168, 870, 757, 880, 1153, 971, 663, 874, 869, 589, 597, 694, 936, 878, 654, 681, 651, 546, 522, 673, 842, 785, 600, 659, 636, 529, 567, 709, 988, 923, 623, 722, 729, 554, 527, 771, 901, 804, 736, 826, 766, 551, 630, 754, 763, 622, 743, 902, 754, 524, 582, 640, 726, 646, 626, 752, 715, 594, 544, 553, 763, 732, 546, 630, 730, 709, 579, 541, 684, 600, 563, 601, 620, 624, 536, 687, 770, 699, 575, 612, 554, 573, 607, 701, 709, 682, 563, 660, 685, 602, 649, 704, 763, 717, 668, 840, 819, 641, 600, 967, 1108, 917, 868, 1163, 1021, 752, 720, 1099, 1123, 818, 892, 1058, 981, 701, 747, 854, 983, 915, 828, 908, 902, 658, 678, 801, 885, 916, 818, 870, 795, 622, 692, 678, 719, 799, 724, 685, 768, 701, 726, 747, 833, 716, 549, 654, 833, 749, 595, 723, 775, 668, 568, 648, 697, 668, 562, 689, 848, 834, 681, 646, 709, 719, 661, 583, 782, 859, 812, 676, 656, 776, 671, 709, 619, 693, 745, 706, 782, 676, 646, 857, 922, 1000, 836, 780, 926, 718, 695, 940, 1293, 1167, 782, 772, 962, 997, 824, 1028, 1178, 982, 761, 783, 1100, 1072, 839, 745, 922, 1090, 826, 714, 971, 942, 812, 708, 774, 980, 726, 709, 1054, 774, 709, 737, 783, 931, 744, 699, 1094, 833, 593, 682, 777, 837, 676, 702, 879, 703, 594, 587, 904, 971, 674, 628, 860, 792, 626, 549, 813, 831, 582, 663, 759, 707, 576, 547, 654, 651, 530, 644, 631, 584, 575, 663, 689, 691, 613, 627, 693, 668, 643, 809, 779, 836, 689, 755, 973, 953, 813, 1101, 1020, 961, 721, 843, 1105, 1130, 1072, 999, 1113, 1012, 752, 783, 1063, 1021, 822, 1060, 1045, 844, 754, 751, 911, 789, 672, 735, 848, 708, 563, 580, 680, 731, 646, 683, 755, 666, 626, 623, 624, 664, 608, 765, 832, 765, 820, 604, 693, 763, 642, 943, 972, 871, 844, 699, 827, 799, 743, 901, 1050, 924, 766, 710, 916, 861, 728, 915, 997, 977, 794, 737, 862, 884, 816, 1127, 1336, 1106, 782, 869, 1123, 1163, 795, 919, 1788, 1764, 967, 717, 1435, 2000, 1384, 1051, 2032, 2485, 1498, 767, 1777, 2726, 2239, 1461, 2326, 2632, 1574, 1064, 2237, 3474, 2843, 1046, 2229, 1849, 873, 919, 2010, 2938, 2003, 924, 1602, 1226, 821, 687, 1544, 1963, 1146, 770, 933, 835, 661, 775, 1020, 1040, 736, 812, 828, 778, 707, 720, 736, 681, 730, 909, 923, 805, 747, 836, 770, 851, 887, 852, 970, 1185, 1025, 694, 878, 998, 1045, 1275, 1388, 1555, 1169, 848, 1424, 1407, 1270, 1343, 1182, 1110, 965, 757, 1138, 1259, 1294, 1037, 924, 800, 715, 724, 843, 956, 961, 1000, 891, 775, 784, 746, 1009, 920, 773, 754, 721, 727, 629, 614, 930, 896, 776, 723, 654, 607, 611, 491, 649, 701, 640, 894, 847, 739, 756, 569, 670, 719, 738, 865, 829, 731, 742, 675, 668, 774, 799, 730, 725, 679, 678, 657, 664, 622, 680, 610, 637, 697, 588, 505, 658, 654, 560, 505, 570, 651, 599, 469, 555, 572, 516, 553, 535, 582, 571, 563, 603, 534, 481, 491, 466, 477, 463, 475, 556, 530, 480]"
-0.9315366148948669,-0.07389646768569946,-1.5006163120269775,-1.2785955667495728,-0.4260155260562897,-0.1829172968864441,-0.7387979030609131,-0.006054997444152832,-0.7955074310302734,30.5,0.08306586742401123,-0.7161140441894531,26.75,0.28791511058807373,-0.5168437957763672,15.25,1.912546992301941,2.102994918823242,18.25,1.9866474866867065,2.1155834197998047,16.5,"[472, 623, 666, 606, 517, 603, 666, 619, 609, 613, 590, 593, 597, 604, 618, 693, 526, 530, 628, 573, 552, 563, 548, 593, 510, 406, 593, 599, 527, 500, 480, 576, 475, 411, 442, 482, 483, 439, 432, 462, 520, 589, 506, 493, 616, 518, 479, 466, 565, 615, 534, 455, 577, 560, 497, 471, 552, 579, 555, 512, 534, 509, 463, 529, 516, 548, 559, 468, 461, 448, 453, 552, 560, 581, 518, 457, 497, 499, 490, 557, 540, 557, 543, 512, 546, 545, 536, 519, 471, 474, 523, 512, 495, 547, 510, 462, 534, 520, 512, 559, 494, 434, 432, 512, 594, 543, 629, 629, 532, 471, 517, 549, 616, 519, 647, 636, 574, 511, 536, 573, 666, 578, 596, 605, 670, 541, 534, 694, 545, 439, 538, 555, 568, 540, 583, 635, 644, 536, 514, 572, 628, 544, 585, 684, 661, 578, 579, 613, 596, 514, 462, 561, 577, 604, 566, 551, 511, 440, 392, 500, 494, 549, 555, 526, 510, 494, 540, 550, 526, 541, 630, 593, 520, 565, 525, 502, 570, 611, 524, 546, 586, 558, 557, 527, 554, 588, 575, 563, 549, 547, 605, 589, 558, 566, 510, 530, 538, 564, 535, 427, 544, 573, 586, 602, 567, 560, 566, 549, 478, 558, 540, 491, 476, 481, 576, 547, 568, 623, 573, 545, 555, 594, 607, 573, 588, 597, 565, 509, 496, 573, 545, 527, 593, 564, 533, 514, 470, 575, 612, 605, 553, 547, 539, 560, 547, 551, 603, 547, 590, 669, 557, 544, 523, 560, 636, 579, 1017, 1544, 1246, 552, 851, 815, 758, 568, 2303, 4109, 3260, 692, 1770, 1687, 1664, 835, 2489, 3928, 2874, 642, 1730, 1721, 1545, 698, 4280, 9518, 8736, 2379, 4023, 5184, 3774, 1967, 9137, 19757, 17722, 4442, 7965, 9697, 7309, 3447, 7645, 15582, 13657, 3202, 6439, 7747, 5510, 2126, 3128, 6758, 6094, 1719, 2751, 3678, 3156, 1462, 2288, 4552, 3940, 1405, 1630, 2352, 2769, 1456, 1473, 2499, 2082, 881, 1135, 1378, 1671, 935, 1056, 1626, 1388, 743, 1025, 1060, 1082, 698, 923, 1402, 1254, 866, 882, 1004, 940, 747, 797, 1145, 1228, 1020, 962, 945, 896, 782, 949, 1247, 1114, 923, 1038, 967, 819, 778, 841, 1191, 1071, 693, 781, 794, 762, 707, 725, 867, 885, 667, 669, 716, 661, 674, 721, 765, 728, 665, 742, 623, 577, 630, 1116, 1325, 790, 929, 1376, 1110, 648, 606, 1833, 2169, 998, 1562, 2419, 1728, 730, 913, 1567, 1800, 902, 1283, 1932, 1483, 767, 855, 1262, 1280, 873, 1099, 1299, 1068, 847, 779, 1990, 2186, 1319, 1536, 2104, 1562, 906, 1069, 2937, 3417, 1861, 2104, 3399, 2563, 1266, 1613, 3244, 4302, 2859, 2010, 4054, 3476, 1727, 1622, 2290, 3532, 2543, 1289, 2873, 2717, 1516, 1188, 1426, 1955, 1528, 1115, 1688, 1493, 908, 714, 1141, 1545, 1259, 918, 1265, 1190, 933, 658, 974, 1208, 925, 797, 907, 919, 786, 624, 897, 1079, 884, 717, 943, 879, 784, 697, 706, 899, 790, 657, 773, 705, 653, 555, 706, 717, 714, 638, 657, 697, 662, 653, 680, 695, 661, 650, 741, 716, 649, 645, 641, 741, 776, 653, 658, 651, 596, 590, 656, 754, 763, 657, 680, 666, 597, 541, 672, 671, 700, 714, 768, 800, 627, 589, 682, 702, 736, 666, 636, 678, 648, 639, 754, 793, 706, 661, 698, 664, 612, 625, 691, 689, 586, 665, 698, 648, 594, 545, 718, 691, 622, 623, 640, 606, 509, 550, 754, 802, 748, 622, 694, 736, 680, 631, 851, 926, 726, 824, 964, 772, 676, 656, 818, 880, 657, 776, 880, 702, 660, 653, 862, 1024, 832, 719, 1034, 1003, 782, 690, 898, 1175, 941, 812, 1058, 1076, 829, 737, 762, 1010, 892, 774, 788, 879, 774, 599, 552, 641, 678, 683, 632, 654, 682, 584, 697, 735, 687, 648, 673, 746, 756, 667, 722, 761, 630, 542, 638, 706, 732, 650, 614, 782, 705, 525, 699, 762, 670, 598, 620, 714, 624, 413, 588, 688, 615, 589, 640, 705, 595, 437, 574, 663, 560, 615, 548, 601, 548, 566, 607, 595, 576, 577, 613, 660, 628, 571, 670, 687, 680, 583, 869, 757, 634, 717, 708, 852, 854, 775, 1266, 1092, 952, 1058, 978, 1417, 1190, 847, 1461, 1256, 975, 1112, 1088, 1655, 1313, 793, 970, 1021, 937, 943, 786, 1257, 1208, 702, 636, 929, 933, 716, 709, 1011, 990, 688, 612, 775, 780, 601, 601, 833, 824, 716, 557, 649, 682, 577, 571, 734, 811, 718, 742, 867, 824, 656, 557, 847, 931, 714, 709, 822, 759, 585, 639, 779, 716, 594, 672, 669, 637, 660, 707, 624, 626, 673, 701, 639, 682, 648, 619, 646, 654, 697, 795, 807, 609, 491, 685, 851, 830, 650, 1156, 1032, 808, 635, 1017, 1439, 1306, 929, 878, 868, 833, 690, 833, 1252, 1259, 907, 785, 1063, 885, 825, 779, 969, 1144, 882, 1029, 1086, 840, 940, 1061, 1057, 1203, 1101, 774, 803, 844, 727, 875, 929, 938, 853, 876, 1022, 856, 634, 836, 1028, 945, 688, 915, 1050, 866, 543, 819, 985, 882, 677, 876, 948, 764, 616, 797, 954, 779, 672, 739, 847, 791, 615, 705, 749, 575, 697, 931, 1470, 1613, 1017, 847, 1254, 1660, 1355, 1585, 3898, 4611, 2676, 1558, 3647, 5641, 4644, 2002, 5480, 6515, 3735, 1985, 5066, 8116, 6779, 1532, 4547, 5174, 2888, 1639, 4247, 6495, 5147, 1074, 3460, 3639, 1928, 1089, 3500, 4936, 3425, 741, 2381, 2589, 1394, 896, 2610, 3586, 2518, 672, 1154, 1119, 705, 642, 1193, 1542, 1150, 731, 875, 686, 490, 624, 1000, 951, 598, 789, 975, 750, 595, 854, 1171, 1080, 627, 843, 1032, 916, 670, 862, 1142, 963, 567, 1057, 1278, 1189, 816, 910, 1212, 1095, 731, 1090, 1147, 942, 789, 880, 1279, 1240, 830, 909, 976, 865, 843, 745, 1049, 1104, 734, 670, 750, 723, 725, 750, 806, 758, 703, 731, 741, 752, 727, 677, 809, 748, 692, 946, 734, 774, 798, 708, 727, 779, 866, 747, 626, 710, 759, 681, 618, 666, 785, 633, 563, 663, 687, 556, 579, 639, 630, 627, 620, 737, 820, 656, 744, 828, 732, 479, 614, 735, 656, 464, 572, 711, 643, 385, 470, 608, 566, 385, 481, 524, 481, 390, 496, 548, 510, 446, 505, 541, 472, 388, 454, 481, 420, 451, 490, 511, 476]"
-0.9322121143341064,0.321791410446167,-0.6894257068634033,-0.28873932361602783,0.34913116693496704,0.8066418170928955,0.8706191182136536,-0.43137305974960327,-0.8899211883544922,16.0,-0.13253921270370483,-0.7341384887695312,19.75,0.12323623895645142,-0.6932258605957031,28.75,0.16944175958633423,-0.6803512573242188,27.75,0.22337204217910767,-0.6114006042480469,-31.75,"[478, 548, 619, 596, 456, 592, 620, 550, 487, 526, 589, 681, 556, 568, 676, 589, 500, 502, 607, 591, 553, 573, 581, 538, 528, 611, 673, 518, 489, 566, 499, 516, 530, 501, 592, 502, 512, 607, 568, 527, 469, 416, 479, 533, 538, 563, 524, 485, 557, 452, 528, 533, 504, 495, 496, 605, 573, 493, 533, 561, 499, 452, 477, 597, 532, 449, 463, 530, 487, 488, 542, 540, 595, 558, 528, 542, 560, 578, 533, 528, 593, 603, 618, 532, 594, 522, 495, 554, 595, 581, 625, 495, 504, 469, 500, 581, 566, 554, 552, 526, 528, 469, 457, 534, 576, 538, 567, 518, 460, 552, 533, 552, 596, 580, 492, 465, 520, 569, 522, 498, 543, 575, 536, 487, 592, 628, 546, 490, 531, 666, 631, 494, 484, 543, 510, 506, 570, 642, 599, 552, 649, 582, 525, 513, 524, 552, 580, 570, 529, 556, 530, 570, 561, 614, 528, 474, 648, 589, 481, 537, 580, 589, 642, 577, 677, 582, 506, 568, 574, 592, 624, 514, 578, 642, 603, 559, 556, 474, 540, 601, 578, 553, 556, 605, 566, 510, 567, 587, 554, 451, 511, 585, 534, 569, 480, 472, 483, 523, 589, 562, 593, 523, 505, 511, 537, 552, 581, 567, 567, 495, 549, 604, 532, 564, 616, 668, 573, 561, 557, 607, 588, 657, 694, 620, 501, 517, 493, 528, 535, 523, 558, 520, 692, 836, 780, 677, 781, 713, 660, 636, 2224, 3460, 2667, 1265, 2550, 2551, 1443, 925, 3376, 5241, 3995, 1927, 3788, 4240, 2463, 1137, 6175, 13102, 12448, 4261, 6684, 9092, 5179, 2026, 10982, 21626, 19500, 6553, 11771, 14317, 8015, 3502, 8193, 15175, 13210, 4597, 8396, 9441, 5414, 2937, 3042, 5523, 5176, 2221, 2868, 3068, 2013, 1730, 3121, 4588, 3092, 1767, 3405, 2897, 1648, 1146, 3157, 4362, 2646, 1617, 3508, 2932, 1521, 951, 2112, 2938, 1818, 1211, 2239, 1746, 1346, 805, 1194, 1459, 1153, 994, 1168, 1002, 890, 700, 1265, 1821, 1523, 953, 1229, 1245, 755, 578, 1137, 1824, 1823, 979, 1132, 1201, 1021, 776, 812, 1341, 1414, 867, 883, 947, 742, 686, 772, 1005, 935, 667, 655, 747, 670, 592, 691, 880, 775, 674, 744, 702, 699, 566, 546, 687, 689, 685, 760, 651, 559, 520, 664, 868, 733, 660, 818, 765, 621, 568, 943, 1146, 909, 671, 923, 865, 622, 616, 1006, 1088, 873, 793, 1047, 957, 656, 707, 1159, 983, 729, 992, 1198, 1024, 761, 899, 1363, 1086, 926, 957, 1019, 1061, 835, 1080, 1499, 1972, 1594, 832, 1767, 1846, 1120, 1016, 1445, 2165, 1677, 863, 2132, 2276, 1251, 771, 970, 1377, 1236, 753, 1412, 1566, 976, 649, 762, 900, 798, 733, 944, 894, 660, 577, 642, 718, 711, 658, 776, 739, 603, 594, 733, 690, 662, 659, 691, 752, 629, 669, 628, 656, 696, 634, 706, 668, 630, 695, 651, 764, 682, 711, 663, 607, 572, 577, 637, 644, 702, 723, 623, 568, 651, 655, 634, 682, 774, 608, 585, 697, 612, 588, 618, 783, 834, 695, 642, 714, 625, 601, 539, 640, 666, 662, 640, 685, 571, 457, 651, 677, 688, 625, 673, 756, 686, 612, 590, 659, 652, 634, 728, 772, 641, 574, 665, 733, 708, 607, 727, 707, 630, 611, 648, 686, 638, 544, 579, 539, 613, 680, 542, 700, 723, 560, 556, 622, 575, 538, 530, 685, 757, 535, 597, 708, 626, 528, 601, 683, 637, 534, 598, 677, 620, 619, 675, 697, 572, 593, 667, 647, 671, 665, 738, 892, 692, 682, 804, 800, 839, 722, 807, 1103, 773, 780, 982, 906, 745, 615, 862, 878, 662, 753, 845, 874, 730, 628, 807, 760, 631, 711, 779, 729, 596, 641, 715, 773, 704, 713, 767, 794, 697, 629, 674, 704, 650, 643, 738, 772, 687, 646, 591, 715, 717, 596, 676, 691, 623, 614, 593, 707, 664, 503, 669, 715, 562, 553, 736, 674, 692, 670, 675, 714, 642, 635, 782, 710, 610, 734, 799, 735, 581, 619, 784, 757, 593, 711, 810, 743, 633, 612, 638, 674, 693, 650, 533, 605, 674, 614, 804, 794, 766, 678, 591, 772, 737, 636, 1068, 851, 879, 934, 729, 1099, 1072, 850, 1493, 1211, 1303, 1402, 1018, 1747, 1674, 1114, 1684, 1444, 1633, 1697, 1225, 1993, 1985, 1251, 1127, 1026, 1208, 1243, 993, 1423, 1373, 870, 848, 779, 795, 940, 770, 865, 904, 648, 1043, 946, 973, 1050, 870, 984, 859, 829, 640, 680, 743, 794, 719, 828, 782, 669, 558, 735, 644, 559, 601, 684, 700, 567, 611, 719, 618, 579, 599, 566, 599, 514, 619, 585, 630, 704, 677, 649, 664, 649, 689, 765, 713, 638, 671, 706, 743, 650, 1381, 1535, 998, 940, 1239, 1678, 1515, 882, 2475, 2377, 1412, 1614, 1999, 2697, 2246, 1266, 2374, 2064, 1603, 1655, 1767, 2332, 1814, 1204, 1286, 1291, 1099, 1173, 1123, 1167, 990, 825, 835, 967, 820, 895, 1031, 861, 668, 693, 1040, 927, 844, 928, 912, 829, 727, 835, 1429, 1082, 1308, 1368, 996, 1197, 968, 964, 1205, 1010, 1187, 1144, 884, 1185, 1041, 811, 1221, 1137, 989, 1070, 890, 1134, 1069, 875, 1518, 1386, 1060, 1249, 1045, 1267, 1218, 915, 1132, 1280, 986, 929, 887, 949, 948, 695, 1174, 1706, 1694, 1267, 1209, 1457, 1681, 1195, 1387, 2460, 2689, 1808, 1293, 1959, 2528, 1855, 1079, 1913, 2135, 1454, 1002, 1451, 1903, 1492, 843, 1206, 1332, 1089, 858, 1047, 1323, 1118, 1036, 1584, 1409, 886, 715, 1100, 1312, 962, 993, 1370, 1314, 988, 671, 1092, 1184, 814, 799, 868, 864, 802, 734, 800, 736, 703, 732, 848, 682, 580, 747, 722, 630, 578, 759, 882, 765, 730, 729, 826, 892, 789, 724, 864, 818, 764, 660, 899, 990, 763, 860, 964, 934, 874, 810, 1011, 949, 726, 935, 896, 861, 881, 1082, 1325, 1074, 855, 1056, 1028, 752, 791, 1107, 1293, 1098, 842, 910, 925, 669, 684, 857, 941, 783, 672, 711, 859, 915, 765, 751, 859, 715, 694, 680, 668, 885, 759, 594, 640, 687, 730, 607, 595, 641, 638, 606, 689, 638, 569, 667, 579, 604, 703, 584, 687, 646, 533, 576, 515, 580, 563, 592, 586, 464, 537, 512, 653, 610, 527, 616, 642, 560, 530, 457, 526, 515, 539, 586, 559, 460, 444, 489, 464, 534, 582, 554, 528, 432, 470]"
-0.8977608680725098,0.42860087752342224,-0.44593530893325806,-0.03039911389350891,0.47998493909835815,1.0082345008850098,1.123889684677124,-0.4209545850753784,-0.8312702178955078,31.5,-0.4209545850753784,1.6143321990966797,15.75,-0.07405555248260498,-0.7597446441650391,28.5,0.31547272205352783,0.6517410278320312,16.75,0.4339190721511841,0.4998207092285156,22.25,"[535, 557, 668, 614, 450, 608, 665, 557, 530, 566, 658, 651, 529, 568, 665, 559, 530, 576, 581, 543, 537, 598, 590, 585, 491, 489, 569, 498, 533, 521, 548, 590, 545, 552, 553, 484, 482, 516, 561, 600, 510, 557, 613, 558, 515, 460, 563, 594, 560, 541, 461, 465, 479, 485, 561, 628, 655, 549, 530, 598, 629, 556, 559, 648, 510, 443, 541, 530, 435, 469, 579, 602, 562, 588, 533, 459, 432, 554, 595, 528, 542, 591, 545, 462, 492, 581, 545, 475, 510, 530, 540, 560, 517, 578, 586, 501, 472, 539, 480, 521, 515, 482, 566, 515, 591, 658, 605, 599, 609, 641, 556, 574, 573, 615, 613, 646, 577, 552, 575, 519, 524, 513, 491, 541, 553, 509, 530, 448, 445, 485, 558, 599, 586, 488, 447, 527, 516, 525, 494, 528, 552, 580, 431, 499, 565, 517, 499, 508, 522, 493, 342, 440, 549, 488, 548, 546, 509, 493, 471, 534, 501, 514, 612, 594, 487, 546, 628, 591, 493, 553, 704, 620, 506, 638, 661, 588, 460, 542, 637, 552, 407, 582, 612, 510, 524, 499, 539, 481, 481, 544, 531, 578, 553, 560, 542, 495, 558, 526, 515, 561, 840, 1012, 809, 828, 1069, 966, 707, 650, 2778, 3362, 2061, 2464, 3726, 2871, 1218, 1262, 5137, 5816, 2842, 4600, 6732, 4669, 1503, 2098, 2775, 2307, 3198, 4581, 4058, 2429, 1501, 2164, 6291, 14108, 13599, 4651, 6022, 8360, 5266, 2479, 10909, 21763, 19225, 5440, 10806, 13028, 7409, 2805, 7393, 13483, 11771, 4117, 7840, 8568, 4786, 1958, 3172, 5117, 4027, 2265, 4115, 4095, 2378, 1149, 1671, 2075, 1903, 1864, 2494, 2198, 1413, 1083, 2589, 3335, 2008, 1727, 3074, 2243, 1031, 1023, 2425, 3181, 1804, 1421, 2665, 2031, 945, 816, 1787, 2586, 1628, 1017, 1997, 1730, 1085, 671, 1536, 2525, 1861, 855, 1672, 1670, 1250, 727, 1181, 2189, 1890, 782, 1495, 1501, 1178, 927, 1099, 1779, 1555, 807, 1137, 1127, 954, 825, 930, 1403, 1253, 871, 864, 846, 868, 723, 847, 1034, 904, 786, 758, 787, 699, 632, 812, 824, 756, 775, 831, 761, 607, 639, 890, 1247, 1022, 688, 1011, 1003, 711, 645, 997, 1476, 1251, 702, 1032, 1055, 781, 668, 873, 1157, 996, 844, 1065, 1006, 739, 669, 630, 716, 796, 751, 730, 733, 710, 687, 693, 806, 722, 652, 651, 642, 703, 651, 808, 981, 862, 769, 990, 896, 608, 528, 1198, 1481, 978, 1116, 1946, 1692, 720, 780, 979, 1747, 1479, 1120, 2199, 2136, 1056, 852, 2085, 3866, 3256, 1134, 3065, 3396, 1797, 1131, 2509, 4244, 3368, 1474, 3281, 3350, 1639, 947, 1404, 2380, 2045, 1059, 1938, 1965, 1111, 843, 864, 1455, 1469, 780, 936, 1080, 898, 752, 927, 1421, 1293, 742, 779, 880, 713, 657, 787, 1014, 966, 715, 710, 787, 774, 700, 687, 714, 803, 807, 657, 622, 715, 694, 707, 753, 809, 722, 773, 835, 725, 558, 677, 792, 771, 681, 809, 801, 655, 600, 584, 756, 780, 631, 671, 652, 652, 646, 627, 627, 706, 724, 720, 681, 691, 728, 614, 618, 660, 622, 583, 652, 670, 716, 632, 646, 665, 586, 586, 634, 639, 650, 647, 704, 660, 620, 588, 615, 654, 665, 778, 783, 696, 749, 663, 664, 660, 634, 829, 821, 674, 634, 704, 736, 620, 626, 670, 723, 740, 625, 686, 744, 715, 715, 552, 721, 765, 591, 643, 724, 686, 647, 650, 657, 733, 673, 700, 719, 650, 645, 670, 715, 724, 722, 691, 681, 569, 608, 748, 881, 746, 689, 928, 961, 654, 584, 723, 856, 745, 646, 904, 893, 714, 599, 744, 787, 715, 662, 795, 816, 697, 716, 794, 785, 716, 690, 832, 785, 598, 711, 620, 646, 651, 642, 669, 656, 658, 671, 586, 691, 663, 659, 691, 611, 634, 662, 634, 714, 731, 630, 670, 618, 657, 660, 678, 843, 798, 600, 613, 691, 646, 591, 756, 820, 742, 630, 683, 790, 671, 641, 671, 679, 680, 622, 645, 612, 622, 642, 749, 680, 668, 770, 648, 766, 642, 534, 712, 757, 667, 666, 574, 650, 680, 579, 598, 649, 577, 628, 588, 611, 713, 623, 596, 625, 617, 647, 571, 588, 670, 590, 741, 826, 775, 750, 696, 816, 812, 672, 693, 764, 930, 915, 772, 903, 936, 734, 658, 814, 841, 825, 811, 828, 904, 758, 701, 786, 768, 687, 678, 779, 803, 686, 775, 910, 815, 675, 767, 802, 721, 654, 961, 1054, 865, 630, 792, 994, 748, 650, 969, 975, 794, 670, 898, 893, 690, 779, 781, 900, 707, 621, 779, 746, 724, 695, 628, 917, 842, 589, 660, 835, 870, 683, 908, 1158, 939, 759, 877, 1081, 1003, 757, 919, 1028, 865, 694, 854, 993, 932, 745, 715, 866, 812, 623, 721, 932, 802, 686, 862, 858, 835, 834, 800, 886, 820, 741, 925, 992, 785, 855, 907, 826, 708, 721, 935, 983, 734, 698, 843, 965, 779, 682, 660, 743, 701, 672, 795, 867, 714, 613, 1015, 974, 864, 960, 962, 953, 805, 807, 1271, 1163, 965, 1168, 1206, 1131, 840, 926, 1014, 880, 870, 1103, 1137, 872, 770, 904, 836, 937, 929, 816, 902, 912, 859, 744, 843, 1010, 1008, 876, 882, 982, 888, 747, 816, 936, 1228, 1178, 949, 1019, 1314, 1185, 899, 830, 1027, 1130, 1059, 954, 1165, 1114, 725, 938, 1001, 1010, 954, 880, 864, 818, 724, 1161, 1302, 1026, 743, 935, 1117, 913, 860, 1286, 1586, 1197, 819, 1182, 1287, 1145, 1030, 1379, 1694, 1436, 798, 1212, 1385, 1183, 876, 1307, 1320, 1141, 828, 1237, 1253, 851, 817, 1011, 878, 772, 861, 1031, 1064, 671, 746, 835, 984, 830, 880, 959, 832, 720, 1036, 1242, 1450, 1171, 987, 1021, 1087, 1081, 1311, 1300, 1249, 1277, 1225, 1228, 1286, 1131, 1207, 964, 895, 1118, 1138, 1072, 1017, 1026, 744, 662, 681, 793, 810, 875, 797, 680, 579, 662, 593, 678, 800, 875, 828, 618, 594, 709, 676, 716, 866, 881, 792, 621, 648, 830, 825, 754, 730, 740, 787, 671, 634, 757, 753, 659, 569, 567, 673, 681, 693, 603, 672, 653, 547, 590, 635, 662, 554, 616, 561, 533, 541, 665, 667, 588, 487, 679, 640, 620, 614, 636, 615, 493, 380, 542, 545, 472, 465, 530, 538, 428, 419, 439, 523, 524, 446, 452, 460, 452]"
-0.8706044554710388,0.5021823048591614,-0.40300700068473816,0.16071158647537231,0.5376541018486023,0.9277339577674866,1.2470424175262451,0.04535543918609619,0.7601737976074219,23.5,0.11502134799957275,-0.48966407775878906,30.25,0.15049803256988525,-0.46563148498535156,28.25,0.18125402927398682,-0.4437446594238281,21.75,0.24090635776519775,0.6322860717773438,23.75,"[368, 437, 541, 586, 605, 585, 542, 439, 456, 461, 524, 596, 635, 617, 612, 506, 548, 586, 483, 573, 644, 603, 524, 490, 542, 553, 561, 529, 468, 489, 503, 528, 536, 589, 592, 489, 408, 604, 589, 546, 471, 499, 514, 453, 511, 581, 543, 529, 615, 564, 607, 562, 550, 646, 631, 601, 626, 546, 517, 470, 546, 597, 536, 576, 442, 518, 534, 451, 519, 542, 491, 520, 523, 506, 521, 436, 446, 478, 537, 538, 553, 549, 537, 526, 543, 569, 614, 570, 600, 643, 531, 497, 570, 621, 568, 503, 543, 529, 505, 517, 560, 498, 529, 511, 531, 514, 482, 552, 617, 542, 550, 515, 695, 584, 559, 556, 602, 546, 448, 567, 644, 539, 560, 681, 641, 598, 568, 572, 514, 514, 502, 572, 586, 583, 589, 449, 533, 597, 644, 569, 644, 656, 600, 549, 531, 572, 546, 565, 537, 568, 499, 461, 562, 545, 485, 633, 657, 592, 500, 497, 601, 556, 510, 572, 578, 462, 466, 529, 729, 792, 596, 662, 761, 619, 541, 551, 2484, 2727, 1077, 2274, 3306, 2174, 674, 1097, 5868, 6827, 2246, 5415, 8794, 6058, 1365, 2177, 6156, 7860, 3224, 5056, 9427, 7072, 1928, 1937, 4561, 8342, 6650, 2520, 5956, 6446, 2877, 1566, 10717, 18849, 14971, 4210, 12523, 12699, 5111, 2518, 12544, 22013, 17410, 4869, 14137, 13829, 5548, 2700, 8417, 14549, 11263, 2977, 8542, 7987, 3747, 1855, 4079, 7692, 6381, 1398, 3415, 3488, 2474, 1093, 1719, 3509, 3188, 1158, 1576, 1946, 1640, 913, 944, 1600, 1495, 851, 1036, 1136, 860, 784, 923, 1401, 1196, 614, 895, 889, 738, 686, 719, 1156, 945, 539, 741, 748, 847, 710, 778, 1116, 970, 685, 808, 897, 865, 626, 944, 1238, 1013, 707, 817, 871, 795, 601, 922, 1347, 1142, 673, 712, 877, 886, 609, 844, 1186, 984, 639, 710, 811, 900, 692, 681, 886, 898, 669, 751, 740, 635, 740, 852, 1163, 974, 615, 827, 777, 700, 642, 1105, 1376, 996, 581, 859, 779, 655, 558, 923, 1147, 916, 616, 754, 664, 692, 644, 688, 753, 712, 662, 662, 635, 646, 587, 706, 581, 588, 686, 619, 579, 540, 668, 626, 549, 501, 450, 545, 688, 607, 577, 642, 622, 546, 473, 665, 725, 550, 551, 527, 576, 646, 555, 696, 777, 670, 643, 568, 608, 587, 587, 673, 734, 660, 656, 742, 744, 591, 583, 731, 741, 629, 601, 961, 992, 720, 817, 1181, 1098, 802, 707, 1490, 1803, 1152, 1375, 2348, 1946, 1026, 898, 2035, 2551, 1486, 1464, 2760, 2395, 1232, 993, 1546, 2273, 1555, 868, 1857, 1803, 1105, 668, 1399, 2069, 1528, 789, 1607, 1502, 976, 683, 1339, 1975, 1541, 770, 1238, 1252, 968, 728, 1362, 2074, 1726, 919, 1177, 1225, 1023, 701, 1435, 2208, 1791, 846, 1382, 1350, 853, 621, 982, 1371, 1189, 787, 1058, 1059, 734, 604, 762, 873, 793, 655, 753, 743, 624, 625, 764, 763, 856, 830, 712, 652, 639, 694, 796, 810, 792, 744, 598, 628, 615, 683, 821, 776, 662, 704, 739, 608, 535, 580, 732, 732, 561, 639, 679, 611, 610, 535, 657, 668, 698, 688, 655, 605, 535, 541, 510, 567, 719, 579, 511, 626, 603, 613, 636, 633, 696, 604, 600, 636, 646, 688, 643, 715, 640, 592, 697, 750, 632, 532, 770, 726, 679, 646, 764, 691, 591, 617, 744, 685, 690, 769, 727, 704, 629, 570, 716, 694, 668, 790, 785, 725, 609, 595, 719, 764, 698, 683, 772, 849, 699, 625, 646, 848, 746, 657, 706, 774, 734, 516, 689, 731, 723, 624, 685, 661, 680, 661, 711, 682, 762, 698, 739, 784, 687, 709, 798, 673, 623, 753, 835, 767, 593, 669, 838, 791, 738, 711, 840, 725, 694, 750, 630, 832, 803, 712, 743, 670, 656, 571, 555, 656, 705, 707, 641, 653, 660, 609, 776, 734, 649, 613, 681, 644, 603, 681, 911, 820, 721, 789, 673, 776, 645, 682, 855, 703, 771, 972, 709, 899, 868, 728, 951, 867, 901, 1038, 715, 1038, 1091, 814, 934, 863, 790, 935, 801, 965, 981, 778, 710, 625, 710, 824, 756, 834, 779, 729, 638, 659, 752, 778, 685, 794, 778, 668, 693, 729, 770, 684, 761, 845, 708, 647, 598, 750, 790, 569, 690, 771, 572, 594, 695, 763, 775, 641, 646, 713, 614, 648, 764, 827, 734, 716, 718, 740, 760, 673, 797, 805, 748, 712, 674, 691, 696, 668, 763, 760, 709, 683, 804, 788, 722, 730, 705, 741, 728, 640, 710, 814, 744, 602, 857, 910, 774, 673, 819, 1069, 979, 687, 996, 1080, 891, 753, 1108, 1496, 1401, 924, 995, 1051, 986, 775, 1135, 1275, 1113, 859, 639, 868, 861, 717, 733, 744, 768, 676, 643, 695, 638, 682, 735, 660, 713, 660, 728, 779, 664, 671, 770, 822, 684, 589, 901, 870, 861, 903, 986, 923, 691, 664, 809, 805, 898, 854, 772, 831, 696, 610, 618, 638, 780, 784, 707, 693, 665, 629, 565, 548, 654, 842, 763, 579, 711, 713, 724, 677, 706, 748, 783, 812, 697, 639, 739, 643, 709, 718, 762, 744, 622, 648, 705, 624, 611, 752, 721, 602, 745, 783, 974, 886, 1102, 1158, 979, 804, 936, 1167, 1158, 1250, 1864, 1535, 924, 1120, 1726, 1883, 1252, 1442, 2180, 1774, 880, 1093, 1849, 2052, 1067, 1081, 1538, 1374, 750, 816, 1259, 1344, 795, 808, 793, 859, 857, 808, 704, 691, 941, 1008, 949, 983, 847, 836, 907, 840, 865, 1194, 1012, 693, 794, 940, 977, 847, 926, 1446, 1530, 1006, 878, 1114, 1211, 1057, 896, 1404, 1492, 952, 914, 1106, 1087, 943, 924, 1129, 1214, 1041, 884, 1018, 1012, 911, 1090, 1169, 1260, 1140, 887, 942, 1031, 1001, 1186, 1125, 1147, 1124, 963, 1051, 1052, 1079, 928, 919, 950, 938, 1000, 997, 986, 971, 853, 895, 706, 660, 895, 898, 789, 712, 631, 626, 630, 655, 622, 642, 679, 629, 569, 675, 628, 648, 546, 581, 673, 536, 590, 669, 702, 663, 567, 565, 649, 599, 514, 648, 738, 533, 541, 665, 572, 523, 556, 643, 721, 539, 471, 582, 554, 552, 513, 572, 561, 486, 463, 498, 620, 598, 432, 466, 485, 430, 497, 622, 687, 642, 392, 494, 551, 443, 449, 521, 559, 479, 436, 487, 527, 573, 565, 456, 427, 452]"
-0.8135212659835815,0.6097131371498108,-0.21746018528938293,0.41012006998062134,0.5376541018486023,0.9277339577674866,1.2470424175262451,0.11813098192214966,0.49223899841308594,17.0,0.12213641405105591,0.5021095275878906,20.5,0.5711739659309387,1.6350746154785156,18.5,1.025790512561798,1.2745857238769531,20.0,1.1958783268928528,1.0293960571289062,16.5,"[587, 621, 587, 550, 635, 547, 589, 625, 497, 611, 641, 606, 625, 619, 726, 686, 534, 504, 515, 559, 563, 547, 519, 549, 470, 469, 526, 553, 537, 551, 532, 553, 523, 487, 512, 538, 513, 588, 511, 479, 506, 489, 562, 535, 462, 578, 584, 474, 475, 502, 551, 559, 560, 508, 501, 451, 508, 584, 637, 575, 522, 533, 512, 525, 512, 480, 567, 560, 474, 489, 515, 516, 515, 490, 573, 541, 524, 548, 535, 615, 580, 525, 540, 568, 492, 441, 505, 531, 552, 547, 539, 540, 547, 544, 546, 512, 605, 617, 610, 542, 535, 587, 582, 562, 589, 558, 563, 530, 554, 577, 601, 581, 582, 583, 568, 515, 502, 528, 582, 584, 631, 604, 538, 547, 549, 528, 512, 547, 999, 1161, 922, 1087, 1331, 1101, 754, 683, 2335, 3829, 3033, 2018, 3637, 3784, 2151, 978, 3044, 5609, 4470, 1595, 5046, 5621, 3051, 978, 3031, 4977, 3742, 1508, 4407, 4652, 2534, 1158, 5555, 9873, 8343, 3106, 7083, 7421, 3534, 1938, 8562, 14147, 11407, 4409, 10468, 10351, 4611, 2460, 6819, 10005, 7530, 3615, 7952, 7092, 3153, 2122, 3026, 4470, 3501, 2027, 3103, 3084, 1846, 1482, 1429, 2429, 2235, 1117, 1272, 1721, 1430, 955, 1231, 1757, 1547, 907, 1011, 1186, 832, 681, 1049, 1370, 1135, 785, 1045, 992, 740, 680, 806, 1054, 940, 676, 941, 927, 711, 673, 669, 825, 740, 510, 626, 813, 731, 621, 922, 1512, 1304, 629, 846, 1018, 1219, 772, 1600, 3259, 2810, 895, 1224, 1538, 1955, 1107, 1366, 2698, 2376, 873, 923, 1161, 1591, 975, 623, 1151, 1194, 778, 621, 606, 752, 632, 668, 849, 908, 811, 804, 654, 543, 598, 653, 769, 724, 613, 765, 764, 660, 617, 836, 939, 805, 713, 755, 719, 659, 554, 1038, 1155, 897, 691, 870, 734, 590, 549, 958, 1144, 928, 579, 702, 748, 586, 535, 756, 816, 721, 623, 539, 626, 609, 559, 669, 636, 614, 592, 614, 566, 563, 596, 648, 589, 558, 569, 627, 644, 506, 575, 583, 631, 620, 634, 762, 737, 619, 578, 553, 683, 644, 623, 694, 668, 665, 608, 524, 626, 556, 565, 650, 539, 586, 562, 544, 616, 540, 542, 658, 652, 538, 511, 799, 876, 635, 798, 1035, 926, 616, 526, 910, 1051, 655, 692, 1190, 1070, 568, 520, 1307, 1463, 891, 1172, 1938, 1662, 805, 896, 1869, 2056, 1111, 1949, 2860, 2155, 946, 1253, 2936, 3202, 1418, 2874, 4421, 3271, 1248, 1651, 4698, 5148, 2106, 4339, 6892, 5063, 1639, 2118, 4095, 4413, 1561, 3738, 5867, 4267, 1296, 1810, 1977, 2230, 959, 1928, 2840, 2088, 840, 908, 980, 1060, 882, 1284, 1466, 1095, 856, 765, 1010, 981, 797, 1073, 1329, 1091, 758, 779, 831, 901, 737, 734, 915, 889, 606, 591, 808, 689, 552, 612, 704, 585, 547, 741, 754, 756, 672, 705, 799, 691, 632, 730, 663, 747, 680, 619, 690, 662, 635, 641, 661, 730, 638, 626, 625, 579, 714, 742, 638, 689, 596, 622, 578, 528, 634, 630, 746, 694, 700, 691, 610, 637, 676, 708, 740, 803, 783, 792, 747, 700, 613, 671, 670, 697, 748, 741, 754, 732, 630, 611, 741, 726, 589, 661, 724, 736, 589, 543, 715, 739, 588, 657, 727, 654, 552, 593, 735, 707, 674, 771, 709, 598, 564, 672, 630, 664, 720, 742, 684, 646, 630, 682, 620, 690, 746, 670, 639, 696, 623, 571, 707, 718, 679, 626, 730, 801, 634, 540, 672, 719, 646, 673, 718, 785, 694, 572, 718, 800, 649, 724, 873, 798, 623, 522, 739, 768, 618, 678, 799, 706, 596, 564, 631, 633, 561, 667, 714, 660, 629, 604, 695, 734, 602, 641, 747, 688, 670, 601, 659, 828, 714, 615, 678, 716, 734, 663, 535, 674, 885, 765, 749, 866, 852, 647, 802, 764, 1029, 1075, 787, 1037, 1119, 730, 986, 1121, 960, 995, 863, 1159, 1161, 639, 955, 1052, 1133, 1113, 872, 1076, 1141, 725, 837, 813, 1073, 1136, 826, 983, 1038, 769, 717, 666, 855, 926, 669, 935, 975, 640, 576, 620, 683, 626, 595, 827, 768, 552, 598, 741, 653, 578, 671, 684, 630, 549, 674, 744, 638, 540, 559, 627, 584, 516, 686, 806, 758, 653, 718, 748, 642, 639, 643, 535, 659, 641, 615, 647, 635, 648, 688, 640, 689, 699, 640, 771, 644, 589, 709, 648, 702, 643, 618, 724, 666, 609, 613, 535, 675, 667, 640, 632, 607, 650, 788, 948, 799, 677, 894, 1086, 931, 673, 1284, 1374, 881, 884, 1315, 1440, 1163, 899, 1358, 1376, 760, 812, 1174, 1163, 891, 844, 997, 1202, 885, 696, 835, 718, 801, 730, 737, 1167, 1072, 725, 812, 873, 851, 710, 600, 859, 1033, 891, 585, 858, 956, 598, 790, 643, 842, 1109, 909, 684, 692, 666, 690, 950, 1060, 985, 935, 960, 996, 850, 590, 999, 1215, 917, 734, 1048, 1157, 818, 800, 916, 902, 845, 937, 1009, 928, 707, 897, 924, 782, 806, 952, 1037, 1002, 736, 912, 978, 993, 958, 879, 1160, 1167, 796, 949, 925, 869, 886, 827, 920, 810, 699, 939, 851, 793, 861, 835, 794, 673, 808, 920, 877, 767, 826, 813, 791, 774, 818, 984, 1108, 974, 927, 842, 990, 1149, 1044, 965, 1157, 1404, 1130, 728, 1323, 1543, 1291, 1265, 1059, 1737, 1634, 804, 1318, 1705, 1732, 1095, 1105, 1640, 1608, 967, 1169, 1514, 1551, 809, 932, 1256, 1230, 916, 993, 1181, 1045, 805, 966, 915, 744, 797, 900, 941, 713, 970, 978, 716, 699, 969, 1127, 961, 694, 1086, 939, 885, 931, 843, 1073, 1016, 847, 658, 753, 983, 865, 633, 677, 676, 758, 779, 1098, 966, 679, 572, 1001, 1174, 865, 835, 1265, 1247, 726, 993, 1585, 1592, 998, 744, 1163, 1324, 866, 952, 1527, 1440, 891, 720, 917, 966, 697, 705, 922, 904, 716, 675, 782, 680, 519, 609, 713, 854, 710, 632, 633, 572, 589, 592, 673, 767, 683, 466, 506, 533, 543, 492, 626, 689, 489, 526, 556, 590, 558, 447, 622, 650, 519, 562, 496, 584, 593, 470, 489, 508, 604, 478, 504, 502, 471, 502, 549, 501, 477, 458, 480, 487, 427, 470, 458, 453, 435, 465, 471, 451, 497, 502, 495, 498, 424, 459, 470, 456, 513, 499, 474, 458, 445, 471, 445, 477, 469, 424, 439, 492, 493]"
-0.7662740349769592,0.6634785532951355,-0.12468678504228592,0.5348243117332458,0.5376541018486023,0.9277339577674866,1.2470424175262451,-0.17203554511070251,-0.4413127899169922,28.25,0.04897847771644592,-0.3252983093261719,28.5,0.07186666131019592,-0.2796649932861328,19.5,0.1870228350162506,-0.16307830810546875,18.0,0.19760861992835999,-0.022602081298828125,23.5,"[580, 585, 559, 493, 473, 489, 562, 590, 530, 546, 514, 505, 632, 642, 559, 499, 669, 622, 490, 492, 592, 650, 540, 531, 649, 616, 471, 526, 556, 494, 499, 547, 520, 463, 402, 478, 508, 452, 445, 510, 453, 538, 486, 529, 554, 470, 479, 458, 546, 555, 571, 509, 492, 500, 483, 499, 462, 504, 514, 472, 476, 507, 421, 386, 504, 606, 557, 405, 428, 538, 454, 404, 604, 612, 515, 480, 543, 534, 488, 531, 619, 504, 492, 587, 534, 528, 565, 640, 565, 510, 504, 508, 482, 483, 471, 563, 651, 530, 504, 558, 566, 491, 508, 639, 646, 596, 514, 595, 657, 646, 541, 613, 806, 979, 828, 659, 846, 885, 739, 672, 2990, 5159, 4969, 2946, 4525, 4981, 2784, 1336, 6677, 14064, 13511, 4496, 11626, 15028, 8490, 1710, 8588, 16650, 13914, 2482, 16364, 19613, 10218, 1946, 8750, 12911, 7790, 6304, 15416, 14798, 6726, 3211, 10712, 15842, 10415, 7536, 15837, 14087, 5891, 3063, 9817, 15484, 10605, 5080, 13096, 11425, 3968, 2021, 4545, 7233, 5046, 2152, 5338, 4468, 1684, 1069, 1897, 3187, 2536, 1163, 1916, 2048, 1350, 752, 1325, 2895, 2927, 1240, 1305, 1857, 1265, 871, 1245, 2653, 2656, 1151, 1431, 1777, 1109, 745, 902, 1660, 1581, 801, 1141, 1253, 866, 652, 565, 820, 796, 613, 651, 672, 695, 559, 568, 691, 644, 515, 559, 648, 551, 495, 673, 992, 972, 642, 599, 692, 646, 602, 833, 1244, 1057, 644, 870, 903, 755, 581, 873, 1149, 939, 543, 771, 783, 603, 563, 821, 962, 807, 624, 833, 869, 676, 573, 614, 726, 710, 606, 781, 703, 606, 581, 610, 620, 654, 666, 719, 662, 606, 601, 553, 754, 809, 672, 594, 656, 707, 596, 678, 914, 929, 712, 778, 932, 903, 619, 673, 792, 764, 606, 688, 833, 809, 647, 696, 751, 664, 555, 726, 757, 700, 685, 570, 568, 607, 630, 620, 574, 649, 613, 587, 637, 567, 618, 714, 709, 677, 562, 567, 549, 546, 609, 708, 636, 574, 598, 595, 559, 527, 584, 698, 658, 586, 611, 648, 694, 625, 622, 782, 738, 591, 578, 583, 610, 652, 646, 625, 619, 624, 583, 565, 560, 613, 658, 661, 548, 560, 625, 820, 923, 749, 986, 1221, 984, 719, 801, 1023, 1146, 808, 1211, 1712, 1282, 719, 792, 1016, 1192, 787, 1014, 1677, 1387, 647, 738, 1050, 1071, 837, 905, 1397, 1294, 646, 796, 1166, 1158, 1001, 900, 1459, 1505, 859, 943, 1144, 1194, 1113, 705, 1474, 1811, 1170, 780, 1002, 1258, 1141, 797, 1069, 1515, 1129, 596, 936, 1122, 1064, 859, 1241, 1266, 903, 634, 773, 819, 809, 726, 949, 960, 700, 629, 663, 750, 690, 758, 937, 868, 624, 649, 712, 863, 792, 831, 919, 823, 675, 636, 692, 826, 665, 736, 889, 719, 633, 664, 662, 795, 767, 670, 855, 782, 586, 616, 677, 877, 831, 611, 797, 788, 632, 608, 647, 773, 804, 690, 743, 803, 695, 665, 691, 659, 670, 703, 713, 645, 600, 720, 763, 820, 579, 618, 823, 725, 544, 579, 788, 874, 675, 701, 939, 798, 587, 671, 715, 865, 786, 637, 887, 832, 673, 639, 569, 707, 580, 566, 698, 702, 542, 523, 532, 582, 516, 577, 675, 595, 527, 495, 620, 663, 644, 592, 649, 674, 639, 563, 536, 601, 664, 696, 688, 681, 697, 607, 709, 759, 564, 632, 636, 655, 729, 621, 720, 845, 614, 755, 781, 645, 761, 617, 638, 783, 652, 724, 894, 787, 704, 560, 552, 677, 656, 622, 731, 750, 649, 526, 559, 712, 620, 581, 685, 640, 529, 495, 515, 668, 647, 595, 697, 630, 593, 545, 567, 592, 647, 550, 635, 635, 608, 630, 704, 671, 653, 595, 654, 633, 571, 694, 603, 631, 599, 557, 569, 591, 622, 573, 668, 742, 643, 559, 681, 728, 667, 573, 771, 754, 688, 792, 924, 755, 643, 717, 836, 829, 531, 900, 1031, 797, 745, 708, 683, 607, 538, 699, 774, 741, 633, 598, 704, 692, 558, 621, 635, 586, 616, 539, 593, 666, 628, 600, 585, 541, 550, 495, 596, 703, 609, 636, 665, 604, 534, 514, 519, 666, 775, 637, 539, 642, 658, 594, 517, 620, 745, 765, 595, 645, 681, 554, 535, 579, 698, 762, 616, 610, 600, 568, 579, 682, 691, 633, 697, 660, 538, 504, 678, 666, 619, 627, 695, 624, 571, 604, 723, 659, 560, 702, 720, 616, 613, 671, 667, 706, 652, 703, 726, 652, 665, 629, 648, 699, 751, 735, 688, 835, 837, 632, 726, 736, 807, 860, 648, 789, 836, 625, 796, 745, 767, 904, 751, 658, 671, 651, 875, 906, 627, 803, 867, 783, 700, 655, 890, 933, 721, 787, 919, 798, 772, 735, 815, 811, 799, 857, 883, 756, 743, 798, 762, 743, 816, 862, 754, 838, 905, 818, 828, 821, 787, 965, 803, 711, 756, 642, 794, 579, 803, 978, 730, 722, 702, 628, 693, 447, 670, 802, 541, 655, 702, 674, 651, 672, 711, 714, 618, 662, 727, 646, 652, 643, 731, 762, 625, 644, 608, 618, 692, 655, 744, 786, 602, 635, 614, 635, 747, 1064, 1112, 884, 849, 1177, 1164, 802, 903, 2135, 2950, 2392, 1166, 2636, 3171, 1918, 1210, 2733, 3901, 3146, 1275, 3359, 4192, 2775, 1071, 2692, 3808, 3026, 1499, 2980, 3626, 2498, 887, 2123, 2668, 1898, 1244, 2027, 2587, 1884, 895, 1491, 1653, 1389, 1094, 1190, 1403, 1234, 825, 852, 1155, 1248, 1041, 1071, 1099, 1002, 734, 832, 1040, 963, 918, 1058, 1184, 1075, 678, 965, 1160, 1016, 864, 1222, 1419, 1036, 718, 795, 1215, 1151, 762, 1130, 1250, 896, 763, 1138, 1746, 1567, 973, 931, 825, 956, 813, 1473, 1704, 1219, 954, 1053, 926, 941, 978, 1333, 1031, 651, 829, 1135, 1130, 680, 928, 974, 811, 848, 843, 1205, 1170, 696, 890, 809, 946, 1087, 898, 1040, 1154, 1001, 948, 972, 994, 1106, 790, 830, 944, 894, 774, 765, 928, 940, 600, 696, 787, 630, 575, 589, 835, 816, 551, 562, 506, 548, 578, 625, 696, 685, 602, 626, 633, 640, 627, 526, 529, 622, 598, 518, 524, 622, 509, 463, 440, 436, 457, 497, 416, 408, 531, 478, 453, 457, 519, 519, 431, 469, 476, 425, 435, 460, 512, 520, 437, 431, 537, 568, 520, 555, 502, 576, 629, 563]"
-0.7065563797950745,0.7172439694404602,-0.031913384795188904,0.6595285534858704,0.5376541018486023,0.9277339577674866,1.2470424175262451,0.1826934814453125,-0.2112865447998047,20.25,0.2051525115966797,-0.2437591552734375,20.0,0.21788406372070312,-0.08139610290527344,17.0,0.2829723358154297,-0.2009868621826172,19.25,0.39111900329589844,-0.04220008850097656,22.75,"[532, 576, 509, 483, 518, 487, 511, 574, 549, 590, 632, 591, 578, 629, 570, 566, 449, 508, 570, 556, 529, 522, 490, 496, 462, 508, 472, 490, 533, 566, 463, 372, 518, 468, 489, 508, 495, 517, 445, 446, 601, 518, 550, 510, 581, 573, 480, 615, 493, 505, 412, 504, 582, 543, 531, 539, 460, 463, 453, 541, 528, 431, 501, 512, 509, 541, 554, 535, 523, 488, 494, 531, 546, 585, 564, 519, 585, 617, 573, 597, 577, 561, 434, 478, 577, 536, 454, 477, 628, 609, 499, 537, 574, 554, 471, 469, 557, 547, 606, 551, 561, 577, 490, 510, 539, 556, 514, 561, 647, 626, 569, 518, 566, 660, 652, 652, 651, 666, 579, 554, 883, 1673, 1876, 979, 1118, 1762, 1406, 741, 919, 1839, 1975, 827, 1601, 2285, 1564, 770, 2219, 3878, 3815, 2022, 3208, 4118, 2912, 1493, 3801, 5863, 4600, 4078, 7491, 7598, 3829, 2230, 3927, 5010, 3214, 4598, 7744, 7077, 3604, 2133, 4776, 7461, 5417, 2463, 5325, 5088, 2834, 1280, 5188, 8835, 6780, 1736, 5072, 4963, 2797, 1044, 4646, 8914, 8061, 3010, 4255, 5115, 3042, 1628, 2712, 5490, 5195, 2028, 2496, 3252, 2015, 1192, 1191, 2401, 2408, 1122, 1164, 1511, 1123, 740, 725, 1074, 1083, 738, 693, 722, 680, 546, 555, 640, 679, 613, 535, 571, 592, 536, 565, 585, 602, 605, 619, 598, 525, 536, 705, 1226, 1143, 595, 752, 896, 686, 577, 858, 1477, 1374, 713, 918, 1055, 808, 691, 766, 907, 795, 650, 726, 777, 790, 681, 588, 631, 609, 711, 751, 705, 629, 600, 713, 792, 736, 591, 785, 794, 593, 596, 783, 927, 811, 562, 930, 933, 610, 603, 886, 1157, 988, 721, 1301, 1265, 789, 627, 908, 1276, 1112, 609, 1285, 1376, 831, 667, 662, 845, 756, 545, 901, 908, 680, 654, 585, 568, 494, 549, 702, 641, 595, 652, 629, 573, 608, 696, 666, 645, 629, 666, 680, 633, 642, 708, 736, 685, 700, 711, 486, 526, 562, 621, 593, 625, 667, 594, 579, 553, 516, 579, 600, 585, 620, 567, 554, 604, 630, 551, 531, 540, 631, 659, 650, 664, 666, 651, 680, 665, 566, 600, 628, 696, 595, 573, 723, 771, 647, 523, 554, 563, 572, 577, 680, 733, 600, 507, 597, 674, 613, 580, 561, 699, 751, 585, 711, 644, 654, 739, 675, 704, 773, 709, 709, 635, 665, 843, 974, 963, 696, 667, 654, 687, 811, 995, 1112, 1066, 769, 716, 794, 875, 860, 983, 1207, 960, 854, 859, 737, 850, 885, 994, 1132, 991, 766, 704, 766, 802, 806, 901, 1034, 931, 645, 642, 681, 781, 824, 896, 889, 635, 586, 678, 743, 832, 698, 769, 911, 775, 628, 655, 624, 711, 732, 668, 794, 755, 667, 679, 640, 606, 644, 652, 770, 746, 606, 645, 706, 698, 612, 695, 742, 750, 671, 683, 732, 722, 731, 766, 830, 824, 711, 721, 613, 627, 660, 707, 730, 738, 753, 646, 570, 618, 620, 740, 749, 645, 657, 529, 677, 621, 532, 645, 654, 621, 590, 591, 543, 561, 538, 569, 706, 705, 586, 489, 627, 641, 688, 607, 626, 586, 510, 551, 551, 661, 622, 539, 634, 661, 653, 620, 616, 609, 665, 619, 646, 650, 608, 639, 603, 631, 651, 617, 685, 670, 624, 644, 671, 830, 756, 665, 798, 751, 602, 599, 599, 741, 657, 694, 734, 669, 611, 499, 709, 610, 593, 712, 653, 596, 536, 571, 708, 724, 595, 708, 700, 641, 623, 546, 702, 742, 640, 604, 647, 580, 587, 572, 691, 705, 622, 586, 647, 591, 585, 643, 653, 695, 745, 704, 677, 678, 635, 645, 670, 697, 771, 786, 774, 760, 737, 658, 630, 703, 788, 695, 723, 761, 619, 632, 753, 757, 759, 755, 910, 1035, 772, 659, 878, 876, 756, 778, 1117, 1190, 787, 728, 798, 797, 744, 726, 1114, 1206, 836, 722, 794, 820, 750, 760, 1125, 1145, 916, 766, 699, 726, 680, 691, 948, 1015, 853, 641, 689, 793, 742, 621, 631, 716, 671, 570, 605, 667, 668, 507, 590, 636, 586, 554, 603, 570, 636, 631, 590, 643, 687, 570, 753, 669, 663, 766, 706, 624, 711, 682, 785, 765, 608, 702, 782, 704, 618, 640, 615, 645, 583, 545, 580, 573, 526, 514, 596, 703, 644, 546, 527, 653, 602, 557, 641, 685, 565, 539, 639, 715, 555, 535, 664, 768, 676, 699, 656, 750, 684, 534, 646, 756, 772, 770, 684, 841, 812, 527, 865, 1065, 835, 699, 987, 1212, 962, 664, 1491, 1583, 812, 1076, 1717, 1526, 1008, 846, 1407, 1336, 882, 1572, 1734, 1184, 845, 895, 885, 623, 962, 1309, 1043, 673, 733, 809, 763, 831, 792, 771, 725, 730, 720, 725, 640, 767, 736, 597, 659, 834, 661, 596, 695, 647, 690, 777, 696, 794, 725, 609, 650, 657, 727, 752, 683, 725, 743, 492, 853, 946, 787, 916, 794, 929, 970, 572, 881, 894, 688, 858, 917, 876, 725, 568, 851, 845, 592, 788, 943, 799, 673, 727, 668, 823, 750, 688, 794, 865, 741, 660, 707, 821, 706, 665, 788, 753, 613, 582, 609, 699, 733, 743, 634, 661, 643, 505, 676, 844, 873, 737, 683, 792, 772, 642, 595, 860, 1050, 919, 650, 805, 945, 734, 652, 602, 829, 985, 806, 706, 665, 632, 783, 679, 969, 1339, 879, 629, 887, 755, 788, 805, 1130, 1337, 759, 897, 1177, 764, 825, 818, 998, 1104, 800, 906, 989, 714, 701, 817, 744, 705, 713, 828, 796, 611, 801, 853, 706, 606, 831, 813, 625, 681, 1049, 850, 796, 1044, 1246, 1004, 760, 1016, 960, 794, 1001, 1260, 1278, 1014, 728, 963, 877, 1099, 1230, 1019, 1165, 1132, 746, 712, 634, 984, 1073, 710, 744, 877, 716, 561, 525, 699, 851, 803, 815, 749, 621, 645, 587, 595, 817, 865, 793, 597, 623, 698, 584, 664, 858, 790, 681, 586, 607, 596, 551, 558, 633, 624, 597, 598, 588, 561, 574, 500, 516, 545, 549, 528, 608, 629, 496, 488, 495, 508, 473, 480, 617, 599, 495, 444, 489, 549, 506, 535, 580, 551, 456, 434, 426, 416, 489, 506, 436, 432, 514, 461, 505, 547, 519, 426, 466, 499, 509, 411, 482, 578, 536, 437, 446, 534, 521, 421, 456, 513, 485, 468, 467, 522]"
-0.6343683004379272,0.7710093855857849,0.06086001545190811,0.7842327952384949,0.5376541018486023,0.9277339577674866,1.2470424175262451,-0.2722259759902954,0.5896568298339844,23.75,-0.014304757118225098,-0.33359527587890625,21.75,0.04205739498138428,-0.3012657165527344,27.75,0.21972692012786865,0.3723621368408203,21.25,0.34861600399017334,-0.07996559143066406,27.25,"[467, 653, 688, 545, 533, 549, 688, 649, 536, 619, 712, 557, 592, 684, 659, 663, 557, 548, 583, 587, 637, 625, 566, 558, 563, 537, 565, 640, 634, 538, 546, 534, 544, 478, 482, 563, 553, 485, 461, 469, 551, 548, 516, 578, 565, 487, 532, 511, 544, 577, 561, 553, 599, 507, 550, 568, 478, 571, 534, 511, 542, 573, 519, 514, 422, 480, 467, 508, 500, 553, 555, 444, 484, 500, 575, 565, 479, 513, 523, 507, 571, 557, 542, 548, 520, 538, 557, 589, 584, 596, 478, 583, 502, 597, 659, 568, 555, 520, 524, 584, 542, 602, 600, 472, 544, 487, 463, 548, 548, 598, 541, 490, 614, 625, 534, 505, 631, 698, 560, 554, 1053, 1340, 1280, 984, 1238, 1490, 1305, 884, 4537, 6506, 5122, 3400, 6167, 6051, 4027, 2456, 8811, 13103, 10348, 6277, 11806, 12465, 7628, 3957, 7818, 13845, 12492, 5845, 9789, 11237, 7585, 4221, 3786, 8235, 8006, 2985, 4663, 5516, 3805, 2777, 1454, 2859, 2926, 1334, 1673, 2057, 1528, 1320, 1167, 1570, 1460, 890, 1486, 1669, 1060, 814, 965, 1172, 1085, 718, 1025, 1129, 821, 733, 965, 1085, 861, 748, 941, 870, 615, 655, 1421, 1567, 1104, 988, 1338, 1239, 798, 877, 1288, 1433, 1059, 954, 1195, 1138, 799, 777, 1147, 1490, 1298, 974, 1057, 1075, 781, 757, 1231, 1959, 1793, 1027, 1238, 1384, 894, 719, 1112, 1702, 1432, 805, 1140, 1165, 818, 606, 1273, 1440, 995, 1008, 1518, 1205, 682, 741, 1799, 2266, 1360, 1514, 2409, 1844, 733, 842, 1511, 1971, 1281, 1191, 1828, 1574, 739, 769, 919, 1264, 1017, 810, 1293, 1248, 803, 606, 841, 967, 793, 706, 1134, 1139, 724, 651, 664, 730, 590, 584, 791, 723, 577, 554, 642, 675, 598, 527, 708, 634, 509, 538, 749, 832, 722, 611, 652, 609, 603, 579, 869, 1005, 895, 664, 729, 736, 708, 556, 753, 898, 910, 745, 700, 695, 665, 572, 711, 691, 688, 764, 717, 648, 576, 559, 554, 579, 577, 615, 583, 592, 574, 531, 565, 577, 643, 513, 536, 656, 491, 453, 624, 662, 609, 534, 503, 639, 615, 514, 640, 592, 559, 504, 581, 742, 672, 572, 579, 596, 625, 589, 590, 670, 641, 564, 486, 518, 632, 608, 536, 649, 650, 595, 612, 566, 638, 590, 599, 621, 624, 664, 684, 760, 735, 749, 824, 621, 652, 742, 1403, 1433, 1073, 1455, 1982, 1502, 903, 1291, 1986, 2016, 1661, 2391, 3438, 2825, 1384, 1755, 1388, 1743, 1819, 2324, 3100, 2560, 1397, 1495, 1049, 1669, 1769, 1986, 2208, 1690, 1088, 1088, 933, 1376, 1471, 1504, 1545, 1341, 923, 962, 785, 980, 970, 918, 1139, 1158, 852, 732, 592, 706, 610, 662, 807, 730, 729, 703, 751, 773, 635, 682, 813, 696, 703, 705, 701, 722, 715, 800, 788, 650, 741, 716, 634, 619, 748, 823, 674, 645, 719, 623, 533, 736, 870, 703, 716, 880, 797, 579, 643, 758, 804, 752, 711, 864, 771, 561, 634, 706, 723, 755, 754, 683, 765, 679, 734, 696, 678, 803, 849, 690, 637, 758, 767, 699, 682, 720, 678, 669, 599, 726, 765, 755, 594, 598, 767, 689, 565, 659, 626, 782, 701, 562, 716, 698, 618, 615, 619, 671, 718, 643, 698, 612, 686, 705, 636, 615, 599, 697, 678, 510, 548, 701, 616, 603, 531, 569, 623, 540, 552, 634, 639, 806, 703, 590, 629, 696, 661, 552, 573, 770, 744, 552, 663, 763, 620, 580, 637, 721, 675, 545, 610, 720, 702, 623, 718, 774, 708, 689, 739, 742, 691, 700, 838, 763, 576, 656, 731, 755, 645, 697, 738, 687, 530, 595, 672, 655, 605, 595, 753, 710, 651, 715, 773, 643, 614, 684, 707, 740, 707, 680, 756, 738, 662, 668, 761, 769, 587, 662, 888, 881, 775, 630, 684, 633, 635, 735, 824, 826, 784, 711, 622, 581, 686, 704, 741, 726, 659, 646, 648, 566, 735, 895, 729, 597, 629, 672, 580, 537, 557, 574, 586, 549, 558, 537, 577, 599, 628, 607, 631, 713, 680, 619, 673, 658, 734, 691, 697, 851, 785, 687, 768, 727, 804, 636, 606, 832, 747, 646, 652, 612, 725, 662, 549, 595, 539, 637, 660, 576, 493, 622, 624, 510, 564, 620, 723, 647, 549, 640, 689, 559, 515, 595, 628, 648, 502, 571, 626, 591, 518, 566, 589, 555, 609, 532, 538, 625, 544, 593, 747, 699, 635, 591, 709, 737, 631, 693, 850, 800, 686, 761, 827, 816, 707, 607, 920, 910, 908, 1159, 1079, 973, 888, 677, 833, 835, 921, 1295, 1242, 798, 837, 900, 702, 732, 939, 1256, 1305, 857, 836, 976, 777, 598, 644, 891, 1022, 735, 735, 867, 942, 819, 599, 757, 786, 668, 605, 792, 1040, 895, 908, 1247, 1162, 876, 748, 666, 948, 812, 1268, 1605, 1241, 765, 888, 735, 706, 587, 1006, 1372, 1117, 684, 799, 784, 702, 721, 733, 751, 799, 789, 716, 698, 848, 763, 724, 806, 767, 743, 724, 742, 916, 838, 808, 935, 863, 809, 788, 863, 831, 799, 773, 832, 893, 803, 672, 804, 753, 810, 823, 786, 809, 687, 518, 734, 877, 765, 743, 701, 717, 684, 670, 844, 1327, 1115, 2052, 1946, 1119, 1315, 1272, 1451, 1801, 1245, 3163, 3061, 1374, 2131, 2238, 2100, 1370, 1103, 1941, 2063, 850, 1599, 1875, 1426, 808, 1128, 980, 775, 783, 1077, 1215, 842, 778, 907, 814, 688, 730, 761, 808, 684, 653, 843, 898, 882, 779, 736, 804, 571, 985, 1207, 992, 1103, 1048, 995, 996, 760, 1064, 1100, 1014, 1346, 1294, 850, 809, 788, 881, 807, 1018, 1409, 1202, 665, 749, 716, 757, 550, 879, 1253, 1098, 624, 647, 779, 621, 678, 830, 904, 867, 676, 656, 675, 752, 744, 642, 723, 958, 813, 640, 712, 714, 688, 704, 762, 858, 781, 599, 679, 601, 693, 641, 580, 538, 601, 658, 590, 552, 635, 644, 567, 625, 613, 591, 592, 542, 599, 657, 554, 611, 697, 550, 493, 527, 615, 742, 781, 687, 637, 559, 504, 521, 536, 657, 825, 756, 595, 480, 492, 431, 484, 596, 604, 554, 523, 534, 473, 511, 481, 498, 475, 543, 522, 470, 493, 616, 537, 377, 450, 551, 602, 512, 528, 627, 619, 472, 361, 490, 685, 567, 440, 528, 489, 497, 519, 419, 669, 671, 462]"
-0.3590518534183502,0.27636510133743286,0.711969256401062,1.0412838459014893,-0.09811216592788696,1.5342614650726318,1.10542631149292,-0.17865455150604248,-0.286102294921875,23.75,-0.1710728406906128,-0.2785205841064453,25.0,-0.09325301647186279,-0.09770393371582031,20.0,0.7328673601150513,1.3702869415283203,15.5,0.9105368852615356,1.2009143829345703,17.75,"[506, 578, 641, 633, 594, 634, 639, 581, 554, 611, 636, 627, 654, 646, 703, 652, 576, 501, 492, 529, 588, 566, 542, 589, 548, 538, 550, 525, 496, 477, 507, 588, 458, 548, 553, 520, 502, 451, 537, 516, 510, 594, 540, 579, 546, 508, 559, 483, 540, 553, 547, 585, 579, 493, 550, 586, 492, 543, 642, 665, 596, 510, 557, 572, 600, 523, 580, 622, 567, 576, 556, 582, 584, 503, 599, 624, 503, 455, 494, 597, 472, 502, 574, 561, 513, 488, 484, 522, 507, 551, 651, 584, 543, 515, 529, 545, 597, 597, 541, 503, 548, 539, 505, 506, 560, 532, 493, 574, 620, 613, 563, 512, 563, 542, 569, 623, 636, 665, 656, 627, 755, 1217, 1381, 762, 963, 1202, 1315, 1195, 1935, 5412, 5359, 1586, 3281, 4095, 3076, 2464, 4142, 9605, 9173, 2575, 5352, 7503, 5115, 2885, 4432, 8403, 7562, 2539, 4927, 7053, 5033, 2137, 3265, 5414, 5041, 2742, 3581, 5976, 5169, 2337, 1739, 3210, 3314, 2139, 1879, 3857, 3892, 2070, 1370, 2546, 2280, 1760, 2277, 2699, 2054, 1557, 1435, 2503, 2004, 1466, 2666, 2589, 1297, 958, 1100, 1858, 1641, 1223, 1900, 1955, 1130, 741, 749, 1089, 1072, 855, 1027, 1075, 767, 592, 806, 943, 829, 715, 860, 927, 729, 545, 1047, 1430, 1183, 941, 1204, 1092, 827, 745, 1289, 1600, 1317, 1119, 1524, 1391, 945, 895, 1068, 1290, 1224, 1061, 1381, 1390, 959, 865, 951, 1081, 986, 849, 1027, 1067, 709, 711, 670, 786, 845, 675, 616, 705, 600, 571, 496, 615, 774, 619, 550, 640, 610, 532, 618, 574, 643, 622, 564, 627, 603, 567, 602, 752, 757, 596, 663, 760, 636, 510, 640, 805, 749, 527, 646, 736, 596, 487, 733, 958, 814, 495, 552, 633, 534, 475, 667, 1012, 950, 602, 740, 778, 701, 589, 597, 759, 767, 693, 782, 767, 755, 685, 576, 558, 555, 583, 660, 626, 539, 537, 622, 607, 591, 541, 644, 669, 527, 553, 540, 549, 445, 433, 546, 590, 487, 484, 523, 500, 488, 510, 608, 610, 504, 485, 586, 584, 554, 554, 625, 658, 554, 525, 593, 578, 525, 638, 657, 616, 510, 491, 460, 547, 558, 573, 533, 578, 577, 469, 612, 646, 651, 635, 687, 628, 626, 589, 618, 694, 632, 587, 708, 755, 738, 709, 651, 784, 619, 637, 969, 894, 675, 589, 921, 1135, 818, 728, 1240, 1239, 887, 644, 1087, 1387, 927, 865, 1285, 1276, 934, 649, 1255, 1220, 997, 1308, 1708, 1551, 1114, 1018, 1597, 1589, 1260, 3180, 3739, 2143, 1393, 2026, 2116, 2550, 1116, 4281, 5135, 2692, 1324, 1962, 1625, 2000, 780, 2801, 3534, 2032, 812, 1060, 899, 984, 652, 1118, 1436, 1081, 694, 645, 815, 846, 767, 704, 769, 840, 741, 707, 668, 765, 795, 625, 723, 786, 712, 692, 814, 756, 798, 779, 714, 711, 597, 734, 795, 761, 793, 704, 677, 657, 582, 804, 785, 831, 754, 689, 690, 672, 604, 714, 625, 713, 689, 597, 655, 689, 641, 572, 586, 688, 616, 570, 586, 700, 676, 546, 657, 678, 582, 606, 632, 642, 675, 638, 647, 686, 612, 593, 648, 652, 591, 616, 567, 639, 535, 550, 660, 708, 599, 493, 536, 581, 519, 516, 603, 621, 569, 562, 485, 655, 572, 490, 595, 663, 619, 611, 612, 585, 516, 492, 541, 699, 670, 573, 679, 701, 614, 599, 652, 753, 613, 545, 679, 659, 669, 603, 748, 791, 679, 654, 612, 564, 686, 652, 702, 788, 662, 634, 646, 569, 659, 573, 678, 643, 600, 709, 476, 520, 566, 579, 567, 487, 647, 691, 500, 524, 605, 679, 554, 481, 659, 646, 710, 607, 571, 725, 640, 524, 651, 678, 913, 796, 567, 747, 822, 790, 746, 661, 838, 813, 726, 652, 675, 797, 809, 650, 772, 769, 681, 643, 653, 643, 682, 669, 610, 590, 648, 618, 579, 671, 679, 593, 662, 676, 686, 645, 717, 689, 687, 685, 650, 686, 659, 553, 704, 775, 692, 591, 529, 634, 701, 658, 693, 644, 605, 557, 578, 569, 664, 708, 635, 518, 627, 660, 646, 667, 686, 605, 571, 574, 600, 603, 616, 555, 588, 685, 728, 681, 637, 641, 508, 502, 641, 713, 763, 599, 574, 609, 556, 679, 774, 710, 701, 588, 580, 626, 583, 719, 739, 731, 656, 583, 702, 688, 642, 647, 638, 681, 647, 620, 663, 612, 637, 576, 527, 579, 672, 679, 578, 570, 633, 570, 563, 625, 696, 617, 504, 568, 675, 632, 622, 699, 685, 590, 623, 647, 635, 555, 522, 607, 585, 565, 543, 571, 703, 623, 650, 644, 637, 629, 566, 632, 752, 688, 762, 779, 738, 684, 680, 736, 713, 660, 746, 694, 775, 718, 663, 736, 601, 449, 485, 621, 658, 549, 523, 627, 803, 631, 460, 621, 691, 618, 528, 687, 893, 726, 615, 779, 774, 663, 524, 689, 738, 696, 612, 683, 752, 666, 607, 599, 611, 590, 517, 589, 598, 622, 648, 512, 707, 607, 570, 637, 635, 622, 587, 620, 726, 607, 610, 761, 698, 627, 532, 678, 845, 736, 715, 734, 664, 591, 586, 776, 710, 663, 684, 625, 585, 580, 602, 716, 671, 606, 803, 814, 693, 739, 745, 758, 715, 756, 915, 973, 786, 811, 950, 873, 695, 709, 749, 840, 651, 672, 807, 727, 782, 697, 902, 1002, 864, 613, 661, 778, 765, 582, 776, 909, 704, 576, 649, 816, 669, 729, 746, 683, 630, 604, 541, 646, 583, 604, 654, 541, 527, 618, 723, 646, 515, 748, 858, 658, 506, 739, 1063, 908, 610, 776, 1044, 944, 673, 744, 1115, 999, 620, 706, 962, 916, 658, 587, 694, 744, 614, 699, 684, 535, 612, 605, 496, 610, 609, 706, 552, 531, 652, 614, 605, 550, 596, 729, 780, 715, 721, 819, 879, 746, 514, 573, 650, 600, 517, 681, 741, 629, 528, 579, 603, 528, 510, 649, 702, 620, 586, 674, 699, 571, 488, 639, 724, 539, 682, 640, 673, 644, 561, 765, 718, 520, 666, 565, 449, 524, 592, 713, 658, 555, 516, 608, 588, 551, 551, 573, 515, 440, 418, 553, 649, 531, 393, 469, 538, 447, 472, 479, 540, 533, 428, 550, 582, 504, 466, 534, 429, 576, 471, 585, 582, 342, 445, 542, 427, 462, 524, 475, 425, 381]"
-0.24939632415771484,0.2665538787841797,0.8653954267501831,1.1518265008926392,0.0,0.0,0.0,-0.179273784160614,-0.21500587463378906,24.0,-0.17898768186569214,-0.3483295440673828,28.5,-0.17684191465377808,-0.23860931396484375,29.0,-0.17455309629440308,-0.3426074981689453,28.0,-0.06154268980026245,-0.2044200897216797,17.5,"[592, 577, 594, 618, 571, 618, 598, 577, 525, 508, 572, 669, 622, 630, 634, 538, 445, 464, 619, 617, 556, 634, 587, 530, 374, 519, 544, 464, 483, 534, 491, 445, 471, 514, 475, 475, 510, 543, 502, 470, 535, 500, 454, 546, 519, 448, 450, 489, 641, 567, 489, 518, 488, 503, 447, 468, 589, 639, 537, 446, 558, 652, 567, 533, 588, 485, 400, 454, 488, 458, 544, 621, 569, 524, 530, 530, 577, 564, 592, 580, 504, 576, 602, 509, 494, 534, 530, 515, 509, 583, 633, 587, 478, 541, 562, 538, 535, 550, 486, 549, 570, 515, 491, 482, 541, 539, 537, 579, 593, 517, 538, 532, 543, 633, 623, 584, 597, 631, 680, 560, 990, 1701, 1763, 1113, 1068, 1342, 1250, 956, 2526, 7006, 8157, 4498, 2955, 6003, 5848, 3404, 3544, 12184, 14498, 8358, 4110, 11915, 13072, 7976, 2822, 10000, 12271, 8001, 3055, 11916, 14344, 8804, 1637, 4391, 5665, 4142, 2426, 6423, 7691, 4596, 1359, 3750, 5267, 3247, 2879, 5342, 4770, 2321, 1252, 2062, 2967, 2144, 2021, 3236, 2902, 1520, 1091, 1663, 1836, 1358, 1229, 1475, 1145, 846, 975, 1335, 1596, 1346, 1169, 1305, 1178, 973, 727, 852, 994, 1007, 1099, 1084, 814, 768, 869, 939, 838, 1002, 1274, 1141, 771, 821, 986, 1285, 982, 969, 1532, 1435, 881, 889, 980, 1242, 983, 962, 1314, 1173, 719, 731, 860, 1075, 763, 734, 1178, 998, 545, 582, 638, 746, 536, 524, 798, 684, 526, 557, 651, 669, 485, 521, 691, 625, 581, 574, 694, 692, 618, 623, 615, 640, 650, 566, 709, 891, 807, 648, 919, 953, 768, 585, 896, 1132, 1003, 688, 1158, 1228, 800, 605, 748, 939, 820, 638, 983, 953, 630, 620, 571, 700, 637, 500, 652, 624, 549, 545, 686, 611, 616, 621, 625, 638, 608, 651, 606, 540, 613, 567, 583, 613, 567, 632, 520, 533, 653, 614, 556, 554, 555, 535, 595, 627, 630, 607, 608, 588, 556, 601, 606, 574, 596, 680, 691, 591, 560, 598, 523, 637, 644, 646, 704, 662, 644, 561, 582, 683, 632, 593, 707, 664, 576, 635, 529, 587, 686, 614, 667, 642, 631, 674, 443, 563, 693, 639, 540, 641, 654, 612, 609, 625, 687, 670, 661, 724, 656, 633, 550, 624, 723, 693, 693, 703, 658, 557, 567, 678, 624, 657, 717, 703, 650, 574, 719, 793, 661, 679, 926, 886, 572, 609, 1005, 1060, 853, 761, 1251, 1274, 772, 771, 1081, 1272, 1037, 861, 1348, 1442, 911, 756, 845, 1003, 827, 677, 974, 1056, 832, 591, 948, 902, 788, 758, 1279, 1537, 1354, 1042, 938, 800, 771, 966, 1389, 1277, 1104, 1128, 845, 842, 785, 941, 1001, 795, 717, 873, 694, 729, 706, 774, 875, 778, 633, 665, 674, 730, 730, 666, 761, 777, 647, 659, 779, 840, 821, 674, 713, 720, 645, 645, 599, 739, 923, 725, 574, 720, 643, 635, 571, 633, 835, 779, 691, 865, 819, 729, 541, 595, 687, 699, 590, 799, 802, 632, 589, 683, 681, 616, 628, 644, 643, 600, 558, 664, 619, 605, 640, 706, 679, 587, 548, 568, 603, 675, 642, 619, 681, 615, 646, 621, 553, 549, 608, 540, 662, 668, 598, 617, 583, 562, 605, 558, 627, 597, 516, 552, 523, 560, 584, 621, 598, 500, 575, 632, 639, 623, 547, 615, 695, 597, 609, 658, 619, 573, 591, 591, 604, 552, 626, 607, 577, 636, 680, 743, 653, 538, 650, 606, 563, 668, 715, 721, 723, 658, 703, 651, 535, 657, 635, 613, 671, 608, 538, 473, 452, 528, 606, 585, 571, 565, 547, 563, 627, 611, 571, 581, 637, 599, 615, 629, 603, 634, 594, 626, 673, 597, 624, 651, 655, 671, 646, 646, 628, 561, 533, 560, 619, 653, 663, 584, 577, 588, 644, 699, 639, 665, 712, 731, 798, 616, 690, 724, 664, 623, 695, 728, 754, 630, 747, 718, 668, 609, 728, 771, 796, 775, 655, 675, 611, 513, 683, 771, 781, 691, 684, 685, 737, 672, 584, 641, 643, 699, 671, 618, 559, 560, 621, 622, 539, 587, 674, 643, 617, 612, 611, 539, 529, 604, 682, 754, 775, 642, 703, 762, 627, 556, 647, 807, 749, 604, 671, 700, 637, 592, 638, 714, 812, 717, 596, 687, 701, 654, 592, 597, 782, 721, 681, 714, 754, 803, 525, 580, 681, 608, 657, 693, 619, 577, 569, 590, 584, 599, 656, 592, 642, 618, 629, 648, 589, 608, 689, 699, 700, 645, 596, 571, 633, 578, 602, 587, 649, 716, 646, 621, 703, 713, 652, 539, 602, 753, 645, 538, 629, 722, 679, 580, 693, 759, 664, 628, 615, 664, 671, 593, 643, 664, 709, 610, 632, 623, 647, 561, 570, 683, 618, 570, 551, 613, 635, 619, 669, 620, 568, 537, 548, 652, 724, 659, 669, 629, 629, 585, 538, 640, 674, 621, 604, 624, 615, 529, 532, 641, 597, 560, 580, 613, 657, 665, 557, 639, 525, 566, 648, 596, 622, 625, 622, 608, 591, 666, 704, 618, 595, 580, 562, 703, 681, 562, 681, 729, 594, 565, 568, 688, 624, 561, 722, 705, 734, 664, 925, 925, 718, 664, 726, 817, 1007, 1095, 1409, 1339, 1196, 959, 981, 1315, 1087, 1191, 1270, 1208, 1362, 1399, 1406, 1389, 1150, 1199, 791, 1005, 1099, 1360, 1257, 846, 1284, 1008, 1400, 1742, 957, 1018, 1211, 999, 1184, 867, 1501, 1669, 822, 1103, 1299, 1035, 942, 848, 1103, 1189, 717, 1084, 1139, 779, 1109, 777, 842, 1279, 1133, 851, 1027, 1155, 1038, 813, 806, 1332, 1103, 816, 1223, 1185, 738, 727, 671, 854, 707, 871, 1028, 813, 681, 786, 715, 684, 628, 877, 902, 636, 690, 684, 625, 634, 626, 688, 713, 685, 609, 673, 833, 774, 544, 534, 598, 629, 544, 825, 960, 719, 549, 651, 715, 672, 477, 629, 753, 707, 604, 671, 737, 558, 624, 771, 808, 687, 566, 567, 601, 614, 492, 582, 851, 765, 552, 509, 502, 582, 485, 480, 632, 597, 534, 531, 588, 599, 544, 658, 687, 549, 439, 510, 582, 568, 570, 649, 677, 573, 440, 550, 642, 567, 478, 615, 682, 528, 463, 617, 629, 529, 486, 571, 639, 558, 547, 644, 616, 478, 413, 470, 510, 525, 521, 568, 560, 442, 525, 522, 533, 436, 467, 465, 538, 571]"
-0.28662022948265076,0.31007733941078186,0.9011050462722778,0.8425363302230835,-0.08967225253582001,0.19378717243671417,-0.35877659916877747,-0.38264715671539307,-0.48980712890625,19.25,-0.34945929050445557,-0.47621726989746094,24.5,-0.11857473850250244,0.12845993041992188,23.5,-0.09482824802398682,0.2858161926269531,16.75,-0.06392920017242432,0.18167495727539062,18.25,"[657, 742, 716, 693, 707, 695, 712, 745, 603, 631, 639, 698, 705, 578, 591, 662, 566, 488, 571, 573, 541, 491, 510, 613, 598, 589, 587, 506, 584, 505, 544, 644, 466, 461, 471, 497, 526, 497, 496, 536, 454, 514, 448, 438, 457, 498, 489, 404, 463, 566, 575, 544, 503, 610, 580, 468, 519, 602, 644, 567, 461, 565, 604, 495, 506, 501, 494, 441, 447, 544, 581, 532, 556, 551, 566, 559, 414, 538, 659, 640, 532, 510, 543, 597, 519, 440, 535, 538, 563, 538, 555, 595, 545, 516, 549, 543, 522, 490, 434, 527, 538, 485, 462, 479, 569, 614, 436, 460, 563, 593, 496, 407, 629, 568, 478, 479, 523, 599, 542, 528, 474, 635, 610, 544, 587, 626, 638, 538, 478, 594, 667, 611, 531, 578, 573, 521, 834, 2299, 2893, 1856, 977, 2251, 2286, 1431, 1484, 5957, 7988, 4814, 2055, 6249, 6225, 3390, 1938, 6695, 8773, 5259, 2567, 6966, 6795, 3592, 1537, 4288, 4718, 2754, 2110, 3827, 4502, 2992, 1202, 2343, 2236, 1843, 1906, 2822, 3865, 2898, 1599, 2069, 1964, 1709, 2177, 1974, 2177, 1923, 1355, 1876, 1929, 1688, 1762, 1714, 1585, 1408, 1061, 1513, 1452, 1284, 1307, 1412, 1331, 1133, 1055, 1404, 1172, 1000, 1258, 1281, 1022, 921, 959, 1315, 1158, 884, 1123, 1206, 944, 629, 763, 1077, 1012, 708, 835, 849, 632, 523, 655, 746, 729, 720, 762, 645, 586, 590, 769, 769, 633, 614, 679, 628, 589, 634, 632, 745, 692, 483, 783, 840, 522, 519, 616, 686, 662, 566, 662, 661, 553, 574, 469, 508, 561, 502, 458, 453, 469, 493, 507, 787, 870, 632, 603, 721, 705, 588, 571, 921, 1090, 831, 681, 837, 833, 723, 566, 1007, 1012, 752, 761, 802, 684, 614, 622, 960, 996, 799, 754, 812, 770, 639, 620, 902, 1043, 902, 774, 827, 795, 620, 683, 770, 922, 824, 745, 833, 858, 756, 628, 749, 894, 740, 700, 881, 964, 754, 601, 825, 847, 756, 794, 860, 875, 664, 723, 869, 831, 732, 814, 747, 744, 710, 666, 736, 666, 693, 711, 659, 584, 547, 662, 683, 628, 662, 656, 598, 555, 531, 655, 583, 670, 677, 624, 632, 585, 659, 675, 646, 638, 741, 841, 747, 620, 699, 738, 802, 657, 799, 980, 862, 688, 700, 653, 758, 686, 769, 887, 806, 739, 629, 771, 740, 570, 740, 973, 813, 605, 708, 798, 779, 666, 679, 868, 875, 627, 654, 706, 776, 775, 743, 735, 795, 732, 695, 1011, 915, 910, 934, 1136, 1168, 883, 894, 1120, 1059, 1048, 989, 1101, 1272, 1009, 875, 862, 872, 857, 783, 827, 911, 854, 770, 637, 634, 638, 614, 665, 690, 657, 680, 782, 843, 753, 683, 747, 748, 615, 574, 724, 798, 730, 683, 757, 731, 539, 607, 705, 701, 640, 606, 687, 752, 692, 751, 671, 626, 651, 724, 669, 683, 764, 721, 621, 663, 804, 749, 603, 656, 695, 639, 570, 629, 734, 649, 641, 689, 597, 625, 658, 708, 662, 663, 622, 710, 755, 688, 626, 665, 691, 663, 534, 675, 761, 642, 576, 618, 652, 610, 650, 762, 723, 606, 613, 621, 598, 552, 653, 708, 671, 604, 692, 746, 625, 572, 684, 720, 617, 632, 611, 625, 610, 659, 595, 616, 637, 609, 609, 642, 689, 740, 658, 693, 644, 564, 576, 693, 636, 609, 616, 677, 620, 404, 686, 691, 715, 663, 583, 586, 598, 637, 608, 624, 679, 635, 552, 575, 539, 592, 568, 674, 661, 607, 625, 636, 527, 511, 567, 643, 543, 509, 628, 589, 531, 511, 625, 713, 619, 619, 728, 658, 588, 604, 525, 591, 698, 651, 613, 681, 663, 544, 644, 602, 659, 676, 653, 666, 713, 730, 612, 621, 599, 585, 682, 676, 664, 669, 606, 644, 678, 724, 823, 780, 663, 614, 699, 763, 779, 693, 759, 759, 729, 759, 623, 756, 780, 601, 558, 682, 705, 621, 630, 662, 685, 671, 617, 703, 678, 633, 727, 621, 686, 747, 773, 777, 695, 705, 638, 595, 688, 720, 628, 649, 716, 710, 558, 588, 653, 643, 555, 588, 656, 592, 507, 634, 706, 629, 484, 511, 632, 595, 591, 583, 683, 702, 604, 627, 767, 660, 626, 688, 664, 607, 637, 681, 788, 738, 544, 690, 684, 482, 516, 634, 726, 650, 554, 694, 753, 521, 599, 666, 652, 622, 527, 640, 749, 631, 577, 691, 667, 625, 625, 658, 791, 772, 661, 747, 734, 663, 807, 881, 999, 1011, 911, 951, 988, 889, 857, 901, 993, 892, 942, 902, 954, 940, 755, 700, 848, 781, 759, 799, 799, 810, 555, 607, 777, 745, 665, 771, 735, 661, 736, 676, 872, 908, 692, 706, 796, 754, 600, 593, 667, 743, 675, 624, 642, 530, 638, 636, 577, 683, 837, 771, 662, 584, 642, 659, 586, 654, 834, 710, 554, 642, 621, 712, 677, 693, 766, 600, 612, 684, 657, 738, 685, 741, 726, 549, 521, 582, 710, 727, 730, 801, 701, 613, 699, 728, 716, 568, 741, 803, 640, 509, 705, 871, 717, 557, 684, 787, 695, 545, 663, 865, 680, 610, 563, 661, 720, 584, 558, 673, 702, 775, 649, 640, 728, 750, 685, 678, 913, 910, 930, 834, 810, 893, 1070, 1091, 882, 891, 1055, 1019, 912, 932, 1104, 1193, 768, 905, 1056, 961, 869, 848, 1097, 1039, 1056, 1534, 1295, 1033, 961, 1348, 1588, 996, 1131, 1502, 1019, 913, 838, 1324, 1409, 788, 888, 996, 906, 1012, 790, 832, 929, 718, 770, 640, 659, 866, 762, 559, 647, 753, 826, 675, 993, 1117, 784, 787, 997, 921, 833, 824, 1430, 1370, 732, 946, 1192, 1102, 627, 715, 1042, 974, 589, 747, 930, 841, 653, 709, 654, 598, 637, 718, 706, 586, 768, 875, 832, 694, 746, 946, 896, 677, 653, 1034, 1077, 810, 780, 918, 955, 779, 652, 900, 967, 799, 774, 871, 837, 688, 618, 767, 737, 711, 718, 684, 662, 604, 621, 598, 615, 686, 628, 623, 606, 634, 483, 504, 515, 565, 539, 520, 583, 537, 512, 573, 681, 686, 629, 501, 505, 584, 534, 630, 706, 700, 539, 495, 528, 571, 515, 598, 719, 656, 551, 538, 625, 587, 530, 503, 714, 738, 519, 512, 644, 625, 543, 449, 612, 661, 523, 573, 607, 655]"
-0.20744170248508453,0.3077995479106903,1.0095643997192383,0.7629289627075195,-0.16668565571308136,0.4190996289253235,-0.4517400562763214,-0.20415139198303223,-0.4390239715576172,30.75,-0.16609978675842285,-0.36163330078125,26.25,-0.1525099277496338,-0.267791748046875,30.25,-0.13377022743225098,-0.1926898956298828,26.25,-0.012605905532836914,0.0514984130859375,21.25,"[490, 639, 738, 635, 575, 632, 739, 644, 478, 541, 634, 631, 520, 556, 679, 607, 475, 510, 527, 533, 472, 507, 558, 494, 477, 525, 537, 532, 459, 506, 541, 446, 526, 480, 492, 531, 487, 506, 472, 475, 537, 531, 459, 474, 544, 550, 464, 503, 530, 532, 494, 494, 573, 511, 502, 533, 462, 566, 567, 458, 448, 480, 530, 528, 498, 520, 489, 455, 507, 540, 486, 464, 531, 504, 462, 558, 523, 477, 471, 472, 497, 494, 453, 460, 558, 590, 467, 443, 451, 457, 420, 542, 555, 485, 495, 558, 493, 521, 466, 536, 587, 541, 540, 507, 551, 633, 558, 490, 569, 632, 590, 425, 539, 707, 603, 469, 582, 660, 551, 402, 547, 574, 589, 553, 615, 676, 512, 484, 518, 488, 541, 564, 578, 521, 454, 562, 593, 556, 594, 597, 657, 566, 552, 613, 509, 553, 557, 586, 580, 551, 546, 512, 756, 1942, 2500, 1636, 855, 2107, 2409, 1536, 2061, 7607, 10357, 6733, 2783, 9569, 10638, 5928, 3004, 12025, 16755, 10913, 4595, 16225, 17460, 8922, 2499, 8504, 11839, 7648, 3747, 12584, 13200, 6209, 1594, 3336, 4502, 3009, 2086, 5661, 6047, 3150, 1326, 1775, 2593, 2157, 1727, 3341, 3750, 2539, 1238, 2182, 3109, 2485, 1913, 3181, 3371, 2243, 1414, 2863, 3243, 1988, 1728, 2716, 2515, 1676, 1965, 4191, 3894, 1551, 2083, 3062, 2607, 1621, 1799, 3654, 3434, 1210, 2058, 2809, 2199, 1239, 1052, 1757, 1775, 914, 1057, 1463, 1287, 928, 852, 1201, 1051, 747, 927, 919, 785, 721, 860, 1060, 782, 704, 970, 858, 702, 727, 624, 684, 685, 568, 704, 695, 629, 528, 515, 686, 659, 619, 719, 677, 645, 527, 553, 622, 669, 592, 653, 686, 600, 553, 594, 630, 641, 567, 572, 547, 549, 515, 567, 674, 616, 523, 530, 624, 641, 562, 505, 760, 778, 606, 604, 676, 631, 534, 688, 982, 1118, 888, 930, 1012, 939, 788, 809, 959, 1120, 925, 889, 1026, 916, 831, 753, 808, 856, 804, 802, 828, 785, 793, 788, 845, 798, 824, 841, 791, 776, 800, 789, 880, 774, 700, 806, 873, 724, 644, 794, 842, 814, 774, 803, 838, 702, 632, 638, 712, 667, 704, 831, 805, 635, 623, 814, 1048, 858, 853, 1247, 1107, 855, 794, 954, 1181, 949, 928, 1375, 1332, 871, 820, 917, 1180, 973, 1043, 1463, 1341, 811, 882, 769, 945, 834, 894, 1091, 1093, 673, 718, 709, 954, 904, 817, 872, 928, 762, 650, 821, 1080, 943, 756, 741, 897, 851, 666, 712, 843, 725, 808, 880, 868, 820, 687, 674, 744, 846, 810, 781, 891, 853, 629, 882, 855, 877, 850, 787, 859, 831, 697, 823, 859, 757, 639, 804, 863, 719, 743, 712, 821, 722, 779, 894, 755, 610, 678, 654, 759, 709, 760, 819, 761, 636, 643, 657, 668, 664, 736, 794, 729, 635, 570, 671, 681, 599, 616, 692, 769, 737, 647, 625, 587, 647, 685, 678, 870, 912, 694, 729, 666, 694, 647, 754, 816, 828, 789, 582, 680, 706, 646, 800, 787, 665, 677, 535, 607, 657, 565, 600, 631, 583, 601, 616, 634, 640, 563, 600, 619, 628, 651, 667, 587, 543, 626, 609, 632, 608, 627, 619, 685, 642, 656, 614, 649, 543, 520, 603, 764, 628, 598, 628, 654, 621, 538, 675, 644, 562, 597, 592, 660, 617, 523, 578, 555, 515, 490, 562, 676, 560, 471, 653, 570, 578, 494, 590, 750, 650, 584, 670, 635, 611, 620, 675, 790, 737, 641, 712, 847, 736, 646, 752, 781, 700, 601, 640, 784, 759, 618, 620, 768, 729, 613, 648, 719, 668, 681, 664, 742, 704, 642, 632, 709, 631, 569, 649, 717, 685, 606, 638, 668, 650, 589, 621, 743, 767, 651, 668, 731, 728, 649, 608, 667, 832, 763, 639, 673, 712, 649, 585, 673, 755, 747, 737, 668, 619, 660, 698, 647, 731, 766, 729, 677, 609, 640, 682, 626, 614, 687, 756, 681, 595, 602, 679, 721, 619, 653, 696, 682, 676, 662, 569, 641, 713, 703, 675, 643, 622, 709, 609, 578, 574, 619, 690, 614, 624, 744, 673, 709, 690, 701, 642, 660, 655, 656, 692, 708, 676, 635, 676, 701, 686, 655, 677, 691, 639, 715, 692, 671, 617, 639, 730, 692, 645, 685, 687, 661, 678, 615, 627, 632, 577, 655, 608, 603, 627, 671, 654, 638, 632, 645, 577, 546, 602, 610, 648, 576, 662, 677, 753, 781, 746, 731, 766, 730, 665, 719, 714, 891, 762, 611, 808, 822, 733, 626, 632, 696, 584, 532, 674, 678, 631, 605, 618, 689, 664, 619, 621, 677, 674, 598, 612, 645, 687, 658, 598, 602, 630, 596, 563, 571, 696, 645, 511, 616, 694, 594, 590, 554, 613, 652, 560, 571, 565, 620, 685, 558, 643, 746, 657, 571, 693, 727, 761, 682, 673, 726, 724, 641, 745, 792, 827, 654, 622, 706, 719, 679, 699, 813, 650, 635, 681, 680, 648, 607, 715, 719, 644, 594, 572, 679, 654, 650, 659, 647, 651, 690, 580, 574, 620, 645, 692, 631, 640, 523, 575, 631, 656, 558, 589, 669, 611, 536, 621, 687, 597, 523, 631, 687, 587, 666, 754, 728, 680, 609, 844, 828, 837, 955, 1194, 1215, 1036, 719, 1348, 1480, 1026, 885, 1086, 1338, 1215, 820, 1417, 1622, 863, 701, 802, 903, 871, 748, 978, 1125, 863, 661, 657, 725, 796, 675, 579, 862, 952, 625, 958, 1185, 1020, 753, 804, 1018, 1111, 696, 1001, 1316, 1213, 915, 1127, 1209, 904, 649, 903, 990, 904, 943, 1333, 1270, 714, 735, 878, 744, 630, 955, 1284, 1144, 668, 855, 741, 867, 794, 799, 984, 785, 888, 800, 968, 1207, 874, 760, 891, 706, 760, 697, 888, 1007, 755, 725, 890, 717, 699, 903, 866, 776, 709, 818, 1038, 745, 881, 1012, 864, 698, 635, 830, 1067, 947, 751, 821, 739, 609, 617, 728, 801, 755, 641, 731, 783, 647, 597, 691, 708, 692, 540, 624, 787, 698, 620, 668, 727, 680, 635, 537, 691, 759, 644, 656, 717, 695, 579, 537, 592, 602, 565, 622, 678, 663, 472, 487, 521, 565, 510, 574, 553, 451, 539, 505, 621, 669, 522, 469, 547, 588, 439, 528, 654, 653, 548, 496, 615, 510, 542, 551, 694, 723, 574, 597, 596, 540]"
-0.31735873222351074,0.6253358125686646,-0.20445480942726135,-0.04230840876698494,0.8706111907958984,-0.23409506678581238,0.2554522156715393,-1.4469926357269287,1.2376785278320312,21.0,-1.4146630764007568,1.2135028839111328,17.5,-0.9754960536956787,1.0050773620605469,26.75,-0.7922475337982178,0.8859157562255859,27.5,-0.41945624351501465,0.06380081176757812,19.75,"[642, 662, 667, 634, 516, 635, 667, 665, 601, 649, 710, 693, 675, 710, 690, 663, 554, 616, 546, 576, 607, 622, 600, 529, 539, 571, 505, 508, 532, 453, 506, 521, 470, 459, 530, 508, 528, 537, 588, 628, 448, 472, 659, 622, 520, 579, 672, 647, 467, 471, 581, 577, 540, 574, 561, 493, 536, 576, 579, 604, 518, 611, 606, 515, 590, 579, 585, 549, 522, 529, 493, 522, 510, 604, 570, 545, 578, 513, 537, 516, 558, 578, 518, 573, 556, 472, 461, 480, 542, 489, 509, 567, 583, 549, 555, 548, 471, 489, 476, 416, 527, 586, 542, 453, 566, 511, 531, 532, 541, 633, 649, 574, 514, 522, 512, 562, 467, 572, 623, 522, 524, 628, 678, 632, 612, 639, 579, 549, 492, 555, 530, 513, 571, 528, 522, 545, 525, 528, 550, 550, 550, 544, 479, 518, 608, 541, 604, 569, 498, 533, 536, 592, 597, 591, 589, 636, 619, 534, 536, 574, 673, 590, 556, 577, 616, 619, 517, 567, 707, 609, 531, 625, 676, 564, 499, 545, 582, 597, 551, 666, 695, 590, 514, 521, 531, 544, 577, 647, 616, 580, 598, 552, 628, 575, 571, 540, 545, 572, 610, 614, 648, 561, 468, 522, 646, 641, 565, 638, 558, 661, 606, 513, 599, 673, 611, 562, 627, 570, 477, 513, 574, 561, 601, 642, 611, 577, 501, 517, 583, 528, 485, 555, 559, 575, 552, 539, 593, 618, 540, 535, 598, 586, 489, 439, 575, 604, 480, 475, 573, 517, 576, 499, 509, 635, 591, 567, 530, 592, 616, 531, 456, 630, 638, 589, 639, 608, 533, 560, 481, 501, 534, 552, 643, 641, 529, 527, 587, 567, 499, 515, 569, 580, 576, 548, 498, 533, 519, 520, 619, 600, 635, 642, 590, 597, 596, 621, 589, 559, 620, 592, 596, 659, 618, 649, 583, 608, 532, 546, 598, 559, 585, 561, 648, 573, 534, 540, 659, 620, 562, 637, 716, 579, 574, 642, 700, 638, 594, 694, 799, 596, 610, 715, 655, 596, 591, 773, 657, 647, 559, 603, 646, 523, 470, 605, 594, 631, 555, 559, 603, 563, 637, 624, 651, 579, 530, 584, 567, 575, 577, 564, 725, 629, 563, 640, 704, 697, 659, 675, 553, 660, 626, 646, 612, 694, 732, 602, 568, 709, 683, 607, 641, 703, 664, 574, 593, 628, 612, 532, 579, 590, 536, 506, 599, 629, 587, 608, 600, 589, 489, 465, 695, 614, 718, 652, 685, 642, 665, 756, 1781, 1023, 1581, 1190, 1178, 992, 2108, 2716, 2997, 1427, 2724, 1994, 1772, 1299, 3574, 4768, 4508, 1835, 3970, 3231, 2559, 1597, 5113, 6999, 7556, 3074, 7719, 6309, 4182, 2610, 9537, 12550, 7649, 4194, 9692, 7571, 4237, 3292, 11473, 14170, 3732, 3469, 6228, 4464, 2272, 2589, 7047, 8008, 1548, 2025, 2534, 1917, 1310, 1741, 2927, 2855, 1015, 1053, 1141, 1239, 1132, 1066, 1689, 1744, 670, 2434, 2646, 1243, 762, 1370, 2520, 2081, 621, 2954, 3608, 2004, 637, 1566, 2901, 2485, 785, 2259, 2842, 1630, 642, 1123, 2164, 2034, 789, 1327, 1528, 959, 624, 804, 1118, 1010, 656, 886, 982, 657, 620, 761, 784, 641, 459, 627, 682, 602, 581, 542, 580, 530, 511, 585, 559, 540, 595, 542, 567, 605, 561, 579, 612, 571, 681, 673, 597, 626, 591, 584, 661, 561, 578, 711, 682, 614, 559, 548, 606, 601, 530, 517, 527, 575, 623, 607, 709, 628, 557, 579, 678, 752, 494, 544, 664, 561, 519, 599, 694, 660, 704, 662, 624, 704, 672, 626, 659, 771, 938, 876, 789, 791, 718, 719, 750, 797, 2019, 2550, 2035, 1189, 1103, 1618, 1684, 1300, 3046, 3970, 2951, 1483, 1440, 2193, 2247, 1697, 2143, 2522, 2139, 1280, 1167, 1310, 1502, 1541, 1175, 2264, 2444, 1470, 980, 1438, 1596, 1274, 1382, 2665, 2631, 1361, 1066, 1464, 1520, 1205, 1675, 1992, 1494, 1107, 1075, 1387, 1110, 1030, 1537, 1306, 1249, 942, 1096, 1262, 862, 1163, 1205, 887, 647, 751, 835, 790, 827, 1116, 877, 866, 732, 643, 598, 708, 690, 764, 762, 914, 809, 667, 642, 740, 719, 564, 718, 902, 842, 642, 678, 718, 670, 638, 711, 727, 943, 865, 677, 597, 658, 798, 639, 803, 961, 878, 713, 727, 699, 725, 699, 782, 808, 783, 693, 710, 710, 680, 674, 663, 567, 543, 595, 703, 615, 657, 740, 575, 696, 742, 651, 756, 660, 637, 892, 666, 730, 758, 593, 809, 738, 730, 749, 636, 654, 780, 636, 722, 788, 689, 738, 568, 837, 930, 670, 624, 919, 934, 697, 576, 970, 1037, 704, 622, 855, 899, 574, 769, 878, 806, 577, 612, 723, 702, 673, 692, 766, 708, 669, 694, 710, 758, 654, 571, 650, 756, 735, 686, 651, 674, 681, 519, 542, 620, 639, 492, 540, 678, 647, 550, 521, 578, 593, 524, 515, 634, 615, 609, 611, 697, 666, 632, 692, 738, 520, 540, 544, 673, 659, 586, 604, 528, 612, 567, 610, 592, 575, 646, 607, 504, 666, 602, 698, 571, 562, 731, 665, 635, 625, 452, 684, 672, 565, 597, 668, 660, 637, 525, 627, 734, 689, 585, 641, 744, 697, 581, 650, 657, 642, 657, 609, 711, 539, 584, 742, 660, 586, 630, 719, 670, 593, 729, 807, 658, 576, 651, 785, 727, 666, 718, 702, 650, 724, 669, 685, 669, 641, 591, 602, 598, 722, 696, 659, 686, 637, 598, 597, 619, 673, 705, 699, 715, 712, 568, 590, 712, 648, 682, 738, 732, 666, 686, 748, 695, 618, 625, 699, 752, 735, 824, 1023, 796, 542, 750, 1135, 1118, 789, 1015, 1085, 830, 678, 930, 1260, 1106, 840, 981, 1023, 794, 663, 835, 962, 881, 670, 808, 828, 641, 499, 706, 782, 754, 579, 612, 592, 572, 424, 588, 725, 595, 591, 594, 597, 597, 498, 531, 610, 517, 586, 548, 567, 540, 568, 578, 624, 646, 626, 539, 540, 544, 608, 635, 603, 593, 503, 492, 548, 518, 555, 504, 516, 557, 530, 497, 503, 558, 556, 425, 448, 524, 596, 496, 553, 580, 564, 528, 499, 631, 453, 439, 576, 599, 504, 510, 568, 507, 438, 421, 473, 513, 442, 412, 492, 473, 498, 444, 425, 416, 398, 397, 483, 466, 499, 389, 445, 466, 412, 361, 462, 552, 416, 369, 447, 414, 384, 382, 507, 528]"
-0.38125744462013245,0.5886276960372925,-0.27185556292533875,-0.13939081132411957,0.7219299077987671,-0.25763458013534546,0.12998947501182556,-1.137766718864441,1.0349750518798828,20.25,-1.082405924797058,1.002359390258789,19.5,-0.9390686750411987,0.9314060211181641,20.25,-0.9157513380050659,0.9877681732177734,28.75,-0.737080454826355,0.8653163909912109,25.5,"[641, 614, 623, 632, 598, 629, 626, 622, 708, 641, 517, 615, 662, 673, 551, 559, 658, 636, 551, 530, 674, 723, 645, 504, 479, 461, 531, 540, 559, 599, 554, 518, 454, 417, 518, 467, 484, 542, 525, 486, 552, 586, 566, 574, 622, 651, 518, 491, 538, 569, 561, 557, 579, 574, 546, 501, 520, 582, 543, 483, 516, 503, 498, 480, 536, 563, 542, 484, 481, 490, 418, 399, 624, 630, 571, 498, 503, 544, 457, 501, 575, 534, 512, 512, 581, 570, 481, 498, 458, 479, 532, 492, 567, 609, 519, 483, 444, 386, 477, 545, 537, 538, 590, 613, 448, 498, 575, 566, 483, 505, 553, 541, 503, 618, 661, 598, 509, 550, 507, 484, 553, 608, 577, 566, 639, 547, 498, 565, 558, 594, 488, 526, 549, 472, 479, 513, 559, 565, 524, 563, 528, 480, 475, 489, 559, 519, 527, 556, 531, 566, 600, 561, 563, 638, 556, 581, 614, 628, 618, 543, 571, 671, 576, 471, 583, 561, 525, 487, 726, 662, 552, 560, 668, 656, 510, 561, 548, 573, 536, 509, 594, 636, 538, 515, 594, 597, 535, 483, 512, 599, 590, 539, 532, 539, 538, 536, 553, 633, 604, 568, 539, 533, 549, 533, 570, 534, 559, 577, 515, 525, 491, 456, 479, 547, 588, 564, 568, 664, 665, 636, 550, 610, 620, 515, 561, 513, 582, 670, 549, 586, 589, 537, 605, 522, 600, 687, 605, 505, 472, 543, 545, 498, 564, 604, 509, 489, 577, 577, 510, 546, 616, 596, 537, 544, 589, 553, 438, 428, 489, 490, 474, 480, 442, 472, 608, 518, 566, 592, 558, 575, 528, 599, 572, 573, 552, 587, 608, 579, 494, 535, 587, 669, 638, 608, 557, 540, 568, 553, 569, 562, 602, 606, 577, 509, 506, 571, 610, 683, 627, 596, 586, 542, 524, 566, 617, 604, 582, 596, 596, 565, 524, 492, 616, 695, 611, 548, 581, 596, 599, 540, 540, 599, 615, 565, 550, 615, 567, 533, 599, 582, 633, 682, 713, 685, 593, 574, 525, 648, 652, 694, 620, 605, 681, 588, 550, 633, 654, 744, 669, 556, 674, 690, 544, 512, 561, 671, 591, 521, 570, 575, 485, 448, 559, 654, 617, 477, 429, 486, 560, 570, 615, 607, 620, 612, 534, 553, 605, 561, 546, 592, 656, 607, 510, 651, 555, 621, 590, 582, 592, 706, 736, 637, 1374, 1231, 1558, 1103, 1190, 1151, 2132, 2380, 3203, 1848, 3242, 2379, 2286, 1702, 4679, 5701, 3361, 1356, 2870, 2612, 2484, 1265, 3973, 5353, 4260, 1776, 3745, 3500, 2438, 1764, 4281, 6050, 9401, 4391, 10436, 8311, 5108, 3665, 12858, 16388, 7718, 4839, 10499, 7851, 4465, 3992, 13120, 15498, 2190, 2802, 4207, 2778, 1599, 2286, 5473, 5563, 1776, 1347, 1850, 1608, 1092, 1265, 2412, 2663, 1537, 1381, 2609, 2183, 1083, 1154, 2737, 3072, 1921, 2715, 4353, 3165, 1219, 1820, 4075, 4389, 2997, 4269, 6534, 4492, 1526, 2825, 6516, 6872, 2499, 3743, 5409, 3605, 1343, 2519, 5420, 5505, 1272, 1831, 2357, 1562, 932, 1351, 2286, 2103, 798, 998, 1061, 825, 658, 890, 975, 876, 680, 865, 811, 651, 645, 709, 745, 745, 551, 676, 614, 542, 587, 612, 611, 625, 571, 677, 675, 520, 565, 655, 642, 634, 630, 686, 698, 590, 558, 648, 630, 667, 584, 612, 557, 620, 621, 522, 532, 601, 726, 625, 584, 690, 718, 513, 529, 673, 796, 666, 635, 685, 692, 566, 630, 833, 817, 624, 778, 780, 810, 735, 695, 857, 1005, 1225, 1304, 1109, 909, 902, 792, 771, 1483, 2327, 2303, 1488, 1347, 1577, 1404, 1113, 2576, 3912, 4009, 2457, 2076, 3121, 2703, 2044, 2885, 4426, 4640, 2628, 2369, 3493, 3130, 2371, 2170, 3919, 3920, 1981, 2027, 2513, 2466, 1798, 2121, 3390, 2872, 1463, 1755, 1920, 1818, 1259, 1864, 2477, 2090, 1294, 1277, 1330, 1198, 1184, 1349, 1403, 1413, 1118, 903, 898, 940, 1264, 963, 933, 1088, 948, 809, 798, 829, 1066, 723, 1301, 1352, 910, 669, 804, 1013, 816, 871, 1435, 1513, 1019, 806, 887, 1043, 889, 965, 979, 986, 1000, 855, 820, 860, 798, 852, 856, 835, 776, 750, 745, 774, 723, 670, 640, 733, 666, 646, 644, 697, 709, 587, 676, 790, 682, 653, 593, 647, 686, 578, 670, 801, 796, 570, 516, 710, 660, 590, 881, 941, 833, 648, 670, 873, 752, 658, 807, 859, 752, 664, 670, 766, 797, 675, 777, 792, 587, 567, 617, 676, 710, 748, 840, 867, 671, 664, 577, 747, 840, 681, 814, 815, 724, 674, 567, 705, 686, 646, 726, 753, 716, 631, 585, 702, 666, 683, 722, 703, 617, 613, 705, 704, 695, 621, 648, 598, 595, 646, 621, 673, 686, 540, 540, 567, 690, 542, 482, 665, 611, 680, 634, 651, 724, 579, 620, 636, 568, 684, 581, 643, 694, 599, 580, 542, 578, 665, 601, 664, 758, 667, 577, 579, 684, 525, 565, 637, 757, 645, 587, 702, 669, 580, 550, 680, 773, 676, 608, 745, 714, 584, 587, 747, 723, 614, 563, 677, 774, 632, 534, 711, 693, 587, 583, 674, 768, 670, 517, 868, 855, 610, 677, 895, 902, 625, 451, 769, 892, 735, 536, 747, 826, 567, 581, 724, 794, 661, 596, 717, 725, 646, 712, 672, 680, 552, 626, 627, 642, 641, 768, 794, 656, 747, 780, 679, 646, 572, 640, 688, 602, 664, 732, 614, 547, 615, 642, 767, 652, 570, 721, 707, 665, 628, 584, 587, 587, 634, 615, 610, 646, 593, 660, 707, 611, 621, 680, 868, 854, 565, 739, 762, 668, 655, 772, 972, 872, 671, 680, 652, 705, 601, 710, 764, 720, 581, 677, 757, 730, 572, 633, 610, 503, 637, 859, 1029, 797, 533, 659, 867, 829, 603, 892, 977, 670, 527, 659, 922, 940, 555, 795, 815, 638, 628, 673, 818, 781, 477, 661, 680, 544, 624, 688, 739, 609, 500, 629, 736, 687, 552, 603, 658, 601, 461, 570, 621, 556, 489, 508, 562, 527, 564, 608, 618, 522, 528, 540, 665, 659, 500, 509, 461, 493, 518, 593, 581, 585, 512, 531, 591, 594, 568, 493, 557, 530, 477, 441, 439, 474, 452, 435, 480, 518, 426, 506, 525, 482, 403, 432, 511, 463, 469, 501, 517, 389, 404, 450, 457, 483, 403, 546, 619, 488, 399, 489, 492, 499]"
-0.2187517136335373,0.2629125416278839,-0.40364158153533936,0.18821990489959717,0.31130146980285645,-0.3975505828857422,0.4173116087913513,-1.8007618188858032,1.5757083892822266,19.25,-1.2731891870498657,1.116943359375,19.5,-0.9853702783584595,1.0182380676269531,24.25,-0.8450371026992798,0.9644508361816406,26.25,-0.679669976234436,1.6379356384277344,15.0,"[708, 645, 458, 624, 749, 619, 463, 637, 614, 612, 547, 694, 837, 660, 512, 672, 572, 566, 496, 582, 589, 544, 433, 497, 577, 574, 504, 495, 501, 483, 357, 440, 557, 581, 620, 549, 429, 471, 475, 473, 550, 523, 503, 589, 537, 444, 572, 577, 539, 484, 511, 589, 507, 455, 561, 538, 508, 478, 488, 563, 479, 474, 510, 483, 575, 524, 487, 513, 524, 491, 443, 536, 496, 480, 450, 507, 501, 501, 472, 484, 549, 436, 471, 515, 534, 540, 489, 540, 550, 479, 501, 508, 555, 586, 546, 542, 528, 523, 444, 476, 518, 467, 476, 488, 522, 501, 521, 533, 490, 427, 568, 560, 530, 557, 566, 489, 482, 549, 621, 604, 639, 557, 518, 543, 496, 580, 572, 548, 604, 562, 526, 553, 610, 599, 557, 564, 548, 572, 584, 595, 610, 583, 583, 564, 542, 521, 483, 514, 562, 500, 471, 501, 579, 459, 550, 579, 577, 533, 515, 654, 589, 468, 489, 551, 599, 472, 479, 622, 555, 590, 529, 491, 590, 536, 476, 578, 493, 549, 543, 456, 567, 587, 521, 485, 523, 583, 581, 561, 532, 564, 603, 594, 518, 556, 613, 520, 498, 448, 494, 597, 550, 602, 600, 557, 542, 549, 529, 553, 601, 616, 566, 525, 604, 651, 483, 501, 476, 514, 579, 468, 463, 533, 513, 506, 540, 563, 515, 471, 543, 551, 516, 523, 664, 607, 547, 528, 542, 561, 600, 675, 700, 675, 570, 501, 630, 669, 548, 606, 655, 571, 582, 529, 452, 527, 586, 650, 503, 553, 577, 608, 471, 498, 541, 549, 558, 539, 552, 549, 520, 547, 581, 551, 608, 504, 468, 511, 566, 542, 494, 600, 526, 513, 549, 494, 539, 475, 519, 592, 514, 607, 563, 507, 581, 512, 439, 468, 584, 511, 501, 560, 565, 524, 546, 601, 637, 551, 556, 651, 611, 506, 557, 681, 476, 552, 602, 503, 438, 540, 596, 588, 570, 586, 580, 573, 590, 641, 641, 546, 586, 597, 566, 627, 644, 603, 603, 590, 594, 648, 565, 568, 674, 657, 607, 551, 590, 634, 569, 493, 673, 720, 588, 504, 528, 556, 589, 531, 527, 577, 525, 476, 542, 604, 625, 543, 505, 597, 604, 464, 679, 680, 757, 641, 515, 713, 902, 821, 1884, 1390, 1840, 1315, 1321, 1347, 2367, 2714, 3335, 1917, 3233, 2453, 2349, 1787, 4291, 5288, 3270, 1750, 3177, 2474, 2222, 1473, 4170, 5263, 1975, 993, 1932, 1682, 1448, 900, 2384, 3035, 5387, 2239, 6131, 5117, 2787, 1611, 6857, 9152, 8969, 4831, 12126, 9658, 4374, 3539, 13845, 17145, 6050, 4802, 9898, 7520, 3078, 3661, 11389, 13046, 1995, 2496, 3820, 2678, 1341, 2015, 4535, 4628, 1284, 1174, 1550, 1294, 842, 881, 1708, 1975, 1102, 1156, 1429, 1188, 729, 920, 1675, 1636, 1696, 3521, 3652, 1833, 1074, 1906, 2935, 2324, 3190, 8707, 9169, 4219, 1784, 4191, 7673, 6052, 3182, 9216, 9853, 4604, 1581, 4109, 7793, 6192, 1911, 4761, 5248, 2691, 1127, 1903, 3756, 3238, 1364, 2818, 3064, 1713, 1020, 1399, 2163, 1690, 1053, 1874, 2045, 1188, 725, 1060, 1703, 1488, 822, 1039, 1198, 891, 680, 756, 1005, 1122, 725, 774, 837, 741, 682, 729, 677, 676, 649, 667, 662, 708, 650, 694, 616, 540, 579, 635, 646, 614, 543, 589, 621, 585, 563, 663, 686, 538, 480, 507, 604, 593, 647, 827, 847, 653, 559, 574, 647, 612, 1143, 1669, 1509, 934, 984, 888, 902, 744, 1653, 2511, 2087, 971, 1407, 1302, 1341, 1064, 2068, 3499, 3001, 1206, 1759, 1736, 1863, 1256, 2500, 3782, 3478, 1855, 2039, 2435, 2564, 1739, 4169, 4661, 4986, 4227, 2956, 3325, 3798, 3095, 4913, 5547, 5991, 5429, 3553, 3517, 3975, 3622, 3839, 4518, 4323, 3916, 2871, 2854, 2726, 2851, 2458, 2731, 2678, 2681, 2204, 1885, 1962, 2221, 1274, 1350, 1584, 1620, 1258, 936, 1181, 1275, 999, 1354, 1399, 994, 926, 1091, 983, 856, 997, 1427, 1310, 733, 856, 1034, 1022, 776, 822, 1176, 1175, 847, 790, 874, 784, 659, 774, 917, 797, 715, 678, 771, 809, 641, 783, 767, 675, 705, 745, 750, 624, 693, 743, 704, 714, 725, 647, 719, 692, 660, 716, 579, 763, 853, 669, 682, 719, 680, 798, 646, 782, 864, 668, 682, 729, 726, 879, 762, 679, 686, 684, 686, 702, 815, 758, 818, 677, 620, 696, 682, 655, 714, 641, 714, 751, 710, 665, 617, 735, 737, 604, 688, 780, 775, 704, 678, 912, 887, 690, 774, 710, 634, 583, 699, 771, 625, 837, 712, 678, 654, 663, 678, 628, 824, 989, 734, 708, 746, 759, 652, 799, 1063, 890, 808, 822, 824, 860, 792, 867, 939, 781, 695, 774, 1003, 807, 681, 897, 885, 611, 632, 717, 925, 756, 576, 840, 754, 631, 649, 632, 702, 753, 656, 722, 671, 673, 657, 580, 666, 732, 711, 781, 753, 750, 638, 590, 597, 653, 559, 562, 749, 679, 560, 626, 677, 671, 581, 539, 717, 661, 613, 746, 739, 634, 533, 649, 729, 722, 631, 730, 788, 760, 592, 660, 744, 656, 639, 649, 746, 716, 621, 882, 912, 932, 836, 1138, 1098, 852, 924, 1912, 1933, 1020, 985, 1455, 1212, 887, 1029, 2267, 2275, 701, 920, 1031, 845, 675, 936, 1612, 1471, 755, 823, 1120, 975, 579, 1006, 1664, 1515, 968, 856, 1096, 977, 740, 960, 1690, 1710, 753, 733, 817, 717, 720, 772, 1005, 970, 891, 965, 771, 707, 723, 870, 864, 730, 1095, 1229, 1007, 782, 791, 1137, 1144, 955, 965, 1467, 1433, 905, 744, 1200, 1379, 1033, 764, 1548, 1717, 1057, 700, 1118, 1558, 1269, 760, 1147, 1431, 1105, 791, 940, 1347, 1270, 746, 805, 727, 737, 707, 817, 927, 780, 673, 877, 871, 651, 730, 867, 952, 719, 658, 868, 934, 718, 665, 783, 830, 712, 608, 758, 857, 675, 613, 749, 796, 705, 582, 727, 781, 614, 569, 698, 770, 652, 503, 570, 597, 565, 516, 672, 791, 645, 391, 591, 534, 482, 453, 650, 835, 627, 595, 827, 768, 523, 596, 784, 836, 650, 648, 773, 767, 590, 636, 637, 634, 515, 579, 658, 654, 595, 540, 649, 583, 435, 407, 524, 564, 441, 396, 578, 595, 472, 411, 471, 485, 447, 502, 503, 448, 391, 421, 387, 414, 506, 541, 489, 429, 403, 376, 407, 543, 551, 411, 401, 520, 444]"
-0.19784316420555115,0.2940426766872406,-0.4433966279029846,0.22995106875896454,0.0,0.0,0.0,-0.9444489479064941,0.8497238159179688,22.5,-0.9192719459533691,0.8551597595214844,28.25,-0.8975281715393066,0.8593082427978516,27.0,-0.8847966194152832,0.8690357208251953,18.75,0.10669088363647461,-1.6488075256347656,17.25,"[573, 637, 648, 618, 603, 618, 648, 637, 493, 562, 681, 579, 606, 677, 622, 581, 485, 512, 552, 542, 584, 576, 482, 527, 509, 555, 523, 533, 551, 471, 437, 458, 495, 461, 477, 513, 588, 518, 476, 477, 568, 466, 452, 538, 598, 515, 552, 534, 565, 528, 454, 481, 534, 551, 459, 494, 530, 442, 445, 490, 519, 512, 523, 590, 583, 498, 418, 399, 445, 487, 493, 554, 478, 509, 582, 503, 459, 474, 574, 590, 430, 493, 598, 633, 603, 565, 558, 506, 548, 544, 608, 698, 701, 641, 616, 550, 478, 519, 625, 563, 567, 621, 614, 510, 469, 419, 520, 568, 553, 539, 536, 468, 546, 482, 467, 556, 635, 594, 512, 505, 550, 549, 509, 535, 547, 536, 530, 546, 520, 543, 524, 539, 555, 580, 523, 503, 624, 598, 505, 533, 639, 687, 605, 555, 583, 634, 550, 570, 611, 576, 506, 497, 582, 657, 600, 556, 611, 567, 493, 494, 581, 642, 560, 558, 654, 525, 532, 543, 559, 590, 530, 511, 539, 550, 632, 606, 554, 593, 586, 546, 523, 545, 553, 560, 614, 635, 671, 582, 552, 611, 610, 637, 571, 582, 657, 600, 545, 552, 569, 636, 618, 628, 584, 559, 507, 553, 554, 499, 639, 660, 594, 460, 517, 576, 534, 509, 578, 560, 575, 534, 505, 516, 530, 600, 609, 634, 547, 512, 496, 509, 576, 579, 563, 582, 524, 571, 574, 560, 539, 546, 449, 552, 536, 578, 549, 491, 502, 454, 582, 619, 565, 519, 558, 607, 590, 512, 564, 530, 449, 492, 580, 602, 579, 533, 576, 560, 570, 617, 613, 480, 566, 647, 601, 534, 554, 600, 550, 497, 545, 612, 553, 534, 485, 466, 541, 590, 459, 423, 498, 566, 550, 517, 536, 585, 541, 493, 504, 509, 547, 611, 558, 517, 588, 580, 513, 559, 648, 582, 534, 642, 634, 578, 593, 541, 621, 668, 649, 603, 516, 625, 519, 457, 582, 606, 604, 577, 477, 594, 661, 628, 601, 573, 660, 662, 585, 658, 681, 613, 652, 653, 623, 544, 583, 661, 562, 625, 708, 637, 599, 626, 616, 554, 1269, 849, 988, 929, 865, 754, 1238, 1574, 4566, 2427, 4365, 3322, 2611, 2194, 6060, 7556, 8373, 4412, 9124, 6934, 4724, 3725, 12037, 14816, 7051, 4090, 8407, 6574, 3951, 3473, 10693, 12866, 2917, 1956, 3756, 3121, 1706, 1709, 4331, 5141, 1239, 904, 1268, 1286, 914, 877, 1429, 1700, 3107, 1626, 3003, 2473, 1898, 1644, 4194, 5169, 5692, 2876, 5893, 4735, 3797, 2934, 9478, 10992, 3784, 2478, 4596, 4823, 3121, 2869, 8301, 8698, 1871, 1817, 3427, 3259, 1572, 1771, 3975, 4052, 1013, 1320, 2063, 1650, 825, 895, 1772, 1929, 968, 1645, 1805, 1090, 679, 913, 1561, 1402, 1651, 2915, 2621, 1144, 1023, 1342, 1889, 1365, 1975, 3396, 3063, 1638, 1354, 1750, 2061, 1682, 1455, 3212, 3508, 1904, 1092, 1583, 2409, 2133, 1590, 3892, 4340, 2479, 1124, 1880, 2923, 2590, 2246, 4106, 5066, 3385, 1319, 2539, 4570, 4470, 2265, 4640, 5991, 3771, 1331, 2796, 5309, 5068, 1459, 2939, 3662, 2282, 966, 1777, 3093, 2859, 874, 1160, 1409, 1037, 678, 903, 1154, 1133, 512, 634, 765, 641, 505, 675, 731, 676, 598, 802, 837, 576, 607, 705, 710, 661, 1637, 2684, 2216, 822, 1327, 1444, 1295, 748, 3196, 5768, 4660, 1154, 2519, 2652, 2532, 1119, 3177, 5901, 4817, 1200, 2423, 2596, 2658, 1193, 1827, 3138, 2698, 1219, 1501, 1487, 1508, 1128, 2832, 2761, 2583, 2864, 2588, 2185, 1638, 2287, 5686, 5470, 5550, 5906, 5055, 4639, 4059, 4829, 6130, 6031, 5970, 5862, 4792, 5129, 4709, 5175, 4537, 4167, 4167, 3781, 3153, 3925, 3319, 3516, 3675, 3242, 2697, 2460, 2251, 2935, 2319, 2406, 1968, 1821, 1713, 1534, 1383, 1885, 1622, 1485, 1169, 1068, 1153, 1058, 864, 1142, 1049, 994, 956, 960, 970, 855, 694, 861, 860, 775, 762, 852, 792, 812, 719, 814, 804, 717, 757, 763, 716, 768, 760, 759, 762, 733, 713, 682, 762, 859, 752, 667, 819, 760, 830, 809, 866, 873, 793, 727, 757, 802, 722, 829, 804, 713, 613, 698, 768, 680, 593, 738, 722, 612, 534, 669, 687, 585, 621, 682, 746, 730, 514, 588, 702, 591, 733, 658, 721, 794, 643, 561, 750, 709, 721, 740, 668, 765, 689, 679, 814, 668, 648, 697, 722, 635, 629, 688, 777, 677, 579, 661, 684, 653, 578, 514, 636, 631, 856, 837, 782, 749, 669, 734, 733, 857, 1013, 882, 826, 884, 880, 686, 776, 975, 770, 634, 733, 874, 853, 656, 755, 885, 687, 609, 758, 810, 682, 609, 723, 729, 608, 695, 668, 663, 652, 606, 693, 587, 654, 604, 626, 706, 603, 635, 730, 680, 743, 673, 586, 613, 603, 713, 670, 678, 728, 622, 618, 702, 631, 570, 558, 683, 721, 578, 559, 696, 629, 527, 594, 705, 623, 600, 604, 636, 575, 632, 703, 590, 691, 642, 660, 680, 606, 665, 697, 652, 664, 620, 657, 743, 684, 587, 695, 738, 865, 819, 807, 833, 852, 736, 830, 971, 801, 860, 958, 941, 792, 798, 1216, 1217, 1070, 852, 1307, 1358, 1093, 860, 1894, 2095, 1081, 919, 1250, 1102, 1047, 818, 1783, 2064, 828, 745, 881, 875, 737, 879, 1156, 1127, 890, 779, 1108, 1178, 863, 853, 1278, 1152, 880, 900, 1082, 993, 754, 955, 1233, 1057, 835, 911, 940, 786, 650, 777, 1165, 1122, 973, 1950, 2028, 1316, 898, 1301, 1924, 1596, 1000, 2168, 2336, 1448, 1029, 1424, 2250, 1928, 977, 1546, 1646, 1117, 938, 1072, 1633, 1478, 887, 987, 1135, 879, 723, 807, 1023, 1068, 871, 876, 1090, 932, 669, 769, 1255, 1341, 962, 1207, 1301, 910, 685, 952, 1476, 1424, 845, 1138, 1099, 894, 714, 903, 1337, 1191, 707, 846, 859, 785, 631, 734, 1050, 948, 705, 719, 884, 758, 548, 645, 933, 972, 803, 823, 931, 833, 661, 785, 981, 952, 812, 774, 936, 893, 594, 631, 802, 811, 690, 787, 817, 665, 513, 652, 741, 647, 613, 726, 665, 518, 448, 599, 649, 519, 524, 607, 599, 494, 392, 485, 534, 490, 521, 518, 553, 484, 403, 509, 589, 563, 412, 364, 398, 454, 449, 397, 452, 423, 476, 372, 472, 514, 424, 424, 526, 561, 528, 519, 495, 515, 483, 561, 567, 515, 494, 488, 459, 493, 492, 483, 490, 454]"
-0.1748480498790741,0.2940426766872406,-0.4433966279029846,0.22995106875896454,0.0,0.0,0.0,-0.7486181259155273,-1.771688461303711,19.5,-0.6978349685668945,0.5772113800048828,21.25,-0.6364660263061523,-1.7649650573730469,18.25,-0.5931215286254883,0.47607421875,21.25,-0.48840808868408203,0.3756523132324219,17.75,"[686, 561, 601, 652, 637, 656, 598, 560, 557, 565, 593, 662, 623, 679, 681, 551, 545, 583, 595, 561, 589, 602, 558, 539, 547, 501, 533, 533, 496, 506, 546, 578, 524, 525, 488, 476, 459, 469, 482, 544, 607, 571, 484, 546, 585, 498, 416, 523, 639, 613, 504, 549, 630, 558, 430, 546, 634, 535, 440, 513, 593, 527, 479, 597, 523, 512, 413, 425, 515, 506, 428, 419, 536, 555, 520, 516, 560, 586, 491, 467, 557, 595, 530, 490, 538, 616, 552, 480, 548, 544, 500, 506, 522, 577, 526, 505, 521, 532, 558, 511, 525, 568, 513, 507, 687, 584, 521, 584, 503, 550, 547, 537, 571, 477, 478, 582, 615, 602, 610, 637, 549, 485, 509, 556, 497, 496, 682, 670, 567, 503, 506, 562, 499, 530, 623, 579, 591, 576, 505, 506, 561, 554, 537, 507, 563, 551, 557, 512, 492, 537, 478, 532, 559, 614, 558, 550, 504, 524, 584, 611, 501, 607, 538, 425, 477, 527, 527, 461, 536, 553, 564, 501, 527, 581, 536, 533, 632, 586, 618, 485, 486, 645, 571, 577, 608, 585, 580, 481, 496, 583, 601, 620, 487, 536, 557, 566, 552, 478, 581, 582, 549, 591, 534, 598, 593, 539, 645, 633, 450, 570, 601, 529, 506, 545, 602, 539, 490, 557, 533, 509, 495, 606, 594, 503, 451, 490, 513, 521, 511, 565, 580, 511, 592, 545, 531, 591, 613, 633, 564, 535, 556, 571, 454, 539, 664, 635, 551, 495, 525, 578, 505, 518, 564, 504, 478, 454, 556, 535, 463, 490, 521, 506, 420, 508, 601, 641, 615, 568, 493, 510, 479, 587, 554, 607, 582, 572, 580, 584, 526, 541, 567, 583, 568, 529, 556, 586, 562, 529, 665, 664, 485, 506, 537, 539, 541, 500, 733, 621, 507, 517, 669, 682, 536, 584, 505, 457, 633, 685, 581, 517, 513, 573, 541, 630, 774, 738, 635, 566, 612, 671, 528, 569, 651, 537, 598, 590, 544, 606, 544, 578, 505, 542, 658, 579, 449, 531, 590, 534, 515, 533, 565, 475, 414, 539, 713, 569, 709, 624, 648, 637, 575, 771, 1854, 984, 2027, 1743, 971, 781, 1992, 2828, 3646, 2471, 5025, 3969, 1779, 1571, 5209, 6586, 3315, 3125, 5447, 4060, 1764, 2029, 5666, 6613, 1931, 2503, 3906, 2773, 1202, 1692, 4104, 4389, 1106, 1583, 2211, 1591, 784, 1178, 2345, 2362, 1017, 887, 1102, 1050, 805, 796, 1145, 1333, 1371, 722, 1201, 1197, 883, 668, 1230, 1716, 3028, 2418, 4755, 3587, 1532, 1504, 4735, 5749, 3482, 3901, 6715, 4645, 1717, 2635, 7131, 7887, 1984, 2803, 4152, 2701, 1072, 2006, 4457, 4630, 929, 1853, 2180, 1314, 710, 1396, 2118, 1806, 1475, 3215, 2934, 1238, 1177, 1744, 2359, 1414, 2525, 5148, 4420, 1577, 1669, 2239, 3095, 1582, 1921, 3890, 3519, 1598, 1310, 1952, 2675, 1562, 1230, 2537, 2687, 1548, 877, 1780, 2298, 1545, 2384, 4960, 5227, 2950, 1630, 2695, 3461, 2908, 2759, 5767, 6197, 3345, 1893, 2728, 3832, 3306, 1874, 4478, 4956, 2900, 1351, 2195, 3490, 3039, 1323, 3301, 3727, 2208, 892, 1874, 3116, 2786, 1098, 2360, 2668, 1588, 723, 1371, 2299, 2047, 836, 1692, 1667, 853, 668, 961, 1358, 1062, 936, 1346, 1228, 697, 825, 813, 851, 807, 1165, 2193, 2104, 1052, 1022, 1361, 1395, 1040, 1714, 2970, 2657, 1316, 1514, 1933, 1674, 1132, 1905, 3577, 3637, 2040, 1860, 2754, 2603, 1833, 4992, 7223, 7975, 4854, 2880, 6079, 5903, 3916, 5799, 8499, 8764, 5397, 2875, 6486, 6348, 4322, 3189, 4918, 4387, 2387, 1762, 2907, 3066, 2202, 1509, 2237, 2097, 1241, 1077, 1304, 1171, 1134, 926, 1329, 1494, 972, 752, 962, 967, 989, 950, 1162, 1114, 856, 736, 820, 802, 703, 863, 1087, 1025, 765, 686, 779, 643, 635, 824, 941, 923, 766, 789, 818, 724, 700, 692, 1080, 1134, 807, 720, 934, 947, 715, 725, 1083, 1060, 825, 733, 953, 1040, 875, 773, 967, 914, 728, 699, 831, 959, 883, 692, 928, 832, 581, 572, 695, 769, 656, 770, 797, 746, 587, 617, 694, 749, 730, 777, 831, 803, 763, 644, 663, 754, 744, 884, 955, 814, 727, 734, 689, 711, 734, 668, 808, 717, 729, 764, 645, 649, 669, 776, 773, 775, 846, 888, 770, 662, 693, 807, 703, 635, 807, 853, 712, 612, 696, 690, 649, 548, 601, 681, 684, 631, 687, 696, 676, 625, 683, 722, 629, 613, 651, 737, 735, 669, 718, 832, 795, 631, 661, 726, 748, 632, 604, 772, 748, 577, 630, 667, 715, 622, 668, 662, 711, 692, 667, 747, 722, 544, 667, 704, 644, 734, 779, 886, 717, 661, 730, 728, 601, 652, 902, 797, 712, 675, 678, 640, 566, 626, 699, 675, 661, 626, 655, 616, 630, 606, 598, 655, 595, 585, 690, 616, 445, 512, 589, 795, 696, 654, 828, 687, 589, 634, 680, 834, 645, 806, 957, 744, 664, 673, 719, 741, 682, 739, 831, 715, 745, 695, 690, 683, 702, 580, 618, 627, 623, 680, 632, 753, 612, 515, 590, 543, 561, 584, 644, 892, 712, 687, 722, 654, 722, 681, 858, 1086, 817, 1069, 1010, 676, 788, 1157, 1320, 1036, 757, 1260, 1197, 764, 746, 1285, 1445, 1003, 859, 1013, 942, 908, 849, 1237, 1339, 1532, 1200, 1428, 1209, 1073, 1094, 1667, 1929, 1318, 1226, 1214, 1020, 862, 944, 1608, 1795, 992, 1103, 1098, 878, 758, 941, 1451, 1458, 1041, 1216, 1229, 927, 790, 1047, 1271, 1382, 999, 1130, 1434, 980, 808, 1022, 1437, 1517, 935, 934, 1330, 1094, 814, 844, 1309, 1428, 713, 940, 1196, 1011, 708, 763, 985, 1013, 897, 1087, 1259, 1091, 813, 882, 1103, 1246, 977, 805, 990, 929, 777, 636, 1051, 1347, 787, 633, 691, 809, 712, 613, 811, 957, 806, 823, 715, 657, 607, 698, 803, 775, 840, 816, 689, 683, 628, 734, 701, 702, 810, 738, 686, 711, 704, 686, 617, 706, 617, 537, 660, 650, 561, 621, 696, 698, 606, 704, 690, 516, 448, 606, 739, 668, 571, 641, 629, 580, 530, 564, 627, 525, 576, 649, 626, 526, 506, 540, 569, 589, 596, 660, 578, 626, 571, 486, 640, 606, 401, 450, 566, 643, 489, 437, 609, 534, 453, 524, 587, 618, 580, 543, 592, 516, 487, 531, 566, 512, 481, 553, 554, 511, 513, 551, 539, 468, 449, 532, 593, 572]"
-0.27101102471351624,0.11771281063556671,-0.1834835708141327,0.0668410211801529,-0.4574441611766815,0.6569889187812805,-0.1564907282590866,-0.38883936405181885,0.528717041015625,17.75,-0.3120208978652954,-0.3742218017578125,22.75,-0.30529749393463135,-0.3172874450683594,18.0,-0.2935672998428345,-0.3238677978515625,22.75,-0.2859855890274048,-0.32787322998046875,18.25,"[503, 567, 569, 538, 521, 535, 565, 561, 532, 559, 567, 645, 637, 543, 551, 589, 503, 609, 666, 573, 569, 609, 589, 532, 477, 487, 569, 529, 486, 548, 562, 496, 536, 517, 502, 511, 511, 544, 563, 558, 541, 530, 508, 477, 483, 508, 537, 549, 466, 503, 509, 472, 563, 551, 475, 461, 553, 548, 578, 533, 554, 630, 527, 484, 477, 454, 526, 524, 492, 505, 500, 538, 472, 501, 620, 585, 507, 562, 504, 464, 559, 600, 575, 545, 560, 560, 522, 498, 503, 491, 545, 527, 525, 579, 533, 527, 587, 533, 466, 440, 499, 626, 571, 563, 531, 569, 531, 516, 559, 695, 661, 541, 500, 456, 502, 549, 542, 561, 585, 589, 606, 498, 579, 643, 603, 624, 717, 705, 509, 530, 528, 479, 476, 532, 589, 524, 514, 615, 536, 488, 535, 560, 523, 500, 507, 512, 635, 589, 473, 516, 635, 591, 579, 538, 630, 671, 622, 598, 609, 632, 647, 578, 557, 501, 544, 646, 575, 634, 631, 527, 489, 547, 535, 613, 595, 561, 568, 574, 644, 634, 507, 596, 563, 539, 535, 522, 599, 623, 559, 622, 620, 561, 512, 473, 487, 577, 506, 539, 589, 542, 597, 541, 482, 477, 495, 565, 597, 563, 566, 561, 565, 510, 498, 556, 475, 536, 493, 496, 503, 570, 542, 522, 577, 563, 650, 609, 601, 552, 420, 553, 586, 605, 569, 565, 536, 522, 506, 556, 563, 563, 535, 583, 618, 567, 486, 513, 525, 462, 551, 578, 624, 546, 461, 481, 545, 524, 535, 497, 563, 549, 399, 406, 487, 470, 465, 523, 531, 484, 409, 427, 445, 394, 518, 518, 577, 544, 590, 585, 505, 522, 665, 562, 589, 611, 612, 575, 496, 621, 555, 478, 498, 528, 566, 494, 517, 533, 550, 502, 593, 609, 553, 580, 579, 531, 502, 538, 561, 572, 533, 589, 566, 472, 524, 521, 544, 574, 493, 519, 597, 503, 573, 558, 515, 544, 486, 528, 580, 498, 625, 602, 518, 545, 524, 550, 586, 536, 624, 629, 584, 536, 546, 527, 502, 539, 585, 688, 684, 537, 629, 703, 625, 646, 893, 1399, 1565, 1046, 759, 1081, 1363, 1274, 1697, 3704, 4400, 2592, 1129, 2410, 4075, 3578, 1678, 6410, 7581, 4116, 1034, 3676, 6628, 5505, 1239, 6420, 7444, 3911, 789, 3460, 6217, 4938, 963, 3999, 4533, 2337, 774, 2176, 3729, 2928, 623, 1669, 1916, 1198, 655, 1078, 1624, 1307, 496, 772, 880, 740, 630, 647, 690, 632, 718, 1008, 1099, 814, 707, 750, 801, 719, 1397, 3477, 4024, 2210, 1070, 1716, 3213, 2866, 1894, 6389, 7364, 3869, 1239, 3383, 6564, 5603, 1612, 5485, 5896, 2816, 1019, 3442, 6083, 4834, 1369, 3107, 3033, 1505, 963, 2055, 3095, 2276, 1274, 2027, 1862, 1100, 918, 1409, 1586, 1071, 1463, 2512, 2204, 970, 1072, 1530, 1726, 1025, 2010, 3917, 3484, 1290, 1337, 2147, 2668, 1453, 2215, 5019, 4664, 1798, 1536, 2754, 3429, 1957, 1809, 4403, 4326, 1820, 1292, 2560, 3125, 1934, 1412, 2933, 2785, 1279, 1131, 1973, 2223, 1329, 1338, 3042, 3089, 1416, 1029, 1560, 1908, 1427, 1577, 3653, 3465, 1375, 1088, 1567, 2260, 1474, 1580, 2986, 2711, 1162, 1084, 1661, 1833, 1135, 1343, 2315, 2205, 1209, 1208, 1499, 1289, 1037, 1228, 1972, 2075, 1338, 1134, 1238, 1196, 1089, 1757, 2836, 3113, 1971, 1220, 1636, 1725, 1495, 2707, 5590, 5736, 2642, 1826, 2910, 2825, 2044, 2388, 4546, 4423, 2046, 1522, 2492, 2516, 1785, 1235, 1701, 1556, 1004, 1046, 1342, 1422, 1083, 1026, 1225, 1105, 736, 757, 875, 854, 685, 888, 1212, 1167, 792, 713, 936, 930, 627, 916, 1352, 1253, 687, 877, 1178, 1089, 726, 861, 1306, 1187, 654, 810, 1041, 1097, 759, 914, 1413, 1288, 740, 749, 1026, 1122, 797, 743, 1217, 1145, 731, 642, 798, 1009, 739, 669, 893, 798, 623, 658, 636, 720, 539, 574, 745, 774, 604, 679, 631, 605, 593, 607, 833, 862, 689, 743, 706, 654, 631, 748, 1005, 937, 707, 822, 689, 571, 705, 939, 1187, 1084, 846, 982, 900, 627, 777, 925, 1211, 1130, 817, 1055, 931, 688, 782, 748, 930, 940, 827, 821, 679, 637, 671, 650, 722, 710, 675, 615, 672, 687, 625, 688, 687, 704, 654, 647, 675, 742, 767, 753, 684, 728, 732, 715, 704, 887, 882, 743, 752, 722, 772, 777, 732, 800, 762, 605, 668, 701, 723, 654, 604, 693, 671, 609, 610, 655, 594, 541, 546, 572, 659, 695, 561, 493, 537, 559, 565, 587, 696, 687, 540, 434, 500, 694, 751, 640, 624, 649, 635, 472, 544, 642, 640, 635, 592, 599, 549, 587, 628, 710, 698, 675, 599, 632, 633, 712, 679, 610, 767, 723, 604, 674, 645, 641, 634, 567, 618, 723, 664, 605, 596, 642, 659, 617, 620, 557, 600, 550, 670, 687, 661, 674, 677, 615, 502, 564, 592, 691, 602, 634, 674, 640, 553, 581, 613, 740, 723, 608, 670, 757, 670, 669, 582, 607, 606, 561, 552, 631, 673, 807, 668, 556, 679, 729, 590, 623, 782, 754, 729, 675, 694, 676, 693, 682, 725, 614, 669, 630, 610, 657, 722, 651, 589, 637, 782, 723, 671, 645, 755, 833, 791, 960, 1055, 1059, 976, 836, 849, 1200, 1275, 1068, 1090, 1147, 1054, 870, 955, 1438, 1412, 860, 995, 1184, 959, 746, 941, 1334, 1256, 801, 998, 1352, 969, 683, 999, 1401, 1356, 1004, 980, 1530, 1160, 757, 881, 1630, 1733, 802, 939, 1178, 958, 735, 896, 1440, 1376, 683, 918, 869, 698, 800, 844, 1047, 949, 739, 929, 1133, 968, 745, 793, 1105, 1151, 707, 851, 1164, 999, 625, 782, 971, 933, 694, 801, 800, 718, 629, 721, 825, 760, 677, 740, 735, 606, 508, 529, 676, 663, 795, 867, 798, 648, 538, 573, 785, 772, 787, 752, 731, 656, 611, 727, 884, 821, 868, 770, 663, 638, 571, 772, 754, 609, 712, 767, 669, 617, 510, 819, 881, 633, 628, 884, 771, 503, 514, 766, 847, 595, 607, 823, 770, 526, 473, 656, 728, 637, 692, 662, 608, 599, 577, 597, 644, 640, 738, 688, 528, 519, 586, 661, 676, 650, 554, 509, 469, 474, 519, 590, 585, 532, 479, 512, 494, 496, 426, 516, 590, 480, 489, 508, 533, 433, 342, 404, 528, 517, 456, 462, 486, 459, 388, 373, 480, 487]"
-0.5037443041801453,-0.12535537779331207,-0.17678523063659668,-0.3807316720485687,-0.8237022161483765,0.8131982088088989,-0.579670250415802,-0.4342271089553833,-1.4644145965576172,15.25,-0.32765400409698486,-0.7235527038574219,20.5,-0.3137780427932739,-0.6520271301269531,17.0,-0.2983285188674927,-0.6587505340576172,24.5,-0.2946091890335083,-0.6626129150390625,25.5,"[487, 569, 570, 553, 537, 549, 569, 568, 517, 604, 646, 669, 608, 582, 515, 511, 480, 505, 654, 634, 565, 559, 443, 510, 516, 437, 538, 623, 591, 412, 491, 572, 534, 477, 425, 533, 536, 398, 451, 471, 545, 564, 485, 536, 568, 538, 468, 507, 540, 575, 566, 561, 565, 512, 540, 509, 582, 681, 544, 589, 568, 527, 579, 531, 541, 539, 441, 524, 509, 423, 510, 518, 468, 499, 473, 495, 558, 476, 503, 545, 454, 493, 502, 424, 495, 507, 515, 521, 519, 571, 571, 551, 541, 519, 571, 535, 506, 534, 554, 541, 492, 472, 494, 518, 453, 468, 546, 503, 462, 578, 686, 591, 549, 520, 589, 516, 517, 608, 723, 691, 546, 596, 584, 526, 615, 627, 581, 574, 493, 572, 549, 538, 631, 627, 554, 503, 498, 532, 569, 692, 720, 643, 545, 578, 586, 536, 517, 577, 622, 551, 584, 593, 598, 567, 598, 608, 594, 545, 581, 642, 514, 494, 457, 495, 485, 448, 473, 551, 547, 596, 552, 488, 477, 564, 544, 482, 497, 549, 549, 544, 552, 450, 528, 586, 617, 620, 562, 624, 655, 565, 578, 658, 545, 566, 514, 582, 681, 584, 562, 570, 554, 544, 533, 616, 661, 701, 676, 627, 591, 622, 606, 600, 569, 630, 662, 551, 602, 612, 620, 593, 550, 545, 583, 641, 488, 590, 578, 547, 521, 548, 567, 528, 437, 590, 571, 573, 552, 571, 548, 404, 488, 551, 521, 510, 558, 504, 542, 527, 474, 563, 560, 502, 597, 506, 555, 544, 441, 524, 561, 540, 557, 530, 490, 473, 512, 503, 498, 533, 556, 507, 517, 510, 561, 561, 508, 566, 547, 504, 486, 520, 567, 495, 465, 583, 593, 557, 512, 548, 570, 515, 478, 532, 561, 496, 427, 485, 571, 571, 619, 556, 531, 544, 538, 530, 516, 484, 455, 501, 452, 507, 527, 516, 646, 558, 522, 604, 607, 606, 637, 623, 706, 672, 555, 525, 581, 679, 673, 675, 662, 631, 647, 569, 583, 666, 629, 665, 528, 479, 586, 588, 566, 575, 558, 530, 556, 507, 587, 550, 476, 565, 645, 632, 534, 496, 580, 505, 528, 652, 607, 583, 713, 872, 929, 633, 585, 733, 848, 793, 1245, 3453, 3720, 2003, 914, 1942, 3176, 2348, 2311, 8180, 8946, 4346, 1543, 3827, 6855, 5227, 2715, 9698, 10545, 5024, 1702, 4161, 7646, 5859, 1707, 5611, 5978, 2807, 1088, 2412, 4268, 3279, 704, 1732, 1865, 974, 550, 951, 1486, 1224, 600, 936, 838, 485, 503, 670, 813, 700, 556, 689, 690, 605, 556, 606, 685, 608, 571, 907, 957, 844, 661, 809, 921, 792, 698, 1372, 1385, 951, 693, 907, 1148, 957, 623, 1357, 1434, 873, 624, 879, 1257, 1105, 805, 1584, 1590, 808, 739, 783, 970, 951, 935, 1595, 1520, 769, 741, 979, 945, 714, 1028, 1485, 1274, 763, 842, 1175, 1118, 649, 954, 1133, 1108, 841, 642, 998, 900, 749, 1150, 1543, 1507, 912, 718, 1085, 1028, 757, 1488, 2724, 2491, 1122, 980, 1360, 1477, 829, 1412, 2772, 2580, 1157, 1007, 1882, 1906, 1019, 1885, 3329, 3172, 1493, 1537, 2745, 2482, 1326, 1573, 2804, 3021, 1549, 1375, 2162, 1947, 1409, 1071, 2231, 2466, 1231, 1242, 1663, 1256, 1002, 2993, 5750, 5358, 1910, 3072, 3723, 1892, 1281, 4785, 9235, 8517, 2848, 4521, 5416, 2550, 1826, 3254, 6695, 6368, 2262, 2907, 3617, 1818, 1355, 1129, 2250, 2233, 1018, 1111, 1269, 947, 844, 814, 1036, 918, 622, 770, 713, 716, 718, 902, 1203, 1038, 571, 771, 819, 801, 664, 832, 973, 856, 605, 631, 896, 814, 605, 704, 792, 736, 625, 638, 757, 668, 557, 759, 873, 813, 687, 703, 685, 654, 623, 780, 961, 819, 647, 700, 656, 658, 561, 697, 774, 744, 659, 677, 685, 698, 607, 767, 1008, 972, 731, 892, 902, 769, 643, 908, 1336, 1253, 723, 976, 1043, 830, 737, 1033, 1360, 1261, 902, 952, 953, 767, 730, 957, 1234, 1062, 865, 886, 788, 630, 631, 797, 953, 825, 778, 727, 690, 637, 582, 715, 795, 766, 727, 618, 600, 706, 584, 610, 681, 709, 724, 652, 663, 759, 633, 610, 641, 669, 770, 638, 644, 729, 652, 697, 706, 646, 629, 632, 668, 693, 607, 632, 698, 691, 635, 539, 590, 632, 586, 581, 662, 642, 595, 589, 557, 539, 483, 644, 655, 670, 551, 633, 682, 651, 550, 609, 700, 633, 578, 558, 663, 696, 591, 598, 602, 615, 575, 587, 607, 701, 661, 490, 571, 621, 596, 513, 498, 593, 565, 528, 577, 510, 493, 594, 649, 600, 524, 680, 675, 599, 561, 700, 725, 647, 579, 641, 625, 570, 657, 593, 606, 650, 635, 601, 572, 538, 558, 597, 609, 599, 602, 638, 596, 517, 449, 589, 576, 587, 617, 613, 623, 642, 588, 647, 618, 619, 655, 650, 617, 694, 666, 669, 798, 828, 741, 647, 646, 641, 622, 639, 760, 724, 650, 561, 531, 609, 574, 512, 603, 598, 529, 643, 603, 566, 603, 611, 650, 654, 616, 766, 665, 614, 638, 697, 751, 672, 675, 611, 701, 594, 508, 577, 640, 599, 556, 587, 745, 656, 543, 623, 654, 581, 531, 551, 713, 749, 636, 603, 616, 647, 615, 737, 842, 755, 684, 704, 845, 946, 793, 758, 922, 835, 594, 775, 1001, 1005, 876, 711, 736, 678, 543, 697, 772, 823, 898, 783, 800, 827, 736, 689, 793, 1047, 1015, 812, 891, 1088, 858, 673, 884, 1062, 1081, 647, 1250, 1324, 761, 623, 956, 1269, 1023, 681, 1341, 1286, 682, 614, 976, 1206, 914, 814, 1240, 1024, 598, 591, 963, 1158, 749, 657, 1023, 898, 653, 604, 846, 1012, 735, 557, 684, 632, 608, 645, 633, 697, 637, 598, 833, 799, 694, 591, 702, 757, 581, 614, 845, 897, 695, 556, 851, 955, 634, 732, 783, 722, 555, 662, 727, 816, 711, 694, 807, 741, 613, 581, 717, 698, 663, 596, 548, 613, 593, 565, 667, 716, 627, 567, 563, 601, 602, 574, 673, 663, 538, 492, 508, 523, 539, 550, 538, 487, 478, 530, 576, 471, 427, 526, 607, 562, 405, 601, 645, 540, 464, 469, 530, 487, 488, 508, 504, 478, 443, 409, 414, 417, 441, 441, 446, 383, 351, 387, 428, 425, 423, 445, 419, 408, 382, 384, 387, 410, 500]"
-0.5126268267631531,-0.3073641061782837,-0.3380112648010254,-0.2418632209300995,-0.7311505675315857,0.3357691764831543,-0.22429537773132324,-0.4221351146697998,-1.0259628295898438,15.25,-0.38308215141296387,-1.018381118774414,18.0,-0.1275928020477295,-0.44803619384765625,20.75,-0.1245887279510498,-0.44188499450683594,18.5,-0.11171412467956543,-0.4447460174560547,23.0,"[440, 545, 672, 612, 492, 609, 671, 547, 478, 522, 660, 657, 576, 584, 646, 562, 452, 462, 531, 600, 538, 543, 613, 547, 504, 388, 472, 571, 462, 434, 513, 521, 436, 476, 463, 456, 403, 448, 511, 481, 503, 505, 569, 597, 531, 568, 600, 547, 491, 431, 548, 612, 522, 551, 601, 568, 551, 549, 599, 509, 512, 645, 567, 513, 522, 538, 471, 421, 452, 593, 575, 482, 539, 469, 523, 592, 576, 521, 583, 605, 535, 552, 621, 558, 524, 529, 516, 559, 521, 637, 618, 441, 470, 563, 596, 549, 578, 600, 572, 495, 425, 535, 604, 601, 530, 522, 543, 582, 547, 546, 667, 681, 533, 594, 606, 604, 507, 500, 598, 539, 590, 587, 547, 536, 589, 591, 568, 586, 552, 547, 509, 543, 593, 490, 510, 557, 603, 547, 631, 655, 590, 534, 622, 688, 475, 562, 559, 585, 550, 574, 556, 551, 533, 573, 556, 504, 595, 595, 556, 539, 604, 618, 526, 495, 592, 579, 559, 509, 553, 633, 654, 548, 557, 549, 573, 577, 599, 571, 571, 516, 575, 621, 581, 556, 619, 619, 546, 455, 554, 617, 541, 536, 564, 570, 553, 518, 524, 595, 567, 547, 499, 597, 612, 512, 538, 566, 511, 527, 557, 552, 477, 485, 536, 582, 549, 554, 622, 590, 575, 468, 577, 663, 600, 629, 672, 582, 529, 569, 576, 567, 521, 614, 680, 632, 586, 597, 545, 555, 648, 642, 609, 533, 511, 484, 483, 470, 535, 611, 586, 535, 613, 576, 537, 581, 597, 605, 574, 558, 589, 585, 596, 599, 596, 638, 550, 606, 578, 506, 554, 503, 525, 542, 515, 627, 642, 436, 428, 507, 465, 457, 578, 534, 553, 530, 542, 498, 515, 618, 582, 522, 534, 634, 616, 516, 453, 555, 578, 479, 583, 679, 605, 557, 582, 597, 500, 534, 591, 643, 526, 550, 595, 534, 573, 624, 589, 532, 622, 635, 549, 479, 543, 643, 592, 544, 595, 603, 486, 458, 623, 616, 646, 642, 625, 571, 640, 617, 541, 543, 573, 653, 610, 534, 594, 573, 562, 491, 479, 534, 533, 478, 505, 593, 466, 432, 450, 487, 494, 521, 529, 564, 490, 501, 589, 593, 472, 533, 585, 552, 806, 1371, 1223, 615, 779, 1011, 1131, 744, 1964, 4751, 4462, 1791, 1416, 2608, 3740, 2292, 3044, 7755, 7332, 2868, 1828, 3885, 5932, 3544, 2638, 5986, 5427, 2075, 1559, 3017, 4389, 2456, 1511, 2814, 2415, 1010, 1091, 1619, 2012, 1079, 867, 1386, 1355, 767, 729, 973, 1091, 829, 687, 865, 761, 577, 572, 642, 647, 569, 1863, 2595, 1935, 893, 1160, 1246, 1465, 932, 6390, 10538, 8512, 3129, 3199, 4362, 6217, 3459, 10114, 17318, 13998, 4953, 4633, 7467, 10958, 6147, 7841, 12696, 9773, 3382, 3669, 6196, 8198, 4320, 4024, 6831, 5365, 2213, 3131, 4145, 3684, 1675, 2644, 4508, 3638, 1603, 2354, 2486, 2005, 1261, 1842, 2673, 2033, 921, 1497, 1500, 1253, 923, 1190, 1608, 1368, 872, 1105, 1112, 829, 765, 1050, 1491, 1393, 927, 955, 1066, 817, 771, 1229, 1801, 1527, 870, 923, 1250, 1206, 699, 1541, 2440, 2122, 919, 1170, 1623, 1539, 833, 1629, 3123, 2994, 1279, 1278, 2038, 2032, 1207, 1560, 3076, 2890, 1289, 1232, 1890, 2000, 1152, 1321, 2464, 2206, 956, 968, 1109, 1226, 810, 1113, 1660, 1584, 956, 946, 910, 711, 691, 882, 1331, 1312, 751, 774, 872, 757, 689, 766, 1206, 1349, 885, 694, 1044, 1017, 769, 850, 1235, 1439, 1121, 727, 1142, 1214, 921, 1041, 1334, 1227, 1024, 865, 1033, 1052, 769, 812, 985, 819, 834, 877, 791, 727, 672, 1007, 1346, 1176, 815, 958, 839, 751, 628, 1181, 1834, 1631, 770, 1009, 1155, 951, 632, 986, 1461, 1211, 648, 874, 994, 766, 517, 777, 926, 867, 679, 660, 750, 718, 644, 800, 1112, 1071, 842, 792, 853, 906, 755, 820, 1202, 1243, 900, 939, 985, 860, 710, 655, 951, 956, 692, 823, 912, 737, 654, 565, 740, 860, 686, 636, 729, 591, 644, 567, 744, 822, 678, 678, 730, 734, 617, 647, 626, 709, 688, 642, 674, 715, 697, 557, 566, 773, 749, 638, 704, 672, 584, 674, 556, 629, 658, 623, 570, 593, 583, 688, 683, 623, 642, 575, 583, 617, 590, 605, 728, 618, 532, 617, 645, 656, 495, 589, 721, 707, 625, 605, 676, 656, 552, 637, 731, 688, 570, 556, 579, 642, 584, 593, 751, 776, 645, 538, 630, 700, 517, 589, 572, 653, 634, 497, 534, 703, 685, 580, 665, 701, 606, 515, 595, 640, 574, 632, 749, 680, 602, 607, 629, 619, 552, 648, 741, 664, 571, 552, 673, 599, 554, 642, 644, 601, 622, 607, 665, 595, 533, 612, 640, 563, 585, 632, 623, 586, 494, 520, 533, 503, 577, 596, 482, 548, 551, 522, 495, 560, 531, 554, 685, 689, 597, 604, 653, 691, 527, 574, 842, 882, 667, 771, 779, 670, 535, 608, 724, 845, 832, 718, 617, 534, 562, 581, 572, 596, 725, 619, 540, 545, 595, 632, 567, 494, 556, 617, 590, 583, 580, 628, 607, 556, 608, 732, 627, 595, 623, 631, 611, 593, 757, 755, 652, 621, 609, 656, 672, 584, 710, 657, 674, 614, 546, 560, 504, 532, 538, 559, 645, 561, 496, 488, 550, 626, 553, 627, 549, 563, 642, 578, 643, 818, 802, 994, 1186, 916, 777, 786, 1157, 1301, 997, 968, 1561, 1278, 851, 796, 1534, 1867, 1254, 704, 1170, 1091, 758, 703, 1374, 1676, 1184, 813, 1025, 1008, 752, 719, 1107, 1300, 1017, 659, 818, 955, 805, 784, 810, 895, 779, 639, 687, 761, 733, 663, 665, 761, 724, 636, 792, 810, 667, 539, 667, 705, 678, 758, 912, 922, 768, 564, 661, 769, 709, 676, 734, 694, 685, 645, 641, 625, 616, 649, 648, 803, 704, 551, 720, 690, 665, 739, 698, 732, 681, 638, 734, 648, 699, 720, 756, 635, 564, 635, 705, 754, 740, 585, 639, 607, 483, 511, 540, 629, 611, 481, 580, 591, 553, 543, 484, 534, 540, 527, 512, 497, 511, 564, 500, 531, 545, 433, 514, 512, 488, 514, 525, 585, 525, 476, 539, 583, 527, 451, 442, 494, 510, 477, 476, 426, 467, 478, 432, 485, 493, 405, 395, 379, 374, 382, 403, 486, 433, 426, 461, 387, 355, 431, 444, 402, 385]"
-0.6120885014533997,-0.36853209137916565,-0.07133570313453674,-0.3423982858657837,-0.672244668006897,0.658698558807373,-0.2978360950946808,-0.3876817226409912,0.6996631622314453,17.75,-0.16995787620544434,0.3803730010986328,19.5,0.04247307777404785,-0.5578994750976562,21.0,0.09554505348205566,0.34432411193847656,17.25,0.6232607364654541,-0.3277301788330078,17.5,"[593, 596, 564, 539, 523, 539, 563, 593, 561, 566, 519, 549, 503, 526, 570, 573, 521, 588, 492, 546, 560, 429, 445, 504, 539, 550, 472, 473, 579, 595, 509, 529, 509, 446, 555, 551, 517, 542, 507, 538, 433, 520, 592, 558, 497, 522, 496, 470, 490, 580, 515, 525, 642, 575, 496, 422, 548, 617, 618, 663, 703, 627, 516, 544, 495, 521, 564, 539, 567, 562, 502, 500, 475, 451, 532, 595, 583, 493, 482, 462, 489, 490, 522, 491, 486, 553, 570, 529, 559, 596, 518, 503, 542, 539, 571, 507, 526, 535, 479, 492, 526, 511, 519, 522, 591, 614, 613, 660, 572, 506, 601, 557, 645, 610, 557, 612, 632, 566, 487, 554, 625, 629, 547, 450, 615, 622, 499, 536, 527, 634, 588, 494, 472, 434, 601, 585, 510, 547, 569, 497, 536, 508, 542, 592, 515, 598, 573, 521, 583, 552, 542, 552, 499, 562, 570, 594, 601, 580, 567, 547, 410, 539, 551, 500, 590, 595, 526, 434, 501, 622, 596, 528, 476, 573, 612, 475, 534, 610, 584, 592, 618, 507, 506, 550, 622, 523, 523, 546, 560, 505, 489, 623, 578, 533, 537, 536, 510, 513, 560, 650, 581, 451, 593, 514, 397, 452, 593, 731, 563, 509, 499, 450, 508, 544, 551, 594, 547, 527, 535, 509, 556, 582, 542, 534, 579, 606, 493, 619, 632, 556, 507, 483, 512, 513, 425, 499, 583, 555, 455, 509, 510, 561, 516, 496, 499, 525, 536, 469, 575, 598, 569, 512, 566, 509, 564, 618, 517, 470, 537, 538, 549, 524, 551, 597, 561, 499, 476, 535, 516, 483, 553, 608, 507, 469, 523, 493, 461, 548, 573, 547, 525, 442, 509, 542, 526, 611, 572, 536, 510, 550, 460, 454, 575, 584, 606, 588, 630, 645, 547, 519, 579, 563, 594, 610, 714, 739, 540, 513, 534, 605, 701, 632, 730, 664, 481, 524, 568, 579, 650, 657, 639, 510, 538, 555, 598, 623, 592, 626, 665, 608, 629, 587, 646, 605, 571, 632, 564, 626, 676, 549, 554, 623, 611, 568, 602, 646, 657, 502, 499, 648, 624, 581, 626, 711, 618, 544, 559, 576, 544, 535, 1303, 726, 1137, 1187, 867, 672, 1208, 1709, 2785, 1059, 3136, 2705, 1388, 910, 3419, 4618, 3331, 2374, 4532, 3484, 1591, 1482, 4582, 5693, 3038, 5344, 6400, 3941, 1504, 2392, 4966, 4915, 2745, 6894, 7596, 3940, 1505, 2647, 5156, 4426, 1709, 4424, 4737, 2513, 1045, 2158, 3626, 2773, 1614, 3475, 4442, 2636, 925, 1875, 3511, 3403, 2018, 4283, 6374, 4078, 939, 1905, 4961, 5551, 2056, 3949, 6072, 3870, 1185, 1897, 5055, 5654, 1101, 2396, 3164, 1897, 977, 1258, 2637, 2807, 1382, 2330, 2092, 1229, 1113, 1079, 1725, 1614, 1999, 3458, 3138, 1740, 1341, 1849, 3169, 2442, 1857, 3369, 3037, 1753, 1296, 2053, 3217, 2299, 1315, 2848, 2638, 1421, 1041, 1753, 2683, 1847, 1725, 2717, 2185, 996, 1227, 1796, 2040, 1043, 2773, 4559, 3855, 1819, 1604, 2826, 3327, 1844, 2976, 4984, 4561, 2231, 1653, 3368, 4106, 2706, 2325, 4083, 3876, 1815, 1515, 2583, 2912, 2278, 1493, 2336, 2263, 1120, 1032, 1352, 1470, 1334, 823, 1033, 1213, 932, 666, 678, 788, 926, 919, 1123, 994, 818, 817, 886, 819, 659, 942, 1581, 1469, 888, 840, 921, 974, 675, 901, 1824, 1927, 1054, 795, 986, 1108, 955, 1255, 1710, 1529, 1007, 1068, 1045, 1039, 837, 1892, 2555, 2445, 1689, 1478, 1669, 1690, 1405, 3642, 4497, 4861, 3675, 2374, 3497, 3508, 2854, 4352, 5759, 5631, 4264, 2661, 3544, 3778, 3379, 2540, 3862, 3555, 2373, 1670, 1635, 1841, 1937, 1110, 2207, 2202, 1196, 859, 991, 1246, 1087, 781, 1066, 1061, 734, 638, 812, 786, 712, 741, 865, 913, 725, 724, 763, 784, 717, 604, 778, 878, 734, 617, 747, 857, 652, 507, 715, 745, 667, 641, 764, 855, 651, 707, 780, 756, 748, 721, 854, 812, 717, 812, 728, 725, 634, 712, 788, 677, 757, 749, 744, 731, 626, 603, 642, 671, 755, 769, 840, 939, 787, 642, 748, 796, 751, 673, 839, 952, 867, 650, 683, 867, 853, 674, 746, 789, 862, 723, 769, 880, 783, 598, 612, 635, 702, 687, 694, 766, 766, 578, 577, 678, 641, 697, 669, 639, 699, 794, 670, 679, 786, 814, 780, 644, 761, 961, 676, 632, 784, 856, 783, 738, 948, 925, 766, 647, 770, 786, 734, 752, 861, 709, 748, 758, 733, 693, 719, 843, 763, 571, 652, 686, 689, 660, 617, 722, 636, 888, 886, 815, 749, 772, 740, 740, 772, 1129, 914, 838, 917, 852, 758, 910, 1131, 859, 742, 866, 852, 642, 616, 894, 997, 624, 589, 760, 754, 585, 595, 656, 697, 537, 658, 723, 580, 573, 660, 674, 693, 651, 596, 641, 594, 473, 538, 739, 776, 738, 639, 775, 692, 481, 629, 868, 830, 763, 701, 732, 714, 716, 701, 924, 944, 573, 510, 600, 646, 564, 602, 826, 778, 595, 584, 587, 698, 620, 558, 660, 629, 790, 762, 716, 810, 735, 597, 637, 742, 805, 711, 731, 799, 823, 534, 701, 811, 1242, 1174, 1632, 1397, 1059, 1033, 1911, 2084, 2047, 1494, 2732, 2565, 1639, 1419, 3254, 3608, 2215, 1348, 2578, 2748, 1808, 1174, 2761, 3316, 1555, 1064, 1775, 2018, 1383, 928, 1592, 1889, 1077, 1147, 1711, 1529, 1112, 1092, 1948, 2122, 845, 1173, 1424, 955, 752, 934, 1614, 1715, 827, 985, 976, 726, 718, 959, 1166, 1035, 867, 970, 1027, 940, 920, 992, 1215, 1117, 857, 733, 804, 885, 853, 751, 887, 1008, 754, 802, 1197, 1057, 673, 805, 1211, 1205, 1013, 912, 1193, 1131, 804, 827, 1272, 1420, 1026, 888, 803, 865, 814, 765, 1035, 1175, 783, 755, 735, 644, 609, 749, 819, 859, 686, 706, 716, 579, 456, 648, 801, 761, 574, 764, 718, 550, 469, 785, 971, 720, 593, 832, 878, 602, 539, 716, 847, 743, 550, 708, 803, 632, 531, 583, 777, 717, 538, 702, 778, 664, 537, 732, 804, 718, 592, 672, 704, 558, 510, 652, 711, 602, 618, 573, 529, 557, 551, 582, 564, 505, 558, 528, 533, 539, 566, 603, 522, 473, 462, 495, 536, 494, 504, 554, 555, 540, 448, 436, 494, 501, 495, 488, 450, 432, 449, 517, 601, 506, 463, 634, 552, 440, 439, 433, 540, 501, 480, 474, 461, 532]"
-0.608481764793396,-0.40507638454437256,0.36647143959999084,-0.22602087259292603,-0.5597419142723083,1.014794111251831,-0.1126829981803894,-1.4488048553466797,1.1578559875488281,19.5,-1.1174983978271484,1.1119365692138672,22.75,-1.0618515014648438,2.4747848510742188,16.0,0.022619247436523438,2.3928165435791016,15.25,0.5198650360107422,2.0400524139404297,16.75,"[549, 521, 555, 628, 703, 630, 556, 521, 580, 602, 560, 597, 620, 545, 502, 516, 534, 640, 625, 531, 538, 519, 515, 533, 588, 537, 540, 462, 538, 553, 491, 551, 544, 517, 433, 458, 550, 579, 482, 466, 551, 501, 627, 646, 529, 504, 555, 573, 527, 518, 660, 634, 384, 476, 579, 530, 472, 653, 669, 628, 559, 518, 641, 527, 490, 581, 644, 551, 485, 448, 522, 527, 467, 583, 591, 529, 531, 599, 597, 501, 462, 543, 530, 544, 472, 527, 569, 444, 583, 546, 468, 562, 521, 481, 498, 513, 622, 528, 441, 479, 526, 540, 471, 587, 597, 559, 526, 481, 546, 530, 532, 557, 564, 519, 538, 532, 522, 522, 592, 648, 560, 508, 532, 565, 501, 464, 518, 558, 443, 505, 525, 507, 515, 504, 488, 495, 586, 535, 556, 626, 592, 604, 596, 551, 569, 524, 526, 525, 571, 620, 527, 491, 611, 594, 560, 431, 560, 655, 574, 584, 561, 610, 582, 492, 565, 591, 564, 524, 572, 566, 575, 571, 596, 579, 585, 621, 639, 564, 579, 635, 601, 575, 603, 622, 614, 631, 587, 575, 556, 578, 600, 595, 574, 474, 484, 507, 534, 489, 533, 618, 517, 536, 502, 461, 494, 509, 473, 467, 490, 500, 557, 545, 493, 500, 536, 484, 504, 546, 550, 614, 584, 603, 637, 509, 488, 482, 479, 538, 526, 522, 526, 461, 530, 549, 498, 483, 495, 519, 490, 482, 465, 568, 541, 522, 464, 504, 504, 436, 639, 546, 555, 525, 520, 535, 507, 585, 603, 495, 483, 535, 514, 483, 487, 563, 551, 459, 514, 615, 611, 520, 507, 564, 614, 601, 571, 554, 577, 534, 573, 638, 625, 573, 571, 516, 508, 534, 580, 615, 559, 419, 505, 542, 499, 469, 459, 558, 686, 473, 479, 523, 536, 535, 438, 626, 689, 650, 595, 618, 553, 557, 512, 606, 697, 618, 549, 570, 567, 593, 470, 579, 707, 564, 582, 667, 589, 544, 468, 631, 646, 605, 682, 681, 683, 646, 558, 639, 595, 544, 555, 538, 697, 580, 516, 609, 676, 597, 556, 577, 603, 559, 559, 636, 603, 560, 574, 588, 558, 508, 495, 602, 636, 543, 634, 619, 578, 537, 545, 682, 1443, 762, 966, 977, 948, 698, 1182, 1772, 4051, 1202, 3051, 2838, 1996, 919, 3845, 5707, 5646, 1542, 4644, 4257, 2649, 1331, 5829, 8314, 4845, 1584, 3872, 3582, 2746, 1549, 5144, 7204, 3241, 1194, 2431, 2476, 2101, 1020, 3111, 4546, 6614, 1796, 6731, 6294, 3026, 1370, 6948, 10094, 10507, 4410, 12823, 10964, 4715, 3144, 13704, 18144, 7744, 4561, 10661, 8463, 3833, 3545, 12082, 14744, 2983, 2241, 4232, 3234, 1872, 2052, 5403, 6053, 1050, 1187, 1612, 1286, 878, 1102, 1808, 1794, 1716, 4329, 4948, 2709, 1247, 2223, 3744, 3010, 4519, 11028, 11605, 5606, 2635, 5612, 9139, 6691, 6183, 15076, 16068, 7986, 2988, 8317, 13929, 10887, 4063, 11146, 12087, 6003, 1789, 6752, 11529, 9019, 1520, 3967, 4373, 2255, 893, 2714, 4579, 3674, 825, 1150, 1451, 1216, 854, 1120, 1478, 1321, 927, 1331, 1508, 1077, 686, 1023, 1522, 1364, 742, 1317, 1413, 902, 546, 985, 1444, 1240, 591, 992, 1058, 688, 593, 804, 1107, 944, 692, 1077, 1037, 699, 817, 785, 933, 923, 886, 1879, 1703, 789, 1129, 1114, 1268, 960, 1203, 2543, 2304, 919, 1158, 1343, 1418, 924, 1265, 2227, 2058, 1006, 1074, 1347, 1291, 885, 1195, 2193, 2238, 1163, 1023, 1537, 1635, 1034, 1145, 2080, 2037, 1038, 943, 1447, 1673, 1125, 1094, 1780, 1658, 1018, 817, 1250, 1377, 969, 1805, 2056, 2360, 2210, 1485, 1500, 1784, 1678, 3100, 3073, 4228, 4531, 2843, 2700, 3156, 2936, 3151, 3704, 4965, 4974, 2962, 2881, 3604, 2860, 2438, 3107, 3855, 3519, 2075, 2048, 2691, 2020, 1618, 2135, 2144, 1872, 1358, 1482, 1870, 1407, 1206, 1383, 1137, 1140, 956, 1226, 1513, 1154, 1034, 1151, 1190, 1222, 919, 993, 1288, 1057, 785, 915, 1042, 1011, 760, 772, 1049, 912, 662, 739, 1020, 1016, 677, 792, 976, 852, 700, 646, 932, 881, 661, 797, 893, 805, 784, 699, 650, 662, 641, 712, 764, 736, 658, 689, 573, 644, 630, 643, 688, 656, 673, 677, 623, 633, 664, 611, 613, 667, 785, 665, 751, 734, 729, 762, 637, 800, 823, 764, 751, 714, 789, 833, 607, 706, 707, 722, 707, 677, 687, 681, 626, 662, 674, 753, 725, 724, 711, 768, 821, 693, 917, 914, 703, 648, 825, 823, 939, 1001, 800, 753, 725, 567, 701, 659, 812, 1038, 681, 677, 660, 595, 605, 682, 678, 681, 689, 663, 533, 533, 662, 639, 635, 627, 575, 561, 572, 626, 683, 575, 682, 765, 741, 789, 820, 736, 833, 787, 899, 937, 938, 854, 815, 720, 786, 783, 985, 1009, 661, 702, 702, 597, 627, 621, 711, 647, 637, 686, 651, 540, 556, 576, 584, 640, 635, 526, 604, 651, 574, 475, 548, 682, 908, 716, 695, 731, 618, 575, 652, 852, 781, 669, 642, 605, 507, 543, 671, 750, 697, 746, 639, 622, 646, 713, 681, 649, 1052, 973, 1111, 808, 882, 935, 1512, 1657, 2177, 1584, 2516, 1871, 1545, 1598, 3963, 4390, 2597, 1793, 2909, 2248, 1781, 1952, 4786, 5218, 1565, 1229, 1803, 1665, 1175, 1450, 3329, 3395, 1116, 624, 1121, 1252, 987, 708, 1686, 1925, 911, 777, 1004, 1056, 834, 667, 798, 998, 841, 784, 908, 852, 812, 697, 677, 874, 781, 833, 936, 800, 775, 686, 753, 833, 797, 926, 1004, 784, 628, 815, 927, 888, 739, 1235, 1465, 966, 670, 992, 1358, 1248, 619, 1206, 1355, 864, 696, 1028, 1375, 1121, 554, 656, 805, 741, 622, 822, 934, 752, 647, 801, 823, 672, 617, 700, 803, 759, 774, 774, 958, 827, 627, 609, 902, 1036, 623, 744, 1100, 851, 583, 666, 987, 1076, 680, 791, 898, 733, 674, 761, 1007, 919, 679, 635, 729, 651, 598, 639, 796, 820, 588, 583, 628, 636, 573, 545, 750, 722, 597, 585, 487, 490, 465, 466, 666, 632, 761, 680, 486, 483, 496, 523, 562, 632, 719, 673, 559, 516, 508, 503, 491, 553, 656, 603, 490, 537, 598, 575, 462, 522, 488, 465, 500, 517, 486, 505, 531, 503, 429, 420, 383, 405, 458, 496, 496, 440, 495, 493, 434, 392, 418, 491, 472, 406, 509, 505, 406, 396, 420, 464, 466, 450]"
-0.5983496308326721,-0.3856913447380066,0.4993337094783783,-0.15978021919727325,-0.4409119486808777,1.017428994178772,-0.019139550626277924,-1.5112254619598389,1.2691497802734375,22.5,-0.9267184734344482,1.0083675384521484,23.5,-0.8483264446258545,1.0374069213867188,-32.0,-0.7461879253387451,1.0448455810546875,-27.75,-0.6029937267303467,0.986480712890625,28.0,"[506, 504, 568, 541, 387, 542, 570, 504, 438, 549, 623, 644, 500, 606, 629, 456, 537, 454, 595, 628, 551, 555, 602, 599, 647, 548, 492, 577, 595, 513, 521, 604, 516, 533, 491, 577, 575, 557, 577, 516, 576, 623, 538, 562, 607, 621, 624, 604, 593, 588, 515, 587, 614, 485, 495, 555, 558, 554, 581, 579, 557, 544, 493, 533, 507, 549, 598, 612, 572, 566, 613, 501, 448, 540, 605, 595, 516, 487, 555, 535, 468, 550, 673, 551, 541, 631, 616, 560, 471, 509, 531, 493, 506, 645, 663, 524, 499, 550, 551, 501, 497, 601, 590, 531, 544, 583, 593, 531, 482, 604, 583, 534, 540, 552, 604, 573, 571, 598, 587, 555, 568, 628, 590, 524, 579, 637, 603, 589, 641, 578, 500, 476, 545, 629, 528, 503, 540, 561, 545, 499, 517, 612, 527, 437, 492, 506, 598, 525, 436, 585, 541, 471, 579, 585, 639, 615, 521, 628, 607, 510, 562, 471, 525, 591, 548, 587, 564, 550, 574, 598, 565, 516, 575, 562, 511, 524, 602, 550, 565, 604, 619, 542, 505, 583, 600, 664, 503, 545, 575, 528, 564, 551, 554, 674, 566, 524, 567, 574, 605, 528, 532, 571, 582, 605, 626, 587, 634, 553, 537, 501, 439, 595, 670, 563, 484, 509, 588, 549, 514, 614, 561, 501, 506, 560, 559, 490, 443, 575, 547, 490, 458, 486, 553, 532, 566, 545, 558, 577, 554, 570, 564, 546, 590, 531, 608, 615, 584, 584, 552, 533, 571, 503, 519, 603, 669, 569, 516, 514, 446, 474, 504, 531, 610, 589, 588, 552, 577, 618, 583, 626, 589, 542, 641, 592, 558, 628, 637, 574, 580, 605, 680, 611, 511, 534, 506, 576, 584, 586, 618, 614, 617, 575, 494, 566, 611, 588, 608, 615, 633, 567, 575, 552, 563, 595, 569, 544, 532, 477, 595, 618, 533, 608, 612, 587, 555, 635, 715, 537, 451, 650, 666, 568, 473, 522, 556, 506, 493, 662, 623, 624, 628, 565, 504, 566, 631, 618, 548, 594, 589, 474, 496, 588, 588, 561, 607, 626, 562, 465, 565, 646, 617, 516, 563, 634, 515, 455, 491, 531, 528, 483, 604, 629, 572, 491, 527, 595, 535, 545, 602, 629, 571, 494, 578, 696, 684, 524, 579, 692, 697, 598, 641, 717, 655, 604, 1069, 869, 999, 826, 817, 833, 1328, 1526, 5456, 2440, 3802, 3167, 3222, 2218, 5573, 7743, 10151, 3916, 6731, 5876, 6130, 3393, 9326, 13857, 6701, 2806, 4176, 4169, 4183, 2395, 5624, 8633, 16160, 3609, 12946, 12557, 7626, 2895, 14539, 22588, 28432, 8235, 28109, 25560, 13290, 5707, 30724, 43897, 20288, 9032, 23683, 20481, 9326, 6249, 25452, 33842, 7096, 3885, 8178, 6919, 3497, 2918, 8955, 11655, 1808, 2006, 3046, 2146, 1442, 1272, 3486, 3896, 1464, 3629, 3475, 1772, 1184, 2203, 3697, 2725, 2638, 4752, 4294, 2113, 1455, 2977, 4544, 3337, 2398, 3965, 3771, 2014, 1116, 2537, 3906, 3193, 1379, 2063, 1916, 1199, 775, 1362, 1981, 1660, 965, 1141, 1387, 1056, 705, 733, 1239, 1281, 924, 1038, 1317, 1081, 703, 742, 1208, 1316, 733, 1108, 1248, 983, 602, 793, 1180, 1098, 660, 959, 1058, 897, 604, 695, 925, 841, 783, 727, 682, 694, 630, 673, 646, 667, 618, 711, 664, 604, 568, 602, 642, 591, 707, 870, 783, 540, 623, 639, 607, 625, 740, 1105, 971, 597, 855, 783, 775, 738, 1061, 1853, 1795, 928, 959, 1163, 1281, 1033, 1275, 2528, 2410, 1234, 1013, 1417, 1695, 1220, 1248, 2514, 2467, 1235, 1043, 1229, 1516, 1315, 1523, 2980, 2875, 1298, 1096, 1566, 1951, 1480, 2186, 3030, 2445, 1568, 1463, 2056, 2173, 1525, 2342, 2439, 2138, 2064, 1765, 1940, 1690, 1525, 2251, 2559, 2753, 2817, 2210, 2003, 1754, 1756, 2366, 2930, 3160, 3224, 2309, 2557, 2426, 2078, 2081, 2546, 2933, 2873, 1929, 2328, 2492, 2073, 1153, 1325, 1694, 1655, 1157, 1535, 1587, 1353, 848, 763, 969, 992, 729, 944, 990, 931, 876, 833, 769, 814, 744, 754, 732, 694, 724, 771, 833, 859, 776, 769, 751, 561, 698, 708, 846, 879, 789, 688, 735, 743, 681, 594, 686, 711, 646, 623, 741, 823, 704, 673, 683, 661, 605, 667, 749, 714, 754, 723, 669, 656, 624, 644, 741, 681, 790, 680, 548, 596, 653, 612, 585, 725, 766, 676, 634, 639, 813, 762, 589, 758, 592, 555, 717, 683, 641, 687, 651, 644, 581, 629, 777, 696, 567, 673, 741, 693, 646, 666, 797, 766, 718, 735, 779, 786, 592, 701, 832, 765, 665, 666, 706, 682, 671, 581, 716, 726, 669, 549, 688, 832, 633, 634, 665, 658, 580, 551, 636, 669, 671, 633, 620, 682, 730, 625, 635, 712, 650, 574, 640, 636, 682, 617, 604, 719, 561, 494, 587, 593, 564, 558, 557, 608, 588, 591, 633, 577, 601, 616, 679, 683, 583, 665, 663, 666, 749, 661, 618, 628, 655, 575, 660, 680, 602, 617, 575, 626, 524, 506, 566, 610, 506, 521, 516, 519, 447, 466, 575, 617, 534, 512, 512, 528, 544, 500, 543, 588, 569, 557, 697, 672, 778, 670, 766, 814, 695, 716, 1108, 1139, 806, 743, 870, 933, 766, 720, 1085, 1147, 717, 700, 644, 868, 828, 728, 863, 871, 800, 627, 690, 937, 937, 706, 1022, 1201, 815, 767, 742, 729, 731, 739, 996, 1021, 832, 704, 632, 718, 709, 657, 825, 924, 801, 641, 646, 779, 715, 591, 797, 964, 631, 621, 674, 713, 606, 521, 681, 721, 635, 789, 811, 715, 615, 534, 730, 732, 644, 1130, 1064, 689, 617, 739, 981, 743, 682, 1213, 1235, 795, 660, 952, 1272, 908, 726, 1045, 1109, 775, 627, 924, 1232, 950, 688, 677, 795, 759, 565, 637, 781, 792, 517, 562, 663, 597, 486, 596, 747, 696, 637, 816, 839, 699, 564, 765, 945, 717, 544, 683, 658, 563, 566, 639, 664, 563, 568, 550, 470, 444, 505, 577, 491, 467, 560, 554, 501, 523, 563, 465, 496, 554, 489, 568, 628, 584, 513, 512, 655, 607, 548, 599, 596, 575, 421, 544, 612, 541, 471, 506, 558, 491, 422, 463, 469, 436, 437, 495, 441, 365, 355, 425, 408, 361, 457, 461, 477, 418, 438, 451, 439, 444, 545, 403, 389, 451, 497, 491, 443, 493, 462, 486, 431, 388, 490, 545, 444, 420]"
-0.529684841632843,-0.3183481693267822,0.7137222290039062,0.014773890376091003,-0.2811943590641022,1.109490990638733,0.1676906943321228,-1.623428463935852,1.3243675231933594,15.5,-1.4124280214309692,1.1538505554199219,24.5,-0.8313542604446411,0.8604526519775391,26.0,-0.6561166048049927,0.8166790008544922,27.25,-0.39361774921417236,0.8505821228027344,26.75,"[372, 533, 743, 706, 531, 705, 743, 522, 490, 568, 634, 577, 559, 668, 744, 602, 571, 599, 587, 540, 579, 623, 628, 574, 562, 585, 562, 506, 515, 560, 514, 473, 567, 543, 499, 436, 502, 517, 458, 499, 477, 534, 475, 457, 571, 574, 557, 504, 444, 503, 505, 447, 512, 551, 600, 526, 463, 618, 657, 538, 447, 537, 631, 544, 600, 568, 584, 561, 426, 441, 519, 585, 532, 565, 599, 495, 459, 519, 521, 543, 518, 514, 510, 463, 469, 591, 529, 456, 569, 545, 505, 475, 484, 595, 536, 498, 573, 551, 539, 469, 406, 562, 566, 551, 671, 658, 557, 524, 561, 546, 573, 619, 624, 642, 552, 545, 549, 556, 607, 613, 676, 651, 477, 591, 700, 569, 581, 593, 534, 540, 488, 453, 547, 575, 551, 519, 537, 585, 499, 509, 589, 598, 528, 545, 508, 483, 442, 518, 481, 407, 499, 553, 621, 650, 623, 579, 558, 547, 573, 603, 581, 493, 460, 531, 635, 589, 528, 583, 569, 578, 543, 550, 617, 590, 582, 668, 559, 602, 599, 575, 607, 607, 561, 598, 517, 470, 464, 507, 556, 560, 443, 542, 534, 571, 506, 471, 472, 543, 510, 511, 645, 643, 627, 588, 534, 596, 635, 618, 660, 465, 535, 570, 542, 573, 649, 711, 484, 454, 522, 551, 395, 474, 583, 542, 399, 487, 542, 543, 409, 494, 520, 384, 487, 574, 554, 570, 513, 525, 530, 449, 497, 546, 608, 645, 613, 572, 563, 503, 522, 542, 572, 602, 555, 606, 588, 541, 536, 599, 658, 544, 456, 541, 582, 561, 612, 528, 611, 620, 555, 547, 590, 676, 623, 477, 520, 533, 486, 450, 643, 753, 561, 598, 535, 575, 608, 530, 561, 550, 536, 585, 506, 414, 411, 449, 490, 463, 549, 595, 549, 563, 535, 553, 586, 525, 485, 524, 439, 557, 572, 515, 540, 492, 506, 591, 547, 523, 604, 567, 533, 482, 528, 515, 436, 494, 643, 610, 457, 466, 627, 638, 508, 523, 635, 684, 556, 468, 626, 659, 510, 620, 670, 594, 581, 573, 564, 527, 594, 646, 603, 593, 566, 606, 563, 638, 610, 516, 518, 646, 622, 531, 576, 630, 631, 537, 515, 581, 643, 588, 631, 669, 633, 564, 643, 680, 617, 619, 547, 611, 647, 557, 658, 675, 525, 480, 530, 578, 594, 568, 622, 612, 420, 427, 755, 794, 684, 612, 675, 693, 606, 615, 733, 670, 672, 685, 678, 637, 711, 810, 2601, 1404, 1664, 1482, 1594, 1369, 2236, 3227, 7127, 2541, 4076, 3767, 3972, 2226, 5583, 9082, 8423, 2031, 4638, 4863, 4531, 1775, 6176, 10628, 9096, 1403, 7434, 7567, 4580, 1169, 8130, 12759, 12427, 3351, 13354, 12229, 5938, 2188, 13932, 19810, 11949, 6224, 16537, 13873, 5849, 3715, 16750, 21822, 9424, 7289, 15958, 12518, 4562, 4762, 16287, 19599, 5321, 4928, 9060, 6799, 2558, 3148, 9158, 10827, 3764, 7659, 10137, 6226, 2028, 4006, 8600, 8411, 2321, 5865, 8364, 5469, 1432, 3425, 7433, 7265, 1226, 1871, 3101, 2376, 869, 1225, 2656, 2857, 854, 817, 1128, 961, 675, 624, 1070, 1217, 687, 758, 931, 852, 641, 711, 913, 937, 633, 747, 981, 836, 612, 659, 916, 994, 744, 817, 998, 824, 594, 660, 904, 953, 890, 1209, 1196, 775, 714, 906, 1017, 922, 979, 1940, 1852, 815, 932, 1219, 1086, 808, 931, 1752, 1623, 740, 835, 962, 947, 697, 756, 1052, 924, 536, 675, 704, 736, 639, 761, 764, 804, 647, 558, 701, 701, 662, 684, 776, 862, 674, 523, 653, 817, 835, 1001, 1202, 1093, 887, 797, 889, 824, 904, 1150, 1967, 2052, 1469, 937, 1324, 1389, 1012, 1261, 2419, 2949, 2027, 1079, 1537, 1834, 1486, 1149, 2480, 3019, 1938, 882, 1298, 1837, 1688, 1212, 2482, 2624, 1485, 822, 1281, 1775, 1541, 1690, 2725, 2725, 1955, 1255, 1624, 1937, 1519, 1941, 2484, 3052, 2864, 1579, 1712, 2014, 1666, 1610, 2180, 3131, 3082, 1568, 1960, 2459, 1395, 1127, 1483, 2093, 2005, 1108, 1522, 1914, 1017, 793, 1020, 1318, 1212, 783, 860, 924, 919, 916, 796, 840, 845, 761, 739, 822, 925, 767, 658, 640, 774, 656, 607, 766, 710, 744, 724, 734, 800, 686, 601, 663, 664, 772, 840, 628, 766, 809, 722, 691, 653, 625, 637, 633, 706, 641, 619, 679, 630, 613, 638, 580, 523, 491, 600, 603, 559, 659, 623, 672, 752, 601, 602, 630, 505, 630, 590, 773, 763, 669, 707, 612, 552, 695, 703, 766, 817, 781, 760, 640, 593, 739, 678, 714, 727, 731, 641, 677, 758, 696, 570, 821, 823, 665, 660, 692, 778, 718, 652, 799, 794, 585, 608, 537, 624, 702, 615, 638, 662, 579, 510, 497, 718, 730, 549, 572, 604, 629, 560, 529, 705, 667, 575, 515, 517, 493, 559, 574, 593, 724, 549, 602, 705, 682, 668, 601, 717, 608, 477, 596, 692, 654, 653, 611, 622, 680, 592, 562, 647, 580, 587, 615, 687, 633, 588, 624, 628, 585, 549, 624, 694, 649, 597, 678, 696, 675, 667, 753, 818, 676, 556, 628, 735, 763, 601, 825, 967, 759, 676, 835, 811, 799, 741, 1208, 1212, 880, 577, 885, 906, 852, 750, 1235, 1400, 765, 586, 690, 743, 738, 764, 977, 1005, 636, 565, 585, 674, 623, 616, 728, 700, 668, 591, 766, 721, 587, 607, 797, 865, 754, 641, 661, 720, 718, 605, 738, 824, 684, 587, 655, 727, 756, 572, 696, 801, 845, 638, 612, 696, 734, 669, 782, 888, 959, 601, 714, 878, 791, 752, 900, 1051, 1187, 1054, 1104, 889, 840, 889, 1010, 1254, 1102, 1242, 1239, 806, 757, 920, 1387, 1505, 945, 863, 973, 793, 734, 641, 1086, 1305, 796, 781, 868, 718, 675, 700, 803, 920, 700, 821, 916, 717, 611, 692, 777, 723, 726, 921, 951, 829, 720, 725, 691, 630, 618, 796, 819, 632, 546, 647, 653, 644, 606, 701, 720, 585, 524, 591, 641, 580, 554, 655, 696, 578, 462, 558, 618, 554, 610, 704, 775, 602, 501, 626, 669, 656, 648, 702, 632, 468, 588, 655, 652, 630, 682, 657, 532, 579, 641, 621, 630, 639, 607, 619, 621, 674, 608, 661, 683, 556, 515, 410, 500, 602, 572, 473, 447, 539, 462, 411, 491, 473, 453, 448, 460, 514, 549, 462, 480, 495, 507, 454, 392, 518]"
-0.43257856369018555,-0.2320481538772583,0.9123138189315796,0.22019943594932556,-0.12457393109798431,1.1727707386016846,0.3603796362876892,-1.7468394041061401,1.3288021087646484,17.25,-1.3438643217086792,1.1571407318115234,21.5,-0.9878100156784058,1.1278152465820312,-30.0,-0.9381712675094604,0.98419189453125,27.25,-0.921005129814148,1.1336803436279297,-30.75,"[467, 516, 667, 619, 473, 621, 666, 514, 544, 505, 641, 663, 504, 574, 603, 553, 505, 533, 601, 534, 489, 526, 507, 463, 412, 448, 525, 494, 418, 480, 487, 383, 428, 500, 491, 461, 439, 465, 506, 406, 543, 558, 506, 517, 527, 516, 503, 540, 458, 499, 524, 510, 546, 550, 469, 516, 520, 574, 594, 541, 564, 495, 512, 570, 532, 502, 522, 494, 491, 467, 490, 561, 500, 518, 507, 500, 545, 557, 479, 519, 540, 502, 537, 541, 581, 531, 510, 543, 483, 557, 591, 645, 547, 493, 584, 598, 504, 610, 613, 596, 571, 497, 517, 522, 480, 518, 596, 639, 534, 580, 608, 522, 502, 505, 543, 526, 574, 605, 528, 473, 648, 614, 561, 584, 584, 510, 525, 601, 616, 495, 434, 507, 509, 503, 492, 596, 594, 502, 494, 518, 597, 519, 493, 601, 604, 627, 614, 608, 597, 600, 652, 660, 564, 578, 629, 598, 502, 589, 666, 652, 509, 548, 626, 563, 536, 584, 515, 525, 611, 610, 524, 548, 536, 508, 500, 586, 542, 516, 531, 522, 521, 505, 521, 625, 500, 511, 530, 521, 529, 528, 474, 476, 549, 475, 511, 560, 544, 513, 559, 572, 530, 635, 536, 554, 652, 527, 588, 588, 573, 526, 530, 615, 625, 588, 676, 678, 570, 536, 458, 533, 575, 490, 504, 548, 485, 496, 573, 517, 509, 524, 566, 567, 561, 525, 528, 526, 478, 469, 519, 584, 682, 598, 466, 484, 543, 468, 445, 543, 569, 610, 625, 509, 477, 525, 520, 511, 587, 529, 533, 525, 496, 499, 486, 551, 558, 461, 541, 533, 461, 506, 513, 575, 507, 480, 536, 483, 500, 523, 519, 546, 526, 519, 488, 435, 485, 514, 415, 423, 484, 416, 497, 525, 530, 524, 472, 468, 551, 497, 448, 522, 614, 596, 554, 588, 544, 575, 556, 546, 544, 597, 622, 600, 600, 625, 584, 597, 499, 584, 593, 606, 582, 527, 558, 609, 552, 511, 554, 612, 544, 565, 524, 574, 582, 527, 512, 603, 566, 656, 684, 746, 635, 585, 678, 636, 677, 761, 762, 741, 663, 584, 652, 676, 655, 660, 608, 604, 676, 631, 571, 600, 702, 668, 626, 601, 690, 677, 593, 646, 689, 683, 616, 589, 692, 618, 589, 683, 695, 678, 629, 621, 628, 530, 681, 737, 538, 534, 555, 591, 531, 487, 558, 617, 620, 557, 580, 624, 570, 533, 616, 657, 552, 582, 554, 550, 534, 566, 588, 528, 607, 594, 607, 610, 624, 639, 712, 657, 624, 619, 647, 687, 668, 541, 626, 641, 1074, 747, 946, 822, 855, 796, 1290, 1561, 3550, 1559, 2387, 2065, 2077, 1364, 3181, 4755, 6181, 2336, 3597, 3577, 3116, 1804, 4690, 7684, 11324, 2026, 7407, 7626, 5145, 2023, 8835, 14794, 22520, 3850, 19330, 18259, 10054, 3298, 21541, 32757, 22379, 5561, 21944, 19758, 9783, 3949, 24010, 34582, 11366, 7707, 14353, 11301, 4870, 4415, 14809, 18902, 3557, 11502, 12853, 6912, 1688, 5357, 8413, 5855, 1837, 9359, 11576, 6628, 1402, 4361, 8240, 7119, 705, 3668, 4644, 2706, 685, 2084, 3900, 3407, 815, 1609, 2117, 1398, 662, 1178, 1922, 1846, 680, 1382, 1640, 1110, 694, 848, 1410, 1351, 817, 1717, 1792, 1047, 834, 1070, 1385, 1136, 794, 1567, 1556, 876, 773, 907, 1156, 940, 685, 1025, 1049, 699, 705, 778, 748, 728, 799, 880, 948, 684, 665, 801, 739, 792, 702, 744, 787, 613, 577, 635, 647, 733, 637, 834, 922, 704, 639, 613, 629, 621, 647, 962, 997, 682, 617, 716, 671, 469, 519, 883, 1075, 830, 617, 871, 773, 556, 769, 2034, 2439, 1479, 739, 1014, 1194, 1152, 1272, 2875, 3181, 1686, 995, 1438, 1520, 1374, 1288, 2087, 2126, 1138, 880, 1330, 1284, 1103, 1333, 2136, 1729, 776, 869, 1316, 1301, 805, 1635, 3005, 2426, 857, 1117, 1558, 1972, 1024, 1381, 2370, 1903, 825, 977, 1539, 1862, 1092, 1126, 1964, 1791, 1050, 1028, 1329, 1546, 1019, 1043, 1807, 1663, 1000, 858, 1162, 1366, 921, 978, 1273, 1278, 1027, 748, 905, 1054, 917, 686, 1076, 1160, 935, 766, 865, 837, 711, 912, 1112, 1168, 951, 904, 971, 843, 854, 794, 885, 814, 702, 803, 873, 732, 701, 735, 727, 664, 659, 848, 764, 705, 717, 773, 827, 896, 967, 981, 907, 918, 926, 858, 874, 909, 893, 831, 741, 826, 842, 717, 851, 740, 619, 771, 780, 706, 643, 822, 767, 754, 706, 819, 811, 754, 827, 714, 660, 627, 596, 684, 709, 698, 791, 664, 576, 677, 688, 597, 584, 678, 768, 649, 543, 618, 615, 557, 607, 762, 764, 645, 649, 676, 732, 637, 560, 709, 756, 647, 605, 736, 784, 644, 581, 819, 858, 728, 668, 686, 696, 705, 715, 910, 889, 722, 594, 642, 644, 702, 647, 679, 763, 576, 614, 644, 638, 625, 628, 569, 538, 707, 690, 692, 703, 559, 621, 684, 609, 667, 635, 648, 679, 555, 618, 691, 700, 718, 669, 673, 644, 679, 628, 567, 724, 838, 753, 674, 660, 706, 575, 657, 871, 755, 736, 630, 596, 593, 599, 672, 780, 754, 641, 670, 679, 668, 673, 709, 761, 758, 650, 635, 759, 694, 639, 710, 814, 761, 701, 665, 667, 718, 643, 645, 798, 734, 735, 581, 566, 710, 665, 622, 712, 754, 721, 659, 616, 604, 723, 741, 707, 751, 660, 673, 667, 604, 731, 781, 713, 615, 563, 656, 691, 632, 582, 686, 691, 658, 555, 661, 670, 712, 559, 661, 822, 792, 696, 790, 680, 706, 639, 782, 1005, 818, 783, 854, 689, 687, 622, 867, 1107, 781, 1009, 1229, 967, 775, 836, 1469, 1504, 815, 1200, 1383, 1055, 745, 1004, 1715, 1680, 625, 1014, 1202, 896, 588, 903, 1416, 1260, 564, 852, 880, 699, 568, 741, 1006, 873, 590, 712, 727, 604, 563, 619, 878, 864, 559, 615, 678, 571, 492, 564, 786, 703, 594, 650, 590, 557, 486, 615, 690, 562, 662, 610, 517, 445, 443, 582, 603, 590, 539, 482, 501, 520, 495, 472, 556, 616, 460, 589, 575, 460, 510, 622, 656, 503, 598, 582, 612, 551, 544, 500, 574, 627, 485, 432, 490, 443, 410, 455, 489, 496, 502, 473, 443, 492, 478, 511, 528, 451, 437, 432, 491, 468, 406, 472, 513, 479, 391, 414, 451, 443, 420, 444, 431, 385]"
-0.3861671984195709,-0.2702072560787201,1.089493989944458,0.2956942915916443,-0.12988890707492828,1.2026022672653198,0.3956088423728943,-1.3550297021865845,1.2196540832519531,16.25,-1.1348739862442017,1.242828369140625,27.0,-0.893832802772522,0.9259700775146484,18.5,-0.696851372718811,0.9005069732666016,30.5,-0.3865734338760376,0.7802009582519531,16.75,"[530, 600, 638, 651, 676, 650, 637, 601, 532, 650, 659, 670, 680, 725, 622, 490, 512, 636, 633, 640, 628, 630, 535, 414, 592, 573, 606, 662, 580, 498, 481, 516, 517, 558, 554, 500, 532, 465, 440, 497, 535, 499, 535, 558, 542, 491, 550, 580, 411, 515, 563, 548, 503, 575, 606, 501, 487, 553, 525, 488, 434, 519, 535, 461, 560, 503, 487, 479, 482, 513, 524, 502, 638, 577, 571, 674, 630, 551, 482, 597, 677, 600, 498, 518, 663, 659, 517, 592, 664, 611, 512, 627, 626, 560, 514, 588, 515, 511, 501, 490, 416, 448, 474, 496, 539, 485, 544, 552, 457, 447, 547, 604, 518, 531, 571, 601, 521, 505, 577, 585, 448, 488, 612, 608, 565, 568, 568, 527, 541, 564, 514, 557, 541, 457, 412, 452, 513, 587, 601, 571, 508, 534, 578, 520, 444, 481, 561, 554, 466, 550, 597, 538, 543, 517, 574, 587, 580, 617, 569, 513, 578, 486, 568, 640, 586, 613, 567, 592, 521, 512, 491, 604, 588, 525, 457, 488, 534, 562, 580, 580, 519, 556, 543, 563, 686, 654, 588, 565, 569, 577, 611, 584, 605, 605, 585, 592, 530, 533, 536, 588, 572, 505, 492, 590, 600, 626, 576, 512, 540, 577, 583, 529, 561, 598, 602, 515, 439, 533, 623, 593, 528, 552, 535, 415, 467, 509, 587, 521, 508, 545, 464, 421, 581, 653, 676, 596, 499, 544, 543, 520, 536, 634, 621, 611, 642, 555, 575, 520, 610, 647, 588, 607, 619, 579, 569, 558, 470, 456, 522, 560, 512, 575, 532, 476, 474, 533, 517, 491, 493, 502, 557, 523, 581, 582, 471, 504, 584, 592, 531, 569, 610, 644, 540, 535, 564, 503, 466, 550, 431, 517, 516, 493, 472, 415, 544, 505, 479, 499, 488, 519, 567, 530, 551, 587, 495, 478, 563, 559, 565, 557, 534, 563, 565, 613, 627, 617, 719, 654, 558, 536, 574, 574, 532, 542, 634, 553, 514, 596, 601, 624, 579, 545, 597, 573, 477, 570, 580, 533, 551, 561, 543, 577, 550, 540, 601, 589, 588, 566, 515, 609, 623, 589, 594, 564, 655, 677, 466, 566, 648, 557, 651, 604, 574, 623, 537, 611, 686, 582, 632, 518, 538, 603, 507, 573, 559, 600, 610, 626, 608, 598, 538, 564, 628, 636, 591, 565, 560, 589, 596, 599, 574, 614, 634, 595, 505, 590, 692, 575, 512, 562, 617, 749, 682, 599, 663, 651, 648, 558, 639, 740, 740, 696, 630, 660, 721, 587, 675, 711, 647, 580, 604, 755, 672, 502, 649, 678, 646, 569, 599, 752, 687, 580, 607, 596, 584, 610, 667, 657, 590, 564, 702, 670, 641, 651, 657, 689, 790, 769, 1670, 1243, 1387, 1152, 1279, 1236, 1853, 2243, 3583, 1876, 2594, 2121, 2482, 1867, 3488, 4910, 3081, 1711, 2093, 2151, 2296, 1604, 2684, 3790, 8836, 3942, 7062, 5989, 4801, 3570, 9400, 12861, 12552, 5374, 11175, 9432, 7503, 4764, 14815, 19604, 5820, 4909, 9276, 7656, 4266, 3943, 10416, 11833, 3065, 4059, 6569, 4862, 1568, 2843, 6184, 6616, 2328, 3631, 4678, 3033, 1529, 1991, 3828, 4029, 2871, 4542, 5219, 3577, 1890, 2530, 3807, 3931, 3186, 7079, 10094, 6867, 1937, 3584, 6783, 7142, 2395, 6510, 9600, 6473, 1387, 3253, 6764, 7096, 1174, 2683, 3941, 2643, 874, 1676, 2896, 2994, 720, 1245, 1346, 895, 667, 823, 1008, 980, 596, 720, 778, 700, 563, 572, 707, 764, 549, 725, 782, 725, 614, 587, 642, 597, 532, 651, 725, 612, 570, 692, 600, 518, 558, 605, 719, 638, 505, 642, 645, 559, 560, 659, 833, 703, 537, 690, 705, 652, 654, 941, 979, 640, 599, 711, 791, 724, 545, 752, 967, 913, 654, 726, 974, 907, 1106, 3185, 3583, 2015, 1008, 1235, 1995, 1828, 2292, 6034, 6409, 3224, 1505, 2034, 3438, 2736, 2481, 5496, 5395, 2542, 1480, 2066, 3166, 2084, 1961, 3691, 3428, 1816, 1242, 1534, 2281, 1609, 1526, 2697, 2854, 1765, 1059, 1569, 2108, 1645, 1477, 2124, 2005, 1270, 1142, 1529, 1826, 1453, 1551, 1892, 1495, 1207, 1202, 1407, 1620, 1327, 1363, 1551, 1340, 1293, 1141, 1266, 1386, 1114, 951, 1238, 1196, 945, 993, 1085, 945, 787, 892, 1121, 1112, 851, 949, 936, 807, 818, 586, 792, 878, 693, 604, 749, 646, 602, 596, 747, 869, 754, 628, 652, 759, 699, 651, 740, 783, 801, 720, 712, 812, 753, 788, 750, 605, 664, 695, 659, 700, 813, 739, 683, 544, 631, 681, 612, 584, 713, 782, 678, 613, 655, 605, 571, 573, 632, 612, 655, 695, 665, 621, 639, 749, 668, 705, 718, 708, 709, 767, 704, 814, 829, 686, 689, 770, 752, 712, 744, 878, 882, 696, 674, 727, 669, 680, 652, 671, 743, 883, 806, 915, 877, 795, 709, 722, 848, 763, 727, 778, 667, 681, 691, 630, 712, 580, 593, 682, 690, 642, 617, 660, 683, 610, 578, 666, 661, 659, 685, 617, 697, 631, 565, 638, 666, 568, 543, 606, 670, 709, 666, 619, 608, 661, 670, 667, 702, 843, 644, 571, 635, 770, 737, 713, 843, 923, 797, 574, 543, 755, 784, 650, 748, 782, 634, 573, 490, 590, 707, 678, 733, 579, 574, 548, 451, 552, 645, 526, 506, 610, 670, 715, 627, 534, 531, 648, 699, 725, 596, 663, 694, 584, 605, 643, 725, 757, 621, 534, 621, 694, 618, 554, 727, 708, 640, 657, 629, 648, 678, 700, 747, 621, 600, 612, 615, 674, 674, 663, 665, 636, 624, 666, 657, 666, 653, 645, 711, 568, 615, 602, 582, 686, 627, 497, 540, 631, 775, 762, 680, 585, 574, 678, 665, 624, 971, 912, 656, 557, 663, 813, 704, 547, 976, 1025, 666, 554, 769, 1109, 897, 624, 773, 832, 631, 554, 645, 841, 830, 670, 839, 894, 674, 615, 621, 706, 749, 710, 940, 984, 666, 621, 610, 724, 771, 553, 704, 719, 606, 535, 458, 638, 609, 520, 525, 550, 510, 475, 393, 487, 547, 478, 519, 526, 500, 456, 554, 600, 517, 464, 539, 528, 530, 465, 578, 602, 502, 434, 524, 551, 453, 453, 507, 523, 517, 521, 450, 428, 448, 459, 547, 500, 480, 543, 504, 478, 526, 521, 522, 489, 451, 468, 484, 492, 530, 431, 484, 499, 445, 400, 469, 476, 478, 417, 476, 522, 402]"
-0.35461974143981934,-0.2831961512565613,1.209754228591919,0.3352551758289337,0.0,0.0,0.0,-2.003286838531494,1.645803451538086,16.0,-1.2548432350158691,1.286458969116211,21.25,-0.9285435676574707,1.082611083984375,28.75,-0.7866368293762207,1.0172367095947266,27.75,-0.47736024856567383,0.9079456329345703,15.25,"[590, 608, 618, 551, 592, 552, 613, 609, 592, 548, 477, 489, 577, 622, 632, 571, 528, 584, 635, 585, 580, 581, 608, 630, 521, 530, 598, 577, 547, 601, 583, 584, 478, 503, 531, 568, 555, 525, 511, 497, 495, 493, 490, 467, 439, 526, 541, 506, 497, 487, 456, 408, 428, 494, 536, 523, 433, 503, 536, 536, 506, 455, 516, 538, 510, 499, 484, 527, 603, 480, 495, 547, 488, 509, 530, 552, 557, 528, 524, 526, 467, 546, 565, 558, 520, 495, 580, 506, 529, 572, 528, 457, 477, 572, 586, 494, 568, 559, 513, 504, 560, 576, 548, 571, 554, 556, 515, 493, 536, 546, 444, 480, 503, 513, 465, 430, 512, 584, 562, 570, 423, 545, 539, 492, 503, 563, 619, 506, 535, 583, 561, 524, 513, 571, 598, 535, 515, 539, 512, 471, 532, 603, 502, 435, 533, 527, 560, 525, 537, 509, 465, 532, 493, 584, 599, 538, 497, 586, 605, 526, 525, 483, 532, 513, 464, 510, 506, 528, 631, 555, 547, 616, 600, 515, 586, 654, 532, 537, 419, 446, 614, 581, 484, 508, 461, 452, 503, 505, 535, 551, 481, 462, 554, 513, 541, 591, 532, 592, 532, 453, 574, 469, 498, 634, 586, 612, 524, 436, 565, 558, 546, 664, 629, 555, 570, 577, 488, 532, 602, 621, 560, 582, 617, 536, 561, 571, 594, 543, 642, 597, 543, 564, 584, 568, 628, 676, 654, 542, 542, 608, 607, 557, 527, 657, 683, 555, 554, 597, 576, 609, 589, 609, 550, 482, 543, 534, 530, 584, 599, 551, 479, 496, 488, 508, 509, 500, 622, 617, 511, 492, 542, 591, 589, 630, 658, 670, 572, 458, 494, 543, 684, 590, 593, 641, 648, 555, 427, 610, 770, 545, 575, 630, 520, 485, 474, 711, 721, 601, 579, 585, 546, 566, 604, 651, 666, 630, 533, 565, 607, 592, 656, 680, 626, 636, 521, 495, 575, 591, 560, 612, 539, 521, 558, 461, 519, 577, 632, 551, 563, 497, 565, 607, 705, 631, 524, 571, 621, 539, 596, 600, 520, 589, 508, 530, 638, 589, 566, 598, 578, 610, 566, 563, 620, 554, 553, 534, 485, 557, 465, 546, 615, 604, 555, 560, 534, 599, 579, 568, 560, 533, 478, 446, 513, 532, 502, 525, 645, 653, 582, 577, 601, 500, 562, 589, 487, 537, 636, 597, 588, 516, 602, 649, 500, 459, 559, 601, 643, 600, 605, 623, 559, 553, 548, 515, 613, 676, 609, 620, 595, 610, 643, 651, 609, 595, 607, 623, 540, 533, 567, 655, 625, 469, 620, 633, 582, 660, 627, 579, 533, 510, 629, 655, 640, 663, 580, 576, 592, 558, 619, 634, 633, 614, 506, 560, 558, 576, 640, 664, 624, 573, 510, 475, 520, 513, 614, 659, 588, 710, 698, 588, 514, 591, 787, 701, 1394, 1207, 1309, 918, 994, 1142, 1650, 1737, 2894, 1683, 2149, 1651, 2027, 1611, 3015, 4016, 2785, 1446, 1772, 1640, 2172, 1446, 2494, 3627, 5294, 2305, 4359, 4050, 3200, 2271, 5403, 7450, 11898, 3917, 10338, 9237, 6694, 3557, 12942, 17934, 11828, 5018, 12147, 10207, 6554, 4073, 14922, 19478, 7703, 4976, 10102, 7756, 3956, 4026, 12302, 14689, 4988, 3234, 6229, 4902, 2569, 2736, 8193, 9539, 3320, 2854, 4504, 3493, 1865, 2344, 5922, 6553, 1803, 1797, 2617, 2216, 1344, 1753, 3669, 3751, 1069, 800, 1447, 1316, 783, 941, 1529, 1600, 682, 748, 1145, 967, 545, 672, 1041, 1165, 651, 760, 984, 834, 586, 671, 735, 754, 648, 1304, 1648, 1100, 560, 952, 1137, 1028, 559, 1910, 2427, 1537, 635, 1231, 1447, 1252, 565, 1505, 1944, 1277, 666, 966, 1300, 1316, 736, 781, 1001, 876, 603, 511, 796, 1022, 995, 948, 1053, 1017, 832, 717, 776, 935, 1070, 1213, 1213, 1066, 898, 928, 841, 938, 981, 1325, 1360, 1062, 775, 825, 948, 925, 1231, 2877, 3359, 2131, 1125, 1414, 1858, 1599, 1734, 4606, 5189, 2982, 1459, 1967, 2643, 2151, 1819, 3756, 3660, 2040, 1384, 1739, 1860, 1324, 1406, 1999, 1882, 1439, 1241, 1293, 1294, 916, 1295, 1471, 1464, 1432, 1245, 1007, 1120, 1135, 1371, 1551, 1542, 1438, 1269, 1137, 1055, 1140, 1427, 1634, 1781, 1655, 1387, 1123, 1293, 1334, 1087, 1231, 1433, 1387, 1103, 920, 1075, 1066, 792, 789, 955, 913, 828, 815, 750, 810, 723, 716, 796, 775, 805, 631, 677, 889, 697, 647, 705, 666, 572, 634, 660, 705, 886, 762, 722, 738, 663, 768, 677, 771, 764, 673, 677, 781, 785, 701, 658, 781, 642, 659, 674, 678, 592, 590, 669, 665, 591, 595, 703, 694, 533, 506, 635, 678, 660, 700, 709, 649, 626, 571, 594, 635, 661, 720, 794, 696, 633, 650, 641, 647, 661, 729, 736, 696, 675, 737, 766, 626, 655, 677, 745, 706, 611, 622, 757, 807, 735, 748, 847, 897, 821, 686, 738, 799, 823, 740, 789, 799, 716, 624, 690, 787, 695, 569, 617, 634, 607, 659, 625, 690, 636, 548, 631, 632, 639, 639, 569, 660, 604, 645, 620, 595, 649, 717, 652, 612, 682, 641, 565, 722, 737, 633, 668, 700, 751, 635, 806, 830, 679, 574, 961, 1092, 779, 637, 750, 823, 780, 593, 970, 1102, 593, 632, 659, 658, 618, 629, 605, 576, 631, 640, 634, 628, 605, 690, 653, 652, 612, 661, 734, 635, 532, 673, 760, 694, 674, 602, 689, 696, 615, 595, 616, 615, 670, 612, 702, 721, 652, 598, 544, 634, 715, 595, 593, 644, 635, 660, 609, 663, 799, 699, 695, 754, 660, 615, 730, 705, 766, 677, 683, 737, 638, 614, 583, 633, 683, 748, 674, 629, 574, 558, 580, 589, 552, 625, 680, 629, 542, 519, 639, 616, 656, 810, 768, 675, 573, 624, 827, 827, 817, 1166, 923, 604, 644, 890, 1072, 824, 831, 951, 779, 584, 662, 861, 979, 876, 717, 720, 840, 697, 649, 723, 922, 1005, 705, 784, 926, 756, 652, 765, 961, 1023, 718, 715, 860, 764, 567, 657, 943, 984, 673, 706, 901, 814, 556, 552, 844, 947, 570, 567, 555, 593, 568, 557, 594, 637, 534, 418, 437, 524, 499, 460, 456, 501, 388, 428, 570, 562, 499, 427, 431, 480, 417, 474, 554, 541, 478, 452, 447, 453, 417, 463, 522, 458, 441, 444, 371, 433, 497, 525, 472, 413, 370, 419, 394, 415]"
